0.000000 
0.000000 
0.000000 
0.000000 
0.000000 
0.000000 
0.000000 
0.000000 
0.000000 
0.000000 
0.000000 
0.000000 
0.000000 
0.000000 
0.000000 
0.000000 
0.000000 
0.000000 
0.000000 
0.000000 
0.000000 
0.000000 
0.000000 
0.000000 
0.000000 
0.000000 
0.000000 
0.000000 
0.000000 
0.000000 
0.000000 
0.000000 
0.000000 
0.000000 
0.000000 
0.000000 
0.000000 
0.000000 
0.000000 
0.000000 
0.000000 
0.000000 
0.000000 
0.000000 
0.000000 
0.000000 
0.000000 
0.000000 
0.000000 
0.000000 
0.000000 
0.000000 
0.000000 
0.000000 
0.000000 
0.000000 
0.000000 
0.000000 
0.000000 
0.000000 
0.000000 
0.000000 
0.000000 
0.000000 
0.000000 
0.000000 
0.000000 
0.000000 
0.000000 
0.000000 
0.000000 
0.000000 
0.000000 
0.000000 
0.000000 
0.000000 
0.000000 
0.000000 
0.000000 
0.000000 
0.000000 
0.000000 
0.000000 
0.000000 
0.000000 
0.000000 
0.000000 
0.000000 
0.000000 
0.000000 
0.000000 
0.000000 
0.000000 
0.000000 
0.000000 
0.000000 
0.000000 
0.000000 
0.000000 
0.000000 
0.000000 
0.000000 
0.000000 
0.000000 
0.000000 
0.000000 
0.000000 
0.000000 
0.000000 
0.000000 
0.000000 
0.000000 
0.000000 
0.000000 
0.000000 
0.000000 
0.000000 
0.000000 
0.000000 
0.000000 
0.000000 
0.000000 
0.000000 
0.000000 
0.000000 
0.000000 
0.000000 
0.000000 
0.000000 
0.000000 
0.000000 
0.000000 
0.000000 
0.000000 
0.000000 
0.000000 
0.000000 
0.000000 
0.000000 
0.000000 
0.000000 
0.000000 
0.000000 
0.000000 
0.000000 
0.000000 
0.000000 
0.000000 
0.000000 
0.000000 
0.000000 
0.000000 
0.000000 
0.000000 
0.000000 
0.000000 
0.000000 
0.000000 
0.000000 
0.000000 
0.000000 
0.000000 
0.000000 
0.000000 
0.000000 
0.000000 
0.000000 
0.000000 
0.000000 
0.000000 
0.000000 
0.000000 
0.000000 
0.000000 
0.000000 
0.000000 
0.000000 
0.000000 
0.000000 
0.000000 
0.000000 
0.000000 
0.000000 
0.000000 
0.000000 
0.000000 
0.000000 
0.000000 
0.000000 
0.000000 
0.000000 
0.000000 
0.000000 
0.000000 
0.000000 
0.000000 
0.000000 
0.000000 
0.000000 
0.000000 
0.000000 
0.000000 
0.000000 
0.000000 
0.000000 
0.000000 
0.000000 
0.000000 
0.000000 
0.000000 
0.000000 
0.000000 
0.000000 
0.000000 
0.000000 
0.000000 
0.000000 
0.000000 
0.000000 
0.000000 
0.000000 
0.000000 
0.000000 
0.000000 
0.000000 
0.000050 
0.000134 
0.000279 
0.000447 
0.000622 
0.001004 
0.001516 
0.001901 
0.001926 
0.002810 
0.003954 
0.004422 
0.005557 
0.007536 
0.007920 
0.008816 
0.008298 
0.011853 
0.015219 
0.018244 
0.015624 
0.024787 
0.024608 
0.027173 
0.027751 
0.024688 
0.026817 
0.027945 
0.026852 
0.024295 
0.028604 
0.023528 
0.030252 
0.022030 
0.024271 
0.023995 
0.022409 
0.023610 
0.022218 
0.026718 
0.025802 
0.029795 
0.028530 
0.032143 
0.027513 
0.037034 
0.038922 
0.034140 
0.044447 
0.046484 
0.052386 
0.048259 
0.050062 
0.052857 
0.048794 
0.063536 
0.061965 
0.055343 
0.050764 
0.061124 
0.059485 
0.054957 
0.067103 
0.058373 
0.073503 
0.062311 
0.053918 
0.078861 
0.072523 
0.082354 
0.067594 
0.071343 
0.077784 
0.084935 
0.083284 
0.075005 
0.083000 
0.081672 
0.080987 
0.088936 
0.067884 
0.092988 
0.088454 
0.075954 
0.071953 
0.091051 
0.124658 
0.096083 
0.088315 
0.094483 
0.097928 
0.088435 
0.102504 
0.090267 
0.124931 
0.111447 
0.111069 
0.120792 
0.124983 
0.106929 
0.132044 
0.125560 
0.135566 
0.164228 
0.171870 
0.191892 
0.199814 
0.175284 
0.224418 
0.234352 
0.265818 
0.263752 
0.255773 
0.254850 
0.252784 
0.254421 
0.269189 
0.213477 
0.241637 
0.196687 
0.244938 
0.231990 
0.270967 
0.284814 
0.229920 
0.252143 
0.268805 
0.286031 
0.245862 
0.276946 
0.300583 
0.288028 
0.295107 
0.345078 
0.269764 
0.297492 
0.433583 
0.437319 
0.541677 
0.481909 
0.552130 
0.439795 
0.518783 
0.435267 
0.582906 
0.633733 
0.658557 
0.683034 
0.843892 
0.769587 
0.817328 
0.673364 
0.724582 
0.752082 
0.686831 
0.631764 
0.565489 
0.560678 
0.510092 
0.655708 
0.611047 
0.661469 
0.725676 
0.628654 
0.729417 
0.638536 
0.739240 
0.579031 
0.634409 
0.543643 
0.560773 
0.631828 
0.527465 
0.559856 
0.588716 
0.660429 
0.674230 
0.701887 
0.788196 
0.656931 
0.658331 
0.684776 
0.913245 
0.781332 
0.646689 
0.818335 
0.767686 
0.661956 
0.580616 
0.502602 
0.613932 
0.623090 
0.804795 
0.675908 
0.841745 
0.848445 
0.832022 
1.035917 
0.979197 
0.923595 
0.998392 
0.937918 
0.862590 
1.058941 
0.954692 
1.015605 
0.858477 
0.953975 
1.012403 
1.051100 
0.976816 
1.093613 
1.143184 
1.132925 
1.232148 
1.185255 
1.051937 
0.959348 
1.294510 
1.011404 
1.319805 
1.407602 
1.416922 
1.095649 
1.279892 
1.330160 
1.529942 
1.392266 
1.305640 
1.317606 
1.405625 
1.743959 
1.168871 
1.638831 
1.559873 
1.378529 
1.587360 
1.376403 
1.271288 
1.281425 
1.263228 
0.885733 
0.680738 
0.420723 
0.386295 
0.517766 
0.677901 
0.882233 
0.945194 
1.281227 
1.303121 
1.347132 
1.346141 
1.322374 
1.558171 
1.446209 
1.384455 
1.450035 
1.277678 
1.296411 
1.578622 
1.452233 
1.533756 
1.611544 
1.524279 
1.042374 
1.430114 
1.733445 
1.312723 
1.342489 
1.138840 
1.225214 
1.659045 
1.427161 
1.740502 
1.481918 
1.103369 
1.136276 
1.206352 
1.182898 
1.156614 
1.403035 
1.558447 
1.400197 
1.749923 
1.468991 
1.373276 
1.172864 
0.960140 
0.668717 
0.636626 
0.520043 
0.329092 
0.272058 
0.267406 
0.283608 
0.463675 
0.637917 
0.892160 
0.933036 
1.170203 
1.235526 
1.329737 
1.525333 
1.782041 
1.884405 
1.479903 
1.670837 
1.880063 
1.700688 
1.730982 
1.969810 
1.719262 
1.743782 
1.656854 
1.787842 
1.863231 
1.433856 
1.752443 
1.702326 
1.839095 
1.748814 
1.969845 
1.390599 
2.007026 
1.714271 
2.182159 
1.666461 
1.848999 
2.002796 
1.853996 
1.897229 
1.890807 
1.955109 
1.702145 
1.594060 
1.777126 
1.676752 
1.670754 
2.230824 
1.892863 
1.771504 
2.108438 
1.537243 
1.623458 
2.066870 
1.926443 
2.011521 
1.743811 
2.101523 
2.091449 
2.256584 
2.197974 
1.908497 
2.147885 
2.100611 
2.117546 
2.045875 
1.829593 
2.087108 
2.294126 
2.042048 
1.741011 
2.027163 
1.915793 
2.086251 
1.774408 
2.130382 
2.616697 
2.264204 
2.211204 
1.819649 
1.619679 
1.363508 
1.131613 
1.511706 
1.385989 
1.172316 
1.551702 
1.602330 
1.602745 
2.013896 
2.097022 
2.373268 
2.008660 
2.046437 
2.165200 
2.205948 
2.396897 
2.091774 
1.579080 
1.486479 
1.850437 
1.378050 
1.391751 
1.279485 
1.267206 
1.190132 
1.054711 
1.060355 
1.047879 
1.434491 
2.058682 
2.363132 
2.461134 
2.321975 
2.200472 
1.979298 
1.806011 
1.954170 
1.816331 
1.463537 
1.387322 
1.279675 
1.229998 
1.507736 
1.529760 
1.648097 
2.565955 
2.313015 
2.436315 
2.454541 
2.265479 
1.926413 
2.227410 
1.778706 
1.871619 
1.907602 
2.085685 
2.177765 
1.798469 
2.213633 
2.007979 
2.201491 
2.262532 
2.043982 
2.332653 
1.828668 
1.649480 
1.692102 
1.427301 
1.157065 
0.884127 
0.531134 
0.456670 
0.461847 
0.446404 
0.511232 
0.418961 
0.487399 
0.659419 
0.823207 
1.116374 
1.922756 
1.977255 
1.612062 
2.115507 
2.004242 
2.283983 
1.848072 
2.330584 
2.450550 
2.199297 
2.121973 
2.524413 
2.369261 
2.552573 
2.431053 
2.631973 
2.335955 
2.168291 
2.364438 
2.656446 
1.992198 
2.197919 
2.439893 
2.165321 
2.508872 
2.305989 
2.017409 
1.723541 
1.621614 
1.028361 
0.729266 
0.640555 
0.657403 
0.558455 
0.792261 
0.975619 
0.977008 
1.157625 
1.190107 
1.041144 
1.470460 
1.438471 
1.341334 
1.275258 
0.808839 
0.732927 
0.784976 
0.907330 
1.154857 
1.120456 
1.411705 
1.389008 
1.810415 
1.778833 
1.493817 
1.698108 
2.059840 
1.629058 
1.641269 
1.537050 
0.974498 
0.795284 
0.890140 
0.909632 
0.960908 
0.907428 
1.118829 
1.057972 
0.998327 
1.059876 
0.834400 
0.980127 
0.923496 
0.951385 
0.934393 
1.018316 
1.134032 
1.244105 
1.096858 
1.229033 
1.287721 
1.555904 
1.659690 
1.862132 
2.008407 
2.217192 
2.166676 
2.099958 
2.134273 
2.436392 
1.909229 
1.570847 
1.873186 
1.462699 
1.220294 
0.995791 
0.892626 
0.742913 
0.719704 
0.819077 
0.812296 
0.681611 
0.537594 
0.855203 
1.076484 
1.339419 
1.197673 
1.564683 
1.897907 
1.938664 
2.381683 
2.340472 
2.610211 
2.447214 
1.931708 
2.546035 
2.001281 
2.111741 
2.556835 
2.622217 
2.274489 
2.290201 
2.198968 
2.042497 
2.053433 
2.649741 
2.245704 
2.243808 
2.416591 
1.995666 
1.990310 
2.024697 
2.189681 
2.652716 
2.297006 
2.118042 
2.466012 
2.514051 
2.384781 
2.364877 
2.453167 
2.457516 
2.282300 
2.200210 
2.202196 
2.187480 
1.893987 
1.879543 
1.893684 
1.730987 
1.753631 
1.903528 
1.643013 
2.056498 
2.270218 
1.599276 
1.971070 
2.084101 
2.066829 
2.253617 
2.151723 
2.251305 
2.245586 
1.848333 
2.108629 
2.115043 
1.951849 
2.080080 
1.821745 
2.226054 
2.112654 
2.649637 
1.919051 
1.759553 
2.117765 
1.977868 
1.798731 
1.503239 
1.786092 
1.318344 
1.419526 
1.464335 
1.228228 
1.698585 
1.836645 
1.925152 
2.091814 
2.001610 
2.454728 
2.129462 
1.919947 
2.379677 
1.712827 
1.858349 
1.824653 
2.220767 
2.117491 
1.858780 
2.143113 
1.895283 
1.599675 
2.171443 
1.595979 
2.128229 
1.915622 
1.770149 
1.343736 
1.536724 
1.514031 
1.594034 
1.558186 
1.618673 
1.464573 
1.487168 
1.502116 
1.584134 
1.624243 
1.344401 
1.741595 
1.634173 
1.649286 
1.430419 
1.721477 
1.492026 
1.880726 
1.591280 
1.844792 
1.370758 
1.187017 
1.097424 
0.797846 
0.651569 
0.544980 
0.588006 
0.565184 
0.524861 
0.547598 
0.519978 
0.589634 
0.556600 
0.518566 
0.562214 
0.566623 
0.570744 
0.546295 
0.668663 
0.534671 
0.607739 
0.903716 
0.853951 
1.045440 
1.038807 
1.358607 
1.410269 
1.277144 
1.823528 
1.580225 
1.630515 
1.700545 
1.476173 
1.409120 
1.331938 
1.247322 
1.052530 
1.062939 
1.120189 
0.917909 
0.871153 
0.951627 
0.768322 
0.614776 
0.838212 
0.925986 
0.811935 
0.793644 
1.064828 
1.193828 
1.484185 
1.455706 
1.417350 
1.518143 
1.924580 
1.516515 
1.536783 
1.532595 
1.402563 
1.117166 
1.435127 
1.342385 
1.017465 
1.295724 
1.075184 
1.038641 
1.004345 
0.925969 
0.943154 
0.910287 
0.924450 
1.009705 
1.003987 
0.915297 
1.024524 
1.202996 
1.092346 
1.105137 
1.002934 
1.038809 
1.381794 
1.027459 
1.212761 
1.291741 
1.194552 
0.958071 
1.178184 
0.861344 
0.755224 
0.770270 
0.717437 
0.852302 
1.130021 
1.032722 
0.991143 
1.102515 
0.991153 
0.798452 
0.663077 
0.738879 
0.641266 
0.687832 
0.581302 
0.566079 
0.647309 
0.590425 
0.638552 
0.634027 
0.710189 
0.614782 
0.629625 
0.612695 
0.594218 
0.600016 
0.708739 
0.616442 
0.552219 
0.509442 
0.551627 
0.464141 
0.462827 
0.483138 
0.352547 
0.434291 
0.346426 
0.274393 
0.319274 
0.333545 
0.282189 
0.275771 
0.300044 
0.226378 
0.223971 
0.227758 
0.227968 
0.231130 
0.223041 
0.203109 
0.193484 
0.201018 
0.253314 
0.195445 
0.226763 
0.204356 
0.251423 
0.230059 
0.233288 
0.251761 
0.230610 
0.271780 
0.268667 
0.253410 
0.292077 
0.237155 
0.252730 
0.301244 
0.297002 
0.292606 
0.354597 
0.368676 
0.345385 
0.330867 
0.331816 
0.390963 
0.328123 
0.359040 
0.349841 
0.298518 
0.446861 
0.331370 
0.376461 
0.329718 
0.345782 
0.350571 
0.383499 
0.339216 
0.393269 
0.404794 
0.508344 
0.417424 
0.467567 
0.466785 
0.440590 
0.479314 
0.458285 
0.464197 
0.627010 
0.674715 
0.851682 
0.759191 
0.883770 
0.847709 
0.797608 
0.738391 
0.753507 
0.739779 
0.570979 
0.535780 
0.325563 
0.434495 
0.350957 
0.383503 
0.437216 
0.369630 
0.351231 
0.322142 
0.297493 
0.271238 
0.243140 
0.209820 
0.198115 
0.160652 
0.154746 
0.161472 
0.162489 
0.163284 
0.163410 
0.127829 
0.150033 
0.141701 
0.147372 
0.138661 
0.177573 
0.176020 
0.171305 
0.196412 
0.146097 
0.189434 
0.168898 
0.157954 
0.148255 
0.179745 
0.146156 
0.154277 
0.142009 
0.166006 
0.136815 
0.152067 
0.138650 
0.160527 
0.170472 
0.169281 
0.161763 
0.146483 
0.162277 
0.158761 
0.140237 
0.127108 
0.111223 
0.119449 
0.085958 
0.085071 
0.066011 
0.085791 
0.085348 
0.072741 
0.078217 
0.073937 
0.068245 
0.070003 
0.077420 
0.067393 
0.072355 
0.059367 
0.063627 
0.065242 
0.072757 
0.068336 
0.051940 
0.056157 
0.052338 
0.048323 
0.045527 
0.032823 
0.039275 
0.036467 
0.033501 
0.032842 
0.029232 
0.026914 
0.028121 
0.025382 
0.019123 
0.023164 
0.020251 
0.017929 
0.016947 
0.016212 
0.015343 
0.015429 
0.015398 
0.014731 
0.014676 
0.014361 
0.016321 
0.016068 
0.013907 
0.015992 
0.019217 
0.014903 
0.014103 
0.012421 
0.017690 
0.015322 
0.013738 
0.012490 
0.013727 
0.010498 
0.008704 
0.006584 
0.006362 
0.004474 
0.006316 
0.006421 
0.005911 
0.005825 
0.005351 
0.006158 
0.006257 
0.005454 
0.005721 
0.005733 
0.005225 
0.004499 
0.005310 
0.005053 
0.004412 
0.003648 
0.003626 
0.003970 
0.003298 
0.002555 
0.002444 
0.001973 
0.001547 
0.001371 
0.000832 
0.000709 
0.000354 
0.000160 
0.000106 
0.000060 
0.000032 
0.000008 
0.000000 
0.000000 
0.000000 
0.000000 
0.000000 
0.000000 
0.000000 
0.000000 
0.000000 
0.000000 
0.000000 
0.000000 
0.000000 
0.000000 
0.000000 
0.000000 
0.000000 
0.000000 
0.000000 
0.000000 
0.000000 
0.000000 
0.000000 
0.000000 
0.000000 
0.000000 
0.000000 
0.000000 
0.000000 
0.000000 
0.000000 
0.000000 
0.000000 
0.000000 
0.000000 
0.000000 
0.000000 
0.000000 
0.000000 
0.000000 
0.000000 
0.000000 
0.000000 
0.000000 
0.000000 
0.000000 
0.000000 
0.000000 
0.000000 
0.000000 
0.000000 
0.000000 
0.000000 
0.000000 
0.000000 
0.000000 
0.000000 
0.000000 
0.000000 
0.000000 
0.000000 
0.000000 
0.000000 
0.000000 
0.000000 
0.000000 
0.000000 
0.000000 
0.000000 
0.000000 
0.000000 
0.000000 
0.000000 
0.000000 
0.000000 
0.000000 
0.000000 
0.000000 
0.000000 
0.000000 
0.000000 
0.000000 
0.000000 
0.000000 
0.000000 
0.000000 
0.000000 
0.000000 
0.000000 
0.000000 
0.000000 
0.000000 
0.000000 
0.000000 
0.000000 
0.000000 
0.000000 
0.000000 
0.000000 
0.000000 
0.000000 
0.000000 
0.000000 
0.000000 
0.000000 
0.000000 
0.000000 
0.000000 
0.000000 
0.000000 
0.000000 
0.000000 
0.000000 
0.000000 
0.000000 
0.000000 
0.000000 
0.000000 
0.000000 
0.000000 
0.000000 
0.000000 
0.000000 
0.000000 
0.000000 
0.000000 
0.000000 
0.000000 
0.000000 
0.000000 
0.000000 
0.000000 
0.000000 
0.000000 
0.000000 
0.000000 
0.000000 
0.000000 
0.000000 
0.000000 
0.000000 
0.000000 
0.000000 
0.000000 
0.000000 
0.000000 
0.000000 
0.000000 
0.000000 
0.000000 
0.000000 
0.000000 
0.000000 
0.000000 
0.000000 
0.000000 
0.000000 
0.000000 
0.000000 
0.000000 
0.000000 
0.000000 
0.000000 
0.000000 
0.000000 
0.000000 
0.000000 
0.000000 
0.000000 
0.000000 
0.000000 
0.000000 
0.000000 
0.000000 
0.000000 
0.000000 
0.000000 
0.000000 
0.000000 
0.000000 
0.000000 
0.000000 
0.000000 
0.000000 
0.000000 
0.000000 
0.000000 
0.000000 
0.000000 
0.000000 
0.000000 
