0.000000 
0.000000 
0.000000 
0.000000 
0.000000 
0.000000 
0.000000 
0.000000 
0.000000 
0.000000 
0.000000 
0.000000 
0.000000 
0.000000 
0.000000 
0.000000 
0.000000 
0.000000 
0.000000 
0.000000 
0.000000 
0.000000 
0.000000 
0.000000 
0.000000 
0.000000 
0.000000 
0.000000 
0.000000 
0.000000 
0.000000 
0.000000 
0.000000 
0.000000 
0.000000 
0.000000 
0.000000 
0.000000 
0.000000 
0.000000 
0.000000 
0.000000 
0.000000 
0.000000 
0.000000 
0.000000 
0.000000 
0.000000 
0.000000 
0.000000 
0.000000 
0.000000 
0.000000 
0.000000 
0.000000 
0.000000 
0.000000 
0.000000 
0.000000 
0.000000 
0.000000 
0.000000 
0.000000 
0.000000 
0.000000 
0.000000 
0.000000 
0.000000 
0.000000 
0.000000 
0.000000 
0.000000 
0.000000 
0.000000 
0.000000 
0.000000 
0.000000 
0.000000 
0.000000 
0.000000 
0.000000 
0.000000 
0.000000 
0.000000 
0.000000 
0.000000 
0.000000 
0.000000 
0.000000 
0.000000 
0.000000 
0.000000 
0.000000 
0.000000 
0.000000 
0.000000 
0.000000 
0.000000 
0.000000 
0.000000 
0.000000 
0.000000 
0.000000 
0.000000 
0.000000 
0.000000 
0.000000 
0.000000 
0.000000 
0.000000 
0.000000 
0.000000 
0.000000 
0.000000 
0.000000 
0.000000 
0.000000 
0.000000 
0.000000 
0.000000 
0.000000 
0.000000 
0.000000 
0.000000 
0.000000 
0.000000 
0.000000 
0.000000 
0.000000 
0.000000 
0.000000 
0.000000 
0.000000 
0.000000 
0.000000 
0.000000 
0.000000 
0.000000 
0.000000 
0.000000 
0.000000 
0.000000 
0.000000 
0.000000 
0.000000 
0.000000 
0.000000 
0.000000 
0.000000 
0.000000 
0.000000 
0.000000 
0.000000 
0.000000 
0.000000 
0.000000 
0.000000 
0.000000 
0.000000 
0.000000 
0.000000 
0.000000 
0.000000 
0.000000 
0.000000 
0.000000 
0.000000 
0.000000 
0.000000 
0.000000 
0.000000 
0.000000 
0.000000 
0.000000 
0.000000 
0.000000 
0.000000 
0.000000 
0.000000 
0.000000 
0.000000 
0.000000 
0.000000 
0.000000 
0.000000 
0.000000 
0.000000 
0.000000 
0.000000 
0.000000 
0.000000 
0.000000 
0.000000 
0.000000 
0.000000 
0.000000 
0.000000 
0.000000 
0.000000 
0.000000 
0.000000 
0.000000 
0.000000 
0.000000 
0.000000 
0.000000 
0.000000 
0.000000 
0.000000 
0.000000 
0.000000 
0.000000 
0.000000 
0.000000 
0.000000 
0.000000 
0.000000 
0.000000 
0.000000 
0.000000 
0.000000 
0.000000 
0.000000 
0.000000 
0.000000 
0.000061 
0.000221 
0.000511 
0.000831 
0.001184 
0.001865 
0.001868 
0.002743 
0.004334 
0.005592 
0.005720 
0.006587 
0.008846 
0.010801 
0.013012 
0.014767 
0.019555 
0.024931 
0.026297 
0.029113 
0.031076 
0.028064 
0.037900 
0.038849 
0.039326 
0.042064 
0.037876 
0.041631 
0.038696 
0.043694 
0.038149 
0.034870 
0.044362 
0.038982 
0.041652 
0.041807 
0.036933 
0.033067 
0.032942 
0.034443 
0.038213 
0.049233 
0.052982 
0.063611 
0.048000 
0.058489 
0.066903 
0.065772 
0.070809 
0.081156 
0.065843 
0.085895 
0.076213 
0.077108 
0.091635 
0.086396 
0.091998 
0.088880 
0.078901 
0.079781 
0.093383 
0.097336 
0.095738 
0.107261 
0.093435 
0.117559 
0.109912 
0.115354 
0.109944 
0.107386 
0.122943 
0.097704 
0.121265 
0.122539 
0.115645 
0.110569 
0.120474 
0.129634 
0.140297 
0.163744 
0.156496 
0.121650 
0.143488 
0.145313 
0.102389 
0.118802 
0.141009 
0.136497 
0.112536 
0.146859 
0.155696 
0.178436 
0.166814 
0.161163 
0.160825 
0.171037 
0.185105 
0.196653 
0.184688 
0.173888 
0.193227 
0.255074 
0.235160 
0.238508 
0.255524 
0.322847 
0.285669 
0.310595 
0.388499 
0.376993 
0.390669 
0.308638 
0.388284 
0.392470 
0.425966 
0.421494 
0.367912 
0.389842 
0.395009 
0.308327 
0.350265 
0.405009 
0.408506 
0.366259 
0.358613 
0.439122 
0.467176 
0.433396 
0.403063 
0.479072 
0.428424 
0.447476 
0.483056 
0.409102 
0.439627 
0.622953 
0.575757 
0.597948 
0.763440 
0.686352 
0.895751 
0.913339 
0.761358 
1.014412 
0.892297 
0.830555 
1.014831 
1.231092 
1.087651 
1.131027 
1.454834 
1.338227 
1.199140 
1.122281 
1.057220 
0.926944 
1.103070 
0.803957 
0.995293 
0.766759 
1.146896 
0.964126 
1.089200 
1.199185 
1.243207 
1.242362 
1.059044 
0.860984 
0.853602 
0.947924 
0.781618 
0.908600 
1.096118 
0.936978 
1.082015 
1.054563 
1.034443 
1.169713 
1.165908 
1.278306 
1.220899 
1.204838 
1.175109 
1.004405 
1.301209 
1.174507 
1.051460 
0.945895 
0.978858 
0.983895 
0.903962 
1.283537 
1.068151 
0.949226 
1.217258 
1.337280 
1.381187 
1.390832 
1.396801 
1.618067 
1.188506 
1.675027 
1.534676 
1.497309 
1.744176 
1.300667 
1.576617 
1.356821 
1.664785 
1.416916 
1.725789 
1.918808 
2.254430 
1.664237 
1.803570 
1.804629 
2.141707 
1.722475 
2.084545 
2.093886 
2.173853 
1.709511 
1.820528 
1.920841 
2.392652 
2.377739 
2.381666 
1.975602 
2.432458 
1.973033 
2.066661 
2.623581 
2.282533 
2.383859 
2.549848 
2.285832 
2.002563 
2.102514 
1.803723 
1.862556 
1.573691 
1.171860 
1.330681 
0.878362 
0.690710 
0.986573 
1.309372 
1.673408 
2.156459 
2.055825 
1.878735 
2.396597 
1.923970 
2.085284 
2.346287 
2.071570 
1.847322 
1.882029 
2.492184 
2.291687 
2.038024 
1.962829 
2.107714 
2.013712 
2.119442 
1.886043 
2.078949 
2.136830 
2.670256 
2.198083 
1.915696 
2.260171 
2.609262 
2.074901 
2.300678 
2.261281 
2.415057 
1.853107 
1.860180 
1.806647 
2.209309 
2.168853 
2.275386 
2.312830 
2.107503 
2.230349 
2.109318 
2.021483 
1.400214 
1.281329 
0.982157 
0.681725 
0.479177 
0.425824 
0.412405 
0.470125 
0.819330 
1.075850 
1.510620 
1.692217 
2.184929 
1.960961 
2.718904 
2.156666 
2.572234 
2.528922 
2.432315 
2.388380 
2.510463 
3.308662 
2.456598 
3.090845 
3.041284 
2.655141 
2.852125 
2.735047 
2.910338 
2.646231 
2.592385 
2.681161 
2.501968 
2.719890 
3.062718 
2.591085 
2.771213 
2.650223 
2.453998 
3.721097 
3.518180 
3.038320 
3.245011 
2.827583 
2.832265 
2.680203 
3.212503 
3.305913 
2.777282 
3.125006 
3.034862 
3.545807 
2.959284 
3.169897 
2.835637 
3.364073 
3.057674 
2.776819 
3.470120 
2.713702 
2.886226 
2.437028 
3.466219 
3.384370 
4.083801 
2.678300 
3.065728 
3.058344 
3.658468 
3.363667 
3.380869 
3.468118 
3.826735 
2.588178 
2.755054 
2.953564 
3.110768 
2.838777 
2.661690 
3.104300 
2.969504 
2.663164 
3.522272 
2.574081 
2.249599 
1.724811 
2.086044 
2.170185 
2.359258 
2.246556 
2.436886 
2.920774 
2.564519 
2.823157 
2.597843 
3.418839 
3.265571 
3.808793 
3.410243 
3.326624 
3.479110 
3.422273 
2.671626 
2.753428 
2.559579 
2.569965 
2.264164 
2.087837 
1.684734 
1.702514 
1.739967 
1.506378 
1.852494 
2.319011 
3.505035 
3.386971 
3.935173 
2.994716 
3.289892 
3.253828 
3.075291 
2.640103 
3.039887 
2.668878 
2.880830 
2.307235 
2.212206 
2.499751 
2.667572 
3.086800 
3.585718 
3.147456 
3.736021 
3.665219 
3.541496 
3.389057 
3.582678 
3.123453 
3.219171 
3.913299 
3.833130 
3.425479 
3.831993 
3.120737 
3.655684 
4.171952 
3.699421 
3.758422 
3.179627 
3.180819 
3.004439 
2.709243 
1.641701 
1.491124 
1.139607 
0.971002 
0.782841 
0.740469 
0.638313 
0.797522 
0.683251 
0.635715 
1.080483 
1.399057 
2.049594 
2.293467 
2.676806 
2.668223 
3.563032 
3.499498 
3.607592 
3.709952 
3.989837 
3.476338 
3.743714 
3.376727 
4.136254 
3.454805 
4.144381 
3.345326 
4.626747 
4.424359 
3.684561 
3.986117 
3.627351 
3.263321 
3.332584 
3.223694 
4.090739 
3.468727 
2.913803 
3.691619 
2.694200 
2.785417 
1.860525 
1.214223 
0.961034 
0.958775 
0.997011 
1.371716 
1.405765 
1.725478 
2.117779 
1.926382 
2.185015 
2.396841 
2.418647 
1.706101 
1.955625 
1.255028 
1.516566 
1.306489 
1.251027 
1.535389 
1.852465 
2.610517 
2.875710 
2.786161 
2.666993 
3.151511 
3.000129 
2.749010 
2.925537 
2.834282 
1.969360 
1.628190 
1.364652 
1.662103 
1.493857 
1.402106 
1.702924 
1.820827 
1.564342 
1.593819 
1.514305 
1.449290 
1.439429 
1.348053 
1.600432 
1.656941 
1.850173 
2.155397 
1.855360 
2.071929 
2.192847 
2.532840 
2.638092 
2.488749 
2.156466 
3.341962 
3.773314 
3.946399 
3.635437 
3.754145 
3.359482 
3.281404 
3.086712 
3.445218 
2.693160 
2.079053 
1.449679 
1.490502 
1.399622 
1.163214 
1.037130 
0.928583 
1.042863 
1.270395 
1.273244 
1.846071 
2.083498 
2.511908 
2.465516 
3.424457 
3.446752 
3.632054 
3.893249 
4.117146 
3.356590 
2.597267 
3.417202 
3.363825 
3.993423 
3.714586 
3.609375 
3.502269 
2.938315 
4.007050 
3.458887 
3.839974 
3.669376 
4.409691 
3.930020 
3.772355 
3.904073 
3.425080 
3.914450 
3.842150 
3.642670 
3.868042 
3.597936 
4.849231 
3.708179 
3.612235 
3.716603 
3.972088 
3.455888 
3.490905 
3.351285 
3.497779 
3.471271 
3.653156 
3.586602 
3.295974 
2.948627 
2.487593 
2.492878 
2.973628 
2.785948 
2.968681 
3.275891 
3.263276 
3.393748 
4.319991 
3.643050 
3.266258 
3.771062 
3.509223 
3.500535 
3.967936 
3.443634 
3.385206 
3.789704 
3.740207 
3.795228 
3.141283 
3.489568 
3.042799 
3.047390 
2.774602 
2.719211 
2.412999 
2.761554 
2.501154 
2.505142 
2.068871 
2.124538 
2.145578 
2.805498 
2.873531 
2.913942 
3.459226 
3.458261 
3.205189 
3.280869 
3.588068 
3.356349 
2.506545 
3.352892 
2.988102 
3.029152 
3.095090 
2.766740 
3.492410 
3.486646 
3.954324 
3.122455 
3.567477 
3.284393 
3.340374 
2.918618 
2.757793 
3.016011 
2.345522 
2.532185 
2.842632 
2.584543 
2.325880 
2.371170 
2.173545 
2.044463 
2.155183 
2.330950 
2.514459 
2.268154 
2.316447 
3.158722 
2.772864 
2.683255 
2.512423 
2.269690 
2.660680 
2.029312 
2.218931 
1.754141 
1.288463 
1.126384 
0.744041 
0.894986 
0.691061 
0.840501 
0.870244 
0.873605 
0.782185 
0.746802 
0.671824 
0.930603 
0.728462 
0.745112 
0.929331 
1.007412 
0.741951 
1.032650 
1.005795 
1.103650 
1.736936 
1.744642 
1.536810 
2.202097 
2.662945 
2.434446 
2.342842 
2.577252 
2.051107 
2.207233 
2.165387 
2.074758 
1.834285 
2.018773 
1.664946 
1.627502 
1.477059 
1.678350 
1.122588 
1.323316 
1.300162 
1.290988 
1.352296 
1.724527 
1.766517 
1.474807 
1.768129 
2.063211 
1.840045 
2.536748 
2.975535 
2.835393 
2.489857 
2.609336 
2.538362 
2.696352 
2.980403 
2.415968 
1.986529 
1.870900 
1.827258 
1.672165 
1.768725 
1.785462 
1.648402 
1.354665 
1.339898 
1.596916 
1.498191 
1.493761 
1.399607 
1.870179 
1.453751 
1.548147 
1.693784 
2.116969 
1.915236 
2.051764 
1.500456 
2.402743 
2.119060 
1.908166 
2.017024 
1.681559 
1.806005 
1.455167 
1.206980 
1.402408 
1.302639 
1.505056 
1.825603 
1.642631 
1.574945 
1.284417 
0.976948 
0.830969 
0.897992 
0.907441 
0.763577 
0.853046 
1.026336 
1.333623 
1.112141 
1.187457 
0.871768 
0.947147 
1.182685 
1.042370 
0.965737 
0.807804 
1.086325 
0.894403 
1.023353 
0.685515 
0.946389 
0.868387 
0.721035 
0.662716 
0.764112 
0.641929 
0.569423 
0.593435 
0.519651 
0.535151 
0.485061 
0.552149 
0.415143 
0.425149 
0.391645 
0.383723 
0.338575 
0.327929 
0.325180 
0.363289 
0.319814 
0.313363 
0.327860 
0.318004 
0.366145 
0.357959 
0.345179 
0.374622 
0.383216 
0.353890 
0.365972 
0.288831 
0.378560 
0.451462 
0.391702 
0.386935 
0.378007 
0.456523 
0.407204 
0.487324 
0.451001 
0.461562 
0.466205 
0.400166 
0.523979 
0.518869 
0.571452 
0.573908 
0.549420 
0.437523 
0.476736 
0.566094 
0.551499 
0.623651 
0.569747 
0.530814 
0.610540 
0.614342 
0.528407 
0.687646 
0.730563 
0.804618 
0.731910 
0.774734 
0.783952 
0.820171 
0.867413 
0.847326 
1.049832 
1.084958 
1.379942 
1.370904 
1.595438 
1.417729 
1.263777 
1.277744 
1.035170 
1.155408 
0.947607 
0.909624 
0.740690 
0.684554 
0.544635 
0.609346 
0.550049 
0.540378 
0.572266 
0.625274 
0.596836 
0.487233 
0.464034 
0.404605 
0.390264 
0.318302 
0.306772 
0.283744 
0.273140 
0.245162 
0.213499 
0.216558 
0.246694 
0.256137 
0.226886 
0.222615 
0.275243 
0.197299 
0.259529 
0.283630 
0.252396 
0.232118 
0.261167 
0.258034 
0.251875 
0.216961 
0.248641 
0.240600 
0.219587 
0.248124 
0.272941 
0.273256 
0.252581 
0.249992 
0.260285 
0.323396 
0.241985 
0.248208 
0.249345 
0.207018 
0.214011 
0.238119 
0.192471 
0.200857 
0.129813 
0.216328 
0.149847 
0.153663 
0.117563 
0.125707 
0.116887 
0.114679 
0.128056 
0.117624 
0.128139 
0.102191 
0.104957 
0.090890 
0.098209 
0.092972 
0.110825 
0.094913 
0.089669 
0.090341 
0.069599 
0.073205 
0.080156 
0.072191 
0.062496 
0.055112 
0.047394 
0.053659 
0.048869 
0.051829 
0.038539 
0.027888 
0.038266 
0.039640 
0.031991 
0.025172 
0.030769 
0.024366 
0.026777 
0.021225 
0.023514 
0.022390 
0.020312 
0.029980 
0.022612 
0.022936 
0.022747 
0.026598 
0.024033 
0.028418 
0.025089 
0.026931 
0.029406 
0.026147 
0.024145 
0.026178 
0.022338 
0.022731 
0.017964 
0.013120 
0.010540 
0.011015 
0.012028 
0.008774 
0.008441 
0.008500 
0.008598 
0.009838 
0.009326 
0.009538 
0.009051 
0.008699 
0.008644 
0.008894 
0.008365 
0.007781 
0.008133 
0.005849 
0.006583 
0.006021 
0.006130 
0.005014 
0.004222 
0.004287 
0.003655 
0.002578 
0.002072 
0.001549 
0.001187 
0.000535 
0.000262 
0.000195 
0.000102 
0.000040 
0.000013 
0.000000 
0.000000 
0.000000 
0.000000 
0.000000 
0.000000 
0.000000 
0.000000 
0.000000 
0.000000 
0.000000 
0.000000 
0.000000 
0.000000 
0.000000 
0.000000 
0.000000 
0.000000 
0.000000 
0.000000 
0.000000 
0.000000 
0.000000 
0.000000 
0.000000 
0.000000 
0.000000 
0.000000 
0.000000 
0.000000 
0.000000 
0.000000 
0.000000 
0.000000 
0.000000 
0.000000 
0.000000 
0.000000 
0.000000 
0.000000 
0.000000 
0.000000 
0.000000 
0.000000 
0.000000 
0.000000 
0.000000 
0.000000 
0.000000 
0.000000 
0.000000 
0.000000 
0.000000 
0.000000 
0.000000 
0.000000 
0.000000 
0.000000 
0.000000 
0.000000 
0.000000 
0.000000 
0.000000 
0.000000 
0.000000 
0.000000 
0.000000 
0.000000 
0.000000 
0.000000 
0.000000 
0.000000 
0.000000 
0.000000 
0.000000 
0.000000 
0.000000 
0.000000 
0.000000 
0.000000 
0.000000 
0.000000 
0.000000 
0.000000 
0.000000 
0.000000 
0.000000 
0.000000 
0.000000 
0.000000 
0.000000 
0.000000 
0.000000 
0.000000 
0.000000 
0.000000 
0.000000 
0.000000 
0.000000 
0.000000 
0.000000 
0.000000 
0.000000 
0.000000 
0.000000 
0.000000 
0.000000 
0.000000 
0.000000 
0.000000 
0.000000 
0.000000 
0.000000 
0.000000 
0.000000 
0.000000 
0.000000 
0.000000 
0.000000 
0.000000 
0.000000 
0.000000 
0.000000 
0.000000 
0.000000 
0.000000 
0.000000 
0.000000 
0.000000 
0.000000 
0.000000 
0.000000 
0.000000 
0.000000 
0.000000 
0.000000 
0.000000 
0.000000 
0.000000 
0.000000 
0.000000 
0.000000 
0.000000 
0.000000 
0.000000 
0.000000 
0.000000 
0.000000 
0.000000 
0.000000 
0.000000 
0.000000 
0.000000 
0.000000 
0.000000 
0.000000 
0.000000 
0.000000 
0.000000 
0.000000 
0.000000 
0.000000 
0.000000 
0.000000 
0.000000 
0.000000 
0.000000 
0.000000 
0.000000 
0.000000 
0.000000 
0.000000 
0.000000 
0.000000 
0.000000 
0.000000 
0.000000 
0.000000 
0.000000 
0.000000 
0.000000 
0.000000 
0.000000 
0.000000 
0.000000 
0.000000 
0.000000 
0.000000 
0.000000 
0.000000 
0.000000 
