0.000000 
0.000000 
0.000000 
0.000000 
0.000000 
0.000000 
0.000000 
0.000000 
0.000000 
0.000000 
0.000000 
0.000000 
0.000000 
0.000000 
0.000000 
0.000000 
0.000000 
0.000000 
0.000000 
0.000000 
0.000000 
0.000000 
0.000000 
0.000000 
0.000000 
0.000000 
0.000000 
0.000000 
0.000000 
0.000000 
0.000000 
0.000000 
0.000000 
0.000000 
0.000000 
0.000000 
0.000000 
0.000000 
0.000000 
0.000000 
0.000000 
0.000000 
0.000000 
0.000000 
0.000000 
0.000000 
0.000000 
0.000000 
0.000000 
0.000000 
0.000000 
0.000000 
0.000000 
0.000000 
0.000000 
0.000000 
0.000000 
0.000000 
0.000000 
0.000000 
0.000000 
0.000000 
0.000000 
0.000000 
0.000000 
0.000000 
0.000000 
0.000000 
0.000000 
0.000000 
0.000000 
0.000000 
0.000000 
0.000000 
0.000000 
0.000000 
0.000000 
0.000000 
0.000000 
0.000000 
0.000000 
0.000000 
0.000000 
0.000000 
0.000000 
0.000000 
0.000000 
0.000000 
0.000000 
0.000000 
0.000000 
0.000000 
0.000000 
0.000000 
0.000000 
0.000000 
0.000000 
0.000000 
0.000000 
0.000000 
0.000000 
0.000000 
0.000000 
0.000000 
0.000000 
0.000000 
0.000000 
0.000000 
0.000000 
0.000000 
0.000000 
0.000000 
0.000000 
0.000000 
0.000000 
0.000000 
0.000000 
0.000000 
0.000000 
0.000000 
0.000000 
0.000000 
0.000000 
0.000000 
0.000000 
0.000000 
0.000000 
0.000000 
0.000000 
0.000000 
0.000000 
0.000000 
0.000000 
0.000000 
0.000000 
0.000000 
0.000000 
0.000000 
0.000000 
0.000000 
0.000000 
0.000000 
0.000000 
0.000000 
0.000000 
0.000000 
0.000000 
0.000000 
0.000000 
0.000000 
0.000000 
0.000000 
0.000000 
0.000000 
0.000000 
0.000000 
0.000000 
0.000000 
0.000000 
0.000000 
0.000000 
0.000000 
0.000000 
0.000000 
0.000000 
0.000000 
0.000000 
0.000000 
0.000000 
0.000000 
0.000000 
0.000000 
0.000000 
0.000000 
0.000000 
0.000000 
0.000000 
0.000000 
0.000000 
0.000000 
0.000000 
0.000000 
0.000000 
0.000000 
0.000000 
0.000000 
0.000000 
0.000000 
0.000000 
0.000000 
0.000000 
0.000000 
0.000000 
0.000000 
0.000000 
0.000000 
0.000000 
0.000000 
0.000000 
0.000000 
0.000000 
0.000000 
0.000000 
0.000000 
0.000000 
0.000000 
0.000000 
0.000000 
0.000000 
0.000000 
0.000000 
0.000000 
0.000000 
0.000000 
0.000000 
0.000000 
0.000000 
0.000000 
0.000000 
0.000000 
0.000000 
0.000000 
0.000000 
0.000000 
0.000000 
0.000036 
0.000136 
0.000258 
0.000495 
0.000525 
0.000703 
0.001169 
0.001422 
0.002198 
0.001986 
0.003376 
0.004699 
0.004512 
0.005851 
0.006099 
0.007407 
0.008870 
0.011390 
0.013886 
0.014131 
0.017520 
0.016446 
0.020676 
0.021880 
0.020188 
0.022644 
0.020121 
0.020971 
0.017945 
0.020220 
0.020090 
0.020593 
0.016573 
0.019510 
0.017922 
0.019268 
0.019678 
0.023585 
0.018603 
0.020278 
0.025859 
0.024406 
0.019722 
0.026170 
0.023878 
0.031556 
0.031453 
0.037326 
0.032625 
0.034657 
0.033703 
0.035269 
0.040049 
0.042909 
0.035116 
0.043029 
0.043259 
0.048398 
0.044747 
0.044788 
0.054258 
0.051075 
0.046877 
0.050749 
0.047311 
0.062312 
0.057568 
0.054639 
0.055888 
0.057107 
0.049769 
0.056902 
0.050970 
0.062187 
0.058138 
0.058974 
0.048088 
0.065111 
0.061242 
0.066385 
0.063190 
0.069845 
0.071019 
0.066700 
0.077969 
0.063030 
0.060738 
0.061156 
0.082779 
0.074960 
0.074100 
0.073699 
0.064556 
0.075817 
0.102740 
0.086405 
0.094230 
0.102014 
0.096477 
0.116534 
0.102186 
0.125546 
0.100930 
0.135403 
0.116675 
0.139765 
0.138669 
0.149884 
0.164150 
0.196057 
0.180025 
0.228439 
0.159191 
0.190103 
0.184491 
0.216677 
0.195408 
0.194028 
0.193082 
0.161019 
0.201938 
0.184436 
0.178979 
0.185334 
0.233901 
0.266828 
0.233771 
0.207557 
0.207387 
0.269667 
0.241327 
0.279131 
0.191587 
0.242732 
0.237275 
0.342766 
0.319216 
0.281327 
0.350452 
0.360494 
0.437972 
0.381988 
0.393848 
0.430963 
0.334930 
0.440698 
0.443961 
0.540007 
0.549843 
0.758128 
0.562719 
0.533982 
0.417783 
0.460441 
0.455674 
0.498857 
0.526341 
0.521266 
0.523270 
0.626322 
0.506876 
0.562512 
0.583069 
0.589440 
0.561650 
0.433136 
0.478158 
0.442012 
0.457919 
0.478059 
0.431803 
0.514516 
0.532532 
0.465533 
0.532054 
0.458457 
0.616816 
0.504044 
0.533295 
0.690933 
0.612695 
0.704378 
0.507219 
0.509163 
0.577142 
0.616495 
0.664729 
0.505422 
0.467305 
0.384182 
0.415313 
0.485377 
0.572903 
0.628999 
0.642738 
0.656699 
0.581847 
0.757385 
0.716788 
0.805453 
0.773621 
0.856597 
0.801640 
0.620390 
0.753177 
0.800641 
0.771854 
0.725084 
0.746101 
0.923264 
0.774295 
0.893266 
0.843237 
1.007117 
0.966117 
0.887485 
1.078439 
1.108360 
1.026767 
0.905546 
0.982305 
0.920882 
1.167559 
0.855151 
1.046103 
1.232846 
1.206095 
1.199764 
1.145197 
0.954037 
1.237816 
1.286550 
1.119459 
1.196197 
1.278425 
1.311043 
1.270477 
1.275074 
1.052225 
0.876103 
0.888734 
0.672669 
0.454968 
0.503515 
0.417397 
0.496148 
0.590143 
0.802152 
1.012423 
1.196085 
1.108351 
1.144225 
1.197381 
1.062552 
0.946779 
1.201125 
0.893388 
1.192047 
1.172907 
1.248728 
1.169449 
0.971052 
1.135135 
1.075589 
1.142025 
1.112251 
1.186884 
1.387905 
1.025019 
1.128508 
1.158898 
1.299401 
1.209192 
1.363952 
1.154848 
1.253938 
1.192182 
0.947212 
0.861375 
1.067076 
1.105259 
1.016232 
1.051584 
1.042801 
1.137893 
1.149354 
1.204319 
0.958887 
0.632795 
0.623675 
0.523624 
0.401659 
0.293096 
0.230051 
0.235592 
0.272266 
0.393460 
0.589497 
0.637335 
0.815982 
1.026505 
1.262656 
1.048883 
1.401002 
1.387983 
1.271902 
1.295479 
1.173695 
1.383082 
1.191327 
1.461732 
1.498472 
1.538644 
1.408863 
1.492862 
1.527053 
1.371831 
1.407912 
1.355573 
1.373785 
1.127133 
1.440029 
1.200804 
1.701179 
1.206258 
1.431898 
1.381356 
1.284855 
1.581244 
1.453224 
1.382158 
1.355315 
1.533305 
1.622339 
1.504412 
1.498816 
1.342825 
1.336662 
1.267940 
1.507161 
1.447229 
1.596399 
1.271872 
1.449001 
1.415633 
1.852842 
1.618225 
1.774521 
1.544535 
1.709277 
1.707965 
1.731167 
1.427778 
1.421218 
1.873130 
1.413085 
1.444242 
1.526138 
1.742275 
1.580319 
1.158045 
1.777637 
1.340663 
1.536745 
1.774328 
1.896719 
1.335582 
1.703838 
1.765221 
1.606031 
1.600543 
1.631834 
1.388986 
0.951055 
0.808922 
1.007945 
1.092755 
1.195002 
0.902114 
1.271124 
1.361297 
1.446365 
1.342101 
1.657853 
2.092484 
1.944778 
1.836698 
1.673694 
1.637274 
1.587628 
1.665281 
1.368543 
1.173958 
1.070992 
1.150393 
0.976908 
0.979974 
0.925619 
0.715621 
0.846911 
0.906145 
1.218118 
1.398155 
1.909769 
1.743570 
1.890602 
1.865596 
2.002524 
1.612614 
1.432393 
1.511807 
1.575060 
1.066290 
1.152577 
1.125566 
1.150480 
1.393714 
1.551722 
1.774906 
1.691200 
1.840655 
1.579287 
1.928084 
1.663526 
1.845422 
1.619525 
1.711330 
1.764752 
1.753146 
1.620959 
1.616636 
1.463013 
1.624017 
1.758947 
2.359714 
1.894844 
1.734564 
1.399429 
1.369060 
1.147534 
1.197565 
0.834358 
0.557144 
0.415595 
0.382742 
0.356200 
0.368070 
0.338952 
0.412751 
0.446949 
0.434718 
0.715477 
1.174791 
1.650863 
1.237911 
1.365029 
1.741100 
2.002845 
1.990938 
1.800521 
1.922630 
1.733681 
1.821095 
1.659260 
1.892197 
1.798668 
2.374719 
1.840961 
1.786468 
1.477836 
1.555503 
1.994977 
1.586089 
1.839708 
1.802446 
1.812809 
1.708605 
1.444581 
1.677645 
1.676946 
1.454913 
1.365307 
0.921132 
0.642921 
0.512341 
0.563425 
0.524012 
0.740476 
0.746597 
0.830869 
0.795978 
0.899362 
0.920746 
1.127626 
0.982244 
0.937107 
0.919689 
0.792917 
0.794374 
0.704192 
0.646513 
0.951833 
0.998782 
1.139986 
1.222400 
1.236389 
1.513887 
1.371183 
1.581466 
1.606756 
1.463228 
1.165429 
0.878517 
0.756815 
0.691504 
0.705463 
0.640951 
0.797851 
0.701466 
0.736632 
0.689562 
0.843862 
0.690248 
0.537849 
0.667619 
0.695937 
0.950971 
0.756785 
0.945910 
0.847609 
0.957832 
1.003374 
1.049751 
1.151193 
1.288189 
1.055519 
1.630605 
1.567749 
1.677782 
2.090846 
1.864721 
1.603494 
1.403432 
1.645257 
1.614753 
1.428471 
1.327011 
1.019964 
0.800111 
0.749009 
0.660147 
0.532950 
0.582921 
0.577425 
0.558731 
0.644406 
0.654068 
0.845625 
0.978070 
1.152689 
1.498399 
1.727039 
1.338260 
1.779331 
1.950431 
2.198954 
1.890253 
2.264685 
1.946862 
1.489905 
1.596813 
1.822654 
1.725560 
1.833987 
1.898895 
1.621731 
1.924318 
1.555042 
1.742714 
1.907103 
1.579900 
1.717442 
2.034052 
1.816849 
1.537091 
1.816823 
1.797407 
2.071982 
1.778439 
2.030929 
1.910525 
2.048398 
2.083929 
1.578827 
1.956145 
2.165417 
1.788880 
1.840075 
2.227321 
1.733534 
1.462200 
1.498382 
1.458810 
1.456309 
1.238516 
1.417177 
1.408919 
1.832563 
1.693460 
1.715555 
1.672375 
1.782557 
1.695938 
1.977202 
1.867027 
1.752171 
1.677107 
1.944205 
1.485054 
1.671616 
1.741198 
1.502764 
1.905329 
1.624052 
1.609951 
1.732481 
1.781849 
1.499122 
1.186780 
1.580716 
1.225763 
1.101414 
1.140671 
0.936362 
1.120616 
1.102625 
1.252304 
1.576046 
1.650162 
1.807053 
1.422229 
1.557428 
1.939351 
1.631220 
1.419399 
1.614552 
1.583372 
1.725751 
1.488544 
1.699883 
1.552776 
1.437489 
1.870147 
1.484923 
1.744604 
1.583115 
1.825238 
1.545276 
1.441587 
1.206507 
1.272886 
1.523948 
1.407405 
1.220707 
1.272291 
1.096464 
1.117598 
1.020688 
1.174505 
1.193811 
1.080261 
1.044621 
1.425026 
1.510669 
1.092851 
1.253876 
1.323479 
1.228727 
1.487223 
1.560222 
1.170940 
0.972171 
0.966330 
0.648979 
0.563079 
0.492280 
0.435324 
0.408447 
0.425143 
0.481873 
0.466146 
0.474158 
0.341127 
0.472655 
0.430670 
0.437706 
0.456605 
0.409449 
0.413644 
0.490017 
0.515188 
0.548714 
0.673007 
0.792721 
0.959642 
0.925655 
1.125710 
1.305356 
1.341925 
1.490053 
1.558469 
1.169712 
1.325722 
1.222859 
1.066466 
1.034314 
0.773502 
0.899553 
0.753608 
0.651480 
0.654029 
0.763045 
0.778720 
0.654393 
0.656400 
0.665348 
0.724376 
0.844399 
0.960828 
0.827937 
0.776406 
1.123207 
1.156570 
1.248306 
1.388797 
1.395933 
1.065746 
1.091589 
1.055387 
1.417865 
1.353821 
1.139057 
0.990874 
0.952761 
0.822211 
0.854127 
0.824330 
0.921529 
0.675880 
0.743118 
0.742576 
0.681101 
0.872366 
0.804739 
0.776430 
0.783521 
0.897827 
0.662074 
1.049847 
0.732601 
1.048873 
0.990151 
0.991089 
0.912806 
1.006955 
1.079854 
0.679120 
0.776750 
0.693518 
0.608554 
0.639079 
0.653666 
0.878379 
0.777085 
0.904257 
0.770848 
0.773658 
0.541655 
0.363020 
0.414177 
0.455567 
0.468335 
0.476676 
0.537571 
0.580702 
0.622561 
0.524792 
0.470896 
0.389736 
0.461231 
0.539957 
0.472093 
0.476644 
0.471529 
0.513068 
0.435928 
0.389061 
0.403012 
0.370166 
0.374505 
0.323890 
0.353718 
0.345151 
0.321825 
0.273485 
0.271850 
0.285275 
0.210769 
0.232732 
0.191364 
0.204118 
0.165579 
0.169393 
0.181087 
0.188931 
0.162889 
0.113035 
0.173590 
0.165657 
0.186147 
0.169884 
0.155625 
0.161521 
0.183843 
0.168298 
0.173330 
0.183166 
0.160049 
0.145642 
0.218941 
0.226771 
0.222776 
0.208021 
0.245896 
0.212391 
0.212974 
0.205381 
0.225843 
0.217892 
0.255781 
0.290579 
0.278765 
0.263882 
0.341989 
0.281514 
0.281411 
0.307311 
0.308879 
0.301245 
0.234317 
0.310592 
0.287780 
0.290802 
0.342767 
0.306171 
0.317243 
0.328163 
0.370713 
0.315130 
0.350387 
0.357890 
0.382044 
0.347237 
0.278944 
0.403610 
0.351421 
0.448620 
0.511056 
0.719363 
0.647705 
0.632599 
0.673381 
0.537226 
0.710569 
0.482924 
0.511531 
0.491971 
0.365644 
0.382913 
0.251587 
0.266787 
0.256505 
0.323021 
0.292208 
0.291784 
0.286503 
0.244764 
0.246280 
0.216935 
0.167197 
0.155398 
0.169980 
0.140652 
0.119989 
0.106566 
0.130293 
0.099699 
0.105326 
0.108525 
0.104353 
0.125561 
0.130830 
0.125780 
0.134947 
0.160605 
0.127901 
0.133039 
0.121352 
0.113493 
0.121856 
0.095217 
0.103355 
0.118830 
0.119699 
0.141205 
0.116990 
0.140770 
0.104875 
0.143943 
0.133770 
0.153325 
0.145423 
0.125397 
0.104795 
0.109950 
0.100473 
0.129284 
0.073934 
0.096368 
0.082240 
0.090214 
0.066302 
0.065431 
0.063677 
0.063681 
0.070043 
0.060317 
0.057940 
0.062461 
0.063396 
0.060802 
0.051181 
0.055273 
0.052953 
0.052773 
0.043793 
0.055157 
0.046349 
0.047040 
0.044087 
0.042958 
0.031657 
0.030066 
0.025683 
0.032348 
0.023458 
0.022863 
0.024461 
0.019999 
0.025883 
0.023404 
0.017329 
0.017412 
0.015272 
0.012859 
0.012624 
0.012318 
0.012617 
0.012683 
0.009867 
0.012608 
0.012140 
0.011632 
0.014752 
0.011894 
0.013919 
0.010651 
0.013343 
0.013134 
0.012525 
0.012344 
0.011532 
0.010611 
0.010144 
0.012013 
0.009795 
0.009814 
0.008025 
0.007502 
0.005765 
0.005075 
0.006017 
0.005292 
0.004886 
0.004587 
0.004897 
0.004321 
0.003629 
0.004843 
0.004375 
0.003910 
0.004021 
0.004136 
0.004553 
0.004800 
0.004411 
0.003444 
0.003801 
0.003103 
0.002486 
0.002110 
0.002504 
0.001809 
0.001737 
0.001275 
0.001125 
0.000830 
0.000528 
0.000243 
0.000115 
0.000081 
0.000062 
0.000023 
0.000007 
0.000000 
0.000000 
0.000000 
0.000000 
0.000000 
0.000000 
0.000000 
0.000000 
0.000000 
0.000000 
0.000000 
0.000000 
0.000000 
0.000000 
0.000000 
0.000000 
0.000000 
0.000000 
0.000000 
0.000000 
0.000000 
0.000000 
0.000000 
0.000000 
0.000000 
0.000000 
0.000000 
0.000000 
0.000000 
0.000000 
0.000000 
0.000000 
0.000000 
0.000000 
0.000000 
0.000000 
0.000000 
0.000000 
0.000000 
0.000000 
0.000000 
0.000000 
0.000000 
0.000000 
0.000000 
0.000000 
0.000000 
0.000000 
0.000000 
0.000000 
0.000000 
0.000000 
0.000000 
0.000000 
0.000000 
0.000000 
0.000000 
0.000000 
0.000000 
0.000000 
0.000000 
0.000000 
0.000000 
0.000000 
0.000000 
0.000000 
0.000000 
0.000000 
0.000000 
0.000000 
0.000000 
0.000000 
0.000000 
0.000000 
0.000000 
0.000000 
0.000000 
0.000000 
0.000000 
0.000000 
0.000000 
0.000000 
0.000000 
0.000000 
0.000000 
0.000000 
0.000000 
0.000000 
0.000000 
0.000000 
0.000000 
0.000000 
0.000000 
0.000000 
0.000000 
0.000000 
0.000000 
0.000000 
0.000000 
0.000000 
0.000000 
0.000000 
0.000000 
0.000000 
0.000000 
0.000000 
0.000000 
0.000000 
0.000000 
0.000000 
0.000000 
0.000000 
0.000000 
0.000000 
0.000000 
0.000000 
0.000000 
0.000000 
0.000000 
0.000000 
0.000000 
0.000000 
0.000000 
0.000000 
0.000000 
0.000000 
0.000000 
0.000000 
0.000000 
0.000000 
0.000000 
0.000000 
0.000000 
0.000000 
0.000000 
0.000000 
0.000000 
0.000000 
0.000000 
0.000000 
0.000000 
0.000000 
0.000000 
0.000000 
0.000000 
0.000000 
0.000000 
0.000000 
0.000000 
0.000000 
0.000000 
0.000000 
0.000000 
0.000000 
0.000000 
0.000000 
0.000000 
0.000000 
0.000000 
0.000000 
0.000000 
0.000000 
0.000000 
0.000000 
0.000000 
0.000000 
0.000000 
0.000000 
0.000000 
0.000000 
0.000000 
0.000000 
0.000000 
0.000000 
0.000000 
0.000000 
0.000000 
0.000000 
0.000000 
0.000000 
0.000000 
0.000000 
0.000000 
0.000000 
0.000000 
0.000000 
0.000000 
0.000000 
0.000000 
0.000000 
0.000000 
