0.000000 
0.000000 
0.000000 
0.000000 
0.000000 
0.000000 
0.000000 
0.000000 
0.000000 
0.000000 
0.000000 
0.000000 
0.000000 
0.000000 
0.000000 
0.000000 
0.000000 
0.000000 
0.000000 
0.000000 
0.000000 
0.000000 
0.000000 
0.000000 
0.000000 
0.000000 
0.000000 
0.000000 
0.000000 
0.000000 
0.000000 
0.000000 
0.000000 
0.000000 
0.000000 
0.000000 
0.000000 
0.000000 
0.000000 
0.000000 
0.000000 
0.000000 
0.000000 
0.000000 
0.000000 
0.000000 
0.000000 
0.000000 
0.000000 
0.000000 
0.000000 
0.000000 
0.000000 
0.000000 
0.000000 
0.000000 
0.000000 
0.000000 
0.000000 
0.000000 
0.000000 
0.000000 
0.000000 
0.000000 
0.000000 
0.000000 
0.000000 
0.000000 
0.000000 
0.000000 
0.000000 
0.000000 
0.000000 
0.000000 
0.000000 
0.000000 
0.000000 
0.000000 
0.000000 
0.000000 
0.000000 
0.000000 
0.000000 
0.000000 
0.000000 
0.000000 
0.000000 
0.000000 
0.000000 
0.000000 
0.000000 
0.000000 
0.000000 
0.000000 
0.000000 
0.000000 
0.000000 
0.000000 
0.000000 
0.000000 
0.000000 
0.000000 
0.000000 
0.000000 
0.000000 
0.000000 
0.000000 
0.000000 
0.000000 
0.000000 
0.000000 
0.000000 
0.000000 
0.000000 
0.000000 
0.000000 
0.000000 
0.000000 
0.000000 
0.000000 
0.000000 
0.000000 
0.000000 
0.000000 
0.000000 
0.000000 
0.000000 
0.000000 
0.000000 
0.000000 
0.000000 
0.000000 
0.000000 
0.000000 
0.000000 
0.000000 
0.000000 
0.000000 
0.000000 
0.000000 
0.000000 
0.000000 
0.000000 
0.000000 
0.000000 
0.000000 
0.000000 
0.000000 
0.000000 
0.000000 
0.000000 
0.000000 
0.000000 
0.000000 
0.000000 
0.000000 
0.000000 
0.000000 
0.000000 
0.000000 
0.000000 
0.000000 
0.000000 
0.000000 
0.000000 
0.000000 
0.000000 
0.000000 
0.000000 
0.000000 
0.000000 
0.000000 
0.000000 
0.000000 
0.000000 
0.000000 
0.000000 
0.000000 
0.000000 
0.000000 
0.000000 
0.000000 
0.000000 
0.000000 
0.000000 
0.000000 
0.000000 
0.000000 
0.000000 
0.000000 
0.000000 
0.000000 
0.000000 
0.000000 
0.000000 
0.000000 
0.000000 
0.000000 
0.000000 
0.000000 
0.000000 
0.000000 
0.000000 
0.000000 
0.000000 
0.000000 
0.000000 
0.000000 
0.000000 
0.000000 
0.000000 
0.000000 
0.000000 
0.000000 
0.000000 
0.000000 
0.000000 
0.000000 
0.000000 
0.000000 
0.000000 
0.000000 
0.000000 
0.000000 
0.000000 
0.000042 
0.000141 
0.000366 
0.000550 
0.000742 
0.001050 
0.001518 
0.001606 
0.002424 
0.003270 
0.003788 
0.004998 
0.006535 
0.006914 
0.008109 
0.007747 
0.010933 
0.012209 
0.016420 
0.017974 
0.017975 
0.023465 
0.020879 
0.023793 
0.023877 
0.025879 
0.025757 
0.025531 
0.024373 
0.023203 
0.026011 
0.020942 
0.021092 
0.024873 
0.024297 
0.020925 
0.019787 
0.022206 
0.027371 
0.025726 
0.026691 
0.029844 
0.028494 
0.031617 
0.036585 
0.026028 
0.036113 
0.040416 
0.038941 
0.046971 
0.052242 
0.045961 
0.048644 
0.052681 
0.053300 
0.057666 
0.051439 
0.048314 
0.052549 
0.049881 
0.062959 
0.043890 
0.059933 
0.064300 
0.071699 
0.067872 
0.071844 
0.067553 
0.078090 
0.057437 
0.074638 
0.080526 
0.082220 
0.065287 
0.086944 
0.089269 
0.077768 
0.085245 
0.069923 
0.082522 
0.071727 
0.086918 
0.094111 
0.084765 
0.085448 
0.107096 
0.080551 
0.076828 
0.099713 
0.096842 
0.093680 
0.093306 
0.112126 
0.093264 
0.107120 
0.124812 
0.119914 
0.123420 
0.118498 
0.115804 
0.114750 
0.145955 
0.138653 
0.144617 
0.150654 
0.163189 
0.220460 
0.213876 
0.208125 
0.306221 
0.265927 
0.264406 
0.236372 
0.277444 
0.251517 
0.253852 
0.240992 
0.261422 
0.184273 
0.238402 
0.235759 
0.221282 
0.214412 
0.233741 
0.245020 
0.267369 
0.306854 
0.296659 
0.272838 
0.309608 
0.316645 
0.291552 
0.300366 
0.342924 
0.306614 
0.385026 
0.382272 
0.382967 
0.503143 
0.446507 
0.458768 
0.521546 
0.456805 
0.515557 
0.589279 
0.613961 
0.622020 
0.741639 
0.824882 
0.778127 
0.698739 
0.671987 
0.816129 
0.737954 
0.587874 
0.660208 
0.539734 
0.690873 
0.684883 
0.627398 
0.600746 
0.623173 
0.663963 
0.622331 
0.762543 
0.710792 
0.666298 
0.532980 
0.591315 
0.566315 
0.610505 
0.470026 
0.522492 
0.698102 
0.573306 
0.660329 
0.557484 
0.576677 
0.756996 
0.707855 
0.892840 
0.867845 
0.826699 
0.724624 
0.701705 
0.707703 
0.580645 
0.633229 
0.633773 
0.679400 
0.688553 
0.675263 
0.712407 
0.804081 
0.655903 
0.941331 
0.698769 
0.817751 
0.930409 
1.098644 
0.959856 
0.906102 
0.793728 
0.784386 
0.854140 
0.876821 
0.951072 
0.968386 
1.164332 
1.118807 
0.908227 
1.193171 
1.104655 
1.189887 
1.085101 
1.143223 
1.360297 
1.242078 
1.202886 
1.323214 
1.383775 
1.290835 
1.563324 
1.609376 
1.269405 
1.676198 
1.280998 
1.354252 
1.312953 
1.347730 
1.136116 
1.671591 
1.180920 
1.372751 
1.583541 
1.519996 
1.563261 
1.414642 
1.383679 
1.366777 
1.005520 
0.896935 
0.642396 
0.482306 
0.429624 
0.508690 
0.673160 
1.084130 
0.964114 
1.152141 
1.235314 
1.550645 
1.286554 
1.390659 
1.197449 
1.427770 
1.265989 
1.246492 
1.746908 
1.346614 
1.367433 
1.304262 
1.461161 
1.310512 
1.388713 
1.803911 
1.443365 
1.549724 
1.158792 
1.432986 
1.263622 
1.433196 
1.273415 
1.386222 
1.434641 
1.530589 
1.423983 
1.217214 
1.279734 
1.451341 
1.202347 
1.296586 
1.322108 
1.653441 
1.518926 
1.579554 
1.328548 
1.006331 
0.842316 
0.728473 
0.627941 
0.389227 
0.324391 
0.301313 
0.205232 
0.335905 
0.417370 
0.671448 
0.963520 
1.022376 
1.161603 
1.353882 
1.553880 
1.435165 
1.617386 
1.672396 
1.624215 
1.782337 
1.674878 
1.729775 
1.691937 
1.782360 
1.700404 
1.691009 
1.932383 
1.703192 
1.740587 
1.575852 
1.817587 
1.986560 
1.919356 
1.799431 
1.550141 
1.894332 
1.935285 
2.023182 
2.079063 
1.756670 
1.912630 
1.790764 
1.462879 
1.891941 
1.725495 
1.969711 
1.588761 
1.853534 
2.070500 
1.778919 
2.065163 
1.923353 
1.603666 
2.197612 
1.973653 
1.922608 
1.841610 
1.865874 
1.799152 
2.030818 
1.869716 
2.267280 
2.108452 
1.748621 
1.674320 
1.917361 
1.688603 
2.227570 
1.662366 
2.542182 
1.942551 
1.932084 
1.740524 
1.698247 
1.919928 
1.738509 
1.648643 
2.105993 
2.128505 
1.969279 
2.108710 
2.432593 
2.336020 
1.907125 
1.595936 
1.302623 
1.215517 
1.181694 
1.175046 
1.328877 
1.807911 
1.433948 
1.818712 
1.776712 
1.844244 
2.235938 
2.139374 
2.178739 
2.586151 
2.212727 
2.117888 
1.930425 
2.167311 
1.620554 
1.754690 
1.530594 
1.298935 
1.162084 
1.130184 
1.361510 
1.075304 
0.907487 
1.171785 
1.765407 
1.986479 
2.135717 
1.775913 
2.041407 
2.067658 
1.924936 
2.045324 
2.010125 
1.908230 
1.760978 
1.754356 
1.343058 
1.460091 
1.407892 
1.706544 
2.219079 
2.802359 
2.409976 
2.019614 
2.220582 
2.150475 
2.071180 
2.100629 
2.108022 
2.192587 
1.779497 
1.798016 
2.121343 
1.981054 
1.853854 
1.828877 
2.175459 
2.524762 
2.463763 
2.883052 
2.050166 
2.093187 
1.641847 
1.502639 
1.068314 
0.852527 
0.784297 
0.446267 
0.440215 
0.451538 
0.467866 
0.429921 
0.477255 
0.605477 
0.856391 
1.200623 
1.581826 
1.747841 
2.325843 
2.040308 
2.204792 
2.111259 
2.245743 
2.034793 
2.173662 
2.122503 
2.119466 
2.572486 
2.437441 
2.560626 
2.382427 
2.240515 
2.694510 
2.177590 
2.563187 
2.564496 
2.503421 
2.124151 
1.927325 
2.333328 
2.190243 
1.989605 
2.063771 
2.055447 
1.588184 
1.309382 
0.628943 
0.657037 
0.557934 
0.615201 
0.785626 
0.866988 
0.949952 
1.181889 
1.261114 
1.194239 
1.274369 
1.354119 
1.134524 
1.252645 
1.045243 
0.804401 
0.875242 
0.853543 
1.016620 
1.173199 
1.124098 
1.550526 
1.522772 
1.669222 
1.667757 
1.888105 
1.697970 
1.645161 
1.546630 
1.333072 
1.104097 
1.126773 
0.919087 
0.927616 
0.955115 
0.874830 
1.095501 
1.052144 
0.839189 
0.849294 
0.970392 
0.788369 
0.803792 
0.869588 
0.911022 
1.009363 
1.250932 
1.135374 
1.420769 
1.221270 
1.291035 
1.496928 
1.353581 
1.874543 
1.895858 
2.230933 
2.763487 
2.433766 
2.444134 
1.859242 
2.300568 
2.229897 
1.788534 
1.425867 
1.234743 
1.021495 
0.874237 
0.823144 
0.677073 
0.666806 
0.617154 
0.590640 
0.593106 
0.797314 
1.078276 
1.159280 
1.405876 
2.040442 
1.972712 
2.234590 
2.885801 
2.417959 
2.839064 
2.627688 
2.376396 
2.175853 
2.068266 
2.463174 
1.865279 
2.053893 
2.318132 
2.309904 
2.635753 
2.570654 
1.945842 
2.146019 
2.278915 
2.559803 
2.659911 
2.425926 
2.043375 
2.117651 
2.284095 
2.624284 
2.030749 
2.778285 
2.604952 
2.465893 
2.304662 
2.483893 
2.543347 
2.225276 
2.271777 
2.507037 
2.333771 
2.205877 
2.507701 
2.375201 
2.061566 
1.734715 
1.484445 
1.578663 
1.908090 
1.877739 
2.098643 
2.382699 
2.153449 
2.341722 
2.204533 
2.550113 
2.467095 
2.232800 
2.180720 
2.273808 
2.255481 
2.380930 
2.102686 
1.891711 
2.363506 
2.315315 
1.973261 
2.002141 
2.469493 
1.821458 
2.017112 
1.519338 
1.581350 
1.660333 
1.523408 
0.959494 
1.143321 
1.420092 
1.583517 
1.540942 
1.409308 
1.608532 
1.843897 
1.921432 
2.169294 
2.314043 
2.216382 
1.904610 
1.974593 
1.855565 
1.847804 
1.449319 
2.097160 
1.839660 
2.024229 
2.064091 
1.809207 
1.999161 
1.837477 
1.821238 
1.575513 
1.914697 
1.654921 
1.600003 
1.385103 
2.051780 
1.499199 
1.924409 
1.334516 
1.448420 
1.600576 
1.333195 
1.456135 
1.356067 
1.341147 
1.709171 
1.352125 
1.437204 
1.764694 
2.006870 
1.612166 
1.779729 
1.478371 
1.524801 
1.382442 
1.104234 
0.885475 
0.537774 
0.637001 
0.609169 
0.550367 
0.642783 
0.569720 
0.527629 
0.494075 
0.426884 
0.439347 
0.493477 
0.601162 
0.589105 
0.562012 
0.572354 
0.555738 
0.588788 
0.643701 
0.917665 
0.980596 
1.125456 
1.188137 
1.248411 
1.756256 
1.617228 
1.633117 
1.675064 
1.477851 
1.682658 
1.655243 
1.299624 
1.140966 
1.212820 
1.020284 
1.106413 
0.999754 
0.984448 
0.907489 
1.145671 
0.903714 
0.814824 
0.764274 
1.050139 
0.951301 
0.934905 
1.083568 
1.334724 
1.173094 
1.273635 
1.735733 
1.821807 
1.305514 
1.530356 
1.558907 
1.784738 
1.768463 
1.449634 
1.250238 
1.169394 
0.891242 
1.163491 
1.019686 
1.013996 
1.149802 
0.955793 
0.872172 
1.074476 
1.104351 
1.174853 
1.122450 
1.085122 
1.015929 
1.098657 
1.023816 
1.241431 
1.341274 
1.334302 
1.211770 
1.295362 
1.387797 
1.324357 
1.098840 
0.944633 
1.016140 
0.738182 
0.761460 
0.763230 
0.920006 
1.106062 
0.900867 
1.041663 
0.934902 
0.876036 
0.655040 
0.587566 
0.591618 
0.563690 
0.496910 
0.665043 
0.699684 
0.797824 
0.727151 
0.623712 
0.744999 
0.732668 
0.644167 
0.626936 
0.607195 
0.588129 
0.674387 
0.574058 
0.578310 
0.486109 
0.526572 
0.511755 
0.462720 
0.476053 
0.414913 
0.411657 
0.435371 
0.282634 
0.333083 
0.279278 
0.240282 
0.292207 
0.264993 
0.259959 
0.267067 
0.227351 
0.230980 
0.198757 
0.252901 
0.248712 
0.197457 
0.233927 
0.214534 
0.195571 
0.223389 
0.222888 
0.208185 
0.209994 
0.196277 
0.215462 
0.191047 
0.217452 
0.214701 
0.267941 
0.255510 
0.329908 
0.267074 
0.340890 
0.322487 
0.249244 
0.238325 
0.275992 
0.339563 
0.378699 
0.349486 
0.347172 
0.387947 
0.370306 
0.380456 
0.380646 
0.358060 
0.402615 
0.369287 
0.361737 
0.448609 
0.437816 
0.277797 
0.363448 
0.377092 
0.310545 
0.391683 
0.456342 
0.462938 
0.489456 
0.414771 
0.512466 
0.433359 
0.508939 
0.479464 
0.567884 
0.729563 
0.822839 
0.899746 
0.760058 
0.875946 
0.840667 
0.778108 
0.781137 
0.682599 
0.574375 
0.447820 
0.395736 
0.353983 
0.405299 
0.351255 
0.390495 
0.385320 
0.336439 
0.361165 
0.308523 
0.225164 
0.225383 
0.201653 
0.180558 
0.173916 
0.164267 
0.147542 
0.175402 
0.150809 
0.162476 
0.148914 
0.142920 
0.134828 
0.131479 
0.149654 
0.188846 
0.158621 
0.178070 
0.179762 
0.170737 
0.146690 
0.144349 
0.137779 
0.171486 
0.154534 
0.148952 
0.179260 
0.150895 
0.176586 
0.172417 
0.160222 
0.145133 
0.176635 
0.147973 
0.157540 
0.171643 
0.136902 
0.149976 
0.137200 
0.125001 
0.115558 
0.098465 
0.104698 
0.089093 
0.103562 
0.080156 
0.081738 
0.071515 
0.090806 
0.071122 
0.062717 
0.063816 
0.065555 
0.070737 
0.060693 
0.070700 
0.055214 
0.066523 
0.069698 
0.061032 
0.063335 
0.048175 
0.055922 
0.055629 
0.049372 
0.047420 
0.043643 
0.036831 
0.043315 
0.031324 
0.030632 
0.021867 
0.029460 
0.027217 
0.025161 
0.024856 
0.016394 
0.019129 
0.019446 
0.016460 
0.014827 
0.012715 
0.014078 
0.013006 
0.013110 
0.013766 
0.014423 
0.015657 
0.015608 
0.017638 
0.015861 
0.017285 
0.014571 
0.014585 
0.016060 
0.018198 
0.014520 
0.017681 
0.011476 
0.013672 
0.011755 
0.007799 
0.006524 
0.005926 
0.006609 
0.006286 
0.006691 
0.006206 
0.006234 
0.005250 
0.006126 
0.005786 
0.004144 
0.005599 
0.004824 
0.004906 
0.004067 
0.004472 
0.004720 
0.004587 
0.004151 
0.004237 
0.003885 
0.003025 
0.002742 
0.002776 
0.002260 
0.001872 
0.001133 
0.000993 
0.000692 
0.000334 
0.000157 
0.000115 
0.000073 
0.000032 
0.000007 
0.000000 
0.000000 
0.000000 
0.000000 
0.000000 
0.000000 
0.000000 
0.000000 
0.000000 
0.000000 
0.000000 
0.000000 
0.000000 
0.000000 
0.000000 
0.000000 
0.000000 
0.000000 
0.000000 
0.000000 
0.000000 
0.000000 
0.000000 
0.000000 
0.000000 
0.000000 
0.000000 
0.000000 
0.000000 
0.000000 
0.000000 
0.000000 
0.000000 
0.000000 
0.000000 
0.000000 
0.000000 
0.000000 
0.000000 
0.000000 
0.000000 
0.000000 
0.000000 
0.000000 
0.000000 
0.000000 
0.000000 
0.000000 
0.000000 
0.000000 
0.000000 
0.000000 
0.000000 
0.000000 
0.000000 
0.000000 
0.000000 
0.000000 
0.000000 
0.000000 
0.000000 
0.000000 
0.000000 
0.000000 
0.000000 
0.000000 
0.000000 
0.000000 
0.000000 
0.000000 
0.000000 
0.000000 
0.000000 
0.000000 
0.000000 
0.000000 
0.000000 
0.000000 
0.000000 
0.000000 
0.000000 
0.000000 
0.000000 
0.000000 
0.000000 
0.000000 
0.000000 
0.000000 
0.000000 
0.000000 
0.000000 
0.000000 
0.000000 
0.000000 
0.000000 
0.000000 
0.000000 
0.000000 
0.000000 
0.000000 
0.000000 
0.000000 
0.000000 
0.000000 
0.000000 
0.000000 
0.000000 
0.000000 
0.000000 
0.000000 
0.000000 
0.000000 
0.000000 
0.000000 
0.000000 
0.000000 
0.000000 
0.000000 
0.000000 
0.000000 
0.000000 
0.000000 
0.000000 
0.000000 
0.000000 
0.000000 
0.000000 
0.000000 
0.000000 
0.000000 
0.000000 
0.000000 
0.000000 
0.000000 
0.000000 
0.000000 
0.000000 
0.000000 
0.000000 
0.000000 
0.000000 
0.000000 
0.000000 
0.000000 
0.000000 
0.000000 
0.000000 
0.000000 
0.000000 
0.000000 
0.000000 
0.000000 
0.000000 
0.000000 
0.000000 
0.000000 
0.000000 
0.000000 
0.000000 
0.000000 
0.000000 
0.000000 
0.000000 
0.000000 
0.000000 
0.000000 
0.000000 
0.000000 
0.000000 
0.000000 
0.000000 
0.000000 
0.000000 
0.000000 
0.000000 
0.000000 
0.000000 
0.000000 
0.000000 
0.000000 
0.000000 
0.000000 
0.000000 
0.000000 
0.000000 
0.000000 
0.000000 
0.000000 
0.000000 
0.000000 
0.000000 
