0.000000 
0.000000 
0.000000 
0.000000 
0.000000 
0.000000 
0.000000 
0.000000 
0.000000 
0.000000 
0.000000 
0.000000 
0.000000 
0.000000 
0.000000 
0.000000 
0.000000 
0.000000 
0.000000 
0.000000 
0.000000 
0.000000 
0.000000 
0.000000 
0.000000 
0.000000 
0.000000 
0.000000 
0.000000 
0.000000 
0.000000 
0.000000 
0.000000 
0.000000 
0.000000 
0.000000 
0.000000 
0.000000 
0.000000 
0.000000 
0.000000 
0.000000 
0.000000 
0.000000 
0.000000 
0.000000 
0.000000 
0.000000 
0.000000 
0.000000 
0.000000 
0.000000 
0.000000 
0.000000 
0.000000 
0.000000 
0.000000 
0.000000 
0.000000 
0.000000 
0.000000 
0.000000 
0.000000 
0.000000 
0.000000 
0.000000 
0.000000 
0.000000 
0.000000 
0.000000 
0.000000 
0.000000 
0.000000 
0.000000 
0.000000 
0.000000 
0.000000 
0.000000 
0.000000 
0.000000 
0.000000 
0.000000 
0.000000 
0.000000 
0.000000 
0.000000 
0.000000 
0.000000 
0.000000 
0.000000 
0.000000 
0.000000 
0.000000 
0.000000 
0.000000 
0.000000 
0.000000 
0.000000 
0.000000 
0.000000 
0.000000 
0.000000 
0.000000 
0.000000 
0.000000 
0.000000 
0.000000 
0.000000 
0.000000 
0.000000 
0.000000 
0.000000 
0.000000 
0.000000 
0.000000 
0.000000 
0.000000 
0.000000 
0.000000 
0.000000 
0.000000 
0.000000 
0.000000 
0.000000 
0.000000 
0.000000 
0.000000 
0.000000 
0.000000 
0.000000 
0.000000 
0.000000 
0.000000 
0.000000 
0.000000 
0.000000 
0.000000 
0.000000 
0.000000 
0.000000 
0.000000 
0.000000 
0.000000 
0.000000 
0.000000 
0.000000 
0.000000 
0.000000 
0.000000 
0.000000 
0.000000 
0.000000 
0.000000 
0.000000 
0.000000 
0.000000 
0.000000 
0.000000 
0.000000 
0.000000 
0.000000 
0.000000 
0.000000 
0.000000 
0.000000 
0.000000 
0.000000 
0.000000 
0.000000 
0.000000 
0.000000 
0.000000 
0.000000 
0.000000 
0.000000 
0.000000 
0.000000 
0.000000 
0.000000 
0.000000 
0.000000 
0.000000 
0.000000 
0.000000 
0.000000 
0.000000 
0.000000 
0.000000 
0.000000 
0.000000 
0.000000 
0.000000 
0.000000 
0.000000 
0.000000 
0.000000 
0.000000 
0.000000 
0.000000 
0.000000 
0.000000 
0.000000 
0.000000 
0.000000 
0.000000 
0.000000 
0.000000 
0.000000 
0.000000 
0.000000 
0.000000 
0.000000 
0.000000 
0.000000 
0.000000 
0.000000 
0.000000 
0.000000 
0.000000 
0.000000 
0.000000 
0.000000 
0.000000 
0.000000 
0.000000 
0.000057 
0.000172 
0.000421 
0.000547 
0.000816 
0.001208 
0.001645 
0.002281 
0.002780 
0.003344 
0.004204 
0.005357 
0.006660 
0.005955 
0.008997 
0.008304 
0.014402 
0.023179 
0.017353 
0.023747 
0.019498 
0.029094 
0.026328 
0.023244 
0.027642 
0.029539 
0.027858 
0.034645 
0.034775 
0.032960 
0.028292 
0.023244 
0.025007 
0.027335 
0.026896 
0.031890 
0.030162 
0.029642 
0.030911 
0.029563 
0.027672 
0.034207 
0.033718 
0.036064 
0.040105 
0.036040 
0.041808 
0.049394 
0.056229 
0.051994 
0.050599 
0.059279 
0.063366 
0.059254 
0.073618 
0.067627 
0.067618 
0.064939 
0.071587 
0.067660 
0.074026 
0.080857 
0.063506 
0.070342 
0.084032 
0.086803 
0.060204 
0.070776 
0.082310 
0.082165 
0.094039 
0.080130 
0.094955 
0.084546 
0.104200 
0.083406 
0.092909 
0.116519 
0.087644 
0.098017 
0.100622 
0.104354 
0.103309 
0.096280 
0.096175 
0.116062 
0.112301 
0.137179 
0.120768 
0.112333 
0.116459 
0.111498 
0.129960 
0.122127 
0.131339 
0.129312 
0.158666 
0.128298 
0.143754 
0.119166 
0.160480 
0.160928 
0.160629 
0.147860 
0.201627 
0.234490 
0.229548 
0.263934 
0.209907 
0.262502 
0.289890 
0.284423 
0.329922 
0.277261 
0.281818 
0.298083 
0.337210 
0.249846 
0.278322 
0.266857 
0.290010 
0.285838 
0.289945 
0.272499 
0.324683 
0.332878 
0.296778 
0.332626 
0.316446 
0.340938 
0.423904 
0.358307 
0.427903 
0.343591 
0.411928 
0.431893 
0.523467 
0.402862 
0.468773 
0.615851 
0.582408 
0.520811 
0.689319 
0.661224 
0.626854 
0.601502 
0.788753 
0.862723 
0.979664 
1.151444 
1.032049 
0.950061 
0.930997 
0.915821 
0.873633 
0.739170 
0.854476 
0.646717 
0.810835 
0.754494 
0.763230 
0.793722 
0.690872 
0.755521 
0.660834 
0.920786 
0.524947 
0.765704 
0.681781 
0.658968 
0.549263 
0.665550 
0.751273 
0.738910 
0.652343 
0.632765 
0.713011 
0.776168 
1.108335 
0.893413 
0.870077 
0.879418 
1.026333 
0.929331 
1.074156 
0.758639 
0.799104 
0.718798 
0.758636 
0.707583 
0.649513 
0.780757 
0.942818 
0.787437 
1.237618 
1.131455 
1.034933 
1.102472 
0.963800 
1.071547 
1.365306 
1.197908 
1.216308 
1.017981 
0.983951 
1.088904 
1.338380 
1.133711 
1.179197 
1.382634 
1.247762 
1.555469 
1.618438 
1.392056 
1.381691 
1.452024 
1.478702 
1.494324 
1.455552 
1.582849 
1.538023 
1.355708 
1.721094 
1.780274 
1.741392 
1.848262 
1.466870 
1.542140 
1.513196 
1.923427 
1.582904 
1.660060 
2.102716 
1.824353 
1.644489 
1.615276 
1.801520 
1.496224 
1.747344 
1.418684 
1.025607 
1.285164 
0.831061 
0.715918 
0.577252 
0.662784 
0.830040 
1.092622 
1.461158 
1.345959 
1.568485 
1.586387 
1.586201 
1.606518 
1.498041 
1.748543 
1.715433 
1.632322 
1.659399 
1.830804 
1.588095 
1.871275 
1.503482 
1.609196 
1.622916 
1.400735 
1.908264 
1.807998 
1.498966 
1.616390 
1.551077 
1.719714 
1.538919 
1.525056 
1.955111 
1.809869 
1.462132 
1.789810 
1.418890 
1.575657 
1.282981 
1.534721 
2.044642 
1.447402 
1.678843 
1.932373 
1.738187 
1.322201 
1.181154 
0.933539 
0.843930 
0.577692 
0.451836 
0.363788 
0.316597 
0.382041 
0.520380 
1.025326 
0.968434 
1.615675 
1.482030 
1.562487 
1.463147 
1.651799 
2.156118 
1.878702 
2.113210 
2.241315 
2.041009 
2.023299 
1.625866 
1.877701 
1.935520 
2.024605 
1.852887 
2.202461 
2.182958 
1.769617 
2.249890 
1.892142 
2.217030 
1.804674 
2.818047 
1.805776 
2.125820 
1.851921 
1.688388 
2.093833 
2.017285 
2.328077 
2.493855 
2.209267 
2.282816 
2.525482 
1.590606 
2.154545 
2.160526 
2.675034 
2.233419 
2.176054 
1.973854 
2.221897 
2.003667 
2.061110 
2.614903 
2.042700 
1.875944 
2.674417 
2.556011 
2.531997 
2.568494 
2.825244 
2.756009 
2.223716 
2.532876 
2.657600 
2.367554 
2.738085 
2.452464 
2.553324 
2.442942 
2.526050 
2.301998 
2.349101 
2.228380 
2.654938 
2.422659 
2.448837 
2.198460 
2.589633 
2.524315 
2.206008 
2.130692 
1.497565 
1.277769 
1.510697 
1.782033 
1.983192 
1.816975 
1.778452 
2.151074 
2.447542 
2.733229 
2.447431 
2.506151 
2.596081 
2.518918 
2.460597 
2.900007 
2.816910 
2.349078 
2.009101 
1.799942 
1.905715 
1.702981 
1.722839 
1.464441 
1.340338 
1.207361 
1.363094 
1.312066 
1.895040 
2.167170 
2.885115 
3.231973 
2.899312 
2.241631 
2.619007 
3.002446 
2.593455 
1.966944 
1.934861 
1.744749 
1.848359 
1.606763 
1.641739 
2.097249 
2.338214 
2.307118 
2.676089 
3.158987 
3.042844 
2.525108 
2.847396 
2.886258 
2.773425 
2.538726 
2.460184 
2.050467 
2.404958 
2.064755 
2.464412 
2.765355 
2.407590 
2.659267 
2.696982 
2.692875 
2.837510 
2.029825 
1.834589 
1.806444 
1.343964 
0.879786 
0.746005 
0.586656 
0.595362 
0.546651 
0.491831 
0.559574 
0.500380 
0.689975 
0.958460 
1.572159 
1.910203 
2.690041 
2.433611 
2.550616 
2.985919 
2.663309 
2.824623 
3.110856 
2.488821 
2.799548 
3.348358 
2.464948 
3.179844 
3.077410 
3.024014 
2.767099 
3.097493 
2.775446 
2.955476 
3.003776 
3.119970 
2.991020 
2.482402 
2.490954 
3.238416 
2.724193 
2.654387 
2.228950 
1.572946 
1.448064 
0.786996 
0.743933 
0.791149 
0.726271 
0.900582 
0.928787 
1.207531 
1.266085 
1.421747 
1.510937 
1.407379 
2.035007 
2.005001 
1.443831 
1.184828 
1.026470 
1.019993 
1.071363 
1.337688 
1.574215 
1.445057 
1.796788 
2.071129 
2.004626 
2.168792 
2.170595 
2.499444 
1.944571 
2.238830 
1.534883 
1.188170 
1.002428 
0.997851 
1.220724 
1.102000 
1.058367 
1.047302 
1.207661 
0.932173 
0.755120 
1.077696 
0.879068 
0.962412 
1.081808 
1.265267 
1.232974 
1.512803 
1.349449 
1.635610 
1.659311 
1.569941 
1.656837 
2.142314 
2.221717 
2.337732 
2.562583 
2.866828 
2.436645 
2.571351 
2.492288 
2.414064 
2.569841 
2.112794 
1.997263 
1.273659 
1.184661 
0.867340 
1.014028 
0.921975 
0.710999 
0.811209 
0.812249 
0.985714 
1.060513 
1.086279 
1.383931 
1.420227 
2.119896 
2.069631 
2.798449 
2.576218 
2.823014 
3.485887 
2.880793 
2.757416 
2.580027 
2.634753 
2.735717 
2.563069 
2.964529 
2.684884 
3.076478 
2.601980 
2.576582 
2.629540 
2.110363 
2.365311 
2.676197 
2.202991 
2.533292 
3.018098 
2.727341 
2.457285 
2.891869 
2.367499 
2.485216 
2.953787 
2.928776 
3.193921 
2.592957 
2.857236 
2.941133 
2.998890 
3.101381 
2.978463 
2.454279 
2.331914 
2.285612 
2.351854 
2.155765 
2.415412 
1.846622 
1.900630 
2.368100 
2.250906 
2.913750 
2.735401 
2.760353 
2.675470 
3.179708 
3.152019 
2.056301 
2.917898 
2.239854 
2.440593 
2.712936 
2.503656 
2.632142 
2.630685 
1.978082 
2.638971 
2.564468 
2.540129 
2.135072 
2.249990 
1.427454 
2.097063 
1.695529 
1.737580 
1.864045 
1.971588 
1.748458 
1.800424 
2.135097 
2.260383 
2.477204 
2.689526 
2.729599 
2.280220 
2.270214 
2.707602 
2.651918 
2.361167 
2.474867 
1.971853 
2.228361 
2.513558 
2.555743 
2.295409 
2.502496 
2.675242 
2.495366 
2.546159 
2.270973 
1.924342 
1.904670 
1.890393 
1.862127 
1.992291 
1.643654 
1.819070 
1.982505 
1.849773 
1.897192 
1.659999 
1.692484 
2.128067 
1.246060 
1.752919 
2.023847 
2.211445 
2.339409 
2.022229 
2.029119 
2.095662 
1.986282 
2.304002 
1.963852 
1.352303 
1.252266 
0.830246 
0.802696 
0.752069 
0.846454 
0.646570 
0.623141 
0.632213 
0.603658 
0.603907 
0.600506 
0.525614 
0.650129 
0.563489 
0.635516 
0.749518 
0.665844 
0.758316 
0.789463 
0.754873 
0.974404 
1.322126 
1.410198 
1.558724 
1.706862 
1.733574 
2.156988 
1.726721 
1.941958 
1.701162 
2.033665 
1.586761 
1.789192 
1.393239 
1.528171 
1.385763 
1.261160 
1.259402 
1.087290 
1.125072 
1.045092 
1.199738 
1.181299 
1.251929 
1.030267 
1.143073 
1.052577 
1.145055 
1.327303 
1.596110 
1.966468 
2.206499 
1.725923 
1.972154 
1.673789 
1.830242 
2.327305 
1.917516 
1.690140 
1.583034 
1.499583 
1.156138 
1.487857 
1.283099 
1.350843 
1.017049 
1.321336 
1.088955 
1.223402 
1.055675 
1.211150 
1.115292 
1.203089 
1.133525 
1.292083 
1.285768 
1.429993 
1.609212 
1.205407 
1.528408 
1.600286 
1.655557 
1.582284 
1.301345 
1.374438 
1.352654 
0.978399 
0.975687 
0.900335 
1.056651 
1.113184 
1.159417 
1.274833 
1.412481 
1.006120 
1.007214 
0.858366 
0.675901 
0.612893 
0.736022 
0.779565 
0.886220 
0.794509 
0.692329 
0.694646 
0.722020 
0.771613 
0.846485 
0.784059 
0.672228 
0.791956 
0.762147 
0.728768 
0.670755 
0.711178 
0.602983 
0.627260 
0.441116 
0.550910 
0.506969 
0.482418 
0.511505 
0.415183 
0.405915 
0.375370 
0.361156 
0.331342 
0.342136 
0.272760 
0.251897 
0.303119 
0.266725 
0.253425 
0.229462 
0.300872 
0.271706 
0.240845 
0.201552 
0.279821 
0.219714 
0.275759 
0.300846 
0.222848 
0.271563 
0.245609 
0.289557 
0.250916 
0.297240 
0.311842 
0.305760 
0.302023 
0.274463 
0.377294 
0.336814 
0.360430 
0.386019 
0.388176 
0.380480 
0.378214 
0.367382 
0.402334 
0.457549 
0.416419 
0.345270 
0.453220 
0.447790 
0.448263 
0.393193 
0.417498 
0.368790 
0.444763 
0.442108 
0.432635 
0.451889 
0.445121 
0.569305 
0.410788 
0.576816 
0.573877 
0.546781 
0.551707 
0.572521 
0.582265 
0.701421 
0.837398 
0.906435 
1.042185 
0.918008 
1.052895 
0.977371 
0.889676 
0.978297 
0.907996 
0.811166 
0.568416 
0.544682 
0.412713 
0.401897 
0.457746 
0.376158 
0.493031 
0.433583 
0.435741 
0.412895 
0.434857 
0.294436 
0.240921 
0.253290 
0.206502 
0.209193 
0.159333 
0.196249 
0.190715 
0.186936 
0.176453 
0.171085 
0.181718 
0.178183 
0.190701 
0.162883 
0.175998 
0.205442 
0.200207 
0.182254 
0.217911 
0.188649 
0.210172 
0.203051 
0.208255 
0.180564 
0.201993 
0.166537 
0.141860 
0.175333 
0.156537 
0.196871 
0.212798 
0.234811 
0.223663 
0.196382 
0.167795 
0.177258 
0.175123 
0.165467 
0.152774 
0.145375 
0.137404 
0.117598 
0.125167 
0.116551 
0.098089 
0.086463 
0.095472 
0.091857 
0.092551 
0.088002 
0.096471 
0.079564 
0.103407 
0.077317 
0.079713 
0.099144 
0.081738 
0.068543 
0.075607 
0.074809 
0.066351 
0.065894 
0.053473 
0.060212 
0.048603 
0.050792 
0.044063 
0.053012 
0.044054 
0.043199 
0.038406 
0.033316 
0.035721 
0.027594 
0.023887 
0.024630 
0.022195 
0.019089 
0.020619 
0.020250 
0.020715 
0.015477 
0.018322 
0.015075 
0.016934 
0.016028 
0.018857 
0.016961 
0.017818 
0.019156 
0.021677 
0.019028 
0.015648 
0.017126 
0.015101 
0.016680 
0.015153 
0.015360 
0.012567 
0.012431 
0.009158 
0.008357 
0.009190 
0.007248 
0.007618 
0.007260 
0.005405 
0.007561 
0.007198 
0.006661 
0.007413 
0.007139 
0.006547 
0.006849 
0.004879 
0.006085 
0.005498 
0.005470 
0.005477 
0.004878 
0.005510 
0.004082 
0.003594 
0.003478 
0.002905 
0.002694 
0.002190 
0.001681 
0.001211 
0.000691 
0.000429 
0.000208 
0.000114 
0.000086 
0.000033 
0.000008 
0.000000 
0.000000 
0.000000 
0.000000 
0.000000 
0.000000 
0.000000 
0.000000 
0.000000 
0.000000 
0.000000 
0.000000 
0.000000 
0.000000 
0.000000 
0.000000 
0.000000 
0.000000 
0.000000 
0.000000 
0.000000 
0.000000 
0.000000 
0.000000 
0.000000 
0.000000 
0.000000 
0.000000 
0.000000 
0.000000 
0.000000 
0.000000 
0.000000 
0.000000 
0.000000 
0.000000 
0.000000 
0.000000 
0.000000 
0.000000 
0.000000 
0.000000 
0.000000 
0.000000 
0.000000 
0.000000 
0.000000 
0.000000 
0.000000 
0.000000 
0.000000 
0.000000 
0.000000 
0.000000 
0.000000 
0.000000 
0.000000 
0.000000 
0.000000 
0.000000 
0.000000 
0.000000 
0.000000 
0.000000 
0.000000 
0.000000 
0.000000 
0.000000 
0.000000 
0.000000 
0.000000 
0.000000 
0.000000 
0.000000 
0.000000 
0.000000 
0.000000 
0.000000 
0.000000 
0.000000 
0.000000 
0.000000 
0.000000 
0.000000 
0.000000 
0.000000 
0.000000 
0.000000 
0.000000 
0.000000 
0.000000 
0.000000 
0.000000 
0.000000 
0.000000 
0.000000 
0.000000 
0.000000 
0.000000 
0.000000 
0.000000 
0.000000 
0.000000 
0.000000 
0.000000 
0.000000 
0.000000 
0.000000 
0.000000 
0.000000 
0.000000 
0.000000 
0.000000 
0.000000 
0.000000 
0.000000 
0.000000 
0.000000 
0.000000 
0.000000 
0.000000 
0.000000 
0.000000 
0.000000 
0.000000 
0.000000 
0.000000 
0.000000 
0.000000 
0.000000 
0.000000 
0.000000 
0.000000 
0.000000 
0.000000 
0.000000 
0.000000 
0.000000 
0.000000 
0.000000 
0.000000 
0.000000 
0.000000 
0.000000 
0.000000 
0.000000 
0.000000 
0.000000 
0.000000 
0.000000 
0.000000 
0.000000 
0.000000 
0.000000 
0.000000 
0.000000 
0.000000 
0.000000 
0.000000 
0.000000 
0.000000 
0.000000 
0.000000 
0.000000 
0.000000 
0.000000 
0.000000 
0.000000 
0.000000 
0.000000 
0.000000 
0.000000 
0.000000 
0.000000 
0.000000 
0.000000 
0.000000 
0.000000 
0.000000 
0.000000 
0.000000 
0.000000 
0.000000 
0.000000 
0.000000 
0.000000 
0.000000 
0.000000 
0.000000 
0.000000 
0.000000 
