0.000000 
0.000000 
0.000000 
0.000000 
0.000000 
0.000000 
0.000000 
0.000000 
0.000000 
0.000000 
0.000000 
0.000000 
0.000000 
0.000000 
0.000000 
0.000000 
0.000000 
0.000000 
0.000000 
0.000000 
0.000000 
0.000000 
0.000000 
0.000000 
0.000000 
0.000000 
0.000000 
0.000000 
0.000000 
0.000000 
0.000000 
0.000000 
0.000000 
0.000000 
0.000000 
0.000000 
0.000000 
0.000000 
0.000000 
0.000000 
0.000000 
0.000000 
0.000000 
0.000000 
0.000000 
0.000000 
0.000000 
0.000000 
0.000000 
0.000000 
0.000000 
0.000000 
0.000000 
0.000000 
0.000000 
0.000000 
0.000000 
0.000000 
0.000000 
0.000000 
0.000000 
0.000000 
0.000000 
0.000000 
0.000000 
0.000000 
0.000000 
0.000000 
0.000000 
0.000000 
0.000000 
0.000000 
0.000000 
0.000000 
0.000000 
0.000000 
0.000000 
0.000000 
0.000000 
0.000000 
0.000000 
0.000000 
0.000000 
0.000000 
0.000000 
0.000000 
0.000000 
0.000000 
0.000000 
0.000000 
0.000000 
0.000000 
0.000000 
0.000000 
0.000000 
0.000000 
0.000000 
0.000000 
0.000000 
0.000000 
0.000000 
0.000000 
0.000000 
0.000000 
0.000000 
0.000000 
0.000000 
0.000000 
0.000000 
0.000000 
0.000000 
0.000000 
0.000000 
0.000000 
0.000000 
0.000000 
0.000000 
0.000000 
0.000000 
0.000000 
0.000000 
0.000000 
0.000000 
0.000000 
0.000000 
0.000000 
0.000000 
0.000000 
0.000000 
0.000000 
0.000000 
0.000000 
0.000000 
0.000000 
0.000000 
0.000000 
0.000000 
0.000000 
0.000000 
0.000000 
0.000000 
0.000000 
0.000000 
0.000000 
0.000000 
0.000000 
0.000000 
0.000000 
0.000000 
0.000000 
0.000000 
0.000000 
0.000000 
0.000000 
0.000000 
0.000000 
0.000000 
0.000000 
0.000000 
0.000000 
0.000000 
0.000000 
0.000000 
0.000000 
0.000000 
0.000000 
0.000000 
0.000000 
0.000000 
0.000000 
0.000000 
0.000000 
0.000000 
0.000000 
0.000000 
0.000000 
0.000000 
0.000000 
0.000000 
0.000000 
0.000000 
0.000000 
0.000000 
0.000000 
0.000000 
0.000000 
0.000000 
0.000000 
0.000000 
0.000000 
0.000000 
0.000000 
0.000000 
0.000000 
0.000000 
0.000000 
0.000000 
0.000000 
0.000000 
0.000000 
0.000000 
0.000000 
0.000000 
0.000000 
0.000000 
0.000000 
0.000000 
0.000000 
0.000000 
0.000000 
0.000000 
0.000000 
0.000000 
0.000000 
0.000000 
0.000000 
0.000000 
0.000000 
0.000000 
0.000000 
0.000000 
0.000000 
0.000000 
0.000000 
0.000000 
0.000058 
0.000204 
0.000417 
0.000686 
0.001137 
0.001690 
0.001977 
0.002249 
0.002821 
0.003860 
0.006155 
0.007127 
0.008858 
0.010337 
0.011831 
0.011686 
0.016569 
0.020558 
0.023914 
0.026173 
0.027701 
0.030294 
0.033631 
0.033126 
0.036664 
0.034267 
0.037992 
0.037042 
0.038668 
0.034608 
0.032276 
0.036490 
0.029870 
0.032831 
0.026201 
0.035453 
0.035240 
0.036789 
0.031854 
0.039923 
0.035314 
0.041541 
0.042683 
0.042287 
0.043473 
0.052219 
0.066468 
0.057105 
0.052759 
0.060494 
0.070894 
0.065945 
0.068924 
0.061195 
0.070301 
0.054387 
0.083622 
0.085898 
0.085442 
0.095714 
0.058219 
0.079400 
0.086846 
0.090315 
0.100925 
0.081268 
0.078957 
0.103597 
0.097862 
0.095915 
0.091931 
0.101860 
0.100818 
0.112653 
0.107778 
0.108296 
0.108396 
0.104492 
0.091859 
0.111275 
0.124369 
0.124040 
0.115062 
0.134850 
0.094890 
0.111095 
0.126214 
0.126413 
0.129937 
0.131157 
0.106699 
0.140903 
0.140326 
0.139645 
0.127912 
0.146761 
0.159750 
0.161113 
0.156201 
0.169688 
0.189099 
0.183574 
0.192439 
0.232940 
0.257361 
0.230125 
0.285909 
0.290610 
0.328841 
0.291213 
0.299679 
0.367359 
0.297557 
0.409406 
0.372841 
0.335552 
0.291599 
0.346784 
0.276922 
0.296286 
0.283811 
0.301896 
0.345389 
0.393382 
0.334401 
0.410207 
0.327143 
0.368810 
0.387108 
0.381570 
0.386172 
0.386743 
0.451136 
0.336554 
0.486355 
0.429999 
0.448643 
0.696681 
0.604403 
0.740733 
0.747047 
0.645719 
0.674433 
0.751654 
0.700728 
0.765104 
0.894717 
1.085073 
1.171995 
1.211500 
1.202898 
0.978049 
0.953723 
1.040514 
0.790514 
0.735323 
0.874136 
0.924433 
0.785691 
0.796624 
0.883585 
0.964647 
0.813393 
0.943483 
1.076921 
0.949416 
0.681471 
0.681103 
0.815163 
0.773219 
0.731558 
0.678804 
0.773904 
0.799149 
0.822598 
0.882396 
0.800705 
0.749049 
1.208460 
1.218796 
1.143100 
1.042424 
0.759747 
1.103163 
1.135840 
1.215524 
1.004674 
1.067366 
0.797728 
0.759244 
0.872239 
1.053058 
0.946109 
1.186147 
1.065145 
1.059396 
1.328970 
1.205949 
1.329267 
1.374655 
1.382964 
1.562250 
1.316239 
1.006246 
1.147782 
1.123960 
1.383934 
1.392446 
1.585958 
1.425376 
1.805840 
1.719336 
1.285104 
1.627471 
1.757918 
1.775500 
2.028732 
1.594397 
1.632341 
2.043117 
1.837275 
1.905819 
2.004612 
2.112132 
2.198791 
2.341998 
1.806382 
1.976855 
1.814326 
1.779706 
2.042854 
1.944453 
2.257408 
1.746746 
1.812341 
2.075713 
2.565527 
1.752186 
2.046745 
1.879900 
1.563977 
1.191785 
0.920167 
0.847483 
0.765430 
0.809595 
0.836409 
1.258082 
1.719652 
1.574787 
1.762295 
1.772896 
1.744386 
1.972258 
2.416226 
2.252742 
2.224725 
1.980719 
2.088434 
1.876992 
1.972124 
1.891725 
1.846255 
2.181938 
2.087627 
1.617668 
1.855068 
1.603921 
1.749511 
2.067325 
2.163903 
2.260019 
1.976719 
1.926653 
2.119340 
2.336071 
1.906325 
1.768076 
1.913671 
1.619653 
1.849431 
1.813266 
1.975856 
2.035835 
2.227509 
2.004603 
1.964491 
1.430941 
1.285997 
1.179141 
0.762223 
0.623981 
0.479520 
0.427161 
0.340301 
0.420246 
0.645446 
1.043107 
1.216530 
1.853324 
1.917037 
1.771029 
1.942209 
2.362526 
2.715696 
2.199945 
2.144615 
2.444482 
1.647231 
2.663246 
2.339729 
2.905648 
2.867222 
2.651618 
2.218621 
2.192273 
2.625813 
2.651511 
2.150646 
2.219331 
2.263184 
2.089692 
2.637709 
2.436707 
2.813772 
2.929551 
2.397973 
2.973500 
2.166871 
2.490727 
2.658004 
2.187574 
2.749053 
3.054947 
2.477181 
2.222177 
2.513598 
2.879558 
2.512110 
3.102659 
2.576364 
2.513009 
2.519249 
3.150127 
2.192845 
2.426810 
2.610205 
2.373895 
2.218175 
3.544295 
3.205610 
2.830956 
2.493530 
3.211574 
2.901256 
3.239827 
3.141459 
3.170624 
2.675948 
2.895491 
3.151292 
3.002213 
2.855248 
2.702167 
2.355266 
2.642160 
2.793464 
3.061165 
2.645775 
2.824021 
2.772841 
1.893258 
2.511461 
1.825855 
1.859281 
1.636531 
1.708779 
2.109114 
2.116328 
2.314851 
2.369099 
2.284046 
2.743733 
3.200949 
2.879786 
2.859077 
3.085619 
2.875410 
3.576008 
2.801533 
3.165422 
2.470524 
2.117260 
1.693879 
2.026260 
2.032827 
1.454997 
1.329249 
1.460279 
1.588265 
1.276607 
2.294896 
2.275858 
2.967986 
3.296125 
2.790731 
3.426109 
2.665998 
2.638134 
2.821115 
3.106400 
2.572761 
1.896573 
1.977319 
1.754259 
2.268599 
2.344325 
2.637522 
2.879058 
2.820174 
3.693017 
3.310557 
2.766887 
3.045203 
3.183729 
3.418931 
2.522162 
2.901237 
2.988669 
3.035556 
2.677985 
2.866915 
2.987557 
2.878935 
3.410898 
2.719113 
2.669303 
3.145272 
2.514442 
2.321934 
1.871563 
1.661865 
1.205281 
0.849774 
0.715543 
0.640491 
0.633977 
0.643525 
0.714572 
0.558482 
0.799370 
1.096726 
1.723475 
2.477445 
3.173238 
2.598430 
3.021607 
3.584589 
2.586161 
3.712319 
2.810400 
3.320225 
3.165592 
3.555255 
3.185308 
3.590836 
3.112120 
3.211801 
3.073971 
3.869844 
3.228884 
3.322873 
3.660573 
2.531434 
3.469061 
3.376549 
3.008857 
2.772801 
3.642324 
3.283172 
2.310538 
1.928288 
1.471900 
0.914559 
0.887603 
0.842752 
0.898650 
1.193817 
1.193350 
1.539854 
1.785136 
1.502504 
2.174007 
1.707383 
1.657949 
1.834654 
1.650975 
1.565164 
1.129362 
1.083166 
1.014892 
1.143733 
1.797253 
2.102234 
2.008678 
2.314012 
2.502795 
2.486320 
2.281818 
2.985601 
2.847971 
2.271250 
1.721077 
1.636457 
1.356512 
1.273428 
1.205344 
1.267593 
1.287681 
1.322895 
1.337993 
1.003894 
1.226907 
1.082113 
1.344449 
1.093045 
1.335338 
1.315722 
1.547330 
1.473257 
1.999948 
1.712503 
1.878128 
1.608886 
2.346830 
1.834276 
2.170511 
3.038709 
2.668433 
3.052809 
3.701519 
2.676222 
3.266527 
2.893472 
2.889871 
2.417592 
2.393944 
1.913011 
1.435746 
1.028272 
1.141356 
1.080814 
0.842139 
0.742949 
0.762693 
1.024756 
1.388589 
1.506006 
1.599526 
2.142909 
2.633846 
2.677051 
2.706249 
3.466611 
4.164411 
3.214462 
3.493492 
3.866880 
3.746996 
3.620903 
3.234963 
3.464314 
3.566464 
2.853187 
2.810569 
3.403408 
3.150832 
3.058052 
3.499509 
3.591799 
3.335715 
3.599065 
2.901187 
3.461581 
3.363173 
2.949204 
2.970502 
3.420545 
3.420004 
4.102266 
3.430882 
3.035547 
3.159021 
3.304750 
3.039862 
3.590149 
3.672778 
3.351925 
2.887717 
3.146843 
3.310630 
2.291018 
2.639420 
2.284831 
2.901904 
2.604741 
2.514274 
2.633549 
3.056104 
3.228767 
3.112964 
2.915358 
2.386054 
2.723613 
2.615860 
3.658487 
3.231995 
3.246324 
3.360443 
2.660908 
3.196786 
3.376611 
3.246335 
3.096415 
3.307607 
3.017313 
2.624548 
2.310947 
2.912944 
2.223126 
2.260948 
2.055940 
2.041051 
1.715344 
2.130283 
1.980448 
2.126629 
2.477652 
2.763325 
3.379381 
3.123797 
2.330323 
3.144122 
2.538224 
3.159811 
2.793064 
2.499783 
2.413821 
2.880838 
2.394511 
2.459116 
2.747639 
2.655520 
3.250016 
3.373576 
2.977076 
3.271475 
2.591209 
2.071610 
2.402751 
2.335403 
2.178119 
2.049469 
2.335006 
2.110542 
2.324264 
2.567098 
1.986473 
1.791850 
2.249953 
1.872273 
1.978113 
2.265306 
2.523065 
2.354385 
2.334086 
2.279963 
2.689905 
2.562360 
2.384093 
2.160570 
1.642228 
1.396475 
1.194760 
1.053206 
0.617693 
0.777842 
0.819479 
0.766732 
0.717014 
0.642947 
0.633096 
0.727782 
0.690426 
0.763862 
0.700181 
0.677331 
0.851362 
0.807172 
0.988340 
1.013285 
1.060536 
1.282266 
1.392423 
1.602872 
1.500156 
1.814225 
2.193222 
2.376815 
1.953227 
1.922752 
2.252018 
2.256599 
1.828445 
1.893174 
2.086114 
1.670099 
1.691923 
1.384822 
1.316322 
1.201541 
1.367699 
1.448980 
1.214047 
1.184126 
1.269096 
1.359184 
1.318149 
1.284552 
1.610804 
1.589476 
1.771421 
1.985481 
2.693838 
2.399050 
2.715497 
2.213424 
2.090016 
2.243732 
2.227149 
1.861391 
1.768514 
1.952110 
1.637243 
1.475162 
1.506597 
1.366858 
1.354100 
1.417444 
1.160071 
1.336442 
1.450414 
1.403872 
1.578870 
1.210185 
1.477927 
1.546412 
1.618571 
1.782725 
2.111172 
1.812000 
1.727069 
1.752555 
1.760880 
2.078425 
1.759886 
1.344546 
1.392422 
1.025809 
0.899435 
1.166623 
1.164681 
1.304427 
1.569536 
1.412486 
1.202556 
1.220207 
0.860576 
0.854366 
0.838895 
0.878687 
0.734035 
0.819292 
0.753491 
0.865497 
0.746460 
0.979318 
0.732168 
0.890230 
1.013748 
0.797567 
0.868120 
0.702136 
0.855279 
0.774771 
0.839926 
0.791304 
0.776292 
0.663186 
0.595139 
0.685218 
0.567161 
0.400664 
0.548048 
0.497948 
0.502725 
0.509221 
0.404799 
0.396100 
0.407423 
0.395871 
0.375725 
0.311336 
0.325950 
0.340277 
0.255328 
0.361707 
0.295002 
0.300194 
0.293239 
0.250388 
0.297459 
0.356906 
0.366838 
0.312511 
0.373921 
0.346235 
0.336616 
0.288086 
0.277798 
0.352317 
0.389009 
0.328383 
0.389742 
0.391325 
0.403784 
0.420726 
0.440070 
0.477138 
0.402644 
0.556926 
0.514506 
0.500728 
0.460493 
0.541786 
0.462736 
0.598536 
0.579860 
0.493216 
0.444692 
0.451987 
0.536187 
0.633245 
0.436392 
0.527718 
0.513425 
0.534147 
0.682655 
0.630892 
0.561560 
0.615463 
0.611819 
0.668382 
0.711591 
0.705549 
0.757138 
0.820153 
1.053479 
1.027003 
1.360017 
1.109603 
1.138983 
1.131036 
1.110046 
1.081174 
1.058532 
0.852833 
0.590958 
0.517378 
0.537791 
0.511237 
0.557140 
0.476398 
0.509665 
0.443081 
0.404271 
0.422432 
0.354245 
0.365612 
0.301355 
0.256918 
0.273460 
0.254236 
0.225096 
0.264727 
0.256683 
0.168741 
0.205245 
0.198956 
0.171396 
0.212259 
0.191293 
0.216518 
0.229878 
0.251402 
0.193055 
0.272898 
0.232506 
0.265075 
0.194047 
0.228694 
0.206615 
0.197945 
0.213194 
0.179379 
0.196674 
0.225442 
0.221894 
0.238411 
0.252594 
0.240015 
0.245265 
0.204365 
0.230620 
0.219007 
0.160130 
0.201247 
0.198563 
0.159815 
0.145415 
0.133315 
0.139201 
0.124941 
0.119923 
0.115897 
0.121291 
0.103204 
0.088501 
0.102512 
0.103566 
0.094680 
0.075863 
0.106570 
0.097748 
0.096647 
0.088970 
0.080363 
0.087621 
0.075685 
0.058740 
0.069575 
0.065677 
0.067285 
0.054249 
0.051364 
0.051116 
0.044988 
0.042096 
0.042159 
0.045153 
0.036005 
0.036617 
0.030716 
0.029047 
0.030334 
0.021393 
0.022362 
0.023858 
0.018728 
0.019661 
0.022484 
0.022166 
0.022878 
0.018547 
0.022364 
0.019854 
0.025758 
0.024785 
0.026166 
0.020362 
0.023254 
0.024709 
0.020418 
0.021563 
0.020469 
0.020343 
0.015769 
0.014759 
0.012820 
0.011064 
0.008347 
0.008168 
0.008477 
0.008229 
0.007731 
0.007945 
0.007774 
0.007244 
0.007895 
0.008297 
0.007504 
0.008346 
0.006786 
0.007448 
0.006118 
0.007883 
0.006266 
0.005297 
0.005334 
0.004670 
0.003422 
0.003932 
0.003429 
0.003135 
0.003182 
0.002123 
0.001297 
0.000606 
0.000495 
0.000240 
0.000166 
0.000102 
0.000054 
0.000010 
0.000000 
0.000000 
0.000000 
0.000000 
0.000000 
0.000000 
0.000000 
0.000000 
0.000000 
0.000000 
0.000000 
0.000000 
0.000000 
0.000000 
0.000000 
0.000000 
0.000000 
0.000000 
0.000000 
0.000000 
0.000000 
0.000000 
0.000000 
0.000000 
0.000000 
0.000000 
0.000000 
0.000000 
0.000000 
0.000000 
0.000000 
0.000000 
0.000000 
0.000000 
0.000000 
0.000000 
0.000000 
0.000000 
0.000000 
0.000000 
0.000000 
0.000000 
0.000000 
0.000000 
0.000000 
0.000000 
0.000000 
0.000000 
0.000000 
0.000000 
0.000000 
0.000000 
0.000000 
0.000000 
0.000000 
0.000000 
0.000000 
0.000000 
0.000000 
0.000000 
0.000000 
0.000000 
0.000000 
0.000000 
0.000000 
0.000000 
0.000000 
0.000000 
0.000000 
0.000000 
0.000000 
0.000000 
0.000000 
0.000000 
0.000000 
0.000000 
0.000000 
0.000000 
0.000000 
0.000000 
0.000000 
0.000000 
0.000000 
0.000000 
0.000000 
0.000000 
0.000000 
0.000000 
0.000000 
0.000000 
0.000000 
0.000000 
0.000000 
0.000000 
0.000000 
0.000000 
0.000000 
0.000000 
0.000000 
0.000000 
0.000000 
0.000000 
0.000000 
0.000000 
0.000000 
0.000000 
0.000000 
0.000000 
0.000000 
0.000000 
0.000000 
0.000000 
0.000000 
0.000000 
0.000000 
0.000000 
0.000000 
0.000000 
0.000000 
0.000000 
0.000000 
0.000000 
0.000000 
0.000000 
0.000000 
0.000000 
0.000000 
0.000000 
0.000000 
0.000000 
0.000000 
0.000000 
0.000000 
0.000000 
0.000000 
0.000000 
0.000000 
0.000000 
0.000000 
0.000000 
0.000000 
0.000000 
0.000000 
0.000000 
0.000000 
0.000000 
0.000000 
0.000000 
0.000000 
0.000000 
0.000000 
0.000000 
0.000000 
0.000000 
0.000000 
0.000000 
0.000000 
0.000000 
0.000000 
0.000000 
0.000000 
0.000000 
0.000000 
0.000000 
0.000000 
0.000000 
0.000000 
0.000000 
0.000000 
0.000000 
0.000000 
0.000000 
0.000000 
0.000000 
0.000000 
0.000000 
0.000000 
0.000000 
0.000000 
0.000000 
0.000000 
0.000000 
0.000000 
0.000000 
0.000000 
0.000000 
0.000000 
0.000000 
0.000000 
0.000000 
0.000000 
