0.000000 
0.000000 
0.000000 
0.000000 
0.000000 
0.000000 
0.000000 
0.000000 
0.000000 
0.000000 
0.000000 
0.000000 
0.000000 
0.000000 
0.000000 
0.000000 
0.000000 
0.000000 
0.000000 
0.000000 
0.000000 
0.000000 
0.000000 
0.000000 
0.000000 
0.000000 
0.000000 
0.000000 
0.000000 
0.000000 
0.000000 
0.000000 
0.000000 
0.000000 
0.000000 
0.000000 
0.000000 
0.000000 
0.000000 
0.000000 
0.000000 
0.000000 
0.000000 
0.000000 
0.000000 
0.000000 
0.000000 
0.000000 
0.000000 
0.000000 
0.000000 
0.000000 
0.000000 
0.000000 
0.000000 
0.000000 
0.000000 
0.000000 
0.000000 
0.000000 
0.000000 
0.000000 
0.000000 
0.000000 
0.000000 
0.000000 
0.000000 
0.000000 
0.000000 
0.000000 
0.000000 
0.000000 
0.000000 
0.000000 
0.000000 
0.000000 
0.000000 
0.000000 
0.000000 
0.000000 
0.000000 
0.000000 
0.000000 
0.000000 
0.000000 
0.000000 
0.000000 
0.000000 
0.000000 
0.000000 
0.000000 
0.000000 
0.000000 
0.000000 
0.000000 
0.000000 
0.000000 
0.000000 
0.000000 
0.000000 
0.000000 
0.000000 
0.000000 
0.000000 
0.000000 
0.000000 
0.000000 
0.000000 
0.000000 
0.000000 
0.000000 
0.000000 
0.000000 
0.000000 
0.000000 
0.000000 
0.000000 
0.000000 
0.000000 
0.000000 
0.000000 
0.000000 
0.000000 
0.000000 
0.000000 
0.000000 
0.000000 
0.000000 
0.000000 
0.000000 
0.000000 
0.000000 
0.000000 
0.000000 
0.000000 
0.000000 
0.000000 
0.000000 
0.000000 
0.000000 
0.000000 
0.000000 
0.000000 
0.000000 
0.000000 
0.000000 
0.000000 
0.000000 
0.000000 
0.000000 
0.000000 
0.000000 
0.000000 
0.000000 
0.000000 
0.000000 
0.000000 
0.000000 
0.000000 
0.000000 
0.000000 
0.000000 
0.000000 
0.000000 
0.000000 
0.000000 
0.000000 
0.000000 
0.000000 
0.000000 
0.000000 
0.000000 
0.000000 
0.000000 
0.000000 
0.000000 
0.000000 
0.000000 
0.000000 
0.000000 
0.000000 
0.000000 
0.000000 
0.000000 
0.000000 
0.000000 
0.000000 
0.000000 
0.000000 
0.000000 
0.000000 
0.000000 
0.000000 
0.000000 
0.000000 
0.000000 
0.000000 
0.000000 
0.000000 
0.000000 
0.000000 
0.000000 
0.000000 
0.000000 
0.000000 
0.000000 
0.000000 
0.000000 
0.000000 
0.000000 
0.000000 
0.000000 
0.000000 
0.000000 
0.000000 
0.000000 
0.000000 
0.000000 
0.000000 
0.000000 
0.000000 
0.000000 
0.000000 
0.000000 
0.000000 
0.000031 
0.000127 
0.000284 
0.000386 
0.000632 
0.000940 
0.001121 
0.001340 
0.001976 
0.002161 
0.003162 
0.003448 
0.004338 
0.004559 
0.005576 
0.008185 
0.009042 
0.010825 
0.012723 
0.014635 
0.016100 
0.020071 
0.018117 
0.018357 
0.019891 
0.018464 
0.018340 
0.020803 
0.020121 
0.021036 
0.018105 
0.022273 
0.021564 
0.015072 
0.021868 
0.022028 
0.017398 
0.016693 
0.019406 
0.021398 
0.018341 
0.025725 
0.023546 
0.026184 
0.026761 
0.022162 
0.029061 
0.036434 
0.037879 
0.040339 
0.035791 
0.038979 
0.037358 
0.040453 
0.048581 
0.037384 
0.047023 
0.036966 
0.042135 
0.039493 
0.049202 
0.047454 
0.046745 
0.043945 
0.046351 
0.055934 
0.046752 
0.052171 
0.057861 
0.054889 
0.058885 
0.059395 
0.053210 
0.049506 
0.054475 
0.064204 
0.066682 
0.062462 
0.069221 
0.068157 
0.069071 
0.064819 
0.060151 
0.066779 
0.061007 
0.071125 
0.066161 
0.086313 
0.065873 
0.071475 
0.084207 
0.083371 
0.073140 
0.080348 
0.078866 
0.095505 
0.087844 
0.099923 
0.105827 
0.109738 
0.114050 
0.101325 
0.099103 
0.135234 
0.131926 
0.137909 
0.149739 
0.176689 
0.153760 
0.193392 
0.186658 
0.204421 
0.150984 
0.219520 
0.208300 
0.202484 
0.220129 
0.173122 
0.147142 
0.204103 
0.202289 
0.153279 
0.210973 
0.155748 
0.207074 
0.214507 
0.159272 
0.232948 
0.205313 
0.252421 
0.269894 
0.219178 
0.265847 
0.244678 
0.241094 
0.245824 
0.333099 
0.363335 
0.370431 
0.392116 
0.369318 
0.422332 
0.331982 
0.477927 
0.398278 
0.447305 
0.440315 
0.542130 
0.613332 
0.707899 
0.727489 
0.618953 
0.475066 
0.506045 
0.518439 
0.569159 
0.530979 
0.539476 
0.512888 
0.450398 
0.479293 
0.542246 
0.538220 
0.620344 
0.470542 
0.551599 
0.472326 
0.427657 
0.455138 
0.388011 
0.443750 
0.396570 
0.423980 
0.485782 
0.521938 
0.634818 
0.598254 
0.618608 
0.651175 
0.644747 
0.526982 
0.551634 
0.580029 
0.561446 
0.688953 
0.564776 
0.528327 
0.559075 
0.523931 
0.472578 
0.436089 
0.549067 
0.597725 
0.647900 
0.560316 
0.643823 
0.702201 
0.868965 
0.650377 
0.738010 
0.720117 
0.781236 
0.809235 
0.775476 
0.773036 
0.814330 
0.727794 
0.811034 
0.816195 
0.813330 
0.849126 
0.747469 
0.896382 
0.963957 
1.111584 
0.869220 
0.899473 
1.014470 
1.173203 
0.824756 
0.973678 
1.056031 
1.147443 
1.150315 
1.244959 
1.138825 
0.891562 
1.189139 
1.025792 
1.240094 
1.043291 
1.014941 
1.234808 
1.271828 
1.179783 
1.206645 
1.048883 
0.962087 
0.897206 
1.040415 
0.875613 
0.647316 
0.544235 
0.395515 
0.322904 
0.428151 
0.417066 
0.661162 
0.818560 
1.062090 
0.763215 
1.146439 
0.948805 
1.070122 
1.361149 
1.027090 
1.079776 
1.046743 
1.148771 
1.245221 
1.240311 
1.109218 
1.134437 
1.015437 
1.192359 
1.136589 
1.183846 
1.298741 
1.192883 
1.388787 
1.172132 
1.100215 
1.037494 
1.167015 
1.093769 
0.978597 
1.110848 
0.978212 
0.755380 
0.903368 
1.034033 
1.181197 
0.986435 
1.348074 
1.408580 
1.203283 
1.074299 
0.837913 
0.767454 
0.543602 
0.449616 
0.421571 
0.230156 
0.194427 
0.202707 
0.313966 
0.384166 
0.533611 
0.679238 
0.910676 
0.966409 
0.993929 
1.274532 
1.163253 
0.995241 
1.412970 
1.310750 
1.236993 
1.707503 
0.980023 
1.613600 
1.396397 
1.184624 
1.424606 
1.465450 
1.201067 
1.779774 
1.224530 
1.610935 
1.478060 
1.467966 
1.646028 
1.388650 
1.390673 
1.446048 
1.193302 
1.309629 
1.356391 
1.349697 
1.282080 
1.499497 
1.448115 
1.189617 
1.399416 
1.579138 
1.610574 
1.421462 
1.625591 
1.369765 
1.381908 
1.419109 
1.370710 
1.325021 
1.248931 
1.556427 
1.461751 
1.483370 
1.646030 
1.539896 
1.937190 
1.612191 
1.432192 
1.740698 
1.486195 
1.395668 
1.808973 
1.637400 
1.572828 
1.564732 
1.509988 
1.639608 
1.602086 
1.656536 
1.242290 
1.402822 
1.488616 
1.706973 
1.622071 
1.862947 
1.869183 
1.473224 
1.328662 
1.206146 
1.059339 
1.100467 
0.857407 
1.073291 
1.078513 
1.070231 
1.214046 
1.293087 
1.663017 
1.975629 
1.693204 
2.037291 
1.534290 
2.103806 
1.793958 
1.347202 
1.778345 
1.412869 
1.513157 
1.291094 
1.288715 
1.188524 
0.997583 
0.857465 
0.758346 
0.701305 
0.695316 
1.119407 
1.281020 
1.444185 
1.700885 
1.780800 
1.816662 
1.708040 
1.483979 
1.902244 
1.443191 
1.548604 
1.257105 
1.352422 
1.280251 
1.014853 
1.194478 
1.229042 
1.414069 
1.634799 
1.672632 
1.963414 
1.744027 
1.850464 
1.802482 
1.880782 
1.598865 
1.862286 
1.812148 
1.553058 
1.402184 
1.510331 
1.584093 
1.387451 
1.763731 
1.825011 
1.784840 
1.848580 
1.812609 
1.640616 
1.421985 
1.146966 
0.902105 
0.734267 
0.400811 
0.475677 
0.383206 
0.376375 
0.385105 
0.368965 
0.332455 
0.488768 
0.777207 
1.086032 
1.266074 
1.508408 
1.490753 
1.522074 
1.716236 
1.811675 
1.665194 
1.833436 
2.004000 
1.716072 
2.096489 
1.833511 
1.838071 
1.883078 
1.964104 
1.777197 
2.099201 
1.938280 
1.831160 
2.086505 
1.952250 
1.992778 
2.124250 
1.946115 
1.773202 
1.663304 
1.737758 
1.773703 
1.333234 
0.983543 
0.609110 
0.540582 
0.546529 
0.596008 
0.675858 
0.746196 
0.867293 
0.845137 
0.733877 
0.913675 
0.871200 
1.228042 
1.158040 
0.848413 
0.773489 
0.719350 
0.633293 
0.820436 
0.821673 
0.917137 
0.971397 
0.957487 
0.935673 
1.301958 
1.649778 
1.475348 
1.690106 
1.429877 
1.212465 
0.970526 
0.760289 
0.655132 
0.816913 
0.934833 
0.849899 
0.744351 
0.756342 
0.754804 
0.734492 
0.662146 
0.719113 
0.782579 
0.925159 
0.859322 
0.687382 
0.986276 
0.812530 
1.119862 
1.016936 
1.064411 
1.233172 
1.106583 
1.132162 
1.512742 
1.415338 
2.110597 
1.838545 
1.633423 
2.108515 
1.692035 
1.655928 
1.627756 
1.606845 
1.281732 
0.916808 
0.727726 
0.586437 
0.542727 
0.671567 
0.456254 
0.438079 
0.449348 
0.482963 
0.638486 
0.864950 
1.077729 
1.069857 
0.934471 
1.789946 
1.547121 
1.621559 
1.804214 
1.892347 
2.021649 
2.113854 
1.929932 
1.864171 
1.908082 
1.793471 
2.066670 
1.740831 
1.996319 
1.536145 
1.883042 
2.181651 
1.622157 
1.890705 
1.937150 
1.910111 
1.591592 
1.988828 
1.820039 
1.772041 
1.745350 
2.241413 
1.720008 
2.090233 
1.701673 
1.960024 
1.973824 
1.835257 
2.077563 
1.646014 
2.169116 
1.807603 
1.676468 
1.487551 
1.802550 
1.556077 
1.437752 
0.989121 
1.263413 
1.472670 
1.334005 
1.486041 
2.019520 
1.823824 
1.737098 
1.785064 
1.832978 
1.809391 
1.563372 
1.751132 
1.957704 
1.575581 
1.797793 
1.733063 
1.193213 
1.563170 
1.654704 
1.579447 
1.646456 
1.586741 
1.479566 
1.369727 
1.266387 
1.315032 
1.346885 
1.234021 
1.128471 
1.126647 
0.813632 
0.947027 
1.220494 
1.486705 
1.494336 
1.588921 
1.673083 
1.480582 
1.609919 
1.323623 
1.796499 
1.561747 
1.491268 
1.609697 
1.206918 
1.592304 
1.429290 
1.499222 
1.805200 
1.478481 
1.771359 
1.610560 
1.777848 
1.340154 
1.375357 
1.203242 
1.096137 
1.175197 
0.980945 
1.162751 
1.341623 
1.375640 
1.382119 
1.259839 
1.148740 
1.080280 
1.398145 
1.151484 
1.129245 
1.275418 
1.344602 
1.154563 
1.336703 
1.439946 
1.202552 
1.136258 
0.987836 
0.952903 
0.878645 
0.664508 
0.576182 
0.434969 
0.443895 
0.484061 
0.397809 
0.378656 
0.444763 
0.425400 
0.427675 
0.405334 
0.452165 
0.370895 
0.393111 
0.490911 
0.523392 
0.512812 
0.526608 
0.684757 
0.647128 
0.771208 
0.803829 
0.922092 
1.015048 
1.234688 
1.356449 
1.476391 
1.386878 
1.219159 
1.195276 
0.991324 
0.938833 
1.038603 
0.982395 
0.921455 
0.930697 
0.716775 
0.716374 
0.725968 
0.631993 
0.731585 
0.691938 
0.746960 
0.757218 
0.934270 
0.835843 
0.953526 
0.946818 
1.193704 
1.112932 
1.280648 
1.543140 
1.260570 
1.270410 
1.134744 
1.136571 
1.126074 
1.248184 
0.999499 
0.998630 
0.923412 
0.801101 
0.656678 
0.876877 
0.826609 
0.862590 
0.798340 
0.888391 
0.754467 
0.785835 
1.004181 
0.848743 
0.958559 
0.963318 
0.884272 
0.957632 
0.897098 
0.934171 
1.006911 
0.935368 
1.079756 
1.224698 
0.956117 
0.979568 
0.780947 
0.723502 
0.570187 
0.655524 
0.715944 
0.806443 
0.866877 
0.952527 
0.888133 
0.663426 
0.511760 
0.380616 
0.385033 
0.446841 
0.474492 
0.375959 
0.547997 
0.546716 
0.594250 
0.413193 
0.542066 
0.484540 
0.601582 
0.488502 
0.517516 
0.612715 
0.447885 
0.422105 
0.488807 
0.441648 
0.352855 
0.408509 
0.343668 
0.399526 
0.385289 
0.332216 
0.279375 
0.259455 
0.295656 
0.276717 
0.275949 
0.199081 
0.219816 
0.208597 
0.199510 
0.198372 
0.200157 
0.167756 
0.173322 
0.150606 
0.142646 
0.189273 
0.173682 
0.172595 
0.169633 
0.194761 
0.179804 
0.183681 
0.194527 
0.183700 
0.194382 
0.172598 
0.175766 
0.183807 
0.193287 
0.186126 
0.232821 
0.196945 
0.180932 
0.275889 
0.206852 
0.194668 
0.242503 
0.279669 
0.249852 
0.300865 
0.267080 
0.293867 
0.283457 
0.258575 
0.217076 
0.314439 
0.311151 
0.320765 
0.292151 
0.253180 
0.284742 
0.250905 
0.298976 
0.239415 
0.299628 
0.400526 
0.326748 
0.356572 
0.422698 
0.367989 
0.359613 
0.451737 
0.442812 
0.484690 
0.556615 
0.662441 
0.650071 
0.663085 
0.680485 
0.655835 
0.573460 
0.652104 
0.554411 
0.481098 
0.421603 
0.283177 
0.316651 
0.282325 
0.322232 
0.310171 
0.268828 
0.273822 
0.267415 
0.253092 
0.206531 
0.182486 
0.167056 
0.144273 
0.180164 
0.140475 
0.141000 
0.121500 
0.114481 
0.114871 
0.125572 
0.118692 
0.125166 
0.118487 
0.132648 
0.123207 
0.113932 
0.139440 
0.138162 
0.131233 
0.134570 
0.126165 
0.119978 
0.123761 
0.116786 
0.122248 
0.143298 
0.104679 
0.115773 
0.124130 
0.142074 
0.105501 
0.152969 
0.144863 
0.146707 
0.116979 
0.110079 
0.126653 
0.102896 
0.092806 
0.095748 
0.089412 
0.081720 
0.074277 
0.077246 
0.062426 
0.063680 
0.074106 
0.064759 
0.053690 
0.073411 
0.063534 
0.063361 
0.057498 
0.056661 
0.056724 
0.053970 
0.046684 
0.053857 
0.043112 
0.034463 
0.046304 
0.041683 
0.039853 
0.038753 
0.036464 
0.036364 
0.029820 
0.032570 
0.029667 
0.024316 
0.024550 
0.017556 
0.022848 
0.021634 
0.015107 
0.016184 
0.013411 
0.011450 
0.013171 
0.009648 
0.011139 
0.010730 
0.011238 
0.012310 
0.010115 
0.011280 
0.013050 
0.010394 
0.012496 
0.013188 
0.013818 
0.011752 
0.012868 
0.013148 
0.011366 
0.011439 
0.009264 
0.011112 
0.010289 
0.008082 
0.006258 
0.005743 
0.005913 
0.004691 
0.004361 
0.004294 
0.004514 
0.004888 
0.004317 
0.005373 
0.004319 
0.004844 
0.003891 
0.004655 
0.003859 
0.004135 
0.003915 
0.003958 
0.003417 
0.003374 
0.003488 
0.002871 
0.002513 
0.002770 
0.001670 
0.001776 
0.001731 
0.001206 
0.000873 
0.000543 
0.000283 
0.000134 
0.000095 
0.000052 
0.000029 
0.000007 
0.000000 
0.000000 
0.000000 
0.000000 
0.000000 
0.000000 
0.000000 
0.000000 
0.000000 
0.000000 
0.000000 
0.000000 
0.000000 
0.000000 
0.000000 
0.000000 
0.000000 
0.000000 
0.000000 
0.000000 
0.000000 
0.000000 
0.000000 
0.000000 
0.000000 
0.000000 
0.000000 
0.000000 
0.000000 
0.000000 
0.000000 
0.000000 
0.000000 
0.000000 
0.000000 
0.000000 
0.000000 
0.000000 
0.000000 
0.000000 
0.000000 
0.000000 
0.000000 
0.000000 
0.000000 
0.000000 
0.000000 
0.000000 
0.000000 
0.000000 
0.000000 
0.000000 
0.000000 
0.000000 
0.000000 
0.000000 
0.000000 
0.000000 
0.000000 
0.000000 
0.000000 
0.000000 
0.000000 
0.000000 
0.000000 
0.000000 
0.000000 
0.000000 
0.000000 
0.000000 
0.000000 
0.000000 
0.000000 
0.000000 
0.000000 
0.000000 
0.000000 
0.000000 
0.000000 
0.000000 
0.000000 
0.000000 
0.000000 
0.000000 
0.000000 
0.000000 
0.000000 
0.000000 
0.000000 
0.000000 
0.000000 
0.000000 
0.000000 
0.000000 
0.000000 
0.000000 
0.000000 
0.000000 
0.000000 
0.000000 
0.000000 
0.000000 
0.000000 
0.000000 
0.000000 
0.000000 
0.000000 
0.000000 
0.000000 
0.000000 
0.000000 
0.000000 
0.000000 
0.000000 
0.000000 
0.000000 
0.000000 
0.000000 
0.000000 
0.000000 
0.000000 
0.000000 
0.000000 
0.000000 
0.000000 
0.000000 
0.000000 
0.000000 
0.000000 
0.000000 
0.000000 
0.000000 
0.000000 
0.000000 
0.000000 
0.000000 
0.000000 
0.000000 
0.000000 
0.000000 
0.000000 
0.000000 
0.000000 
0.000000 
0.000000 
0.000000 
0.000000 
0.000000 
0.000000 
0.000000 
0.000000 
0.000000 
0.000000 
0.000000 
0.000000 
0.000000 
0.000000 
0.000000 
0.000000 
0.000000 
0.000000 
0.000000 
0.000000 
0.000000 
0.000000 
0.000000 
0.000000 
0.000000 
0.000000 
0.000000 
0.000000 
0.000000 
0.000000 
0.000000 
0.000000 
0.000000 
0.000000 
0.000000 
0.000000 
0.000000 
0.000000 
0.000000 
0.000000 
0.000000 
0.000000 
0.000000 
0.000000 
0.000000 
0.000000 
0.000000 
0.000000 
