0.000000 
0.000000 
0.000000 
0.000000 
0.000000 
0.000000 
0.000000 
0.000000 
0.000000 
0.000000 
0.000000 
0.000000 
0.000000 
0.000000 
0.000000 
0.000000 
0.000000 
0.000000 
0.000000 
0.000000 
0.000000 
0.000000 
0.000000 
0.000000 
0.000000 
0.000000 
0.000000 
0.000000 
0.000000 
0.000000 
0.000000 
0.000000 
0.000000 
0.000000 
0.000000 
0.000000 
0.000000 
0.000000 
0.000000 
0.000000 
0.000000 
0.000000 
0.000000 
0.000000 
0.000000 
0.000000 
0.000000 
0.000000 
0.000000 
0.000000 
0.000000 
0.000000 
0.000000 
0.000000 
0.000000 
0.000000 
0.000000 
0.000000 
0.000000 
0.000000 
0.000000 
0.000000 
0.000000 
0.000000 
0.000000 
0.000000 
0.000000 
0.000000 
0.000000 
0.000000 
0.000000 
0.000000 
0.000000 
0.000000 
0.000000 
0.000000 
0.000000 
0.000000 
0.000000 
0.000000 
0.000000 
0.000000 
0.000000 
0.000000 
0.000000 
0.000000 
0.000000 
0.000000 
0.000000 
0.000000 
0.000000 
0.000000 
0.000000 
0.000000 
0.000000 
0.000000 
0.000000 
0.000000 
0.000000 
0.000000 
0.000000 
0.000000 
0.000000 
0.000000 
0.000000 
0.000000 
0.000000 
0.000000 
0.000000 
0.000000 
0.000000 
0.000000 
0.000000 
0.000000 
0.000000 
0.000000 
0.000000 
0.000000 
0.000000 
0.000000 
0.000000 
0.000000 
0.000000 
0.000000 
0.000000 
0.000000 
0.000000 
0.000000 
0.000000 
0.000000 
0.000000 
0.000000 
0.000000 
0.000000 
0.000000 
0.000000 
0.000000 
0.000000 
0.000000 
0.000000 
0.000000 
0.000000 
0.000000 
0.000000 
0.000000 
0.000000 
0.000000 
0.000000 
0.000000 
0.000000 
0.000000 
0.000000 
0.000000 
0.000000 
0.000000 
0.000000 
0.000000 
0.000000 
0.000000 
0.000000 
0.000000 
0.000000 
0.000000 
0.000000 
0.000000 
0.000000 
0.000000 
0.000000 
0.000000 
0.000000 
0.000000 
0.000000 
0.000000 
0.000000 
0.000000 
0.000000 
0.000000 
0.000000 
0.000000 
0.000000 
0.000000 
0.000000 
0.000000 
0.000000 
0.000000 
0.000000 
0.000000 
0.000000 
0.000000 
0.000000 
0.000000 
0.000000 
0.000000 
0.000000 
0.000000 
0.000000 
0.000000 
0.000000 
0.000000 
0.000000 
0.000000 
0.000000 
0.000000 
0.000000 
0.000000 
0.000000 
0.000000 
0.000000 
0.000000 
0.000000 
0.000000 
0.000000 
0.000000 
0.000000 
0.000000 
0.000000 
0.000000 
0.000000 
0.000000 
0.000000 
0.000000 
0.000000 
0.000000 
0.000000 
0.000000 
0.000052 
0.000179 
0.000345 
0.000622 
0.000921 
0.001313 
0.001464 
0.002327 
0.002359 
0.003528 
0.003881 
0.004862 
0.005986 
0.007903 
0.009864 
0.012939 
0.013203 
0.017251 
0.019737 
0.023287 
0.022716 
0.027001 
0.032112 
0.031250 
0.028961 
0.030994 
0.030813 
0.033082 
0.027340 
0.036021 
0.031290 
0.025730 
0.028621 
0.026208 
0.030907 
0.027432 
0.028867 
0.033078 
0.036022 
0.031573 
0.035373 
0.031305 
0.032312 
0.031885 
0.047023 
0.043000 
0.042772 
0.035435 
0.058482 
0.063000 
0.068234 
0.049962 
0.059453 
0.053847 
0.057793 
0.065134 
0.073043 
0.064494 
0.056628 
0.075682 
0.078392 
0.058351 
0.075262 
0.069614 
0.075877 
0.088185 
0.080414 
0.086496 
0.079147 
0.084312 
0.089935 
0.081121 
0.097054 
0.096004 
0.085578 
0.095068 
0.109913 
0.086152 
0.099940 
0.092008 
0.094665 
0.098643 
0.112183 
0.093205 
0.109093 
0.083739 
0.097957 
0.086654 
0.096248 
0.106599 
0.106462 
0.105590 
0.120646 
0.135159 
0.114448 
0.142748 
0.134932 
0.156479 
0.136610 
0.153172 
0.162530 
0.164894 
0.151815 
0.168856 
0.160857 
0.188744 
0.219347 
0.238614 
0.317868 
0.242823 
0.306333 
0.292724 
0.335983 
0.345373 
0.271151 
0.278362 
0.300973 
0.286360 
0.272036 
0.255544 
0.228184 
0.291459 
0.262763 
0.349963 
0.353390 
0.349643 
0.339459 
0.395552 
0.383173 
0.342342 
0.408009 
0.412891 
0.353549 
0.355628 
0.387123 
0.410824 
0.406665 
0.514512 
0.439841 
0.565350 
0.717962 
0.569046 
0.627832 
0.661402 
0.553735 
0.697503 
0.684832 
1.010078 
0.864463 
1.038522 
0.911921 
0.965043 
0.824963 
0.865148 
0.693820 
0.882028 
0.824569 
0.839149 
0.755725 
0.953322 
0.754090 
0.890909 
0.684424 
0.710190 
0.903247 
0.860467 
0.791913 
0.681941 
0.752822 
0.668246 
0.697544 
0.681034 
0.782670 
0.811903 
0.674585 
0.800822 
0.873958 
0.931967 
0.924291 
0.959868 
0.776839 
0.856291 
1.062285 
0.893780 
0.826182 
0.882615 
0.806902 
0.827074 
0.933010 
0.686559 
0.700765 
0.774817 
0.840327 
0.946168 
0.897723 
0.935813 
0.947383 
1.207396 
1.249843 
1.019571 
1.265962 
1.116870 
0.913357 
1.055831 
1.174979 
1.170703 
1.101763 
1.329606 
1.137249 
1.500384 
1.408966 
1.552820 
1.204676 
1.464685 
1.414520 
1.455519 
1.145252 
1.421939 
1.578317 
1.298345 
1.560980 
1.655252 
1.420976 
1.644801 
1.784453 
1.472713 
1.661591 
1.484656 
1.569786 
1.394072 
1.495280 
1.574021 
1.614105 
1.839311 
1.638867 
1.887908 
1.708639 
1.825981 
1.556257 
1.168057 
1.352045 
1.235297 
0.755582 
0.566899 
0.544147 
0.633370 
1.042383 
1.110664 
1.469289 
1.529018 
1.565687 
1.488764 
1.752677 
1.558370 
1.742503 
1.799361 
1.780006 
1.723990 
1.724463 
1.469961 
1.461429 
1.875743 
1.550018 
1.877453 
1.837176 
1.813517 
1.704313 
1.606685 
1.839031 
1.824211 
1.888857 
1.590774 
1.795899 
1.551745 
1.748137 
1.576512 
1.325108 
1.550005 
1.557994 
1.426995 
1.451685 
1.840821 
1.937948 
1.609338 
2.164985 
1.757393 
1.642997 
1.536144 
0.888389 
1.000422 
0.806614 
0.592944 
0.419046 
0.281169 
0.372788 
0.337187 
0.506678 
0.834287 
1.004086 
1.330777 
1.389031 
1.679986 
1.982734 
1.597597 
2.155237 
1.828703 
2.053153 
2.126255 
2.009160 
2.092319 
1.972510 
1.854038 
2.019240 
2.169117 
1.846158 
2.443780 
2.431927 
1.841412 
1.860318 
2.421476 
1.831748 
2.230509 
2.106270 
2.048935 
2.052667 
2.212707 
2.610273 
1.841122 
2.183045 
2.449054 
2.095044 
2.520445 
2.412276 
2.169552 
2.001730 
2.049514 
2.533862 
2.128772 
2.421600 
2.159207 
2.422377 
2.379304 
2.339071 
2.201966 
2.263260 
2.022348 
1.823906 
1.989160 
2.461417 
2.713078 
2.579635 
2.344341 
2.589625 
2.711193 
2.452313 
2.492746 
2.576793 
2.365178 
2.234691 
2.328249 
2.305382 
2.375700 
2.573360 
2.031698 
2.391275 
2.621603 
2.141219 
2.757444 
2.556374 
2.618114 
2.647023 
2.787245 
2.069366 
1.386491 
1.457413 
1.399091 
1.680873 
1.739366 
1.855357 
1.723985 
1.930818 
2.241355 
2.782113 
2.706957 
2.866269 
2.639038 
2.441261 
3.129975 
2.441672 
2.535657 
2.666445 
1.696753 
1.634190 
1.684568 
1.512106 
1.467715 
1.266016 
1.348336 
1.153406 
1.388777 
1.177111 
1.809848 
2.267921 
3.014533 
2.739995 
2.847308 
2.465965 
2.735575 
3.127172 
2.234170 
2.115554 
2.177994 
1.875499 
1.813957 
1.730595 
1.914482 
2.079510 
2.255904 
2.650756 
2.242710 
2.761024 
2.925477 
2.716107 
2.330756 
2.777612 
2.422746 
2.356087 
2.541955 
2.270458 
2.503469 
2.084246 
2.680948 
2.522003 
3.056133 
3.430944 
2.493698 
2.727118 
2.650362 
1.896365 
1.938207 
1.876643 
1.209343 
0.933114 
0.665208 
0.507616 
0.577819 
0.661651 
0.516815 
0.584902 
0.509306 
0.755868 
0.998789 
1.706582 
1.965674 
2.250887 
2.506059 
2.789796 
2.375124 
2.492120 
2.660070 
2.355709 
2.972757 
2.607893 
2.658329 
3.491861 
2.814071 
2.771815 
2.595191 
3.151351 
2.668409 
2.767059 
2.636774 
2.557088 
3.086624 
3.217678 
2.704497 
2.899233 
2.947099 
2.752963 
2.503882 
2.441216 
1.885851 
1.628656 
0.956127 
0.743442 
0.754507 
0.734201 
0.779981 
1.376821 
1.298739 
1.284187 
1.283356 
1.585248 
1.732754 
1.441705 
1.796294 
1.295133 
1.219514 
1.187078 
1.145875 
1.010138 
1.221951 
1.412498 
1.707850 
1.544325 
1.959268 
1.668006 
2.362729 
1.999272 
2.205627 
2.480645 
2.029657 
1.410843 
1.276875 
1.310227 
1.067901 
1.097932 
1.306218 
1.211899 
1.119156 
1.154686 
1.288942 
1.130139 
1.193335 
0.932805 
1.033577 
1.095737 
0.865323 
1.295839 
1.382103 
1.685883 
1.534612 
1.182803 
1.541380 
1.851618 
1.967445 
2.343118 
2.568111 
2.812432 
3.115421 
2.770339 
3.019515 
2.764078 
2.920352 
2.323621 
2.039872 
1.660684 
1.550674 
1.192687 
1.107137 
0.898782 
0.792836 
0.669742 
0.863788 
0.806342 
0.830806 
0.829115 
1.138286 
1.373223 
1.825157 
1.936124 
2.541340 
2.429080 
2.903222 
2.859503 
3.209990 
2.859978 
2.912753 
3.228301 
2.774756 
2.684132 
2.763701 
2.887502 
3.386898 
2.895661 
2.854273 
2.594715 
2.736582 
2.946553 
2.672324 
2.821023 
2.713637 
2.496134 
2.180579 
2.741308 
2.341781 
2.540458 
2.843657 
2.516304 
2.721996 
3.204952 
2.553018 
3.003960 
3.008644 
2.952997 
3.001391 
2.644056 
2.857186 
2.863334 
2.590872 
2.590217 
2.568568 
2.385234 
2.030472 
2.161775 
2.316023 
2.190877 
2.433401 
2.813133 
2.687158 
2.790592 
3.025777 
2.415448 
2.741445 
2.699277 
2.389949 
2.753124 
2.226019 
2.709096 
1.731153 
2.399864 
2.536826 
2.813596 
2.546791 
2.593480 
2.159165 
2.258911 
2.369407 
2.106340 
1.814243 
1.777500 
2.012455 
1.788861 
1.740848 
1.324964 
1.610135 
2.056446 
1.894779 
2.143250 
1.772059 
2.222577 
2.443213 
2.026451 
2.880970 
2.406788 
2.716046 
1.920176 
2.234862 
2.305320 
2.257455 
2.304414 
2.514885 
2.677580 
2.637721 
2.540033 
2.496915 
2.406896 
2.210883 
1.843514 
1.978060 
1.875850 
1.912186 
2.076282 
1.797134 
1.771587 
1.694559 
1.678530 
1.821382 
1.661098 
1.565226 
1.498999 
1.884927 
2.114410 
1.666445 
1.898433 
2.162391 
1.652765 
2.283611 
2.051995 
2.261130 
1.536097 
1.563860 
1.289935 
0.895119 
0.800970 
0.569445 
0.688733 
0.653140 
0.578207 
0.615931 
0.562947 
0.626254 
0.574701 
0.517801 
0.627183 
0.635552 
0.700086 
0.784005 
0.820816 
0.733737 
0.756908 
0.903807 
1.223103 
1.111598 
1.378375 
1.296593 
1.832851 
1.599432 
1.876069 
2.398480 
1.770827 
1.850272 
1.993074 
1.415494 
1.435313 
1.541910 
1.441029 
1.193546 
1.177158 
1.097327 
1.117628 
1.113686 
1.007146 
0.931873 
1.236651 
1.029474 
1.031303 
1.168278 
1.203679 
1.258193 
1.396303 
1.747863 
2.149630 
2.219774 
2.179626 
2.312790 
2.135383 
2.037713 
1.948198 
2.272920 
1.782799 
1.520844 
1.518178 
1.393734 
1.232407 
1.237470 
1.093960 
1.196968 
1.435080 
1.115712 
1.158313 
1.235612 
1.357854 
1.073351 
1.383006 
1.242076 
1.406098 
1.474004 
1.660486 
1.761836 
1.373101 
1.412844 
1.592526 
1.369087 
1.869037 
1.619737 
1.359300 
1.146102 
0.969254 
1.138342 
0.928969 
1.149718 
1.161024 
1.287086 
1.312365 
1.278299 
1.150895 
0.908633 
0.664558 
0.660123 
0.701337 
0.713522 
0.896182 
0.836687 
0.852392 
0.796841 
0.788329 
0.734461 
0.795860 
0.797884 
0.797491 
0.727507 
0.813223 
0.808085 
0.560619 
0.682171 
0.747158 
0.495397 
0.667850 
0.473326 
0.480569 
0.527688 
0.506786 
0.467655 
0.432524 
0.428394 
0.425324 
0.384221 
0.373720 
0.354341 
0.307974 
0.273054 
0.250469 
0.231728 
0.242375 
0.241680 
0.246589 
0.241986 
0.272822 
0.290620 
0.264498 
0.228378 
0.280389 
0.238475 
0.229916 
0.291950 
0.249232 
0.271043 
0.308025 
0.238049 
0.303736 
0.276639 
0.314902 
0.318320 
0.277738 
0.323988 
0.349684 
0.318014 
0.375752 
0.416636 
0.423902 
0.431555 
0.457873 
0.431513 
0.459238 
0.476733 
0.403811 
0.409638 
0.528231 
0.459024 
0.480416 
0.494764 
0.458908 
0.402948 
0.416021 
0.538994 
0.424464 
0.493950 
0.557554 
0.597084 
0.580428 
0.556944 
0.663955 
0.543894 
0.617921 
0.597176 
0.762859 
0.823262 
1.178569 
1.163971 
1.217630 
0.983675 
0.828566 
0.915113 
0.880361 
0.727716 
0.611399 
0.571614 
0.495151 
0.489386 
0.455776 
0.363549 
0.434486 
0.379887 
0.447947 
0.371044 
0.329963 
0.314552 
0.324237 
0.271068 
0.199934 
0.250530 
0.168825 
0.219349 
0.216410 
0.188267 
0.188428 
0.181083 
0.204569 
0.168243 
0.166751 
0.198226 
0.172098 
0.212815 
0.201648 
0.201911 
0.209749 
0.193756 
0.235454 
0.179482 
0.180962 
0.206573 
0.187842 
0.168473 
0.171692 
0.157178 
0.189027 
0.181104 
0.218470 
0.225812 
0.197611 
0.190707 
0.196678 
0.153800 
0.173039 
0.175897 
0.158800 
0.129105 
0.104303 
0.138909 
0.132742 
0.115859 
0.119835 
0.107632 
0.079818 
0.086701 
0.104652 
0.103524 
0.083828 
0.088672 
0.076949 
0.082984 
0.067033 
0.071567 
0.091494 
0.082332 
0.078644 
0.073839 
0.071908 
0.063530 
0.064565 
0.061271 
0.050172 
0.053162 
0.048989 
0.041280 
0.039578 
0.039508 
0.041865 
0.029399 
0.030389 
0.032892 
0.025126 
0.020149 
0.021177 
0.021015 
0.019762 
0.019159 
0.016603 
0.018839 
0.016731 
0.017894 
0.017348 
0.016240 
0.015932 
0.013396 
0.019390 
0.013132 
0.018662 
0.023354 
0.012587 
0.018311 
0.019605 
0.017194 
0.015264 
0.015411 
0.015671 
0.012087 
0.010862 
0.009330 
0.007603 
0.007631 
0.007622 
0.008892 
0.006794 
0.006975 
0.008229 
0.006374 
0.006612 
0.006477 
0.007555 
0.005403 
0.006088 
0.006933 
0.006709 
0.005222 
0.004574 
0.005853 
0.004951 
0.004261 
0.003556 
0.003815 
0.002696 
0.002768 
0.002401 
0.001700 
0.001176 
0.000764 
0.000432 
0.000208 
0.000149 
0.000076 
0.000040 
0.000009 
0.000000 
0.000000 
0.000000 
0.000000 
0.000000 
0.000000 
0.000000 
0.000000 
0.000000 
0.000000 
0.000000 
0.000000 
0.000000 
0.000000 
0.000000 
0.000000 
0.000000 
0.000000 
0.000000 
0.000000 
0.000000 
0.000000 
0.000000 
0.000000 
0.000000 
0.000000 
0.000000 
0.000000 
0.000000 
0.000000 
0.000000 
0.000000 
0.000000 
0.000000 
0.000000 
0.000000 
0.000000 
0.000000 
0.000000 
0.000000 
0.000000 
0.000000 
0.000000 
0.000000 
0.000000 
0.000000 
0.000000 
0.000000 
0.000000 
0.000000 
0.000000 
0.000000 
0.000000 
0.000000 
0.000000 
0.000000 
0.000000 
0.000000 
0.000000 
0.000000 
0.000000 
0.000000 
0.000000 
0.000000 
0.000000 
0.000000 
0.000000 
0.000000 
0.000000 
0.000000 
0.000000 
0.000000 
0.000000 
0.000000 
0.000000 
0.000000 
0.000000 
0.000000 
0.000000 
0.000000 
0.000000 
0.000000 
0.000000 
0.000000 
0.000000 
0.000000 
0.000000 
0.000000 
0.000000 
0.000000 
0.000000 
0.000000 
0.000000 
0.000000 
0.000000 
0.000000 
0.000000 
0.000000 
0.000000 
0.000000 
0.000000 
0.000000 
0.000000 
0.000000 
0.000000 
0.000000 
0.000000 
0.000000 
0.000000 
0.000000 
0.000000 
0.000000 
0.000000 
0.000000 
0.000000 
0.000000 
0.000000 
0.000000 
0.000000 
0.000000 
0.000000 
0.000000 
0.000000 
0.000000 
0.000000 
0.000000 
0.000000 
0.000000 
0.000000 
0.000000 
0.000000 
0.000000 
0.000000 
0.000000 
0.000000 
0.000000 
0.000000 
0.000000 
0.000000 
0.000000 
0.000000 
0.000000 
0.000000 
0.000000 
0.000000 
0.000000 
0.000000 
0.000000 
0.000000 
0.000000 
0.000000 
0.000000 
0.000000 
0.000000 
0.000000 
0.000000 
0.000000 
0.000000 
0.000000 
0.000000 
0.000000 
0.000000 
0.000000 
0.000000 
0.000000 
0.000000 
0.000000 
0.000000 
0.000000 
0.000000 
0.000000 
0.000000 
0.000000 
0.000000 
0.000000 
0.000000 
0.000000 
0.000000 
0.000000 
0.000000 
0.000000 
0.000000 
0.000000 
0.000000 
0.000000 
0.000000 
0.000000 
0.000000 
0.000000 
0.000000 
0.000000 
