0.000000 
0.000000 
0.000000 
0.000000 
0.000000 
0.000000 
0.000000 
0.000000 
0.000000 
0.000000 
0.000000 
0.000000 
0.000000 
0.000000 
0.000000 
0.000000 
0.000000 
0.000000 
0.000000 
0.000000 
0.000000 
0.000000 
0.000000 
0.000000 
0.000000 
0.000000 
0.000000 
0.000000 
0.000000 
0.000000 
0.000000 
0.000000 
0.000000 
0.000000 
0.000000 
0.000000 
0.000000 
0.000000 
0.000000 
0.000000 
0.000000 
0.000000 
0.000000 
0.000000 
0.000000 
0.000000 
0.000000 
0.000000 
0.000000 
0.000000 
0.000000 
0.000000 
0.000000 
0.000000 
0.000000 
0.000000 
0.000000 
0.000000 
0.000000 
0.000000 
0.000000 
0.000000 
0.000000 
0.000000 
0.000000 
0.000000 
0.000000 
0.000000 
0.000000 
0.000000 
0.000000 
0.000000 
0.000000 
0.000000 
0.000000 
0.000000 
0.000000 
0.000000 
0.000000 
0.000000 
0.000000 
0.000000 
0.000000 
0.000000 
0.000000 
0.000000 
0.000000 
0.000000 
0.000000 
0.000000 
0.000000 
0.000000 
0.000000 
0.000000 
0.000000 
0.000000 
0.000000 
0.000000 
0.000000 
0.000000 
0.000000 
0.000000 
0.000000 
0.000000 
0.000000 
0.000000 
0.000000 
0.000000 
0.000000 
0.000000 
0.000000 
0.000000 
0.000000 
0.000000 
0.000000 
0.000000 
0.000000 
0.000000 
0.000000 
0.000000 
0.000000 
0.000000 
0.000000 
0.000000 
0.000000 
0.000000 
0.000000 
0.000000 
0.000000 
0.000000 
0.000000 
0.000000 
0.000000 
0.000000 
0.000000 
0.000000 
0.000000 
0.000000 
0.000000 
0.000000 
0.000000 
0.000000 
0.000000 
0.000000 
0.000000 
0.000000 
0.000000 
0.000000 
0.000000 
0.000000 
0.000000 
0.000000 
0.000000 
0.000000 
0.000000 
0.000000 
0.000000 
0.000000 
0.000000 
0.000000 
0.000000 
0.000000 
0.000000 
0.000000 
0.000000 
0.000000 
0.000000 
0.000000 
0.000000 
0.000000 
0.000000 
0.000000 
0.000000 
0.000000 
0.000000 
0.000000 
0.000000 
0.000000 
0.000000 
0.000000 
0.000000 
0.000000 
0.000000 
0.000000 
0.000000 
0.000000 
0.000000 
0.000000 
0.000000 
0.000000 
0.000000 
0.000000 
0.000000 
0.000000 
0.000000 
0.000000 
0.000000 
0.000000 
0.000000 
0.000000 
0.000000 
0.000000 
0.000000 
0.000000 
0.000000 
0.000000 
0.000000 
0.000000 
0.000000 
0.000000 
0.000000 
0.000000 
0.000000 
0.000000 
0.000000 
0.000000 
0.000000 
0.000000 
0.000000 
0.000000 
0.000000 
0.000000 
0.000000 
0.000000 
0.000000 
0.000029 
0.000117 
0.000240 
0.000431 
0.000541 
0.000851 
0.001054 
0.001330 
0.001987 
0.002464 
0.002709 
0.003346 
0.004033 
0.005388 
0.005070 
0.007652 
0.009889 
0.012914 
0.013645 
0.015101 
0.014925 
0.016464 
0.021300 
0.017956 
0.020024 
0.020920 
0.023891 
0.021997 
0.025622 
0.020638 
0.018981 
0.020488 
0.018751 
0.015448 
0.019976 
0.017561 
0.021087 
0.022369 
0.015690 
0.019734 
0.018991 
0.024350 
0.021907 
0.025128 
0.026322 
0.026690 
0.029037 
0.034928 
0.037539 
0.036890 
0.034376 
0.036651 
0.041957 
0.044063 
0.038316 
0.043166 
0.048715 
0.041277 
0.043647 
0.041364 
0.038419 
0.044841 
0.043822 
0.043738 
0.048913 
0.053302 
0.046494 
0.060450 
0.047120 
0.054653 
0.058374 
0.053913 
0.069469 
0.065799 
0.057714 
0.049008 
0.059778 
0.059802 
0.061514 
0.067014 
0.067893 
0.069402 
0.074268 
0.056292 
0.068681 
0.059236 
0.091239 
0.076860 
0.072352 
0.072536 
0.074575 
0.080003 
0.087495 
0.057069 
0.084177 
0.069697 
0.095664 
0.097098 
0.097976 
0.104457 
0.102611 
0.108039 
0.120359 
0.128516 
0.137172 
0.132990 
0.137517 
0.149219 
0.193416 
0.197740 
0.188600 
0.208405 
0.192822 
0.219332 
0.245110 
0.226390 
0.181711 
0.185119 
0.195041 
0.149689 
0.177451 
0.191368 
0.194426 
0.209769 
0.196915 
0.205868 
0.225764 
0.187407 
0.230590 
0.267058 
0.239517 
0.272470 
0.239573 
0.234641 
0.275965 
0.288798 
0.255678 
0.337956 
0.377883 
0.430853 
0.463367 
0.364439 
0.403924 
0.412882 
0.390793 
0.404957 
0.606750 
0.616124 
0.611581 
0.666750 
0.521549 
0.651443 
0.552993 
0.555818 
0.526408 
0.545323 
0.460975 
0.419223 
0.441051 
0.469631 
0.469544 
0.492081 
0.575607 
0.532685 
0.570110 
0.596983 
0.492503 
0.453036 
0.447828 
0.489824 
0.429228 
0.436395 
0.482843 
0.515945 
0.424440 
0.489205 
0.491924 
0.593380 
0.588192 
0.572624 
0.668928 
0.659402 
0.655314 
0.660825 
0.647380 
0.563328 
0.521120 
0.547127 
0.393363 
0.442033 
0.469587 
0.523792 
0.584849 
0.691193 
0.638773 
0.890668 
0.697122 
0.857089 
0.800684 
0.832490 
0.760586 
0.692536 
0.676174 
0.740939 
0.645732 
0.730172 
0.746277 
0.848819 
0.751971 
0.846962 
0.883388 
0.812441 
0.923859 
0.908051 
0.973204 
0.949232 
1.042406 
1.012387 
1.014191 
1.064515 
1.235095 
0.977817 
1.113643 
1.115933 
1.244603 
1.046981 
1.216125 
1.190569 
1.260591 
1.100115 
1.172536 
1.038878 
1.096082 
1.303169 
1.375126 
1.228249 
1.046248 
0.996842 
1.313354 
0.976894 
0.973082 
0.607656 
0.544205 
0.393544 
0.428682 
0.467485 
0.594519 
0.841530 
0.758223 
0.998579 
0.904155 
1.278082 
0.927636 
1.161597 
0.929933 
1.021495 
1.088449 
1.098583 
0.999681 
1.066685 
1.195263 
0.954638 
0.963616 
1.101794 
1.189148 
1.216480 
1.391056 
1.181428 
1.052730 
1.368226 
0.973623 
1.067369 
1.112294 
1.277600 
1.159231 
1.135573 
1.092673 
1.121272 
1.171270 
0.945809 
1.172493 
0.963911 
1.141710 
1.248992 
1.466659 
1.239685 
1.007719 
1.030578 
0.676395 
0.542546 
0.582581 
0.356259 
0.301314 
0.206253 
0.216279 
0.225866 
0.348323 
0.581709 
0.760871 
0.650068 
0.863397 
1.111101 
1.295030 
1.440940 
1.261014 
1.452357 
1.333180 
1.270834 
1.332423 
1.047047 
1.522315 
1.222204 
1.407544 
1.298457 
1.364846 
1.406570 
1.534882 
1.328813 
1.719797 
1.245013 
1.381990 
1.366030 
1.257325 
1.293360 
1.321805 
1.275314 
1.458438 
1.312441 
1.298267 
1.448229 
1.439018 
1.655760 
1.589166 
1.658834 
1.272804 
1.467693 
1.596676 
1.944848 
1.505900 
1.642947 
1.553874 
1.491232 
1.476702 
1.331698 
1.160819 
1.229758 
1.647476 
1.444319 
1.398853 
1.414307 
1.345063 
1.678594 
1.668509 
1.395710 
1.587737 
1.654094 
1.719247 
1.667578 
1.904532 
1.461832 
1.376813 
1.594768 
1.814560 
1.757080 
1.637991 
1.769618 
1.548636 
1.582538 
1.760471 
1.786093 
1.721520 
1.721617 
1.466105 
1.075347 
1.086526 
0.852094 
0.907450 
1.011611 
1.352546 
1.236853 
1.435763 
1.611131 
1.464154 
1.548860 
1.652715 
1.891420 
1.946926 
1.734397 
2.115267 
1.757132 
1.403623 
1.649181 
1.124563 
1.344185 
1.153896 
1.270714 
0.902672 
0.921703 
0.746447 
0.758704 
0.950956 
1.076582 
1.647699 
1.794772 
1.676492 
1.964134 
1.884510 
1.727695 
1.640213 
1.582630 
1.672026 
1.277821 
1.451520 
1.152050 
1.099066 
1.168001 
1.128638 
1.555264 
1.671785 
1.780650 
2.016598 
1.963401 
1.929085 
1.894444 
1.781778 
1.707755 
1.504141 
1.613247 
1.587550 
1.490029 
1.615330 
1.659208 
1.640832 
1.899144 
2.219012 
2.018079 
1.817648 
1.674862 
1.278150 
1.088547 
0.853032 
0.841289 
0.600625 
0.475671 
0.406266 
0.327415 
0.390690 
0.344922 
0.367867 
0.388004 
0.499019 
0.815534 
1.107274 
1.222461 
1.454886 
1.412553 
1.696661 
1.522225 
2.076654 
1.750971 
2.076185 
1.472710 
1.752887 
1.763210 
1.936151 
1.826918 
1.881684 
2.073643 
1.920157 
2.098911 
1.943483 
1.954946 
1.589512 
1.711953 
1.636186 
2.159237 
1.816147 
1.775173 
1.646895 
1.657379 
1.524640 
1.395006 
0.796397 
0.727636 
0.592014 
0.486177 
0.525313 
0.689193 
0.642476 
0.815572 
0.912685 
0.830952 
1.049013 
1.083034 
1.130946 
1.018294 
0.950071 
0.878976 
0.677984 
0.696918 
0.721649 
0.882113 
1.000648 
1.067540 
1.276339 
1.106720 
1.628455 
1.494603 
1.316834 
1.436404 
1.496304 
1.348964 
1.090768 
0.673037 
0.774217 
0.893107 
0.767665 
0.760190 
0.785715 
0.796509 
0.701816 
0.637746 
0.662111 
0.744449 
0.721593 
0.754864 
0.722782 
0.834237 
1.019790 
0.996619 
0.794389 
1.001447 
0.894844 
1.197155 
1.276316 
1.372051 
1.429806 
1.606441 
1.623856 
1.879587 
1.849889 
1.817746 
2.183970 
1.751300 
1.630736 
1.334732 
1.347241 
1.059715 
0.704045 
0.775819 
0.551889 
0.575114 
0.549928 
0.546376 
0.514320 
0.590636 
0.603471 
0.852563 
0.937771 
1.186504 
1.469262 
1.488098 
1.404515 
1.787565 
1.915960 
1.671611 
1.794163 
1.791197 
1.986151 
2.196093 
2.150951 
1.807847 
1.663709 
1.509915 
1.707544 
1.724219 
1.687462 
1.812726 
1.724783 
1.866191 
1.486420 
2.123764 
1.728697 
1.821783 
1.764577 
1.887974 
1.846127 
2.103100 
1.370721 
2.053854 
1.767664 
1.967032 
2.020975 
1.920359 
1.520586 
1.872742 
1.577087 
1.607483 
2.132001 
1.494183 
1.686305 
1.723287 
1.584552 
1.430663 
1.367323 
1.676576 
1.581535 
1.401739 
1.654143 
1.821606 
1.732002 
1.524760 
1.768035 
1.885341 
1.882596 
1.755843 
1.891602 
1.615422 
1.408830 
1.695996 
1.643046 
1.286756 
1.561301 
1.767162 
1.872504 
1.456127 
1.172174 
1.526060 
1.279492 
1.348756 
1.104049 
1.228861 
1.257236 
0.998934 
1.035481 
1.326424 
1.236531 
1.522981 
1.575603 
1.503527 
1.440749 
1.628458 
1.589262 
1.403286 
1.590325 
1.538294 
1.329260 
1.489851 
1.498862 
1.788021 
1.847016 
1.609873 
1.450529 
1.925904 
1.704959 
1.583125 
1.687630 
1.362846 
1.407269 
1.189481 
1.404966 
1.347502 
1.271547 
1.196664 
1.026684 
1.181670 
1.286222 
1.031117 
0.994196 
1.256789 
1.185802 
1.088521 
1.201858 
1.159389 
1.481233 
1.200422 
1.425746 
1.405323 
1.414348 
1.145698 
1.040416 
1.003645 
0.732947 
0.653584 
0.494709 
0.522919 
0.431156 
0.466829 
0.422825 
0.414407 
0.443938 
0.380712 
0.287288 
0.374210 
0.467028 
0.369426 
0.475775 
0.524117 
0.409731 
0.531097 
0.577616 
0.587026 
0.720729 
0.740603 
1.050666 
1.029140 
1.225289 
1.178729 
1.179679 
1.318969 
1.355137 
1.074554 
1.221987 
1.007620 
0.980393 
0.978194 
0.850315 
0.909359 
0.857263 
0.829347 
0.648080 
0.837132 
0.867692 
0.647658 
0.845184 
0.744123 
0.607382 
0.899397 
0.897261 
0.710315 
0.959189 
1.105301 
1.286337 
1.280377 
1.216119 
1.217083 
1.372382 
1.307748 
1.213074 
1.089590 
1.088358 
1.190744 
1.058322 
0.869941 
1.066835 
0.840801 
0.739928 
0.601951 
0.823111 
0.809522 
0.627938 
0.705059 
0.914905 
0.933086 
0.846060 
0.786011 
0.983940 
0.911901 
0.834766 
1.073482 
1.019250 
0.834699 
0.904538 
0.986948 
0.858279 
0.987756 
0.772565 
0.686759 
0.732321 
0.653033 
0.623388 
0.561396 
0.815118 
0.810210 
0.849031 
0.835114 
0.706653 
0.588873 
0.500878 
0.450597 
0.432939 
0.543267 
0.457726 
0.341168 
0.580877 
0.595416 
0.524841 
0.474377 
0.539981 
0.574494 
0.522070 
0.423622 
0.535052 
0.434106 
0.476283 
0.448313 
0.417339 
0.394063 
0.395878 
0.398738 
0.362657 
0.322607 
0.298811 
0.285382 
0.200195 
0.336334 
0.274932 
0.256593 
0.228230 
0.240996 
0.187403 
0.213739 
0.212275 
0.162170 
0.193422 
0.145278 
0.147611 
0.185736 
0.182483 
0.191569 
0.185475 
0.167423 
0.161137 
0.170310 
0.170495 
0.155035 
0.178100 
0.176829 
0.188974 
0.178798 
0.194844 
0.192036 
0.209564 
0.214969 
0.251661 
0.254544 
0.229305 
0.263391 
0.234279 
0.251059 
0.290603 
0.286906 
0.227422 
0.280137 
0.277582 
0.278214 
0.321716 
0.332053 
0.283718 
0.290419 
0.263840 
0.256298 
0.281135 
0.315156 
0.248529 
0.309727 
0.213757 
0.307898 
0.391928 
0.360473 
0.318010 
0.404677 
0.361844 
0.437032 
0.356432 
0.396574 
0.406535 
0.739115 
0.566711 
0.718716 
0.568247 
0.746045 
0.637031 
0.540396 
0.526352 
0.549661 
0.478991 
0.384951 
0.350315 
0.330106 
0.301341 
0.273590 
0.299758 
0.333934 
0.236289 
0.220833 
0.213134 
0.184529 
0.158218 
0.159216 
0.164835 
0.141331 
0.122418 
0.133223 
0.126356 
0.124571 
0.130908 
0.106102 
0.116987 
0.093302 
0.108324 
0.109749 
0.140188 
0.123070 
0.134324 
0.114862 
0.143690 
0.126368 
0.129084 
0.133642 
0.130827 
0.091642 
0.108863 
0.106237 
0.140949 
0.093199 
0.116434 
0.122472 
0.155019 
0.135328 
0.148878 
0.128095 
0.116763 
0.133120 
0.114747 
0.124984 
0.126830 
0.092208 
0.099170 
0.069797 
0.073792 
0.071633 
0.065427 
0.062862 
0.071849 
0.065327 
0.064512 
0.056642 
0.064340 
0.057567 
0.057457 
0.061091 
0.056409 
0.048631 
0.051329 
0.059381 
0.044121 
0.048208 
0.043049 
0.038552 
0.039904 
0.037767 
0.040213 
0.034638 
0.029774 
0.026393 
0.028391 
0.020766 
0.021318 
0.022340 
0.019963 
0.018705 
0.016285 
0.015994 
0.015432 
0.014475 
0.011674 
0.012132 
0.009124 
0.011272 
0.012845 
0.012362 
0.011607 
0.010928 
0.011317 
0.011926 
0.010954 
0.011187 
0.012172 
0.012914 
0.012728 
0.012186 
0.012786 
0.010604 
0.011126 
0.011022 
0.008857 
0.007451 
0.006728 
0.007050 
0.004918 
0.004852 
0.004423 
0.004986 
0.003964 
0.004087 
0.004232 
0.005056 
0.004267 
0.004868 
0.004753 
0.004029 
0.004133 
0.003983 
0.003611 
0.004428 
0.003616 
0.003087 
0.003035 
0.003073 
0.002384 
0.002092 
0.001542 
0.002021 
0.001363 
0.001245 
0.000632 
0.000452 
0.000261 
0.000142 
0.000091 
0.000046 
0.000021 
0.000007 
0.000000 
0.000000 
0.000000 
0.000000 
0.000000 
0.000000 
0.000000 
0.000000 
0.000000 
0.000000 
0.000000 
0.000000 
0.000000 
0.000000 
0.000000 
0.000000 
0.000000 
0.000000 
0.000000 
0.000000 
0.000000 
0.000000 
0.000000 
0.000000 
0.000000 
0.000000 
0.000000 
0.000000 
0.000000 
0.000000 
0.000000 
0.000000 
0.000000 
0.000000 
0.000000 
0.000000 
0.000000 
0.000000 
0.000000 
0.000000 
0.000000 
0.000000 
0.000000 
0.000000 
0.000000 
0.000000 
0.000000 
0.000000 
0.000000 
0.000000 
0.000000 
0.000000 
0.000000 
0.000000 
0.000000 
0.000000 
0.000000 
0.000000 
0.000000 
0.000000 
0.000000 
0.000000 
0.000000 
0.000000 
0.000000 
0.000000 
0.000000 
0.000000 
0.000000 
0.000000 
0.000000 
0.000000 
0.000000 
0.000000 
0.000000 
0.000000 
0.000000 
0.000000 
0.000000 
0.000000 
0.000000 
0.000000 
0.000000 
0.000000 
0.000000 
0.000000 
0.000000 
0.000000 
0.000000 
0.000000 
0.000000 
0.000000 
0.000000 
0.000000 
0.000000 
0.000000 
0.000000 
0.000000 
0.000000 
0.000000 
0.000000 
0.000000 
0.000000 
0.000000 
0.000000 
0.000000 
0.000000 
0.000000 
0.000000 
0.000000 
0.000000 
0.000000 
0.000000 
0.000000 
0.000000 
0.000000 
0.000000 
0.000000 
0.000000 
0.000000 
0.000000 
0.000000 
0.000000 
0.000000 
0.000000 
0.000000 
0.000000 
0.000000 
0.000000 
0.000000 
0.000000 
0.000000 
0.000000 
0.000000 
0.000000 
0.000000 
0.000000 
0.000000 
0.000000 
0.000000 
0.000000 
0.000000 
0.000000 
0.000000 
0.000000 
0.000000 
0.000000 
0.000000 
0.000000 
0.000000 
0.000000 
0.000000 
0.000000 
0.000000 
0.000000 
0.000000 
0.000000 
0.000000 
0.000000 
0.000000 
0.000000 
0.000000 
0.000000 
0.000000 
0.000000 
0.000000 
0.000000 
0.000000 
0.000000 
0.000000 
0.000000 
0.000000 
0.000000 
0.000000 
0.000000 
0.000000 
0.000000 
0.000000 
0.000000 
0.000000 
0.000000 
0.000000 
0.000000 
0.000000 
0.000000 
0.000000 
0.000000 
0.000000 
0.000000 
0.000000 
0.000000 
