0.000000 
0.000000 
0.000000 
0.000000 
0.000000 
0.000000 
0.000000 
0.000000 
0.000000 
0.000000 
0.000000 
0.000000 
0.000000 
0.000000 
0.000000 
0.000000 
0.000000 
0.000000 
0.000000 
0.000000 
0.000000 
0.000000 
0.000000 
0.000000 
0.000000 
0.000000 
0.000000 
0.000000 
0.000000 
0.000000 
0.000000 
0.000000 
0.000000 
0.000000 
0.000000 
0.000000 
0.000000 
0.000000 
0.000000 
0.000000 
0.000000 
0.000000 
0.000000 
0.000000 
0.000000 
0.000000 
0.000000 
0.000000 
0.000000 
0.000000 
0.000000 
0.000000 
0.000000 
0.000000 
0.000000 
0.000000 
0.000000 
0.000000 
0.000000 
0.000000 
0.000000 
0.000000 
0.000000 
0.000000 
0.000000 
0.000000 
0.000000 
0.000000 
0.000000 
0.000000 
0.000000 
0.000000 
0.000000 
0.000000 
0.000000 
0.000000 
0.000000 
0.000000 
0.000000 
0.000000 
0.000000 
0.000000 
0.000000 
0.000000 
0.000000 
0.000000 
0.000000 
0.000000 
0.000000 
0.000000 
0.000000 
0.000000 
0.000000 
0.000000 
0.000000 
0.000000 
0.000000 
0.000000 
0.000000 
0.000000 
0.000000 
0.000000 
0.000000 
0.000000 
0.000000 
0.000000 
0.000000 
0.000000 
0.000000 
0.000000 
0.000000 
0.000000 
0.000000 
0.000000 
0.000000 
0.000000 
0.000000 
0.000000 
0.000000 
0.000000 
0.000000 
0.000000 
0.000000 
0.000000 
0.000000 
0.000000 
0.000000 
0.000000 
0.000000 
0.000000 
0.000000 
0.000000 
0.000000 
0.000000 
0.000000 
0.000000 
0.000000 
0.000000 
0.000000 
0.000000 
0.000000 
0.000000 
0.000000 
0.000000 
0.000000 
0.000000 
0.000000 
0.000000 
0.000000 
0.000000 
0.000000 
0.000000 
0.000000 
0.000000 
0.000000 
0.000000 
0.000000 
0.000000 
0.000000 
0.000000 
0.000000 
0.000000 
0.000000 
0.000000 
0.000000 
0.000000 
0.000000 
0.000000 
0.000000 
0.000000 
0.000000 
0.000000 
0.000000 
0.000000 
0.000000 
0.000000 
0.000000 
0.000000 
0.000000 
0.000000 
0.000000 
0.000000 
0.000000 
0.000000 
0.000000 
0.000000 
0.000000 
0.000000 
0.000000 
0.000000 
0.000000 
0.000000 
0.000000 
0.000000 
0.000000 
0.000000 
0.000000 
0.000000 
0.000000 
0.000000 
0.000000 
0.000000 
0.000000 
0.000000 
0.000000 
0.000000 
0.000000 
0.000000 
0.000000 
0.000000 
0.000000 
0.000000 
0.000000 
0.000000 
0.000000 
0.000000 
0.000000 
0.000000 
0.000000 
0.000000 
0.000000 
0.000000 
0.000000 
0.000000 
0.000000 
0.000049 
0.000134 
0.000306 
0.000483 
0.000640 
0.001054 
0.001410 
0.001729 
0.002586 
0.002988 
0.003767 
0.004259 
0.004696 
0.006821 
0.007881 
0.008504 
0.011788 
0.012680 
0.014699 
0.015589 
0.021605 
0.018938 
0.024045 
0.026341 
0.022912 
0.026484 
0.023609 
0.024575 
0.025144 
0.027219 
0.024984 
0.029369 
0.025862 
0.024142 
0.022970 
0.022674 
0.023910 
0.027193 
0.026518 
0.026351 
0.026206 
0.031682 
0.029606 
0.034341 
0.030550 
0.032891 
0.037443 
0.043659 
0.037936 
0.045285 
0.043859 
0.044245 
0.046558 
0.055969 
0.053166 
0.057927 
0.050216 
0.057325 
0.062545 
0.049437 
0.056585 
0.057284 
0.066835 
0.058505 
0.062161 
0.069180 
0.056374 
0.072065 
0.065893 
0.058306 
0.061738 
0.059448 
0.071983 
0.071992 
0.064913 
0.077651 
0.091304 
0.076182 
0.083357 
0.066279 
0.072774 
0.086820 
0.077083 
0.075299 
0.079148 
0.092378 
0.087640 
0.096316 
0.092619 
0.093701 
0.087634 
0.100531 
0.114966 
0.113372 
0.120173 
0.096989 
0.094786 
0.119887 
0.121750 
0.111804 
0.110685 
0.119533 
0.153651 
0.160828 
0.164719 
0.183405 
0.188000 
0.205553 
0.247991 
0.262836 
0.287362 
0.245985 
0.235201 
0.271525 
0.236062 
0.265531 
0.263069 
0.211232 
0.250697 
0.217917 
0.260574 
0.237327 
0.246843 
0.216204 
0.284812 
0.302820 
0.257533 
0.286066 
0.371259 
0.289199 
0.298482 
0.321988 
0.276133 
0.314893 
0.308160 
0.375781 
0.400892 
0.468881 
0.452128 
0.571267 
0.483963 
0.544082 
0.460599 
0.615966 
0.551291 
0.656657 
0.680676 
0.703016 
0.741444 
0.806464 
0.743116 
0.741986 
0.722573 
0.713163 
0.639836 
0.646066 
0.734913 
0.670211 
0.687947 
0.712799 
0.630052 
0.634819 
0.566028 
0.596314 
0.729562 
0.709699 
0.637870 
0.535965 
0.656119 
0.536858 
0.534796 
0.557251 
0.449639 
0.538425 
0.617946 
0.775945 
0.566037 
0.759240 
0.789581 
0.920083 
0.830822 
0.786914 
0.783210 
0.831860 
0.855198 
0.759885 
0.730563 
0.695072 
0.567288 
0.679123 
0.655784 
0.643230 
0.783695 
0.873138 
0.719694 
0.700675 
0.970428 
0.992757 
0.940917 
1.056560 
0.885596 
1.026975 
1.032901 
0.757440 
0.861505 
0.912906 
1.028864 
1.126252 
1.013118 
0.931026 
1.118771 
0.900536 
1.133120 
1.202778 
1.249018 
1.202100 
1.188453 
1.205372 
1.319714 
1.088117 
1.256123 
1.453673 
1.700777 
1.383434 
1.395876 
1.313600 
1.291862 
1.304804 
1.335125 
1.511334 
1.353945 
1.304406 
1.595735 
1.649572 
1.451871 
1.441306 
1.472057 
1.483190 
1.163833 
1.228842 
1.124330 
0.768143 
0.716805 
0.499076 
0.503805 
0.594543 
0.629766 
1.002675 
1.221136 
1.363155 
1.336260 
1.451977 
1.406011 
1.248565 
1.352869 
1.212890 
1.476810 
1.364451 
1.537473 
1.545751 
1.764884 
1.441060 
1.449786 
1.349455 
1.056769 
1.309286 
1.436813 
1.400227 
1.428117 
1.389787 
1.452924 
1.494472 
1.797152 
1.626312 
1.664403 
1.117942 
1.470591 
1.317826 
1.186999 
1.450468 
1.088412 
1.248404 
1.491590 
1.506466 
1.582339 
1.640272 
1.260514 
0.977652 
0.709207 
0.875981 
0.529624 
0.488141 
0.406127 
0.302357 
0.247864 
0.334659 
0.521791 
0.702691 
0.772696 
1.102231 
1.263536 
1.565295 
1.503933 
1.690471 
1.794353 
1.805387 
1.684273 
1.743946 
1.377230 
1.359952 
1.669704 
1.994375 
1.634280 
1.502345 
1.575153 
1.779372 
1.928084 
2.082137 
1.368944 
1.736462 
1.698724 
1.738168 
1.383219 
1.752307 
1.847870 
1.232611 
1.794641 
1.534927 
1.890800 
1.967007 
1.709312 
1.653250 
1.609716 
1.802461 
2.058687 
1.986423 
2.012332 
1.820242 
1.550698 
1.796967 
1.651831 
2.172084 
2.062344 
1.659054 
1.885174 
1.978223 
1.944252 
2.023202 
2.100103 
1.995268 
1.862783 
2.151412 
2.502004 
2.113730 
1.990405 
2.077856 
1.903884 
2.146132 
2.185821 
1.959721 
2.280681 
2.024235 
2.170385 
1.526071 
2.330261 
2.179537 
1.760043 
2.010114 
2.238009 
2.408702 
2.316261 
1.542217 
1.304477 
1.156333 
1.111561 
1.204120 
1.433114 
1.173507 
1.476594 
1.652000 
1.795681 
1.681273 
2.109477 
1.900115 
2.374609 
2.182909 
2.484483 
2.311816 
2.248074 
1.754753 
1.678690 
1.650495 
1.468876 
1.073857 
1.268715 
1.199493 
1.071864 
1.149417 
1.092863 
0.849475 
1.173758 
1.401808 
1.902546 
2.119605 
2.334873 
2.825907 
2.245642 
2.195788 
2.027139 
2.394712 
1.572015 
1.696116 
1.537518 
1.388560 
1.278824 
1.334143 
1.804154 
2.084306 
2.258841 
2.647250 
2.345802 
2.355163 
2.284300 
1.881624 
2.204669 
2.068510 
2.187778 
1.974166 
1.972374 
2.279138 
1.811528 
2.205855 
2.621475 
3.014814 
2.163193 
2.416781 
2.387989 
1.959846 
2.134435 
1.456561 
1.556267 
1.123457 
0.829616 
0.552216 
0.494100 
0.494034 
0.437783 
0.413701 
0.386721 
0.444047 
0.581123 
0.901072 
1.149224 
1.309608 
1.846035 
1.569504 
1.992223 
2.320635 
2.531750 
2.147586 
1.636706 
2.379293 
2.639266 
2.602751 
2.260514 
2.409663 
2.415534 
2.643130 
2.122516 
2.622157 
2.700649 
2.285076 
2.367287 
1.950106 
2.171255 
2.280257 
2.030729 
2.127736 
2.386903 
2.154227 
2.313478 
1.802104 
1.123261 
0.871489 
0.670725 
0.625580 
0.599447 
0.857839 
0.956277 
1.018584 
1.164210 
1.132004 
1.415908 
1.331322 
1.419907 
1.342829 
1.257425 
1.115867 
0.794220 
0.977597 
0.937291 
0.756373 
1.103352 
1.401775 
1.591619 
1.849075 
1.512852 
1.754415 
1.862452 
2.082559 
1.960371 
1.756833 
1.346291 
1.067141 
0.913318 
0.920742 
0.922189 
0.897376 
0.972413 
1.056590 
0.957277 
1.020904 
1.034761 
0.884249 
0.837369 
0.779942 
0.835605 
1.031706 
0.961939 
1.125682 
1.283613 
1.318596 
1.288087 
1.525533 
1.300530 
1.604937 
1.347313 
1.878014 
2.253038 
2.171512 
2.198883 
2.120582 
2.103883 
1.956051 
1.969666 
2.009111 
1.814414 
1.443022 
0.931302 
0.880130 
0.796954 
0.644460 
0.827867 
0.671294 
0.624861 
0.845612 
0.789324 
0.808870 
1.332032 
1.509302 
1.813036 
1.783954 
2.606896 
2.237187 
2.671767 
2.296587 
2.405686 
2.095886 
2.648699 
2.752667 
2.364123 
2.509398 
2.314119 
2.212763 
2.316193 
2.137829 
2.224219 
2.094310 
1.693718 
2.233289 
2.409529 
2.071165 
2.427327 
2.055901 
2.410428 
1.990729 
2.424504 
2.321343 
2.433263 
2.669744 
2.535924 
2.628664 
2.667812 
2.128410 
2.478095 
1.967767 
2.215703 
2.489134 
2.023412 
2.198752 
2.040981 
2.032879 
1.763942 
1.911001 
1.605113 
2.122176 
1.906911 
1.877415 
2.043390 
2.251216 
2.258059 
2.453988 
2.519613 
2.167689 
2.537537 
2.270434 
2.038317 
2.153977 
2.260392 
1.969641 
2.115047 
2.366207 
2.182941 
2.338028 
2.436260 
2.223210 
1.929706 
2.190258 
1.823463 
1.809896 
1.739346 
1.302398 
1.456157 
1.506516 
1.306876 
1.381098 
1.201287 
1.740507 
1.791340 
2.189855 
2.382594 
1.937734 
2.013419 
2.076349 
2.301977 
2.000477 
2.102015 
2.226081 
2.290909 
1.961176 
1.740204 
1.482176 
2.155175 
2.177426 
2.113744 
2.221693 
1.958044 
1.899580 
1.521268 
1.661927 
1.500036 
1.620587 
1.593810 
1.675735 
1.485649 
1.501144 
1.386060 
1.270801 
1.333250 
1.471373 
1.422536 
1.490469 
1.977295 
1.813506 
1.506530 
1.626136 
2.121080 
1.445512 
1.655968 
1.759314 
1.770685 
1.311400 
0.999236 
0.716033 
0.650224 
0.558770 
0.562384 
0.598262 
0.608372 
0.649923 
0.572156 
0.462935 
0.491142 
0.448672 
0.547488 
0.475614 
0.502986 
0.617549 
0.686125 
0.521681 
0.638568 
0.714827 
0.989829 
1.138872 
1.072134 
1.143946 
1.435442 
1.308997 
1.594966 
1.612123 
1.761772 
1.562913 
1.446548 
1.436876 
1.287821 
1.355049 
1.260813 
1.100738 
1.156601 
0.959456 
0.838885 
0.857729 
0.840404 
0.627841 
0.830130 
0.996619 
0.999699 
1.092652 
1.257960 
1.192107 
1.253952 
1.261117 
1.704439 
1.547828 
2.011838 
1.664596 
2.030362 
1.705059 
1.808583 
1.611172 
1.423354 
1.369582 
1.103199 
1.110758 
1.191342 
0.891137 
1.041560 
0.897013 
1.002540 
0.974440 
1.049152 
1.000025 
1.188564 
0.961990 
1.048229 
1.143799 
1.227569 
0.997986 
0.946884 
1.062826 
1.142141 
1.020914 
1.387682 
1.029251 
1.271291 
1.216165 
1.099127 
0.983928 
0.676946 
0.795135 
0.735551 
0.942603 
0.792955 
1.111007 
0.999207 
0.865448 
0.915817 
0.769245 
0.591025 
0.596968 
0.661369 
0.516212 
0.615162 
0.640354 
0.637842 
0.747527 
0.642504 
0.644764 
0.674147 
0.734583 
0.781613 
0.643691 
0.598142 
0.553476 
0.705933 
0.448905 
0.562293 
0.540233 
0.450006 
0.465154 
0.498163 
0.464828 
0.331249 
0.394245 
0.388280 
0.369783 
0.343833 
0.243200 
0.271564 
0.280770 
0.277571 
0.218146 
0.232144 
0.219521 
0.256145 
0.230422 
0.216754 
0.224331 
0.215576 
0.208872 
0.187820 
0.256605 
0.200058 
0.229861 
0.208276 
0.217955 
0.227256 
0.225895 
0.222667 
0.200998 
0.255599 
0.240782 
0.275244 
0.296570 
0.269949 
0.262613 
0.284151 
0.267429 
0.274498 
0.347835 
0.266448 
0.335165 
0.338281 
0.395942 
0.316489 
0.311863 
0.400157 
0.341366 
0.382140 
0.317972 
0.365426 
0.413741 
0.401673 
0.337798 
0.346203 
0.326330 
0.400159 
0.367096 
0.470522 
0.519718 
0.499236 
0.500447 
0.499181 
0.567548 
0.525796 
0.504271 
0.649233 
0.806763 
0.716492 
1.002814 
0.915410 
0.855554 
0.623051 
0.936191 
0.757847 
0.645741 
0.489613 
0.490415 
0.383367 
0.433005 
0.365824 
0.368753 
0.394379 
0.396843 
0.350063 
0.303612 
0.295231 
0.319975 
0.220545 
0.252021 
0.199056 
0.189699 
0.144767 
0.175340 
0.164851 
0.131107 
0.118577 
0.147382 
0.151222 
0.143486 
0.146633 
0.156530 
0.155496 
0.147273 
0.173957 
0.152455 
0.162908 
0.129055 
0.157982 
0.151116 
0.140313 
0.157445 
0.153676 
0.160169 
0.147447 
0.181448 
0.128415 
0.171844 
0.171301 
0.163053 
0.172224 
0.163205 
0.145056 
0.175667 
0.190528 
0.147257 
0.113666 
0.140512 
0.121298 
0.113167 
0.091179 
0.082280 
0.092328 
0.086185 
0.095191 
0.083642 
0.078571 
0.073660 
0.073085 
0.069188 
0.067101 
0.076012 
0.073548 
0.068990 
0.069426 
0.070719 
0.060619 
0.045383 
0.060093 
0.048451 
0.054673 
0.053289 
0.042494 
0.044118 
0.029834 
0.034271 
0.036817 
0.039019 
0.032922 
0.029192 
0.028086 
0.022684 
0.022302 
0.020447 
0.017913 
0.017684 
0.015060 
0.016014 
0.013233 
0.013364 
0.013263 
0.015824 
0.012217 
0.013790 
0.018309 
0.016904 
0.016580 
0.014897 
0.015923 
0.014576 
0.018675 
0.016710 
0.016447 
0.013227 
0.015799 
0.012402 
0.009998 
0.010249 
0.009529 
0.006946 
0.007344 
0.006228 
0.006658 
0.004938 
0.005585 
0.005504 
0.006440 
0.005154 
0.005260 
0.004587 
0.005404 
0.005289 
0.005560 
0.006002 
0.005711 
0.005192 
0.004753 
0.004014 
0.004346 
0.003769 
0.002959 
0.002786 
0.002258 
0.002071 
0.001877 
0.001507 
0.001061 
0.000607 
0.000360 
0.000178 
0.000103 
0.000058 
0.000031 
0.000006 
0.000000 
0.000000 
0.000000 
0.000000 
0.000000 
0.000000 
0.000000 
0.000000 
0.000000 
0.000000 
0.000000 
0.000000 
0.000000 
0.000000 
0.000000 
0.000000 
0.000000 
0.000000 
0.000000 
0.000000 
0.000000 
0.000000 
0.000000 
0.000000 
0.000000 
0.000000 
0.000000 
0.000000 
0.000000 
0.000000 
0.000000 
0.000000 
0.000000 
0.000000 
0.000000 
0.000000 
0.000000 
0.000000 
0.000000 
0.000000 
0.000000 
0.000000 
0.000000 
0.000000 
0.000000 
0.000000 
0.000000 
0.000000 
0.000000 
0.000000 
0.000000 
0.000000 
0.000000 
0.000000 
0.000000 
0.000000 
0.000000 
0.000000 
0.000000 
0.000000 
0.000000 
0.000000 
0.000000 
0.000000 
0.000000 
0.000000 
0.000000 
0.000000 
0.000000 
0.000000 
0.000000 
0.000000 
0.000000 
0.000000 
0.000000 
0.000000 
0.000000 
0.000000 
0.000000 
0.000000 
0.000000 
0.000000 
0.000000 
0.000000 
0.000000 
0.000000 
0.000000 
0.000000 
0.000000 
0.000000 
0.000000 
0.000000 
0.000000 
0.000000 
0.000000 
0.000000 
0.000000 
0.000000 
0.000000 
0.000000 
0.000000 
0.000000 
0.000000 
0.000000 
0.000000 
0.000000 
0.000000 
0.000000 
0.000000 
0.000000 
0.000000 
0.000000 
0.000000 
0.000000 
0.000000 
0.000000 
0.000000 
0.000000 
0.000000 
0.000000 
0.000000 
0.000000 
0.000000 
0.000000 
0.000000 
0.000000 
0.000000 
0.000000 
0.000000 
0.000000 
0.000000 
0.000000 
0.000000 
0.000000 
0.000000 
0.000000 
0.000000 
0.000000 
0.000000 
0.000000 
0.000000 
0.000000 
0.000000 
0.000000 
0.000000 
0.000000 
0.000000 
0.000000 
0.000000 
0.000000 
0.000000 
0.000000 
0.000000 
0.000000 
0.000000 
0.000000 
0.000000 
0.000000 
0.000000 
0.000000 
0.000000 
0.000000 
0.000000 
0.000000 
0.000000 
0.000000 
0.000000 
0.000000 
0.000000 
0.000000 
0.000000 
0.000000 
0.000000 
0.000000 
0.000000 
0.000000 
0.000000 
0.000000 
0.000000 
0.000000 
0.000000 
0.000000 
0.000000 
0.000000 
0.000000 
0.000000 
0.000000 
0.000000 
0.000000 
0.000000 
0.000000 
