0.000000 
0.000000 
0.000000 
0.000000 
0.000000 
0.000000 
0.000000 
0.000000 
0.000000 
0.000000 
0.000000 
0.000000 
0.000000 
0.000000 
0.000000 
0.000000 
0.000000 
0.000000 
0.000000 
0.000000 
0.000000 
0.000000 
0.000000 
0.000000 
0.000000 
0.000000 
0.000000 
0.000000 
0.000000 
0.000000 
0.000000 
0.000000 
0.000000 
0.000000 
0.000000 
0.000000 
0.000000 
0.000000 
0.000000 
0.000000 
0.000000 
0.000000 
0.000000 
0.000000 
0.000000 
0.000000 
0.000000 
0.000000 
0.000000 
0.000000 
0.000000 
0.000000 
0.000000 
0.000000 
0.000000 
0.000000 
0.000000 
0.000000 
0.000000 
0.000000 
0.000000 
0.000000 
0.000000 
0.000000 
0.000000 
0.000000 
0.000000 
0.000000 
0.000000 
0.000000 
0.000000 
0.000000 
0.000000 
0.000000 
0.000000 
0.000000 
0.000000 
0.000000 
0.000000 
0.000000 
0.000000 
0.000000 
0.000000 
0.000000 
0.000000 
0.000000 
0.000000 
0.000000 
0.000000 
0.000000 
0.000000 
0.000000 
0.000000 
0.000000 
0.000000 
0.000000 
0.000000 
0.000000 
0.000000 
0.000000 
0.000000 
0.000000 
0.000000 
0.000000 
0.000000 
0.000000 
0.000000 
0.000000 
0.000000 
0.000000 
0.000000 
0.000000 
0.000000 
0.000000 
0.000000 
0.000000 
0.000000 
0.000000 
0.000000 
0.000000 
0.000000 
0.000000 
0.000000 
0.000000 
0.000000 
0.000000 
0.000000 
0.000000 
0.000000 
0.000000 
0.000000 
0.000000 
0.000000 
0.000000 
0.000000 
0.000000 
0.000000 
0.000000 
0.000000 
0.000000 
0.000000 
0.000000 
0.000000 
0.000000 
0.000000 
0.000000 
0.000000 
0.000000 
0.000000 
0.000000 
0.000000 
0.000000 
0.000000 
0.000000 
0.000000 
0.000000 
0.000000 
0.000000 
0.000000 
0.000000 
0.000000 
0.000000 
0.000000 
0.000000 
0.000000 
0.000000 
0.000000 
0.000000 
0.000000 
0.000000 
0.000000 
0.000000 
0.000000 
0.000000 
0.000000 
0.000000 
0.000000 
0.000000 
0.000000 
0.000000 
0.000000 
0.000000 
0.000000 
0.000000 
0.000000 
0.000000 
0.000000 
0.000000 
0.000000 
0.000000 
0.000000 
0.000000 
0.000000 
0.000000 
0.000000 
0.000000 
0.000000 
0.000000 
0.000000 
0.000000 
0.000000 
0.000000 
0.000000 
0.000000 
0.000000 
0.000000 
0.000000 
0.000000 
0.000000 
0.000000 
0.000000 
0.000000 
0.000000 
0.000000 
0.000000 
0.000000 
0.000000 
0.000000 
0.000000 
0.000000 
0.000000 
0.000000 
0.000000 
0.000000 
0.000000 
0.000048 
0.000187 
0.000348 
0.000554 
0.000734 
0.000933 
0.001409 
0.001657 
0.002434 
0.002853 
0.003305 
0.005371 
0.005126 
0.006910 
0.008245 
0.009261 
0.012655 
0.010694 
0.014555 
0.018916 
0.016492 
0.023267 
0.020878 
0.023370 
0.024891 
0.026643 
0.024622 
0.020698 
0.022671 
0.023488 
0.024914 
0.028003 
0.026226 
0.020423 
0.025271 
0.023400 
0.022782 
0.023687 
0.026789 
0.021808 
0.026719 
0.022162 
0.031710 
0.026230 
0.030968 
0.031981 
0.034589 
0.041706 
0.044474 
0.046848 
0.047873 
0.057890 
0.051097 
0.054782 
0.050532 
0.047403 
0.043681 
0.054171 
0.055405 
0.064100 
0.062259 
0.068167 
0.055483 
0.064859 
0.060536 
0.052286 
0.076912 
0.053998 
0.076667 
0.071954 
0.057597 
0.060651 
0.064759 
0.068677 
0.075583 
0.088112 
0.078753 
0.082485 
0.081691 
0.078075 
0.082389 
0.084917 
0.086062 
0.087468 
0.096990 
0.096038 
0.105402 
0.095519 
0.096613 
0.099522 
0.107239 
0.098842 
0.101449 
0.104617 
0.084298 
0.120829 
0.114475 
0.106534 
0.121196 
0.138067 
0.123288 
0.109249 
0.159899 
0.142274 
0.173162 
0.175563 
0.184056 
0.157082 
0.214097 
0.249315 
0.255746 
0.236192 
0.287686 
0.266394 
0.266121 
0.268037 
0.247846 
0.206383 
0.209964 
0.190551 
0.166747 
0.233675 
0.188178 
0.273141 
0.257435 
0.256734 
0.267691 
0.266297 
0.273041 
0.265507 
0.324895 
0.293904 
0.330580 
0.343501 
0.267826 
0.330297 
0.419429 
0.403546 
0.498329 
0.402136 
0.479252 
0.528160 
0.497022 
0.562259 
0.574312 
0.583869 
0.502166 
0.637036 
0.767067 
0.759678 
0.769455 
0.780629 
0.752016 
0.643335 
0.695067 
0.688692 
0.646492 
0.655114 
0.697645 
0.697635 
0.587588 
0.719833 
0.604134 
0.622496 
0.668004 
0.598775 
0.521211 
0.512873 
0.538591 
0.618524 
0.535331 
0.548492 
0.586106 
0.575300 
0.666406 
0.593710 
0.764586 
0.634130 
0.870888 
0.839167 
0.691695 
0.892812 
0.849511 
0.888540 
0.734727 
0.693696 
0.779132 
0.711057 
0.700779 
0.605999 
0.645544 
0.649959 
0.815567 
0.803796 
0.909928 
0.858796 
0.954763 
0.826899 
1.004121 
0.843227 
0.874496 
1.123158 
0.893157 
0.886759 
0.682462 
0.896919 
1.066016 
1.109402 
1.031267 
1.330261 
1.155777 
1.131970 
1.119650 
1.253082 
1.186189 
1.151982 
1.130800 
1.141816 
1.062430 
0.964123 
1.537410 
1.261386 
1.227551 
1.646509 
1.535238 
1.280749 
1.352243 
1.441153 
1.789443 
1.434702 
1.405353 
1.457523 
1.357404 
1.442224 
1.479023 
1.454072 
1.320868 
1.455271 
1.400475 
1.115835 
0.946421 
0.721113 
0.664950 
0.458196 
0.473881 
0.566954 
0.767954 
0.744913 
1.007903 
1.253338 
1.119970 
1.420204 
1.600385 
1.446624 
1.441572 
1.292579 
1.528793 
1.545803 
1.159125 
1.407924 
1.384205 
1.545364 
1.420348 
1.385220 
1.479690 
1.330194 
1.240592 
1.501385 
1.292233 
1.542427 
1.415909 
1.412139 
1.514887 
1.391728 
1.324222 
1.439505 
1.313891 
1.236684 
1.249550 
1.150893 
1.278809 
1.431425 
1.115012 
1.105835 
1.781190 
1.554666 
1.284806 
1.051439 
1.281284 
0.870001 
0.579380 
0.477766 
0.315551 
0.308258 
0.235938 
0.268529 
0.478539 
0.725554 
0.843060 
1.123551 
1.202372 
1.489288 
1.553571 
1.550527 
1.794115 
1.873455 
1.686825 
1.557133 
1.611117 
1.639526 
1.792910 
1.561518 
1.751759 
1.474684 
1.521622 
1.650263 
1.931357 
1.811648 
1.536555 
1.904499 
1.714550 
1.805939 
1.778485 
1.912711 
1.652715 
1.959934 
1.864179 
1.464453 
1.815147 
1.956184 
1.795188 
1.547018 
1.817024 
1.763708 
1.750625 
1.762352 
1.887453 
1.631640 
2.008134 
1.974413 
1.788517 
1.653942 
1.937388 
1.885730 
2.119340 
2.214520 
1.930570 
2.068715 
1.999786 
2.097385 
1.856547 
1.554342 
1.969470 
2.174333 
2.604612 
1.999342 
1.966722 
1.883039 
1.957357 
2.301251 
2.050617 
2.346872 
2.122278 
2.035142 
2.153365 
1.904792 
2.108035 
1.890758 
2.395567 
1.877218 
2.687272 
1.537190 
1.392391 
1.445344 
1.114623 
1.300381 
1.417896 
1.390288 
1.393111 
1.520617 
1.763635 
2.179263 
1.951790 
2.335073 
2.472167 
2.194218 
2.444331 
1.932785 
1.736356 
2.102859 
1.997008 
1.827851 
1.767330 
1.626356 
1.307897 
1.373031 
1.211499 
0.960110 
0.904038 
1.152489 
1.082736 
1.493846 
1.839673 
2.156556 
2.121412 
2.222996 
1.971125 
2.196213 
2.039522 
1.804891 
1.853670 
1.812972 
1.527275 
1.283644 
1.420056 
1.448257 
1.588636 
2.072082 
2.470716 
2.547265 
2.685624 
2.030608 
2.159836 
2.173607 
1.907340 
1.773147 
1.808858 
1.802671 
2.069977 
2.027058 
2.064616 
2.146466 
2.359852 
1.912817 
2.180146 
2.307348 
2.108274 
2.131604 
1.742034 
1.722611 
1.356395 
1.076401 
0.559445 
0.580478 
0.480936 
0.474938 
0.571498 
0.463614 
0.509721 
0.379063 
0.457175 
1.063635 
1.225326 
1.629947 
1.711064 
1.753969 
1.978171 
1.948718 
2.517385 
2.456665 
2.226915 
2.209244 
2.343056 
2.166750 
2.485751 
2.187464 
2.446400 
2.313108 
2.944634 
2.489753 
2.283742 
2.348242 
2.633137 
2.631873 
2.732294 
2.507521 
2.474188 
2.524221 
2.378429 
2.168513 
2.235435 
1.510523 
1.080735 
0.717236 
0.572793 
0.593929 
0.803306 
0.724401 
0.916957 
1.080243 
1.077702 
1.060042 
1.317067 
1.275525 
1.320907 
1.246650 
1.118749 
0.986966 
0.809390 
0.959448 
0.919489 
1.012138 
1.224207 
1.608314 
1.658897 
1.843244 
1.648321 
2.133010 
1.884462 
2.105405 
1.983702 
1.854355 
1.460846 
0.885515 
0.882956 
1.137169 
1.001409 
0.890248 
1.192988 
1.042599 
0.885978 
0.905449 
1.007494 
0.849563 
0.740476 
0.725522 
0.827411 
1.014543 
1.288888 
1.067071 
1.412656 
1.367167 
1.140775 
1.277280 
1.702558 
1.531923 
1.636680 
1.931474 
2.029979 
2.051773 
2.526546 
2.367200 
2.111563 
2.410735 
2.208666 
1.597686 
1.560715 
1.287912 
0.962888 
0.729734 
0.713132 
0.748193 
0.688068 
0.796472 
0.585847 
0.632484 
0.719813 
1.006062 
1.180489 
1.400846 
1.205750 
2.008394 
2.276139 
2.540628 
2.413353 
2.791828 
2.200971 
2.170807 
2.456415 
2.227814 
2.188284 
2.374607 
1.864616 
1.823368 
2.207732 
2.436961 
2.391571 
2.358676 
2.538005 
2.076991 
2.178620 
2.306861 
2.258683 
2.346175 
2.244487 
2.141937 
2.293015 
2.763106 
2.281261 
2.081136 
2.190850 
2.455772 
2.319938 
2.535755 
2.639904 
2.094998 
2.567828 
1.931379 
2.083391 
2.430918 
1.870210 
1.695630 
1.957616 
1.736527 
1.715934 
2.039213 
1.587271 
2.125572 
2.178550 
2.142434 
2.177221 
2.210650 
1.935936 
2.391905 
2.272921 
2.264826 
2.474508 
2.099201 
2.158049 
1.845741 
2.160446 
2.093351 
2.050046 
1.884421 
2.416255 
1.921333 
2.153272 
1.719346 
1.615887 
1.870784 
1.284653 
1.246854 
1.357273 
1.668060 
1.560847 
1.358971 
1.689909 
1.675218 
1.866106 
1.939088 
2.020199 
1.927925 
2.468876 
1.900833 
1.943155 
1.832618 
1.987338 
1.997970 
1.989376 
1.733510 
2.040805 
1.927820 
2.005506 
1.937610 
2.456050 
1.821340 
2.207440 
1.597019 
1.625898 
1.659673 
1.684507 
1.467675 
1.426708 
1.481726 
1.240109 
1.600784 
1.241585 
1.646380 
1.576825 
1.300235 
1.290770 
1.582420 
1.552357 
1.539440 
1.784687 
1.580642 
1.913579 
1.601726 
1.830452 
1.500580 
1.409536 
1.283258 
1.023799 
0.807107 
0.778169 
0.685615 
0.562703 
0.539930 
0.445183 
0.458768 
0.466983 
0.481627 
0.486963 
0.467388 
0.518969 
0.507702 
0.486993 
0.538628 
0.665484 
0.581576 
0.672620 
0.791979 
0.885961 
1.068307 
0.953258 
1.131773 
1.433873 
1.569826 
1.653208 
1.435563 
1.471726 
1.581327 
1.539725 
1.522987 
1.152455 
1.360605 
1.155436 
1.249642 
1.169856 
1.042349 
0.805278 
0.941969 
0.848873 
0.867899 
0.878171 
0.838203 
0.935157 
0.983649 
1.148059 
1.145546 
1.337929 
1.579166 
1.557719 
1.319581 
1.574506 
1.741310 
2.039262 
1.905549 
1.746037 
1.490329 
1.557295 
1.290997 
1.086713 
1.249026 
1.135904 
1.085375 
1.089132 
1.000855 
1.022160 
0.995692 
0.787967 
0.885924 
1.269519 
1.041242 
1.211335 
0.889790 
1.034630 
0.799683 
0.988050 
1.307045 
1.567258 
0.944541 
1.320198 
1.212017 
1.405401 
1.149595 
1.107570 
0.861349 
0.923829 
0.813600 
0.681506 
0.937764 
0.822988 
1.160848 
1.147586 
1.043741 
0.927312 
0.761912 
0.597943 
0.515913 
0.581879 
0.562621 
0.674773 
0.552962 
0.631324 
0.659134 
0.651021 
0.638764 
0.592251 
0.686334 
0.688168 
0.646402 
0.673402 
0.564581 
0.510168 
0.655732 
0.506557 
0.497490 
0.638253 
0.498165 
0.471711 
0.470375 
0.369581 
0.382907 
0.367293 
0.362535 
0.334825 
0.279543 
0.273934 
0.229983 
0.229166 
0.234168 
0.233356 
0.199239 
0.196746 
0.180575 
0.198242 
0.247106 
0.183728 
0.239795 
0.204340 
0.209542 
0.249552 
0.209421 
0.189065 
0.250529 
0.237594 
0.269504 
0.234379 
0.232716 
0.277767 
0.247154 
0.264036 
0.261285 
0.305416 
0.267725 
0.318668 
0.311965 
0.317863 
0.262092 
0.315363 
0.297208 
0.365713 
0.371812 
0.383707 
0.352512 
0.412521 
0.361638 
0.395677 
0.322480 
0.424333 
0.332391 
0.382358 
0.391380 
0.347250 
0.353699 
0.409171 
0.448305 
0.360119 
0.443376 
0.545447 
0.442464 
0.491321 
0.441270 
0.579965 
0.509927 
0.650100 
0.644149 
0.842509 
0.846881 
0.752753 
0.758185 
0.891087 
0.768053 
0.591353 
0.604046 
0.577113 
0.502708 
0.390032 
0.365930 
0.354029 
0.371074 
0.377271 
0.364400 
0.348241 
0.351091 
0.314317 
0.267967 
0.223650 
0.169168 
0.183138 
0.186097 
0.160461 
0.154808 
0.141155 
0.142846 
0.144566 
0.156991 
0.136026 
0.123419 
0.163345 
0.180948 
0.150555 
0.163523 
0.166478 
0.194932 
0.129162 
0.149747 
0.134227 
0.161379 
0.154418 
0.132952 
0.148709 
0.140629 
0.148073 
0.151171 
0.151658 
0.149286 
0.169857 
0.172235 
0.149505 
0.171657 
0.161278 
0.154451 
0.152402 
0.118570 
0.118251 
0.116221 
0.108950 
0.108142 
0.106316 
0.087213 
0.099770 
0.084574 
0.075698 
0.082535 
0.078722 
0.066804 
0.075762 
0.081656 
0.062004 
0.062102 
0.068479 
0.056788 
0.054545 
0.056527 
0.058490 
0.051638 
0.055897 
0.049383 
0.057027 
0.049207 
0.046876 
0.038268 
0.035338 
0.034163 
0.038148 
0.033193 
0.028940 
0.028086 
0.027809 
0.026887 
0.022470 
0.022014 
0.018868 
0.016751 
0.017382 
0.016001 
0.013771 
0.013724 
0.014231 
0.014884 
0.015719 
0.017011 
0.013547 
0.014221 
0.014546 
0.014065 
0.013970 
0.015566 
0.016962 
0.014211 
0.014566 
0.014141 
0.014584 
0.014294 
0.011710 
0.008961 
0.008195 
0.007668 
0.007500 
0.007609 
0.006022 
0.006103 
0.006111 
0.005514 
0.005710 
0.004807 
0.005725 
0.006106 
0.004808 
0.005380 
0.005090 
0.005874 
0.005115 
0.005069 
0.004075 
0.004440 
0.003787 
0.003320 
0.003345 
0.002760 
0.002192 
0.002040 
0.001828 
0.001526 
0.000995 
0.000604 
0.000313 
0.000194 
0.000115 
0.000067 
0.000034 
0.000008 
0.000000 
0.000000 
0.000000 
0.000000 
0.000000 
0.000000 
0.000000 
0.000000 
0.000000 
0.000000 
0.000000 
0.000000 
0.000000 
0.000000 
0.000000 
0.000000 
0.000000 
0.000000 
0.000000 
0.000000 
0.000000 
0.000000 
0.000000 
0.000000 
0.000000 
0.000000 
0.000000 
0.000000 
0.000000 
0.000000 
0.000000 
0.000000 
0.000000 
0.000000 
0.000000 
0.000000 
0.000000 
0.000000 
0.000000 
0.000000 
0.000000 
0.000000 
0.000000 
0.000000 
0.000000 
0.000000 
0.000000 
0.000000 
0.000000 
0.000000 
0.000000 
0.000000 
0.000000 
0.000000 
0.000000 
0.000000 
0.000000 
0.000000 
0.000000 
0.000000 
0.000000 
0.000000 
0.000000 
0.000000 
0.000000 
0.000000 
0.000000 
0.000000 
0.000000 
0.000000 
0.000000 
0.000000 
0.000000 
0.000000 
0.000000 
0.000000 
0.000000 
0.000000 
0.000000 
0.000000 
0.000000 
0.000000 
0.000000 
0.000000 
0.000000 
0.000000 
0.000000 
0.000000 
0.000000 
0.000000 
0.000000 
0.000000 
0.000000 
0.000000 
0.000000 
0.000000 
0.000000 
0.000000 
0.000000 
0.000000 
0.000000 
0.000000 
0.000000 
0.000000 
0.000000 
0.000000 
0.000000 
0.000000 
0.000000 
0.000000 
0.000000 
0.000000 
0.000000 
0.000000 
0.000000 
0.000000 
0.000000 
0.000000 
0.000000 
0.000000 
0.000000 
0.000000 
0.000000 
0.000000 
0.000000 
0.000000 
0.000000 
0.000000 
0.000000 
0.000000 
0.000000 
0.000000 
0.000000 
0.000000 
0.000000 
0.000000 
0.000000 
0.000000 
0.000000 
0.000000 
0.000000 
0.000000 
0.000000 
0.000000 
0.000000 
0.000000 
0.000000 
0.000000 
0.000000 
0.000000 
0.000000 
0.000000 
0.000000 
0.000000 
0.000000 
0.000000 
0.000000 
0.000000 
0.000000 
0.000000 
0.000000 
0.000000 
0.000000 
0.000000 
0.000000 
0.000000 
0.000000 
0.000000 
0.000000 
0.000000 
0.000000 
0.000000 
0.000000 
0.000000 
0.000000 
0.000000 
0.000000 
0.000000 
0.000000 
0.000000 
0.000000 
0.000000 
0.000000 
0.000000 
0.000000 
0.000000 
0.000000 
0.000000 
0.000000 
0.000000 
0.000000 
