0.000000 
0.000000 
0.000000 
0.000000 
0.000000 
0.000000 
0.000000 
0.000000 
0.000000 
0.000000 
0.000000 
0.000000 
0.000000 
0.000000 
0.000000 
0.000000 
0.000000 
0.000000 
0.000000 
0.000000 
0.000000 
0.000000 
0.000000 
0.000000 
0.000000 
0.000000 
0.000000 
0.000000 
0.000000 
0.000000 
0.000000 
0.000000 
0.000000 
0.000000 
0.000000 
0.000000 
0.000000 
0.000000 
0.000000 
0.000000 
0.000000 
0.000000 
0.000000 
0.000000 
0.000000 
0.000000 
0.000000 
0.000000 
0.000000 
0.000000 
0.000000 
0.000000 
0.000000 
0.000000 
0.000000 
0.000000 
0.000000 
0.000000 
0.000000 
0.000000 
0.000000 
0.000000 
0.000000 
0.000000 
0.000000 
0.000000 
0.000000 
0.000000 
0.000000 
0.000000 
0.000000 
0.000000 
0.000000 
0.000000 
0.000000 
0.000000 
0.000000 
0.000000 
0.000000 
0.000000 
0.000000 
0.000000 
0.000000 
0.000000 
0.000000 
0.000000 
0.000000 
0.000000 
0.000000 
0.000000 
0.000000 
0.000000 
0.000000 
0.000000 
0.000000 
0.000000 
0.000000 
0.000000 
0.000000 
0.000000 
0.000000 
0.000000 
0.000000 
0.000000 
0.000000 
0.000000 
0.000000 
0.000000 
0.000000 
0.000000 
0.000000 
0.000000 
0.000000 
0.000000 
0.000000 
0.000000 
0.000000 
0.000000 
0.000000 
0.000000 
0.000000 
0.000000 
0.000000 
0.000000 
0.000000 
0.000000 
0.000000 
0.000000 
0.000000 
0.000000 
0.000000 
0.000000 
0.000000 
0.000000 
0.000000 
0.000000 
0.000000 
0.000000 
0.000000 
0.000000 
0.000000 
0.000000 
0.000000 
0.000000 
0.000000 
0.000000 
0.000000 
0.000000 
0.000000 
0.000000 
0.000000 
0.000000 
0.000000 
0.000000 
0.000000 
0.000000 
0.000000 
0.000000 
0.000000 
0.000000 
0.000000 
0.000000 
0.000000 
0.000000 
0.000000 
0.000000 
0.000000 
0.000000 
0.000000 
0.000000 
0.000000 
0.000000 
0.000000 
0.000000 
0.000000 
0.000000 
0.000000 
0.000000 
0.000000 
0.000000 
0.000000 
0.000000 
0.000000 
0.000000 
0.000000 
0.000000 
0.000000 
0.000000 
0.000000 
0.000000 
0.000000 
0.000000 
0.000000 
0.000000 
0.000000 
0.000000 
0.000000 
0.000000 
0.000000 
0.000000 
0.000000 
0.000000 
0.000000 
0.000000 
0.000000 
0.000000 
0.000000 
0.000000 
0.000000 
0.000000 
0.000000 
0.000000 
0.000000 
0.000000 
0.000000 
0.000000 
0.000000 
0.000000 
0.000000 
0.000000 
0.000000 
0.000000 
0.000000 
0.000000 
0.000000 
0.000047 
0.000191 
0.000407 
0.000669 
0.000918 
0.001374 
0.001525 
0.002112 
0.003240 
0.003490 
0.005039 
0.005977 
0.007436 
0.006717 
0.009259 
0.012799 
0.011837 
0.017726 
0.018373 
0.021088 
0.021196 
0.029314 
0.028230 
0.031953 
0.028420 
0.029841 
0.028209 
0.028308 
0.033646 
0.031361 
0.024630 
0.030228 
0.026965 
0.029091 
0.028046 
0.034105 
0.029780 
0.032288 
0.029076 
0.029158 
0.034221 
0.029562 
0.037946 
0.034206 
0.036792 
0.044198 
0.046411 
0.041240 
0.048064 
0.051956 
0.071909 
0.056112 
0.070529 
0.068567 
0.064349 
0.066299 
0.062727 
0.056441 
0.063124 
0.063112 
0.087845 
0.059313 
0.075812 
0.060874 
0.083906 
0.077337 
0.076567 
0.088829 
0.076450 
0.087897 
0.086432 
0.078763 
0.083487 
0.091809 
0.073085 
0.074488 
0.101491 
0.086618 
0.090975 
0.089907 
0.076332 
0.104471 
0.102497 
0.101284 
0.085972 
0.106049 
0.103806 
0.103103 
0.126236 
0.110415 
0.090622 
0.112029 
0.128966 
0.127751 
0.114875 
0.128617 
0.135212 
0.149502 
0.159367 
0.152028 
0.143169 
0.158544 
0.182407 
0.182936 
0.174467 
0.203037 
0.228922 
0.219932 
0.271015 
0.314088 
0.320990 
0.309770 
0.317907 
0.303168 
0.339527 
0.311783 
0.289180 
0.257472 
0.231834 
0.261221 
0.241658 
0.292566 
0.321898 
0.241268 
0.251819 
0.372206 
0.287385 
0.341400 
0.326217 
0.354081 
0.379535 
0.357029 
0.359812 
0.360359 
0.424187 
0.385842 
0.411859 
0.515760 
0.579195 
0.684772 
0.699503 
0.614252 
0.637268 
0.653731 
0.625059 
0.601061 
0.762915 
0.938024 
0.956371 
0.987578 
0.927053 
0.806685 
0.741249 
0.774010 
0.801151 
0.693972 
0.781654 
0.677218 
0.828368 
0.690849 
0.649594 
0.746525 
0.838882 
0.969036 
0.821204 
0.783769 
0.722456 
0.837666 
0.751562 
0.692695 
0.724820 
0.700987 
0.773648 
0.694116 
0.581129 
0.727887 
0.740075 
0.959000 
0.811687 
1.081766 
0.962228 
1.001894 
0.869838 
0.924393 
0.970360 
0.804725 
0.843129 
0.868132 
0.577783 
0.653984 
0.844681 
0.824708 
0.964364 
0.710369 
0.943429 
0.961896 
1.025975 
1.017783 
1.128260 
1.073753 
1.024561 
1.122959 
1.254511 
1.098248 
1.084218 
1.253934 
1.159648 
1.152069 
1.151828 
1.235677 
1.287963 
1.446662 
1.245144 
1.444623 
1.274070 
1.460732 
1.399929 
1.462033 
1.530950 
1.482437 
1.691614 
1.418162 
1.533644 
1.687228 
2.005349 
1.855582 
1.605113 
1.555798 
1.546614 
1.850236 
1.600545 
1.853352 
1.902885 
2.069092 
1.740900 
1.632211 
1.729949 
1.598130 
1.732085 
1.395843 
1.605816 
1.008125 
0.680627 
0.640181 
0.539927 
0.819337 
0.898982 
1.304955 
1.591326 
1.201798 
1.519019 
1.783624 
1.598081 
1.848794 
1.845798 
1.813894 
1.482317 
1.525290 
2.139144 
1.808755 
1.450748 
1.328784 
1.779069 
1.527589 
1.751362 
1.694558 
1.605818 
1.451509 
1.792299 
1.876290 
1.734735 
1.565238 
1.800165 
1.610445 
1.815929 
1.353664 
1.719343 
1.647464 
1.388823 
1.480205 
1.565606 
1.480643 
1.686733 
2.043308 
1.633887 
1.712681 
1.627367 
1.321253 
1.052708 
0.926569 
0.714788 
0.569851 
0.486534 
0.375438 
0.317775 
0.401140 
0.536794 
0.815500 
1.066532 
1.369408 
1.524864 
1.879389 
1.920687 
1.667874 
2.074488 
2.174033 
2.046268 
2.000173 
2.303216 
1.990915 
1.933617 
2.039212 
1.922388 
2.295930 
1.735832 
2.313631 
1.721740 
1.723273 
2.449652 
2.015541 
2.020990 
2.114171 
2.184992 
2.425939 
2.391817 
2.386554 
2.002409 
1.758700 
1.975094 
1.937480 
2.149716 
2.258550 
2.448998 
2.347420 
2.315936 
2.151507 
2.462162 
2.160129 
2.056760 
2.231878 
1.903473 
2.317877 
2.340771 
2.211440 
2.292762 
2.248906 
2.142444 
2.007922 
2.511947 
2.547073 
2.298069 
2.383485 
2.599676 
1.940740 
2.072678 
2.105828 
2.781501 
2.204887 
2.840582 
2.343787 
2.339156 
2.246815 
1.969773 
2.472817 
3.006833 
2.275303 
2.401655 
2.855040 
3.028506 
2.973269 
2.800192 
2.431004 
1.928437 
1.762835 
1.357885 
1.399433 
1.409661 
1.528846 
1.723766 
1.616284 
1.812458 
2.267042 
2.597169 
2.268507 
2.616984 
2.703282 
2.979088 
2.755657 
2.400543 
2.748464 
2.092835 
2.256814 
1.967049 
1.706257 
1.633374 
1.557463 
1.270624 
1.293411 
1.061857 
1.379984 
1.104623 
1.790164 
2.409286 
2.472460 
3.121827 
2.435163 
2.249543 
2.723846 
2.476965 
2.360174 
2.494582 
2.094565 
1.875742 
1.571003 
1.366619 
2.175812 
2.000504 
2.459223 
2.660268 
2.953767 
2.822846 
2.791984 
2.651011 
2.849084 
2.598704 
2.503262 
2.466827 
2.224124 
2.581184 
2.223576 
2.330688 
2.461322 
2.406821 
2.571891 
2.761003 
2.929828 
2.706857 
2.355680 
2.139325 
2.161537 
1.711303 
1.429948 
0.927890 
0.755032 
0.501787 
0.555689 
0.510668 
0.615201 
0.503749 
0.520163 
0.775000 
0.923321 
1.893470 
1.935134 
1.951099 
2.568203 
2.848278 
2.550611 
2.782792 
3.110606 
2.668418 
2.487830 
2.568488 
2.683767 
2.542364 
2.691688 
2.840343 
2.913625 
2.695277 
2.683057 
2.979644 
3.263266 
2.727830 
2.574661 
2.904133 
2.680295 
2.604499 
2.495879 
2.417749 
2.613246 
2.100936 
1.995646 
1.439354 
0.963385 
0.745553 
0.746146 
1.050422 
1.061638 
1.014203 
1.047991 
1.327952 
1.400438 
1.258307 
1.580138 
1.644358 
1.711312 
1.364268 
1.051930 
1.068690 
1.184309 
1.116109 
1.346508 
1.612969 
1.437177 
1.930682 
2.328035 
2.318051 
1.753438 
2.457526 
2.412156 
2.062854 
1.670831 
1.536230 
1.001830 
1.086240 
1.109115 
1.073639 
1.310760 
0.976365 
1.201691 
1.419597 
1.009795 
1.203389 
0.964000 
1.180512 
1.012206 
1.209481 
1.169233 
1.188552 
1.075189 
1.575639 
1.745484 
1.543430 
1.761496 
1.944444 
2.087511 
2.401966 
2.471752 
2.248808 
2.837386 
2.648849 
2.834529 
2.646269 
2.456046 
2.667760 
2.578100 
1.718965 
1.291141 
1.228934 
0.840982 
0.961456 
0.965222 
0.749369 
0.799372 
0.896068 
0.810561 
0.820292 
1.391952 
1.475367 
1.566831 
1.879674 
2.487851 
2.560205 
3.177482 
2.990632 
3.078288 
2.809537 
2.486826 
2.921511 
2.987060 
3.131977 
3.142673 
2.502396 
2.624345 
2.526756 
3.047131 
2.685423 
2.545447 
2.707709 
2.791119 
2.911559 
2.039203 
2.688519 
2.690799 
2.362762 
2.566206 
2.978822 
2.923745 
2.777312 
3.286394 
2.256365 
2.541795 
2.366121 
2.997900 
3.218069 
2.168008 
2.667843 
2.217668 
2.889697 
2.598465 
2.447414 
1.863059 
2.191179 
1.988239 
2.216800 
1.812539 
2.123058 
2.666699 
2.657164 
2.916964 
2.153202 
2.700338 
2.404557 
2.345162 
2.890374 
2.740886 
2.297042 
2.892531 
2.287714 
2.358302 
2.244759 
2.151442 
2.461627 
3.044511 
2.449972 
2.771550 
2.414529 
2.385849 
2.463808 
1.905284 
1.894997 
1.996176 
1.318666 
1.508065 
1.440381 
1.579288 
1.907005 
1.689258 
2.741376 
1.905103 
2.251393 
2.391606 
2.451319 
2.674047 
2.892924 
2.372256 
2.316084 
2.350516 
2.198297 
2.039191 
2.103186 
2.409344 
2.540548 
1.876226 
2.804495 
2.332846 
2.277891 
2.340644 
1.882115 
2.021424 
1.907554 
2.206668 
1.931011 
2.047635 
1.974117 
2.083346 
1.860040 
1.716839 
1.488067 
1.562768 
1.497128 
1.820676 
1.863610 
2.031708 
1.909208 
1.540697 
1.969318 
1.835344 
2.247943 
1.991606 
1.818840 
1.408800 
1.341207 
1.001931 
0.691797 
0.769085 
0.688849 
0.628616 
0.587352 
0.630522 
0.567632 
0.558206 
0.717828 
0.507840 
0.661910 
0.678567 
0.686994 
0.667438 
0.801917 
0.774129 
0.865229 
1.105568 
1.041302 
1.204325 
1.343520 
1.604483 
1.630568 
1.804209 
1.503687 
2.001916 
1.694653 
1.725914 
1.885477 
1.592083 
1.681040 
1.698789 
1.387145 
1.429786 
1.200115 
1.443396 
1.213088 
1.012324 
1.129741 
1.036954 
1.005676 
1.076506 
1.078390 
1.214557 
1.549899 
1.433020 
1.685340 
1.833458 
1.712877 
1.922523 
1.935351 
2.384695 
1.905499 
2.226366 
1.655613 
2.046464 
1.832122 
1.641202 
1.487841 
1.305304 
1.086279 
1.158444 
1.182014 
1.116911 
1.129341 
1.306477 
1.413260 
0.961574 
1.002172 
1.237776 
1.384731 
1.238524 
1.401338 
1.396498 
1.428312 
1.588486 
1.565020 
1.418619 
1.365621 
1.548117 
1.718480 
1.688313 
1.384374 
1.182258 
0.880599 
0.877534 
0.963484 
0.927433 
1.173588 
1.321410 
1.308708 
1.355463 
1.167260 
0.721190 
0.762908 
0.730780 
0.825143 
0.645636 
0.774651 
0.833201 
0.703691 
0.785974 
0.849350 
0.842912 
0.844937 
0.794959 
0.691325 
0.744240 
0.845286 
0.708654 
0.806908 
0.608640 
0.626190 
0.641302 
0.697888 
0.667600 
0.521360 
0.501127 
0.410841 
0.473940 
0.415325 
0.421290 
0.463026 
0.321837 
0.343012 
0.367187 
0.315118 
0.261126 
0.269569 
0.292154 
0.273951 
0.244415 
0.254246 
0.186743 
0.224238 
0.287365 
0.247746 
0.248256 
0.204494 
0.275548 
0.259189 
0.267357 
0.249080 
0.241104 
0.235109 
0.297733 
0.296140 
0.290484 
0.346966 
0.371905 
0.378442 
0.370716 
0.348845 
0.351409 
0.340380 
0.363245 
0.339570 
0.436180 
0.344357 
0.462117 
0.451230 
0.435292 
0.414821 
0.435836 
0.418683 
0.470878 
0.454211 
0.433756 
0.455783 
0.401239 
0.436179 
0.442840 
0.498999 
0.502418 
0.531507 
0.576178 
0.536932 
0.494995 
0.560874 
0.586408 
0.562062 
0.674162 
0.783980 
0.935008 
1.030944 
0.849026 
0.988537 
1.117194 
0.864803 
0.930840 
0.853015 
0.868881 
0.716714 
0.651900 
0.522638 
0.412025 
0.404561 
0.424454 
0.459193 
0.455105 
0.406739 
0.367767 
0.479114 
0.294235 
0.333881 
0.276447 
0.246941 
0.195577 
0.224313 
0.221052 
0.160274 
0.196248 
0.188817 
0.187334 
0.175254 
0.163460 
0.176984 
0.174997 
0.174472 
0.228182 
0.157906 
0.154434 
0.183871 
0.181352 
0.188498 
0.178121 
0.171324 
0.158395 
0.168011 
0.175453 
0.162931 
0.160173 
0.150010 
0.200908 
0.152883 
0.221067 
0.220053 
0.212799 
0.217476 
0.206825 
0.168838 
0.157582 
0.134388 
0.157363 
0.137064 
0.153119 
0.109938 
0.102860 
0.108436 
0.117745 
0.106074 
0.106460 
0.095781 
0.077306 
0.093612 
0.101285 
0.089191 
0.090886 
0.072145 
0.080082 
0.077843 
0.075528 
0.076384 
0.054751 
0.068266 
0.067417 
0.049757 
0.064017 
0.055907 
0.042131 
0.039383 
0.046081 
0.038253 
0.041555 
0.033233 
0.038381 
0.030355 
0.032968 
0.022962 
0.024698 
0.020123 
0.020658 
0.020586 
0.020666 
0.020017 
0.019298 
0.018862 
0.018151 
0.021817 
0.021020 
0.019769 
0.018757 
0.019904 
0.018932 
0.019235 
0.021803 
0.019620 
0.017879 
0.018971 
0.013873 
0.017433 
0.017949 
0.012503 
0.012314 
0.011084 
0.006269 
0.007826 
0.007577 
0.009855 
0.007509 
0.006468 
0.005775 
0.005609 
0.006607 
0.006160 
0.006568 
0.007780 
0.005952 
0.006900 
0.006675 
0.006710 
0.006478 
0.004697 
0.004614 
0.004699 
0.004589 
0.003647 
0.003460 
0.003157 
0.002390 
0.002506 
0.001519 
0.001239 
0.000726 
0.000325 
0.000234 
0.000160 
0.000089 
0.000036 
0.000010 
0.000000 
0.000000 
0.000000 
0.000000 
0.000000 
0.000000 
0.000000 
0.000000 
0.000000 
0.000000 
0.000000 
0.000000 
0.000000 
0.000000 
0.000000 
0.000000 
0.000000 
0.000000 
0.000000 
0.000000 
0.000000 
0.000000 
0.000000 
0.000000 
0.000000 
0.000000 
0.000000 
0.000000 
0.000000 
0.000000 
0.000000 
0.000000 
0.000000 
0.000000 
0.000000 
0.000000 
0.000000 
0.000000 
0.000000 
0.000000 
0.000000 
0.000000 
0.000000 
0.000000 
0.000000 
0.000000 
0.000000 
0.000000 
0.000000 
0.000000 
0.000000 
0.000000 
0.000000 
0.000000 
0.000000 
0.000000 
0.000000 
0.000000 
0.000000 
0.000000 
0.000000 
0.000000 
0.000000 
0.000000 
0.000000 
0.000000 
0.000000 
0.000000 
0.000000 
0.000000 
0.000000 
0.000000 
0.000000 
0.000000 
0.000000 
0.000000 
0.000000 
0.000000 
0.000000 
0.000000 
0.000000 
0.000000 
0.000000 
0.000000 
0.000000 
0.000000 
0.000000 
0.000000 
0.000000 
0.000000 
0.000000 
0.000000 
0.000000 
0.000000 
0.000000 
0.000000 
0.000000 
0.000000 
0.000000 
0.000000 
0.000000 
0.000000 
0.000000 
0.000000 
0.000000 
0.000000 
0.000000 
0.000000 
0.000000 
0.000000 
0.000000 
0.000000 
0.000000 
0.000000 
0.000000 
0.000000 
0.000000 
0.000000 
0.000000 
0.000000 
0.000000 
0.000000 
0.000000 
0.000000 
0.000000 
0.000000 
0.000000 
0.000000 
0.000000 
0.000000 
0.000000 
0.000000 
0.000000 
0.000000 
0.000000 
0.000000 
0.000000 
0.000000 
0.000000 
0.000000 
0.000000 
0.000000 
0.000000 
0.000000 
0.000000 
0.000000 
0.000000 
0.000000 
0.000000 
0.000000 
0.000000 
0.000000 
0.000000 
0.000000 
0.000000 
0.000000 
0.000000 
0.000000 
0.000000 
0.000000 
0.000000 
0.000000 
0.000000 
0.000000 
0.000000 
0.000000 
0.000000 
0.000000 
0.000000 
0.000000 
0.000000 
0.000000 
0.000000 
0.000000 
0.000000 
0.000000 
0.000000 
0.000000 
0.000000 
0.000000 
0.000000 
0.000000 
0.000000 
0.000000 
0.000000 
0.000000 
0.000000 
0.000000 
0.000000 
0.000000 
0.000000 
