0.000000 
0.000000 
0.000000 
0.000000 
0.000000 
0.000000 
0.000000 
0.000000 
0.000000 
0.000000 
0.000000 
0.000000 
0.000000 
0.000000 
0.000000 
0.000000 
0.000000 
0.000000 
0.000000 
0.000000 
0.000000 
0.000000 
0.000000 
0.000000 
0.000000 
0.000000 
0.000000 
0.000000 
0.000000 
0.000000 
0.000000 
0.000000 
0.000000 
0.000000 
0.000000 
0.000000 
0.000000 
0.000000 
0.000000 
0.000000 
0.000000 
0.000000 
0.000000 
0.000000 
0.000000 
0.000000 
0.000000 
0.000000 
0.000000 
0.000000 
0.000000 
0.000000 
0.000000 
0.000000 
0.000000 
0.000000 
0.000000 
0.000000 
0.000000 
0.000000 
0.000000 
0.000000 
0.000000 
0.000000 
0.000000 
0.000000 
0.000000 
0.000000 
0.000000 
0.000000 
0.000000 
0.000000 
0.000000 
0.000000 
0.000000 
0.000000 
0.000000 
0.000000 
0.000000 
0.000000 
0.000000 
0.000000 
0.000000 
0.000000 
0.000000 
0.000000 
0.000000 
0.000000 
0.000000 
0.000000 
0.000000 
0.000000 
0.000000 
0.000000 
0.000000 
0.000000 
0.000000 
0.000000 
0.000000 
0.000000 
0.000000 
0.000000 
0.000000 
0.000000 
0.000000 
0.000000 
0.000000 
0.000000 
0.000000 
0.000000 
0.000000 
0.000000 
0.000000 
0.000000 
0.000000 
0.000000 
0.000000 
0.000000 
0.000000 
0.000000 
0.000000 
0.000000 
0.000000 
0.000000 
0.000000 
0.000000 
0.000000 
0.000000 
0.000000 
0.000000 
0.000000 
0.000000 
0.000000 
0.000000 
0.000000 
0.000000 
0.000000 
0.000000 
0.000000 
0.000000 
0.000000 
0.000000 
0.000000 
0.000000 
0.000000 
0.000000 
0.000000 
0.000000 
0.000000 
0.000000 
0.000000 
0.000000 
0.000000 
0.000000 
0.000000 
0.000000 
0.000000 
0.000000 
0.000000 
0.000000 
0.000000 
0.000000 
0.000000 
0.000000 
0.000000 
0.000000 
0.000000 
0.000000 
0.000000 
0.000000 
0.000000 
0.000000 
0.000000 
0.000000 
0.000000 
0.000000 
0.000000 
0.000000 
0.000000 
0.000000 
0.000000 
0.000000 
0.000000 
0.000000 
0.000000 
0.000000 
0.000000 
0.000000 
0.000000 
0.000000 
0.000000 
0.000000 
0.000000 
0.000000 
0.000000 
0.000000 
0.000000 
0.000000 
0.000000 
0.000000 
0.000000 
0.000000 
0.000000 
0.000000 
0.000000 
0.000000 
0.000000 
0.000000 
0.000000 
0.000000 
0.000000 
0.000000 
0.000000 
0.000000 
0.000000 
0.000000 
0.000000 
0.000000 
0.000000 
0.000000 
0.000000 
0.000000 
0.000000 
0.000000 
0.000000 
0.000058 
0.000175 
0.000477 
0.000688 
0.000936 
0.001278 
0.001768 
0.002617 
0.003076 
0.004262 
0.005169 
0.006520 
0.008037 
0.010107 
0.011757 
0.013998 
0.019883 
0.022070 
0.022471 
0.021748 
0.023001 
0.030738 
0.028295 
0.037598 
0.037727 
0.039302 
0.033459 
0.034684 
0.037568 
0.033349 
0.037614 
0.035088 
0.037896 
0.032627 
0.037439 
0.033385 
0.030673 
0.028097 
0.034096 
0.037360 
0.038031 
0.038454 
0.040158 
0.039832 
0.049703 
0.049302 
0.044249 
0.056168 
0.065387 
0.054629 
0.072836 
0.084056 
0.078357 
0.073896 
0.071469 
0.078577 
0.075719 
0.077593 
0.077295 
0.070538 
0.074526 
0.095015 
0.086813 
0.090906 
0.094520 
0.081507 
0.092479 
0.101873 
0.117354 
0.104852 
0.104920 
0.116992 
0.101675 
0.105963 
0.131695 
0.111133 
0.128414 
0.131929 
0.123355 
0.102028 
0.109022 
0.130222 
0.105428 
0.132300 
0.108092 
0.115386 
0.132961 
0.132649 
0.119860 
0.112280 
0.127720 
0.151648 
0.126484 
0.130110 
0.154440 
0.129877 
0.142426 
0.137305 
0.164101 
0.158808 
0.180665 
0.201935 
0.185330 
0.191975 
0.221990 
0.298877 
0.261033 
0.209008 
0.291905 
0.335764 
0.321129 
0.395364 
0.321651 
0.407040 
0.392042 
0.349368 
0.287866 
0.295671 
0.271798 
0.309703 
0.306940 
0.309728 
0.353233 
0.402965 
0.377086 
0.386234 
0.409112 
0.401267 
0.395964 
0.428670 
0.436846 
0.428523 
0.399788 
0.451904 
0.475033 
0.441012 
0.571044 
0.581428 
0.785066 
0.605115 
0.634112 
0.692388 
0.708601 
0.712515 
0.540118 
0.699424 
0.781362 
0.986355 
1.047739 
1.078990 
0.952336 
1.070774 
0.868417 
0.897653 
0.853953 
0.774787 
0.977506 
0.887209 
0.874769 
0.977486 
0.941910 
0.840982 
0.928089 
0.911575 
1.009125 
0.866289 
0.968822 
0.912397 
0.655295 
0.859243 
0.712628 
0.748802 
0.706463 
0.764111 
0.820699 
0.911234 
0.878039 
0.916765 
1.102784 
1.110476 
0.986449 
1.072843 
1.428606 
1.036457 
1.031684 
0.944151 
0.972427 
1.062044 
0.846154 
0.747082 
0.970458 
0.956967 
1.007588 
1.001215 
1.160060 
1.337257 
1.236835 
1.360323 
1.330440 
1.570942 
1.473133 
1.424818 
1.280972 
1.417424 
1.299592 
1.497906 
1.230460 
1.452186 
1.409306 
1.426482 
1.588646 
1.452709 
1.286027 
1.572669 
1.842177 
1.676867 
1.609056 
1.813692 
1.981938 
1.694442 
1.739863 
1.989479 
2.069514 
1.800419 
1.830150 
2.021859 
2.064120 
2.219919 
1.637563 
1.843528 
1.832088 
1.757422 
2.038011 
1.884900 
2.298047 
1.929146 
2.275092 
1.736806 
2.163923 
1.513169 
1.395824 
1.315182 
1.113813 
0.715514 
0.608210 
0.871663 
0.946383 
1.367434 
1.427383 
1.517957 
1.760150 
2.163387 
1.795962 
2.019117 
2.028827 
2.176453 
2.471707 
1.985373 
2.032138 
1.737515 
1.904087 
2.139482 
2.133159 
1.642249 
2.102261 
1.794804 
2.018843 
2.328150 
1.881411 
1.617609 
2.335174 
1.921512 
1.821830 
2.081341 
1.859503 
2.384379 
2.098969 
1.819486 
1.565171 
1.953408 
1.884364 
2.194393 
2.028183 
1.949890 
2.216741 
2.082248 
1.658180 
1.769918 
1.169828 
1.127887 
0.674614 
0.660585 
0.479486 
0.376297 
0.318906 
0.427564 
0.624260 
0.980499 
1.340149 
1.639828 
1.526243 
2.025927 
2.013954 
1.773453 
2.025868 
2.842032 
2.148088 
2.224478 
2.588542 
2.359265 
2.530299 
2.566579 
2.544955 
2.367064 
2.483414 
2.398291 
2.321042 
2.713434 
2.344174 
2.694359 
2.594755 
2.714056 
2.684948 
2.443063 
2.351229 
2.288669 
2.694598 
2.728259 
2.416228 
2.988226 
2.503323 
2.424518 
2.247627 
2.413053 
2.262378 
2.741639 
2.706751 
2.523874 
2.203379 
3.023558 
2.369648 
2.501406 
3.231151 
2.672558 
3.048073 
2.298016 
3.129867 
3.179637 
2.587364 
2.935549 
2.862830 
3.189429 
2.675382 
3.103527 
2.980874 
2.737802 
2.872510 
2.631688 
2.627616 
2.635918 
3.004087 
2.626579 
3.024419 
2.799604 
2.880074 
2.754260 
3.161451 
2.620620 
3.117659 
2.214209 
2.947723 
2.434049 
1.797327 
1.706632 
1.682585 
1.545627 
1.741621 
1.711334 
1.768837 
2.665942 
2.336724 
2.737886 
3.074319 
3.275867 
2.861392 
2.884414 
3.849651 
3.175575 
2.915132 
2.385282 
2.514135 
2.553139 
2.164102 
1.786955 
2.242750 
1.254102 
1.487842 
1.322032 
1.456004 
1.417894 
1.582886 
2.031555 
2.233320 
2.549191 
3.790147 
3.280439 
3.340047 
3.149410 
3.067120 
2.944082 
2.693183 
2.114615 
2.319099 
2.246228 
2.156558 
1.680364 
2.593013 
2.604379 
3.370685 
3.075907 
3.686346 
3.295636 
3.325010 
3.376228 
2.966059 
3.019530 
3.020873 
2.805635 
2.643167 
3.089162 
2.658542 
2.390821 
2.727972 
3.469615 
3.946406 
2.588769 
2.862046 
2.842130 
2.713230 
2.317418 
1.738137 
1.605985 
1.181457 
0.584843 
0.694619 
0.600807 
0.613526 
0.604192 
0.607432 
0.684998 
0.769639 
1.228094 
1.811916 
2.317875 
2.449475 
2.398697 
2.936950 
3.382787 
3.180107 
3.419692 
3.145927 
2.918162 
2.934343 
3.067935 
3.553803 
2.407415 
3.302822 
3.934076 
3.238095 
3.437927 
3.440737 
3.087442 
3.278483 
3.336739 
3.059867 
3.588767 
2.811174 
2.849931 
2.866991 
2.732832 
2.566727 
2.190480 
1.871016 
1.162110 
0.771230 
0.986063 
1.068713 
1.202961 
1.442534 
1.627193 
1.645572 
1.436583 
1.508161 
1.924527 
1.898520 
1.982526 
1.705178 
1.496702 
1.065636 
1.089887 
1.323270 
1.633396 
1.565496 
1.960652 
2.103446 
2.236112 
2.717636 
2.581387 
2.894448 
2.333519 
2.122210 
2.170075 
1.737145 
1.092110 
1.403205 
1.391251 
1.220852 
1.261142 
1.441974 
1.505655 
1.411338 
1.169642 
1.320844 
1.289242 
1.267590 
1.314353 
1.470651 
1.172645 
1.269151 
1.603714 
1.797626 
1.911277 
1.677679 
1.845507 
2.112333 
2.364998 
2.642278 
2.693834 
3.369608 
2.609504 
2.690234 
3.020626 
2.988061 
3.134410 
2.288142 
2.716831 
2.570689 
1.756225 
1.420680 
1.004792 
1.172878 
1.092414 
1.078558 
0.812661 
1.045556 
0.982453 
1.150380 
1.386126 
1.960070 
1.786727 
2.263776 
2.674851 
3.464009 
3.192553 
3.575095 
3.607372 
3.434635 
3.481470 
3.141689 
2.895599 
2.691114 
3.736723 
3.191892 
3.071702 
2.901834 
3.267821 
2.546123 
3.710400 
3.484865 
3.152682 
3.068080 
3.368297 
4.076604 
3.181821 
3.439872 
3.848391 
3.648400 
3.632213 
3.197654 
3.382433 
2.809441 
3.618775 
3.184046 
3.177090 
3.684989 
3.359103 
3.984785 
3.298887 
3.224368 
3.234268 
2.790432 
3.134389 
2.464042 
2.258200 
2.397672 
2.724541 
2.685195 
3.010108 
2.995530 
3.076397 
2.980100 
2.423414 
3.013432 
3.411828 
3.190021 
2.940156 
3.151412 
2.900703 
2.972349 
3.265108 
2.815531 
2.843484 
3.110770 
3.291438 
3.233686 
3.131200 
2.744879 
2.682843 
2.505886 
2.668150 
2.051400 
2.130709 
1.962186 
1.784435 
1.750377 
1.686334 
1.961030 
2.433546 
2.769568 
3.317202 
3.531718 
2.934763 
3.416061 
2.403310 
2.659370 
3.574390 
2.963374 
3.131364 
2.942109 
2.982577 
2.697078 
2.755731 
3.026210 
2.947032 
3.136214 
2.769559 
3.311597 
2.571960 
2.108265 
2.331383 
1.819038 
2.460609 
2.217497 
2.259499 
2.187068 
1.872457 
2.024813 
1.852955 
1.813071 
2.350372 
2.222463 
1.869680 
2.125421 
2.115069 
2.365880 
1.925953 
2.583550 
2.477009 
2.357321 
2.328642 
2.086133 
1.839733 
1.440831 
1.051924 
0.946032 
0.804869 
0.831470 
0.772762 
0.723548 
0.680828 
0.818301 
0.795289 
0.530389 
0.594732 
0.704965 
0.770056 
0.696349 
0.711842 
0.832539 
1.029371 
0.832653 
0.932871 
0.955401 
1.542336 
1.678575 
1.879375 
1.997014 
1.955061 
2.221873 
2.072566 
2.801020 
1.993950 
2.258621 
1.563724 
1.825790 
1.724505 
1.563744 
1.590192 
1.423361 
1.305231 
1.379775 
1.115348 
1.307531 
1.279435 
1.629418 
1.485827 
1.276517 
1.328519 
1.482711 
1.554622 
1.275535 
1.891183 
2.107817 
2.236546 
2.519814 
2.381747 
2.665924 
2.502315 
1.838503 
1.904967 
2.198414 
1.929851 
1.936200 
1.300005 
1.368973 
1.661427 
1.471384 
1.226918 
1.394517 
1.137021 
1.410154 
1.500835 
1.367531 
1.585563 
1.510060 
1.424318 
1.843792 
1.389254 
1.610418 
1.505786 
1.446240 
1.800113 
2.039789 
1.927636 
1.859017 
1.582572 
1.504470 
1.638655 
1.372785 
1.064445 
1.213060 
1.017679 
1.382383 
1.539804 
1.564408 
1.553160 
1.369601 
0.983895 
0.814971 
0.820761 
0.709809 
0.544066 
0.767032 
0.951326 
0.946861 
0.998180 
1.053265 
0.908392 
0.862053 
0.884215 
0.817918 
0.753416 
0.844206 
0.887124 
0.832846 
0.878630 
0.677281 
0.731622 
0.683183 
0.742077 
0.576636 
0.677263 
0.589698 
0.472570 
0.561618 
0.421245 
0.436579 
0.434168 
0.469418 
0.476848 
0.343565 
0.347734 
0.362682 
0.259599 
0.331746 
0.309569 
0.301126 
0.245864 
0.312557 
0.330985 
0.322924 
0.249951 
0.296253 
0.307771 
0.333203 
0.273673 
0.315129 
0.327284 
0.249921 
0.333043 
0.308646 
0.361066 
0.346680 
0.356868 
0.464755 
0.345684 
0.385038 
0.537357 
0.438252 
0.437456 
0.470071 
0.490796 
0.371901 
0.543108 
0.411806 
0.439108 
0.474766 
0.560219 
0.502589 
0.521038 
0.481775 
0.471421 
0.460001 
0.520944 
0.460072 
0.515314 
0.520774 
0.568262 
0.552509 
0.688681 
0.665594 
0.752853 
0.771708 
0.637154 
0.671798 
0.757099 
0.894242 
1.114710 
0.965542 
1.363094 
1.220990 
1.212617 
1.121138 
0.802913 
1.044814 
0.972527 
0.859458 
0.775173 
0.705523 
0.573401 
0.494567 
0.549935 
0.479859 
0.501065 
0.393219 
0.443922 
0.400200 
0.346581 
0.263666 
0.372598 
0.236707 
0.240437 
0.233062 
0.223587 
0.227612 
0.172262 
0.215642 
0.207796 
0.235373 
0.177135 
0.204874 
0.231401 
0.227252 
0.244883 
0.235433 
0.236439 
0.252220 
0.187551 
0.225819 
0.221753 
0.190994 
0.207430 
0.221159 
0.176300 
0.187791 
0.226754 
0.222853 
0.235519 
0.259103 
0.271111 
0.244133 
0.209120 
0.236521 
0.243853 
0.241673 
0.216311 
0.167052 
0.158845 
0.167991 
0.139821 
0.118514 
0.103065 
0.133887 
0.121323 
0.127075 
0.118519 
0.107643 
0.117084 
0.105617 
0.090017 
0.085870 
0.088502 
0.111809 
0.080924 
0.099391 
0.103891 
0.090228 
0.098190 
0.081961 
0.084121 
0.075294 
0.066424 
0.074963 
0.050246 
0.058621 
0.045638 
0.038026 
0.041439 
0.042358 
0.040515 
0.031030 
0.034176 
0.033479 
0.025959 
0.025684 
0.022881 
0.020922 
0.021536 
0.022160 
0.021668 
0.019966 
0.019837 
0.021616 
0.017715 
0.021585 
0.017134 
0.023453 
0.021410 
0.022004 
0.024570 
0.020249 
0.020492 
0.018550 
0.021316 
0.019791 
0.017100 
0.016796 
0.011490 
0.010156 
0.010918 
0.011188 
0.008509 
0.010896 
0.009167 
0.007731 
0.007972 
0.009053 
0.007843 
0.009192 
0.008469 
0.008691 
0.009506 
0.007486 
0.007717 
0.007339 
0.007072 
0.006646 
0.006199 
0.004617 
0.005085 
0.005467 
0.003948 
0.003580 
0.003176 
0.002643 
0.001933 
0.001365 
0.001009 
0.000483 
0.000244 
0.000167 
0.000092 
0.000038 
0.000008 
0.000000 
0.000000 
0.000000 
0.000000 
0.000000 
0.000000 
0.000000 
0.000000 
0.000000 
0.000000 
0.000000 
0.000000 
0.000000 
0.000000 
0.000000 
0.000000 
0.000000 
0.000000 
0.000000 
0.000000 
0.000000 
0.000000 
0.000000 
0.000000 
0.000000 
0.000000 
0.000000 
0.000000 
0.000000 
0.000000 
0.000000 
0.000000 
0.000000 
0.000000 
0.000000 
0.000000 
0.000000 
0.000000 
0.000000 
0.000000 
0.000000 
0.000000 
0.000000 
0.000000 
0.000000 
0.000000 
0.000000 
0.000000 
0.000000 
0.000000 
0.000000 
0.000000 
0.000000 
0.000000 
0.000000 
0.000000 
0.000000 
0.000000 
0.000000 
0.000000 
0.000000 
0.000000 
0.000000 
0.000000 
0.000000 
0.000000 
0.000000 
0.000000 
0.000000 
0.000000 
0.000000 
0.000000 
0.000000 
0.000000 
0.000000 
0.000000 
0.000000 
0.000000 
0.000000 
0.000000 
0.000000 
0.000000 
0.000000 
0.000000 
0.000000 
0.000000 
0.000000 
0.000000 
0.000000 
0.000000 
0.000000 
0.000000 
0.000000 
0.000000 
0.000000 
0.000000 
0.000000 
0.000000 
0.000000 
0.000000 
0.000000 
0.000000 
0.000000 
0.000000 
0.000000 
0.000000 
0.000000 
0.000000 
0.000000 
0.000000 
0.000000 
0.000000 
0.000000 
0.000000 
0.000000 
0.000000 
0.000000 
0.000000 
0.000000 
0.000000 
0.000000 
0.000000 
0.000000 
0.000000 
0.000000 
0.000000 
0.000000 
0.000000 
0.000000 
0.000000 
0.000000 
0.000000 
0.000000 
0.000000 
0.000000 
0.000000 
0.000000 
0.000000 
0.000000 
0.000000 
0.000000 
0.000000 
0.000000 
0.000000 
0.000000 
0.000000 
0.000000 
0.000000 
0.000000 
0.000000 
0.000000 
0.000000 
0.000000 
0.000000 
0.000000 
0.000000 
0.000000 
0.000000 
0.000000 
0.000000 
0.000000 
0.000000 
0.000000 
0.000000 
0.000000 
0.000000 
0.000000 
0.000000 
0.000000 
0.000000 
0.000000 
0.000000 
0.000000 
0.000000 
0.000000 
0.000000 
0.000000 
0.000000 
0.000000 
0.000000 
0.000000 
0.000000 
0.000000 
0.000000 
0.000000 
0.000000 
0.000000 
0.000000 
0.000000 
0.000000 
0.000000 
