0.000000 
0.000000 
0.000000 
0.000000 
0.000000 
0.000000 
0.000000 
0.000000 
0.000000 
0.000000 
0.000000 
0.000000 
0.000000 
0.000000 
0.000000 
0.000000 
0.000000 
0.000000 
0.000000 
0.000000 
0.000000 
0.000000 
0.000000 
0.000000 
0.000000 
0.000000 
0.000000 
0.000000 
0.000000 
0.000000 
0.000000 
0.000000 
0.000000 
0.000000 
0.000000 
0.000000 
0.000000 
0.000000 
0.000000 
0.000000 
0.000000 
0.000000 
0.000000 
0.000000 
0.000000 
0.000000 
0.000000 
0.000000 
0.000000 
0.000000 
0.000000 
0.000000 
0.000000 
0.000000 
0.000000 
0.000000 
0.000000 
0.000000 
0.000000 
0.000000 
0.000000 
0.000000 
0.000000 
0.000000 
0.000000 
0.000000 
0.000000 
0.000000 
0.000000 
0.000000 
0.000000 
0.000000 
0.000000 
0.000000 
0.000000 
0.000000 
0.000000 
0.000000 
0.000000 
0.000000 
0.000000 
0.000000 
0.000000 
0.000000 
0.000000 
0.000000 
0.000000 
0.000000 
0.000000 
0.000000 
0.000000 
0.000000 
0.000000 
0.000000 
0.000000 
0.000000 
0.000000 
0.000000 
0.000000 
0.000000 
0.000000 
0.000000 
0.000000 
0.000000 
0.000000 
0.000000 
0.000000 
0.000000 
0.000000 
0.000000 
0.000000 
0.000000 
0.000000 
0.000000 
0.000000 
0.000000 
0.000000 
0.000000 
0.000000 
0.000000 
0.000000 
0.000000 
0.000000 
0.000000 
0.000000 
0.000000 
0.000000 
0.000000 
0.000000 
0.000000 
0.000000 
0.000000 
0.000000 
0.000000 
0.000000 
0.000000 
0.000000 
0.000000 
0.000000 
0.000000 
0.000000 
0.000000 
0.000000 
0.000000 
0.000000 
0.000000 
0.000000 
0.000000 
0.000000 
0.000000 
0.000000 
0.000000 
0.000000 
0.000000 
0.000000 
0.000000 
0.000000 
0.000000 
0.000000 
0.000000 
0.000000 
0.000000 
0.000000 
0.000000 
0.000000 
0.000000 
0.000000 
0.000000 
0.000000 
0.000000 
0.000000 
0.000000 
0.000000 
0.000000 
0.000000 
0.000000 
0.000000 
0.000000 
0.000000 
0.000000 
0.000000 
0.000000 
0.000000 
0.000000 
0.000000 
0.000000 
0.000000 
0.000000 
0.000000 
0.000000 
0.000000 
0.000000 
0.000000 
0.000000 
0.000000 
0.000000 
0.000000 
0.000000 
0.000000 
0.000000 
0.000000 
0.000000 
0.000000 
0.000000 
0.000000 
0.000000 
0.000000 
0.000000 
0.000000 
0.000000 
0.000000 
0.000000 
0.000000 
0.000000 
0.000000 
0.000000 
0.000000 
0.000000 
0.000000 
0.000000 
0.000000 
0.000000 
0.000000 
0.000000 
0.000000 
0.000070 
0.000204 
0.000514 
0.000890 
0.000982 
0.001615 
0.002741 
0.003123 
0.004241 
0.004274 
0.006006 
0.007138 
0.008463 
0.010644 
0.012550 
0.016702 
0.020686 
0.021050 
0.027735 
0.029510 
0.031732 
0.030648 
0.035626 
0.036627 
0.043475 
0.042535 
0.034177 
0.039585 
0.044197 
0.037784 
0.036429 
0.039497 
0.039326 
0.037312 
0.041073 
0.036152 
0.031697 
0.039389 
0.041984 
0.039529 
0.051584 
0.042408 
0.037095 
0.050178 
0.041201 
0.059775 
0.059115 
0.055431 
0.068300 
0.072362 
0.063452 
0.077098 
0.087089 
0.082863 
0.071956 
0.085362 
0.101611 
0.091945 
0.085162 
0.094517 
0.096277 
0.089683 
0.088659 
0.093242 
0.115839 
0.109791 
0.093972 
0.125798 
0.111334 
0.119299 
0.144995 
0.096686 
0.098646 
0.126114 
0.104856 
0.095446 
0.138503 
0.114620 
0.110662 
0.128598 
0.119572 
0.147179 
0.122080 
0.142738 
0.152155 
0.150503 
0.143046 
0.160438 
0.143904 
0.154194 
0.153645 
0.189761 
0.158359 
0.157080 
0.143989 
0.195870 
0.175320 
0.215340 
0.191584 
0.199509 
0.201140 
0.173632 
0.227605 
0.300449 
0.302402 
0.238340 
0.313566 
0.332685 
0.356231 
0.332589 
0.340305 
0.366086 
0.380618 
0.408770 
0.401078 
0.467976 
0.357965 
0.377219 
0.260237 
0.317493 
0.397157 
0.358354 
0.385284 
0.429973 
0.417236 
0.462292 
0.469985 
0.402801 
0.473572 
0.512392 
0.484886 
0.391692 
0.474319 
0.569635 
0.446700 
0.561217 
0.603337 
0.713443 
0.805888 
0.666959 
0.792270 
0.754432 
0.833917 
0.969249 
0.750774 
0.866725 
0.908748 
1.302330 
1.063020 
1.341991 
1.298420 
1.330194 
1.211411 
1.156330 
1.123816 
1.194395 
0.977987 
1.075970 
1.036630 
1.036320 
0.912753 
0.959360 
1.093501 
1.009300 
0.940543 
1.111833 
0.861039 
1.076476 
0.786993 
0.818785 
0.927974 
0.783571 
0.958446 
0.950606 
0.902260 
1.028692 
0.916589 
1.078616 
1.069563 
1.241672 
1.235467 
1.353535 
1.422130 
1.188783 
1.343137 
1.079518 
0.900993 
1.084813 
1.027515 
1.210856 
1.139859 
0.987673 
1.070118 
1.045843 
1.578341 
1.308150 
1.435178 
1.424311 
1.397947 
1.368598 
1.698517 
1.635451 
1.424281 
1.413846 
1.532708 
1.680834 
1.683687 
1.754676 
1.667811 
1.691646 
1.542881 
1.983838 
2.112502 
1.738023 
1.885090 
1.982571 
1.965772 
1.993537 
2.108298 
1.925201 
2.296696 
2.067356 
1.970634 
1.987750 
2.311575 
2.449375 
2.146629 
2.289382 
1.856265 
2.539743 
2.205034 
2.184196 
2.688118 
2.230616 
2.409102 
2.146943 
2.477096 
1.976506 
2.658803 
2.073424 
1.599071 
1.217254 
1.316845 
0.938310 
0.746078 
0.721549 
1.183339 
1.656774 
2.105072 
1.977959 
1.989701 
2.061790 
2.336828 
2.190875 
2.349231 
2.245098 
2.115862 
2.407354 
2.050743 
1.804673 
2.352547 
1.831500 
2.370374 
2.349216 
2.397170 
2.396587 
2.236962 
1.916112 
2.352837 
2.186259 
2.475391 
2.796399 
2.458568 
2.458902 
2.244554 
2.630520 
1.833935 
2.064911 
1.936897 
1.944862 
1.898116 
2.327359 
2.345986 
2.684847 
2.880134 
2.106323 
1.883897 
1.816923 
1.545956 
1.170998 
1.127415 
0.716315 
0.581178 
0.486880 
0.438545 
0.563290 
0.953905 
1.251674 
1.470142 
1.618769 
1.999112 
2.116204 
2.531970 
2.394856 
2.762789 
2.867677 
3.096576 
2.066918 
2.894681 
2.690824 
2.429163 
2.958659 
3.038020 
2.854634 
2.671867 
2.622183 
2.855381 
2.843933 
3.150005 
2.876396 
2.660913 
2.847164 
2.623621 
2.579317 
2.832888 
3.486729 
3.234793 
2.413404 
2.747000 
2.961420 
3.044112 
2.877131 
3.111831 
2.555861 
3.187313 
2.344908 
2.569222 
2.985767 
2.974037 
3.438827 
2.986515 
2.892665 
2.649108 
3.056527 
3.352577 
3.229810 
3.140755 
3.402684 
3.159680 
2.978863 
3.348518 
2.978988 
2.912452 
3.294515 
3.212602 
3.736050 
3.161093 
3.057854 
3.151703 
2.727058 
3.275215 
2.952766 
2.897051 
3.314694 
2.783723 
2.753681 
3.524572 
3.991534 
3.896114 
3.591670 
3.371470 
3.109368 
2.519593 
2.126150 
1.993920 
1.627705 
1.903518 
2.070568 
2.398611 
2.514647 
3.190681 
2.941937 
3.350269 
3.932942 
3.529596 
4.337502 
3.318018 
3.832309 
3.661513 
3.267867 
3.046900 
3.278890 
2.973520 
2.469739 
2.095550 
1.912074 
2.048677 
1.635323 
1.419840 
1.303213 
1.949707 
2.606762 
3.111926 
3.459249 
3.723002 
3.324044 
3.688837 
3.067103 
3.657535 
2.865642 
2.934845 
2.103201 
2.689257 
2.011198 
2.629516 
2.397271 
2.233404 
3.485836 
4.044096 
3.767176 
4.695645 
4.015334 
3.540297 
3.201858 
3.585414 
3.617884 
3.163222 
3.570361 
3.322185 
3.014517 
3.700363 
3.578238 
3.355559 
3.411286 
3.872359 
3.547212 
3.107988 
2.753454 
2.936055 
2.526739 
2.309540 
1.495767 
1.241439 
0.885813 
0.846696 
0.803306 
0.754504 
0.793709 
0.753888 
0.859908 
1.065839 
1.495574 
2.164398 
2.399022 
3.161883 
3.795418 
2.820315 
3.925650 
3.490784 
3.609042 
3.363007 
3.200572 
4.015800 
3.797196 
3.159150 
3.758491 
3.749738 
3.860420 
3.564218 
3.403586 
4.024664 
4.048963 
3.069429 
3.500389 
4.694961 
3.884882 
3.824807 
3.608943 
3.357686 
3.293953 
2.609007 
2.579862 
2.031735 
1.135722 
0.861447 
1.001165 
0.893081 
1.398310 
1.430073 
1.631272 
1.789485 
1.981087 
2.038656 
1.895189 
2.334766 
2.301079 
2.312815 
1.558659 
1.538167 
1.272569 
1.315774 
1.498939 
2.101898 
2.554747 
2.506183 
3.110382 
2.800332 
2.457824 
2.757523 
2.833633 
2.556641 
2.168793 
2.017839 
1.554089 
1.293419 
1.322030 
1.625815 
1.409040 
1.473136 
1.503548 
1.594253 
1.665990 
1.145370 
1.493866 
1.353433 
1.380378 
1.512561 
1.655842 
2.083886 
1.612778 
2.165161 
1.864928 
1.850531 
1.900013 
2.537257 
2.787660 
2.834273 
2.947085 
3.613448 
3.874375 
4.336084 
3.279386 
3.045218 
3.059828 
3.541889 
2.661898 
2.557217 
2.393029 
1.656093 
1.371895 
1.440940 
1.254451 
0.964553 
1.019803 
1.109663 
1.154234 
1.424358 
1.454165 
1.652990 
2.029888 
2.501732 
2.893429 
3.381992 
3.441404 
4.147999 
4.069677 
4.012218 
3.765928 
3.680648 
3.252009 
3.485585 
3.227742 
3.987839 
3.796063 
3.829861 
3.108771 
3.401335 
3.220355 
3.445156 
4.198881 
3.893401 
3.421930 
3.087827 
3.158192 
2.692578 
3.522929 
3.546049 
3.708364 
3.647809 
3.796085 
4.275255 
4.009898 
3.584289 
3.833479 
3.590733 
4.009447 
3.486979 
4.109266 
3.489297 
2.814585 
4.074055 
2.621200 
3.030781 
2.551073 
2.695514 
2.287124 
3.272486 
3.062105 
3.297540 
3.449952 
3.169939 
3.472373 
3.593673 
3.289943 
3.160080 
3.850000 
3.634674 
2.803768 
3.275310 
3.187806 
3.509354 
3.341608 
3.328697 
3.213653 
3.238956 
3.722846 
3.183421 
2.802069 
2.775309 
3.424991 
2.905989 
2.178629 
2.196476 
2.198029 
2.372030 
2.159113 
2.714213 
2.841184 
3.342362 
3.221617 
3.473751 
3.259187 
3.291409 
3.142290 
2.875002 
3.071084 
3.253591 
3.004919 
2.968005 
3.084591 
2.862830 
3.034927 
3.456868 
2.837375 
3.236701 
3.018701 
3.280110 
2.548453 
2.521229 
2.352133 
2.501559 
2.782021 
2.750836 
2.232738 
2.263438 
2.460295 
2.094068 
2.381471 
2.416724 
1.693973 
2.877589 
2.318308 
2.302916 
2.802997 
3.291969 
2.601556 
2.868600 
2.712565 
2.746526 
2.619629 
2.357389 
1.997965 
1.385935 
1.379928 
1.103937 
0.883531 
1.005142 
0.842727 
0.929520 
0.857868 
0.700625 
0.870045 
0.817059 
0.760021 
0.776670 
0.786945 
0.865149 
0.852032 
0.885709 
1.005987 
1.070499 
1.384691 
1.004014 
1.492406 
1.730020 
1.931750 
2.020651 
2.452346 
2.544689 
2.693968 
2.890786 
2.628084 
2.179930 
2.358681 
1.801829 
2.036597 
1.992604 
1.711955 
1.435086 
1.460159 
1.411077 
1.633325 
1.449815 
1.248709 
1.541095 
1.547273 
1.697156 
1.603281 
1.632278 
1.879463 
2.067122 
1.963386 
2.211485 
2.377729 
2.722221 
2.352907 
2.729494 
2.668821 
2.641211 
2.836769 
2.528618 
1.778111 
2.074277 
1.892878 
1.727309 
1.780937 
1.849173 
1.586321 
1.426522 
1.304471 
1.600801 
1.309882 
1.437140 
1.526439 
1.594206 
1.590153 
1.839573 
2.128152 
2.091207 
1.623513 
1.709399 
1.971349 
1.980273 
2.444709 
1.839462 
1.671185 
1.622205 
1.379111 
1.040712 
1.143972 
1.062631 
1.413996 
1.836792 
1.710048 
1.440325 
1.522024 
1.581460 
1.257937 
1.108227 
0.768893 
0.994376 
0.792997 
1.107024 
0.963955 
1.056682 
1.184906 
1.324433 
1.210546 
1.024156 
1.273806 
0.847939 
1.090108 
1.096849 
0.834644 
1.101434 
1.047755 
0.782393 
0.818781 
0.787772 
0.738579 
0.648794 
0.689925 
0.725564 
0.591484 
0.564801 
0.536309 
0.619923 
0.469198 
0.541228 
0.416953 
0.464865 
0.388618 
0.362270 
0.307632 
0.358923 
0.361744 
0.347044 
0.311564 
0.324862 
0.319594 
0.367245 
0.313818 
0.360670 
0.348430 
0.326156 
0.352563 
0.309201 
0.314476 
0.325931 
0.431218 
0.410076 
0.395467 
0.366011 
0.365572 
0.386828 
0.560932 
0.473165 
0.460520 
0.487074 
0.409096 
0.629868 
0.472952 
0.526419 
0.503275 
0.557955 
0.604107 
0.553488 
0.599255 
0.633425 
0.501932 
0.643271 
0.535323 
0.574188 
0.560687 
0.648457 
0.588389 
0.664985 
0.727962 
0.759149 
0.769240 
0.728828 
0.777323 
0.855374 
0.749093 
0.712771 
0.984428 
1.023586 
1.263019 
1.317592 
1.536680 
1.300311 
1.389530 
1.478965 
1.071914 
1.032037 
1.274414 
0.855784 
0.632475 
0.685351 
0.505400 
0.646318 
0.610030 
0.579395 
0.643018 
0.667352 
0.513580 
0.481159 
0.464296 
0.442298 
0.321541 
0.372454 
0.299180 
0.252756 
0.249794 
0.200160 
0.230513 
0.229788 
0.242005 
0.233238 
0.194430 
0.224086 
0.249894 
0.290107 
0.265643 
0.262788 
0.272189 
0.236344 
0.254858 
0.237080 
0.223608 
0.247737 
0.250392 
0.226805 
0.251344 
0.255589 
0.226431 
0.259550 
0.220424 
0.260932 
0.279135 
0.315488 
0.225008 
0.234566 
0.208296 
0.247136 
0.249000 
0.195764 
0.216524 
0.186915 
0.168333 
0.166631 
0.156840 
0.137045 
0.122941 
0.117437 
0.100475 
0.128706 
0.138013 
0.111476 
0.114305 
0.113956 
0.100905 
0.117354 
0.121993 
0.097937 
0.079888 
0.130685 
0.083080 
0.072673 
0.073365 
0.076896 
0.070022 
0.077150 
0.059245 
0.064292 
0.054647 
0.061575 
0.057053 
0.050455 
0.043655 
0.046032 
0.041460 
0.037233 
0.036584 
0.027114 
0.024959 
0.025410 
0.023373 
0.026160 
0.021219 
0.023347 
0.020488 
0.022866 
0.020984 
0.022228 
0.024223 
0.026419 
0.027048 
0.025262 
0.022300 
0.027758 
0.028887 
0.027134 
0.023463 
0.022846 
0.023670 
0.017928 
0.018996 
0.012122 
0.011676 
0.009887 
0.012019 
0.007716 
0.008889 
0.008421 
0.008196 
0.008888 
0.009806 
0.008121 
0.008450 
0.009714 
0.007877 
0.008006 
0.007136 
0.008309 
0.008571 
0.006765 
0.006342 
0.005909 
0.005844 
0.004663 
0.004585 
0.004647 
0.002941 
0.003168 
0.002327 
0.001631 
0.001011 
0.000466 
0.000303 
0.000188 
0.000103 
0.000056 
0.000013 
0.000000 
0.000000 
0.000000 
0.000000 
0.000000 
0.000000 
0.000000 
0.000000 
0.000000 
0.000000 
0.000000 
0.000000 
0.000000 
0.000000 
0.000000 
0.000000 
0.000000 
0.000000 
0.000000 
0.000000 
0.000000 
0.000000 
0.000000 
0.000000 
0.000000 
0.000000 
0.000000 
0.000000 
0.000000 
0.000000 
0.000000 
0.000000 
0.000000 
0.000000 
0.000000 
0.000000 
0.000000 
0.000000 
0.000000 
0.000000 
0.000000 
0.000000 
0.000000 
0.000000 
0.000000 
0.000000 
0.000000 
0.000000 
0.000000 
0.000000 
0.000000 
0.000000 
0.000000 
0.000000 
0.000000 
0.000000 
0.000000 
0.000000 
0.000000 
0.000000 
0.000000 
0.000000 
0.000000 
0.000000 
0.000000 
0.000000 
0.000000 
0.000000 
0.000000 
0.000000 
0.000000 
0.000000 
0.000000 
0.000000 
0.000000 
0.000000 
0.000000 
0.000000 
0.000000 
0.000000 
0.000000 
0.000000 
0.000000 
0.000000 
0.000000 
0.000000 
0.000000 
0.000000 
0.000000 
0.000000 
0.000000 
0.000000 
0.000000 
0.000000 
0.000000 
0.000000 
0.000000 
0.000000 
0.000000 
0.000000 
0.000000 
0.000000 
0.000000 
0.000000 
0.000000 
0.000000 
0.000000 
0.000000 
0.000000 
0.000000 
0.000000 
0.000000 
0.000000 
0.000000 
0.000000 
0.000000 
0.000000 
0.000000 
0.000000 
0.000000 
0.000000 
0.000000 
0.000000 
0.000000 
0.000000 
0.000000 
0.000000 
0.000000 
0.000000 
0.000000 
0.000000 
0.000000 
0.000000 
0.000000 
0.000000 
0.000000 
0.000000 
0.000000 
0.000000 
0.000000 
0.000000 
0.000000 
0.000000 
0.000000 
0.000000 
0.000000 
0.000000 
0.000000 
0.000000 
0.000000 
0.000000 
0.000000 
0.000000 
0.000000 
0.000000 
0.000000 
0.000000 
0.000000 
0.000000 
0.000000 
0.000000 
0.000000 
0.000000 
0.000000 
0.000000 
0.000000 
0.000000 
0.000000 
0.000000 
0.000000 
0.000000 
0.000000 
0.000000 
0.000000 
0.000000 
0.000000 
0.000000 
0.000000 
0.000000 
0.000000 
0.000000 
0.000000 
0.000000 
0.000000 
0.000000 
0.000000 
0.000000 
0.000000 
0.000000 
0.000000 
0.000000 
