0.000000 
0.000000 
0.000000 
0.000000 
0.000000 
0.000000 
0.000000 
0.000000 
0.000000 
0.000000 
0.000000 
0.000000 
0.000000 
0.000000 
0.000000 
0.000000 
0.000000 
0.000000 
0.000000 
0.000000 
0.000000 
0.000000 
0.000000 
0.000000 
0.000000 
0.000000 
0.000000 
0.000000 
0.000000 
0.000000 
0.000000 
0.000000 
0.000000 
0.000000 
0.000000 
0.000000 
0.000000 
0.000000 
0.000000 
0.000000 
0.000000 
0.000000 
0.000000 
0.000000 
0.000000 
0.000000 
0.000000 
0.000000 
0.000000 
0.000000 
0.000000 
0.000000 
0.000000 
0.000000 
0.000000 
0.000000 
0.000000 
0.000000 
0.000000 
0.000000 
0.000000 
0.000000 
0.000000 
0.000000 
0.000000 
0.000000 
0.000000 
0.000000 
0.000000 
0.000000 
0.000000 
0.000000 
0.000000 
0.000000 
0.000000 
0.000000 
0.000000 
0.000000 
0.000000 
0.000000 
0.000000 
0.000000 
0.000000 
0.000000 
0.000000 
0.000000 
0.000000 
0.000000 
0.000000 
0.000000 
0.000000 
0.000000 
0.000000 
0.000000 
0.000000 
0.000000 
0.000000 
0.000000 
0.000000 
0.000000 
0.000000 
0.000000 
0.000000 
0.000000 
0.000000 
0.000000 
0.000000 
0.000000 
0.000000 
0.000000 
0.000000 
0.000000 
0.000000 
0.000000 
0.000000 
0.000000 
0.000000 
0.000000 
0.000000 
0.000000 
0.000000 
0.000000 
0.000000 
0.000000 
0.000000 
0.000000 
0.000000 
0.000000 
0.000000 
0.000000 
0.000000 
0.000000 
0.000000 
0.000000 
0.000000 
0.000000 
0.000000 
0.000000 
0.000000 
0.000000 
0.000000 
0.000000 
0.000000 
0.000000 
0.000000 
0.000000 
0.000000 
0.000000 
0.000000 
0.000000 
0.000000 
0.000000 
0.000000 
0.000000 
0.000000 
0.000000 
0.000000 
0.000000 
0.000000 
0.000000 
0.000000 
0.000000 
0.000000 
0.000000 
0.000000 
0.000000 
0.000000 
0.000000 
0.000000 
0.000000 
0.000000 
0.000000 
0.000000 
0.000000 
0.000000 
0.000000 
0.000000 
0.000000 
0.000000 
0.000000 
0.000000 
0.000000 
0.000000 
0.000000 
0.000000 
0.000000 
0.000000 
0.000000 
0.000000 
0.000000 
0.000000 
0.000000 
0.000000 
0.000000 
0.000000 
0.000000 
0.000000 
0.000000 
0.000000 
0.000000 
0.000000 
0.000000 
0.000000 
0.000000 
0.000000 
0.000000 
0.000000 
0.000000 
0.000000 
0.000000 
0.000000 
0.000000 
0.000000 
0.000000 
0.000000 
0.000000 
0.000000 
0.000000 
0.000000 
0.000000 
0.000000 
0.000000 
0.000000 
0.000000 
0.000000 
0.000050 
0.000273 
0.000594 
0.000883 
0.001427 
0.001663 
0.002542 
0.002584 
0.004187 
0.004075 
0.006797 
0.007709 
0.007912 
0.010873 
0.014870 
0.014112 
0.014562 
0.023020 
0.027275 
0.024786 
0.034117 
0.036495 
0.037434 
0.033713 
0.037977 
0.037561 
0.042116 
0.036399 
0.033069 
0.038695 
0.046797 
0.043206 
0.035409 
0.042562 
0.043102 
0.038229 
0.037953 
0.036075 
0.035200 
0.041423 
0.038449 
0.046303 
0.043144 
0.049454 
0.040887 
0.070149 
0.059660 
0.067957 
0.063887 
0.062155 
0.066516 
0.068655 
0.078188 
0.066843 
0.080226 
0.096132 
0.090953 
0.088703 
0.092257 
0.096631 
0.091431 
0.101114 
0.103192 
0.099792 
0.089491 
0.094552 
0.097163 
0.097527 
0.106693 
0.113436 
0.126040 
0.126717 
0.110923 
0.113308 
0.139226 
0.121606 
0.122626 
0.130167 
0.134333 
0.149395 
0.132499 
0.145337 
0.134690 
0.137159 
0.138993 
0.136155 
0.133597 
0.115664 
0.147922 
0.151011 
0.152605 
0.156913 
0.139950 
0.199986 
0.140358 
0.198536 
0.187820 
0.180481 
0.193374 
0.199656 
0.201026 
0.231114 
0.248964 
0.228235 
0.207280 
0.266931 
0.336247 
0.385829 
0.356097 
0.379846 
0.343356 
0.419833 
0.412475 
0.422991 
0.404646 
0.468208 
0.348208 
0.306369 
0.430439 
0.344426 
0.373515 
0.381248 
0.400489 
0.366200 
0.485014 
0.378082 
0.391559 
0.521523 
0.493576 
0.517127 
0.524849 
0.398181 
0.519357 
0.530545 
0.542956 
0.647779 
0.453378 
0.753605 
0.756123 
0.845013 
0.638726 
0.822481 
0.896669 
0.766085 
0.732253 
0.848064 
1.068329 
1.014133 
0.910998 
1.289325 
1.368038 
1.154916 
1.280430 
1.057694 
1.025665 
1.000395 
1.056136 
1.092943 
0.908728 
1.091918 
1.049890 
1.085525 
1.228082 
1.236320 
1.083273 
1.016197 
1.037429 
0.903510 
0.830925 
0.877769 
0.893471 
1.044615 
0.961386 
0.955626 
0.892568 
0.923340 
1.172108 
1.289760 
1.343620 
1.176707 
1.345110 
1.202183 
1.066343 
1.275082 
1.284905 
1.325089 
1.142330 
0.966392 
0.986577 
0.841797 
1.019475 
1.053732 
0.999326 
1.435891 
1.503501 
1.532276 
1.460410 
1.584054 
1.495813 
1.512681 
1.497445 
1.547700 
1.475037 
1.862891 
1.362299 
1.598363 
1.451995 
1.878935 
1.810640 
1.835774 
1.776797 
1.968696 
1.804259 
2.163785 
1.588298 
1.786135 
1.770214 
1.904470 
2.234846 
2.076858 
2.041982 
1.807892 
2.090465 
1.954114 
2.431461 
2.561383 
2.132351 
2.337426 
2.218575 
2.437703 
1.583373 
1.674621 
2.244964 
2.511486 
2.744078 
2.324490 
2.350209 
1.883382 
2.347762 
2.217495 
1.438492 
1.487057 
1.205161 
0.996332 
0.579699 
0.875641 
1.301364 
1.433597 
1.707860 
2.104463 
2.252606 
2.161455 
2.043792 
2.215488 
1.995811 
2.086844 
2.478833 
2.076982 
2.562272 
2.297890 
2.133960 
2.092649 
2.239277 
1.521898 
2.129169 
2.167344 
2.331703 
2.185611 
2.496286 
1.938891 
2.423927 
2.330928 
2.379011 
2.347207 
2.520881 
2.378282 
2.166677 
2.097971 
1.762694 
2.068117 
2.048337 
2.155737 
2.496471 
2.841204 
2.555722 
2.085430 
2.075107 
1.732973 
1.220430 
1.207086 
1.078905 
0.724477 
0.565993 
0.426863 
0.393605 
0.451282 
0.799406 
0.866748 
1.724758 
1.819243 
2.278020 
2.491564 
2.249250 
2.623050 
2.337647 
2.099735 
2.909650 
3.151726 
2.757808 
2.714700 
2.834741 
2.577410 
3.196375 
2.748858 
2.837674 
2.698477 
3.001440 
2.856390 
2.711386 
2.889014 
2.678192 
2.765456 
2.506974 
2.802452 
2.433163 
3.017661 
3.324653 
2.807210 
2.411137 
2.976549 
3.071651 
3.237390 
2.666320 
2.886020 
2.748738 
2.737116 
2.877419 
2.603112 
2.342351 
3.016837 
2.933901 
3.583997 
3.332640 
3.072259 
2.872963 
2.866233 
2.592255 
2.934381 
2.755486 
3.142443 
3.268352 
3.164676 
3.278886 
3.468597 
3.278410 
2.918590 
3.621167 
3.396331 
2.548974 
3.273194 
2.875933 
3.176035 
3.634070 
2.536451 
2.772970 
2.953818 
3.176813 
2.798856 
3.299449 
3.325086 
3.632141 
3.431338 
3.140859 
2.123186 
2.025142 
1.850174 
2.024644 
1.841840 
1.840581 
2.658698 
2.756185 
3.236674 
2.882436 
3.350283 
3.440842 
3.160826 
3.576442 
3.691850 
3.348808 
3.533405 
2.687321 
2.645942 
2.561139 
2.096295 
2.360736 
1.787016 
1.352848 
1.962663 
1.680325 
1.730372 
1.428901 
2.748191 
2.864302 
3.900572 
3.363177 
3.803870 
3.307511 
2.796256 
2.670725 
3.372622 
3.338407 
2.679160 
2.468383 
2.093481 
2.176838 
2.429672 
2.782623 
3.143516 
3.723312 
3.614322 
3.731050 
3.444467 
3.450658 
3.276162 
3.404871 
3.534992 
3.351962 
3.390765 
3.333804 
3.387153 
3.055903 
3.530249 
2.607050 
3.736102 
3.575613 
3.056214 
3.524608 
3.071179 
2.624745 
2.641289 
2.248562 
1.642265 
1.123739 
0.967884 
0.813437 
0.698477 
0.756423 
0.659222 
0.795225 
0.788769 
1.082463 
1.331511 
1.961206 
2.654053 
2.999657 
2.694750 
2.769621 
3.711860 
3.324850 
3.650568 
3.947435 
3.781902 
3.759787 
3.819439 
3.097404 
3.257479 
3.966971 
3.722741 
3.482414 
3.689300 
4.163680 
3.960213 
3.681461 
4.070127 
3.805943 
3.588129 
3.210895 
3.554588 
3.850065 
3.273573 
2.943184 
2.766120 
2.099600 
1.235634 
0.882788 
1.093618 
1.137459 
1.436551 
1.386730 
1.973583 
2.050700 
2.304350 
2.071635 
1.759028 
2.319044 
1.848977 
1.737481 
1.661949 
1.681014 
1.293441 
1.305815 
1.664750 
1.959112 
2.101504 
2.090168 
2.459237 
2.779974 
2.433832 
3.696457 
3.272195 
3.053746 
2.513393 
2.458577 
1.724827 
1.638085 
1.540487 
1.480547 
1.749947 
1.754023 
1.489881 
1.480560 
1.386487 
1.303529 
1.386666 
1.383489 
1.198569 
1.362513 
1.576960 
1.884614 
1.690874 
1.731486 
1.681507 
2.522185 
1.969078 
2.054198 
2.246746 
3.227310 
3.474376 
2.946608 
3.111914 
3.362603 
3.718438 
3.337510 
3.054440 
3.109221 
3.143867 
2.399764 
2.181440 
1.371039 
1.332991 
1.200580 
1.017669 
0.970470 
1.067860 
1.018466 
1.107141 
1.480507 
1.769148 
2.208425 
2.172022 
2.713326 
3.047787 
3.609727 
4.294295 
3.886955 
3.974450 
3.409528 
3.794627 
4.413630 
3.569285 
3.590046 
3.460199 
3.504184 
3.079602 
3.055863 
3.182925 
3.510143 
3.746121 
3.965404 
3.211202 
3.094121 
3.292296 
3.934229 
3.867474 
4.079049 
4.003639 
3.583118 
3.863842 
3.965493 
4.462311 
4.163748 
3.771427 
4.012483 
3.825200 
3.808563 
4.140706 
3.313914 
3.456459 
3.310810 
3.067313 
3.524040 
3.026396 
2.905915 
2.760021 
2.665322 
2.665651 
3.072344 
3.363785 
3.546351 
3.660419 
2.885102 
4.062725 
3.216849 
3.373775 
2.811755 
3.317126 
3.104063 
2.646125 
3.307201 
3.425634 
2.765877 
3.060281 
4.018817 
3.884220 
3.595499 
2.877464 
3.272594 
3.396419 
2.931999 
2.568104 
2.492674 
1.930005 
2.412279 
2.049308 
2.458087 
2.102961 
2.254414 
3.302265 
3.672121 
3.287525 
3.729886 
3.349533 
3.257458 
3.460955 
3.135710 
3.361269 
3.142436 
3.062651 
2.819724 
3.517692 
2.745553 
3.154657 
3.678601 
3.289684 
3.444863 
3.609731 
3.662557 
2.949537 
2.396828 
2.662071 
2.399972 
2.493795 
2.841473 
2.568075 
2.223958 
2.277653 
2.638929 
2.099803 
2.247851 
2.413885 
1.955164 
2.344894 
2.575811 
2.243313 
2.294822 
3.341681 
2.999604 
2.177710 
2.561657 
2.575630 
2.235310 
2.432071 
1.445730 
1.343037 
0.794523 
0.983300 
1.085005 
0.930780 
0.805553 
0.956882 
0.879187 
0.757996 
0.705278 
0.872155 
0.876610 
0.825113 
0.862439 
0.812524 
1.026117 
0.932709 
1.123804 
1.014234 
1.415856 
1.380797 
1.604079 
1.970640 
2.454959 
2.569381 
2.986278 
2.136383 
2.511272 
2.664494 
1.941199 
1.924617 
2.565351 
1.853914 
1.752623 
1.849624 
1.546008 
1.483883 
1.445102 
1.288433 
1.762411 
1.354886 
1.457550 
1.437516 
1.450225 
1.138734 
1.706570 
1.962025 
2.122504 
2.298799 
2.134719 
3.002087 
2.722446 
2.943838 
2.734618 
2.873159 
2.876417 
2.548426 
2.367901 
2.514951 
2.049368 
1.828148 
1.868599 
1.498329 
1.402949 
1.522984 
1.715986 
1.570160 
1.483258 
1.380109 
1.324911 
1.683290 
1.547990 
1.572334 
1.885575 
1.893421 
2.056006 
1.597187 
2.156485 
1.938444 
1.886749 
1.814890 
2.140517 
1.857060 
1.789957 
1.684009 
1.233202 
1.304862 
1.295060 
1.285422 
1.436574 
1.631542 
1.750632 
2.019407 
1.324748 
1.243994 
0.976713 
1.102610 
1.097220 
1.104389 
1.019657 
0.889156 
1.221672 
1.239873 
1.065977 
0.851463 
1.004992 
0.970394 
1.001500 
1.070605 
0.993379 
0.929428 
1.039729 
0.873995 
0.847305 
0.734393 
0.706341 
0.730036 
0.745583 
0.696257 
0.561798 
0.602206 
0.570199 
0.575779 
0.416642 
0.505476 
0.482358 
0.405121 
0.395344 
0.424664 
0.317626 
0.358203 
0.365729 
0.344266 
0.293319 
0.340944 
0.279991 
0.341621 
0.335165 
0.336255 
0.376063 
0.371184 
0.322438 
0.357957 
0.365387 
0.324786 
0.281116 
0.358331 
0.326373 
0.461930 
0.442338 
0.474625 
0.486103 
0.457383 
0.541376 
0.471059 
0.555866 
0.448928 
0.590738 
0.662343 
0.441846 
0.660154 
0.599398 
0.579473 
0.604462 
0.605706 
0.539933 
0.667337 
0.555714 
0.684372 
0.687532 
0.574785 
0.621251 
0.528778 
0.598763 
0.660929 
0.795413 
0.610786 
0.713124 
0.741905 
0.813917 
0.784048 
0.769185 
0.968167 
0.940720 
1.248222 
1.357881 
1.396268 
1.190988 
1.385304 
1.189631 
1.305944 
1.152847 
0.974050 
0.929687 
0.808642 
0.720237 
0.584172 
0.634103 
0.593096 
0.638994 
0.406892 
0.589490 
0.537401 
0.484629 
0.459325 
0.379083 
0.300625 
0.359178 
0.287926 
0.238667 
0.261676 
0.243505 
0.276873 
0.253670 
0.238366 
0.203057 
0.231567 
0.231997 
0.230943 
0.225998 
0.274431 
0.268426 
0.297092 
0.268309 
0.260708 
0.238609 
0.284593 
0.264088 
0.242717 
0.258534 
0.222616 
0.217377 
0.236035 
0.278846 
0.267666 
0.289031 
0.314362 
0.265589 
0.243953 
0.265289 
0.216270 
0.220057 
0.238076 
0.221571 
0.212962 
0.209406 
0.177028 
0.142968 
0.141889 
0.125984 
0.117969 
0.122539 
0.128574 
0.098990 
0.132518 
0.125916 
0.110283 
0.120252 
0.133661 
0.108554 
0.115430 
0.085417 
0.100814 
0.099632 
0.097519 
0.071386 
0.085597 
0.070302 
0.086785 
0.067678 
0.065838 
0.053849 
0.068921 
0.051476 
0.053361 
0.040909 
0.045166 
0.044605 
0.042807 
0.033083 
0.032025 
0.033781 
0.025269 
0.022784 
0.022183 
0.020563 
0.027622 
0.022831 
0.021369 
0.026600 
0.031047 
0.018512 
0.028739 
0.022735 
0.023987 
0.025116 
0.024502 
0.027314 
0.024990 
0.025629 
0.020008 
0.019582 
0.022652 
0.018427 
0.017560 
0.014421 
0.011801 
0.012154 
0.010514 
0.008776 
0.011189 
0.009560 
0.010031 
0.007878 
0.009137 
0.009527 
0.008016 
0.007334 
0.008041 
0.007424 
0.008165 
0.007704 
0.007862 
0.007076 
0.007021 
0.006940 
0.004993 
0.005447 
0.005101 
0.004821 
0.003358 
0.003194 
0.002204 
0.001794 
0.000877 
0.000461 
0.000302 
0.000161 
0.000099 
0.000050 
0.000014 
0.000000 
0.000000 
0.000000 
0.000000 
0.000000 
0.000000 
0.000000 
0.000000 
0.000000 
0.000000 
0.000000 
0.000000 
0.000000 
0.000000 
0.000000 
0.000000 
0.000000 
0.000000 
0.000000 
0.000000 
0.000000 
0.000000 
0.000000 
0.000000 
0.000000 
0.000000 
0.000000 
0.000000 
0.000000 
0.000000 
0.000000 
0.000000 
0.000000 
0.000000 
0.000000 
0.000000 
0.000000 
0.000000 
0.000000 
0.000000 
0.000000 
0.000000 
0.000000 
0.000000 
0.000000 
0.000000 
0.000000 
0.000000 
0.000000 
0.000000 
0.000000 
0.000000 
0.000000 
0.000000 
0.000000 
0.000000 
0.000000 
0.000000 
0.000000 
0.000000 
0.000000 
0.000000 
0.000000 
0.000000 
0.000000 
0.000000 
0.000000 
0.000000 
0.000000 
0.000000 
0.000000 
0.000000 
0.000000 
0.000000 
0.000000 
0.000000 
0.000000 
0.000000 
0.000000 
0.000000 
0.000000 
0.000000 
0.000000 
0.000000 
0.000000 
0.000000 
0.000000 
0.000000 
0.000000 
0.000000 
0.000000 
0.000000 
0.000000 
0.000000 
0.000000 
0.000000 
0.000000 
0.000000 
0.000000 
0.000000 
0.000000 
0.000000 
0.000000 
0.000000 
0.000000 
0.000000 
0.000000 
0.000000 
0.000000 
0.000000 
0.000000 
0.000000 
0.000000 
0.000000 
0.000000 
0.000000 
0.000000 
0.000000 
0.000000 
0.000000 
0.000000 
0.000000 
0.000000 
0.000000 
0.000000 
0.000000 
0.000000 
0.000000 
0.000000 
0.000000 
0.000000 
0.000000 
0.000000 
0.000000 
0.000000 
0.000000 
0.000000 
0.000000 
0.000000 
0.000000 
0.000000 
0.000000 
0.000000 
0.000000 
0.000000 
0.000000 
0.000000 
0.000000 
0.000000 
0.000000 
0.000000 
0.000000 
0.000000 
0.000000 
0.000000 
0.000000 
0.000000 
0.000000 
0.000000 
0.000000 
0.000000 
0.000000 
0.000000 
0.000000 
0.000000 
0.000000 
0.000000 
0.000000 
0.000000 
0.000000 
0.000000 
0.000000 
0.000000 
0.000000 
0.000000 
0.000000 
0.000000 
0.000000 
0.000000 
0.000000 
0.000000 
0.000000 
0.000000 
0.000000 
0.000000 
0.000000 
0.000000 
0.000000 
0.000000 
0.000000 
0.000000 
