0.000000 
0.000000 
0.000000 
0.000000 
0.000000 
0.000000 
0.000000 
0.000000 
0.000000 
0.000000 
0.000000 
0.000000 
0.000000 
0.000000 
0.000000 
0.000000 
0.000000 
0.000000 
0.000000 
0.000000 
0.000000 
0.000000 
0.000000 
0.000000 
0.000000 
0.000000 
0.000000 
0.000000 
0.000000 
0.000000 
0.000000 
0.000000 
0.000000 
0.000000 
0.000000 
0.000000 
0.000000 
0.000000 
0.000000 
0.000000 
0.000000 
0.000000 
0.000000 
0.000000 
0.000000 
0.000000 
0.000000 
0.000000 
0.000000 
0.000000 
0.000000 
0.000000 
0.000000 
0.000000 
0.000000 
0.000000 
0.000000 
0.000000 
0.000000 
0.000000 
0.000000 
0.000000 
0.000000 
0.000000 
0.000000 
0.000000 
0.000000 
0.000000 
0.000000 
0.000000 
0.000000 
0.000000 
0.000000 
0.000000 
0.000000 
0.000000 
0.000000 
0.000000 
0.000000 
0.000000 
0.000000 
0.000000 
0.000000 
0.000000 
0.000000 
0.000000 
0.000000 
0.000000 
0.000000 
0.000000 
0.000000 
0.000000 
0.000000 
0.000000 
0.000000 
0.000000 
0.000000 
0.000000 
0.000000 
0.000000 
0.000000 
0.000000 
0.000000 
0.000000 
0.000000 
0.000000 
0.000000 
0.000000 
0.000000 
0.000000 
0.000000 
0.000000 
0.000000 
0.000000 
0.000000 
0.000000 
0.000000 
0.000000 
0.000000 
0.000000 
0.000000 
0.000000 
0.000000 
0.000000 
0.000000 
0.000000 
0.000000 
0.000000 
0.000000 
0.000000 
0.000000 
0.000000 
0.000000 
0.000000 
0.000000 
0.000000 
0.000000 
0.000000 
0.000000 
0.000000 
0.000000 
0.000000 
0.000000 
0.000000 
0.000000 
0.000000 
0.000000 
0.000000 
0.000000 
0.000000 
0.000000 
0.000000 
0.000000 
0.000000 
0.000000 
0.000000 
0.000000 
0.000000 
0.000000 
0.000000 
0.000000 
0.000000 
0.000000 
0.000000 
0.000000 
0.000000 
0.000000 
0.000000 
0.000000 
0.000000 
0.000000 
0.000000 
0.000000 
0.000000 
0.000000 
0.000000 
0.000000 
0.000000 
0.000000 
0.000000 
0.000000 
0.000000 
0.000000 
0.000000 
0.000000 
0.000000 
0.000000 
0.000000 
0.000000 
0.000000 
0.000000 
0.000000 
0.000000 
0.000000 
0.000000 
0.000000 
0.000000 
0.000000 
0.000000 
0.000000 
0.000000 
0.000000 
0.000000 
0.000000 
0.000000 
0.000000 
0.000000 
0.000000 
0.000000 
0.000000 
0.000000 
0.000000 
0.000000 
0.000000 
0.000000 
0.000000 
0.000000 
0.000000 
0.000000 
0.000000 
0.000000 
0.000000 
0.000000 
0.000000 
0.000000 
0.000053 
0.000159 
0.000385 
0.000595 
0.000766 
0.001154 
0.001429 
0.002255 
0.002909 
0.003992 
0.004703 
0.004913 
0.006467 
0.008447 
0.009071 
0.012847 
0.013197 
0.018112 
0.015713 
0.023618 
0.023330 
0.026169 
0.028726 
0.026543 
0.032305 
0.028118 
0.028236 
0.028864 
0.029766 
0.027395 
0.029662 
0.030365 
0.031445 
0.026327 
0.029344 
0.029459 
0.028338 
0.030859 
0.027806 
0.025340 
0.030483 
0.029685 
0.039776 
0.033661 
0.036548 
0.044655 
0.053858 
0.052456 
0.050845 
0.052816 
0.065673 
0.054430 
0.062916 
0.069682 
0.058239 
0.069804 
0.067281 
0.069270 
0.073188 
0.061665 
0.065267 
0.075557 
0.079180 
0.081439 
0.075656 
0.073252 
0.069764 
0.068317 
0.069956 
0.087373 
0.082967 
0.083184 
0.084594 
0.096964 
0.089867 
0.091728 
0.091947 
0.085418 
0.081004 
0.116198 
0.099108 
0.110390 
0.087397 
0.078343 
0.105334 
0.102832 
0.109781 
0.100714 
0.123486 
0.120888 
0.092608 
0.117121 
0.142042 
0.117223 
0.130085 
0.141830 
0.131968 
0.134356 
0.141033 
0.132938 
0.141798 
0.176231 
0.185831 
0.192141 
0.215140 
0.237932 
0.260294 
0.238237 
0.291701 
0.273035 
0.255184 
0.297481 
0.325315 
0.279737 
0.337905 
0.281978 
0.299795 
0.282507 
0.215824 
0.265500 
0.264378 
0.245283 
0.296495 
0.336780 
0.230905 
0.299546 
0.348761 
0.338642 
0.404347 
0.326081 
0.381371 
0.351543 
0.396362 
0.396590 
0.399143 
0.310176 
0.392263 
0.459316 
0.591643 
0.575849 
0.688535 
0.602410 
0.532306 
0.611348 
0.545328 
0.731877 
0.718491 
0.686988 
1.071037 
0.868635 
0.944512 
0.875558 
0.874238 
0.832370 
0.778652 
0.706544 
0.840537 
0.911969 
0.666140 
0.796603 
0.680392 
0.869609 
0.677842 
0.740932 
0.899921 
0.720287 
0.764385 
0.698343 
0.585660 
0.556781 
0.687489 
0.617885 
0.726295 
0.839687 
0.842541 
0.706668 
0.780263 
0.802626 
0.909432 
1.038201 
0.969118 
0.810540 
1.057080 
1.055073 
0.976974 
0.904630 
0.892296 
0.895079 
0.791479 
0.828519 
0.750424 
0.777220 
0.833230 
0.953390 
0.974346 
1.031779 
1.030847 
1.124230 
0.986768 
1.146727 
1.162643 
1.208004 
1.173474 
1.007586 
1.153301 
1.135483 
1.244854 
1.236538 
1.364227 
1.203192 
1.281777 
1.419753 
1.484286 
1.454950 
1.572175 
1.325759 
1.301292 
1.602820 
1.454788 
1.338310 
1.749264 
1.474276 
1.864826 
1.880393 
1.505817 
1.750821 
1.778558 
1.511093 
1.970030 
1.760275 
1.987256 
1.582555 
1.698470 
1.582753 
1.954449 
1.842615 
1.692683 
1.772533 
1.399431 
1.445303 
1.425089 
1.051109 
0.849808 
0.639184 
0.610587 
0.614939 
0.971732 
1.177077 
1.184574 
1.715580 
1.356453 
1.605978 
1.588808 
1.772849 
1.638723 
1.746496 
1.748822 
1.856717 
1.588652 
1.411821 
1.474436 
1.753662 
1.760240 
1.856276 
1.591855 
1.499594 
1.551563 
1.846950 
1.673814 
1.839031 
1.647205 
1.619657 
1.700457 
1.828301 
1.761596 
1.683102 
1.358017 
1.343376 
1.416996 
1.420685 
1.513320 
1.695317 
1.495174 
1.937366 
1.989580 
2.064449 
1.737749 
1.148997 
1.022752 
0.852589 
0.719639 
0.411046 
0.510039 
0.291523 
0.328129 
0.372804 
0.582883 
0.677895 
1.083082 
1.177665 
1.314683 
1.815855 
1.891033 
1.817647 
1.927853 
2.393109 
2.312572 
2.362395 
2.188662 
1.879391 
2.298799 
1.949505 
2.046098 
1.923582 
1.752589 
2.112611 
1.713217 
1.868954 
2.233825 
2.271087 
1.858568 
2.198219 
1.932327 
1.977509 
2.176348 
1.968728 
2.245280 
2.349922 
1.969136 
2.375451 
2.143365 
2.218912 
2.229112 
2.364423 
2.183387 
2.408682 
1.840089 
2.500978 
2.244937 
2.190050 
2.131746 
2.022556 
2.030477 
2.584495 
1.698108 
2.073110 
2.377147 
2.513569 
2.107489 
2.684438 
2.181045 
2.011545 
2.568807 
2.142824 
2.356800 
2.296908 
2.824576 
2.312814 
2.128195 
2.431574 
2.414004 
2.093569 
2.070728 
2.549386 
2.667415 
2.195351 
2.237851 
2.596884 
2.564112 
2.664841 
2.560142 
2.563762 
1.832433 
1.324960 
1.342270 
1.488533 
1.364252 
1.477960 
1.831781 
1.801250 
1.984401 
1.929472 
2.652199 
2.605368 
2.590469 
2.826351 
2.413664 
2.359363 
2.688304 
2.379489 
2.254582 
2.405398 
1.949977 
1.843776 
1.574780 
1.433221 
1.237765 
1.189208 
1.308535 
1.093726 
1.270584 
1.727253 
2.132002 
2.920119 
2.805978 
2.427680 
2.997144 
2.651911 
2.216554 
2.970874 
1.916181 
1.717240 
1.735450 
1.768925 
1.434299 
1.815445 
2.071325 
2.259368 
2.462256 
2.730588 
3.158703 
2.948332 
2.575625 
2.398051 
2.292225 
3.025826 
2.348187 
2.648668 
2.253248 
2.559309 
2.254299 
2.188333 
2.980146 
2.751322 
2.803966 
2.687152 
2.801338 
2.623019 
2.398782 
1.699983 
1.822970 
1.503387 
0.870811 
0.637889 
0.544585 
0.665070 
0.591295 
0.514635 
0.525143 
0.581109 
0.755451 
0.962489 
1.220200 
2.125010 
2.211374 
2.549342 
2.701029 
2.403391 
2.528801 
2.829852 
2.585166 
2.804678 
2.432253 
2.443719 
2.550221 
2.631078 
2.789537 
2.833265 
2.976435 
2.856389 
3.130540 
3.102293 
2.515851 
2.495755 
2.940808 
2.581171 
2.735338 
3.137335 
2.707322 
2.679253 
2.447567 
2.246977 
1.339349 
1.077272 
0.676094 
0.667605 
0.683659 
1.101030 
1.118016 
1.298831 
1.359182 
1.472009 
1.878738 
1.681644 
1.477346 
1.314948 
1.428914 
1.360038 
1.028371 
1.056840 
1.089192 
1.242956 
1.653917 
1.906606 
1.715784 
1.842641 
1.907403 
2.333206 
2.333923 
2.050122 
2.467016 
2.386898 
1.668828 
1.214456 
1.135847 
1.036578 
0.996065 
0.914965 
1.282354 
1.197335 
1.307243 
0.814921 
0.965921 
1.202317 
1.009281 
1.067742 
1.149581 
1.291800 
1.335418 
1.569923 
1.389515 
1.700026 
1.684462 
1.727826 
1.675696 
1.648371 
2.256102 
2.284571 
2.139437 
2.405800 
3.180359 
2.397247 
2.729227 
2.697603 
2.718734 
2.223697 
1.781224 
1.439691 
1.229478 
0.892436 
0.822443 
0.807420 
0.960219 
0.660077 
0.810420 
0.847410 
0.872453 
1.020017 
1.204357 
1.887871 
1.983251 
2.055391 
2.812876 
2.951864 
2.623752 
2.846121 
2.545723 
3.721989 
3.483057 
2.676043 
2.344887 
3.107502 
2.623142 
3.083060 
3.069871 
2.586615 
2.369468 
2.912324 
2.856222 
2.863076 
2.650488 
2.905479 
3.028712 
3.097109 
2.364223 
2.538211 
2.908554 
3.166915 
2.661287 
3.008696 
2.949602 
2.692502 
2.672037 
2.941584 
2.705106 
2.469326 
2.868319 
2.684786 
2.498650 
2.898559 
3.260214 
2.433308 
2.209917 
1.999752 
2.135406 
1.895164 
2.048917 
2.295033 
2.694112 
2.507507 
2.982325 
1.965781 
1.987861 
2.851121 
2.759548 
2.565488 
2.802143 
2.568827 
2.372686 
1.818263 
2.194267 
2.586579 
2.756411 
2.857541 
2.699372 
2.245329 
2.017103 
1.993349 
2.188172 
1.776926 
1.896007 
1.995196 
1.801796 
1.598922 
1.473716 
1.812840 
2.199527 
1.567123 
2.226790 
2.570543 
2.214412 
2.515481 
2.007617 
2.277244 
2.314504 
2.518725 
1.850087 
2.025573 
2.099358 
2.234375 
2.263478 
2.139503 
2.500061 
2.742958 
2.377446 
2.396358 
2.401771 
1.857494 
1.886650 
1.912250 
1.498690 
1.935041 
1.987540 
1.528042 
2.093011 
1.867373 
1.813566 
1.593499 
1.267135 
1.526376 
1.685138 
1.895114 
2.187791 
2.467131 
1.841983 
2.176007 
1.978382 
2.191242 
2.240325 
1.973537 
2.136492 
1.674135 
1.136571 
0.799617 
0.713862 
0.728276 
0.620524 
0.774720 
0.710510 
0.653257 
0.542960 
0.614431 
0.622846 
0.627711 
0.599807 
0.531032 
0.612979 
0.706022 
0.688798 
0.665670 
0.846225 
0.845732 
0.803253 
1.354001 
1.345612 
1.384967 
1.837039 
1.660190 
1.789357 
2.008497 
1.728801 
1.820698 
1.732248 
1.578969 
1.596438 
1.448622 
1.619776 
1.561015 
1.081360 
1.154922 
1.131894 
1.188852 
1.058743 
1.046185 
1.117881 
1.107789 
1.141949 
1.062667 
1.367690 
1.230182 
1.375330 
1.906501 
1.573789 
1.958535 
1.986001 
2.053495 
1.820336 
2.039177 
1.966032 
2.134661 
1.974083 
1.472791 
1.451298 
1.398832 
1.188432 
1.185917 
0.966208 
1.212844 
1.088920 
1.219344 
1.038936 
1.181726 
1.218349 
1.210971 
1.102265 
1.101260 
1.278270 
1.311241 
1.383492 
1.450839 
1.285488 
1.407845 
1.581469 
1.686313 
1.727276 
1.428761 
1.371274 
1.017272 
0.963936 
0.916972 
1.045210 
1.121620 
1.189471 
1.265876 
1.214127 
1.190104 
0.894436 
0.846029 
0.799157 
0.621199 
0.632264 
0.761933 
0.708314 
0.849644 
0.804243 
0.786674 
0.810445 
0.839270 
0.550561 
0.797042 
0.821003 
0.767188 
0.837758 
0.680732 
0.689941 
0.619973 
0.671679 
0.613994 
0.641694 
0.480699 
0.481535 
0.560122 
0.538375 
0.544921 
0.391361 
0.367643 
0.439004 
0.360232 
0.333193 
0.355457 
0.314069 
0.326850 
0.312231 
0.270915 
0.292629 
0.270302 
0.300480 
0.290808 
0.295837 
0.295578 
0.222497 
0.239253 
0.290179 
0.270581 
0.246739 
0.242602 
0.202928 
0.245763 
0.268758 
0.284686 
0.326711 
0.299757 
0.304935 
0.324593 
0.317531 
0.345115 
0.338135 
0.341562 
0.379648 
0.341120 
0.451928 
0.410217 
0.449883 
0.459149 
0.396297 
0.428418 
0.418070 
0.468315 
0.379128 
0.339587 
0.400860 
0.422510 
0.471358 
0.422383 
0.488359 
0.402042 
0.497772 
0.521377 
0.568602 
0.595495 
0.522530 
0.566499 
0.651388 
0.617771 
0.571336 
0.742899 
0.770622 
0.875580 
1.106186 
0.885466 
1.126394 
1.068715 
0.927620 
0.928731 
0.846511 
0.979758 
0.650888 
0.580398 
0.459736 
0.394834 
0.483026 
0.460829 
0.483233 
0.405252 
0.381194 
0.411572 
0.375272 
0.320828 
0.267189 
0.268030 
0.245223 
0.251097 
0.207172 
0.168662 
0.194336 
0.186385 
0.174625 
0.186776 
0.193872 
0.149295 
0.158820 
0.180119 
0.161839 
0.188535 
0.192256 
0.184373 
0.165970 
0.170230 
0.167641 
0.190656 
0.183292 
0.168549 
0.159424 
0.167802 
0.188443 
0.214196 
0.174329 
0.178150 
0.183182 
0.195319 
0.224489 
0.201370 
0.161911 
0.200804 
0.156683 
0.166754 
0.208447 
0.128332 
0.136401 
0.111347 
0.120952 
0.109153 
0.093057 
0.085300 
0.093978 
0.104679 
0.081214 
0.091043 
0.100377 
0.086909 
0.087336 
0.108121 
0.059296 
0.071886 
0.054416 
0.076972 
0.072193 
0.083164 
0.066325 
0.061927 
0.065009 
0.057953 
0.061671 
0.054254 
0.041917 
0.046093 
0.045928 
0.034783 
0.031939 
0.036154 
0.033461 
0.031425 
0.027237 
0.022357 
0.019727 
0.019926 
0.019966 
0.017347 
0.020383 
0.017147 
0.018918 
0.017064 
0.017733 
0.023229 
0.018930 
0.016814 
0.021732 
0.016901 
0.020244 
0.017723 
0.020863 
0.016723 
0.019499 
0.017247 
0.012956 
0.017449 
0.015863 
0.012418 
0.011637 
0.008992 
0.009569 
0.007673 
0.007409 
0.006981 
0.007032 
0.007658 
0.005905 
0.007219 
0.007229 
0.005776 
0.006992 
0.006200 
0.005807 
0.006450 
0.006294 
0.005962 
0.005508 
0.005069 
0.003875 
0.004292 
0.003710 
0.003464 
0.002906 
0.002576 
0.002189 
0.001942 
0.001257 
0.000703 
0.000429 
0.000216 
0.000126 
0.000078 
0.000041 
0.000008 
0.000000 
0.000000 
0.000000 
0.000000 
0.000000 
0.000000 
0.000000 
0.000000 
0.000000 
0.000000 
0.000000 
0.000000 
0.000000 
0.000000 
0.000000 
0.000000 
0.000000 
0.000000 
0.000000 
0.000000 
0.000000 
0.000000 
0.000000 
0.000000 
0.000000 
0.000000 
0.000000 
0.000000 
0.000000 
0.000000 
0.000000 
0.000000 
0.000000 
0.000000 
0.000000 
0.000000 
0.000000 
0.000000 
0.000000 
0.000000 
0.000000 
0.000000 
0.000000 
0.000000 
0.000000 
0.000000 
0.000000 
0.000000 
0.000000 
0.000000 
0.000000 
0.000000 
0.000000 
0.000000 
0.000000 
0.000000 
0.000000 
0.000000 
0.000000 
0.000000 
0.000000 
0.000000 
0.000000 
0.000000 
0.000000 
0.000000 
0.000000 
0.000000 
0.000000 
0.000000 
0.000000 
0.000000 
0.000000 
0.000000 
0.000000 
0.000000 
0.000000 
0.000000 
0.000000 
0.000000 
0.000000 
0.000000 
0.000000 
0.000000 
0.000000 
0.000000 
0.000000 
0.000000 
0.000000 
0.000000 
0.000000 
0.000000 
0.000000 
0.000000 
0.000000 
0.000000 
0.000000 
0.000000 
0.000000 
0.000000 
0.000000 
0.000000 
0.000000 
0.000000 
0.000000 
0.000000 
0.000000 
0.000000 
0.000000 
0.000000 
0.000000 
0.000000 
0.000000 
0.000000 
0.000000 
0.000000 
0.000000 
0.000000 
0.000000 
0.000000 
0.000000 
0.000000 
0.000000 
0.000000 
0.000000 
0.000000 
0.000000 
0.000000 
0.000000 
0.000000 
0.000000 
0.000000 
0.000000 
0.000000 
0.000000 
0.000000 
0.000000 
0.000000 
0.000000 
0.000000 
0.000000 
0.000000 
0.000000 
0.000000 
0.000000 
0.000000 
0.000000 
0.000000 
0.000000 
0.000000 
0.000000 
0.000000 
0.000000 
0.000000 
0.000000 
0.000000 
0.000000 
0.000000 
0.000000 
0.000000 
0.000000 
0.000000 
0.000000 
0.000000 
0.000000 
0.000000 
0.000000 
0.000000 
0.000000 
0.000000 
0.000000 
0.000000 
0.000000 
0.000000 
0.000000 
0.000000 
0.000000 
0.000000 
0.000000 
0.000000 
0.000000 
0.000000 
0.000000 
0.000000 
0.000000 
0.000000 
0.000000 
0.000000 
0.000000 
0.000000 
0.000000 
