0.000000 
0.000000 
0.000000 
0.000000 
0.000000 
0.000000 
0.000000 
0.000000 
0.000000 
0.000000 
0.000000 
0.000000 
0.000000 
0.000000 
0.000000 
0.000000 
0.000000 
0.000000 
0.000000 
0.000000 
0.000000 
0.000000 
0.000000 
0.000000 
0.000000 
0.000000 
0.000000 
0.000000 
0.000000 
0.000000 
0.000000 
0.000000 
0.000000 
0.000000 
0.000000 
0.000000 
0.000000 
0.000000 
0.000000 
0.000000 
0.000000 
0.000000 
0.000000 
0.000000 
0.000000 
0.000000 
0.000000 
0.000000 
0.000000 
0.000000 
0.000000 
0.000000 
0.000000 
0.000000 
0.000000 
0.000000 
0.000000 
0.000000 
0.000000 
0.000000 
0.000000 
0.000000 
0.000000 
0.000000 
0.000000 
0.000000 
0.000000 
0.000000 
0.000000 
0.000000 
0.000000 
0.000000 
0.000000 
0.000000 
0.000000 
0.000000 
0.000000 
0.000000 
0.000000 
0.000000 
0.000000 
0.000000 
0.000000 
0.000000 
0.000000 
0.000000 
0.000000 
0.000000 
0.000000 
0.000000 
0.000000 
0.000000 
0.000000 
0.000000 
0.000000 
0.000000 
0.000000 
0.000000 
0.000000 
0.000000 
0.000000 
0.000000 
0.000000 
0.000000 
0.000000 
0.000000 
0.000000 
0.000000 
0.000000 
0.000000 
0.000000 
0.000000 
0.000000 
0.000000 
0.000000 
0.000000 
0.000000 
0.000000 
0.000000 
0.000000 
0.000000 
0.000000 
0.000000 
0.000000 
0.000000 
0.000000 
0.000000 
0.000000 
0.000000 
0.000000 
0.000000 
0.000000 
0.000000 
0.000000 
0.000000 
0.000000 
0.000000 
0.000000 
0.000000 
0.000000 
0.000000 
0.000000 
0.000000 
0.000000 
0.000000 
0.000000 
0.000000 
0.000000 
0.000000 
0.000000 
0.000000 
0.000000 
0.000000 
0.000000 
0.000000 
0.000000 
0.000000 
0.000000 
0.000000 
0.000000 
0.000000 
0.000000 
0.000000 
0.000000 
0.000000 
0.000000 
0.000000 
0.000000 
0.000000 
0.000000 
0.000000 
0.000000 
0.000000 
0.000000 
0.000000 
0.000000 
0.000000 
0.000000 
0.000000 
0.000000 
0.000000 
0.000000 
0.000000 
0.000000 
0.000000 
0.000000 
0.000000 
0.000000 
0.000000 
0.000000 
0.000000 
0.000000 
0.000000 
0.000000 
0.000000 
0.000000 
0.000000 
0.000000 
0.000000 
0.000000 
0.000000 
0.000000 
0.000000 
0.000000 
0.000000 
0.000000 
0.000000 
0.000000 
0.000000 
0.000000 
0.000000 
0.000000 
0.000000 
0.000000 
0.000000 
0.000000 
0.000000 
0.000000 
0.000000 
0.000000 
0.000000 
0.000000 
0.000000 
0.000000 
0.000000 
0.000038 
0.000155 
0.000321 
0.000509 
0.000747 
0.001006 
0.001497 
0.002024 
0.002470 
0.002898 
0.003761 
0.004034 
0.005243 
0.005249 
0.007399 
0.008864 
0.011957 
0.013523 
0.016066 
0.017777 
0.019489 
0.016014 
0.023900 
0.026856 
0.027695 
0.027187 
0.025593 
0.023720 
0.028748 
0.030699 
0.023465 
0.023728 
0.026902 
0.019948 
0.023587 
0.024319 
0.023830 
0.024960 
0.024954 
0.028259 
0.023798 
0.027308 
0.029321 
0.032838 
0.034911 
0.033254 
0.032845 
0.042974 
0.044131 
0.047789 
0.042528 
0.053480 
0.051062 
0.053707 
0.051353 
0.051568 
0.054607 
0.061362 
0.063597 
0.059346 
0.058984 
0.065317 
0.049197 
0.067136 
0.052627 
0.058678 
0.061701 
0.064868 
0.075304 
0.077247 
0.076054 
0.064733 
0.071848 
0.080168 
0.070723 
0.075822 
0.090277 
0.082328 
0.089635 
0.081691 
0.094496 
0.083734 
0.076811 
0.081819 
0.073531 
0.086568 
0.091931 
0.086088 
0.100339 
0.072707 
0.097840 
0.098336 
0.082843 
0.109769 
0.099947 
0.112105 
0.103024 
0.111468 
0.113646 
0.110404 
0.129261 
0.116633 
0.140334 
0.152005 
0.158359 
0.186804 
0.187995 
0.232841 
0.231862 
0.232887 
0.277440 
0.187871 
0.248123 
0.257536 
0.265559 
0.269113 
0.232114 
0.250838 
0.184544 
0.204096 
0.225134 
0.227922 
0.196934 
0.249552 
0.228727 
0.310458 
0.305807 
0.267935 
0.243882 
0.317319 
0.238564 
0.272695 
0.245943 
0.288442 
0.312434 
0.353133 
0.430293 
0.391930 
0.471020 
0.415021 
0.429348 
0.534053 
0.567560 
0.538149 
0.610124 
0.530846 
0.644448 
0.736004 
0.848868 
0.877882 
0.764890 
0.766211 
0.697649 
0.572898 
0.633654 
0.614003 
0.562180 
0.547153 
0.610979 
0.579245 
0.641178 
0.649889 
0.699748 
0.606228 
0.578721 
0.674563 
0.608479 
0.532014 
0.676652 
0.506347 
0.601580 
0.570959 
0.578208 
0.553363 
0.660070 
0.584247 
0.614166 
0.750559 
0.810320 
0.742137 
0.704973 
0.743815 
0.834118 
0.743222 
0.739127 
0.783526 
0.634083 
0.671992 
0.583270 
0.559767 
0.725288 
0.709159 
0.733755 
0.811007 
0.891950 
0.785949 
0.903798 
0.957013 
0.895316 
0.919490 
0.833800 
0.831406 
1.001735 
0.839568 
0.708968 
0.737501 
0.962590 
0.960314 
1.095667 
1.018014 
1.197769 
1.252563 
1.224883 
1.177055 
1.229534 
1.244099 
1.143899 
1.076675 
1.196513 
1.387497 
1.275254 
1.084118 
1.460695 
1.205167 
1.432432 
1.409345 
1.490812 
1.186969 
1.532404 
1.295541 
1.407784 
1.263772 
1.504325 
1.712889 
1.523635 
1.195880 
1.687194 
1.461807 
1.004178 
1.125764 
1.084627 
0.979856 
0.628044 
0.476587 
0.421072 
0.547672 
0.746533 
1.009222 
1.318344 
1.446152 
1.257246 
1.123607 
1.293659 
1.530570 
1.104937 
1.533442 
1.257349 
1.505651 
1.647696 
1.327879 
1.425815 
1.385149 
1.347677 
1.279634 
1.353732 
1.342728 
1.626880 
1.237637 
1.293585 
1.329964 
1.405812 
1.790366 
1.509533 
1.460980 
1.370923 
1.359109 
1.384847 
1.332451 
1.244554 
1.216311 
1.275086 
1.401656 
1.300845 
1.562700 
1.723269 
1.682725 
1.313139 
1.074390 
0.965296 
0.904482 
0.680862 
0.534151 
0.397788 
0.263078 
0.282081 
0.303318 
0.476554 
0.619286 
0.879736 
1.002702 
1.184678 
1.597826 
1.283599 
1.492717 
1.654260 
1.675582 
1.736272 
1.639670 
1.865248 
1.752411 
1.472416 
1.500794 
1.957754 
1.887070 
1.727427 
1.847834 
1.563652 
1.901171 
1.920180 
1.869748 
1.646262 
1.810975 
1.622025 
1.600627 
1.813843 
1.708933 
1.619976 
2.053416 
1.768345 
1.737727 
1.841617 
2.083282 
2.118285 
1.561084 
1.902293 
2.006553 
2.010017 
1.723458 
1.861979 
2.063345 
1.901419 
1.990089 
1.914123 
1.967873 
1.970005 
1.354137 
1.980233 
1.619423 
2.004923 
2.100728 
2.077305 
2.107030 
2.201447 
2.125843 
2.008943 
2.186663 
2.105349 
1.892240 
2.294357 
2.077090 
2.064254 
2.140875 
1.939445 
2.043620 
1.921263 
1.878358 
1.876992 
2.273054 
2.224524 
2.067511 
2.183183 
1.740447 
1.521187 
1.290388 
1.311713 
1.070313 
1.040280 
1.485121 
1.300596 
1.682525 
1.798613 
1.717048 
2.088147 
2.690341 
2.320812 
1.938726 
2.000978 
2.222909 
2.349184 
1.664782 
1.688405 
1.870896 
1.880660 
1.443313 
1.266434 
1.246788 
1.145541 
1.107488 
1.046441 
1.129972 
1.280487 
1.478759 
1.845290 
1.855762 
2.015062 
2.246760 
2.407518 
2.390806 
2.222554 
1.692547 
2.037159 
1.913195 
1.482374 
1.714974 
1.418614 
1.521470 
1.859751 
2.283413 
2.224958 
2.397326 
2.006589 
2.449150 
2.264536 
2.078132 
1.964707 
2.075641 
2.372966 
1.882654 
2.005748 
2.150000 
1.923932 
2.176860 
2.335661 
2.369147 
2.206171 
2.214736 
2.005725 
1.765704 
1.610207 
1.786989 
1.286917 
1.079227 
0.875464 
0.564018 
0.447619 
0.471439 
0.536095 
0.331571 
0.517169 
0.447761 
0.526821 
0.922504 
1.430455 
1.971719 
1.949908 
1.882178 
1.828241 
1.927457 
2.068053 
2.303479 
2.179647 
2.276548 
2.354905 
2.155114 
2.010402 
1.600915 
2.455198 
1.985556 
2.727868 
2.599740 
2.613070 
2.519800 
2.477768 
2.666982 
2.404891 
2.433167 
2.857591 
2.277512 
2.399067 
2.078875 
1.927457 
1.633375 
1.070084 
0.851543 
0.552615 
0.623782 
0.755427 
0.911530 
0.911696 
1.177650 
1.111011 
1.070581 
1.096306 
1.484137 
1.435192 
1.490542 
1.263498 
1.091453 
0.910771 
0.876098 
0.949942 
1.107332 
1.307193 
1.277719 
1.563434 
1.398291 
1.718419 
1.672351 
2.039937 
1.884408 
1.742329 
1.575898 
1.269929 
0.992508 
0.967340 
0.976605 
1.008100 
0.996092 
0.963753 
1.109118 
1.213869 
0.884961 
0.878648 
1.028300 
1.006288 
0.812171 
0.887759 
1.187678 
1.108521 
1.212202 
1.010541 
1.220987 
1.430213 
1.397434 
1.581937 
1.673616 
2.000161 
2.209660 
2.017931 
2.264909 
1.961669 
2.496698 
1.972853 
1.795515 
1.967715 
2.313137 
1.607034 
1.179316 
1.032121 
0.759399 
0.732112 
0.707973 
0.805485 
0.592080 
0.658197 
0.549893 
0.730750 
1.051397 
1.156764 
1.575329 
1.584457 
2.090017 
2.316777 
2.369020 
2.223906 
2.780380 
2.659743 
2.937671 
3.092910 
2.186274 
2.409007 
2.259817 
2.164869 
1.898951 
2.249518 
2.171476 
1.702802 
1.719190 
2.795554 
2.196529 
2.336776 
2.466268 
2.287505 
2.105955 
1.740878 
2.362715 
1.938226 
2.117196 
1.842766 
2.264351 
2.444058 
2.443654 
2.581655 
2.734616 
2.917349 
2.016891 
2.397599 
1.860143 
2.185074 
1.809727 
2.238677 
2.061996 
1.866534 
1.476288 
2.118322 
1.808140 
1.914410 
2.033003 
1.974991 
2.353674 
2.712213 
2.417133 
2.135923 
1.992925 
2.094819 
2.319080 
2.391028 
2.165509 
2.129977 
1.888294 
2.245659 
2.082680 
2.259420 
2.402867 
2.436932 
2.061210 
2.198418 
2.008977 
1.453667 
2.130903 
1.396965 
1.521458 
1.271490 
1.471024 
1.112336 
1.301875 
1.652442 
1.758590 
2.229625 
1.840662 
2.219246 
2.157220 
1.848523 
2.107312 
1.995489 
1.867186 
1.838598 
2.125851 
1.931669 
2.086626 
2.052108 
1.961429 
1.703682 
2.376421 
2.389317 
2.253868 
2.246452 
1.578590 
1.857125 
1.664139 
1.751988 
1.727100 
1.663209 
1.517040 
1.408105 
1.792278 
1.668564 
1.241868 
1.481901 
1.482525 
1.391495 
1.475996 
1.558723 
1.796027 
1.674072 
1.774162 
1.462930 
1.775972 
1.664662 
1.676172 
1.390298 
1.229010 
0.976788 
0.817226 
0.665529 
0.667972 
0.583288 
0.638817 
0.613721 
0.532170 
0.525993 
0.464180 
0.481930 
0.525262 
0.527137 
0.435211 
0.600284 
0.597278 
0.609200 
0.647124 
0.723218 
0.684483 
0.948426 
1.072391 
1.103062 
1.349454 
1.273467 
1.686372 
1.589295 
1.837581 
1.855397 
1.305512 
1.624930 
1.197992 
1.091492 
1.308198 
1.138834 
0.904104 
1.031442 
0.783029 
1.078346 
1.029361 
0.757050 
1.003573 
1.047457 
1.056054 
0.923712 
0.933483 
1.074853 
1.112277 
1.170625 
1.485217 
1.627940 
1.601613 
1.607273 
1.684484 
1.672219 
1.438308 
1.964729 
1.749052 
1.471752 
1.369012 
1.204416 
0.918061 
1.083411 
1.074052 
0.953496 
0.841653 
0.930124 
0.876428 
0.974481 
1.007388 
1.174297 
0.999288 
0.923695 
1.235273 
1.010043 
1.062009 
1.021746 
1.263877 
1.311399 
1.317848 
1.076631 
1.329037 
1.280451 
0.812490 
1.138342 
0.954825 
0.796195 
0.797750 
0.845888 
0.683186 
0.771115 
1.037951 
1.029022 
0.816796 
0.990790 
0.656134 
0.492315 
0.616307 
0.539477 
0.487031 
0.517045 
0.714823 
0.587264 
0.665131 
0.657205 
0.779758 
0.772475 
0.714296 
0.585940 
0.581758 
0.564319 
0.661429 
0.586105 
0.594976 
0.491119 
0.571587 
0.444000 
0.459800 
0.474204 
0.382947 
0.417743 
0.411476 
0.379763 
0.336424 
0.247886 
0.302957 
0.283118 
0.279777 
0.279799 
0.229638 
0.246439 
0.228724 
0.239604 
0.253960 
0.230650 
0.201170 
0.191762 
0.223102 
0.207037 
0.201948 
0.211008 
0.181154 
0.229302 
0.227443 
0.227900 
0.208274 
0.255986 
0.257638 
0.225714 
0.295392 
0.277394 
0.322986 
0.223021 
0.268395 
0.282967 
0.345964 
0.331555 
0.341596 
0.376409 
0.330144 
0.300615 
0.388803 
0.343501 
0.384260 
0.319477 
0.356130 
0.385158 
0.356621 
0.379419 
0.326543 
0.362636 
0.353849 
0.308454 
0.373463 
0.342462 
0.440360 
0.436689 
0.445147 
0.482121 
0.463158 
0.587998 
0.543145 
0.491701 
0.519222 
0.705277 
0.785220 
0.844365 
0.859834 
0.961036 
0.697086 
0.756564 
0.687342 
0.712151 
0.704520 
0.508630 
0.560417 
0.386184 
0.295871 
0.384238 
0.303846 
0.361503 
0.346844 
0.367974 
0.339494 
0.299016 
0.229413 
0.173653 
0.198958 
0.157113 
0.194889 
0.146478 
0.131662 
0.148461 
0.177563 
0.153586 
0.159269 
0.137809 
0.142544 
0.148321 
0.127248 
0.174667 
0.141312 
0.165071 
0.141401 
0.164595 
0.150679 
0.153448 
0.163798 
0.136199 
0.134782 
0.155158 
0.133752 
0.162090 
0.169699 
0.173212 
0.144393 
0.149658 
0.165675 
0.167592 
0.174029 
0.158440 
0.142554 
0.122709 
0.140605 
0.150630 
0.126059 
0.132581 
0.098298 
0.084885 
0.098322 
0.104111 
0.095843 
0.073932 
0.070487 
0.068957 
0.078970 
0.063238 
0.073933 
0.083442 
0.075342 
0.068533 
0.069327 
0.066741 
0.063082 
0.065731 
0.067348 
0.061938 
0.056430 
0.041910 
0.052225 
0.044046 
0.045766 
0.032724 
0.037346 
0.033745 
0.035076 
0.025240 
0.032125 
0.024027 
0.025189 
0.022358 
0.021511 
0.015421 
0.016217 
0.017133 
0.014916 
0.015253 
0.014813 
0.013630 
0.014723 
0.014666 
0.014076 
0.014109 
0.013703 
0.013218 
0.016648 
0.015272 
0.017648 
0.017616 
0.015337 
0.016604 
0.011078 
0.015850 
0.013455 
0.009860 
0.009303 
0.008503 
0.008386 
0.006095 
0.006290 
0.005957 
0.005744 
0.005559 
0.005583 
0.005613 
0.005954 
0.005354 
0.005602 
0.004825 
0.006105 
0.005144 
0.005691 
0.005825 
0.004223 
0.003726 
0.003817 
0.004101 
0.003646 
0.002948 
0.002521 
0.002454 
0.002302 
0.001843 
0.001596 
0.000983 
0.000714 
0.000308 
0.000172 
0.000127 
0.000071 
0.000026 
0.000007 
0.000000 
0.000000 
0.000000 
0.000000 
0.000000 
0.000000 
0.000000 
0.000000 
0.000000 
0.000000 
0.000000 
0.000000 
0.000000 
0.000000 
0.000000 
0.000000 
0.000000 
0.000000 
0.000000 
0.000000 
0.000000 
0.000000 
0.000000 
0.000000 
0.000000 
0.000000 
0.000000 
0.000000 
0.000000 
0.000000 
0.000000 
0.000000 
0.000000 
0.000000 
0.000000 
0.000000 
0.000000 
0.000000 
0.000000 
0.000000 
0.000000 
0.000000 
0.000000 
0.000000 
0.000000 
0.000000 
0.000000 
0.000000 
0.000000 
0.000000 
0.000000 
0.000000 
0.000000 
0.000000 
0.000000 
0.000000 
0.000000 
0.000000 
0.000000 
0.000000 
0.000000 
0.000000 
0.000000 
0.000000 
0.000000 
0.000000 
0.000000 
0.000000 
0.000000 
0.000000 
0.000000 
0.000000 
0.000000 
0.000000 
0.000000 
0.000000 
0.000000 
0.000000 
0.000000 
0.000000 
0.000000 
0.000000 
0.000000 
0.000000 
0.000000 
0.000000 
0.000000 
0.000000 
0.000000 
0.000000 
0.000000 
0.000000 
0.000000 
0.000000 
0.000000 
0.000000 
0.000000 
0.000000 
0.000000 
0.000000 
0.000000 
0.000000 
0.000000 
0.000000 
0.000000 
0.000000 
0.000000 
0.000000 
0.000000 
0.000000 
0.000000 
0.000000 
0.000000 
0.000000 
0.000000 
0.000000 
0.000000 
0.000000 
0.000000 
0.000000 
0.000000 
0.000000 
0.000000 
0.000000 
0.000000 
0.000000 
0.000000 
0.000000 
0.000000 
0.000000 
0.000000 
0.000000 
0.000000 
0.000000 
0.000000 
0.000000 
0.000000 
0.000000 
0.000000 
0.000000 
0.000000 
0.000000 
0.000000 
0.000000 
0.000000 
0.000000 
0.000000 
0.000000 
0.000000 
0.000000 
0.000000 
0.000000 
0.000000 
0.000000 
0.000000 
0.000000 
0.000000 
0.000000 
0.000000 
0.000000 
0.000000 
0.000000 
0.000000 
0.000000 
0.000000 
0.000000 
0.000000 
0.000000 
0.000000 
0.000000 
0.000000 
0.000000 
0.000000 
0.000000 
0.000000 
0.000000 
0.000000 
0.000000 
0.000000 
0.000000 
0.000000 
0.000000 
0.000000 
0.000000 
0.000000 
0.000000 
0.000000 
0.000000 
0.000000 
0.000000 
0.000000 
