0.000000 
0.000000 
0.000000 
0.000000 
0.000000 
0.000000 
0.000000 
0.000000 
0.000000 
0.000000 
0.000000 
0.000000 
0.000000 
0.000000 
0.000000 
0.000000 
0.000000 
0.000000 
0.000000 
0.000000 
0.000000 
0.000000 
0.000000 
0.000000 
0.000000 
0.000000 
0.000000 
0.000000 
0.000000 
0.000000 
0.000000 
0.000000 
0.000000 
0.000000 
0.000000 
0.000000 
0.000000 
0.000000 
0.000000 
0.000000 
0.000000 
0.000000 
0.000000 
0.000000 
0.000000 
0.000000 
0.000000 
0.000000 
0.000000 
0.000000 
0.000000 
0.000000 
0.000000 
0.000000 
0.000000 
0.000000 
0.000000 
0.000000 
0.000000 
0.000000 
0.000000 
0.000000 
0.000000 
0.000000 
0.000000 
0.000000 
0.000000 
0.000000 
0.000000 
0.000000 
0.000000 
0.000000 
0.000000 
0.000000 
0.000000 
0.000000 
0.000000 
0.000000 
0.000000 
0.000000 
0.000000 
0.000000 
0.000000 
0.000000 
0.000000 
0.000000 
0.000000 
0.000000 
0.000000 
0.000000 
0.000000 
0.000000 
0.000000 
0.000000 
0.000000 
0.000000 
0.000000 
0.000000 
0.000000 
0.000000 
0.000000 
0.000000 
0.000000 
0.000000 
0.000000 
0.000000 
0.000000 
0.000000 
0.000000 
0.000000 
0.000000 
0.000000 
0.000000 
0.000000 
0.000000 
0.000000 
0.000000 
0.000000 
0.000000 
0.000000 
0.000000 
0.000000 
0.000000 
0.000000 
0.000000 
0.000000 
0.000000 
0.000000 
0.000000 
0.000000 
0.000000 
0.000000 
0.000000 
0.000000 
0.000000 
0.000000 
0.000000 
0.000000 
0.000000 
0.000000 
0.000000 
0.000000 
0.000000 
0.000000 
0.000000 
0.000000 
0.000000 
0.000000 
0.000000 
0.000000 
0.000000 
0.000000 
0.000000 
0.000000 
0.000000 
0.000000 
0.000000 
0.000000 
0.000000 
0.000000 
0.000000 
0.000000 
0.000000 
0.000000 
0.000000 
0.000000 
0.000000 
0.000000 
0.000000 
0.000000 
0.000000 
0.000000 
0.000000 
0.000000 
0.000000 
0.000000 
0.000000 
0.000000 
0.000000 
0.000000 
0.000000 
0.000000 
0.000000 
0.000000 
0.000000 
0.000000 
0.000000 
0.000000 
0.000000 
0.000000 
0.000000 
0.000000 
0.000000 
0.000000 
0.000000 
0.000000 
0.000000 
0.000000 
0.000000 
0.000000 
0.000000 
0.000000 
0.000000 
0.000000 
0.000000 
0.000000 
0.000000 
0.000000 
0.000000 
0.000000 
0.000000 
0.000000 
0.000000 
0.000000 
0.000000 
0.000000 
0.000000 
0.000000 
0.000000 
0.000000 
0.000000 
0.000000 
0.000000 
0.000000 
0.000000 
0.000025 
0.000090 
0.000174 
0.000350 
0.000428 
0.000633 
0.000952 
0.001068 
0.001292 
0.001927 
0.001867 
0.002511 
0.002758 
0.004237 
0.005363 
0.006300 
0.006954 
0.007819 
0.009052 
0.010880 
0.013838 
0.013701 
0.017071 
0.016367 
0.016102 
0.015556 
0.014073 
0.017264 
0.015229 
0.018013 
0.016440 
0.014301 
0.016629 
0.013813 
0.016193 
0.015251 
0.017021 
0.017271 
0.016011 
0.014220 
0.017596 
0.016902 
0.019458 
0.021985 
0.017428 
0.017377 
0.022242 
0.027702 
0.029306 
0.031581 
0.030209 
0.032775 
0.024778 
0.032691 
0.029548 
0.035991 
0.035577 
0.036076 
0.034608 
0.040681 
0.038096 
0.038710 
0.039767 
0.033042 
0.043859 
0.040885 
0.047707 
0.045387 
0.041182 
0.039077 
0.052751 
0.047502 
0.043939 
0.040702 
0.051139 
0.052345 
0.055372 
0.048537 
0.043489 
0.053879 
0.041624 
0.052714 
0.052550 
0.053742 
0.056553 
0.067046 
0.047026 
0.046339 
0.057732 
0.057081 
0.060600 
0.054077 
0.063014 
0.072082 
0.070602 
0.066573 
0.065446 
0.074100 
0.063415 
0.081164 
0.074682 
0.079446 
0.066103 
0.109885 
0.107544 
0.097947 
0.091806 
0.126582 
0.158774 
0.143260 
0.145284 
0.186460 
0.191243 
0.153608 
0.179238 
0.136888 
0.123793 
0.139884 
0.146179 
0.151719 
0.155748 
0.154809 
0.136482 
0.151940 
0.158328 
0.165614 
0.184812 
0.184650 
0.191310 
0.182226 
0.171502 
0.192042 
0.178768 
0.210831 
0.200705 
0.204545 
0.241996 
0.254566 
0.283884 
0.309363 
0.315856 
0.307986 
0.355953 
0.288862 
0.305295 
0.322577 
0.339401 
0.369840 
0.449109 
0.468408 
0.541369 
0.480424 
0.432595 
0.357181 
0.420594 
0.329035 
0.388558 
0.421222 
0.341920 
0.469539 
0.359843 
0.401515 
0.317000 
0.417080 
0.427063 
0.403460 
0.348770 
0.328813 
0.325581 
0.302855 
0.300243 
0.362273 
0.441362 
0.401398 
0.339178 
0.376203 
0.363612 
0.466923 
0.507692 
0.464435 
0.479804 
0.452121 
0.516295 
0.513708 
0.490716 
0.389010 
0.454738 
0.403620 
0.340861 
0.354944 
0.459131 
0.416145 
0.455620 
0.481723 
0.449974 
0.531306 
0.492890 
0.502226 
0.573365 
0.529628 
0.592300 
0.607115 
0.707010 
0.642431 
0.634425 
0.535540 
0.478707 
0.597614 
0.538363 
0.627346 
0.740052 
0.698191 
0.884775 
0.783147 
0.719668 
0.739502 
0.959684 
0.766245 
0.832304 
0.727716 
0.836123 
0.837972 
0.746110 
0.805479 
0.847709 
0.879214 
0.929901 
0.891531 
0.865772 
0.821494 
0.945837 
0.802424 
0.936230 
0.807285 
1.099283 
0.946027 
0.927567 
0.884830 
0.683978 
0.857061 
0.585921 
0.505037 
0.345987 
0.379752 
0.313227 
0.317382 
0.399458 
0.558264 
0.779497 
0.684689 
0.750073 
0.795561 
0.892361 
0.810414 
0.908491 
0.850526 
0.927950 
0.941752 
0.863028 
0.797250 
0.757080 
0.863389 
0.956775 
0.836143 
0.799558 
0.819852 
0.813156 
0.866716 
0.716405 
0.780898 
0.993931 
0.793846 
0.852999 
0.896092 
0.863628 
0.906101 
0.690144 
0.877689 
0.732261 
0.811979 
0.745722 
0.790553 
1.002118 
1.084426 
0.981357 
0.903757 
0.872490 
0.619894 
0.567441 
0.524886 
0.364112 
0.297578 
0.239835 
0.155435 
0.137991 
0.221599 
0.311513 
0.521640 
0.574210 
0.770130 
0.840765 
0.847011 
0.954116 
1.263810 
1.101900 
0.935031 
1.075342 
0.939993 
0.937617 
1.081339 
1.217582 
1.207274 
0.939373 
0.956468 
1.072030 
1.237772 
1.013616 
1.168767 
1.291800 
1.162314 
1.217473 
0.837347 
0.888560 
1.026048 
1.106111 
0.981216 
1.123160 
0.986221 
1.131870 
0.891927 
1.364133 
1.022093 
1.200822 
1.234023 
1.324502 
1.124632 
1.224817 
1.011692 
1.095180 
1.034852 
1.200287 
1.287419 
1.056464 
1.125285 
1.276171 
1.202379 
1.084200 
1.300070 
1.411390 
1.276170 
1.256524 
1.401451 
1.349056 
1.128738 
1.275771 
1.001430 
1.175935 
1.244681 
1.203173 
1.231368 
1.133168 
1.259316 
1.175517 
1.179340 
1.210373 
1.384613 
1.340057 
1.128368 
1.352677 
1.632702 
1.477687 
1.275439 
1.033848 
0.950593 
0.661597 
0.741504 
0.944024 
0.820237 
0.921789 
0.967206 
1.150312 
1.349244 
1.198339 
1.287106 
1.459245 
1.539968 
1.382739 
1.486257 
1.404903 
1.353386 
1.168272 
0.968337 
0.839666 
0.968874 
0.892079 
0.551110 
0.662502 
0.539002 
0.644424 
0.543294 
0.652438 
0.763944 
1.152761 
1.197855 
1.666628 
1.577469 
1.449276 
1.554655 
1.497585 
1.376720 
1.261412 
0.953481 
1.071361 
0.897082 
0.935811 
0.689425 
1.150238 
1.335112 
1.532446 
1.633572 
1.453787 
1.499915 
1.438384 
1.312245 
1.588251 
1.197974 
1.306140 
1.371489 
1.220909 
1.242908 
1.205346 
1.364001 
1.509945 
1.367369 
1.626255 
1.431992 
1.372003 
1.432520 
1.071015 
1.086042 
0.693649 
0.679466 
0.501394 
0.385001 
0.301404 
0.304241 
0.291336 
0.264330 
0.261128 
0.320482 
0.329186 
0.558926 
0.883784 
1.317624 
1.282358 
1.215973 
1.443626 
0.922048 
1.354817 
1.538490 
1.431382 
1.836270 
1.557461 
1.350086 
1.326630 
1.419285 
1.401265 
1.522439 
1.754828 
1.368323 
1.462050 
1.647790 
1.604719 
1.432047 
1.538601 
1.545504 
1.511128 
1.362624 
1.565127 
1.217944 
1.407848 
1.030894 
0.755554 
0.481528 
0.389965 
0.445922 
0.495354 
0.570224 
0.579008 
0.626451 
0.702462 
0.670296 
0.770795 
0.805141 
0.763511 
0.926760 
0.727651 
0.576849 
0.462433 
0.598752 
0.518041 
0.696705 
0.747093 
1.042806 
0.886422 
0.951758 
1.141966 
1.110275 
1.122311 
1.211729 
1.187723 
0.997364 
0.838736 
0.631173 
0.520676 
0.590798 
0.566787 
0.686800 
0.624364 
0.565055 
0.561084 
0.609608 
0.521276 
0.419586 
0.535918 
0.573903 
0.553855 
0.669863 
0.582092 
0.741138 
0.796703 
0.708240 
0.943232 
0.807857 
1.061884 
0.799831 
1.202176 
1.393071 
1.246168 
1.296464 
1.419700 
1.331137 
1.330847 
1.224133 
1.323645 
1.099638 
0.966994 
0.783953 
0.646181 
0.426998 
0.573969 
0.473805 
0.426246 
0.378412 
0.439121 
0.322607 
0.456235 
0.587668 
0.772718 
0.969418 
0.969347 
1.326212 
1.268923 
1.401628 
1.367619 
1.373544 
1.504097 
1.455276 
1.737321 
1.500174 
1.608307 
1.553997 
1.639980 
1.549425 
1.559899 
1.580671 
1.172816 
1.492935 
1.182522 
1.562636 
1.386175 
1.441799 
1.658414 
1.457693 
1.289830 
1.356956 
1.661616 
1.400244 
1.587932 
1.551714 
1.585075 
1.512345 
1.287834 
1.281523 
1.287256 
1.278809 
1.405778 
1.530728 
1.330129 
1.394674 
1.293682 
1.003712 
1.177123 
1.174372 
0.972797 
1.030228 
0.960962 
1.040293 
1.116755 
1.262510 
1.577928 
1.599550 
1.271294 
1.601166 
1.512949 
1.377218 
1.368559 
1.166944 
1.212278 
1.295708 
1.353106 
1.246190 
1.172132 
1.559404 
1.179065 
1.667171 
1.365163 
1.127330 
1.294722 
1.047841 
1.030377 
0.905547 
0.777106 
0.934057 
0.845241 
0.914589 
0.764986 
1.209506 
1.171747 
1.408308 
1.151884 
1.441959 
1.318767 
1.277372 
1.210034 
1.331504 
1.272397 
1.044778 
1.255411 
1.218615 
1.367876 
1.182436 
1.263949 
1.454703 
1.314029 
1.311268 
1.311659 
1.204893 
1.008908 
0.912047 
0.921016 
1.192390 
1.156145 
1.020863 
0.964528 
0.970766 
0.833885 
0.950524 
0.926799 
0.804729 
0.939825 
1.061213 
0.896973 
1.111686 
0.935105 
0.895182 
1.028809 
1.035004 
1.228452 
1.046631 
0.866814 
0.649086 
0.646127 
0.421354 
0.420940 
0.395102 
0.340845 
0.321735 
0.351893 
0.360799 
0.276252 
0.350999 
0.313004 
0.330721 
0.292413 
0.325202 
0.365012 
0.316974 
0.341391 
0.419927 
0.471870 
0.423362 
0.544714 
0.619650 
0.635521 
0.704726 
1.023705 
0.959207 
1.044684 
0.965270 
1.237618 
1.172062 
0.851913 
1.012588 
0.810641 
0.662376 
0.797851 
0.747352 
0.642692 
0.619681 
0.512468 
0.577227 
0.590641 
0.538495 
0.562417 
0.591347 
0.526116 
0.760070 
0.564408 
0.734143 
0.734294 
0.775163 
0.937035 
1.276882 
1.069202 
1.120605 
1.048311 
1.132104 
0.983479 
0.993366 
1.016748 
0.960281 
0.791025 
0.718873 
0.705743 
0.643943 
0.630951 
0.564072 
0.572820 
0.654558 
0.595487 
0.628081 
0.616380 
0.519926 
0.660199 
0.766019 
0.652939 
0.679078 
0.677286 
0.849013 
0.873485 
0.839691 
0.788002 
0.809074 
0.740647 
0.804696 
0.757156 
0.605778 
0.516901 
0.514244 
0.508690 
0.600233 
0.645113 
0.697360 
0.448096 
0.635722 
0.542874 
0.426291 
0.421940 
0.346420 
0.385212 
0.405020 
0.440124 
0.456860 
0.421232 
0.366161 
0.480033 
0.398417 
0.418286 
0.400990 
0.481612 
0.389395 
0.388000 
0.364555 
0.340412 
0.314975 
0.333919 
0.256286 
0.274914 
0.247438 
0.257008 
0.283294 
0.268457 
0.221691 
0.202266 
0.192418 
0.220545 
0.201394 
0.181229 
0.171032 
0.115422 
0.194729 
0.128241 
0.138494 
0.136167 
0.139266 
0.137945 
0.130723 
0.136431 
0.115495 
0.123928 
0.102538 
0.158292 
0.168122 
0.132685 
0.137438 
0.131272 
0.132829 
0.138014 
0.174518 
0.148923 
0.186468 
0.151149 
0.173906 
0.149816 
0.157337 
0.177114 
0.182131 
0.160805 
0.198448 
0.234112 
0.184791 
0.206485 
0.213523 
0.193736 
0.209428 
0.238964 
0.221640 
0.249470 
0.233252 
0.225959 
0.248445 
0.228713 
0.258817 
0.198709 
0.272791 
0.233450 
0.255656 
0.281415 
0.284862 
0.311678 
0.284826 
0.356498 
0.352478 
0.342000 
0.356012 
0.319532 
0.394758 
0.570470 
0.497107 
0.585384 
0.475465 
0.476313 
0.436522 
0.350033 
0.355736 
0.411142 
0.260604 
0.206729 
0.245534 
0.217809 
0.241642 
0.226237 
0.266501 
0.210815 
0.219934 
0.173021 
0.162082 
0.135485 
0.117906 
0.141156 
0.124519 
0.114337 
0.098867 
0.101397 
0.104770 
0.089186 
0.093527 
0.079048 
0.087902 
0.088063 
0.093479 
0.089558 
0.095305 
0.115815 
0.099100 
0.077407 
0.116494 
0.085717 
0.105394 
0.115916 
0.100244 
0.074803 
0.089578 
0.086910 
0.091315 
0.096733 
0.121554 
0.094040 
0.108380 
0.104856 
0.095157 
0.092420 
0.105273 
0.087695 
0.089014 
0.073999 
0.078162 
0.075423 
0.064109 
0.056125 
0.065401 
0.061838 
0.056440 
0.056102 
0.041994 
0.048957 
0.039327 
0.044308 
0.045651 
0.045872 
0.048627 
0.047696 
0.048183 
0.040496 
0.045878 
0.036525 
0.038999 
0.041008 
0.028384 
0.035772 
0.030994 
0.028691 
0.026148 
0.026224 
0.025379 
0.022931 
0.021731 
0.014709 
0.017649 
0.015835 
0.013441 
0.012244 
0.011254 
0.012347 
0.011593 
0.009528 
0.009435 
0.009013 
0.008466 
0.010310 
0.009782 
0.007594 
0.009632 
0.009674 
0.008066 
0.008419 
0.009442 
0.009956 
0.011637 
0.010516 
0.009759 
0.009832 
0.008068 
0.008369 
0.008107 
0.007937 
0.006291 
0.005180 
0.003887 
0.004350 
0.004454 
0.004103 
0.004028 
0.003353 
0.003661 
0.003996 
0.003996 
0.003785 
0.003292 
0.003944 
0.003668 
0.003312 
0.003856 
0.003323 
0.002662 
0.003408 
0.002475 
0.002336 
0.002519 
0.002076 
0.001706 
0.001811 
0.001466 
0.000948 
0.000926 
0.000703 
0.000396 
0.000239 
0.000108 
0.000079 
0.000040 
0.000017 
0.000005 
0.000000 
0.000000 
0.000000 
0.000000 
0.000000 
0.000000 
0.000000 
0.000000 
0.000000 
0.000000 
0.000000 
0.000000 
0.000000 
0.000000 
0.000000 
0.000000 
0.000000 
0.000000 
0.000000 
0.000000 
0.000000 
0.000000 
0.000000 
0.000000 
0.000000 
0.000000 
0.000000 
0.000000 
0.000000 
0.000000 
0.000000 
0.000000 
0.000000 
0.000000 
0.000000 
0.000000 
0.000000 
0.000000 
0.000000 
0.000000 
0.000000 
0.000000 
0.000000 
0.000000 
0.000000 
0.000000 
0.000000 
0.000000 
0.000000 
0.000000 
0.000000 
0.000000 
0.000000 
0.000000 
0.000000 
0.000000 
0.000000 
0.000000 
0.000000 
0.000000 
0.000000 
0.000000 
0.000000 
0.000000 
0.000000 
0.000000 
0.000000 
0.000000 
0.000000 
0.000000 
0.000000 
0.000000 
0.000000 
0.000000 
0.000000 
0.000000 
0.000000 
0.000000 
0.000000 
0.000000 
0.000000 
0.000000 
0.000000 
0.000000 
0.000000 
0.000000 
0.000000 
0.000000 
0.000000 
0.000000 
0.000000 
0.000000 
0.000000 
0.000000 
0.000000 
0.000000 
0.000000 
0.000000 
0.000000 
0.000000 
0.000000 
0.000000 
0.000000 
0.000000 
0.000000 
0.000000 
0.000000 
0.000000 
0.000000 
0.000000 
0.000000 
0.000000 
0.000000 
0.000000 
0.000000 
0.000000 
0.000000 
0.000000 
0.000000 
0.000000 
0.000000 
0.000000 
0.000000 
0.000000 
0.000000 
0.000000 
0.000000 
0.000000 
0.000000 
0.000000 
0.000000 
0.000000 
0.000000 
0.000000 
0.000000 
0.000000 
0.000000 
0.000000 
0.000000 
0.000000 
0.000000 
0.000000 
0.000000 
0.000000 
0.000000 
0.000000 
0.000000 
0.000000 
0.000000 
0.000000 
0.000000 
0.000000 
0.000000 
0.000000 
0.000000 
0.000000 
0.000000 
0.000000 
0.000000 
0.000000 
0.000000 
0.000000 
0.000000 
0.000000 
0.000000 
0.000000 
0.000000 
0.000000 
0.000000 
0.000000 
0.000000 
0.000000 
0.000000 
0.000000 
0.000000 
0.000000 
0.000000 
0.000000 
0.000000 
0.000000 
0.000000 
0.000000 
0.000000 
0.000000 
0.000000 
0.000000 
0.000000 
0.000000 
0.000000 
0.000000 
0.000000 
