0.000000 
0.000000 
0.000000 
0.000000 
0.000000 
0.000000 
0.000000 
0.000000 
0.000000 
0.000000 
0.000000 
0.000000 
0.000000 
0.000000 
0.000000 
0.000000 
0.000000 
0.000000 
0.000000 
0.000000 
0.000000 
0.000000 
0.000000 
0.000000 
0.000000 
0.000000 
0.000000 
0.000000 
0.000000 
0.000000 
0.000000 
0.000000 
0.000000 
0.000000 
0.000000 
0.000000 
0.000000 
0.000000 
0.000000 
0.000000 
0.000000 
0.000000 
0.000000 
0.000000 
0.000000 
0.000000 
0.000000 
0.000000 
0.000000 
0.000000 
0.000000 
0.000000 
0.000000 
0.000000 
0.000000 
0.000000 
0.000000 
0.000000 
0.000000 
0.000000 
0.000000 
0.000000 
0.000000 
0.000000 
0.000000 
0.000000 
0.000000 
0.000000 
0.000000 
0.000000 
0.000000 
0.000000 
0.000000 
0.000000 
0.000000 
0.000000 
0.000000 
0.000000 
0.000000 
0.000000 
0.000000 
0.000000 
0.000000 
0.000000 
0.000000 
0.000000 
0.000000 
0.000000 
0.000000 
0.000000 
0.000000 
0.000000 
0.000000 
0.000000 
0.000000 
0.000000 
0.000000 
0.000000 
0.000000 
0.000000 
0.000000 
0.000000 
0.000000 
0.000000 
0.000000 
0.000000 
0.000000 
0.000000 
0.000000 
0.000000 
0.000000 
0.000000 
0.000000 
0.000000 
0.000000 
0.000000 
0.000000 
0.000000 
0.000000 
0.000000 
0.000000 
0.000000 
0.000000 
0.000000 
0.000000 
0.000000 
0.000000 
0.000000 
0.000000 
0.000000 
0.000000 
0.000000 
0.000000 
0.000000 
0.000000 
0.000000 
0.000000 
0.000000 
0.000000 
0.000000 
0.000000 
0.000000 
0.000000 
0.000000 
0.000000 
0.000000 
0.000000 
0.000000 
0.000000 
0.000000 
0.000000 
0.000000 
0.000000 
0.000000 
0.000000 
0.000000 
0.000000 
0.000000 
0.000000 
0.000000 
0.000000 
0.000000 
0.000000 
0.000000 
0.000000 
0.000000 
0.000000 
0.000000 
0.000000 
0.000000 
0.000000 
0.000000 
0.000000 
0.000000 
0.000000 
0.000000 
0.000000 
0.000000 
0.000000 
0.000000 
0.000000 
0.000000 
0.000000 
0.000000 
0.000000 
0.000000 
0.000000 
0.000000 
0.000000 
0.000000 
0.000000 
0.000000 
0.000000 
0.000000 
0.000000 
0.000000 
0.000000 
0.000000 
0.000000 
0.000000 
0.000000 
0.000000 
0.000000 
0.000000 
0.000000 
0.000000 
0.000000 
0.000000 
0.000000 
0.000000 
0.000000 
0.000000 
0.000000 
0.000000 
0.000000 
0.000000 
0.000000 
0.000000 
0.000000 
0.000000 
0.000000 
0.000000 
0.000000 
0.000000 
0.000000 
0.000063 
0.000216 
0.000474 
0.000778 
0.001238 
0.001816 
0.002146 
0.002852 
0.003681 
0.004635 
0.005876 
0.007096 
0.007445 
0.009364 
0.012057 
0.013578 
0.014700 
0.020743 
0.028205 
0.028299 
0.032420 
0.034587 
0.036686 
0.043712 
0.041525 
0.046429 
0.044565 
0.046443 
0.037987 
0.035633 
0.042464 
0.035789 
0.039443 
0.036006 
0.035602 
0.035043 
0.038159 
0.041146 
0.038029 
0.039540 
0.040938 
0.036206 
0.045762 
0.051073 
0.055254 
0.064609 
0.058426 
0.078481 
0.066199 
0.074260 
0.070725 
0.098158 
0.082376 
0.083062 
0.096789 
0.078097 
0.078911 
0.083350 
0.075941 
0.091009 
0.070509 
0.108295 
0.100646 
0.114649 
0.085116 
0.108559 
0.113774 
0.079298 
0.115147 
0.113491 
0.119949 
0.109197 
0.106169 
0.131090 
0.120179 
0.137353 
0.134213 
0.118736 
0.114107 
0.139310 
0.122532 
0.148293 
0.138609 
0.128262 
0.157300 
0.135312 
0.160786 
0.154065 
0.150459 
0.143868 
0.135838 
0.170923 
0.155523 
0.197412 
0.192250 
0.164005 
0.163158 
0.193269 
0.162484 
0.195969 
0.202124 
0.236922 
0.216766 
0.213865 
0.254055 
0.294297 
0.269299 
0.389324 
0.387217 
0.413638 
0.427614 
0.425143 
0.397360 
0.428291 
0.452262 
0.418164 
0.323835 
0.361084 
0.335388 
0.420609 
0.328716 
0.321673 
0.391970 
0.458322 
0.439662 
0.426649 
0.422761 
0.441491 
0.472034 
0.449961 
0.497605 
0.471144 
0.405399 
0.481223 
0.523987 
0.607092 
0.596501 
0.732648 
0.729949 
0.818559 
0.764376 
0.813776 
0.787029 
0.732082 
0.872456 
1.059245 
1.249244 
1.006244 
1.299213 
0.980463 
1.262427 
1.108039 
1.122832 
1.091348 
0.920073 
0.879707 
0.795327 
1.084023 
0.957682 
0.956735 
1.005674 
1.047201 
0.929261 
1.228546 
1.124868 
1.161985 
0.900238 
0.968969 
0.863024 
0.835847 
0.862670 
0.888956 
0.912362 
0.929519 
0.784245 
1.037904 
0.997732 
1.065879 
1.070744 
1.311502 
1.278956 
1.306069 
1.292484 
1.206490 
1.251846 
1.257964 
1.019005 
1.030919 
1.170220 
0.926772 
1.046467 
1.143692 
1.031824 
1.199087 
1.275956 
1.232682 
1.404624 
1.415350 
1.594958 
1.657782 
1.551985 
1.423057 
1.580608 
1.483176 
1.344813 
1.482419 
1.543509 
1.602035 
1.827073 
2.001334 
1.670779 
1.806619 
1.653837 
1.959785 
2.128809 
1.860162 
1.982714 
2.466042 
1.538217 
1.730086 
2.028604 
2.729289 
2.436755 
2.039021 
2.114243 
2.323085 
2.085681 
2.279361 
2.355485 
2.455528 
2.221232 
2.308626 
1.702631 
2.768105 
2.396726 
2.517056 
2.464591 
2.019617 
2.299825 
1.902302 
1.583206 
1.398601 
1.103798 
0.865593 
0.863417 
1.022710 
1.130902 
1.576542 
1.720443 
1.723889 
1.964855 
1.988583 
2.233733 
2.191426 
1.980490 
2.019445 
1.799907 
2.331238 
2.193205 
1.972840 
2.383052 
2.382794 
1.935360 
2.606669 
2.344714 
2.657036 
2.457677 
2.123833 
2.247930 
1.745254 
2.347661 
2.202573 
2.330288 
2.072400 
3.126017 
2.066748 
2.107473 
1.953087 
1.879685 
1.939063 
2.006746 
2.295322 
2.527698 
2.822997 
2.304610 
2.850320 
2.074495 
2.129004 
1.520595 
1.393424 
0.912976 
0.914725 
0.563158 
0.427355 
0.366180 
0.451402 
0.638276 
0.970535 
1.584944 
1.596661 
1.967355 
2.271116 
2.645185 
2.863863 
2.708537 
3.259688 
2.779178 
2.581315 
2.864624 
2.638937 
3.028472 
2.421959 
2.711907 
2.818345 
2.749879 
2.962214 
2.803773 
2.839644 
3.182009 
2.803634 
2.628868 
2.548555 
2.736623 
2.601212 
3.034639 
3.338107 
2.829398 
2.556650 
2.600954 
2.981043 
2.583076 
2.710857 
3.143685 
3.331558 
3.154030 
3.424945 
2.982270 
2.873929 
2.770552 
2.792122 
3.253429 
2.854140 
2.699085 
2.794456 
3.054834 
3.384370 
2.953004 
2.657271 
3.298619 
3.421648 
3.161790 
2.983282 
3.663682 
3.028971 
3.660209 
3.178725 
3.431009 
3.835169 
2.596183 
3.296084 
3.223797 
2.604270 
3.458717 
2.985402 
3.211847 
2.908415 
3.709890 
3.855350 
3.511630 
3.198431 
3.501173 
2.904342 
2.824043 
2.191047 
2.005097 
1.792705 
2.107443 
2.267968 
1.950385 
2.697898 
2.901772 
2.682765 
3.462765 
3.837899 
4.309270 
3.766336 
3.450675 
3.245857 
3.300935 
2.678618 
2.909806 
2.472797 
3.112471 
2.266855 
2.297652 
2.148858 
1.991025 
1.366590 
2.141332 
1.339743 
1.758891 
2.117306 
2.788670 
4.392355 
4.076964 
3.466172 
3.872771 
3.268439 
3.589081 
3.671781 
3.185152 
2.704072 
2.543902 
2.260346 
2.144397 
2.296021 
2.820525 
3.212051 
3.177711 
3.959742 
4.206875 
3.786559 
3.979034 
3.462709 
3.264561 
3.445165 
3.297640 
2.684065 
3.244742 
2.777545 
3.486756 
3.614139 
3.544453 
4.502918 
3.964434 
4.281840 
3.446667 
2.808605 
2.753867 
2.138044 
2.164510 
1.924486 
1.127245 
0.937753 
0.722857 
0.710318 
0.736843 
0.709868 
0.780755 
0.644488 
0.885524 
1.433841 
1.879796 
2.734009 
2.848511 
3.111163 
3.223481 
3.390990 
3.276412 
2.931539 
4.400640 
2.675652 
4.158026 
3.801146 
3.476797 
4.004144 
3.655645 
3.497948 
4.379741 
3.827457 
3.992583 
3.299111 
3.722719 
3.991397 
3.989034 
3.970523 
3.625394 
3.964346 
3.589578 
3.380209 
3.629006 
2.478074 
2.065249 
0.825918 
0.987297 
1.141279 
1.123803 
1.275608 
1.514438 
1.802635 
1.967398 
1.967344 
1.902619 
2.375955 
2.068440 
1.888959 
1.937279 
1.386226 
1.448051 
1.230857 
1.368258 
1.629327 
1.929994 
1.745148 
2.014940 
2.839228 
2.662821 
2.561735 
3.134457 
2.804603 
2.919452 
2.251001 
2.073073 
1.491723 
1.182431 
1.542379 
1.560361 
1.605783 
1.394016 
1.659895 
1.494137 
1.354972 
1.595631 
1.427429 
1.399267 
1.505953 
1.544513 
1.342130 
1.635426 
1.855356 
1.922098 
2.089580 
2.145896 
2.357253 
2.675655 
2.678454 
2.805893 
3.259168 
3.489704 
4.347256 
3.461220 
3.942158 
3.330100 
3.769105 
3.432001 
2.629363 
2.891238 
1.832630 
1.617473 
1.260823 
1.194196 
1.104207 
1.122924 
1.054753 
1.086582 
0.986595 
1.331171 
1.575557 
2.038303 
1.931988 
2.375791 
2.699701 
4.152472 
3.545949 
4.444942 
3.868703 
3.649581 
3.866067 
4.074788 
3.653112 
3.753907 
4.258579 
3.271751 
3.370081 
3.713761 
3.527118 
4.030915 
3.691754 
4.040502 
3.792440 
4.250726 
3.395227 
3.704841 
3.722234 
3.631872 
3.340989 
3.387877 
3.716904 
3.434867 
3.186841 
3.398910 
3.741379 
4.198545 
3.742634 
4.938214 
3.339430 
3.545363 
4.007178 
3.578003 
3.708632 
3.198312 
2.653665 
3.007686 
2.698629 
2.169928 
2.675162 
2.764249 
3.614670 
3.014290 
3.457548 
3.183283 
3.154674 
3.039809 
3.329275 
3.434027 
3.452317 
3.213811 
3.792264 
3.652725 
3.262823 
3.260203 
2.650942 
3.730121 
3.106633 
3.338958 
2.365071 
3.517207 
3.124986 
2.364733 
2.472601 
2.569345 
2.562390 
2.000719 
2.366433 
1.811655 
2.285897 
2.993004 
3.068402 
3.130765 
3.140905 
3.239958 
3.560585 
3.023484 
3.385918 
3.583137 
3.412739 
2.962351 
3.501449 
2.986220 
2.717454 
2.815272 
3.405017 
3.769250 
3.417362 
3.461679 
3.381997 
3.404581 
2.648593 
2.882626 
2.516235 
2.563888 
2.620835 
2.562060 
2.169156 
2.337702 
2.713154 
2.364349 
2.089389 
2.573638 
2.065894 
2.203845 
1.900881 
2.279420 
2.633995 
3.378837 
2.608065 
2.805916 
2.833027 
2.525837 
2.948482 
2.095436 
1.970268 
1.559803 
1.196035 
0.965994 
0.976680 
0.959638 
0.705790 
0.925744 
0.692667 
0.922726 
0.923921 
0.703765 
0.788400 
0.845018 
0.802325 
0.817844 
1.005081 
0.824256 
0.924293 
1.205198 
1.240225 
1.460075 
1.519762 
1.886543 
1.928839 
1.976458 
2.447723 
2.750939 
3.236033 
2.713647 
2.359011 
2.061879 
2.303022 
2.172807 
2.113364 
1.511524 
1.821690 
1.404823 
1.746561 
1.705475 
1.473433 
1.609490 
1.356095 
1.285233 
1.646940 
1.554389 
1.367554 
1.564999 
1.969319 
1.866007 
2.167528 
2.768767 
2.738696 
2.397564 
3.078846 
2.500353 
2.613874 
2.681095 
2.297033 
2.692619 
2.635439 
1.887653 
1.676552 
1.753198 
1.525839 
1.573361 
1.420484 
1.393297 
1.475708 
1.737944 
1.437747 
1.642279 
1.560937 
1.751696 
1.688526 
1.753577 
1.893048 
1.725658 
2.086118 
1.790121 
1.768136 
1.668410 
1.908403 
2.320107 
2.070778 
1.822302 
1.542053 
1.149671 
1.114911 
1.142880 
1.334058 
1.342091 
1.877420 
1.691837 
1.623205 
1.590491 
0.945399 
1.095852 
0.896054 
0.894545 
0.931888 
0.935941 
1.342916 
0.915152 
1.088973 
1.031344 
0.848293 
0.911357 
1.039130 
1.171888 
1.092565 
1.003590 
0.995138 
0.904857 
0.785694 
0.971606 
0.592995 
0.744677 
0.858289 
0.752709 
0.740215 
0.610448 
0.548196 
0.562722 
0.589049 
0.528498 
0.480565 
0.488395 
0.575339 
0.464725 
0.365141 
0.448741 
0.409020 
0.364119 
0.360122 
0.288453 
0.407911 
0.311826 
0.351578 
0.349397 
0.339787 
0.376522 
0.328038 
0.371547 
0.315900 
0.402186 
0.330501 
0.314331 
0.335333 
0.414509 
0.420810 
0.387404 
0.417461 
0.411938 
0.455944 
0.396719 
0.489988 
0.476281 
0.454576 
0.499555 
0.498914 
0.472755 
0.527504 
0.533023 
0.591923 
0.520934 
0.517462 
0.528323 
0.577656 
0.646287 
0.472842 
0.479542 
0.523129 
0.560164 
0.524731 
0.604806 
0.600070 
0.565475 
0.738015 
0.701598 
0.635389 
0.812730 
0.777372 
0.870930 
0.876922 
0.996506 
1.299362 
1.293114 
1.381732 
1.180006 
1.086141 
1.118697 
1.295410 
1.355111 
0.849314 
0.920111 
0.786471 
0.689551 
0.627887 
0.653572 
0.558665 
0.607093 
0.517604 
0.572745 
0.500189 
0.505665 
0.355959 
0.413589 
0.329237 
0.270122 
0.316643 
0.277465 
0.256357 
0.246573 
0.222769 
0.246185 
0.222466 
0.248258 
0.222468 
0.232008 
0.235661 
0.231454 
0.249366 
0.243676 
0.265257 
0.301013 
0.250895 
0.258666 
0.236084 
0.207737 
0.256594 
0.238629 
0.210150 
0.249534 
0.234031 
0.279687 
0.256941 
0.281813 
0.227548 
0.242184 
0.297768 
0.223450 
0.224004 
0.229496 
0.227239 
0.202507 
0.188714 
0.181749 
0.134536 
0.154187 
0.138229 
0.148690 
0.130611 
0.134355 
0.116906 
0.138372 
0.121339 
0.114781 
0.113564 
0.107076 
0.106456 
0.098973 
0.107265 
0.110828 
0.096952 
0.097030 
0.085340 
0.092231 
0.090049 
0.081694 
0.073016 
0.067965 
0.057185 
0.065938 
0.055121 
0.057989 
0.049147 
0.049424 
0.043285 
0.039420 
0.040653 
0.033828 
0.027891 
0.025818 
0.024360 
0.027095 
0.021116 
0.023846 
0.027653 
0.028695 
0.021877 
0.026266 
0.023200 
0.021717 
0.022552 
0.021814 
0.026241 
0.023052 
0.027967 
0.024443 
0.027301 
0.022870 
0.023923 
0.023422 
0.020360 
0.016276 
0.015695 
0.014119 
0.012493 
0.011180 
0.011059 
0.009797 
0.009480 
0.009265 
0.008789 
0.007659 
0.008758 
0.008515 
0.006427 
0.007846 
0.008134 
0.007224 
0.009340 
0.009081 
0.008509 
0.006563 
0.006248 
0.006288 
0.005026 
0.004885 
0.003780 
0.003463 
0.003700 
0.002804 
0.002597 
0.001834 
0.000919 
0.000543 
0.000260 
0.000184 
0.000114 
0.000047 
0.000013 
0.000000 
0.000000 
0.000000 
0.000000 
0.000000 
0.000000 
0.000000 
0.000000 
0.000000 
0.000000 
0.000000 
0.000000 
0.000000 
0.000000 
0.000000 
0.000000 
0.000000 
0.000000 
0.000000 
0.000000 
0.000000 
0.000000 
0.000000 
0.000000 
0.000000 
0.000000 
0.000000 
0.000000 
0.000000 
0.000000 
0.000000 
0.000000 
0.000000 
0.000000 
0.000000 
0.000000 
0.000000 
0.000000 
0.000000 
0.000000 
0.000000 
0.000000 
0.000000 
0.000000 
0.000000 
0.000000 
0.000000 
0.000000 
0.000000 
0.000000 
0.000000 
0.000000 
0.000000 
0.000000 
0.000000 
0.000000 
0.000000 
0.000000 
0.000000 
0.000000 
0.000000 
0.000000 
0.000000 
0.000000 
0.000000 
0.000000 
0.000000 
0.000000 
0.000000 
0.000000 
0.000000 
0.000000 
0.000000 
0.000000 
0.000000 
0.000000 
0.000000 
0.000000 
0.000000 
0.000000 
0.000000 
0.000000 
0.000000 
0.000000 
0.000000 
0.000000 
0.000000 
0.000000 
0.000000 
0.000000 
0.000000 
0.000000 
0.000000 
0.000000 
0.000000 
0.000000 
0.000000 
0.000000 
0.000000 
0.000000 
0.000000 
0.000000 
0.000000 
0.000000 
0.000000 
0.000000 
0.000000 
0.000000 
0.000000 
0.000000 
0.000000 
0.000000 
0.000000 
0.000000 
0.000000 
0.000000 
0.000000 
0.000000 
0.000000 
0.000000 
0.000000 
0.000000 
0.000000 
0.000000 
0.000000 
0.000000 
0.000000 
0.000000 
0.000000 
0.000000 
0.000000 
0.000000 
0.000000 
0.000000 
0.000000 
0.000000 
0.000000 
0.000000 
0.000000 
0.000000 
0.000000 
0.000000 
0.000000 
0.000000 
0.000000 
0.000000 
0.000000 
0.000000 
0.000000 
0.000000 
0.000000 
0.000000 
0.000000 
0.000000 
0.000000 
0.000000 
0.000000 
0.000000 
0.000000 
0.000000 
0.000000 
0.000000 
0.000000 
0.000000 
0.000000 
0.000000 
0.000000 
0.000000 
0.000000 
0.000000 
0.000000 
0.000000 
0.000000 
0.000000 
0.000000 
0.000000 
0.000000 
0.000000 
0.000000 
0.000000 
0.000000 
0.000000 
0.000000 
0.000000 
0.000000 
0.000000 
0.000000 
0.000000 
0.000000 
0.000000 
0.000000 
