0.000000 
0.000000 
0.000000 
0.000000 
0.000000 
0.000000 
0.000000 
0.000000 
0.000000 
0.000000 
0.000000 
0.000000 
0.000000 
0.000000 
0.000000 
0.000000 
0.000000 
0.000000 
0.000000 
0.000000 
0.000000 
0.000000 
0.000000 
0.000000 
0.000000 
0.000000 
0.000000 
0.000000 
0.000000 
0.000000 
0.000000 
0.000000 
0.000000 
0.000000 
0.000000 
0.000000 
0.000000 
0.000000 
0.000000 
0.000000 
0.000000 
0.000000 
0.000000 
0.000000 
0.000000 
0.000000 
0.000000 
0.000000 
0.000000 
0.000000 
0.000000 
0.000000 
0.000000 
0.000000 
0.000000 
0.000000 
0.000000 
0.000000 
0.000000 
0.000000 
0.000000 
0.000000 
0.000000 
0.000000 
0.000000 
0.000000 
0.000000 
0.000000 
0.000000 
0.000000 
0.000000 
0.000000 
0.000000 
0.000000 
0.000000 
0.000000 
0.000000 
0.000000 
0.000000 
0.000000 
0.000000 
0.000000 
0.000000 
0.000000 
0.000000 
0.000000 
0.000000 
0.000000 
0.000000 
0.000000 
0.000000 
0.000000 
0.000000 
0.000000 
0.000000 
0.000000 
0.000000 
0.000000 
0.000000 
0.000000 
0.000000 
0.000000 
0.000000 
0.000000 
0.000000 
0.000000 
0.000000 
0.000000 
0.000000 
0.000000 
0.000000 
0.000000 
0.000000 
0.000000 
0.000000 
0.000000 
0.000000 
0.000000 
0.000000 
0.000000 
0.000000 
0.000000 
0.000000 
0.000000 
0.000000 
0.000000 
0.000000 
0.000000 
0.000000 
0.000000 
0.000000 
0.000000 
0.000000 
0.000000 
0.000000 
0.000000 
0.000000 
0.000000 
0.000000 
0.000000 
0.000000 
0.000000 
0.000000 
0.000000 
0.000000 
0.000000 
0.000000 
0.000000 
0.000000 
0.000000 
0.000000 
0.000000 
0.000000 
0.000000 
0.000000 
0.000000 
0.000000 
0.000000 
0.000000 
0.000000 
0.000000 
0.000000 
0.000000 
0.000000 
0.000000 
0.000000 
0.000000 
0.000000 
0.000000 
0.000000 
0.000000 
0.000000 
0.000000 
0.000000 
0.000000 
0.000000 
0.000000 
0.000000 
0.000000 
0.000000 
0.000000 
0.000000 
0.000000 
0.000000 
0.000000 
0.000000 
0.000000 
0.000000 
0.000000 
0.000000 
0.000000 
0.000000 
0.000000 
0.000000 
0.000000 
0.000000 
0.000000 
0.000000 
0.000000 
0.000000 
0.000000 
0.000000 
0.000000 
0.000000 
0.000000 
0.000000 
0.000000 
0.000000 
0.000000 
0.000000 
0.000000 
0.000000 
0.000000 
0.000000 
0.000000 
0.000000 
0.000000 
0.000000 
0.000000 
0.000000 
0.000000 
0.000000 
0.000000 
0.000000 
0.000000 
0.000066 
0.000225 
0.000436 
0.000807 
0.000993 
0.001642 
0.001633 
0.002556 
0.003505 
0.004133 
0.004955 
0.007058 
0.007647 
0.009360 
0.012722 
0.014863 
0.016805 
0.014907 
0.025792 
0.024757 
0.025053 
0.027610 
0.034014 
0.036125 
0.036290 
0.028558 
0.040015 
0.034448 
0.034679 
0.037057 
0.034674 
0.040838 
0.030946 
0.037423 
0.033524 
0.036859 
0.032373 
0.037415 
0.029311 
0.040529 
0.037057 
0.034637 
0.040575 
0.042684 
0.048436 
0.049867 
0.056734 
0.053817 
0.063724 
0.072939 
0.068816 
0.073388 
0.064822 
0.076325 
0.074090 
0.085839 
0.069051 
0.081618 
0.073295 
0.089001 
0.076223 
0.075360 
0.079384 
0.081261 
0.089204 
0.104491 
0.094263 
0.091146 
0.097482 
0.098864 
0.100254 
0.100209 
0.120108 
0.103496 
0.094745 
0.102462 
0.127001 
0.107884 
0.099764 
0.102971 
0.112611 
0.117532 
0.112971 
0.115299 
0.110815 
0.127884 
0.112251 
0.140270 
0.114239 
0.140864 
0.132039 
0.125687 
0.129482 
0.150327 
0.133640 
0.166242 
0.174235 
0.170799 
0.150987 
0.165967 
0.109337 
0.199352 
0.171818 
0.203629 
0.204671 
0.266401 
0.296260 
0.276103 
0.317883 
0.334147 
0.322088 
0.337078 
0.368491 
0.301733 
0.423641 
0.339633 
0.373913 
0.249347 
0.335655 
0.306869 
0.315089 
0.340849 
0.318373 
0.379423 
0.399898 
0.364013 
0.413246 
0.431001 
0.419243 
0.424277 
0.361895 
0.430545 
0.399747 
0.387096 
0.358732 
0.516756 
0.462581 
0.588777 
0.622949 
0.762160 
0.736914 
0.705479 
0.784629 
0.723428 
0.825701 
0.771230 
1.004358 
1.078882 
1.279640 
0.987327 
1.095017 
1.115763 
1.048212 
0.796676 
0.783968 
0.928954 
0.892891 
0.878851 
0.874210 
0.877837 
0.859128 
0.937780 
0.987270 
0.741528 
1.016529 
0.990574 
0.916054 
0.867176 
0.809366 
0.776997 
0.856275 
0.949292 
0.832178 
0.926639 
0.907763 
0.951939 
0.794322 
1.242487 
1.026775 
1.233597 
1.299005 
1.157667 
1.087052 
1.055373 
0.875300 
1.024293 
1.046939 
0.834772 
0.914797 
0.855453 
0.900499 
0.890388 
0.868527 
1.064395 
1.142981 
1.123702 
1.116498 
1.190000 
1.629053 
1.301809 
1.387212 
1.274152 
1.541286 
1.425187 
1.118991 
1.222697 
1.397051 
1.312708 
1.643362 
1.532769 
1.663934 
1.436840 
1.501449 
1.574286 
1.761559 
1.817365 
2.245237 
1.803274 
1.555791 
1.694577 
1.627470 
1.866828 
1.979578 
1.853951 
2.064225 
1.804911 
1.520151 
1.872537 
1.895033 
1.678454 
1.848897 
1.837156 
2.365416 
2.062763 
2.098880 
2.145670 
2.012177 
1.776339 
1.570870 
1.491959 
1.422179 
1.280493 
0.991128 
0.776477 
0.684248 
0.764796 
1.018762 
1.419169 
1.515286 
1.983313 
1.824599 
2.236542 
1.917310 
1.985033 
1.624337 
2.111511 
2.037907 
1.769732 
2.393443 
1.612035 
1.963123 
1.965445 
2.044847 
1.992586 
2.004908 
1.836997 
2.164785 
1.964867 
1.833469 
2.042680 
2.263539 
1.866816 
1.827179 
2.124449 
1.917058 
2.019739 
2.169783 
1.639606 
1.631571 
1.692776 
1.572251 
1.857322 
1.815047 
1.745725 
2.288940 
2.064148 
1.990246 
1.911837 
1.112976 
0.916417 
0.731058 
0.747626 
0.532478 
0.279818 
0.374074 
0.409426 
0.751245 
0.911575 
1.246568 
1.473301 
1.266901 
1.982650 
2.067766 
2.413322 
2.810420 
2.344108 
2.271066 
2.435700 
2.666941 
2.592941 
2.441762 
2.356579 
2.202115 
2.221937 
2.385598 
2.690875 
2.642964 
2.079575 
2.434790 
2.367805 
2.442039 
2.465098 
2.310305 
2.218370 
2.366970 
2.234820 
3.199787 
2.647592 
3.268201 
2.836479 
2.382888 
2.888199 
3.027318 
3.095845 
2.463454 
2.442821 
3.035708 
2.460536 
2.667101 
2.540249 
2.443191 
2.632141 
2.074822 
2.138806 
2.446001 
2.570741 
3.203573 
2.712278 
2.544684 
2.823937 
2.827322 
2.740713 
2.926282 
2.572897 
2.469560 
2.792196 
2.002180 
3.276184 
2.578535 
3.062677 
2.863051 
2.549461 
2.937010 
2.163523 
2.396367 
2.797020 
2.931601 
2.645821 
2.975489 
2.665214 
3.173572 
2.468243 
2.210499 
1.963564 
1.752950 
1.477530 
2.021478 
1.859294 
1.959887 
2.318531 
2.243744 
2.758744 
3.421910 
2.861868 
3.941986 
2.939605 
3.673147 
3.384424 
3.048696 
2.618321 
2.626955 
2.281263 
2.353412 
2.073667 
2.249441 
2.027129 
1.498594 
1.298969 
1.146346 
1.377959 
1.566560 
1.926197 
2.605506 
3.172194 
3.357367 
3.181510 
3.233641 
2.798941 
2.525965 
3.328421 
2.704349 
2.703328 
2.173917 
2.329397 
2.033290 
2.005141 
2.548684 
2.969481 
1.915820 
3.054340 
3.093354 
3.253628 
2.792646 
3.497840 
3.166068 
2.979032 
2.758508 
2.863826 
2.946612 
2.471137 
3.324781 
3.109189 
2.910042 
2.852379 
2.835393 
3.773411 
2.814897 
2.949166 
2.604949 
1.901584 
1.909042 
1.516405 
1.043415 
0.881891 
0.692695 
0.683742 
0.728416 
0.635127 
0.623049 
0.686836 
0.920828 
1.075565 
1.993804 
2.336809 
2.898944 
2.739591 
2.763591 
3.419972 
3.134821 
3.155788 
2.655385 
3.750693 
3.609647 
3.568039 
3.240638 
2.826867 
3.484067 
2.834588 
3.270139 
4.079728 
3.218874 
3.588613 
3.681742 
3.073714 
3.643109 
3.192999 
3.342966 
3.330297 
3.170277 
2.795090 
3.023444 
2.146711 
1.651193 
1.052099 
0.834973 
0.961848 
0.892479 
1.324504 
1.410336 
1.746541 
1.786724 
1.321713 
1.368387 
1.822772 
2.013120 
1.510389 
1.635736 
1.347149 
1.480106 
1.011235 
1.216177 
1.246823 
1.882013 
1.957922 
1.987600 
2.322457 
2.359999 
2.703161 
2.632257 
2.746600 
2.626594 
2.565897 
1.794990 
1.317199 
1.204768 
1.087621 
1.348177 
1.215128 
1.463009 
1.239237 
1.599314 
1.245341 
1.125240 
1.252661 
1.140580 
1.543546 
1.327769 
1.476551 
1.213794 
1.471509 
1.590704 
1.671989 
1.971337 
1.997200 
2.349943 
1.606940 
2.658478 
2.784886 
2.919622 
2.899362 
3.247072 
2.607176 
3.398990 
3.252757 
2.994741 
2.694138 
1.931272 
1.420033 
1.453322 
1.260277 
1.223599 
0.840514 
0.978304 
0.796563 
0.750171 
0.703807 
1.061717 
1.413655 
1.733299 
1.928496 
2.354333 
3.167890 
2.916648 
4.191468 
3.100615 
3.240305 
3.517466 
2.934921 
3.806260 
3.698550 
2.791648 
3.634520 
3.508859 
3.303061 
3.013568 
2.565871 
3.411489 
3.209807 
3.082152 
3.002517 
2.618817 
3.018572 
3.818988 
2.859988 
3.137046 
2.985223 
2.162010 
2.840160 
3.787777 
3.877495 
3.364793 
3.203226 
3.517882 
3.911555 
3.536368 
2.943990 
3.156259 
3.372074 
2.806159 
3.006802 
2.531780 
2.701987 
2.530244 
2.468151 
2.544654 
2.624787 
2.869686 
2.890906 
2.810191 
2.857880 
3.393702 
3.162292 
2.913020 
3.172267 
3.165756 
3.212555 
2.284587 
3.485273 
3.010645 
2.869308 
2.957948 
2.626300 
2.817541 
3.379996 
2.995690 
3.053506 
2.856637 
2.394531 
2.475100 
2.327840 
2.123879 
2.099885 
2.019882 
2.250560 
1.865460 
1.700898 
1.705379 
2.975712 
2.618868 
2.776186 
3.122731 
3.044863 
2.637688 
2.578323 
2.310653 
2.669399 
2.762858 
2.449952 
2.820461 
2.586241 
3.321120 
2.732385 
2.718977 
2.995090 
3.687659 
3.184775 
2.774960 
2.878247 
2.359960 
1.856505 
2.579208 
2.202210 
2.275758 
2.004460 
2.060952 
1.968726 
2.409298 
2.069458 
2.142241 
1.806413 
1.842025 
2.435517 
2.140181 
2.072529 
2.682371 
2.149875 
2.294100 
2.407474 
2.563087 
2.062021 
2.182326 
2.011661 
1.291061 
1.085254 
1.014578 
0.803111 
0.783760 
0.645023 
0.592280 
0.757663 
0.777663 
0.669687 
0.698093 
0.703399 
0.923164 
0.721626 
0.761728 
0.801629 
1.020487 
0.810878 
0.836046 
0.770327 
1.145217 
1.349930 
1.315944 
1.523239 
1.854570 
2.063178 
2.267537 
2.389077 
2.366992 
2.477873 
1.746777 
1.947654 
1.903230 
1.570694 
1.460103 
1.662150 
1.593038 
1.407238 
1.147765 
1.355864 
1.204180 
1.318712 
1.287927 
1.053808 
1.093826 
1.381173 
1.439954 
1.472599 
1.595334 
1.687545 
2.168366 
2.439402 
1.804941 
2.549975 
2.425531 
2.378271 
2.269153 
2.220661 
1.845093 
2.002038 
1.923535 
1.474115 
1.310099 
1.693539 
1.361084 
1.511865 
1.204233 
1.265895 
1.157548 
1.538421 
1.272050 
1.447363 
1.402906 
1.508887 
1.563501 
1.405076 
1.710246 
1.453645 
1.830192 
2.173162 
1.724551 
2.006245 
1.741037 
1.665215 
1.361609 
1.196086 
0.922663 
1.032728 
1.171491 
1.103774 
1.410279 
1.519805 
1.569129 
1.549376 
1.350223 
0.932587 
0.883065 
0.821864 
0.709726 
0.742873 
0.861528 
0.941928 
0.973966 
1.001436 
0.951527 
1.001928 
0.999211 
0.898697 
0.832974 
0.731780 
0.793505 
1.027158 
0.902194 
0.823024 
0.552777 
0.788472 
0.747044 
0.709283 
0.543958 
0.664429 
0.545510 
0.585190 
0.343783 
0.529129 
0.443016 
0.446922 
0.387204 
0.352539 
0.407803 
0.337612 
0.341698 
0.308411 
0.279844 
0.333024 
0.373868 
0.257495 
0.285846 
0.274456 
0.302169 
0.268602 
0.316703 
0.317366 
0.238698 
0.245287 
0.310305 
0.310746 
0.338047 
0.314592 
0.327619 
0.352526 
0.329897 
0.397294 
0.340844 
0.348108 
0.378709 
0.355429 
0.450596 
0.468567 
0.425431 
0.555949 
0.520386 
0.410535 
0.435544 
0.560013 
0.531102 
0.493268 
0.510827 
0.565273 
0.449993 
0.484395 
0.521129 
0.531164 
0.486937 
0.543866 
0.561874 
0.599893 
0.674715 
0.564632 
0.739857 
0.622738 
0.597842 
0.703764 
0.665145 
0.799569 
0.813803 
1.032292 
1.111054 
1.182509 
1.247262 
1.212369 
1.046284 
1.092576 
0.962502 
1.018683 
0.745200 
0.716858 
0.541137 
0.546954 
0.534398 
0.589992 
0.421509 
0.487724 
0.443997 
0.523012 
0.423190 
0.428195 
0.349282 
0.309552 
0.286437 
0.286916 
0.221052 
0.247198 
0.197933 
0.216179 
0.226092 
0.217729 
0.190863 
0.178469 
0.234271 
0.190204 
0.230663 
0.176812 
0.225476 
0.222561 
0.256165 
0.212865 
0.193677 
0.187663 
0.251110 
0.209709 
0.216032 
0.194861 
0.226816 
0.228974 
0.212289 
0.243147 
0.218562 
0.225865 
0.257075 
0.244943 
0.252123 
0.216046 
0.211894 
0.204181 
0.195079 
0.184986 
0.163138 
0.163359 
0.142723 
0.137282 
0.125549 
0.116352 
0.105984 
0.124035 
0.103764 
0.123126 
0.106101 
0.105355 
0.113224 
0.095462 
0.094179 
0.102687 
0.087503 
0.070113 
0.088043 
0.070693 
0.091511 
0.080562 
0.068478 
0.072425 
0.058632 
0.051433 
0.051216 
0.052091 
0.041254 
0.035964 
0.036622 
0.035895 
0.032405 
0.027514 
0.030661 
0.030452 
0.026912 
0.022059 
0.023393 
0.020439 
0.020353 
0.021867 
0.022508 
0.018591 
0.022774 
0.017351 
0.017656 
0.023299 
0.025293 
0.022311 
0.020689 
0.026447 
0.019600 
0.020156 
0.023173 
0.020891 
0.021264 
0.014577 
0.018940 
0.014919 
0.011997 
0.009771 
0.010742 
0.008389 
0.007837 
0.008037 
0.007138 
0.008193 
0.007794 
0.007364 
0.006705 
0.007967 
0.007772 
0.006707 
0.007340 
0.008194 
0.007173 
0.007562 
0.005886 
0.005503 
0.005041 
0.005265 
0.005244 
0.003509 
0.003496 
0.003487 
0.002526 
0.002084 
0.001568 
0.000805 
0.000526 
0.000306 
0.000142 
0.000083 
0.000040 
0.000011 
0.000000 
0.000000 
0.000000 
0.000000 
0.000000 
0.000000 
0.000000 
0.000000 
0.000000 
0.000000 
0.000000 
0.000000 
0.000000 
0.000000 
0.000000 
0.000000 
0.000000 
0.000000 
0.000000 
0.000000 
0.000000 
0.000000 
0.000000 
0.000000 
0.000000 
0.000000 
0.000000 
0.000000 
0.000000 
0.000000 
0.000000 
0.000000 
0.000000 
0.000000 
0.000000 
0.000000 
0.000000 
0.000000 
0.000000 
0.000000 
0.000000 
0.000000 
0.000000 
0.000000 
0.000000 
0.000000 
0.000000 
0.000000 
0.000000 
0.000000 
0.000000 
0.000000 
0.000000 
0.000000 
0.000000 
0.000000 
0.000000 
0.000000 
0.000000 
0.000000 
0.000000 
0.000000 
0.000000 
0.000000 
0.000000 
0.000000 
0.000000 
0.000000 
0.000000 
0.000000 
0.000000 
0.000000 
0.000000 
0.000000 
0.000000 
0.000000 
0.000000 
0.000000 
0.000000 
0.000000 
0.000000 
0.000000 
0.000000 
0.000000 
0.000000 
0.000000 
0.000000 
0.000000 
0.000000 
0.000000 
0.000000 
0.000000 
0.000000 
0.000000 
0.000000 
0.000000 
0.000000 
0.000000 
0.000000 
0.000000 
0.000000 
0.000000 
0.000000 
0.000000 
0.000000 
0.000000 
0.000000 
0.000000 
0.000000 
0.000000 
0.000000 
0.000000 
0.000000 
0.000000 
0.000000 
0.000000 
0.000000 
0.000000 
0.000000 
0.000000 
0.000000 
0.000000 
0.000000 
0.000000 
0.000000 
0.000000 
0.000000 
0.000000 
0.000000 
0.000000 
0.000000 
0.000000 
0.000000 
0.000000 
0.000000 
0.000000 
0.000000 
0.000000 
0.000000 
0.000000 
0.000000 
0.000000 
0.000000 
0.000000 
0.000000 
0.000000 
0.000000 
0.000000 
0.000000 
0.000000 
0.000000 
0.000000 
0.000000 
0.000000 
0.000000 
0.000000 
0.000000 
0.000000 
0.000000 
0.000000 
0.000000 
0.000000 
0.000000 
0.000000 
0.000000 
0.000000 
0.000000 
0.000000 
0.000000 
0.000000 
0.000000 
0.000000 
0.000000 
0.000000 
0.000000 
0.000000 
0.000000 
0.000000 
0.000000 
0.000000 
0.000000 
0.000000 
0.000000 
0.000000 
0.000000 
0.000000 
0.000000 
0.000000 
0.000000 
0.000000 
0.000000 
