0.000000 
0.000000 
0.000000 
0.000000 
0.000000 
0.000000 
0.000000 
0.000000 
0.000000 
0.000000 
0.000000 
0.000000 
0.000000 
0.000000 
0.000000 
0.000000 
0.000000 
0.000000 
0.000000 
0.000000 
0.000000 
0.000000 
0.000000 
0.000000 
0.000000 
0.000000 
0.000000 
0.000000 
0.000000 
0.000000 
0.000000 
0.000000 
0.000000 
0.000000 
0.000000 
0.000000 
0.000000 
0.000000 
0.000000 
0.000000 
0.000000 
0.000000 
0.000000 
0.000000 
0.000000 
0.000000 
0.000000 
0.000000 
0.000000 
0.000000 
0.000000 
0.000000 
0.000000 
0.000000 
0.000000 
0.000000 
0.000000 
0.000000 
0.000000 
0.000000 
0.000000 
0.000000 
0.000000 
0.000000 
0.000000 
0.000000 
0.000000 
0.000000 
0.000000 
0.000000 
0.000000 
0.000000 
0.000000 
0.000000 
0.000000 
0.000000 
0.000000 
0.000000 
0.000000 
0.000000 
0.000000 
0.000000 
0.000000 
0.000000 
0.000000 
0.000000 
0.000000 
0.000000 
0.000000 
0.000000 
0.000000 
0.000000 
0.000000 
0.000000 
0.000000 
0.000000 
0.000000 
0.000000 
0.000000 
0.000000 
0.000000 
0.000000 
0.000000 
0.000000 
0.000000 
0.000000 
0.000000 
0.000000 
0.000000 
0.000000 
0.000000 
0.000000 
0.000000 
0.000000 
0.000000 
0.000000 
0.000000 
0.000000 
0.000000 
0.000000 
0.000000 
0.000000 
0.000000 
0.000000 
0.000000 
0.000000 
0.000000 
0.000000 
0.000000 
0.000000 
0.000000 
0.000000 
0.000000 
0.000000 
0.000000 
0.000000 
0.000000 
0.000000 
0.000000 
0.000000 
0.000000 
0.000000 
0.000000 
0.000000 
0.000000 
0.000000 
0.000000 
0.000000 
0.000000 
0.000000 
0.000000 
0.000000 
0.000000 
0.000000 
0.000000 
0.000000 
0.000000 
0.000000 
0.000000 
0.000000 
0.000000 
0.000000 
0.000000 
0.000000 
0.000000 
0.000000 
0.000000 
0.000000 
0.000000 
0.000000 
0.000000 
0.000000 
0.000000 
0.000000 
0.000000 
0.000000 
0.000000 
0.000000 
0.000000 
0.000000 
0.000000 
0.000000 
0.000000 
0.000000 
0.000000 
0.000000 
0.000000 
0.000000 
0.000000 
0.000000 
0.000000 
0.000000 
0.000000 
0.000000 
0.000000 
0.000000 
0.000000 
0.000000 
0.000000 
0.000000 
0.000000 
0.000000 
0.000000 
0.000000 
0.000000 
0.000000 
0.000000 
0.000000 
0.000000 
0.000000 
0.000000 
0.000000 
0.000000 
0.000000 
0.000000 
0.000000 
0.000000 
0.000000 
0.000000 
0.000000 
0.000000 
0.000000 
0.000000 
0.000000 
0.000000 
0.000072 
0.000227 
0.000505 
0.000991 
0.001381 
0.001432 
0.002217 
0.003080 
0.004377 
0.005003 
0.005689 
0.007006 
0.009562 
0.009857 
0.013807 
0.014413 
0.020032 
0.021364 
0.023324 
0.031310 
0.026315 
0.036086 
0.038313 
0.033469 
0.040838 
0.038503 
0.045779 
0.038112 
0.034671 
0.044118 
0.042209 
0.037804 
0.041955 
0.038185 
0.039608 
0.041101 
0.031435 
0.033621 
0.032470 
0.040563 
0.040493 
0.054211 
0.032712 
0.045844 
0.059265 
0.057993 
0.067808 
0.055479 
0.067620 
0.083090 
0.069310 
0.082755 
0.086045 
0.084371 
0.067301 
0.084987 
0.088291 
0.083423 
0.090442 
0.089926 
0.088415 
0.106563 
0.097115 
0.088357 
0.104488 
0.099456 
0.095525 
0.100443 
0.131959 
0.109651 
0.110918 
0.139019 
0.100609 
0.105005 
0.114129 
0.101354 
0.103523 
0.128885 
0.163143 
0.132588 
0.120288 
0.145332 
0.126264 
0.139425 
0.130568 
0.138155 
0.148475 
0.157951 
0.165364 
0.136388 
0.130326 
0.151983 
0.149918 
0.154898 
0.154351 
0.158688 
0.175093 
0.147463 
0.182722 
0.158913 
0.210496 
0.218773 
0.243725 
0.250204 
0.277643 
0.286667 
0.308132 
0.343118 
0.351179 
0.297741 
0.426429 
0.309262 
0.374120 
0.430867 
0.458333 
0.428643 
0.305786 
0.354400 
0.361248 
0.351951 
0.363054 
0.335627 
0.343801 
0.451744 
0.380314 
0.481531 
0.420274 
0.464263 
0.460950 
0.502577 
0.502555 
0.455942 
0.528261 
0.399355 
0.539864 
0.535838 
0.574981 
0.680075 
0.763018 
0.919801 
0.764272 
0.791749 
0.724447 
0.869979 
0.922742 
0.942489 
0.975312 
1.133851 
1.346903 
1.353760 
1.308802 
1.176118 
1.085949 
1.055254 
1.066178 
1.106423 
1.134556 
1.026044 
0.860614 
1.086000 
1.152593 
1.133583 
1.002936 
1.081686 
1.022581 
0.978739 
1.095070 
0.863844 
0.741080 
0.953138 
1.008698 
0.979185 
0.793255 
1.069498 
0.969698 
1.064001 
1.056779 
1.220790 
1.274907 
1.029133 
1.146112 
1.031094 
1.235133 
1.372538 
1.321475 
0.991243 
1.232632 
1.138717 
0.858115 
0.711112 
0.912013 
1.162915 
1.171316 
1.170096 
1.202181 
1.620122 
1.206953 
1.299938 
1.567518 
1.590228 
1.634683 
1.609920 
1.452200 
1.474034 
1.171517 
1.656766 
1.432111 
1.905231 
1.880921 
2.004639 
1.768678 
1.748841 
1.636504 
1.674975 
2.205919 
2.230592 
1.805438 
2.381422 
1.883720 
2.377031 
2.211143 
2.364219 
2.113863 
2.667946 
2.295506 
2.339800 
2.219770 
2.332146 
2.541096 
1.906295 
2.036633 
2.264693 
2.184583 
2.558282 
2.249585 
2.522588 
2.651821 
2.210727 
2.263652 
2.058415 
1.646342 
1.576754 
1.151406 
0.748554 
0.772052 
0.864063 
1.172774 
1.645736 
1.950429 
1.816384 
2.381283 
1.957455 
1.706594 
1.752139 
2.202068 
2.163587 
2.006779 
1.878120 
2.105506 
2.009956 
2.358125 
1.834397 
2.426924 
2.113132 
2.001144 
2.125394 
2.378211 
2.017207 
2.055879 
2.357241 
2.605472 
2.062904 
2.309389 
2.479867 
2.181630 
2.087496 
2.235892 
2.248269 
1.918909 
2.120193 
1.925926 
2.009239 
2.299952 
2.566800 
2.202918 
2.158307 
2.134145 
1.796796 
1.215344 
1.259618 
0.779757 
0.692234 
0.537333 
0.522836 
0.413478 
0.543033 
0.760143 
1.180139 
1.410852 
1.631717 
1.787911 
2.187149 
2.606153 
2.109433 
2.228610 
3.042369 
2.335907 
2.975648 
2.699913 
2.913752 
3.006476 
2.778126 
2.514469 
2.523619 
2.866875 
2.951380 
2.117298 
2.899166 
3.066320 
2.769375 
2.534750 
3.252599 
3.086818 
2.907916 
2.985520 
3.409216 
2.555160 
3.273405 
2.912240 
3.198092 
3.193981 
3.033744 
2.886870 
2.300789 
2.614192 
2.572198 
2.386254 
2.972469 
3.342687 
2.417318 
2.878293 
2.588354 
2.959632 
2.514181 
3.376977 
3.440534 
3.222162 
2.515422 
2.953282 
3.089775 
3.293795 
3.282869 
3.242340 
3.282203 
3.326104 
3.276225 
3.317204 
3.083925 
3.474912 
3.377065 
3.492328 
3.219430 
3.377131 
2.262961 
2.672637 
2.747977 
3.017506 
2.924103 
3.247392 
3.318877 
3.631653 
3.400432 
2.362697 
1.754080 
1.533826 
2.072613 
2.072376 
2.651988 
2.747242 
2.500086 
2.990006 
3.180555 
3.368205 
3.449109 
3.864538 
3.150103 
3.139711 
3.530876 
3.818787 
2.589082 
2.962044 
3.666549 
2.799152 
2.345842 
1.907815 
2.076660 
1.711874 
1.947446 
1.590717 
1.687738 
1.906705 
2.195885 
2.924430 
3.446304 
3.655574 
3.477560 
3.500369 
2.946968 
3.691948 
3.330527 
3.019719 
2.700620 
2.710010 
2.224886 
2.128457 
2.230986 
2.220921 
3.343415 
4.140345 
4.406140 
4.457714 
3.928848 
3.424181 
3.378472 
3.726392 
3.001556 
3.226944 
3.585435 
3.027159 
3.014390 
3.343740 
3.597951 
3.617679 
3.692168 
3.582656 
4.083230 
3.694402 
2.977501 
2.900324 
2.930376 
2.507147 
1.872691 
1.275478 
0.947699 
0.613749 
0.645610 
0.717390 
0.714923 
0.662529 
0.822726 
0.902653 
1.464229 
1.952977 
1.908815 
3.175600 
3.324422 
2.635542 
3.445099 
3.488634 
4.228086 
2.979873 
3.554241 
3.842590 
4.290143 
3.636603 
4.523880 
3.403057 
3.824393 
3.100049 
3.114254 
3.495319 
3.465262 
2.929839 
3.822607 
3.407635 
3.494826 
3.713927 
3.239734 
3.577464 
3.389141 
2.909391 
2.828879 
1.877278 
1.281059 
1.103617 
0.919444 
1.136548 
1.201749 
1.681372 
2.125254 
1.669957 
1.606421 
1.795033 
2.273467 
2.303596 
1.948214 
1.946446 
1.593012 
1.803543 
1.278070 
1.450185 
1.422652 
2.110518 
2.467201 
2.562659 
3.072006 
3.067695 
2.850808 
3.137869 
3.200677 
2.856934 
2.459264 
2.078618 
1.707939 
1.418462 
1.304886 
1.517820 
1.368334 
1.451886 
1.758601 
1.483073 
1.571619 
1.471192 
1.503488 
1.426077 
1.535540 
1.580723 
1.494368 
1.695781 
1.876165 
2.035465 
1.807530 
1.907314 
2.167422 
2.193141 
2.864163 
3.101675 
3.564882 
3.338156 
3.517505 
4.071219 
4.088863 
3.262202 
3.170831 
2.979072 
3.136098 
2.650906 
1.880662 
1.585030 
1.391776 
1.166868 
1.328066 
1.176290 
0.969977 
1.048735 
0.956747 
1.174689 
1.806702 
1.989398 
2.239097 
2.325449 
2.610304 
3.739865 
3.574945 
3.598479 
4.968964 
3.410057 
4.735225 
3.904573 
3.419168 
4.137470 
3.712346 
3.435688 
3.219738 
4.171682 
3.815176 
3.954849 
3.492850 
3.496625 
3.314867 
2.992035 
3.797778 
3.589426 
3.290429 
3.280450 
4.279214 
3.810210 
4.040768 
3.696071 
3.893095 
3.835906 
4.036389 
3.780551 
3.528065 
3.762005 
3.324126 
3.845001 
3.913696 
3.771080 
2.832011 
3.741209 
3.411602 
3.011852 
2.383230 
2.528682 
2.777444 
3.342510 
3.088085 
3.458715 
3.310896 
4.046160 
3.550063 
3.270944 
3.482681 
3.529029 
3.742778 
3.959522 
3.379846 
4.109163 
4.136075 
4.330373 
3.306775 
3.041394 
3.526422 
2.871514 
3.212710 
3.795154 
2.933902 
2.617659 
2.567159 
2.471419 
2.409465 
2.380528 
2.384717 
2.083538 
2.309408 
2.320278 
2.276171 
3.537652 
3.126121 
3.167857 
3.543349 
3.308368 
3.504062 
3.055899 
3.727650 
3.295560 
2.980856 
3.223140 
3.029769 
2.710585 
3.494565 
3.587257 
3.668825 
3.542604 
3.563511 
3.899205 
3.005318 
2.923735 
2.444423 
2.493283 
2.377373 
2.313333 
2.623415 
2.813133 
2.301335 
2.722822 
2.174792 
2.219877 
2.264052 
1.993174 
2.812261 
2.640365 
2.657624 
2.667343 
2.456651 
2.318688 
2.777385 
2.060368 
2.245449 
2.370295 
2.191893 
1.334133 
1.094236 
0.954249 
0.955557 
1.035578 
0.902852 
0.797771 
0.719052 
0.890943 
0.762696 
1.007802 
1.009491 
0.700770 
0.887344 
0.796959 
0.734189 
0.762299 
0.971198 
0.979116 
1.140785 
1.474546 
1.410784 
1.621350 
1.850749 
2.321261 
2.422872 
2.831353 
2.736125 
2.329566 
2.044469 
2.038692 
2.218098 
2.564451 
1.933413 
1.914935 
1.583870 
1.481182 
1.597432 
1.267021 
1.481743 
1.465070 
1.297253 
1.408634 
1.700303 
1.407615 
1.526760 
1.589581 
1.829553 
2.178125 
2.291994 
2.108815 
2.788226 
2.900606 
2.861488 
2.296558 
2.931857 
2.651265 
2.476833 
2.673280 
2.839706 
1.838675 
1.785986 
1.701115 
1.369763 
1.307288 
1.506597 
1.736820 
1.375464 
1.497888 
1.394368 
1.645800 
1.372533 
1.795662 
1.626577 
1.745426 
2.020684 
1.892348 
1.943329 
2.184004 
2.141199 
2.008958 
1.827478 
1.926829 
2.047056 
1.859201 
1.619156 
1.312230 
0.886883 
1.186543 
1.212144 
1.534458 
1.712625 
1.750670 
1.553490 
1.615057 
1.411791 
1.127490 
0.802440 
0.917377 
1.089101 
0.922671 
1.057495 
1.180825 
1.072703 
0.887816 
1.118633 
0.924785 
1.048476 
0.965977 
0.969287 
0.874254 
0.854482 
0.911019 
0.942443 
0.809320 
0.938227 
0.785687 
0.864527 
0.770458 
0.683593 
0.627818 
0.648736 
0.544347 
0.511743 
0.446995 
0.445323 
0.394433 
0.454266 
0.366589 
0.391556 
0.435332 
0.384020 
0.385036 
0.329459 
0.327595 
0.277744 
0.347407 
0.328579 
0.337027 
0.363068 
0.324710 
0.352222 
0.388897 
0.321012 
0.377082 
0.387910 
0.360277 
0.382189 
0.461495 
0.353183 
0.419742 
0.389760 
0.362916 
0.494352 
0.502822 
0.508615 
0.573058 
0.586952 
0.613718 
0.472236 
0.571532 
0.622436 
0.497589 
0.468250 
0.473497 
0.515942 
0.595391 
0.573001 
0.702810 
0.515107 
0.559164 
0.577040 
0.554472 
0.585434 
0.536988 
0.606871 
0.662647 
0.650390 
0.749727 
0.854636 
0.759267 
0.786151 
0.894891 
0.898926 
0.990958 
1.195843 
1.371244 
1.240871 
1.483851 
1.687957 
1.256976 
1.092003 
1.263287 
0.978831 
0.926269 
0.900846 
0.609869 
0.676605 
0.608366 
0.529516 
0.501256 
0.598272 
0.654697 
0.420904 
0.491179 
0.397548 
0.404849 
0.329440 
0.293846 
0.252575 
0.309335 
0.239336 
0.291020 
0.249968 
0.260480 
0.264337 
0.239837 
0.239206 
0.209603 
0.217805 
0.224853 
0.216105 
0.251983 
0.288228 
0.213348 
0.257299 
0.222853 
0.237927 
0.268508 
0.260746 
0.277130 
0.264412 
0.250031 
0.237481 
0.242810 
0.269498 
0.264440 
0.250360 
0.292315 
0.245774 
0.256387 
0.227399 
0.235409 
0.221505 
0.212308 
0.141733 
0.200548 
0.173262 
0.149444 
0.163119 
0.121809 
0.131630 
0.157038 
0.115586 
0.139496 
0.122340 
0.117224 
0.114960 
0.106721 
0.123142 
0.112515 
0.125452 
0.112981 
0.104643 
0.093301 
0.101657 
0.090239 
0.080901 
0.076589 
0.065883 
0.080554 
0.071684 
0.060720 
0.052102 
0.059692 
0.054565 
0.046948 
0.042138 
0.035414 
0.040800 
0.037393 
0.035290 
0.033018 
0.027105 
0.021340 
0.025010 
0.021490 
0.025654 
0.020612 
0.021296 
0.019974 
0.020236 
0.024227 
0.022679 
0.027570 
0.027658 
0.026997 
0.028127 
0.026792 
0.022398 
0.027030 
0.025739 
0.024410 
0.024866 
0.016690 
0.016720 
0.012125 
0.012830 
0.010782 
0.009786 
0.010436 
0.009685 
0.009512 
0.009528 
0.008080 
0.010188 
0.008522 
0.008917 
0.009098 
0.009730 
0.008338 
0.008102 
0.009685 
0.008113 
0.005843 
0.008230 
0.006609 
0.005280 
0.005340 
0.004580 
0.003597 
0.002843 
0.002963 
0.002377 
0.001596 
0.001197 
0.000409 
0.000283 
0.000200 
0.000101 
0.000047 
0.000014 
0.000000 
0.000000 
0.000000 
0.000000 
0.000000 
0.000000 
0.000000 
0.000000 
0.000000 
0.000000 
0.000000 
0.000000 
0.000000 
0.000000 
0.000000 
0.000000 
0.000000 
0.000000 
0.000000 
0.000000 
0.000000 
0.000000 
0.000000 
0.000000 
0.000000 
0.000000 
0.000000 
0.000000 
0.000000 
0.000000 
0.000000 
0.000000 
0.000000 
0.000000 
0.000000 
0.000000 
0.000000 
0.000000 
0.000000 
0.000000 
0.000000 
0.000000 
0.000000 
0.000000 
0.000000 
0.000000 
0.000000 
0.000000 
0.000000 
0.000000 
0.000000 
0.000000 
0.000000 
0.000000 
0.000000 
0.000000 
0.000000 
0.000000 
0.000000 
0.000000 
0.000000 
0.000000 
0.000000 
0.000000 
0.000000 
0.000000 
0.000000 
0.000000 
0.000000 
0.000000 
0.000000 
0.000000 
0.000000 
0.000000 
0.000000 
0.000000 
0.000000 
0.000000 
0.000000 
0.000000 
0.000000 
0.000000 
0.000000 
0.000000 
0.000000 
0.000000 
0.000000 
0.000000 
0.000000 
0.000000 
0.000000 
0.000000 
0.000000 
0.000000 
0.000000 
0.000000 
0.000000 
0.000000 
0.000000 
0.000000 
0.000000 
0.000000 
0.000000 
0.000000 
0.000000 
0.000000 
0.000000 
0.000000 
0.000000 
0.000000 
0.000000 
0.000000 
0.000000 
0.000000 
0.000000 
0.000000 
0.000000 
0.000000 
0.000000 
0.000000 
0.000000 
0.000000 
0.000000 
0.000000 
0.000000 
0.000000 
0.000000 
0.000000 
0.000000 
0.000000 
0.000000 
0.000000 
0.000000 
0.000000 
0.000000 
0.000000 
0.000000 
0.000000 
0.000000 
0.000000 
0.000000 
0.000000 
0.000000 
0.000000 
0.000000 
0.000000 
0.000000 
0.000000 
0.000000 
0.000000 
0.000000 
0.000000 
0.000000 
0.000000 
0.000000 
0.000000 
0.000000 
0.000000 
0.000000 
0.000000 
0.000000 
0.000000 
0.000000 
0.000000 
0.000000 
0.000000 
0.000000 
0.000000 
0.000000 
0.000000 
0.000000 
0.000000 
0.000000 
0.000000 
0.000000 
0.000000 
0.000000 
0.000000 
0.000000 
0.000000 
0.000000 
0.000000 
0.000000 
0.000000 
0.000000 
0.000000 
0.000000 
0.000000 
0.000000 
0.000000 
0.000000 
