0.000000 
0.000000 
0.000000 
0.000000 
0.000000 
0.000000 
0.000000 
0.000000 
0.000000 
0.000000 
0.000000 
0.000000 
0.000000 
0.000000 
0.000000 
0.000000 
0.000000 
0.000000 
0.000000 
0.000000 
0.000000 
0.000000 
0.000000 
0.000000 
0.000000 
0.000000 
0.000000 
0.000000 
0.000000 
0.000000 
0.000000 
0.000000 
0.000000 
0.000000 
0.000000 
0.000000 
0.000000 
0.000000 
0.000000 
0.000000 
0.000000 
0.000000 
0.000000 
0.000000 
0.000000 
0.000000 
0.000000 
0.000000 
0.000000 
0.000000 
0.000000 
0.000000 
0.000000 
0.000000 
0.000000 
0.000000 
0.000000 
0.000000 
0.000000 
0.000000 
0.000000 
0.000000 
0.000000 
0.000000 
0.000000 
0.000000 
0.000000 
0.000000 
0.000000 
0.000000 
0.000000 
0.000000 
0.000000 
0.000000 
0.000000 
0.000000 
0.000000 
0.000000 
0.000000 
0.000000 
0.000000 
0.000000 
0.000000 
0.000000 
0.000000 
0.000000 
0.000000 
0.000000 
0.000000 
0.000000 
0.000000 
0.000000 
0.000000 
0.000000 
0.000000 
0.000000 
0.000000 
0.000000 
0.000000 
0.000000 
0.000000 
0.000000 
0.000000 
0.000000 
0.000000 
0.000000 
0.000000 
0.000000 
0.000000 
0.000000 
0.000000 
0.000000 
0.000000 
0.000000 
0.000000 
0.000000 
0.000000 
0.000000 
0.000000 
0.000000 
0.000000 
0.000000 
0.000000 
0.000000 
0.000000 
0.000000 
0.000000 
0.000000 
0.000000 
0.000000 
0.000000 
0.000000 
0.000000 
0.000000 
0.000000 
0.000000 
0.000000 
0.000000 
0.000000 
0.000000 
0.000000 
0.000000 
0.000000 
0.000000 
0.000000 
0.000000 
0.000000 
0.000000 
0.000000 
0.000000 
0.000000 
0.000000 
0.000000 
0.000000 
0.000000 
0.000000 
0.000000 
0.000000 
0.000000 
0.000000 
0.000000 
0.000000 
0.000000 
0.000000 
0.000000 
0.000000 
0.000000 
0.000000 
0.000000 
0.000000 
0.000000 
0.000000 
0.000000 
0.000000 
0.000000 
0.000000 
0.000000 
0.000000 
0.000000 
0.000000 
0.000000 
0.000000 
0.000000 
0.000000 
0.000000 
0.000000 
0.000000 
0.000000 
0.000000 
0.000000 
0.000000 
0.000000 
0.000000 
0.000000 
0.000000 
0.000000 
0.000000 
0.000000 
0.000000 
0.000000 
0.000000 
0.000000 
0.000000 
0.000000 
0.000000 
0.000000 
0.000000 
0.000000 
0.000000 
0.000000 
0.000000 
0.000000 
0.000000 
0.000000 
0.000000 
0.000000 
0.000000 
0.000000 
0.000000 
0.000000 
0.000000 
0.000000 
0.000000 
0.000000 
0.000000 
0.000064 
0.000280 
0.000526 
0.000822 
0.001210 
0.001774 
0.002136 
0.003346 
0.003971 
0.004386 
0.005869 
0.006888 
0.009637 
0.010374 
0.011394 
0.014012 
0.018593 
0.026863 
0.023328 
0.029420 
0.026493 
0.033579 
0.033773 
0.039165 
0.042262 
0.037220 
0.042414 
0.041389 
0.038840 
0.039566 
0.039559 
0.039378 
0.042650 
0.042026 
0.043845 
0.039032 
0.039167 
0.035767 
0.044935 
0.040458 
0.034096 
0.048556 
0.047531 
0.056916 
0.055884 
0.058008 
0.060552 
0.059384 
0.078439 
0.060750 
0.067188 
0.075993 
0.085014 
0.079422 
0.078414 
0.091639 
0.080202 
0.090826 
0.085362 
0.095333 
0.096559 
0.090684 
0.101350 
0.113504 
0.100350 
0.112341 
0.126999 
0.104501 
0.110270 
0.116539 
0.102821 
0.130184 
0.106179 
0.095452 
0.102692 
0.113271 
0.120187 
0.108383 
0.128093 
0.137254 
0.120690 
0.124501 
0.157137 
0.142022 
0.154093 
0.161820 
0.133924 
0.172926 
0.142076 
0.136610 
0.189635 
0.153031 
0.143346 
0.151048 
0.176752 
0.171184 
0.174233 
0.198385 
0.165632 
0.223017 
0.218100 
0.223995 
0.190652 
0.217000 
0.257318 
0.283199 
0.282851 
0.342864 
0.366977 
0.407843 
0.362774 
0.392643 
0.398488 
0.395257 
0.359740 
0.403188 
0.383100 
0.466427 
0.330704 
0.377029 
0.349931 
0.393640 
0.431696 
0.382204 
0.380411 
0.449391 
0.490043 
0.501361 
0.502386 
0.520466 
0.502801 
0.378763 
0.501948 
0.500418 
0.526126 
0.498093 
0.593319 
0.715618 
0.726642 
0.689588 
0.610631 
0.929661 
0.738384 
0.762689 
0.788540 
0.882089 
1.040567 
1.173582 
1.408683 
1.212150 
1.350141 
1.301830 
1.051976 
1.057873 
1.140870 
0.928647 
0.973297 
0.886212 
1.044514 
0.872352 
0.772506 
0.998395 
1.069502 
1.089947 
1.116918 
1.005566 
1.016890 
0.927660 
0.907838 
0.963094 
0.935938 
0.947050 
0.802073 
0.910755 
0.836549 
1.123331 
1.141551 
1.157131 
1.371920 
1.289530 
1.254901 
1.224572 
1.069859 
1.014152 
1.522542 
1.172116 
1.041813 
1.125065 
1.038230 
0.951245 
0.969311 
1.154088 
1.184662 
1.303212 
1.223468 
1.384200 
1.414527 
1.767749 
1.168175 
1.567333 
1.659204 
1.688079 
1.755804 
1.652943 
1.392393 
1.396057 
1.624110 
1.551641 
1.776719 
1.696413 
1.588188 
1.890476 
1.858832 
1.805868 
1.835671 
1.891298 
1.717486 
2.149458 
2.233325 
2.064523 
2.273485 
1.857408 
2.249010 
2.320677 
2.193948 
1.782522 
1.896950 
2.585400 
2.086343 
2.555831 
2.373543 
2.047426 
1.989986 
2.494627 
2.424105 
2.446416 
2.412177 
2.339483 
1.748592 
1.794784 
1.619720 
1.622720 
1.156329 
0.934001 
0.805927 
0.851193 
1.057050 
1.683541 
1.873375 
2.171085 
2.420541 
1.986473 
2.034199 
2.234158 
2.191176 
2.435019 
1.767935 
2.030803 
2.259302 
2.671851 
2.496921 
2.297562 
2.064172 
2.342976 
2.588798 
2.456020 
2.385728 
2.589245 
2.261946 
2.379853 
2.242375 
2.403326 
2.680437 
2.258657 
2.556296 
2.106690 
2.629608 
1.970110 
1.843656 
2.001052 
1.784501 
2.540986 
2.105340 
2.574663 
2.651914 
2.132104 
2.398143 
1.525910 
1.500841 
1.005945 
0.930374 
0.649027 
0.612840 
0.454134 
0.391448 
0.469975 
0.691521 
1.306022 
1.327098 
1.773262 
2.274120 
2.075903 
2.290915 
2.743074 
2.411535 
2.502944 
2.183787 
2.496905 
2.913422 
2.885225 
2.634049 
3.066656 
2.593127 
2.857658 
3.089103 
2.567914 
2.476483 
2.618969 
2.600119 
3.275014 
2.649982 
2.587567 
2.720427 
3.077590 
2.630639 
3.187032 
3.398047 
2.609148 
2.715971 
2.716708 
2.882645 
3.078348 
2.620718 
2.603512 
3.375317 
2.669364 
2.717084 
2.517949 
3.116149 
2.845666 
2.765017 
3.550530 
2.590882 
2.898251 
3.209221 
2.796239 
3.146869 
3.777531 
3.514898 
3.384065 
3.368246 
3.225269 
3.033154 
2.804908 
2.951120 
3.251943 
3.118330 
3.433519 
2.719703 
3.147192 
2.868146 
3.942591 
3.305964 
3.044156 
3.178041 
3.388642 
2.989697 
3.724446 
3.328564 
4.153111 
3.887451 
2.885557 
2.666911 
2.179543 
2.270870 
2.089957 
1.871665 
2.774702 
2.195895 
2.612048 
2.961748 
3.235597 
3.444457 
3.623036 
3.576050 
4.203664 
3.481062 
3.045025 
2.967726 
3.224667 
2.974184 
3.051245 
2.541474 
2.017691 
2.425146 
2.122287 
2.056817 
1.848315 
1.439061 
1.619436 
1.844661 
2.458244 
2.970057 
3.232260 
3.774744 
3.826954 
2.929001 
3.681557 
3.234878 
3.414609 
3.507074 
3.043266 
2.968564 
2.120024 
2.129235 
2.158870 
2.823963 
3.739667 
3.629353 
4.499183 
3.174096 
3.648925 
3.399163 
3.483710 
3.495088 
3.357646 
3.399694 
3.097330 
3.686521 
3.234782 
2.848098 
3.099315 
3.248550 
3.806858 
3.905197 
3.434661 
3.103815 
2.905392 
2.653058 
2.651133 
2.084662 
1.820434 
1.439537 
0.860224 
0.777772 
0.759954 
0.766873 
0.670662 
0.724006 
0.708682 
1.011815 
1.481825 
1.915837 
2.975646 
3.435112 
3.338135 
3.251690 
3.690382 
3.519635 
3.300489 
3.518417 
2.893476 
3.621211 
3.437075 
3.915984 
4.103225 
3.761816 
3.360919 
3.358725 
3.969430 
4.459745 
4.385177 
3.847689 
3.219454 
3.834957 
4.323719 
3.137371 
4.071016 
3.762767 
4.156791 
2.898022 
2.283573 
1.837559 
1.269938 
0.951951 
0.874926 
1.193291 
1.221181 
1.398002 
1.513590 
1.683974 
1.968878 
1.829863 
2.148318 
2.140513 
2.241936 
2.015542 
1.820152 
1.609177 
1.188650 
1.344053 
1.430685 
1.774190 
2.464415 
2.757794 
2.362951 
2.619512 
2.262552 
3.025384 
2.949186 
2.786937 
2.674870 
2.017976 
1.648795 
1.553532 
1.336188 
1.667716 
1.590546 
1.506183 
1.461116 
1.408088 
1.591081 
1.458770 
1.335205 
1.455768 
1.220268 
1.747678 
1.371509 
1.379128 
1.546940 
2.087183 
1.671889 
2.143903 
1.971790 
2.059405 
2.595924 
2.999996 
3.613465 
3.941246 
3.640125 
3.275746 
3.506640 
3.497882 
2.846092 
3.526191 
2.370581 
3.247138 
1.981631 
1.679935 
1.188282 
1.231450 
1.221041 
0.867900 
1.014155 
1.009767 
1.132795 
1.493533 
1.287415 
2.040048 
2.483792 
2.519255 
3.358005 
3.535614 
3.327313 
3.376143 
3.543909 
4.045547 
4.528583 
4.545805 
3.906066 
3.729427 
3.641498 
4.163372 
3.077516 
3.314764 
4.079149 
3.954372 
3.912954 
3.279143 
3.977717 
3.919693 
4.404921 
3.369784 
3.744618 
3.162943 
3.838072 
3.381102 
3.667779 
3.061504 
3.596978 
3.905143 
4.299953 
3.585358 
3.872948 
3.119214 
3.598175 
3.400069 
4.333465 
3.215348 
3.863278 
3.867507 
3.626571 
2.992754 
2.694172 
2.070444 
2.511023 
3.081877 
3.647591 
3.907122 
3.087806 
3.274149 
3.060461 
4.162084 
3.390554 
3.342441 
3.731231 
3.659543 
2.873323 
3.253908 
3.204650 
3.025348 
2.735759 
3.356496 
3.708585 
3.758421 
3.223083 
3.773203 
2.948135 
2.684017 
2.655480 
2.524992 
2.276545 
2.285594 
2.196785 
2.114469 
1.831049 
2.425957 
3.160946 
2.831288 
2.955579 
3.343922 
3.494633 
4.258282 
3.483524 
2.945534 
4.058814 
3.989205 
3.213275 
2.756079 
3.477548 
3.059170 
2.889978 
3.514023 
2.972901 
3.687060 
3.142500 
2.642603 
2.697779 
2.477284 
2.936047 
2.367990 
2.412272 
2.502953 
2.526375 
3.087048 
2.807635 
2.738227 
2.636415 
2.199204 
1.788490 
2.449548 
2.204313 
2.782313 
3.076881 
2.801755 
2.945387 
2.327573 
2.636448 
3.137543 
2.651403 
2.677653 
1.860736 
1.640270 
1.111306 
1.060726 
0.815856 
0.988565 
0.966275 
0.846556 
0.586868 
0.836443 
0.881944 
0.875718 
0.847243 
0.681977 
0.767553 
0.802770 
0.863544 
0.985285 
0.904495 
1.110048 
1.084416 
1.340539 
1.633724 
1.720348 
2.041975 
2.166222 
2.702863 
2.669005 
3.112413 
2.884180 
2.626379 
2.247264 
2.044603 
1.859283 
1.788553 
1.819134 
1.622016 
1.728754 
1.707484 
1.671251 
1.315239 
1.473745 
1.676865 
1.410721 
1.408153 
1.184182 
1.323421 
1.662069 
1.933398 
1.753744 
2.218722 
2.735996 
2.708698 
1.832688 
3.325857 
2.816020 
2.848582 
1.954875 
2.356819 
2.688739 
2.157130 
1.879758 
1.608462 
1.610099 
2.057777 
1.473498 
1.605622 
1.385284 
1.779532 
1.709411 
1.464543 
1.614529 
1.797636 
1.547340 
1.877953 
1.753814 
1.822155 
1.625764 
2.069879 
1.893638 
1.905523 
1.928263 
2.199382 
1.991262 
1.923346 
1.595022 
1.490577 
1.313039 
1.126418 
1.287052 
1.236781 
1.597119 
1.747825 
1.757664 
1.849600 
1.520430 
1.121151 
1.053021 
0.888837 
0.828363 
0.905532 
0.949825 
1.122786 
1.175507 
0.855650 
1.089112 
1.137714 
0.843432 
1.031202 
0.820815 
1.091080 
1.126695 
0.954530 
0.958573 
0.823713 
0.906864 
0.950092 
0.856696 
0.817658 
0.764420 
0.693343 
0.755549 
0.566630 
0.580516 
0.619365 
0.494629 
0.483937 
0.385828 
0.423799 
0.430741 
0.347648 
0.416769 
0.367596 
0.365509 
0.415649 
0.419164 
0.330296 
0.308776 
0.344263 
0.323764 
0.372001 
0.347574 
0.347854 
0.292097 
0.376432 
0.412712 
0.354173 
0.300565 
0.382526 
0.397939 
0.408192 
0.441145 
0.404330 
0.368970 
0.514102 
0.452969 
0.474124 
0.449289 
0.482887 
0.555013 
0.507836 
0.505010 
0.599019 
0.507562 
0.645286 
0.566519 
0.664704 
0.474643 
0.674182 
0.586314 
0.556135 
0.550624 
0.612898 
0.557103 
0.574575 
0.553179 
0.527308 
0.674734 
0.836418 
0.795629 
0.742152 
0.698637 
0.607271 
0.714006 
0.811583 
0.942929 
0.932898 
1.298397 
1.426164 
1.080950 
1.307435 
1.128457 
1.434950 
1.208624 
0.901030 
0.952776 
0.801934 
0.709574 
0.539263 
0.484489 
0.531434 
0.504880 
0.573295 
0.520009 
0.451126 
0.523846 
0.428096 
0.379958 
0.301192 
0.273070 
0.279347 
0.282432 
0.271188 
0.207182 
0.266587 
0.235817 
0.227647 
0.205531 
0.227548 
0.244874 
0.231629 
0.235654 
0.263480 
0.271683 
0.210544 
0.246750 
0.230393 
0.257674 
0.217268 
0.239219 
0.254895 
0.231189 
0.263862 
0.248318 
0.225219 
0.263756 
0.253555 
0.308687 
0.277506 
0.267607 
0.276046 
0.258404 
0.278701 
0.220070 
0.230268 
0.196912 
0.195868 
0.200054 
0.175230 
0.154866 
0.135000 
0.140979 
0.136692 
0.126197 
0.122029 
0.115759 
0.112914 
0.098250 
0.109190 
0.114736 
0.118424 
0.110197 
0.119225 
0.110674 
0.113852 
0.097992 
0.104958 
0.089265 
0.068663 
0.080960 
0.080438 
0.086111 
0.071668 
0.062463 
0.048513 
0.056862 
0.053421 
0.040254 
0.045290 
0.047545 
0.037081 
0.038997 
0.026519 
0.028138 
0.024893 
0.025590 
0.023877 
0.028853 
0.024303 
0.023248 
0.022126 
0.018869 
0.024201 
0.024862 
0.024756 
0.025478 
0.023695 
0.022749 
0.025493 
0.022604 
0.026716 
0.027314 
0.024184 
0.023459 
0.022342 
0.018992 
0.013359 
0.012841 
0.012978 
0.012141 
0.010215 
0.009202 
0.008889 
0.009110 
0.009856 
0.007295 
0.009660 
0.009923 
0.008996 
0.009133 
0.008999 
0.008739 
0.006666 
0.010039 
0.009296 
0.007268 
0.006892 
0.005484 
0.005611 
0.004743 
0.005116 
0.004249 
0.003116 
0.002502 
0.002493 
0.001692 
0.000915 
0.000462 
0.000296 
0.000203 
0.000086 
0.000053 
0.000011 
0.000000 
0.000000 
0.000000 
0.000000 
0.000000 
0.000000 
0.000000 
0.000000 
0.000000 
0.000000 
0.000000 
0.000000 
0.000000 
0.000000 
0.000000 
0.000000 
0.000000 
0.000000 
0.000000 
0.000000 
0.000000 
0.000000 
0.000000 
0.000000 
0.000000 
0.000000 
0.000000 
0.000000 
0.000000 
0.000000 
0.000000 
0.000000 
0.000000 
0.000000 
0.000000 
0.000000 
0.000000 
0.000000 
0.000000 
0.000000 
0.000000 
0.000000 
0.000000 
0.000000 
0.000000 
0.000000 
0.000000 
0.000000 
0.000000 
0.000000 
0.000000 
0.000000 
0.000000 
0.000000 
0.000000 
0.000000 
0.000000 
0.000000 
0.000000 
0.000000 
0.000000 
0.000000 
0.000000 
0.000000 
0.000000 
0.000000 
0.000000 
0.000000 
0.000000 
0.000000 
0.000000 
0.000000 
0.000000 
0.000000 
0.000000 
0.000000 
0.000000 
0.000000 
0.000000 
0.000000 
0.000000 
0.000000 
0.000000 
0.000000 
0.000000 
0.000000 
0.000000 
0.000000 
0.000000 
0.000000 
0.000000 
0.000000 
0.000000 
0.000000 
0.000000 
0.000000 
0.000000 
0.000000 
0.000000 
0.000000 
0.000000 
0.000000 
0.000000 
0.000000 
0.000000 
0.000000 
0.000000 
0.000000 
0.000000 
0.000000 
0.000000 
0.000000 
0.000000 
0.000000 
0.000000 
0.000000 
0.000000 
0.000000 
0.000000 
0.000000 
0.000000 
0.000000 
0.000000 
0.000000 
0.000000 
0.000000 
0.000000 
0.000000 
0.000000 
0.000000 
0.000000 
0.000000 
0.000000 
0.000000 
0.000000 
0.000000 
0.000000 
0.000000 
0.000000 
0.000000 
0.000000 
0.000000 
0.000000 
0.000000 
0.000000 
0.000000 
0.000000 
0.000000 
0.000000 
0.000000 
0.000000 
0.000000 
0.000000 
0.000000 
0.000000 
0.000000 
0.000000 
0.000000 
0.000000 
0.000000 
0.000000 
0.000000 
0.000000 
0.000000 
0.000000 
0.000000 
0.000000 
0.000000 
0.000000 
0.000000 
0.000000 
0.000000 
0.000000 
0.000000 
0.000000 
0.000000 
0.000000 
0.000000 
0.000000 
0.000000 
0.000000 
0.000000 
0.000000 
0.000000 
0.000000 
0.000000 
0.000000 
0.000000 
0.000000 
0.000000 
0.000000 
