0.000000 
0.000000 
0.000000 
0.000000 
0.000000 
0.000000 
0.000000 
0.000000 
0.000000 
0.000000 
0.000000 
0.000000 
0.000000 
0.000000 
0.000000 
0.000000 
0.000000 
0.000000 
0.000000 
0.000000 
0.000000 
0.000000 
0.000000 
0.000000 
0.000000 
0.000000 
0.000000 
0.000000 
0.000000 
0.000000 
0.000000 
0.000000 
0.000000 
0.000000 
0.000000 
0.000000 
0.000000 
0.000000 
0.000000 
0.000000 
0.000000 
0.000000 
0.000000 
0.000000 
0.000000 
0.000000 
0.000000 
0.000000 
0.000000 
0.000000 
0.000000 
0.000000 
0.000000 
0.000000 
0.000000 
0.000000 
0.000000 
0.000000 
0.000000 
0.000000 
0.000000 
0.000000 
0.000000 
0.000000 
0.000000 
0.000000 
0.000000 
0.000000 
0.000000 
0.000000 
0.000000 
0.000000 
0.000000 
0.000000 
0.000000 
0.000000 
0.000000 
0.000000 
0.000000 
0.000000 
0.000000 
0.000000 
0.000000 
0.000000 
0.000000 
0.000000 
0.000000 
0.000000 
0.000000 
0.000000 
0.000000 
0.000000 
0.000000 
0.000000 
0.000000 
0.000000 
0.000000 
0.000000 
0.000000 
0.000000 
0.000000 
0.000000 
0.000000 
0.000000 
0.000000 
0.000000 
0.000000 
0.000000 
0.000000 
0.000000 
0.000000 
0.000000 
0.000000 
0.000000 
0.000000 
0.000000 
0.000000 
0.000000 
0.000000 
0.000000 
0.000000 
0.000000 
0.000000 
0.000000 
0.000000 
0.000000 
0.000000 
0.000000 
0.000000 
0.000000 
0.000000 
0.000000 
0.000000 
0.000000 
0.000000 
0.000000 
0.000000 
0.000000 
0.000000 
0.000000 
0.000000 
0.000000 
0.000000 
0.000000 
0.000000 
0.000000 
0.000000 
0.000000 
0.000000 
0.000000 
0.000000 
0.000000 
0.000000 
0.000000 
0.000000 
0.000000 
0.000000 
0.000000 
0.000000 
0.000000 
0.000000 
0.000000 
0.000000 
0.000000 
0.000000 
0.000000 
0.000000 
0.000000 
0.000000 
0.000000 
0.000000 
0.000000 
0.000000 
0.000000 
0.000000 
0.000000 
0.000000 
0.000000 
0.000000 
0.000000 
0.000000 
0.000000 
0.000000 
0.000000 
0.000000 
0.000000 
0.000000 
0.000000 
0.000000 
0.000000 
0.000000 
0.000000 
0.000000 
0.000000 
0.000000 
0.000000 
0.000000 
0.000000 
0.000000 
0.000000 
0.000000 
0.000000 
0.000000 
0.000000 
0.000000 
0.000000 
0.000000 
0.000000 
0.000000 
0.000000 
0.000000 
0.000000 
0.000000 
0.000000 
0.000000 
0.000000 
0.000000 
0.000000 
0.000000 
0.000000 
0.000000 
0.000000 
0.000000 
0.000000 
0.000000 
0.000066 
0.000305 
0.000557 
0.000862 
0.001182 
0.001567 
0.002540 
0.002727 
0.004039 
0.004814 
0.005729 
0.006476 
0.008114 
0.012171 
0.010920 
0.015513 
0.017186 
0.023471 
0.024437 
0.027866 
0.027420 
0.034064 
0.037736 
0.038315 
0.038964 
0.037646 
0.044612 
0.035853 
0.036880 
0.040494 
0.032814 
0.039825 
0.040891 
0.043915 
0.038792 
0.030497 
0.044133 
0.044094 
0.032412 
0.039835 
0.036633 
0.043819 
0.046279 
0.048129 
0.058401 
0.044646 
0.054961 
0.069139 
0.067480 
0.069833 
0.083837 
0.080427 
0.090811 
0.077482 
0.092723 
0.092682 
0.069553 
0.081784 
0.084355 
0.098685 
0.081829 
0.105763 
0.095004 
0.096449 
0.101661 
0.114894 
0.104385 
0.114810 
0.097475 
0.123542 
0.117482 
0.131973 
0.137572 
0.127794 
0.127392 
0.118572 
0.096085 
0.141770 
0.128091 
0.143230 
0.115051 
0.144991 
0.129018 
0.130029 
0.118590 
0.137204 
0.143333 
0.138574 
0.105959 
0.148310 
0.148331 
0.164349 
0.183682 
0.175567 
0.166466 
0.195149 
0.146727 
0.206465 
0.179452 
0.207138 
0.165870 
0.226445 
0.215001 
0.200810 
0.311327 
0.297077 
0.324419 
0.330410 
0.383952 
0.380892 
0.369887 
0.456720 
0.425619 
0.374083 
0.412586 
0.418142 
0.464312 
0.384489 
0.323304 
0.310453 
0.306987 
0.329156 
0.339312 
0.411185 
0.403518 
0.389717 
0.500506 
0.438435 
0.501950 
0.508138 
0.527037 
0.447496 
0.560759 
0.425269 
0.615832 
0.560616 
0.698726 
0.663057 
0.770580 
0.623385 
0.786273 
0.769509 
0.967381 
0.728036 
0.705860 
0.914452 
1.059712 
1.008737 
1.161667 
1.379810 
1.235283 
1.218343 
1.374617 
1.012065 
1.145249 
1.177518 
0.951810 
1.167419 
1.048579 
0.987817 
1.162586 
0.981063 
0.995822 
1.044564 
0.958508 
0.930306 
1.065150 
0.901542 
0.815885 
0.958116 
1.003480 
0.919269 
1.019206 
0.859383 
0.866374 
0.753383 
0.903442 
1.236360 
1.145715 
1.133377 
1.199319 
1.112159 
1.210914 
1.092404 
1.333158 
1.083947 
1.074431 
1.074275 
0.969680 
0.989294 
1.034040 
0.925170 
1.079648 
1.168913 
1.116221 
1.331337 
1.259329 
1.670482 
1.766204 
1.570734 
1.472383 
1.563601 
1.433344 
1.196948 
1.612553 
1.572744 
1.467860 
1.674367 
1.793083 
1.864030 
1.831520 
1.788551 
1.733684 
2.076218 
1.799697 
1.929751 
1.678036 
2.066593 
1.894640 
2.103040 
1.977964 
1.967123 
2.251754 
2.794139 
2.372791 
2.054040 
2.256712 
2.265076 
2.322465 
2.393603 
2.171031 
2.683255 
2.281664 
2.391960 
2.195326 
1.777485 
2.063694 
2.126768 
1.794748 
1.809221 
1.601391 
1.482956 
0.961281 
0.878237 
0.756601 
0.829135 
1.198764 
1.413949 
1.858548 
1.837960 
1.818762 
2.349522 
2.129529 
1.984217 
2.274993 
2.418767 
2.605184 
2.335347 
1.850141 
2.031965 
2.304586 
1.896609 
2.232959 
2.125452 
2.595012 
1.841373 
2.467616 
2.153108 
2.046709 
2.464746 
2.271976 
2.798224 
2.121893 
2.308738 
2.370848 
2.503706 
2.049121 
2.050604 
1.952680 
2.156402 
2.274604 
2.286044 
2.187904 
2.343736 
2.511051 
2.839265 
2.234922 
1.768115 
1.270679 
0.979963 
0.916876 
0.841099 
0.459033 
0.441847 
0.419172 
0.513298 
0.869887 
0.927405 
1.474129 
1.481619 
1.500794 
2.031803 
2.043819 
2.563523 
2.575216 
2.519453 
2.503805 
2.425410 
3.104539 
2.921194 
2.589805 
2.756917 
2.921717 
2.921957 
2.887194 
2.713700 
2.718123 
3.146609 
3.302499 
2.423977 
2.755715 
3.035947 
2.701716 
2.893650 
2.645870 
2.608098 
2.639878 
2.648497 
2.891872 
2.254009 
3.143866 
2.905238 
3.234945 
3.434551 
3.028063 
3.076011 
2.867772 
3.287587 
3.079722 
2.920834 
3.011454 
2.876873 
3.192032 
2.984187 
2.774586 
3.079890 
2.888046 
3.011998 
3.269426 
3.146881 
2.751537 
2.696132 
3.165574 
2.982584 
3.552594 
3.145862 
3.337152 
2.944919 
3.232832 
3.025927 
2.642482 
3.215083 
3.287858 
2.790857 
2.965634 
3.132791 
3.465878 
3.303171 
3.500025 
3.853568 
3.284266 
3.392151 
2.511144 
2.190558 
1.781771 
1.872907 
1.918097 
2.221584 
2.379381 
2.673882 
3.020749 
3.019193 
3.214655 
3.827983 
2.546173 
3.129409 
3.644512 
3.247436 
3.802621 
2.695758 
3.056425 
2.539774 
2.234407 
2.399985 
1.999393 
2.167796 
1.928513 
1.689923 
1.673571 
1.690223 
1.608112 
2.540807 
3.032647 
3.386661 
3.916038 
3.262233 
3.663973 
3.591069 
3.515427 
3.065635 
2.810490 
2.830646 
2.781097 
2.257309 
2.110925 
2.205851 
2.429265 
3.137734 
3.547425 
4.118173 
3.781589 
4.092402 
4.435508 
3.827653 
3.457866 
3.747720 
3.381471 
3.393779 
2.876903 
3.285827 
3.187252 
3.239143 
3.855519 
3.751211 
3.006731 
3.920813 
3.233865 
3.546899 
3.250270 
2.518541 
1.833341 
1.509906 
1.415475 
0.889153 
0.850492 
0.697560 
0.734472 
0.661625 
0.684938 
0.660784 
0.987747 
1.412916 
1.733929 
2.701486 
2.325679 
2.798224 
3.390364 
3.847758 
3.617277 
3.497323 
3.339602 
3.932046 
3.559443 
3.840405 
3.396851 
4.055601 
3.497256 
4.024104 
4.059959 
3.777680 
4.201200 
3.780185 
3.828687 
4.001004 
3.939761 
4.091520 
3.878747 
3.014310 
3.819080 
3.606960 
3.826005 
2.493670 
1.628554 
1.092024 
1.128817 
1.105992 
1.109782 
1.149527 
1.536067 
1.473413 
1.985977 
2.175189 
1.884582 
2.130588 
2.282963 
2.431187 
2.172192 
1.738933 
1.218510 
1.349355 
1.430160 
1.744206 
2.119490 
2.352388 
2.307906 
3.086051 
2.977012 
2.901613 
2.959560 
2.940728 
3.157765 
2.243831 
1.884413 
1.521566 
1.029917 
1.411575 
1.378258 
1.504291 
1.540391 
1.763657 
1.563400 
1.536007 
1.453468 
1.536666 
1.463528 
1.451146 
1.215616 
1.590830 
1.598496 
1.787771 
1.603360 
1.906568 
2.373402 
2.128599 
2.206846 
2.806858 
2.873224 
3.527627 
3.742456 
2.661704 
3.854965 
4.171052 
3.450537 
3.384430 
3.330807 
2.889846 
2.423043 
2.211837 
1.522931 
1.383637 
1.232131 
0.951395 
1.161939 
0.957442 
1.178336 
1.089525 
1.273630 
1.686337 
1.664848 
1.937633 
3.108612 
3.616589 
3.098720 
3.815992 
3.541943 
3.988627 
3.913559 
3.772611 
3.804688 
3.827936 
3.656967 
4.389321 
3.330855 
3.173532 
4.272466 
3.989734 
3.335110 
3.626496 
3.378753 
3.275359 
3.784244 
2.981199 
3.525227 
3.583340 
3.668997 
3.166403 
3.234199 
4.023395 
3.451291 
4.143691 
4.336840 
3.574879 
3.678081 
3.733001 
4.068792 
3.934761 
3.423629 
3.457217 
3.944462 
2.957033 
3.152721 
3.041953 
2.462554 
3.114154 
3.056616 
2.843856 
2.951567 
3.290243 
3.902315 
4.014059 
3.750157 
3.943420 
3.605735 
3.177741 
3.207716 
3.111266 
3.418442 
3.430368 
3.529704 
3.389296 
3.359233 
3.425815 
3.425505 
3.833036 
3.225464 
3.558661 
2.570400 
3.408578 
2.791388 
2.319172 
2.636427 
2.110068 
2.119791 
2.104552 
2.027264 
2.025476 
2.776572 
2.218617 
3.278095 
3.250334 
3.313162 
4.200628 
3.716701 
3.767913 
3.560581 
3.468694 
3.278190 
3.551604 
2.963118 
2.931463 
2.436589 
3.046337 
3.468793 
3.541672 
3.536769 
3.669549 
3.039471 
3.076956 
2.622937 
2.472863 
2.642164 
2.498649 
2.522795 
2.253528 
2.779849 
2.848460 
2.130812 
2.413561 
2.274915 
2.226417 
2.456193 
2.169247 
2.118063 
2.445224 
2.871782 
3.523798 
2.554094 
2.793076 
2.233783 
2.349053 
2.441772 
2.280617 
1.844911 
1.406647 
0.951706 
0.718915 
0.932274 
0.721515 
0.921755 
0.772351 
0.807116 
0.742250 
0.762910 
0.880564 
0.684329 
0.710370 
0.790230 
0.779896 
0.921544 
0.874814 
1.021519 
1.156309 
1.460643 
1.565713 
1.857257 
2.013330 
2.524435 
2.397366 
2.080392 
2.844384 
2.537136 
2.087279 
2.322576 
2.217395 
2.678684 
2.020285 
1.914719 
1.827164 
1.423067 
1.635284 
1.576655 
1.516495 
1.678794 
1.171546 
1.526988 
1.388368 
1.487391 
1.596019 
1.472609 
1.711230 
1.850209 
2.233370 
2.515130 
2.284755 
2.493305 
2.462932 
2.629979 
2.503954 
3.143352 
2.897458 
2.621091 
2.334794 
2.017732 
1.737301 
1.688758 
1.666342 
1.661826 
1.508307 
1.578972 
1.360868 
1.697528 
1.783240 
1.231917 
1.399468 
1.629469 
1.899865 
1.814469 
2.158173 
1.613368 
2.003914 
2.037813 
1.874360 
2.174222 
2.087362 
1.971552 
2.188100 
1.671018 
1.700783 
1.425576 
1.259172 
1.406814 
1.466460 
1.507458 
1.620730 
1.858337 
1.723626 
1.288851 
1.275476 
1.017298 
0.658115 
0.816177 
0.933850 
1.116031 
1.017211 
1.081067 
1.119752 
1.015888 
0.966967 
1.209160 
1.140042 
1.128695 
1.254916 
1.158718 
0.938499 
0.752261 
0.924095 
0.857532 
0.826540 
0.773002 
0.765222 
0.677405 
0.649051 
0.537352 
0.552637 
0.644895 
0.482167 
0.510162 
0.604751 
0.462126 
0.424847 
0.430011 
0.371808 
0.395749 
0.419153 
0.363574 
0.354099 
0.344681 
0.321409 
0.364210 
0.278002 
0.310740 
0.305041 
0.374665 
0.306955 
0.349533 
0.372041 
0.350885 
0.394892 
0.352971 
0.380984 
0.373302 
0.428105 
0.440996 
0.485711 
0.392056 
0.502593 
0.458545 
0.492787 
0.437315 
0.497022 
0.541106 
0.551563 
0.684974 
0.578846 
0.567486 
0.558846 
0.564523 
0.527463 
0.638157 
0.579659 
0.628460 
0.580818 
0.612206 
0.597900 
0.569424 
0.567933 
0.537611 
0.631401 
0.614617 
0.821435 
0.691857 
0.636191 
0.729869 
0.763477 
0.740917 
0.917559 
0.960047 
1.058650 
1.303493 
1.241746 
1.301123 
1.256549 
1.189170 
1.176599 
1.252211 
1.001434 
0.985329 
0.817991 
0.633020 
0.624328 
0.629177 
0.553808 
0.585459 
0.629599 
0.596591 
0.457778 
0.387828 
0.435803 
0.382565 
0.315830 
0.322873 
0.258001 
0.250193 
0.282843 
0.252863 
0.220079 
0.212211 
0.225346 
0.247527 
0.257999 
0.254725 
0.274184 
0.208453 
0.261365 
0.220900 
0.232704 
0.239514 
0.216186 
0.277786 
0.233914 
0.267506 
0.231088 
0.229240 
0.238922 
0.239401 
0.236170 
0.294588 
0.263878 
0.185385 
0.293035 
0.260412 
0.272773 
0.246219 
0.270817 
0.274863 
0.228338 
0.217020 
0.198635 
0.149685 
0.177843 
0.160488 
0.147224 
0.143527 
0.131374 
0.121567 
0.130460 
0.130399 
0.127732 
0.117443 
0.112262 
0.116488 
0.104707 
0.107682 
0.112691 
0.119017 
0.089799 
0.086505 
0.082085 
0.101750 
0.075399 
0.080632 
0.068725 
0.067068 
0.067014 
0.050843 
0.060762 
0.044776 
0.048160 
0.054798 
0.044244 
0.039561 
0.046807 
0.030321 
0.032753 
0.031136 
0.028457 
0.024605 
0.024215 
0.025812 
0.025257 
0.025709 
0.024036 
0.020839 
0.022580 
0.024453 
0.021036 
0.021110 
0.026361 
0.025543 
0.023911 
0.027456 
0.025523 
0.021143 
0.020771 
0.025169 
0.020992 
0.020031 
0.016969 
0.013292 
0.011514 
0.012892 
0.009364 
0.011775 
0.009229 
0.008620 
0.008556 
0.009726 
0.008570 
0.007984 
0.008936 
0.010049 
0.008483 
0.007913 
0.008314 
0.008147 
0.008333 
0.006685 
0.006689 
0.006642 
0.005518 
0.004679 
0.004963 
0.003835 
0.003097 
0.002708 
0.002148 
0.001396 
0.001111 
0.000437 
0.000254 
0.000172 
0.000118 
0.000044 
0.000013 
0.000000 
0.000000 
0.000000 
0.000000 
0.000000 
0.000000 
0.000000 
0.000000 
0.000000 
0.000000 
0.000000 
0.000000 
0.000000 
0.000000 
0.000000 
0.000000 
0.000000 
0.000000 
0.000000 
0.000000 
0.000000 
0.000000 
0.000000 
0.000000 
0.000000 
0.000000 
0.000000 
0.000000 
0.000000 
0.000000 
0.000000 
0.000000 
0.000000 
0.000000 
0.000000 
0.000000 
0.000000 
0.000000 
0.000000 
0.000000 
0.000000 
0.000000 
0.000000 
0.000000 
0.000000 
0.000000 
0.000000 
0.000000 
0.000000 
0.000000 
0.000000 
0.000000 
0.000000 
0.000000 
0.000000 
0.000000 
0.000000 
0.000000 
0.000000 
0.000000 
0.000000 
0.000000 
0.000000 
0.000000 
0.000000 
0.000000 
0.000000 
0.000000 
0.000000 
0.000000 
0.000000 
0.000000 
0.000000 
0.000000 
0.000000 
0.000000 
0.000000 
0.000000 
0.000000 
0.000000 
0.000000 
0.000000 
0.000000 
0.000000 
0.000000 
0.000000 
0.000000 
0.000000 
0.000000 
0.000000 
0.000000 
0.000000 
0.000000 
0.000000 
0.000000 
0.000000 
0.000000 
0.000000 
0.000000 
0.000000 
0.000000 
0.000000 
0.000000 
0.000000 
0.000000 
0.000000 
0.000000 
0.000000 
0.000000 
0.000000 
0.000000 
0.000000 
0.000000 
0.000000 
0.000000 
0.000000 
0.000000 
0.000000 
0.000000 
0.000000 
0.000000 
0.000000 
0.000000 
0.000000 
0.000000 
0.000000 
0.000000 
0.000000 
0.000000 
0.000000 
0.000000 
0.000000 
0.000000 
0.000000 
0.000000 
0.000000 
0.000000 
0.000000 
0.000000 
0.000000 
0.000000 
0.000000 
0.000000 
0.000000 
0.000000 
0.000000 
0.000000 
0.000000 
0.000000 
0.000000 
0.000000 
0.000000 
0.000000 
0.000000 
0.000000 
0.000000 
0.000000 
0.000000 
0.000000 
0.000000 
0.000000 
0.000000 
0.000000 
0.000000 
0.000000 
0.000000 
0.000000 
0.000000 
0.000000 
0.000000 
0.000000 
0.000000 
0.000000 
0.000000 
0.000000 
0.000000 
0.000000 
0.000000 
0.000000 
0.000000 
0.000000 
0.000000 
0.000000 
0.000000 
0.000000 
0.000000 
0.000000 
0.000000 
0.000000 
0.000000 
0.000000 
