0.000000 
0.000000 
0.000000 
0.000000 
0.000000 
0.000000 
0.000000 
0.000000 
0.000000 
0.000000 
0.000000 
0.000000 
0.000000 
0.000000 
0.000000 
0.000000 
0.000000 
0.000000 
0.000000 
0.000000 
0.000000 
0.000000 
0.000000 
0.000000 
0.000000 
0.000000 
0.000000 
0.000000 
0.000000 
0.000000 
0.000000 
0.000000 
0.000000 
0.000000 
0.000000 
0.000000 
0.000000 
0.000000 
0.000000 
0.000000 
0.000000 
0.000000 
0.000000 
0.000000 
0.000000 
0.000000 
0.000000 
0.000000 
0.000000 
0.000000 
0.000000 
0.000000 
0.000000 
0.000000 
0.000000 
0.000000 
0.000000 
0.000000 
0.000000 
0.000000 
0.000000 
0.000000 
0.000000 
0.000000 
0.000000 
0.000000 
0.000000 
0.000000 
0.000000 
0.000000 
0.000000 
0.000000 
0.000000 
0.000000 
0.000000 
0.000000 
0.000000 
0.000000 
0.000000 
0.000000 
0.000000 
0.000000 
0.000000 
0.000000 
0.000000 
0.000000 
0.000000 
0.000000 
0.000000 
0.000000 
0.000000 
0.000000 
0.000000 
0.000000 
0.000000 
0.000000 
0.000000 
0.000000 
0.000000 
0.000000 
0.000000 
0.000000 
0.000000 
0.000000 
0.000000 
0.000000 
0.000000 
0.000000 
0.000000 
0.000000 
0.000000 
0.000000 
0.000000 
0.000000 
0.000000 
0.000000 
0.000000 
0.000000 
0.000000 
0.000000 
0.000000 
0.000000 
0.000000 
0.000000 
0.000000 
0.000000 
0.000000 
0.000000 
0.000000 
0.000000 
0.000000 
0.000000 
0.000000 
0.000000 
0.000000 
0.000000 
0.000000 
0.000000 
0.000000 
0.000000 
0.000000 
0.000000 
0.000000 
0.000000 
0.000000 
0.000000 
0.000000 
0.000000 
0.000000 
0.000000 
0.000000 
0.000000 
0.000000 
0.000000 
0.000000 
0.000000 
0.000000 
0.000000 
0.000000 
0.000000 
0.000000 
0.000000 
0.000000 
0.000000 
0.000000 
0.000000 
0.000000 
0.000000 
0.000000 
0.000000 
0.000000 
0.000000 
0.000000 
0.000000 
0.000000 
0.000000 
0.000000 
0.000000 
0.000000 
0.000000 
0.000000 
0.000000 
0.000000 
0.000000 
0.000000 
0.000000 
0.000000 
0.000000 
0.000000 
0.000000 
0.000000 
0.000000 
0.000000 
0.000000 
0.000000 
0.000000 
0.000000 
0.000000 
0.000000 
0.000000 
0.000000 
0.000000 
0.000000 
0.000000 
0.000000 
0.000000 
0.000000 
0.000000 
0.000000 
0.000000 
0.000000 
0.000000 
0.000000 
0.000000 
0.000000 
0.000000 
0.000000 
0.000000 
0.000000 
0.000000 
0.000000 
0.000000 
0.000000 
0.000000 
0.000000 
0.000052 
0.000193 
0.000472 
0.000838 
0.000937 
0.001446 
0.001968 
0.002389 
0.003319 
0.004004 
0.005127 
0.006232 
0.009326 
0.009145 
0.012667 
0.011576 
0.016021 
0.016559 
0.015651 
0.024823 
0.031140 
0.029422 
0.034104 
0.032144 
0.038877 
0.035944 
0.042233 
0.031748 
0.033722 
0.033295 
0.034332 
0.030527 
0.034481 
0.038641 
0.032910 
0.038993 
0.035849 
0.037405 
0.034608 
0.035226 
0.035484 
0.031919 
0.042113 
0.048938 
0.049750 
0.059688 
0.047619 
0.049820 
0.061814 
0.071556 
0.065730 
0.069380 
0.066766 
0.074079 
0.074421 
0.076342 
0.086267 
0.075705 
0.078041 
0.073401 
0.067354 
0.072937 
0.076348 
0.093878 
0.087057 
0.090525 
0.101430 
0.096254 
0.106494 
0.105942 
0.102886 
0.104534 
0.097260 
0.121569 
0.108031 
0.102452 
0.117239 
0.107716 
0.129777 
0.122748 
0.109017 
0.115959 
0.109737 
0.137668 
0.121683 
0.119193 
0.126357 
0.124634 
0.124673 
0.131123 
0.129130 
0.129109 
0.142459 
0.133593 
0.140801 
0.165939 
0.155761 
0.149065 
0.135222 
0.157749 
0.185250 
0.211030 
0.182212 
0.224846 
0.213115 
0.236221 
0.267070 
0.272493 
0.339586 
0.247349 
0.369320 
0.383604 
0.322840 
0.384306 
0.428070 
0.369558 
0.309849 
0.294374 
0.292524 
0.273408 
0.317196 
0.347108 
0.353057 
0.372607 
0.366040 
0.388097 
0.420636 
0.360483 
0.462743 
0.393565 
0.381050 
0.357169 
0.512476 
0.446555 
0.448564 
0.413892 
0.597395 
0.437297 
0.524276 
0.761163 
0.631542 
0.766830 
0.660267 
0.800403 
0.667118 
0.798452 
0.871720 
0.965746 
0.904781 
1.340789 
0.944377 
1.015976 
1.103356 
1.042085 
0.719663 
0.921598 
0.794975 
0.894308 
0.895968 
0.755518 
0.915407 
0.936156 
0.953256 
0.956796 
0.996115 
0.850918 
0.936186 
0.686032 
0.814820 
0.917229 
0.801141 
0.799497 
0.825154 
0.866947 
0.746443 
0.767950 
0.938050 
0.873187 
0.937227 
1.117589 
1.219413 
1.106631 
0.993712 
1.199191 
1.023953 
1.110704 
1.052915 
0.826700 
0.971398 
0.950567 
0.920601 
0.878525 
1.018865 
1.022624 
1.259330 
1.202387 
1.245033 
1.197861 
1.497823 
1.379283 
1.243376 
1.047799 
1.280680 
1.190935 
1.316163 
1.415101 
1.512879 
1.347969 
1.535536 
1.652469 
1.242027 
1.590758 
1.999185 
1.849392 
1.618300 
1.679711 
1.694904 
1.420112 
1.949996 
1.691849 
1.860225 
1.550134 
1.865073 
1.870842 
2.070511 
1.852683 
1.756489 
2.218459 
1.947147 
1.501418 
1.990231 
1.919390 
1.952534 
2.011451 
2.385347 
2.324527 
1.965251 
2.082343 
1.682415 
1.582778 
1.536788 
1.253321 
1.076847 
0.764769 
0.607148 
0.783059 
0.929043 
1.291747 
1.769444 
1.841027 
1.853745 
1.879646 
1.846976 
1.990429 
1.901960 
2.368378 
1.952434 
1.671698 
1.861510 
2.028280 
1.800362 
1.906197 
1.916830 
1.550300 
1.862797 
2.104648 
1.534501 
1.785552 
2.127248 
1.842761 
2.297005 
1.829146 
2.115653 
1.975852 
1.870248 
1.998338 
2.348929 
1.595455 
1.865551 
1.619504 
1.614703 
1.953243 
1.663165 
1.926387 
2.389948 
2.116918 
1.751069 
1.565238 
1.175668 
1.016701 
0.773396 
0.668945 
0.495131 
0.388559 
0.294003 
0.447495 
0.646096 
0.931617 
1.339784 
1.340970 
1.766284 
1.958288 
2.461288 
1.978082 
2.272133 
2.433775 
2.430459 
2.099389 
2.345908 
2.003637 
2.268976 
2.402341 
2.722389 
2.637959 
2.517832 
2.627008 
2.295976 
2.299217 
2.026114 
2.503410 
2.555715 
2.031208 
3.006596 
2.851031 
2.968195 
2.962073 
2.712593 
2.432481 
2.972282 
2.395804 
3.010210 
2.728125 
2.305585 
2.886168 
2.204618 
2.752998 
2.325392 
2.293078 
2.828619 
2.360326 
2.912333 
3.024502 
2.836864 
2.608901 
2.281355 
2.295726 
2.662876 
2.818796 
3.017693 
3.034628 
2.851055 
3.005270 
2.549551 
2.995214 
2.902028 
3.282573 
2.881262 
2.985735 
3.137049 
2.898083 
2.954213 
3.366838 
2.671127 
2.933557 
2.131165 
3.096285 
3.089688 
3.196886 
3.219482 
2.935046 
2.870182 
2.821781 
2.040275 
2.026016 
1.767847 
1.849048 
2.101355 
2.116025 
2.196237 
2.509954 
1.678362 
2.539230 
2.971546 
3.282093 
3.826035 
3.245420 
3.691905 
3.006502 
2.477744 
3.124165 
2.920865 
1.956958 
2.451012 
2.105676 
2.102368 
1.807409 
1.437633 
1.597235 
1.745082 
1.057457 
1.799194 
1.986375 
2.547286 
3.401411 
3.287975 
2.495377 
3.733700 
3.003867 
2.955150 
2.901624 
2.599791 
2.669398 
2.295205 
1.907540 
1.636205 
1.971002 
2.280202 
2.854614 
2.852615 
3.196806 
3.527464 
2.701062 
2.803874 
2.833108 
2.849063 
3.178996 
3.327869 
3.225332 
3.099575 
2.485255 
2.834476 
2.799855 
2.812101 
3.673770 
3.196679 
3.649851 
2.839106 
3.222464 
2.292281 
1.994923 
1.932703 
1.415265 
1.100481 
0.759009 
0.627619 
0.602623 
0.787045 
0.625381 
0.611513 
0.572551 
0.776650 
1.259279 
1.831486 
2.610238 
2.555716 
2.726028 
2.387717 
2.927770 
3.165556 
2.825703 
2.850776 
3.501937 
2.915522 
3.304615 
3.231675 
3.246159 
3.425561 
3.532086 
3.416280 
2.979762 
3.310360 
3.029818 
3.329741 
3.360447 
3.098834 
3.279996 
3.328739 
3.310014 
3.107648 
2.480392 
2.319206 
2.180001 
1.462427 
0.914664 
0.895752 
0.908671 
0.956738 
1.143440 
1.342558 
1.536267 
1.355117 
2.014115 
1.480034 
1.658649 
1.890110 
2.091150 
1.472748 
1.334808 
1.178293 
1.124423 
1.210362 
1.378202 
1.369599 
2.176507 
2.148651 
2.091901 
2.523256 
2.338257 
2.862369 
2.976859 
2.809735 
2.316596 
1.681274 
1.471368 
1.409253 
1.215108 
1.217863 
1.265744 
1.455603 
1.545904 
1.172556 
1.220960 
1.456519 
1.037309 
1.263143 
1.307676 
1.263247 
1.510739 
1.341295 
1.882023 
1.367887 
1.529315 
1.622514 
1.986087 
1.942118 
2.020713 
2.223913 
2.819506 
3.403247 
3.270173 
3.231653 
3.326308 
3.355593 
3.465269 
2.659171 
2.547307 
2.379193 
1.737317 
1.533081 
1.317483 
0.969310 
0.925738 
1.041446 
0.999240 
0.761114 
0.889559 
1.235766 
1.517637 
1.813095 
1.684674 
1.840843 
3.003122 
3.116358 
3.257417 
3.488524 
3.091234 
3.224757 
3.377999 
3.247249 
2.849517 
3.417826 
3.415004 
3.308256 
3.367009 
3.292113 
3.538584 
3.363097 
3.157555 
2.917886 
3.607019 
2.982557 
3.403929 
3.311097 
3.210849 
3.072037 
2.934539 
2.531264 
3.195708 
3.261623 
3.373089 
3.876841 
3.524770 
3.406444 
3.351478 
3.819158 
3.460745 
2.738027 
3.003751 
2.923793 
2.806630 
3.067110 
2.857168 
2.294674 
2.742738 
2.178721 
3.075499 
2.671000 
2.635599 
2.964909 
2.688182 
3.154088 
2.576016 
3.393591 
3.156340 
3.171846 
3.217497 
3.127393 
3.061071 
3.022397 
3.309932 
3.247396 
2.808242 
3.100677 
2.475312 
3.275514 
2.801924 
3.038302 
2.490516 
2.623920 
2.366703 
2.691721 
1.963432 
1.729494 
1.917733 
1.955652 
2.011971 
2.258676 
2.700702 
2.439616 
2.931037 
2.888175 
1.950442 
2.608092 
2.929202 
2.595920 
3.596068 
2.740850 
2.674615 
2.385800 
2.913981 
2.711486 
2.686809 
3.224129 
2.977990 
2.775049 
3.234276 
3.085020 
2.309413 
2.278628 
1.850087 
2.190993 
2.272586 
1.780627 
2.271877 
2.250694 
2.098385 
2.192692 
1.935408 
1.863806 
2.097031 
1.899927 
1.925950 
2.078073 
2.559243 
2.387221 
2.521850 
2.372090 
2.283921 
2.028809 
2.324438 
2.237424 
2.055327 
1.552336 
0.992767 
1.100211 
0.820178 
0.852499 
0.799108 
0.577375 
0.684290 
0.770465 
0.702359 
0.610190 
0.658419 
0.591242 
0.776752 
0.757699 
0.799513 
0.773702 
0.869409 
0.779428 
1.045185 
1.268543 
1.325067 
1.261644 
1.597501 
2.062124 
2.069402 
1.982885 
2.269131 
2.042314 
2.186296 
2.002535 
1.922598 
2.053130 
1.673484 
1.533174 
1.500806 
1.316716 
1.159812 
1.376165 
1.089254 
1.376671 
1.427283 
1.358916 
0.985501 
1.258098 
1.354516 
1.213137 
1.401767 
1.847730 
1.701183 
1.829520 
2.249771 
2.415474 
2.180024 
2.912628 
2.216592 
2.435831 
2.091661 
2.229588 
1.677023 
1.816862 
1.716296 
1.525431 
1.303724 
1.228549 
1.466039 
1.218113 
1.279905 
1.388152 
1.360841 
1.478981 
1.422592 
1.648205 
1.504156 
1.744654 
1.790249 
1.801421 
1.958879 
1.424561 
1.920270 
1.560545 
1.827677 
1.937275 
1.831970 
1.379691 
1.351538 
1.250660 
1.060299 
1.150070 
1.239406 
1.365593 
1.288930 
1.367107 
1.261266 
1.383610 
1.059074 
0.826634 
0.740853 
0.898483 
0.847144 
0.942655 
1.116011 
0.844240 
0.907339 
0.860816 
0.881603 
0.924515 
0.904611 
0.929357 
0.815232 
0.801556 
0.979699 
0.921989 
0.917511 
0.741419 
0.705433 
0.592720 
0.670292 
0.659254 
0.511596 
0.597195 
0.490401 
0.556040 
0.453200 
0.397212 
0.443564 
0.345058 
0.417064 
0.399856 
0.297470 
0.288627 
0.312413 
0.342766 
0.306102 
0.306464 
0.323527 
0.279804 
0.257613 
0.328593 
0.287193 
0.293299 
0.307902 
0.264728 
0.257325 
0.284135 
0.355195 
0.325047 
0.348039 
0.330686 
0.381953 
0.291120 
0.357974 
0.392762 
0.406098 
0.364473 
0.443711 
0.404050 
0.425903 
0.385358 
0.436139 
0.436995 
0.401740 
0.564963 
0.517161 
0.473188 
0.538618 
0.423545 
0.561120 
0.459081 
0.476611 
0.465703 
0.484022 
0.398750 
0.541965 
0.593987 
0.508499 
0.579313 
0.742578 
0.701958 
0.721092 
0.686741 
0.617805 
0.675921 
0.770916 
0.924209 
0.890800 
1.217229 
1.199490 
1.076773 
1.340258 
1.099230 
1.011229 
0.902832 
0.942322 
0.785278 
0.676535 
0.500693 
0.675549 
0.523068 
0.489585 
0.529870 
0.564544 
0.491034 
0.468469 
0.497155 
0.440352 
0.321304 
0.281584 
0.278926 
0.282105 
0.236522 
0.265809 
0.258550 
0.242796 
0.173051 
0.235550 
0.175484 
0.168581 
0.145499 
0.218877 
0.208527 
0.243972 
0.200363 
0.231015 
0.222632 
0.211968 
0.184063 
0.212430 
0.178326 
0.213372 
0.208450 
0.198592 
0.225581 
0.232751 
0.212371 
0.257768 
0.226099 
0.272729 
0.253588 
0.265401 
0.214288 
0.204592 
0.206158 
0.175839 
0.192589 
0.177478 
0.167612 
0.152360 
0.129535 
0.138729 
0.132581 
0.114361 
0.106117 
0.115945 
0.090205 
0.098515 
0.108272 
0.094263 
0.098821 
0.105789 
0.103514 
0.086953 
0.090590 
0.082374 
0.089074 
0.087142 
0.077276 
0.074793 
0.062432 
0.058747 
0.063524 
0.059336 
0.053451 
0.050578 
0.045106 
0.050365 
0.044159 
0.036307 
0.031958 
0.029303 
0.029588 
0.028648 
0.023321 
0.030947 
0.018995 
0.019265 
0.022247 
0.022185 
0.018691 
0.020109 
0.022277 
0.019027 
0.018845 
0.019984 
0.022326 
0.019734 
0.019803 
0.021098 
0.019249 
0.020676 
0.021618 
0.018159 
0.016479 
0.015054 
0.017825 
0.017310 
0.011751 
0.009838 
0.009262 
0.008668 
0.007364 
0.007007 
0.006821 
0.008117 
0.007503 
0.008236 
0.007877 
0.008220 
0.006823 
0.008515 
0.007693 
0.007827 
0.007185 
0.006788 
0.007391 
0.005312 
0.005599 
0.005030 
0.003666 
0.003350 
0.003821 
0.003392 
0.002425 
0.001700 
0.001582 
0.000892 
0.000408 
0.000209 
0.000137 
0.000103 
0.000036 
0.000011 
0.000000 
0.000000 
0.000000 
0.000000 
0.000000 
0.000000 
0.000000 
0.000000 
0.000000 
0.000000 
0.000000 
0.000000 
0.000000 
0.000000 
0.000000 
0.000000 
0.000000 
0.000000 
0.000000 
0.000000 
0.000000 
0.000000 
0.000000 
0.000000 
0.000000 
0.000000 
0.000000 
0.000000 
0.000000 
0.000000 
0.000000 
0.000000 
0.000000 
0.000000 
0.000000 
0.000000 
0.000000 
0.000000 
0.000000 
0.000000 
0.000000 
0.000000 
0.000000 
0.000000 
0.000000 
0.000000 
0.000000 
0.000000 
0.000000 
0.000000 
0.000000 
0.000000 
0.000000 
0.000000 
0.000000 
0.000000 
0.000000 
0.000000 
0.000000 
0.000000 
0.000000 
0.000000 
0.000000 
0.000000 
0.000000 
0.000000 
0.000000 
0.000000 
0.000000 
0.000000 
0.000000 
0.000000 
0.000000 
0.000000 
0.000000 
0.000000 
0.000000 
0.000000 
0.000000 
0.000000 
0.000000 
0.000000 
0.000000 
0.000000 
0.000000 
0.000000 
0.000000 
0.000000 
0.000000 
0.000000 
0.000000 
0.000000 
0.000000 
0.000000 
0.000000 
0.000000 
0.000000 
0.000000 
0.000000 
0.000000 
0.000000 
0.000000 
0.000000 
0.000000 
0.000000 
0.000000 
0.000000 
0.000000 
0.000000 
0.000000 
0.000000 
0.000000 
0.000000 
0.000000 
0.000000 
0.000000 
0.000000 
0.000000 
0.000000 
0.000000 
0.000000 
0.000000 
0.000000 
0.000000 
0.000000 
0.000000 
0.000000 
0.000000 
0.000000 
0.000000 
0.000000 
0.000000 
0.000000 
0.000000 
0.000000 
0.000000 
0.000000 
0.000000 
0.000000 
0.000000 
0.000000 
0.000000 
0.000000 
0.000000 
0.000000 
0.000000 
0.000000 
0.000000 
0.000000 
0.000000 
0.000000 
0.000000 
0.000000 
0.000000 
0.000000 
0.000000 
0.000000 
0.000000 
0.000000 
0.000000 
0.000000 
0.000000 
0.000000 
0.000000 
0.000000 
0.000000 
0.000000 
0.000000 
0.000000 
0.000000 
0.000000 
0.000000 
0.000000 
0.000000 
0.000000 
0.000000 
0.000000 
0.000000 
0.000000 
0.000000 
0.000000 
0.000000 
0.000000 
0.000000 
0.000000 
0.000000 
0.000000 
0.000000 
0.000000 
0.000000 
0.000000 
