0.000000 
0.000000 
0.000000 
0.000000 
0.000000 
0.000000 
0.000000 
0.000000 
0.000000 
0.000000 
0.000000 
0.000000 
0.000000 
0.000000 
0.000000 
0.000000 
0.000000 
0.000000 
0.000000 
0.000000 
0.000000 
0.000000 
0.000000 
0.000000 
0.000000 
0.000000 
0.000000 
0.000000 
0.000000 
0.000000 
0.000000 
0.000000 
0.000000 
0.000000 
0.000000 
0.000000 
0.000000 
0.000000 
0.000000 
0.000000 
0.000000 
0.000000 
0.000000 
0.000000 
0.000000 
0.000000 
0.000000 
0.000000 
0.000000 
0.000000 
0.000000 
0.000000 
0.000000 
0.000000 
0.000000 
0.000000 
0.000000 
0.000000 
0.000000 
0.000000 
0.000000 
0.000000 
0.000000 
0.000000 
0.000000 
0.000000 
0.000000 
0.000000 
0.000000 
0.000000 
0.000000 
0.000000 
0.000000 
0.000000 
0.000000 
0.000000 
0.000000 
0.000000 
0.000000 
0.000000 
0.000000 
0.000000 
0.000000 
0.000000 
0.000000 
0.000000 
0.000000 
0.000000 
0.000000 
0.000000 
0.000000 
0.000000 
0.000000 
0.000000 
0.000000 
0.000000 
0.000000 
0.000000 
0.000000 
0.000000 
0.000000 
0.000000 
0.000000 
0.000000 
0.000000 
0.000000 
0.000000 
0.000000 
0.000000 
0.000000 
0.000000 
0.000000 
0.000000 
0.000000 
0.000000 
0.000000 
0.000000 
0.000000 
0.000000 
0.000000 
0.000000 
0.000000 
0.000000 
0.000000 
0.000000 
0.000000 
0.000000 
0.000000 
0.000000 
0.000000 
0.000000 
0.000000 
0.000000 
0.000000 
0.000000 
0.000000 
0.000000 
0.000000 
0.000000 
0.000000 
0.000000 
0.000000 
0.000000 
0.000000 
0.000000 
0.000000 
0.000000 
0.000000 
0.000000 
0.000000 
0.000000 
0.000000 
0.000000 
0.000000 
0.000000 
0.000000 
0.000000 
0.000000 
0.000000 
0.000000 
0.000000 
0.000000 
0.000000 
0.000000 
0.000000 
0.000000 
0.000000 
0.000000 
0.000000 
0.000000 
0.000000 
0.000000 
0.000000 
0.000000 
0.000000 
0.000000 
0.000000 
0.000000 
0.000000 
0.000000 
0.000000 
0.000000 
0.000000 
0.000000 
0.000000 
0.000000 
0.000000 
0.000000 
0.000000 
0.000000 
0.000000 
0.000000 
0.000000 
0.000000 
0.000000 
0.000000 
0.000000 
0.000000 
0.000000 
0.000000 
0.000000 
0.000000 
0.000000 
0.000000 
0.000000 
0.000000 
0.000000 
0.000000 
0.000000 
0.000000 
0.000000 
0.000000 
0.000000 
0.000000 
0.000000 
0.000000 
0.000000 
0.000000 
0.000000 
0.000000 
0.000000 
0.000000 
0.000000 
0.000000 
0.000000 
0.000027 
0.000085 
0.000215 
0.000348 
0.000455 
0.000597 
0.000801 
0.001412 
0.001393 
0.001707 
0.002553 
0.003082 
0.003207 
0.004082 
0.004392 
0.006192 
0.006547 
0.007063 
0.010143 
0.013349 
0.011754 
0.012692 
0.016199 
0.016309 
0.015926 
0.013967 
0.014171 
0.016423 
0.016706 
0.018747 
0.013974 
0.018234 
0.015904 
0.015462 
0.016959 
0.015622 
0.016358 
0.014523 
0.014594 
0.016486 
0.013849 
0.015483 
0.016693 
0.019435 
0.020811 
0.022500 
0.023422 
0.029582 
0.027113 
0.034046 
0.027815 
0.026991 
0.028273 
0.038122 
0.029501 
0.037335 
0.040599 
0.038693 
0.034681 
0.034848 
0.033088 
0.037723 
0.038711 
0.046063 
0.034433 
0.040149 
0.037785 
0.043592 
0.041468 
0.048927 
0.046698 
0.049529 
0.046109 
0.046401 
0.053789 
0.051801 
0.050486 
0.057143 
0.047931 
0.054103 
0.047903 
0.053320 
0.059447 
0.059143 
0.053744 
0.047741 
0.063443 
0.056361 
0.062565 
0.063760 
0.065358 
0.063186 
0.072986 
0.065391 
0.070185 
0.072103 
0.068466 
0.067505 
0.068752 
0.087348 
0.087672 
0.078656 
0.069831 
0.101776 
0.095379 
0.118575 
0.116138 
0.134131 
0.147276 
0.116991 
0.154034 
0.155118 
0.166040 
0.158024 
0.163438 
0.169949 
0.144892 
0.131845 
0.130249 
0.129214 
0.165482 
0.162229 
0.149839 
0.175926 
0.157022 
0.188628 
0.181925 
0.183592 
0.203817 
0.242653 
0.169097 
0.181923 
0.179188 
0.171431 
0.175144 
0.202871 
0.258462 
0.243321 
0.254242 
0.287622 
0.288143 
0.331157 
0.313286 
0.328359 
0.374366 
0.364232 
0.318322 
0.398795 
0.590387 
0.523471 
0.501477 
0.490256 
0.434785 
0.384541 
0.436024 
0.433540 
0.469622 
0.429732 
0.347317 
0.388281 
0.403771 
0.360926 
0.417878 
0.421671 
0.368104 
0.414799 
0.400327 
0.356664 
0.390014 
0.327267 
0.323615 
0.346477 
0.405194 
0.366050 
0.353693 
0.417725 
0.433800 
0.446556 
0.517891 
0.533015 
0.438989 
0.493033 
0.441096 
0.484648 
0.481681 
0.458701 
0.432884 
0.322252 
0.359659 
0.439958 
0.367818 
0.382884 
0.478213 
0.521603 
0.575360 
0.547003 
0.690821 
0.507187 
0.660132 
0.642712 
0.626687 
0.528139 
0.603976 
0.655531 
0.514979 
0.615478 
0.714650 
0.636832 
0.561117 
0.615541 
0.661514 
0.738591 
0.770052 
0.824875 
0.895117 
0.818062 
0.749799 
0.853542 
0.901825 
0.795301 
0.747665 
0.673464 
0.818641 
0.873107 
0.935202 
0.787458 
0.865228 
0.821763 
0.910153 
0.745295 
0.944684 
0.916661 
0.719596 
0.839603 
0.883906 
0.912161 
0.861549 
0.764768 
0.749608 
0.822966 
0.594496 
0.512222 
0.453914 
0.343380 
0.337020 
0.368138 
0.469262 
0.636040 
0.664513 
0.880990 
0.841240 
0.827514 
0.754611 
0.811462 
0.844556 
0.835743 
0.962755 
0.758513 
0.895588 
0.868182 
0.909889 
0.852703 
0.830958 
0.785168 
0.793991 
0.995538 
0.962763 
0.923025 
0.872075 
0.862387 
0.927029 
0.872126 
0.819462 
0.887300 
0.915885 
0.957480 
0.797990 
0.967070 
0.636021 
0.726470 
0.844420 
0.791589 
0.697723 
1.131241 
0.948023 
0.949559 
0.916075 
0.733190 
0.547054 
0.487423 
0.367123 
0.269974 
0.240936 
0.173909 
0.157396 
0.163338 
0.312218 
0.394607 
0.574995 
0.709310 
0.786217 
0.917427 
0.817484 
1.013020 
1.113190 
1.060561 
0.920541 
1.201611 
1.075908 
1.080756 
1.390631 
0.993728 
1.309448 
1.058562 
0.991161 
1.023496 
1.134174 
1.139698 
1.076656 
1.137385 
1.081309 
1.170750 
0.932167 
1.063624 
1.081476 
1.101738 
1.054801 
1.060397 
1.003306 
1.216835 
1.064628 
1.280735 
1.041204 
1.236345 
0.957374 
1.126926 
1.168400 
1.180300 
1.135034 
1.241262 
1.030917 
1.212080 
1.202814 
1.140824 
1.127976 
1.088574 
1.213969 
1.266260 
1.392482 
1.199391 
1.223656 
1.153243 
1.330941 
1.206519 
1.175429 
1.174286 
1.407363 
1.054281 
1.171430 
1.290079 
1.456204 
0.964744 
1.348658 
1.186654 
1.147134 
1.333110 
1.202438 
1.483708 
1.529051 
1.366824 
1.198470 
1.400353 
1.130282 
0.766375 
0.824301 
0.807798 
0.825747 
0.832456 
1.007178 
1.056859 
0.936448 
1.206037 
1.430470 
1.160787 
1.290806 
1.471227 
1.301673 
1.381153 
1.052216 
1.198577 
1.063634 
1.150434 
0.962695 
1.038145 
0.929916 
0.803347 
0.670274 
0.592740 
0.620069 
0.644842 
0.634783 
0.864356 
1.337242 
1.248824 
1.430612 
1.385458 
1.702134 
1.332848 
1.372335 
1.247980 
1.258014 
0.900944 
1.138723 
0.889267 
0.785306 
0.885426 
1.168674 
1.131172 
1.259198 
1.446025 
1.616833 
1.245890 
1.497646 
1.535271 
1.174923 
1.250158 
1.421184 
1.181451 
1.145881 
1.234120 
1.244446 
1.301106 
1.454196 
1.668379 
1.370773 
1.577958 
1.285430 
1.236261 
1.347484 
1.049849 
0.768961 
0.684422 
0.412189 
0.360362 
0.256383 
0.297042 
0.271879 
0.339121 
0.262953 
0.271620 
0.318781 
0.580917 
0.885968 
0.998867 
1.151875 
1.068845 
1.249468 
1.427812 
1.495694 
1.434117 
1.124987 
1.228030 
1.421669 
1.163219 
1.202980 
1.275556 
1.369486 
1.605370 
1.264412 
1.577997 
1.396295 
1.488336 
1.518079 
1.388322 
1.517109 
1.082806 
1.397486 
1.541865 
1.343221 
1.431325 
1.258267 
1.072094 
0.629834 
0.488434 
0.377931 
0.447189 
0.451666 
0.575758 
0.567973 
0.574281 
0.738610 
0.713158 
0.761279 
0.724905 
0.721946 
0.818076 
0.753004 
0.636260 
0.570179 
0.407729 
0.594476 
0.665005 
0.753508 
0.801910 
1.004462 
1.163019 
1.161952 
1.261356 
1.494282 
1.347903 
1.082880 
1.092102 
0.760137 
0.633963 
0.516114 
0.622943 
0.592785 
0.627908 
0.505739 
0.623734 
0.573602 
0.571279 
0.573613 
0.600372 
0.525414 
0.565678 
0.546604 
0.535988 
0.801187 
0.752684 
0.788883 
0.901860 
0.891161 
1.029091 
0.793769 
1.005398 
1.118693 
1.218919 
1.422441 
1.306172 
1.369899 
1.667402 
1.347523 
1.350049 
1.047699 
1.079630 
0.968449 
0.738770 
0.528349 
0.556354 
0.469072 
0.457351 
0.352784 
0.477000 
0.420265 
0.456922 
0.473899 
0.614145 
0.692020 
1.004944 
1.020849 
1.026909 
1.409578 
1.346790 
1.584425 
1.670963 
1.521664 
1.325992 
1.692126 
1.413747 
1.412385 
1.322278 
1.333908 
1.633165 
1.442911 
1.359639 
1.272255 
1.379323 
1.367007 
1.437782 
1.496714 
1.540511 
1.489295 
1.413615 
1.547136 
1.487778 
1.522271 
1.436869 
1.317086 
1.553198 
1.682775 
1.482392 
1.566862 
1.572008 
1.472848 
1.545381 
1.361758 
1.152323 
1.500867 
1.216592 
1.303034 
1.303313 
1.246451 
0.979072 
1.212041 
1.154977 
1.145144 
1.249305 
1.294571 
1.518164 
1.142436 
1.389677 
1.316345 
1.515919 
1.669071 
1.337534 
1.421201 
1.362256 
1.251538 
1.465381 
1.170802 
1.438368 
1.296485 
1.208803 
1.325586 
1.418488 
1.372516 
1.125071 
1.144350 
1.145723 
0.879138 
1.025026 
0.803842 
0.985419 
0.675020 
0.558490 
1.024949 
1.247421 
1.257786 
1.223798 
1.561424 
1.387762 
1.196034 
1.289511 
1.366655 
1.170065 
1.268572 
1.443095 
1.288198 
1.090831 
1.378819 
1.300154 
1.297873 
1.260901 
1.461514 
1.320794 
1.336117 
1.165773 
1.082879 
1.065433 
1.039434 
1.087581 
1.112636 
0.931362 
1.030346 
0.936530 
0.812229 
0.880330 
0.800612 
0.884039 
0.759517 
0.875505 
1.183431 
1.049525 
1.010400 
0.925310 
1.063533 
1.002766 
1.166497 
0.966466 
0.949460 
0.949790 
0.672406 
0.436470 
0.416750 
0.351107 
0.402611 
0.359162 
0.337751 
0.318478 
0.337523 
0.355950 
0.321207 
0.336997 
0.285032 
0.313221 
0.351064 
0.329439 
0.335072 
0.295818 
0.407439 
0.536258 
0.666100 
0.591591 
0.628972 
0.756414 
0.728243 
0.834649 
1.047875 
1.241110 
0.999962 
0.872177 
0.892535 
0.943039 
0.826870 
0.737265 
0.711802 
0.702678 
0.643124 
0.699637 
0.619001 
0.589212 
0.608926 
0.525353 
0.610131 
0.483181 
0.513258 
0.765710 
0.666228 
0.807154 
0.738993 
0.791015 
0.840811 
1.024612 
1.243892 
0.963503 
0.905775 
0.929687 
0.975814 
0.948785 
1.018916 
0.785647 
0.820503 
0.751974 
0.639640 
0.753290 
0.612153 
0.593036 
0.642472 
0.613751 
0.493158 
0.651561 
0.603976 
0.700718 
0.670755 
0.719286 
0.792257 
0.721436 
0.769688 
0.714361 
0.775433 
0.892547 
0.758564 
0.865694 
0.682289 
0.778699 
0.703836 
0.593216 
0.559946 
0.377275 
0.495196 
0.523457 
0.619926 
0.600064 
0.579146 
0.576470 
0.450094 
0.408991 
0.422833 
0.334521 
0.351065 
0.487120 
0.393354 
0.404463 
0.347855 
0.496233 
0.374326 
0.482092 
0.435584 
0.347982 
0.420491 
0.421700 
0.429811 
0.355367 
0.352280 
0.434309 
0.405708 
0.369408 
0.342104 
0.307178 
0.229130 
0.258515 
0.229387 
0.276155 
0.199071 
0.202373 
0.205150 
0.168216 
0.159873 
0.189755 
0.176816 
0.166188 
0.147475 
0.131928 
0.138745 
0.138727 
0.171238 
0.141513 
0.128560 
0.122604 
0.128407 
0.155159 
0.129658 
0.147301 
0.142491 
0.127406 
0.145511 
0.146265 
0.150069 
0.146169 
0.117948 
0.149619 
0.175428 
0.186015 
0.186254 
0.187046 
0.182864 
0.166265 
0.179909 
0.164775 
0.157177 
0.200348 
0.185963 
0.250975 
0.214500 
0.202792 
0.222359 
0.226027 
0.196940 
0.196122 
0.240900 
0.236119 
0.256541 
0.220182 
0.239050 
0.250006 
0.231130 
0.217641 
0.281672 
0.312573 
0.276812 
0.300566 
0.273918 
0.265087 
0.289589 
0.342524 
0.410085 
0.386120 
0.510768 
0.517186 
0.539102 
0.537408 
0.452081 
0.445470 
0.454223 
0.435385 
0.375420 
0.300950 
0.243701 
0.205969 
0.243036 
0.182663 
0.247974 
0.247508 
0.215683 
0.234455 
0.187106 
0.158416 
0.139580 
0.133860 
0.131560 
0.099116 
0.108793 
0.097455 
0.100128 
0.094655 
0.100597 
0.092798 
0.100080 
0.086732 
0.094837 
0.093212 
0.084565 
0.104246 
0.097981 
0.086618 
0.109756 
0.100172 
0.090086 
0.103942 
0.089764 
0.098292 
0.092794 
0.084280 
0.092878 
0.095472 
0.087435 
0.096704 
0.120782 
0.113995 
0.110518 
0.108284 
0.095334 
0.098791 
0.093138 
0.083480 
0.084169 
0.087561 
0.067901 
0.050228 
0.059005 
0.050264 
0.060298 
0.045639 
0.050781 
0.050262 
0.048396 
0.048678 
0.041714 
0.043327 
0.045257 
0.042833 
0.040258 
0.043365 
0.044752 
0.037983 
0.030964 
0.036408 
0.035808 
0.033433 
0.036107 
0.028255 
0.030323 
0.029774 
0.022850 
0.023063 
0.022527 
0.019159 
0.019391 
0.015982 
0.013240 
0.013900 
0.015327 
0.013513 
0.010011 
0.012274 
0.010078 
0.007460 
0.008290 
0.009305 
0.007931 
0.008778 
0.009485 
0.010208 
0.009798 
0.009876 
0.010255 
0.010905 
0.009828 
0.009709 
0.010470 
0.011145 
0.010509 
0.009502 
0.007978 
0.009400 
0.007364 
0.006636 
0.005905 
0.004798 
0.004361 
0.003789 
0.004474 
0.004412 
0.003831 
0.003221 
0.003518 
0.003951 
0.002892 
0.003522 
0.003301 
0.003230 
0.003799 
0.003727 
0.003225 
0.002832 
0.003130 
0.002677 
0.002226 
0.001667 
0.001902 
0.001871 
0.001425 
0.001635 
0.001095 
0.000674 
0.000743 
0.000377 
0.000205 
0.000116 
0.000083 
0.000040 
0.000022 
0.000005 
0.000000 
0.000000 
0.000000 
0.000000 
0.000000 
0.000000 
0.000000 
0.000000 
0.000000 
0.000000 
0.000000 
0.000000 
0.000000 
0.000000 
0.000000 
0.000000 
0.000000 
0.000000 
0.000000 
0.000000 
0.000000 
0.000000 
0.000000 
0.000000 
0.000000 
0.000000 
0.000000 
0.000000 
0.000000 
0.000000 
0.000000 
0.000000 
0.000000 
0.000000 
0.000000 
0.000000 
0.000000 
0.000000 
0.000000 
0.000000 
0.000000 
0.000000 
0.000000 
0.000000 
0.000000 
0.000000 
0.000000 
0.000000 
0.000000 
0.000000 
0.000000 
0.000000 
0.000000 
0.000000 
0.000000 
0.000000 
0.000000 
0.000000 
0.000000 
0.000000 
0.000000 
0.000000 
0.000000 
0.000000 
0.000000 
0.000000 
0.000000 
0.000000 
0.000000 
0.000000 
0.000000 
0.000000 
0.000000 
0.000000 
0.000000 
0.000000 
0.000000 
0.000000 
0.000000 
0.000000 
0.000000 
0.000000 
0.000000 
0.000000 
0.000000 
0.000000 
0.000000 
0.000000 
0.000000 
0.000000 
0.000000 
0.000000 
0.000000 
0.000000 
0.000000 
0.000000 
0.000000 
0.000000 
0.000000 
0.000000 
0.000000 
0.000000 
0.000000 
0.000000 
0.000000 
0.000000 
0.000000 
0.000000 
0.000000 
0.000000 
0.000000 
0.000000 
0.000000 
0.000000 
0.000000 
0.000000 
0.000000 
0.000000 
0.000000 
0.000000 
0.000000 
0.000000 
0.000000 
0.000000 
0.000000 
0.000000 
0.000000 
0.000000 
0.000000 
0.000000 
0.000000 
0.000000 
0.000000 
0.000000 
0.000000 
0.000000 
0.000000 
0.000000 
0.000000 
0.000000 
0.000000 
0.000000 
0.000000 
0.000000 
0.000000 
0.000000 
0.000000 
0.000000 
0.000000 
0.000000 
0.000000 
0.000000 
0.000000 
0.000000 
0.000000 
0.000000 
0.000000 
0.000000 
0.000000 
0.000000 
0.000000 
0.000000 
0.000000 
0.000000 
0.000000 
0.000000 
0.000000 
0.000000 
0.000000 
0.000000 
0.000000 
0.000000 
0.000000 
0.000000 
0.000000 
0.000000 
0.000000 
0.000000 
0.000000 
0.000000 
0.000000 
0.000000 
0.000000 
0.000000 
0.000000 
0.000000 
0.000000 
0.000000 
0.000000 
0.000000 
0.000000 
