0.000000 
0.000000 
0.000000 
0.000000 
0.000000 
0.000000 
0.000000 
0.000000 
0.000000 
0.000000 
0.000000 
0.000000 
0.000000 
0.000000 
0.000000 
0.000000 
0.000000 
0.000000 
0.000000 
0.000000 
0.000000 
0.000000 
0.000000 
0.000000 
0.000000 
0.000000 
0.000000 
0.000000 
0.000000 
0.000000 
0.000000 
0.000000 
0.000000 
0.000000 
0.000000 
0.000000 
0.000000 
0.000000 
0.000000 
0.000000 
0.000000 
0.000000 
0.000000 
0.000000 
0.000000 
0.000000 
0.000000 
0.000000 
0.000000 
0.000000 
0.000000 
0.000000 
0.000000 
0.000000 
0.000000 
0.000000 
0.000000 
0.000000 
0.000000 
0.000000 
0.000000 
0.000000 
0.000000 
0.000000 
0.000000 
0.000000 
0.000000 
0.000000 
0.000000 
0.000000 
0.000000 
0.000000 
0.000000 
0.000000 
0.000000 
0.000000 
0.000000 
0.000000 
0.000000 
0.000000 
0.000000 
0.000000 
0.000000 
0.000000 
0.000000 
0.000000 
0.000000 
0.000000 
0.000000 
0.000000 
0.000000 
0.000000 
0.000000 
0.000000 
0.000000 
0.000000 
0.000000 
0.000000 
0.000000 
0.000000 
0.000000 
0.000000 
0.000000 
0.000000 
0.000000 
0.000000 
0.000000 
0.000000 
0.000000 
0.000000 
0.000000 
0.000000 
0.000000 
0.000000 
0.000000 
0.000000 
0.000000 
0.000000 
0.000000 
0.000000 
0.000000 
0.000000 
0.000000 
0.000000 
0.000000 
0.000000 
0.000000 
0.000000 
0.000000 
0.000000 
0.000000 
0.000000 
0.000000 
0.000000 
0.000000 
0.000000 
0.000000 
0.000000 
0.000000 
0.000000 
0.000000 
0.000000 
0.000000 
0.000000 
0.000000 
0.000000 
0.000000 
0.000000 
0.000000 
0.000000 
0.000000 
0.000000 
0.000000 
0.000000 
0.000000 
0.000000 
0.000000 
0.000000 
0.000000 
0.000000 
0.000000 
0.000000 
0.000000 
0.000000 
0.000000 
0.000000 
0.000000 
0.000000 
0.000000 
0.000000 
0.000000 
0.000000 
0.000000 
0.000000 
0.000000 
0.000000 
0.000000 
0.000000 
0.000000 
0.000000 
0.000000 
0.000000 
0.000000 
0.000000 
0.000000 
0.000000 
0.000000 
0.000000 
0.000000 
0.000000 
0.000000 
0.000000 
0.000000 
0.000000 
0.000000 
0.000000 
0.000000 
0.000000 
0.000000 
0.000000 
0.000000 
0.000000 
0.000000 
0.000000 
0.000000 
0.000000 
0.000000 
0.000000 
0.000000 
0.000000 
0.000000 
0.000000 
0.000000 
0.000000 
0.000000 
0.000000 
0.000000 
0.000000 
0.000000 
0.000000 
0.000000 
0.000000 
0.000000 
0.000000 
0.000000 
0.000053 
0.000194 
0.000398 
0.000525 
0.000814 
0.001237 
0.001596 
0.002235 
0.002795 
0.004178 
0.004461 
0.005231 
0.005839 
0.008304 
0.007915 
0.013141 
0.012994 
0.015797 
0.017458 
0.018823 
0.022607 
0.025439 
0.029576 
0.026716 
0.023834 
0.029542 
0.031553 
0.028267 
0.029485 
0.024959 
0.025112 
0.031123 
0.029684 
0.033464 
0.031763 
0.028675 
0.026392 
0.029662 
0.029275 
0.032237 
0.031545 
0.037365 
0.027184 
0.039700 
0.039205 
0.039850 
0.047829 
0.053361 
0.050934 
0.055863 
0.068684 
0.069699 
0.049236 
0.060245 
0.065550 
0.067720 
0.062403 
0.062463 
0.058536 
0.059877 
0.068092 
0.060878 
0.066683 
0.077520 
0.069720 
0.070350 
0.096386 
0.068325 
0.079642 
0.073690 
0.082487 
0.102237 
0.091954 
0.093328 
0.085876 
0.101567 
0.094909 
0.105609 
0.100418 
0.108650 
0.084852 
0.102701 
0.093528 
0.091271 
0.084138 
0.120288 
0.127904 
0.099836 
0.119635 
0.128961 
0.129919 
0.137970 
0.116425 
0.125287 
0.100811 
0.153662 
0.148021 
0.140390 
0.122606 
0.145323 
0.142567 
0.153942 
0.156121 
0.157033 
0.201705 
0.189839 
0.173043 
0.219095 
0.251653 
0.289170 
0.309127 
0.309463 
0.305429 
0.347397 
0.304177 
0.284390 
0.301688 
0.281307 
0.276222 
0.217231 
0.296284 
0.238639 
0.289395 
0.307848 
0.349596 
0.366149 
0.325809 
0.349402 
0.324442 
0.335122 
0.338183 
0.421859 
0.303312 
0.342391 
0.345722 
0.399815 
0.501709 
0.556114 
0.457717 
0.587144 
0.607115 
0.540426 
0.546291 
0.553367 
0.608454 
0.677988 
0.848888 
0.928819 
0.808856 
0.879686 
0.939772 
0.825710 
0.858389 
0.986594 
0.703267 
0.849544 
0.725989 
0.722164 
0.835397 
0.769321 
0.656252 
0.873595 
0.677155 
0.983421 
0.797653 
0.685930 
0.802861 
0.692848 
0.652532 
0.560069 
0.589353 
0.669439 
0.793392 
0.728187 
0.628352 
0.787410 
0.692743 
0.750225 
0.845157 
0.920077 
0.921636 
0.950025 
0.877426 
0.820974 
1.009811 
0.885663 
0.727833 
0.985969 
0.745387 
0.522903 
0.657944 
0.881328 
0.857902 
0.950940 
0.879590 
1.037357 
1.094832 
1.134220 
1.174074 
1.168388 
1.045506 
1.147092 
0.949612 
1.124916 
1.141849 
0.960533 
1.371810 
1.106904 
1.201086 
1.443911 
1.450707 
1.305369 
0.995459 
1.357448 
1.709858 
1.203847 
1.366064 
1.419859 
1.366906 
1.677722 
1.703107 
1.376986 
1.479620 
1.454903 
1.704641 
2.118112 
1.621451 
1.400367 
1.608870 
1.501038 
1.386744 
1.508037 
1.833791 
1.535253 
1.518413 
1.597036 
1.931408 
1.917993 
1.422171 
1.276886 
1.332241 
1.023624 
0.743855 
0.637287 
0.597700 
0.602329 
0.891343 
1.004787 
1.501358 
1.392097 
1.674494 
1.714038 
1.424486 
1.236503 
1.693425 
1.911569 
1.520273 
1.594206 
1.569587 
1.452456 
1.299472 
1.723517 
1.822772 
1.785754 
1.904532 
1.878965 
1.590490 
1.740493 
1.694420 
1.593528 
1.520368 
1.715963 
1.510094 
1.533720 
1.847059 
1.816153 
1.720406 
1.720414 
1.458107 
1.273915 
1.438502 
1.425228 
2.055996 
1.870700 
1.749535 
2.043103 
1.617421 
1.140638 
1.172238 
0.917118 
0.569412 
0.575292 
0.431875 
0.346095 
0.286901 
0.391594 
0.580806 
0.786594 
1.115477 
1.448683 
1.665921 
1.537687 
1.838756 
1.861392 
2.068855 
2.040233 
2.197040 
2.522688 
2.127014 
2.150650 
2.215995 
2.038670 
2.012850 
2.027076 
2.270520 
1.599299 
2.048253 
2.617532 
1.989820 
2.048399 
2.268521 
2.267509 
2.047472 
1.897374 
2.339099 
2.048471 
1.834601 
1.909302 
2.489704 
2.077133 
2.131913 
2.212949 
1.966586 
2.432033 
1.920002 
2.574369 
2.515862 
2.316034 
2.729679 
2.361822 
1.498011 
2.123537 
2.082663 
2.174151 
1.943421 
2.178328 
2.149486 
2.027282 
2.348289 
2.911780 
2.303806 
2.549107 
2.184382 
2.134978 
1.708225 
2.366939 
2.433067 
2.183094 
2.892655 
2.496320 
2.342851 
2.709183 
1.859051 
2.665888 
2.357955 
2.081622 
1.996870 
2.944576 
2.524169 
2.405484 
2.117601 
2.115603 
1.825486 
1.612579 
1.396555 
1.403922 
1.383794 
1.579460 
1.599358 
1.908328 
1.819467 
2.364917 
2.383741 
2.659425 
2.677978 
2.586542 
2.351739 
2.384949 
2.262814 
2.137602 
2.059172 
2.368887 
1.757158 
1.569575 
1.722399 
1.563264 
1.420806 
1.344887 
1.022127 
1.317130 
1.295655 
1.658711 
2.182609 
2.544977 
3.211492 
2.833715 
2.577970 
2.260942 
2.459552 
2.735194 
1.774657 
1.890429 
1.494779 
1.636841 
1.703451 
1.457327 
2.336085 
2.769681 
2.858141 
2.924761 
2.908484 
2.987616 
2.771252 
2.500569 
2.941277 
2.475649 
2.421306 
2.788543 
2.518361 
2.308130 
2.200411 
2.627075 
2.715795 
2.581059 
3.009112 
3.610274 
2.487639 
2.030027 
2.398597 
1.923655 
1.677332 
1.252745 
1.013563 
0.667149 
0.720344 
0.502428 
0.525242 
0.548291 
0.602272 
0.593150 
0.631923 
1.115373 
1.596362 
2.187729 
2.054018 
2.887715 
2.626458 
2.608302 
2.988307 
2.741568 
2.512273 
2.343117 
2.319455 
2.956442 
3.066137 
2.372523 
2.784685 
2.673134 
2.980057 
3.108726 
3.073520 
2.590619 
2.622123 
2.585621 
3.163786 
2.956056 
2.563210 
2.911584 
2.835700 
2.465551 
2.151299 
1.689457 
1.573878 
0.886497 
0.701470 
0.707059 
0.706240 
1.124610 
1.074894 
1.138521 
1.327422 
1.176785 
1.270238 
1.958721 
1.599770 
1.520797 
1.581069 
1.329262 
1.210309 
1.061290 
1.022868 
1.354576 
1.503527 
1.608368 
2.024265 
1.894871 
2.237055 
1.940953 
2.023239 
2.261983 
2.462464 
1.963484 
1.313471 
1.278055 
1.109835 
1.401995 
1.291212 
1.105648 
1.141137 
1.199100 
1.151324 
1.138086 
1.203192 
1.001945 
1.069771 
0.893000 
1.126334 
1.343324 
1.088929 
1.254390 
1.688059 
1.411767 
1.635661 
1.734483 
2.053732 
1.843382 
2.148942 
2.383352 
2.430700 
3.044480 
2.654376 
2.872441 
2.582598 
2.839037 
2.068347 
2.138379 
2.035681 
1.484318 
1.258259 
1.140210 
0.926427 
0.859741 
0.860413 
0.686362 
0.878768 
0.686893 
0.924351 
1.118084 
1.608471 
1.862864 
1.969700 
1.879049 
2.538494 
2.495651 
2.813214 
2.905565 
2.982147 
3.057831 
2.977994 
2.678932 
2.759196 
2.699759 
2.337214 
2.317148 
2.801899 
2.514313 
2.416591 
2.710574 
2.993785 
2.901594 
2.908646 
2.901778 
2.714287 
2.184402 
2.631580 
2.885323 
2.585024 
2.810585 
2.466301 
2.437396 
3.250374 
3.075881 
3.034580 
3.198330 
2.872814 
2.913456 
2.536906 
2.662890 
2.333056 
2.239384 
2.252210 
2.703264 
2.310191 
2.416685 
2.022716 
2.395043 
1.899026 
2.490984 
2.576986 
2.501562 
2.677215 
2.827678 
2.414291 
2.768667 
2.684564 
2.695170 
2.539506 
2.581347 
2.530470 
2.208978 
2.508164 
2.340651 
2.893987 
2.382977 
2.462515 
2.390647 
2.420120 
1.966652 
2.124203 
1.766346 
2.197930 
1.837689 
1.736712 
1.388859 
1.514115 
1.659143 
1.692938 
2.047939 
2.855645 
2.873313 
2.407946 
2.800871 
2.457013 
2.535219 
2.431458 
2.272194 
2.291260 
2.492841 
2.059009 
2.234443 
2.301371 
2.425532 
2.474684 
2.262988 
2.379331 
2.478787 
1.963956 
1.986448 
1.523970 
1.926035 
1.977222 
2.287217 
1.829719 
1.515917 
1.654810 
1.986843 
1.574063 
1.672637 
1.693958 
1.819818 
1.884913 
1.642287 
1.616197 
2.037444 
1.827603 
1.999768 
2.083774 
1.598566 
1.649249 
2.057028 
1.587547 
1.657414 
1.137955 
1.094386 
0.743654 
0.794876 
0.820578 
0.646836 
0.708994 
0.562233 
0.542505 
0.590424 
0.584525 
0.729746 
0.576541 
0.706114 
0.682553 
0.568724 
0.544223 
0.687635 
0.759607 
1.003135 
1.202313 
1.318308 
1.161755 
1.635511 
1.780923 
1.963652 
2.163440 
2.161249 
1.877445 
1.642440 
1.977317 
1.523447 
1.230701 
1.782132 
1.398165 
1.108484 
1.188526 
1.181628 
0.912748 
1.123761 
1.125506 
1.016805 
0.993256 
1.055927 
1.101141 
1.176897 
1.264487 
1.182264 
1.303775 
1.482767 
1.772783 
2.266474 
1.875648 
1.472734 
1.623992 
2.021118 
1.671681 
1.768117 
1.719780 
1.531767 
1.595987 
1.411435 
1.349615 
1.237624 
1.258580 
1.135178 
1.246459 
1.112558 
0.863191 
1.163771 
1.088959 
1.176944 
1.355441 
1.232375 
1.339762 
1.210985 
1.467649 
1.598652 
1.396906 
1.433029 
1.507335 
1.320306 
1.866843 
1.399467 
1.216218 
1.057050 
1.033281 
0.874354 
0.862478 
1.023714 
1.279954 
1.290096 
1.159770 
1.322337 
1.133618 
1.013519 
0.760944 
0.656945 
0.823531 
0.705383 
0.790555 
0.801107 
0.742657 
0.705667 
0.884771 
0.826284 
0.664996 
0.868779 
0.651085 
0.725139 
0.748942 
0.788928 
0.703035 
0.705551 
0.619503 
0.616922 
0.668825 
0.550131 
0.552511 
0.573439 
0.555206 
0.450961 
0.482646 
0.301838 
0.370607 
0.370221 
0.365235 
0.344620 
0.324749 
0.295754 
0.259575 
0.341849 
0.233915 
0.256384 
0.260621 
0.249629 
0.226661 
0.268099 
0.181159 
0.227767 
0.228215 
0.304720 
0.272851 
0.226984 
0.265304 
0.268975 
0.247090 
0.277646 
0.337104 
0.258673 
0.271779 
0.291727 
0.348894 
0.406457 
0.377162 
0.319854 
0.426931 
0.371116 
0.347297 
0.484765 
0.390228 
0.362340 
0.394594 
0.423289 
0.437045 
0.426797 
0.420928 
0.415164 
0.526421 
0.462183 
0.399750 
0.465129 
0.421481 
0.488386 
0.408412 
0.583332 
0.524387 
0.625955 
0.526529 
0.562532 
0.501701 
0.536266 
0.592636 
0.537075 
0.596911 
0.917477 
0.869602 
0.938211 
1.031700 
0.945994 
1.030988 
0.836363 
0.779876 
0.744547 
0.611581 
0.522702 
0.471496 
0.498173 
0.440045 
0.465909 
0.450490 
0.457478 
0.422751 
0.379474 
0.295192 
0.300079 
0.316711 
0.232632 
0.214785 
0.231298 
0.182472 
0.177122 
0.161067 
0.154516 
0.194724 
0.168448 
0.198762 
0.201697 
0.143402 
0.188587 
0.187965 
0.216291 
0.205226 
0.232484 
0.204637 
0.168479 
0.190682 
0.167843 
0.174418 
0.172032 
0.162815 
0.163123 
0.185532 
0.188286 
0.173589 
0.204921 
0.216430 
0.186158 
0.201575 
0.181510 
0.212866 
0.182722 
0.193378 
0.159290 
0.153763 
0.162947 
0.107324 
0.130495 
0.136876 
0.106865 
0.098625 
0.094112 
0.104266 
0.086266 
0.081848 
0.081903 
0.091896 
0.071969 
0.068739 
0.085066 
0.071305 
0.080161 
0.079072 
0.077212 
0.070217 
0.068854 
0.062577 
0.062287 
0.072608 
0.054820 
0.058657 
0.039326 
0.041286 
0.040407 
0.043625 
0.041076 
0.039608 
0.033652 
0.029988 
0.031587 
0.024944 
0.026661 
0.020719 
0.027136 
0.018960 
0.015066 
0.019836 
0.018464 
0.017111 
0.018184 
0.015753 
0.016882 
0.014597 
0.016249 
0.019243 
0.021278 
0.018270 
0.019971 
0.015400 
0.018495 
0.019997 
0.016439 
0.016112 
0.018021 
0.014040 
0.010197 
0.011407 
0.008886 
0.008544 
0.007497 
0.006510 
0.007579 
0.007206 
0.007238 
0.007509 
0.008046 
0.006585 
0.005622 
0.006319 
0.006534 
0.005077 
0.006108 
0.005931 
0.005832 
0.005753 
0.004709 
0.004315 
0.004143 
0.004149 
0.003368 
0.002419 
0.001962 
0.001560 
0.001798 
0.001328 
0.000845 
0.000353 
0.000181 
0.000134 
0.000075 
0.000041 
0.000008 
0.000000 
0.000000 
0.000000 
0.000000 
0.000000 
0.000000 
0.000000 
0.000000 
0.000000 
0.000000 
0.000000 
0.000000 
0.000000 
0.000000 
0.000000 
0.000000 
0.000000 
0.000000 
0.000000 
0.000000 
0.000000 
0.000000 
0.000000 
0.000000 
0.000000 
0.000000 
0.000000 
0.000000 
0.000000 
0.000000 
0.000000 
0.000000 
0.000000 
0.000000 
0.000000 
0.000000 
0.000000 
0.000000 
0.000000 
0.000000 
0.000000 
0.000000 
0.000000 
0.000000 
0.000000 
0.000000 
0.000000 
0.000000 
0.000000 
0.000000 
0.000000 
0.000000 
0.000000 
0.000000 
0.000000 
0.000000 
0.000000 
0.000000 
0.000000 
0.000000 
0.000000 
0.000000 
0.000000 
0.000000 
0.000000 
0.000000 
0.000000 
0.000000 
0.000000 
0.000000 
0.000000 
0.000000 
0.000000 
0.000000 
0.000000 
0.000000 
0.000000 
0.000000 
0.000000 
0.000000 
0.000000 
0.000000 
0.000000 
0.000000 
0.000000 
0.000000 
0.000000 
0.000000 
0.000000 
0.000000 
0.000000 
0.000000 
0.000000 
0.000000 
0.000000 
0.000000 
0.000000 
0.000000 
0.000000 
0.000000 
0.000000 
0.000000 
0.000000 
0.000000 
0.000000 
0.000000 
0.000000 
0.000000 
0.000000 
0.000000 
0.000000 
0.000000 
0.000000 
0.000000 
0.000000 
0.000000 
0.000000 
0.000000 
0.000000 
0.000000 
0.000000 
0.000000 
0.000000 
0.000000 
0.000000 
0.000000 
0.000000 
0.000000 
0.000000 
0.000000 
0.000000 
0.000000 
0.000000 
0.000000 
0.000000 
0.000000 
0.000000 
0.000000 
0.000000 
0.000000 
0.000000 
0.000000 
0.000000 
0.000000 
0.000000 
0.000000 
0.000000 
0.000000 
0.000000 
0.000000 
0.000000 
0.000000 
0.000000 
0.000000 
0.000000 
0.000000 
0.000000 
0.000000 
0.000000 
0.000000 
0.000000 
0.000000 
0.000000 
0.000000 
0.000000 
0.000000 
0.000000 
0.000000 
0.000000 
0.000000 
0.000000 
0.000000 
0.000000 
0.000000 
0.000000 
0.000000 
0.000000 
0.000000 
0.000000 
0.000000 
0.000000 
0.000000 
0.000000 
0.000000 
0.000000 
0.000000 
0.000000 
0.000000 
0.000000 
0.000000 
0.000000 
