0.000000 
0.000000 
0.000000 
0.000000 
0.000000 
0.000000 
0.000000 
0.000000 
0.000000 
0.000000 
0.000000 
0.000000 
0.000000 
0.000000 
0.000000 
0.000000 
0.000000 
0.000000 
0.000000 
0.000000 
0.000000 
0.000000 
0.000000 
0.000000 
0.000000 
0.000000 
0.000000 
0.000000 
0.000000 
0.000000 
0.000000 
0.000000 
0.000000 
0.000000 
0.000000 
0.000000 
0.000000 
0.000000 
0.000000 
0.000000 
0.000000 
0.000000 
0.000000 
0.000000 
0.000000 
0.000000 
0.000000 
0.000000 
0.000000 
0.000000 
0.000000 
0.000000 
0.000000 
0.000000 
0.000000 
0.000000 
0.000000 
0.000000 
0.000000 
0.000000 
0.000000 
0.000000 
0.000000 
0.000000 
0.000000 
0.000000 
0.000000 
0.000000 
0.000000 
0.000000 
0.000000 
0.000000 
0.000000 
0.000000 
0.000000 
0.000000 
0.000000 
0.000000 
0.000000 
0.000000 
0.000000 
0.000000 
0.000000 
0.000000 
0.000000 
0.000000 
0.000000 
0.000000 
0.000000 
0.000000 
0.000000 
0.000000 
0.000000 
0.000000 
0.000000 
0.000000 
0.000000 
0.000000 
0.000000 
0.000000 
0.000000 
0.000000 
0.000000 
0.000000 
0.000000 
0.000000 
0.000000 
0.000000 
0.000000 
0.000000 
0.000000 
0.000000 
0.000000 
0.000000 
0.000000 
0.000000 
0.000000 
0.000000 
0.000000 
0.000000 
0.000000 
0.000000 
0.000000 
0.000000 
0.000000 
0.000000 
0.000000 
0.000000 
0.000000 
0.000000 
0.000000 
0.000000 
0.000000 
0.000000 
0.000000 
0.000000 
0.000000 
0.000000 
0.000000 
0.000000 
0.000000 
0.000000 
0.000000 
0.000000 
0.000000 
0.000000 
0.000000 
0.000000 
0.000000 
0.000000 
0.000000 
0.000000 
0.000000 
0.000000 
0.000000 
0.000000 
0.000000 
0.000000 
0.000000 
0.000000 
0.000000 
0.000000 
0.000000 
0.000000 
0.000000 
0.000000 
0.000000 
0.000000 
0.000000 
0.000000 
0.000000 
0.000000 
0.000000 
0.000000 
0.000000 
0.000000 
0.000000 
0.000000 
0.000000 
0.000000 
0.000000 
0.000000 
0.000000 
0.000000 
0.000000 
0.000000 
0.000000 
0.000000 
0.000000 
0.000000 
0.000000 
0.000000 
0.000000 
0.000000 
0.000000 
0.000000 
0.000000 
0.000000 
0.000000 
0.000000 
0.000000 
0.000000 
0.000000 
0.000000 
0.000000 
0.000000 
0.000000 
0.000000 
0.000000 
0.000000 
0.000000 
0.000000 
0.000000 
0.000000 
0.000000 
0.000000 
0.000000 
0.000000 
0.000000 
0.000000 
0.000000 
0.000000 
0.000000 
0.000000 
0.000000 
0.000051 
0.000248 
0.000446 
0.000703 
0.001131 
0.001544 
0.001818 
0.002480 
0.003254 
0.004291 
0.005652 
0.007100 
0.008506 
0.009988 
0.011641 
0.010820 
0.017593 
0.019004 
0.021009 
0.026129 
0.026847 
0.030957 
0.032633 
0.034106 
0.036345 
0.038471 
0.036592 
0.037478 
0.030566 
0.038414 
0.034298 
0.036526 
0.036622 
0.034478 
0.035892 
0.028962 
0.035557 
0.033221 
0.031016 
0.034934 
0.034239 
0.039732 
0.034837 
0.036137 
0.048643 
0.053121 
0.056539 
0.068980 
0.061436 
0.063346 
0.059830 
0.064813 
0.071462 
0.068751 
0.067922 
0.066564 
0.063993 
0.076155 
0.082868 
0.076431 
0.080269 
0.084036 
0.102291 
0.084899 
0.088082 
0.084330 
0.107959 
0.090809 
0.092618 
0.109590 
0.103296 
0.103055 
0.121648 
0.106437 
0.096513 
0.106110 
0.136051 
0.098824 
0.112065 
0.106088 
0.113074 
0.112174 
0.104952 
0.144351 
0.111056 
0.090249 
0.117269 
0.115496 
0.134947 
0.133737 
0.141398 
0.125826 
0.136663 
0.161657 
0.167039 
0.116724 
0.174313 
0.149305 
0.167075 
0.171820 
0.179989 
0.199916 
0.210376 
0.246435 
0.215075 
0.259425 
0.284071 
0.351285 
0.288553 
0.343028 
0.367525 
0.392129 
0.380860 
0.368126 
0.345899 
0.304201 
0.333158 
0.345949 
0.315813 
0.354428 
0.277583 
0.316132 
0.345497 
0.343240 
0.398042 
0.402334 
0.430894 
0.386351 
0.383497 
0.361850 
0.391223 
0.459847 
0.396825 
0.363072 
0.436102 
0.490204 
0.627101 
0.586249 
0.657787 
0.672778 
0.747472 
0.681613 
0.762771 
0.636946 
0.834323 
0.731320 
0.870049 
0.774380 
0.913442 
1.111460 
1.109465 
1.194632 
1.161424 
0.920211 
1.006407 
0.853546 
0.855525 
0.910558 
0.786001 
0.905007 
0.708273 
0.904771 
0.860262 
0.861038 
0.851605 
0.991948 
0.892158 
0.819222 
0.778517 
0.922136 
0.796016 
0.782439 
0.818484 
0.773715 
0.785408 
0.768047 
1.027891 
1.001849 
1.030190 
1.115458 
0.918953 
0.985603 
1.041453 
1.195651 
1.218612 
0.935354 
0.748160 
0.904801 
0.721275 
0.801670 
0.939404 
0.944967 
0.995927 
1.171978 
0.951828 
1.268850 
1.311933 
1.280397 
1.246603 
1.186933 
1.390026 
1.323936 
1.222084 
1.452668 
1.124252 
1.393696 
1.537876 
1.243165 
1.550571 
1.434720 
1.481934 
1.708104 
1.589037 
1.632233 
1.638024 
1.673885 
1.728974 
1.946925 
1.879549 
1.655339 
2.128136 
1.837866 
2.192275 
1.863771 
2.000707 
1.773318 
1.784978 
1.692308 
1.759810 
2.063231 
1.984837 
1.733718 
1.851579 
2.211492 
2.071868 
2.002486 
2.121604 
1.747925 
1.763210 
1.702855 
1.464024 
1.183367 
1.014512 
0.666868 
0.618734 
0.714677 
0.844626 
1.487873 
1.641955 
1.547974 
1.764993 
1.613386 
1.777772 
2.075206 
1.615375 
2.099165 
2.063889 
1.468700 
1.871403 
1.850686 
2.142480 
1.769290 
1.914428 
2.014888 
1.922946 
2.021440 
1.914348 
2.067402 
2.002624 
2.151056 
2.087289 
1.858523 
2.048139 
1.944370 
2.097664 
1.961190 
2.089601 
1.955795 
1.662122 
1.473213 
1.838025 
1.946865 
1.946486 
2.217312 
2.493085 
2.208779 
1.889882 
1.538134 
1.286692 
0.885641 
0.904554 
0.773104 
0.420605 
0.356047 
0.436844 
0.410070 
0.588237 
0.971006 
1.209354 
1.721383 
1.645624 
2.104369 
2.197486 
2.143461 
2.300843 
2.374806 
1.958711 
2.417516 
2.275285 
2.535853 
2.329835 
2.090588 
2.769324 
2.041890 
2.409516 
2.510347 
2.190118 
2.023562 
2.581696 
2.341685 
2.880996 
2.928013 
2.162859 
2.424438 
2.088106 
2.568490 
2.547128 
2.277854 
2.373889 
1.875876 
2.223993 
2.576409 
2.735250 
2.257295 
2.505875 
2.672629 
3.121384 
2.986560 
2.856573 
2.327464 
2.790783 
2.431269 
2.372701 
2.733853 
2.598096 
2.892898 
2.443492 
2.811783 
2.965712 
2.491693 
2.810594 
2.643684 
3.105813 
3.043942 
2.328642 
2.501516 
2.971279 
2.864004 
2.936606 
2.614893 
2.701462 
2.802603 
2.986715 
2.845226 
3.184797 
2.449325 
2.706090 
3.365051 
3.141396 
3.226783 
2.793032 
2.813839 
1.935666 
1.839019 
1.582466 
1.528005 
1.813534 
1.856019 
1.642867 
2.226795 
2.400996 
2.761300 
3.010213 
2.674719 
3.397994 
3.314768 
3.352578 
2.988603 
3.065787 
2.555478 
2.519157 
2.796091 
2.673268 
1.935320 
1.802114 
1.822239 
1.832131 
1.579288 
1.568034 
1.274255 
1.810818 
1.801782 
2.553105 
3.205329 
3.194835 
3.501659 
3.271796 
3.493044 
3.052508 
2.748648 
2.712242 
2.641037 
2.585433 
2.298371 
1.876580 
2.159548 
2.492022 
2.644655 
2.607991 
3.360012 
3.715097 
2.859412 
2.881130 
2.435188 
3.143523 
3.229494 
2.802383 
2.775594 
2.341592 
2.636816 
2.674808 
2.932492 
3.134755 
3.032938 
3.621210 
3.570596 
2.800505 
2.950704 
2.339788 
2.292758 
1.869575 
1.560151 
0.933820 
0.797015 
0.701429 
0.651683 
0.610747 
0.539918 
0.573520 
0.552232 
0.724170 
1.283583 
1.563371 
2.461937 
2.412384 
2.748480 
3.222177 
2.845359 
3.032246 
2.800156 
3.532324 
3.233286 
2.869224 
3.744991 
3.292919 
3.448715 
3.215503 
3.402724 
3.383541 
4.189077 
3.286467 
3.394263 
3.109719 
3.306159 
3.154339 
2.783382 
3.187394 
3.689401 
2.926012 
2.734094 
2.929970 
2.056376 
1.441388 
1.004246 
0.952322 
0.736829 
1.122495 
1.298377 
1.125320 
1.700293 
1.645685 
1.700583 
2.066382 
2.067646 
1.974205 
1.793672 
1.589366 
1.261307 
1.264182 
0.881936 
1.208723 
1.600706 
1.633816 
1.925833 
2.192800 
2.135856 
2.447546 
2.615200 
2.255962 
2.887518 
2.364456 
2.024817 
1.757070 
1.668134 
1.463807 
1.308359 
1.216099 
1.365181 
1.066734 
1.451760 
1.529410 
1.147309 
1.171711 
1.190054 
1.277428 
1.069108 
1.241844 
1.327215 
1.338736 
1.281540 
1.700679 
1.738727 
2.031004 
2.233583 
2.597296 
2.007202 
2.341718 
2.857625 
2.909183 
3.450376 
3.582396 
3.032671 
2.734149 
2.791574 
3.413562 
2.842318 
1.709723 
1.703916 
1.229718 
1.110330 
1.126699 
0.999762 
0.992604 
0.879761 
0.846110 
0.978160 
1.220913 
1.510209 
1.675724 
1.819301 
2.573712 
2.937116 
2.559097 
3.690174 
3.400183 
3.287600 
3.696534 
3.633415 
3.238019 
3.528512 
3.235840 
3.199976 
3.437354 
3.442906 
3.423865 
3.047689 
2.864918 
3.456754 
2.590506 
2.375594 
3.088546 
3.651237 
2.745342 
2.719106 
3.110494 
2.432729 
3.070879 
3.005715 
3.345234 
2.751205 
3.044302 
3.595589 
3.238594 
3.396959 
3.309589 
3.177075 
3.684376 
3.056103 
3.327567 
2.782651 
3.386630 
2.705903 
1.825468 
2.734011 
2.256864 
2.482699 
3.029188 
2.710934 
2.742577 
2.780324 
3.234769 
3.134401 
2.860064 
3.183980 
2.906736 
3.191101 
3.494629 
2.899508 
3.095299 
2.764184 
3.133764 
3.078412 
2.895149 
3.061072 
3.149198 
2.776083 
3.320784 
2.879738 
3.038117 
2.098862 
2.271590 
2.029921 
1.861094 
1.808978 
1.490445 
1.762365 
2.187516 
2.576327 
3.155786 
2.512535 
2.953056 
2.635206 
3.237317 
3.314439 
2.831344 
3.144360 
3.272677 
2.669138 
2.499625 
2.713701 
2.983213 
2.757544 
3.004262 
2.688002 
3.396969 
2.852539 
2.234733 
2.957480 
2.681314 
2.099931 
2.309294 
2.031995 
2.293888 
2.356329 
1.842711 
1.860463 
2.313049 
2.423851 
2.368764 
1.774251 
2.031875 
2.378225 
2.323122 
1.892453 
2.755492 
2.594697 
2.507587 
1.956388 
2.335056 
1.822307 
1.880349 
1.810624 
1.507921 
1.092785 
1.058391 
0.809545 
0.867498 
0.770359 
0.717873 
0.720914 
0.932934 
0.774776 
0.650674 
0.795692 
0.681566 
0.714015 
0.742234 
0.679896 
0.768812 
0.731973 
1.009798 
1.022604 
1.128557 
1.261320 
1.336637 
1.634777 
1.761056 
2.262803 
2.527150 
2.716993 
2.583275 
1.845692 
1.833903 
1.884046 
1.822100 
1.779139 
1.648452 
1.640225 
1.443754 
1.358914 
1.450312 
1.257756 
1.496913 
1.164567 
1.262740 
1.413343 
1.376151 
1.295014 
1.494421 
1.423562 
1.719127 
1.990169 
1.786089 
1.946765 
2.363861 
2.282207 
2.468895 
1.950035 
2.151758 
2.038739 
2.213601 
1.696624 
1.826122 
1.482496 
1.386085 
1.553685 
1.561047 
1.072219 
1.306814 
1.361362 
1.472736 
1.286272 
1.317812 
1.384257 
1.150563 
1.299171 
1.623210 
1.731769 
1.640699 
1.630618 
1.804126 
1.524229 
1.605163 
1.667860 
1.588001 
1.971740 
1.557016 
1.179380 
1.000192 
1.189933 
1.096839 
1.244027 
1.299812 
1.447349 
1.481671 
1.426989 
1.250409 
1.058341 
0.935871 
0.755535 
0.878595 
0.721214 
0.789279 
0.915467 
0.957564 
0.876916 
0.969113 
0.870078 
0.852421 
0.950014 
0.922746 
0.876556 
0.725913 
0.920561 
0.931707 
0.871022 
0.786995 
0.723977 
0.597360 
0.683072 
0.761163 
0.640606 
0.587170 
0.529016 
0.577583 
0.471364 
0.472070 
0.324651 
0.485869 
0.319657 
0.359487 
0.380491 
0.335594 
0.278109 
0.318668 
0.317128 
0.288769 
0.268834 
0.291971 
0.240849 
0.236813 
0.314604 
0.270859 
0.281619 
0.298333 
0.263777 
0.352383 
0.302575 
0.320244 
0.334240 
0.363696 
0.387983 
0.376570 
0.379392 
0.391298 
0.352148 
0.458416 
0.429546 
0.397443 
0.339347 
0.453233 
0.445601 
0.480110 
0.475296 
0.504434 
0.385413 
0.572156 
0.438353 
0.612554 
0.477009 
0.475588 
0.512093 
0.536155 
0.566113 
0.547921 
0.440262 
0.549433 
0.447812 
0.630947 
0.689396 
0.573651 
0.697278 
0.743635 
0.592167 
0.693654 
0.751021 
0.911593 
1.081738 
0.949903 
1.179604 
1.159440 
0.892641 
0.969756 
1.215467 
1.019207 
0.963631 
0.713083 
0.778389 
0.525323 
0.590869 
0.523405 
0.554713 
0.485029 
0.449810 
0.504371 
0.498053 
0.419000 
0.338576 
0.355130 
0.309580 
0.245298 
0.301944 
0.259173 
0.258973 
0.207149 
0.237554 
0.225716 
0.166942 
0.185139 
0.206669 
0.172207 
0.214178 
0.266677 
0.213239 
0.245277 
0.237704 
0.255514 
0.173857 
0.229277 
0.235457 
0.219160 
0.242847 
0.202477 
0.200269 
0.228774 
0.184682 
0.217958 
0.225290 
0.274898 
0.212667 
0.245206 
0.190660 
0.252009 
0.218347 
0.179970 
0.224174 
0.151309 
0.179107 
0.160310 
0.157340 
0.131739 
0.097956 
0.128555 
0.125596 
0.130329 
0.128021 
0.107866 
0.113710 
0.102477 
0.118735 
0.108587 
0.082428 
0.102263 
0.097942 
0.082501 
0.090566 
0.090337 
0.075354 
0.093598 
0.073461 
0.070126 
0.066747 
0.057639 
0.058693 
0.055021 
0.046820 
0.043511 
0.042250 
0.044958 
0.044314 
0.035167 
0.035841 
0.028994 
0.028312 
0.027793 
0.020898 
0.021916 
0.021015 
0.019572 
0.021594 
0.023445 
0.020679 
0.021763 
0.025533 
0.021865 
0.015471 
0.021811 
0.025095 
0.023431 
0.024119 
0.018495 
0.021783 
0.021119 
0.020411 
0.020391 
0.015572 
0.016315 
0.013587 
0.012548 
0.009762 
0.009421 
0.009304 
0.009240 
0.008744 
0.007402 
0.008083 
0.007651 
0.007816 
0.007288 
0.008527 
0.008147 
0.007850 
0.008932 
0.008866 
0.008271 
0.007715 
0.006705 
0.005848 
0.005585 
0.004809 
0.005156 
0.004311 
0.003506 
0.003187 
0.002706 
0.001941 
0.001371 
0.000920 
0.000451 
0.000254 
0.000130 
0.000089 
0.000042 
0.000013 
0.000000 
0.000000 
0.000000 
0.000000 
0.000000 
0.000000 
0.000000 
0.000000 
0.000000 
0.000000 
0.000000 
0.000000 
0.000000 
0.000000 
0.000000 
0.000000 
0.000000 
0.000000 
0.000000 
0.000000 
0.000000 
0.000000 
0.000000 
0.000000 
0.000000 
0.000000 
0.000000 
0.000000 
0.000000 
0.000000 
0.000000 
0.000000 
0.000000 
0.000000 
0.000000 
0.000000 
0.000000 
0.000000 
0.000000 
0.000000 
0.000000 
0.000000 
0.000000 
0.000000 
0.000000 
0.000000 
0.000000 
0.000000 
0.000000 
0.000000 
0.000000 
0.000000 
0.000000 
0.000000 
0.000000 
0.000000 
0.000000 
0.000000 
0.000000 
0.000000 
0.000000 
0.000000 
0.000000 
0.000000 
0.000000 
0.000000 
0.000000 
0.000000 
0.000000 
0.000000 
0.000000 
0.000000 
0.000000 
0.000000 
0.000000 
0.000000 
0.000000 
0.000000 
0.000000 
0.000000 
0.000000 
0.000000 
0.000000 
0.000000 
0.000000 
0.000000 
0.000000 
0.000000 
0.000000 
0.000000 
0.000000 
0.000000 
0.000000 
0.000000 
0.000000 
0.000000 
0.000000 
0.000000 
0.000000 
0.000000 
0.000000 
0.000000 
0.000000 
0.000000 
0.000000 
0.000000 
0.000000 
0.000000 
0.000000 
0.000000 
0.000000 
0.000000 
0.000000 
0.000000 
0.000000 
0.000000 
0.000000 
0.000000 
0.000000 
0.000000 
0.000000 
0.000000 
0.000000 
0.000000 
0.000000 
0.000000 
0.000000 
0.000000 
0.000000 
0.000000 
0.000000 
0.000000 
0.000000 
0.000000 
0.000000 
0.000000 
0.000000 
0.000000 
0.000000 
0.000000 
0.000000 
0.000000 
0.000000 
0.000000 
0.000000 
0.000000 
0.000000 
0.000000 
0.000000 
0.000000 
0.000000 
0.000000 
0.000000 
0.000000 
0.000000 
0.000000 
0.000000 
0.000000 
0.000000 
0.000000 
0.000000 
0.000000 
0.000000 
0.000000 
0.000000 
0.000000 
0.000000 
0.000000 
0.000000 
0.000000 
0.000000 
0.000000 
0.000000 
0.000000 
0.000000 
0.000000 
0.000000 
0.000000 
0.000000 
0.000000 
0.000000 
0.000000 
0.000000 
0.000000 
0.000000 
0.000000 
0.000000 
0.000000 
0.000000 
0.000000 
0.000000 
