0.000000 
0.000000 
0.000000 
0.000000 
0.000000 
0.000000 
0.000000 
0.000000 
0.000000 
0.000000 
0.000000 
0.000000 
0.000000 
0.000000 
0.000000 
0.000000 
0.000000 
0.000000 
0.000000 
0.000000 
0.000000 
0.000000 
0.000000 
0.000000 
0.000000 
0.000000 
0.000000 
0.000000 
0.000000 
0.000000 
0.000000 
0.000000 
0.000000 
0.000000 
0.000000 
0.000000 
0.000000 
0.000000 
0.000000 
0.000000 
0.000000 
0.000000 
0.000000 
0.000000 
0.000000 
0.000000 
0.000000 
0.000000 
0.000000 
0.000000 
0.000000 
0.000000 
0.000000 
0.000000 
0.000000 
0.000000 
0.000000 
0.000000 
0.000000 
0.000000 
0.000000 
0.000000 
0.000000 
0.000000 
0.000000 
0.000000 
0.000000 
0.000000 
0.000000 
0.000000 
0.000000 
0.000000 
0.000000 
0.000000 
0.000000 
0.000000 
0.000000 
0.000000 
0.000000 
0.000000 
0.000000 
0.000000 
0.000000 
0.000000 
0.000000 
0.000000 
0.000000 
0.000000 
0.000000 
0.000000 
0.000000 
0.000000 
0.000000 
0.000000 
0.000000 
0.000000 
0.000000 
0.000000 
0.000000 
0.000000 
0.000000 
0.000000 
0.000000 
0.000000 
0.000000 
0.000000 
0.000000 
0.000000 
0.000000 
0.000000 
0.000000 
0.000000 
0.000000 
0.000000 
0.000000 
0.000000 
0.000000 
0.000000 
0.000000 
0.000000 
0.000000 
0.000000 
0.000000 
0.000000 
0.000000 
0.000000 
0.000000 
0.000000 
0.000000 
0.000000 
0.000000 
0.000000 
0.000000 
0.000000 
0.000000 
0.000000 
0.000000 
0.000000 
0.000000 
0.000000 
0.000000 
0.000000 
0.000000 
0.000000 
0.000000 
0.000000 
0.000000 
0.000000 
0.000000 
0.000000 
0.000000 
0.000000 
0.000000 
0.000000 
0.000000 
0.000000 
0.000000 
0.000000 
0.000000 
0.000000 
0.000000 
0.000000 
0.000000 
0.000000 
0.000000 
0.000000 
0.000000 
0.000000 
0.000000 
0.000000 
0.000000 
0.000000 
0.000000 
0.000000 
0.000000 
0.000000 
0.000000 
0.000000 
0.000000 
0.000000 
0.000000 
0.000000 
0.000000 
0.000000 
0.000000 
0.000000 
0.000000 
0.000000 
0.000000 
0.000000 
0.000000 
0.000000 
0.000000 
0.000000 
0.000000 
0.000000 
0.000000 
0.000000 
0.000000 
0.000000 
0.000000 
0.000000 
0.000000 
0.000000 
0.000000 
0.000000 
0.000000 
0.000000 
0.000000 
0.000000 
0.000000 
0.000000 
0.000000 
0.000000 
0.000000 
0.000000 
0.000000 
0.000000 
0.000000 
0.000000 
0.000000 
0.000000 
0.000000 
0.000000 
0.000000 
0.000073 
0.000215 
0.000501 
0.000711 
0.001276 
0.001601 
0.002426 
0.003377 
0.003745 
0.004671 
0.005587 
0.006894 
0.010874 
0.011440 
0.015770 
0.016115 
0.019401 
0.020629 
0.025411 
0.032078 
0.031577 
0.036516 
0.036391 
0.045181 
0.042401 
0.033742 
0.031773 
0.040474 
0.035984 
0.044651 
0.039116 
0.043464 
0.037613 
0.038032 
0.037778 
0.038509 
0.041920 
0.031265 
0.032754 
0.040641 
0.045268 
0.047518 
0.048639 
0.053502 
0.055473 
0.055437 
0.063251 
0.064269 
0.073751 
0.078993 
0.068672 
0.068769 
0.076590 
0.072371 
0.088799 
0.082379 
0.077525 
0.082352 
0.069332 
0.084603 
0.079623 
0.101334 
0.114454 
0.096375 
0.109128 
0.104924 
0.096965 
0.099094 
0.101399 
0.109249 
0.113128 
0.124917 
0.124012 
0.127872 
0.108378 
0.106393 
0.135992 
0.126357 
0.106086 
0.134388 
0.108445 
0.134007 
0.151810 
0.131271 
0.131707 
0.169560 
0.141708 
0.163644 
0.167102 
0.149714 
0.171831 
0.154675 
0.163964 
0.154785 
0.190663 
0.159978 
0.176474 
0.197486 
0.177171 
0.182870 
0.202036 
0.206883 
0.245196 
0.271487 
0.234640 
0.310008 
0.284806 
0.359971 
0.305073 
0.333816 
0.349530 
0.394502 
0.370393 
0.410011 
0.390655 
0.392487 
0.407074 
0.363911 
0.288972 
0.324490 
0.367516 
0.338422 
0.357714 
0.377530 
0.387019 
0.413997 
0.490326 
0.503883 
0.457261 
0.430086 
0.593179 
0.518333 
0.459078 
0.507648 
0.634771 
0.568405 
0.458069 
0.643982 
0.748217 
0.846296 
0.802519 
0.782524 
0.822435 
0.821400 
0.806334 
1.034234 
1.160372 
1.079243 
0.966758 
1.129994 
1.176656 
1.260072 
1.336783 
1.011186 
1.089764 
1.121186 
1.216037 
1.063106 
0.955400 
0.998983 
1.070782 
1.071498 
1.063206 
1.114014 
1.118401 
1.106365 
0.979408 
0.919245 
0.747883 
0.857062 
0.910999 
1.107288 
1.061926 
0.995957 
0.976499 
0.923450 
1.216026 
1.337579 
1.198897 
1.370206 
1.136805 
1.557917 
1.214699 
1.364840 
1.355561 
1.064693 
1.040151 
1.071926 
1.012065 
1.037818 
0.814215 
0.986584 
1.097890 
1.250020 
1.377403 
1.400072 
1.272776 
1.630385 
1.395925 
1.300221 
1.693476 
1.502351 
1.089328 
1.358594 
1.416250 
1.519048 
1.769555 
1.465162 
1.674959 
1.776084 
1.956862 
1.548713 
1.937750 
1.979495 
2.112559 
1.784914 
2.107883 
1.947400 
2.173864 
1.948914 
1.706156 
2.421641 
2.072664 
2.228180 
2.148913 
2.254899 
2.245690 
2.170812 
2.065511 
2.366206 
2.167434 
1.844538 
2.368724 
2.153089 
2.472925 
2.557867 
2.724210 
2.088982 
1.977177 
2.047454 
1.647312 
1.709272 
0.958308 
1.033145 
0.789606 
0.838924 
1.219581 
1.264417 
1.984139 
1.790191 
2.170403 
2.195245 
2.098142 
2.012984 
2.075726 
2.156762 
1.970488 
1.992516 
1.923276 
2.196136 
2.365893 
1.925995 
2.332590 
2.168138 
2.492750 
2.354323 
1.790049 
2.186700 
2.326951 
2.539147 
1.949111 
2.069467 
2.166720 
2.438184 
2.397511 
2.362297 
2.022712 
1.909332 
1.923019 
1.870650 
1.897993 
2.088265 
2.387122 
2.470761 
2.425011 
2.344821 
2.103841 
1.942662 
1.556349 
1.342841 
0.893298 
0.806498 
0.608069 
0.400605 
0.449875 
0.514936 
0.910838 
1.131042 
1.212959 
1.845499 
1.668655 
2.341191 
2.679959 
2.318689 
2.156314 
2.590917 
2.634691 
2.599333 
2.735538 
2.610100 
2.565790 
2.666223 
2.568463 
2.457787 
2.970971 
2.667051 
2.767590 
3.246308 
2.757224 
2.750992 
2.925812 
3.316052 
2.655845 
2.871701 
2.870481 
2.751154 
3.271138 
2.946827 
2.632622 
3.150977 
3.409516 
2.987936 
3.006595 
2.716876 
2.905259 
2.622299 
3.664157 
2.997601 
2.807573 
3.175538 
3.496569 
2.536558 
2.868579 
3.197320 
2.905494 
2.976629 
3.510849 
3.552135 
3.314884 
3.355039 
3.113149 
2.433700 
3.397102 
3.452974 
3.324318 
2.956313 
3.106085 
3.877670 
2.965910 
2.983447 
2.966618 
2.956943 
3.106041 
3.688687 
2.882414 
3.238637 
3.178169 
3.218168 
2.939781 
3.455287 
4.073253 
2.392237 
2.747042 
1.962035 
2.091051 
1.744788 
1.936787 
2.379366 
2.588727 
2.716422 
3.022724 
2.486607 
2.897426 
3.976644 
4.134300 
3.957133 
3.982794 
3.040702 
2.899612 
3.091111 
2.794766 
2.997289 
3.029400 
2.310615 
2.258264 
2.394361 
1.790550 
1.558301 
1.526340 
1.472775 
1.577813 
2.545876 
2.894913 
3.183016 
3.650541 
3.311773 
4.272976 
3.116233 
3.499266 
2.712382 
3.149966 
2.451288 
2.646897 
2.052834 
2.215641 
2.097985 
2.694004 
3.601690 
2.808728 
4.182951 
3.706404 
3.488087 
3.471597 
4.005505 
4.211080 
3.707505 
3.177198 
3.225374 
3.634653 
3.519136 
3.429471 
2.935245 
3.169045 
3.462008 
3.309220 
3.818749 
3.570181 
3.365995 
2.920493 
2.514795 
2.267034 
1.447878 
0.937033 
1.004706 
0.928941 
0.787650 
0.626604 
0.737037 
0.815322 
0.769802 
0.961793 
1.207758 
1.988167 
2.787829 
3.126385 
2.997642 
3.715056 
3.883730 
4.312097 
3.323318 
4.190246 
3.950896 
3.559595 
3.576345 
4.091459 
3.475910 
3.316957 
4.411571 
3.465266 
3.981600 
4.001445 
3.441807 
4.460823 
3.672463 
3.122522 
3.457356 
3.536514 
4.305691 
3.768393 
3.862312 
3.270841 
2.406168 
2.115811 
0.935098 
0.972146 
1.249723 
1.188748 
1.254536 
1.559108 
1.760755 
1.585220 
2.105223 
2.151499 
2.542303 
2.329942 
1.884932 
1.788911 
1.671114 
1.471420 
1.308416 
1.190817 
1.590630 
1.880357 
2.007929 
2.292082 
2.596616 
3.133232 
2.472525 
2.935304 
2.814754 
2.699649 
2.714311 
1.999672 
1.473756 
1.508463 
1.316111 
1.380910 
1.767469 
1.498674 
1.636580 
1.381263 
1.573507 
1.133986 
1.366058 
1.470489 
1.459393 
1.364836 
1.743768 
1.793085 
1.684623 
1.903947 
2.065657 
1.911633 
2.109463 
2.286116 
2.393815 
3.148715 
2.622435 
3.325845 
3.255537 
4.008392 
3.990892 
2.892539 
3.223887 
3.367956 
2.940272 
2.954356 
1.820371 
1.625107 
1.247240 
1.318914 
1.212613 
0.912145 
1.113062 
1.005310 
1.133915 
1.384975 
1.522233 
1.696959 
2.163494 
2.297038 
3.179204 
2.990025 
3.972243 
4.502477 
4.271314 
3.447102 
3.808612 
3.832253 
3.505430 
4.355614 
3.223904 
3.669181 
3.538073 
4.101945 
3.530932 
3.636399 
3.626516 
3.572448 
3.372281 
3.278761 
3.170197 
3.556510 
3.049616 
3.268297 
3.082641 
3.295819 
3.685507 
3.825724 
3.064978 
3.353510 
3.903887 
4.084625 
4.097296 
3.852956 
4.071354 
3.956873 
3.250537 
3.807922 
2.992746 
3.363131 
2.837354 
2.623165 
3.041865 
2.325992 
2.839454 
2.751393 
2.988955 
3.694506 
4.109917 
3.276866 
3.404185 
2.934527 
3.091956 
3.548116 
3.119554 
3.657270 
3.464742 
3.220480 
4.001748 
3.759534 
2.856755 
3.503881 
2.799737 
3.304057 
3.499267 
3.457276 
2.815776 
3.417752 
2.498308 
2.063278 
2.119983 
2.168301 
2.006660 
2.209583 
2.350414 
2.376522 
2.922643 
3.299681 
3.395506 
3.929255 
3.273311 
3.555284 
3.194321 
2.835733 
3.307149 
3.292826 
2.889961 
3.246953 
2.735452 
3.024653 
2.942957 
2.678784 
3.355016 
3.533060 
3.422478 
2.565465 
2.904200 
2.436229 
2.993726 
2.557408 
3.024466 
2.701150 
2.704210 
1.968815 
3.032331 
2.205403 
2.465963 
2.266896 
2.098238 
1.948135 
2.455794 
3.147006 
2.801221 
2.390862 
2.269465 
2.627832 
2.528958 
2.726742 
2.110261 
2.760635 
1.943565 
1.783984 
1.107592 
0.883224 
1.043630 
0.958474 
0.928574 
0.853963 
0.871456 
0.822645 
0.888060 
0.847569 
0.782580 
0.802741 
0.781970 
0.833475 
0.887240 
0.864581 
1.049628 
0.983912 
1.062720 
1.447669 
1.618234 
1.860732 
2.045862 
1.886131 
2.536174 
2.534233 
2.391390 
2.653379 
2.683628 
2.352232 
2.159355 
1.750838 
1.955417 
1.689945 
1.838480 
1.361956 
1.394910 
1.494494 
1.547178 
1.505682 
1.513245 
1.621468 
1.495019 
1.564372 
1.749155 
1.637451 
1.603783 
2.075032 
2.403394 
2.205659 
2.945321 
3.005115 
2.541397 
2.276035 
2.269013 
2.455524 
2.740368 
2.792158 
2.245373 
2.168905 
1.740035 
1.626738 
1.656703 
1.598140 
1.536497 
1.961023 
1.593787 
1.711016 
1.695925 
1.252133 
1.712471 
2.009537 
1.713227 
1.830404 
1.553453 
2.085458 
1.788599 
2.331685 
1.609745 
2.198680 
2.263700 
1.945896 
1.870037 
1.638962 
1.750327 
1.284842 
1.133472 
1.382602 
1.440302 
1.903244 
1.778713 
1.941263 
1.837778 
1.497063 
1.225002 
0.971149 
0.886593 
0.836736 
0.974677 
1.011235 
1.027582 
0.854100 
1.199469 
0.939211 
1.003981 
0.927517 
0.981430 
0.978548 
0.806774 
1.100948 
0.897309 
1.068542 
0.797701 
0.860643 
0.722726 
0.875104 
0.834781 
0.819361 
0.580599 
0.657534 
0.662095 
0.611869 
0.566447 
0.510358 
0.418362 
0.373215 
0.457496 
0.374500 
0.330691 
0.341286 
0.351599 
0.263053 
0.373984 
0.315648 
0.323241 
0.401343 
0.307175 
0.306891 
0.356980 
0.327441 
0.376195 
0.317272 
0.343876 
0.323407 
0.356745 
0.363746 
0.382762 
0.408001 
0.425447 
0.376755 
0.403144 
0.499441 
0.504324 
0.505896 
0.512176 
0.474691 
0.536879 
0.496651 
0.536087 
0.527575 
0.586187 
0.608565 
0.593507 
0.629404 
0.588691 
0.608325 
0.516086 
0.564099 
0.584403 
0.529267 
0.528888 
0.571922 
0.600989 
0.508100 
0.604197 
0.596925 
0.656629 
0.689852 
0.661331 
0.681645 
0.648272 
0.875415 
1.044105 
0.993253 
0.960506 
1.404611 
1.304560 
1.346744 
1.257543 
1.209671 
1.089566 
1.172708 
1.089332 
0.922238 
0.854651 
0.581717 
0.662546 
0.731378 
0.494328 
0.604163 
0.614226 
0.552750 
0.518493 
0.417047 
0.451415 
0.383959 
0.363858 
0.304849 
0.315399 
0.284870 
0.267270 
0.242324 
0.280757 
0.254665 
0.223508 
0.261166 
0.202293 
0.191965 
0.258496 
0.254096 
0.223879 
0.284312 
0.241317 
0.207135 
0.284170 
0.258579 
0.221249 
0.245704 
0.250947 
0.215265 
0.240027 
0.212648 
0.222101 
0.239679 
0.245438 
0.238606 
0.289687 
0.241829 
0.270225 
0.269664 
0.232950 
0.271023 
0.224554 
0.219258 
0.225285 
0.160687 
0.168557 
0.149832 
0.152654 
0.129128 
0.123333 
0.153185 
0.124243 
0.118032 
0.121553 
0.108644 
0.118284 
0.115780 
0.096546 
0.110073 
0.110514 
0.096404 
0.113101 
0.087654 
0.104688 
0.092578 
0.071711 
0.078797 
0.089196 
0.070931 
0.075720 
0.056233 
0.059391 
0.051972 
0.051703 
0.053629 
0.049678 
0.037134 
0.042355 
0.034508 
0.025808 
0.023286 
0.027867 
0.027438 
0.027141 
0.023417 
0.023009 
0.027190 
0.022249 
0.023940 
0.023102 
0.027348 
0.022367 
0.024527 
0.026645 
0.029056 
0.030313 
0.023264 
0.016776 
0.025480 
0.023795 
0.019359 
0.025003 
0.018965 
0.018530 
0.009624 
0.012787 
0.011230 
0.010270 
0.007683 
0.010562 
0.010029 
0.009130 
0.007558 
0.009302 
0.008577 
0.008815 
0.009502 
0.008233 
0.007487 
0.008893 
0.008890 
0.008436 
0.006163 
0.006094 
0.005497 
0.005764 
0.005518 
0.004721 
0.003207 
0.003270 
0.002986 
0.002296 
0.001711 
0.000853 
0.000468 
0.000285 
0.000150 
0.000104 
0.000052 
0.000012 
0.000000 
0.000000 
0.000000 
0.000000 
0.000000 
0.000000 
0.000000 
0.000000 
0.000000 
0.000000 
0.000000 
0.000000 
0.000000 
0.000000 
0.000000 
0.000000 
0.000000 
0.000000 
0.000000 
0.000000 
0.000000 
0.000000 
0.000000 
0.000000 
0.000000 
0.000000 
0.000000 
0.000000 
0.000000 
0.000000 
0.000000 
0.000000 
0.000000 
0.000000 
0.000000 
0.000000 
0.000000 
0.000000 
0.000000 
0.000000 
0.000000 
0.000000 
0.000000 
0.000000 
0.000000 
0.000000 
0.000000 
0.000000 
0.000000 
0.000000 
0.000000 
0.000000 
0.000000 
0.000000 
0.000000 
0.000000 
0.000000 
0.000000 
0.000000 
0.000000 
0.000000 
0.000000 
0.000000 
0.000000 
0.000000 
0.000000 
0.000000 
0.000000 
0.000000 
0.000000 
0.000000 
0.000000 
0.000000 
0.000000 
0.000000 
0.000000 
0.000000 
0.000000 
0.000000 
0.000000 
0.000000 
0.000000 
0.000000 
0.000000 
0.000000 
0.000000 
0.000000 
0.000000 
0.000000 
0.000000 
0.000000 
0.000000 
0.000000 
0.000000 
0.000000 
0.000000 
0.000000 
0.000000 
0.000000 
0.000000 
0.000000 
0.000000 
0.000000 
0.000000 
0.000000 
0.000000 
0.000000 
0.000000 
0.000000 
0.000000 
0.000000 
0.000000 
0.000000 
0.000000 
0.000000 
0.000000 
0.000000 
0.000000 
0.000000 
0.000000 
0.000000 
0.000000 
0.000000 
0.000000 
0.000000 
0.000000 
0.000000 
0.000000 
0.000000 
0.000000 
0.000000 
0.000000 
0.000000 
0.000000 
0.000000 
0.000000 
0.000000 
0.000000 
0.000000 
0.000000 
0.000000 
0.000000 
0.000000 
0.000000 
0.000000 
0.000000 
0.000000 
0.000000 
0.000000 
0.000000 
0.000000 
0.000000 
0.000000 
0.000000 
0.000000 
0.000000 
0.000000 
0.000000 
0.000000 
0.000000 
0.000000 
0.000000 
0.000000 
0.000000 
0.000000 
0.000000 
0.000000 
0.000000 
0.000000 
0.000000 
0.000000 
0.000000 
0.000000 
0.000000 
0.000000 
0.000000 
0.000000 
0.000000 
0.000000 
0.000000 
0.000000 
0.000000 
0.000000 
0.000000 
0.000000 
0.000000 
0.000000 
0.000000 
0.000000 
0.000000 
0.000000 
