0.000000 
0.000000 
0.000000 
0.000000 
0.000000 
0.000000 
0.000000 
0.000000 
0.000000 
0.000000 
0.000000 
0.000000 
0.000000 
0.000000 
0.000000 
0.000000 
0.000000 
0.000000 
0.000000 
0.000000 
0.000000 
0.000000 
0.000000 
0.000000 
0.000000 
0.000000 
0.000000 
0.000000 
0.000000 
0.000000 
0.000000 
0.000000 
0.000000 
0.000000 
0.000000 
0.000000 
0.000000 
0.000000 
0.000000 
0.000000 
0.000000 
0.000000 
0.000000 
0.000000 
0.000000 
0.000000 
0.000000 
0.000000 
0.000000 
0.000000 
0.000000 
0.000000 
0.000000 
0.000000 
0.000000 
0.000000 
0.000000 
0.000000 
0.000000 
0.000000 
0.000000 
0.000000 
0.000000 
0.000000 
0.000000 
0.000000 
0.000000 
0.000000 
0.000000 
0.000000 
0.000000 
0.000000 
0.000000 
0.000000 
0.000000 
0.000000 
0.000000 
0.000000 
0.000000 
0.000000 
0.000000 
0.000000 
0.000000 
0.000000 
0.000000 
0.000000 
0.000000 
0.000000 
0.000000 
0.000000 
0.000000 
0.000000 
0.000000 
0.000000 
0.000000 
0.000000 
0.000000 
0.000000 
0.000000 
0.000000 
0.000000 
0.000000 
0.000000 
0.000000 
0.000000 
0.000000 
0.000000 
0.000000 
0.000000 
0.000000 
0.000000 
0.000000 
0.000000 
0.000000 
0.000000 
0.000000 
0.000000 
0.000000 
0.000000 
0.000000 
0.000000 
0.000000 
0.000000 
0.000000 
0.000000 
0.000000 
0.000000 
0.000000 
0.000000 
0.000000 
0.000000 
0.000000 
0.000000 
0.000000 
0.000000 
0.000000 
0.000000 
0.000000 
0.000000 
0.000000 
0.000000 
0.000000 
0.000000 
0.000000 
0.000000 
0.000000 
0.000000 
0.000000 
0.000000 
0.000000 
0.000000 
0.000000 
0.000000 
0.000000 
0.000000 
0.000000 
0.000000 
0.000000 
0.000000 
0.000000 
0.000000 
0.000000 
0.000000 
0.000000 
0.000000 
0.000000 
0.000000 
0.000000 
0.000000 
0.000000 
0.000000 
0.000000 
0.000000 
0.000000 
0.000000 
0.000000 
0.000000 
0.000000 
0.000000 
0.000000 
0.000000 
0.000000 
0.000000 
0.000000 
0.000000 
0.000000 
0.000000 
0.000000 
0.000000 
0.000000 
0.000000 
0.000000 
0.000000 
0.000000 
0.000000 
0.000000 
0.000000 
0.000000 
0.000000 
0.000000 
0.000000 
0.000000 
0.000000 
0.000000 
0.000000 
0.000000 
0.000000 
0.000000 
0.000000 
0.000000 
0.000000 
0.000000 
0.000000 
0.000000 
0.000000 
0.000000 
0.000000 
0.000000 
0.000000 
0.000000 
0.000000 
0.000000 
0.000000 
0.000000 
0.000000 
0.000021 
0.000104 
0.000227 
0.000333 
0.000421 
0.000710 
0.001048 
0.001208 
0.001487 
0.001763 
0.002593 
0.002555 
0.003736 
0.004563 
0.005011 
0.005805 
0.007201 
0.007873 
0.008161 
0.013007 
0.013788 
0.013411 
0.014169 
0.012609 
0.015182 
0.016350 
0.016959 
0.012486 
0.014384 
0.017957 
0.017947 
0.016763 
0.013849 
0.014440 
0.013887 
0.012504 
0.014910 
0.014375 
0.016096 
0.017914 
0.018429 
0.017585 
0.018902 
0.019433 
0.023582 
0.027439 
0.024421 
0.024568 
0.030969 
0.024755 
0.027993 
0.033467 
0.031640 
0.031269 
0.033589 
0.033322 
0.029126 
0.041155 
0.034836 
0.030684 
0.036968 
0.035131 
0.038994 
0.034614 
0.038460 
0.039998 
0.043005 
0.044306 
0.051465 
0.036668 
0.042171 
0.043504 
0.048402 
0.048127 
0.054033 
0.049994 
0.042516 
0.050866 
0.047212 
0.051341 
0.052371 
0.048001 
0.064483 
0.051596 
0.059005 
0.055300 
0.048325 
0.049288 
0.052471 
0.060216 
0.068167 
0.073265 
0.063083 
0.062695 
0.075302 
0.075536 
0.066487 
0.079393 
0.059260 
0.072109 
0.085045 
0.086422 
0.085053 
0.092141 
0.102408 
0.122280 
0.118658 
0.149073 
0.122102 
0.157792 
0.146763 
0.146976 
0.174137 
0.170074 
0.142440 
0.186227 
0.143281 
0.136693 
0.129304 
0.145254 
0.141009 
0.137559 
0.140421 
0.171780 
0.182530 
0.167868 
0.185077 
0.153241 
0.181482 
0.183410 
0.198393 
0.215369 
0.203185 
0.203756 
0.195601 
0.210582 
0.280735 
0.243637 
0.328933 
0.299561 
0.313428 
0.360107 
0.314482 
0.326447 
0.294536 
0.413761 
0.505617 
0.484905 
0.553997 
0.615804 
0.543758 
0.463760 
0.443606 
0.495886 
0.439580 
0.404425 
0.335337 
0.402667 
0.383832 
0.300764 
0.355659 
0.375759 
0.442320 
0.373134 
0.376299 
0.448526 
0.340801 
0.368496 
0.317430 
0.357382 
0.328105 
0.344685 
0.330533 
0.343283 
0.355148 
0.377681 
0.446625 
0.435437 
0.421519 
0.386385 
0.509167 
0.471150 
0.529558 
0.444610 
0.460576 
0.421675 
0.407008 
0.361425 
0.412255 
0.367429 
0.305266 
0.396850 
0.480819 
0.544227 
0.496671 
0.557070 
0.510468 
0.658591 
0.573169 
0.604790 
0.607764 
0.544949 
0.618265 
0.555622 
0.610240 
0.697333 
0.686873 
0.641208 
0.589323 
0.722221 
0.689894 
0.690241 
0.668431 
0.669796 
0.663648 
0.817474 
0.756939 
0.679370 
0.598517 
0.805177 
0.767514 
0.752431 
0.869062 
0.890262 
0.963659 
0.860157 
0.822055 
0.774105 
0.904066 
0.883375 
0.893257 
0.819530 
0.944559 
0.945634 
0.896051 
0.987189 
0.871391 
0.876525 
0.756604 
0.693654 
0.659384 
0.490655 
0.403943 
0.398580 
0.288026 
0.402300 
0.361344 
0.566708 
0.534576 
0.724680 
0.594701 
0.874518 
0.915496 
0.681708 
0.835196 
0.939631 
0.878070 
0.879797 
0.878962 
0.934543 
0.950165 
0.807355 
0.896758 
0.983732 
0.805995 
0.844227 
0.976800 
0.944700 
0.866814 
0.885009 
0.931493 
0.974637 
1.008778 
0.802180 
0.779820 
1.062589 
0.857848 
0.893677 
0.822058 
0.792342 
0.722583 
0.995856 
0.847328 
0.997172 
0.936799 
0.944812 
0.908168 
0.807551 
0.536829 
0.493188 
0.372352 
0.273337 
0.242456 
0.179601 
0.166878 
0.196211 
0.340573 
0.405771 
0.538772 
0.582202 
0.752644 
0.997247 
0.874148 
0.879685 
0.892267 
1.109090 
1.267502 
0.919945 
1.034332 
1.086474 
1.094619 
0.942115 
1.070785 
1.031408 
1.153162 
1.042178 
1.177336 
1.026812 
1.042749 
1.072902 
1.000768 
1.050066 
1.310875 
1.205858 
1.155617 
1.362028 
1.375257 
1.101440 
1.272249 
1.126276 
1.300457 
1.180424 
1.218018 
1.317232 
1.262286 
1.130047 
1.298260 
0.916661 
1.147869 
1.131280 
1.067415 
0.921483 
1.051341 
1.201155 
1.169254 
1.269387 
1.334444 
1.118640 
1.142727 
1.416900 
1.242384 
1.219702 
1.253490 
1.323519 
1.188810 
1.256840 
1.287890 
1.277492 
1.265925 
1.250460 
0.951550 
1.407327 
1.165451 
1.435303 
1.017313 
1.327382 
1.328630 
1.080809 
1.379885 
1.416717 
1.089831 
1.436642 
0.896900 
0.898586 
0.640862 
0.909274 
0.824856 
0.776958 
0.857692 
1.087314 
1.267938 
1.255130 
1.210329 
1.277408 
1.171978 
1.551922 
1.332902 
1.192688 
1.235997 
1.191490 
1.035037 
1.070714 
1.122422 
0.913064 
0.875925 
0.742202 
0.729101 
0.663463 
0.576734 
0.649204 
0.640877 
0.897782 
1.027641 
1.489421 
1.357865 
1.310857 
1.398840 
1.480516 
1.526969 
1.281377 
1.234050 
1.135462 
0.966031 
0.878217 
0.934687 
0.929512 
1.030506 
1.032606 
1.263869 
1.378845 
1.235148 
1.768479 
1.457540 
1.306576 
1.265483 
1.317881 
1.210548 
1.493180 
1.436573 
1.208507 
1.400402 
1.152862 
1.445383 
1.335904 
1.690461 
1.570492 
1.531639 
1.312333 
1.160659 
0.915097 
0.763791 
0.590881 
0.479887 
0.359278 
0.307751 
0.318165 
0.281601 
0.274619 
0.307843 
0.324966 
0.335974 
0.595784 
0.685679 
1.029600 
1.114089 
1.290647 
1.182870 
1.408270 
1.558111 
1.249578 
1.508537 
1.408019 
1.463260 
1.215830 
1.772912 
1.779187 
1.390229 
1.324037 
1.537611 
1.693984 
1.594253 
1.485344 
1.165473 
1.662075 
1.461980 
1.177547 
1.549709 
1.374759 
1.638274 
1.463148 
1.431568 
0.908425 
0.669097 
0.487753 
0.375539 
0.412414 
0.371144 
0.441242 
0.501650 
0.749674 
0.685763 
0.820770 
0.894443 
0.870435 
0.812796 
0.691410 
0.855830 
0.624784 
0.490380 
0.557339 
0.588765 
0.635377 
0.655765 
0.932629 
0.888202 
0.943839 
1.153382 
1.537635 
1.201870 
1.257959 
1.177707 
0.847357 
0.912106 
0.649864 
0.584996 
0.524259 
0.484479 
0.480213 
0.720401 
0.748267 
0.580000 
0.521195 
0.550953 
0.468944 
0.569655 
0.636723 
0.537133 
0.660785 
0.561233 
0.799711 
0.799463 
0.851882 
0.815825 
0.836766 
0.814893 
1.104550 
1.123911 
1.421343 
1.508281 
1.548127 
1.304411 
1.404022 
1.205318 
1.344479 
1.190887 
1.028549 
0.921073 
0.764660 
0.455401 
0.533982 
0.393467 
0.433635 
0.406162 
0.427039 
0.452819 
0.419754 
0.479628 
0.663178 
0.751888 
0.966726 
1.050779 
1.472788 
1.573319 
1.480576 
1.663818 
1.711453 
1.635798 
1.755988 
1.232157 
1.689015 
1.416236 
1.530099 
1.283494 
1.545028 
1.468801 
1.310219 
1.544177 
1.600366 
1.441328 
1.382929 
1.365719 
1.459858 
1.302414 
1.469526 
1.296736 
1.484000 
1.381290 
1.504275 
1.567082 
1.404995 
1.591038 
1.757864 
1.369803 
1.318084 
1.369957 
1.523520 
1.398500 
1.555810 
1.474132 
1.416070 
1.457091 
1.297333 
1.036815 
0.941290 
1.113818 
0.995746 
1.345718 
1.317660 
1.495902 
1.484013 
1.369909 
1.403364 
1.402657 
1.387390 
1.560092 
1.475185 
1.405178 
1.350721 
1.467728 
1.042409 
1.307626 
1.436191 
1.648738 
1.217971 
1.193052 
1.280160 
1.397020 
1.175322 
1.039036 
0.979667 
1.010429 
1.104038 
0.804874 
0.698599 
0.838620 
0.865000 
1.042467 
1.146242 
1.176825 
1.363939 
1.306779 
1.133134 
1.419888 
1.234904 
1.234269 
1.219110 
1.034005 
1.500628 
1.255959 
1.165899 
1.193999 
1.200565 
1.052458 
1.378086 
1.495806 
1.252987 
1.161944 
1.100942 
0.997204 
1.116717 
1.064248 
1.040005 
1.069441 
0.905414 
0.966824 
0.877543 
0.946076 
0.890532 
0.859460 
0.767861 
0.900626 
0.886492 
1.017955 
1.180898 
1.118382 
1.153867 
1.076022 
1.046475 
0.901974 
0.871648 
1.043982 
0.710321 
0.537104 
0.455626 
0.447963 
0.381710 
0.307485 
0.356195 
0.302317 
0.339737 
0.359129 
0.297758 
0.336375 
0.288800 
0.346608 
0.289627 
0.361928 
0.392971 
0.360770 
0.395616 
0.421080 
0.511250 
0.619679 
0.734073 
0.785685 
0.894680 
0.823234 
0.845207 
0.977297 
1.057546 
0.844286 
1.059401 
0.916484 
0.789865 
0.763302 
0.821693 
0.706464 
0.671299 
0.624740 
0.507515 
0.550612 
0.679771 
0.645291 
0.449953 
0.557215 
0.668858 
0.514909 
0.643429 
0.648500 
0.651506 
0.798612 
0.844217 
0.802604 
0.911142 
0.928947 
1.046371 
1.136278 
1.135655 
0.984526 
0.887586 
1.136797 
1.025247 
0.824287 
0.760049 
0.723482 
0.676898 
0.603887 
0.652005 
0.686235 
0.551823 
0.548245 
0.502989 
0.631155 
0.722929 
0.727168 
0.579671 
0.646231 
0.681708 
0.653310 
0.855650 
0.647916 
0.788797 
0.925150 
0.676623 
0.827046 
0.734476 
0.718615 
0.523607 
0.494981 
0.508060 
0.559553 
0.485574 
0.556140 
0.591631 
0.640703 
0.628789 
0.478071 
0.393757 
0.301938 
0.383885 
0.438691 
0.313970 
0.403452 
0.449359 
0.337829 
0.442704 
0.378856 
0.439596 
0.412313 
0.345586 
0.409836 
0.418424 
0.398328 
0.330451 
0.368121 
0.390126 
0.397032 
0.308140 
0.335116 
0.278984 
0.257335 
0.241958 
0.307493 
0.259997 
0.199579 
0.222728 
0.197484 
0.200424 
0.189550 
0.130484 
0.157736 
0.139237 
0.152111 
0.146976 
0.132026 
0.124975 
0.144817 
0.130798 
0.147185 
0.119815 
0.113417 
0.118877 
0.133865 
0.137013 
0.144613 
0.134837 
0.121978 
0.165396 
0.142641 
0.156014 
0.174084 
0.162485 
0.168448 
0.174096 
0.163317 
0.152619 
0.159532 
0.186498 
0.196706 
0.202120 
0.182015 
0.185374 
0.218742 
0.227106 
0.253769 
0.243097 
0.237879 
0.206718 
0.201086 
0.244763 
0.232746 
0.237693 
0.252604 
0.228157 
0.261452 
0.234701 
0.215128 
0.246830 
0.224233 
0.275514 
0.267458 
0.286133 
0.301081 
0.341367 
0.339675 
0.314069 
0.432274 
0.448920 
0.530062 
0.542226 
0.482606 
0.553650 
0.606709 
0.531346 
0.381512 
0.522483 
0.336328 
0.283280 
0.202167 
0.235856 
0.229673 
0.232481 
0.239528 
0.251163 
0.272953 
0.240226 
0.190455 
0.200329 
0.145190 
0.126467 
0.115748 
0.108453 
0.108297 
0.087741 
0.108969 
0.103294 
0.089711 
0.079390 
0.090813 
0.086607 
0.099329 
0.101810 
0.095395 
0.100301 
0.116613 
0.096973 
0.072967 
0.112285 
0.094056 
0.105924 
0.096446 
0.101535 
0.100809 
0.089953 
0.118620 
0.089149 
0.103929 
0.112690 
0.120062 
0.090979 
0.094437 
0.111457 
0.113604 
0.080851 
0.078531 
0.090895 
0.078477 
0.073922 
0.071585 
0.072045 
0.061566 
0.059268 
0.058744 
0.051419 
0.051176 
0.057201 
0.045370 
0.053004 
0.048304 
0.050582 
0.038980 
0.044696 
0.049417 
0.042954 
0.043747 
0.040726 
0.040583 
0.043549 
0.039143 
0.034268 
0.032426 
0.024684 
0.026617 
0.024063 
0.022551 
0.022114 
0.020585 
0.021619 
0.016647 
0.021030 
0.016661 
0.015956 
0.015311 
0.011682 
0.010671 
0.012458 
0.010290 
0.010945 
0.008428 
0.009513 
0.009746 
0.011023 
0.009391 
0.008872 
0.009132 
0.008806 
0.009319 
0.008955 
0.009837 
0.009516 
0.011407 
0.010333 
0.009946 
0.008130 
0.007825 
0.008408 
0.007575 
0.006604 
0.005594 
0.004705 
0.004547 
0.004317 
0.003471 
0.003738 
0.003912 
0.003216 
0.003302 
0.003512 
0.003936 
0.003797 
0.003315 
0.003564 
0.003404 
0.003329 
0.003226 
0.003290 
0.002890 
0.002542 
0.002635 
0.001745 
0.002046 
0.001759 
0.001521 
0.001168 
0.001019 
0.000876 
0.000599 
0.000488 
0.000193 
0.000101 
0.000081 
0.000042 
0.000019 
0.000005 
0.000000 
0.000000 
0.000000 
0.000000 
0.000000 
0.000000 
0.000000 
0.000000 
0.000000 
0.000000 
0.000000 
0.000000 
0.000000 
0.000000 
0.000000 
0.000000 
0.000000 
0.000000 
0.000000 
0.000000 
0.000000 
0.000000 
0.000000 
0.000000 
0.000000 
0.000000 
0.000000 
0.000000 
0.000000 
0.000000 
0.000000 
0.000000 
0.000000 
0.000000 
0.000000 
0.000000 
0.000000 
0.000000 
0.000000 
0.000000 
0.000000 
0.000000 
0.000000 
0.000000 
0.000000 
0.000000 
0.000000 
0.000000 
0.000000 
0.000000 
0.000000 
0.000000 
0.000000 
0.000000 
0.000000 
0.000000 
0.000000 
0.000000 
0.000000 
0.000000 
0.000000 
0.000000 
0.000000 
0.000000 
0.000000 
0.000000 
0.000000 
0.000000 
0.000000 
0.000000 
0.000000 
0.000000 
0.000000 
0.000000 
0.000000 
0.000000 
0.000000 
0.000000 
0.000000 
0.000000 
0.000000 
0.000000 
0.000000 
0.000000 
0.000000 
0.000000 
0.000000 
0.000000 
0.000000 
0.000000 
0.000000 
0.000000 
0.000000 
0.000000 
0.000000 
0.000000 
0.000000 
0.000000 
0.000000 
0.000000 
0.000000 
0.000000 
0.000000 
0.000000 
0.000000 
0.000000 
0.000000 
0.000000 
0.000000 
0.000000 
0.000000 
0.000000 
0.000000 
0.000000 
0.000000 
0.000000 
0.000000 
0.000000 
0.000000 
0.000000 
0.000000 
0.000000 
0.000000 
0.000000 
0.000000 
0.000000 
0.000000 
0.000000 
0.000000 
0.000000 
0.000000 
0.000000 
0.000000 
0.000000 
0.000000 
0.000000 
0.000000 
0.000000 
0.000000 
0.000000 
0.000000 
0.000000 
0.000000 
0.000000 
0.000000 
0.000000 
0.000000 
0.000000 
0.000000 
0.000000 
0.000000 
0.000000 
0.000000 
0.000000 
0.000000 
0.000000 
0.000000 
0.000000 
0.000000 
0.000000 
0.000000 
0.000000 
0.000000 
0.000000 
0.000000 
0.000000 
0.000000 
0.000000 
0.000000 
0.000000 
0.000000 
0.000000 
0.000000 
0.000000 
0.000000 
0.000000 
0.000000 
0.000000 
0.000000 
0.000000 
0.000000 
0.000000 
0.000000 
0.000000 
0.000000 
0.000000 
0.000000 
0.000000 
0.000000 
0.000000 
0.000000 
