0.000000 
0.000000 
0.000000 
0.000000 
0.000000 
0.000000 
0.000000 
0.000000 
0.000000 
0.000000 
0.000000 
0.000000 
0.000000 
0.000000 
0.000000 
0.000000 
0.000000 
0.000000 
0.000000 
0.000000 
0.000000 
0.000000 
0.000000 
0.000000 
0.000000 
0.000000 
0.000000 
0.000000 
0.000000 
0.000000 
0.000000 
0.000000 
0.000000 
0.000000 
0.000000 
0.000000 
0.000000 
0.000000 
0.000000 
0.000000 
0.000000 
0.000000 
0.000000 
0.000000 
0.000000 
0.000000 
0.000000 
0.000000 
0.000000 
0.000000 
0.000000 
0.000000 
0.000000 
0.000000 
0.000000 
0.000000 
0.000000 
0.000000 
0.000000 
0.000000 
0.000000 
0.000000 
0.000000 
0.000000 
0.000000 
0.000000 
0.000000 
0.000000 
0.000000 
0.000000 
0.000000 
0.000000 
0.000000 
0.000000 
0.000000 
0.000000 
0.000000 
0.000000 
0.000000 
0.000000 
0.000000 
0.000000 
0.000000 
0.000000 
0.000000 
0.000000 
0.000000 
0.000000 
0.000000 
0.000000 
0.000000 
0.000000 
0.000000 
0.000000 
0.000000 
0.000000 
0.000000 
0.000000 
0.000000 
0.000000 
0.000000 
0.000000 
0.000000 
0.000000 
0.000000 
0.000000 
0.000000 
0.000000 
0.000000 
0.000000 
0.000000 
0.000000 
0.000000 
0.000000 
0.000000 
0.000000 
0.000000 
0.000000 
0.000000 
0.000000 
0.000000 
0.000000 
0.000000 
0.000000 
0.000000 
0.000000 
0.000000 
0.000000 
0.000000 
0.000000 
0.000000 
0.000000 
0.000000 
0.000000 
0.000000 
0.000000 
0.000000 
0.000000 
0.000000 
0.000000 
0.000000 
0.000000 
0.000000 
0.000000 
0.000000 
0.000000 
0.000000 
0.000000 
0.000000 
0.000000 
0.000000 
0.000000 
0.000000 
0.000000 
0.000000 
0.000000 
0.000000 
0.000000 
0.000000 
0.000000 
0.000000 
0.000000 
0.000000 
0.000000 
0.000000 
0.000000 
0.000000 
0.000000 
0.000000 
0.000000 
0.000000 
0.000000 
0.000000 
0.000000 
0.000000 
0.000000 
0.000000 
0.000000 
0.000000 
0.000000 
0.000000 
0.000000 
0.000000 
0.000000 
0.000000 
0.000000 
0.000000 
0.000000 
0.000000 
0.000000 
0.000000 
0.000000 
0.000000 
0.000000 
0.000000 
0.000000 
0.000000 
0.000000 
0.000000 
0.000000 
0.000000 
0.000000 
0.000000 
0.000000 
0.000000 
0.000000 
0.000000 
0.000000 
0.000000 
0.000000 
0.000000 
0.000000 
0.000000 
0.000000 
0.000000 
0.000000 
0.000000 
0.000000 
0.000000 
0.000000 
0.000000 
0.000000 
0.000000 
0.000000 
0.000000 
0.000058 
0.000250 
0.000505 
0.000807 
0.000926 
0.001308 
0.001796 
0.002434 
0.002684 
0.003080 
0.004991 
0.006057 
0.009401 
0.009209 
0.011590 
0.011019 
0.016750 
0.018791 
0.026118 
0.024940 
0.025052 
0.033853 
0.029397 
0.028518 
0.035120 
0.036935 
0.036069 
0.035763 
0.027844 
0.033416 
0.036268 
0.038227 
0.039430 
0.032995 
0.037538 
0.037290 
0.035058 
0.034541 
0.036334 
0.042342 
0.040324 
0.042461 
0.044617 
0.043341 
0.043559 
0.045632 
0.057222 
0.060647 
0.057421 
0.062204 
0.056503 
0.066510 
0.064288 
0.079448 
0.089477 
0.075323 
0.079627 
0.071461 
0.084918 
0.076852 
0.080759 
0.092297 
0.082906 
0.089652 
0.094733 
0.095625 
0.082868 
0.101690 
0.096809 
0.102019 
0.102308 
0.094419 
0.110136 
0.105585 
0.102848 
0.100217 
0.126432 
0.113537 
0.126080 
0.096904 
0.116645 
0.115110 
0.111352 
0.111668 
0.111561 
0.126330 
0.121378 
0.118596 
0.154050 
0.140501 
0.149497 
0.135887 
0.152338 
0.137337 
0.144863 
0.132775 
0.170298 
0.182843 
0.161292 
0.184199 
0.176627 
0.173421 
0.207220 
0.199510 
0.243239 
0.224594 
0.280903 
0.265527 
0.247506 
0.310551 
0.342470 
0.343849 
0.351243 
0.362678 
0.385421 
0.311908 
0.365920 
0.338856 
0.345218 
0.288111 
0.296310 
0.282689 
0.329056 
0.401498 
0.403033 
0.396962 
0.498033 
0.456191 
0.424117 
0.449836 
0.405769 
0.403935 
0.416100 
0.452137 
0.531602 
0.402883 
0.474445 
0.604942 
0.671854 
0.727154 
0.817937 
0.716213 
0.640881 
0.642222 
0.770445 
0.764995 
0.731862 
1.001984 
1.055336 
0.982767 
1.263743 
1.028830 
0.926505 
0.930506 
0.927877 
1.051328 
1.055586 
0.960120 
0.731857 
0.759453 
0.957887 
0.969681 
0.838739 
0.890821 
0.865190 
0.851703 
0.938476 
0.870265 
0.845683 
0.713764 
0.855443 
0.874406 
0.821609 
0.755562 
0.683798 
0.949375 
0.910921 
1.161250 
0.923458 
1.165745 
1.122867 
1.221767 
1.158518 
1.195028 
0.989887 
1.110776 
0.776520 
0.842049 
0.793366 
0.911822 
0.728785 
0.839938 
0.964215 
0.990857 
1.135814 
1.065714 
1.131198 
1.372655 
1.198792 
1.177572 
1.279472 
1.311302 
1.447218 
1.557439 
1.374154 
1.489680 
1.119546 
1.389202 
1.552460 
1.558398 
1.702158 
1.948484 
1.604070 
1.637296 
1.764730 
1.626869 
1.549772 
1.751587 
1.785331 
1.672552 
1.683102 
2.034162 
2.105083 
1.856489 
1.988987 
1.797368 
1.820423 
2.270861 
2.401552 
2.001387 
2.028259 
1.968581 
2.040069 
2.029484 
1.756245 
1.856118 
2.219094 
1.639100 
1.505996 
1.529425 
1.640412 
1.163773 
1.021846 
0.683049 
0.742050 
0.818951 
1.172523 
1.237840 
1.363377 
1.366216 
1.968174 
1.890173 
1.779393 
1.867672 
1.874057 
1.858099 
1.526323 
2.048700 
2.218730 
2.175225 
1.842981 
2.076149 
2.155850 
2.044788 
1.922640 
2.078653 
1.553701 
2.106263 
2.286417 
1.902546 
1.878173 
1.985986 
2.019257 
1.735196 
2.309441 
1.962636 
1.876848 
1.814134 
1.510276 
1.634191 
1.668746 
2.043064 
1.828764 
2.089879 
2.301578 
1.979724 
1.874839 
1.429888 
1.131970 
0.936381 
0.860407 
0.647002 
0.579732 
0.347312 
0.387854 
0.358092 
0.792394 
0.935959 
1.502759 
1.390505 
1.867985 
1.666257 
1.957474 
2.499425 
2.409058 
2.416281 
2.309554 
1.977042 
2.160257 
2.265046 
2.719801 
2.600682 
2.780229 
2.124543 
2.038017 
2.181514 
1.978634 
2.042952 
2.454927 
1.929133 
2.802757 
2.508030 
2.360194 
2.553988 
2.540033 
2.265714 
2.498049 
2.662371 
2.459537 
2.562003 
2.395780 
2.458046 
2.897630 
2.867050 
2.412882 
2.428954 
2.457503 
2.610062 
2.547816 
2.717712 
2.602079 
2.166502 
2.935266 
2.446949 
2.568031 
2.200705 
2.803489 
2.311610 
2.224924 
2.749576 
2.960017 
2.759418 
2.708356 
3.050411 
2.616260 
2.788488 
2.898919 
3.191851 
3.184696 
3.136345 
3.006207 
2.781985 
2.336343 
2.658833 
2.748544 
2.549355 
2.869214 
3.096652 
2.622516 
2.789477 
2.721183 
2.403044 
2.091671 
1.470823 
1.594121 
1.607279 
2.031618 
1.796475 
2.327026 
2.090350 
2.492322 
3.064338 
2.841197 
3.166097 
3.607361 
3.347266 
3.129864 
2.854073 
3.372903 
2.010003 
2.549745 
2.380849 
1.901558 
2.021057 
1.865198 
1.536422 
1.798113 
1.448346 
1.288366 
1.318724 
1.649496 
1.893704 
2.948315 
2.938604 
3.193073 
3.284765 
3.449675 
2.247831 
3.072671 
2.991735 
2.416564 
2.143182 
2.028126 
2.229502 
1.740753 
2.410255 
2.415556 
2.603452 
3.044214 
3.465251 
3.606481 
3.227449 
3.405491 
3.087791 
3.593497 
2.982341 
2.704508 
2.854847 
2.911057 
2.462357 
2.619231 
2.615995 
3.326461 
3.405344 
2.906096 
3.678594 
3.351133 
3.030708 
2.178168 
2.012794 
1.884526 
1.547249 
1.327101 
0.811370 
0.660083 
0.708628 
0.659291 
0.596102 
0.650634 
0.626508 
0.840838 
1.247583 
1.726706 
2.366219 
2.319268 
2.803467 
2.712596 
2.912431 
2.764520 
3.073397 
3.490953 
3.165217 
3.365630 
2.804924 
3.302838 
3.260068 
3.044491 
3.752915 
3.655746 
3.178199 
3.468528 
3.359622 
2.989960 
3.005972 
3.776413 
2.923918 
3.321251 
3.190611 
2.903315 
2.701404 
2.939087 
2.203403 
1.653849 
1.199530 
0.884083 
0.681587 
0.925344 
1.180693 
1.148165 
1.370285 
1.527295 
1.605866 
1.843631 
1.877300 
1.626529 
1.695231 
1.712363 
1.242445 
1.255368 
0.964118 
1.330059 
1.451766 
1.661294 
2.042344 
1.878751 
2.397134 
2.284215 
2.549539 
2.522783 
2.496073 
2.759725 
2.488235 
1.654402 
1.518838 
1.144669 
1.194462 
1.359328 
1.228773 
1.526028 
1.474215 
1.248295 
1.325994 
1.291996 
1.394633 
1.060793 
1.078973 
1.388548 
1.298045 
1.193796 
1.400808 
1.464646 
1.622498 
1.902424 
1.721360 
1.598304 
2.159813 
2.481069 
2.943603 
3.204195 
3.576397 
3.567148 
2.839925 
3.373131 
3.004582 
2.575978 
2.390678 
1.901046 
1.766577 
1.339301 
1.323038 
1.092368 
1.016483 
0.930804 
0.806604 
0.986683 
1.079898 
1.308764 
1.260524 
1.640095 
1.977625 
2.249824 
2.387204 
3.173514 
3.881480 
3.699738 
3.606576 
3.908436 
3.715945 
2.959480 
3.787693 
3.257906 
3.378736 
3.076240 
3.267772 
3.605989 
2.778937 
3.292850 
3.074358 
3.273629 
3.315423 
3.277046 
2.811104 
2.864959 
3.118729 
3.210332 
3.139819 
3.060791 
3.405359 
3.535104 
4.216839 
3.487738 
3.185796 
3.200717 
3.484115 
3.337035 
3.273811 
3.114351 
3.539490 
3.003349 
2.801025 
2.995343 
2.722859 
2.836658 
2.235302 
2.125058 
2.768592 
2.205202 
2.856651 
3.121723 
2.942526 
2.646177 
3.087622 
2.650044 
3.199887 
3.104738 
2.944596 
3.709668 
2.962305 
2.853634 
2.906255 
3.043121 
3.231131 
3.156558 
2.854584 
3.272789 
2.851870 
2.724493 
2.654071 
2.697950 
2.585135 
2.633926 
2.145607 
2.079146 
1.780139 
2.025093 
2.060656 
2.035230 
2.743598 
2.745457 
3.524703 
3.212912 
3.222374 
3.248262 
2.264939 
3.213701 
2.988817 
2.663788 
2.588676 
2.570865 
2.588055 
2.914926 
2.645435 
2.828799 
3.302212 
2.788571 
2.696323 
2.884286 
2.640629 
1.906482 
2.141038 
2.331247 
2.208053 
2.406685 
1.968068 
2.190157 
2.140562 
1.985389 
2.217706 
1.757204 
1.893674 
2.131319 
2.017838 
2.305213 
2.264662 
1.975795 
2.535573 
2.621793 
2.460924 
2.509680 
2.542255 
1.804707 
1.684448 
1.452651 
0.960926 
0.808505 
0.579834 
0.862997 
0.823093 
0.678187 
0.602824 
0.662966 
0.764305 
0.705908 
0.707562 
0.608355 
0.627471 
0.688842 
0.833544 
0.866168 
0.941357 
0.892105 
1.052762 
1.226350 
1.544726 
1.735362 
1.585341 
2.016472 
2.042956 
2.574955 
2.366210 
2.020658 
2.299033 
2.257689 
1.975840 
1.675202 
1.815597 
1.207922 
1.482278 
1.439534 
1.567175 
1.326211 
1.143366 
1.151817 
1.144297 
1.358804 
1.203817 
1.210501 
1.339174 
1.602294 
1.377469 
1.838881 
2.111910 
2.107803 
2.011048 
2.399691 
2.388789 
2.339540 
2.822767 
2.342511 
2.164299 
2.472079 
1.853962 
1.908745 
1.602077 
1.527164 
1.297906 
1.249198 
1.262279 
1.261839 
1.177071 
1.170007 
1.257934 
1.478272 
1.281210 
1.174367 
1.485187 
1.597288 
1.825928 
1.659557 
1.860472 
1.518322 
1.751448 
2.020357 
1.598060 
1.970091 
1.759277 
1.747214 
1.274410 
1.182770 
1.013217 
1.086977 
0.936805 
1.196968 
1.500183 
1.499142 
1.451828 
1.423416 
1.081729 
0.887597 
0.914414 
0.809666 
0.823008 
1.013467 
0.881623 
0.891543 
1.031065 
0.958968 
0.970612 
0.879817 
1.084349 
0.976160 
0.978327 
0.697490 
0.967896 
0.822526 
0.860358 
0.763919 
0.747336 
0.745089 
0.639289 
0.597944 
0.506611 
0.603839 
0.671432 
0.447083 
0.439905 
0.434772 
0.368308 
0.414413 
0.360497 
0.360366 
0.311383 
0.354914 
0.291158 
0.291918 
0.268362 
0.315585 
0.345327 
0.286386 
0.254240 
0.333554 
0.281734 
0.244141 
0.373273 
0.317160 
0.318367 
0.306737 
0.353735 
0.366578 
0.278277 
0.322084 
0.291701 
0.375989 
0.266417 
0.366587 
0.409210 
0.354869 
0.371640 
0.422025 
0.380991 
0.473180 
0.481445 
0.531869 
0.483621 
0.504533 
0.444908 
0.494389 
0.591262 
0.495799 
0.556133 
0.534136 
0.452093 
0.537483 
0.502231 
0.537038 
0.519512 
0.507262 
0.684243 
0.620550 
0.647607 
0.582175 
0.538311 
0.744435 
0.777813 
0.703495 
0.754571 
0.793303 
0.918532 
1.364964 
1.175704 
1.171580 
1.026776 
1.089106 
1.042828 
1.142310 
1.008515 
0.813978 
0.693835 
0.485914 
0.508950 
0.457890 
0.620480 
0.586236 
0.502507 
0.431754 
0.474924 
0.436107 
0.375689 
0.306988 
0.268063 
0.248017 
0.215520 
0.239448 
0.199866 
0.237100 
0.238867 
0.218168 
0.213475 
0.187441 
0.217782 
0.222202 
0.196273 
0.212717 
0.205168 
0.213004 
0.215574 
0.239042 
0.210861 
0.217216 
0.222936 
0.215690 
0.209311 
0.152182 
0.220614 
0.222477 
0.247229 
0.230382 
0.195538 
0.231884 
0.211792 
0.232834 
0.207853 
0.199922 
0.233859 
0.204793 
0.197746 
0.192831 
0.178915 
0.133802 
0.148750 
0.142056 
0.118253 
0.102306 
0.120919 
0.115539 
0.114570 
0.108377 
0.112441 
0.103153 
0.098482 
0.095896 
0.095250 
0.110145 
0.095088 
0.075207 
0.088852 
0.087114 
0.074547 
0.088687 
0.071855 
0.080682 
0.067645 
0.059576 
0.050811 
0.051514 
0.054337 
0.053922 
0.047168 
0.046659 
0.041547 
0.039354 
0.033220 
0.034421 
0.025279 
0.028174 
0.022149 
0.022972 
0.018825 
0.019312 
0.021012 
0.020676 
0.020905 
0.020061 
0.019566 
0.020321 
0.020240 
0.023434 
0.025130 
0.020175 
0.022645 
0.019110 
0.025838 
0.022258 
0.021080 
0.022823 
0.016618 
0.014814 
0.015129 
0.009134 
0.010762 
0.009526 
0.010142 
0.007898 
0.006564 
0.010186 
0.008305 
0.008299 
0.008261 
0.008247 
0.008459 
0.007888 
0.007564 
0.007617 
0.006591 
0.007976 
0.007365 
0.006259 
0.006221 
0.005133 
0.004647 
0.004428 
0.003896 
0.003466 
0.003288 
0.002343 
0.001740 
0.001321 
0.001091 
0.000365 
0.000223 
0.000155 
0.000078 
0.000044 
0.000011 
0.000000 
0.000000 
0.000000 
0.000000 
0.000000 
0.000000 
0.000000 
0.000000 
0.000000 
0.000000 
0.000000 
0.000000 
0.000000 
0.000000 
0.000000 
0.000000 
0.000000 
0.000000 
0.000000 
0.000000 
0.000000 
0.000000 
0.000000 
0.000000 
0.000000 
0.000000 
0.000000 
0.000000 
0.000000 
0.000000 
0.000000 
0.000000 
0.000000 
0.000000 
0.000000 
0.000000 
0.000000 
0.000000 
0.000000 
0.000000 
0.000000 
0.000000 
0.000000 
0.000000 
0.000000 
0.000000 
0.000000 
0.000000 
0.000000 
0.000000 
0.000000 
0.000000 
0.000000 
0.000000 
0.000000 
0.000000 
0.000000 
0.000000 
0.000000 
0.000000 
0.000000 
0.000000 
0.000000 
0.000000 
0.000000 
0.000000 
0.000000 
0.000000 
0.000000 
0.000000 
0.000000 
0.000000 
0.000000 
0.000000 
0.000000 
0.000000 
0.000000 
0.000000 
0.000000 
0.000000 
0.000000 
0.000000 
0.000000 
0.000000 
0.000000 
0.000000 
0.000000 
0.000000 
0.000000 
0.000000 
0.000000 
0.000000 
0.000000 
0.000000 
0.000000 
0.000000 
0.000000 
0.000000 
0.000000 
0.000000 
0.000000 
0.000000 
0.000000 
0.000000 
0.000000 
0.000000 
0.000000 
0.000000 
0.000000 
0.000000 
0.000000 
0.000000 
0.000000 
0.000000 
0.000000 
0.000000 
0.000000 
0.000000 
0.000000 
0.000000 
0.000000 
0.000000 
0.000000 
0.000000 
0.000000 
0.000000 
0.000000 
0.000000 
0.000000 
0.000000 
0.000000 
0.000000 
0.000000 
0.000000 
0.000000 
0.000000 
0.000000 
0.000000 
0.000000 
0.000000 
0.000000 
0.000000 
0.000000 
0.000000 
0.000000 
0.000000 
0.000000 
0.000000 
0.000000 
0.000000 
0.000000 
0.000000 
0.000000 
0.000000 
0.000000 
0.000000 
0.000000 
0.000000 
0.000000 
0.000000 
0.000000 
0.000000 
0.000000 
0.000000 
0.000000 
0.000000 
0.000000 
0.000000 
0.000000 
0.000000 
0.000000 
0.000000 
0.000000 
0.000000 
0.000000 
0.000000 
0.000000 
0.000000 
0.000000 
0.000000 
0.000000 
0.000000 
0.000000 
0.000000 
0.000000 
0.000000 
0.000000 
0.000000 
0.000000 
0.000000 
0.000000 
