0.000000 
0.000000 
0.000000 
0.000000 
0.000000 
0.000000 
0.000000 
0.000000 
0.000000 
0.000000 
0.000000 
0.000000 
0.000000 
0.000000 
0.000000 
0.000000 
0.000000 
0.000000 
0.000000 
0.000000 
0.000000 
0.000000 
0.000000 
0.000000 
0.000000 
0.000000 
0.000000 
0.000000 
0.000000 
0.000000 
0.000000 
0.000000 
0.000000 
0.000000 
0.000000 
0.000000 
0.000000 
0.000000 
0.000000 
0.000000 
0.000000 
0.000000 
0.000000 
0.000000 
0.000000 
0.000000 
0.000000 
0.000000 
0.000000 
0.000000 
0.000000 
0.000000 
0.000000 
0.000000 
0.000000 
0.000000 
0.000000 
0.000000 
0.000000 
0.000000 
0.000000 
0.000000 
0.000000 
0.000000 
0.000000 
0.000000 
0.000000 
0.000000 
0.000000 
0.000000 
0.000000 
0.000000 
0.000000 
0.000000 
0.000000 
0.000000 
0.000000 
0.000000 
0.000000 
0.000000 
0.000000 
0.000000 
0.000000 
0.000000 
0.000000 
0.000000 
0.000000 
0.000000 
0.000000 
0.000000 
0.000000 
0.000000 
0.000000 
0.000000 
0.000000 
0.000000 
0.000000 
0.000000 
0.000000 
0.000000 
0.000000 
0.000000 
0.000000 
0.000000 
0.000000 
0.000000 
0.000000 
0.000000 
0.000000 
0.000000 
0.000000 
0.000000 
0.000000 
0.000000 
0.000000 
0.000000 
0.000000 
0.000000 
0.000000 
0.000000 
0.000000 
0.000000 
0.000000 
0.000000 
0.000000 
0.000000 
0.000000 
0.000000 
0.000000 
0.000000 
0.000000 
0.000000 
0.000000 
0.000000 
0.000000 
0.000000 
0.000000 
0.000000 
0.000000 
0.000000 
0.000000 
0.000000 
0.000000 
0.000000 
0.000000 
0.000000 
0.000000 
0.000000 
0.000000 
0.000000 
0.000000 
0.000000 
0.000000 
0.000000 
0.000000 
0.000000 
0.000000 
0.000000 
0.000000 
0.000000 
0.000000 
0.000000 
0.000000 
0.000000 
0.000000 
0.000000 
0.000000 
0.000000 
0.000000 
0.000000 
0.000000 
0.000000 
0.000000 
0.000000 
0.000000 
0.000000 
0.000000 
0.000000 
0.000000 
0.000000 
0.000000 
0.000000 
0.000000 
0.000000 
0.000000 
0.000000 
0.000000 
0.000000 
0.000000 
0.000000 
0.000000 
0.000000 
0.000000 
0.000000 
0.000000 
0.000000 
0.000000 
0.000000 
0.000000 
0.000000 
0.000000 
0.000000 
0.000000 
0.000000 
0.000000 
0.000000 
0.000000 
0.000000 
0.000000 
0.000000 
0.000000 
0.000000 
0.000000 
0.000000 
0.000000 
0.000000 
0.000000 
0.000000 
0.000000 
0.000000 
0.000000 
0.000000 
0.000000 
0.000000 
0.000000 
0.000033 
0.000112 
0.000272 
0.000468 
0.000586 
0.000875 
0.000905 
0.001487 
0.001924 
0.002075 
0.002942 
0.003942 
0.004193 
0.006439 
0.005429 
0.007915 
0.006876 
0.010937 
0.012054 
0.011866 
0.015029 
0.014182 
0.017508 
0.018865 
0.018669 
0.019085 
0.022773 
0.020774 
0.021095 
0.019883 
0.021097 
0.016423 
0.021501 
0.018774 
0.017579 
0.021652 
0.021507 
0.018214 
0.017043 
0.021566 
0.021221 
0.024694 
0.027342 
0.025818 
0.024702 
0.027867 
0.028144 
0.033786 
0.032195 
0.030338 
0.031163 
0.046272 
0.041626 
0.043456 
0.049571 
0.040895 
0.045291 
0.036564 
0.037573 
0.049752 
0.050786 
0.052486 
0.047333 
0.054464 
0.054674 
0.046553 
0.054826 
0.050589 
0.045815 
0.053872 
0.063107 
0.064272 
0.069944 
0.067807 
0.076481 
0.056887 
0.062351 
0.059528 
0.064114 
0.069903 
0.066086 
0.071429 
0.070803 
0.054680 
0.067750 
0.068782 
0.069879 
0.058745 
0.076829 
0.070142 
0.073395 
0.080807 
0.078506 
0.079459 
0.102138 
0.088122 
0.080635 
0.089678 
0.092032 
0.094609 
0.101817 
0.131419 
0.106333 
0.108117 
0.133681 
0.141472 
0.124417 
0.176587 
0.150747 
0.180361 
0.199242 
0.208250 
0.223865 
0.217837 
0.196027 
0.191506 
0.222588 
0.198102 
0.165578 
0.180865 
0.200263 
0.204800 
0.193501 
0.188726 
0.184965 
0.243676 
0.242098 
0.296552 
0.245358 
0.249786 
0.259833 
0.180790 
0.257907 
0.275477 
0.213686 
0.280386 
0.235193 
0.363469 
0.387542 
0.378015 
0.370416 
0.401763 
0.339063 
0.437747 
0.390904 
0.493303 
0.552773 
0.624254 
0.579192 
0.737223 
0.710438 
0.573056 
0.603181 
0.483912 
0.554371 
0.458068 
0.554906 
0.460862 
0.441425 
0.437792 
0.454367 
0.533793 
0.453946 
0.595487 
0.589188 
0.573355 
0.464152 
0.382116 
0.424302 
0.417412 
0.348324 
0.414331 
0.426585 
0.478710 
0.449508 
0.558176 
0.617895 
0.526945 
0.521159 
0.613700 
0.611798 
0.588686 
0.642126 
0.663477 
0.602849 
0.576948 
0.581148 
0.463720 
0.500403 
0.548331 
0.564131 
0.470771 
0.547860 
0.618774 
0.756929 
0.640360 
0.780727 
0.821257 
0.645733 
0.886910 
0.796129 
0.797837 
0.688125 
0.875352 
0.886748 
0.829992 
0.869405 
0.750141 
0.910267 
0.868202 
0.883146 
0.913922 
1.067440 
0.900781 
1.107730 
0.931254 
1.006569 
1.114715 
0.909975 
0.956330 
1.008125 
1.006726 
0.997729 
1.006741 
1.071644 
1.133382 
1.301520 
1.146932 
1.159748 
0.931304 
1.221012 
1.347712 
1.151113 
1.076602 
1.193223 
1.197725 
0.891035 
0.831763 
1.269735 
0.991388 
0.987654 
0.658454 
0.510780 
0.425241 
0.393576 
0.444962 
0.695614 
0.819292 
0.991259 
1.110594 
1.066685 
0.937870 
1.069258 
1.007023 
1.156074 
1.219710 
1.026056 
1.127439 
1.133814 
1.090566 
1.290784 
1.227269 
0.973742 
1.168709 
1.293990 
1.092812 
0.807201 
0.950029 
1.089996 
1.108112 
1.062214 
1.095710 
0.994823 
1.305640 
1.317773 
1.291669 
1.131359 
0.984489 
0.925487 
0.925333 
0.766197 
0.886874 
1.467091 
1.323484 
1.284753 
1.014026 
1.068460 
0.902752 
0.645640 
0.746044 
0.515722 
0.363771 
0.323032 
0.218356 
0.178645 
0.256943 
0.411392 
0.548263 
0.735913 
0.931456 
0.967805 
1.159987 
1.073469 
1.186964 
1.316376 
1.269945 
1.457248 
1.431291 
1.132734 
1.604106 
1.235664 
1.315884 
1.564238 
1.001861 
1.286909 
1.056693 
1.373648 
1.533441 
1.526593 
1.470512 
1.668559 
1.317912 
1.411399 
1.307843 
1.272206 
1.197828 
1.363863 
1.453506 
1.465242 
1.444955 
1.567004 
1.206724 
1.534285 
1.351989 
1.198530 
1.450093 
1.646561 
1.738040 
1.472375 
1.355670 
1.213020 
1.517719 
1.207163 
1.588144 
1.490131 
1.337035 
1.772470 
1.512332 
1.723925 
1.484418 
1.644959 
1.524980 
1.588959 
1.596017 
1.495924 
1.573867 
1.500498 
1.505733 
1.468159 
1.586834 
1.500694 
1.285444 
1.500538 
1.535689 
1.570721 
1.489352 
1.559374 
1.667715 
1.922799 
1.790447 
1.554428 
1.453812 
0.988819 
1.082110 
1.028434 
0.905196 
1.015646 
1.068912 
1.451269 
1.409120 
1.266409 
1.479849 
1.524877 
1.501381 
2.145162 
1.875454 
1.561573 
1.767562 
1.899175 
1.891633 
1.525446 
1.423946 
1.400446 
1.150009 
1.055358 
1.074877 
0.799482 
0.843364 
0.755373 
0.763201 
0.969392 
1.282501 
1.612181 
1.722944 
1.930723 
2.006470 
1.508159 
1.434881 
1.740936 
1.601674 
1.820723 
1.542545 
1.345695 
1.094591 
1.070890 
1.123299 
1.316185 
1.528559 
1.869906 
1.734064 
1.931212 
1.773471 
1.746268 
1.988735 
1.581940 
1.678333 
1.606987 
1.209231 
1.895844 
1.419285 
1.567276 
1.571855 
1.775591 
2.158321 
1.666413 
2.051930 
1.411588 
1.559794 
1.370955 
1.487422 
1.066168 
0.942722 
0.665038 
0.446127 
0.361797 
0.436706 
0.335426 
0.354795 
0.377920 
0.327389 
0.389573 
0.687852 
0.853505 
1.278576 
1.663007 
1.345622 
1.715138 
2.020284 
1.556966 
1.751872 
1.826218 
1.709940 
2.084133 
2.127530 
1.989976 
1.997749 
1.931382 
1.896668 
2.057218 
2.195466 
1.912648 
2.020304 
1.823113 
1.778087 
2.150010 
2.213744 
1.560471 
1.797705 
1.616551 
1.513608 
1.622889 
1.278897 
0.832249 
0.571205 
0.525190 
0.513994 
0.580361 
0.714400 
0.934508 
0.777644 
1.014019 
1.011290 
1.044760 
0.978362 
1.127366 
1.077155 
0.872606 
0.654161 
0.622052 
0.655095 
0.691806 
0.735769 
0.879540 
1.157024 
1.280555 
1.659363 
1.370234 
1.408143 
1.174465 
1.466524 
1.422073 
1.194914 
1.119113 
0.802831 
0.675499 
0.718318 
0.770120 
0.907523 
0.767124 
0.842125 
0.909787 
0.762465 
0.800743 
0.741861 
0.735285 
0.714572 
0.714041 
0.848766 
0.849012 
0.922667 
1.084190 
0.934946 
0.871805 
1.143235 
1.053694 
0.949806 
1.253010 
1.583222 
1.884069 
1.322777 
1.969668 
1.818165 
1.779281 
1.493064 
1.485436 
1.450798 
1.484413 
0.899282 
0.919228 
0.691050 
0.645909 
0.648292 
0.619119 
0.594479 
0.607389 
0.548362 
0.576600 
0.818678 
1.048565 
1.081788 
1.517625 
1.191461 
1.661141 
2.131925 
1.725955 
2.170511 
2.195014 
1.813331 
1.788700 
1.655285 
1.651430 
1.966128 
1.641243 
1.670541 
2.389267 
1.973526 
1.928354 
1.628969 
1.866890 
2.079574 
1.668900 
1.646033 
1.571332 
1.925074 
1.306514 
1.962115 
1.882483 
1.762914 
2.069691 
1.854745 
1.879056 
1.615152 
1.699062 
1.733496 
1.824212 
1.714595 
1.708961 
1.497750 
1.738597 
1.872268 
1.596543 
1.775762 
1.514498 
1.396917 
1.527292 
1.312602 
1.493415 
1.746128 
1.575929 
1.861371 
1.769836 
1.970118 
1.944637 
1.529384 
1.636283 
1.463355 
1.699957 
1.988360 
1.676690 
1.746412 
1.913967 
1.836244 
1.755764 
1.760419 
1.780072 
1.603504 
1.619997 
1.601725 
1.282100 
1.162211 
1.268382 
1.083636 
1.135603 
1.015741 
0.991226 
1.208047 
1.347947 
1.542405 
1.645486 
1.385272 
1.792884 
1.553552 
1.636629 
1.676144 
1.731134 
1.703650 
1.678047 
1.361391 
1.264931 
1.757298 
1.604393 
1.549683 
1.545796 
1.649373 
1.966620 
1.570732 
1.509756 
1.593979 
1.402936 
1.381839 
1.309268 
1.324025 
1.493036 
1.121576 
1.381567 
1.063247 
1.052239 
1.313008 
1.174813 
1.067427 
1.041471 
1.107434 
1.294406 
1.202677 
1.244529 
1.440677 
1.388005 
1.205848 
1.156340 
1.370259 
1.259102 
1.133721 
0.786988 
0.554684 
0.572447 
0.404718 
0.444891 
0.451790 
0.428846 
0.426863 
0.386039 
0.451853 
0.405308 
0.436582 
0.329357 
0.418161 
0.394784 
0.410545 
0.437654 
0.509592 
0.573289 
0.699417 
0.655038 
0.655921 
0.950789 
0.927884 
1.337026 
1.198952 
0.981909 
1.264551 
1.295897 
1.229523 
1.233071 
1.381322 
1.218535 
0.906132 
0.958637 
0.833732 
0.715349 
0.696896 
0.735250 
0.685386 
0.773224 
0.877369 
0.786381 
0.774018 
0.855145 
0.735946 
0.911130 
0.928215 
1.000262 
1.117540 
1.230676 
1.092811 
1.346846 
1.160948 
1.205016 
1.070221 
1.087146 
1.181439 
1.194922 
1.281736 
0.770123 
0.896362 
0.816925 
0.951821 
0.905201 
0.632874 
0.814963 
0.741026 
0.746769 
0.731182 
0.693696 
0.803810 
0.868420 
0.824814 
0.984850 
0.718739 
0.752159 
1.002900 
1.000285 
1.070176 
1.011110 
1.019451 
0.990835 
1.007028 
0.862939 
0.709549 
0.633534 
0.602139 
0.761477 
0.791526 
0.721156 
0.876019 
0.888218 
0.854185 
0.730367 
0.630523 
0.524699 
0.336140 
0.497299 
0.488262 
0.510669 
0.541564 
0.541098 
0.624673 
0.468894 
0.444596 
0.476922 
0.520104 
0.486462 
0.471725 
0.553252 
0.421963 
0.558205 
0.433725 
0.355271 
0.374155 
0.462030 
0.386546 
0.324051 
0.298017 
0.364521 
0.324157 
0.328693 
0.254806 
0.205732 
0.250508 
0.223911 
0.182793 
0.190444 
0.192825 
0.194998 
0.201282 
0.212280 
0.140680 
0.147438 
0.156703 
0.184503 
0.179768 
0.165528 
0.165680 
0.188890 
0.177074 
0.163248 
0.169139 
0.181142 
0.177541 
0.188770 
0.171735 
0.201797 
0.187946 
0.181795 
0.169808 
0.211416 
0.217739 
0.197193 
0.256771 
0.235121 
0.233984 
0.224424 
0.287937 
0.260787 
0.305885 
0.285017 
0.348898 
0.317392 
0.275890 
0.299302 
0.380308 
0.298532 
0.249387 
0.260043 
0.334581 
0.271527 
0.260696 
0.307232 
0.290448 
0.361174 
0.365768 
0.455761 
0.356442 
0.353488 
0.403779 
0.435923 
0.425603 
0.548963 
0.615915 
0.696424 
0.629215 
0.590707 
0.545554 
0.709652 
0.661309 
0.522075 
0.499921 
0.470500 
0.406512 
0.305485 
0.271268 
0.336542 
0.253915 
0.393796 
0.285095 
0.295878 
0.286996 
0.247224 
0.218537 
0.171789 
0.156652 
0.161043 
0.160302 
0.149311 
0.114428 
0.113367 
0.102753 
0.112540 
0.131820 
0.090766 
0.123745 
0.123661 
0.114193 
0.142411 
0.123119 
0.129265 
0.146954 
0.107376 
0.100198 
0.101818 
0.121708 
0.118372 
0.114775 
0.115064 
0.121382 
0.124121 
0.109321 
0.130023 
0.137589 
0.117095 
0.129650 
0.135034 
0.117112 
0.116550 
0.127268 
0.098650 
0.112929 
0.114962 
0.115747 
0.104499 
0.086272 
0.076239 
0.076418 
0.065607 
0.070446 
0.065987 
0.060728 
0.050243 
0.059332 
0.066262 
0.057097 
0.053024 
0.055297 
0.049660 
0.057080 
0.052491 
0.038867 
0.050463 
0.049953 
0.045157 
0.046368 
0.041074 
0.041358 
0.040772 
0.030571 
0.025985 
0.030599 
0.030336 
0.030120 
0.023521 
0.021333 
0.022427 
0.019891 
0.016348 
0.016515 
0.014008 
0.012951 
0.011399 
0.012981 
0.014344 
0.012525 
0.013341 
0.010222 
0.012291 
0.012275 
0.011273 
0.010679 
0.010977 
0.012182 
0.011029 
0.013274 
0.013767 
0.013708 
0.012128 
0.013582 
0.011573 
0.010345 
0.009312 
0.008221 
0.006310 
0.006271 
0.005093 
0.004772 
0.004445 
0.004888 
0.004517 
0.004367 
0.004567 
0.004471 
0.004539 
0.004310 
0.003621 
0.003785 
0.004412 
0.004504 
0.003739 
0.003881 
0.003215 
0.003726 
0.002566 
0.002563 
0.002407 
0.002064 
0.001732 
0.001688 
0.001275 
0.001124 
0.000836 
0.000560 
0.000276 
0.000134 
0.000093 
0.000048 
0.000019 
0.000006 
0.000000 
0.000000 
0.000000 
0.000000 
0.000000 
0.000000 
0.000000 
0.000000 
0.000000 
0.000000 
0.000000 
0.000000 
0.000000 
0.000000 
0.000000 
0.000000 
0.000000 
0.000000 
0.000000 
0.000000 
0.000000 
0.000000 
0.000000 
0.000000 
0.000000 
0.000000 
0.000000 
0.000000 
0.000000 
0.000000 
0.000000 
0.000000 
0.000000 
0.000000 
0.000000 
0.000000 
0.000000 
0.000000 
0.000000 
0.000000 
0.000000 
0.000000 
0.000000 
0.000000 
0.000000 
0.000000 
0.000000 
0.000000 
0.000000 
0.000000 
0.000000 
0.000000 
0.000000 
0.000000 
0.000000 
0.000000 
0.000000 
0.000000 
0.000000 
0.000000 
0.000000 
0.000000 
0.000000 
0.000000 
0.000000 
0.000000 
0.000000 
0.000000 
0.000000 
0.000000 
0.000000 
0.000000 
0.000000 
0.000000 
0.000000 
0.000000 
0.000000 
0.000000 
0.000000 
0.000000 
0.000000 
0.000000 
0.000000 
0.000000 
0.000000 
0.000000 
0.000000 
0.000000 
0.000000 
0.000000 
0.000000 
0.000000 
0.000000 
0.000000 
0.000000 
0.000000 
0.000000 
0.000000 
0.000000 
0.000000 
0.000000 
0.000000 
0.000000 
0.000000 
0.000000 
0.000000 
0.000000 
0.000000 
0.000000 
0.000000 
0.000000 
0.000000 
0.000000 
0.000000 
0.000000 
0.000000 
0.000000 
0.000000 
0.000000 
0.000000 
0.000000 
0.000000 
0.000000 
0.000000 
0.000000 
0.000000 
0.000000 
0.000000 
0.000000 
0.000000 
0.000000 
0.000000 
0.000000 
0.000000 
0.000000 
0.000000 
0.000000 
0.000000 
0.000000 
0.000000 
0.000000 
0.000000 
0.000000 
0.000000 
0.000000 
0.000000 
0.000000 
0.000000 
0.000000 
0.000000 
0.000000 
0.000000 
0.000000 
0.000000 
0.000000 
0.000000 
0.000000 
0.000000 
0.000000 
0.000000 
0.000000 
0.000000 
0.000000 
0.000000 
0.000000 
0.000000 
0.000000 
0.000000 
0.000000 
0.000000 
0.000000 
0.000000 
0.000000 
0.000000 
0.000000 
0.000000 
0.000000 
0.000000 
0.000000 
0.000000 
0.000000 
0.000000 
0.000000 
0.000000 
0.000000 
0.000000 
0.000000 
0.000000 
0.000000 
0.000000 
0.000000 
