0.000000 
0.000000 
0.000000 
0.000000 
0.000000 
0.000000 
0.000000 
0.000000 
0.000000 
0.000000 
0.000000 
0.000000 
0.000000 
0.000000 
0.000000 
0.000000 
0.000000 
0.000000 
0.000000 
0.000000 
0.000000 
0.000000 
0.000000 
0.000000 
0.000000 
0.000000 
0.000000 
0.000000 
0.000000 
0.000000 
0.000000 
0.000000 
0.000000 
0.000000 
0.000000 
0.000000 
0.000000 
0.000000 
0.000000 
0.000000 
0.000000 
0.000000 
0.000000 
0.000000 
0.000000 
0.000000 
0.000000 
0.000000 
0.000000 
0.000000 
0.000000 
0.000000 
0.000000 
0.000000 
0.000000 
0.000000 
0.000000 
0.000000 
0.000000 
0.000000 
0.000000 
0.000000 
0.000000 
0.000000 
0.000000 
0.000000 
0.000000 
0.000000 
0.000000 
0.000000 
0.000000 
0.000000 
0.000000 
0.000000 
0.000000 
0.000000 
0.000000 
0.000000 
0.000000 
0.000000 
0.000000 
0.000000 
0.000000 
0.000000 
0.000000 
0.000000 
0.000000 
0.000000 
0.000000 
0.000000 
0.000000 
0.000000 
0.000000 
0.000000 
0.000000 
0.000000 
0.000000 
0.000000 
0.000000 
0.000000 
0.000000 
0.000000 
0.000000 
0.000000 
0.000000 
0.000000 
0.000000 
0.000000 
0.000000 
0.000000 
0.000000 
0.000000 
0.000000 
0.000000 
0.000000 
0.000000 
0.000000 
0.000000 
0.000000 
0.000000 
0.000000 
0.000000 
0.000000 
0.000000 
0.000000 
0.000000 
0.000000 
0.000000 
0.000000 
0.000000 
0.000000 
0.000000 
0.000000 
0.000000 
0.000000 
0.000000 
0.000000 
0.000000 
0.000000 
0.000000 
0.000000 
0.000000 
0.000000 
0.000000 
0.000000 
0.000000 
0.000000 
0.000000 
0.000000 
0.000000 
0.000000 
0.000000 
0.000000 
0.000000 
0.000000 
0.000000 
0.000000 
0.000000 
0.000000 
0.000000 
0.000000 
0.000000 
0.000000 
0.000000 
0.000000 
0.000000 
0.000000 
0.000000 
0.000000 
0.000000 
0.000000 
0.000000 
0.000000 
0.000000 
0.000000 
0.000000 
0.000000 
0.000000 
0.000000 
0.000000 
0.000000 
0.000000 
0.000000 
0.000000 
0.000000 
0.000000 
0.000000 
0.000000 
0.000000 
0.000000 
0.000000 
0.000000 
0.000000 
0.000000 
0.000000 
0.000000 
0.000000 
0.000000 
0.000000 
0.000000 
0.000000 
0.000000 
0.000000 
0.000000 
0.000000 
0.000000 
0.000000 
0.000000 
0.000000 
0.000000 
0.000000 
0.000000 
0.000000 
0.000000 
0.000000 
0.000000 
0.000000 
0.000000 
0.000000 
0.000000 
0.000000 
0.000000 
0.000000 
0.000000 
0.000000 
0.000064 
0.000181 
0.000556 
0.000674 
0.001251 
0.001856 
0.002325 
0.002510 
0.003269 
0.004178 
0.006087 
0.007091 
0.008838 
0.011302 
0.012666 
0.014153 
0.019638 
0.023909 
0.026254 
0.026855 
0.028754 
0.028491 
0.037943 
0.042034 
0.040982 
0.036032 
0.041585 
0.044628 
0.045682 
0.036258 
0.037583 
0.042312 
0.038827 
0.033186 
0.036043 
0.042625 
0.037403 
0.039056 
0.041167 
0.040881 
0.039226 
0.041517 
0.049267 
0.049099 
0.054647 
0.062305 
0.052132 
0.064967 
0.058474 
0.066744 
0.075546 
0.078175 
0.081633 
0.094995 
0.077242 
0.076093 
0.097720 
0.095316 
0.108520 
0.093578 
0.104391 
0.096845 
0.079830 
0.113598 
0.094090 
0.113504 
0.091375 
0.118819 
0.113012 
0.097508 
0.128299 
0.125668 
0.105051 
0.108601 
0.127577 
0.154842 
0.115047 
0.112368 
0.129635 
0.139985 
0.123052 
0.139687 
0.133538 
0.136865 
0.114482 
0.145433 
0.132275 
0.156468 
0.162749 
0.175613 
0.182544 
0.131516 
0.171524 
0.161314 
0.180138 
0.154508 
0.148147 
0.177229 
0.167185 
0.164061 
0.189947 
0.215863 
0.226905 
0.284770 
0.271735 
0.332095 
0.339675 
0.293873 
0.340476 
0.340681 
0.353995 
0.418383 
0.417842 
0.418870 
0.378841 
0.435439 
0.396708 
0.394498 
0.331127 
0.317041 
0.309072 
0.337544 
0.425658 
0.447982 
0.411293 
0.503138 
0.465616 
0.470603 
0.447718 
0.475956 
0.437914 
0.490297 
0.572291 
0.429698 
0.515587 
0.481621 
0.541278 
0.606670 
0.787027 
0.828745 
0.889367 
0.835518 
0.797817 
0.771352 
0.854757 
0.886446 
1.046239 
1.017270 
0.836433 
1.011870 
1.055859 
1.288787 
1.304020 
1.330099 
0.964224 
1.019425 
1.178594 
0.918553 
0.985675 
1.386480 
0.865894 
1.022042 
1.136368 
1.167700 
0.947110 
1.078178 
1.102635 
0.776383 
0.848840 
0.966950 
0.937095 
0.785843 
0.836729 
0.913419 
1.029843 
1.021935 
0.887401 
1.462197 
1.341826 
1.286964 
1.314008 
1.590145 
1.325198 
1.163536 
1.345239 
1.086912 
1.021303 
1.144990 
1.009429 
0.929020 
1.097439 
1.183705 
1.072685 
1.368937 
1.434388 
1.217191 
1.537629 
1.481047 
1.213641 
1.769887 
1.358397 
1.569278 
1.421161 
1.683214 
1.459259 
1.625226 
1.722590 
1.714230 
1.669726 
1.632643 
1.771330 
1.727015 
2.147174 
1.905211 
1.869137 
1.883896 
2.256060 
1.794189 
2.157775 
2.024687 
1.716539 
2.317406 
2.127485 
2.236309 
2.260430 
2.488661 
1.980356 
2.234257 
2.068503 
2.122907 
2.032948 
2.190254 
2.353822 
2.796285 
2.449601 
2.675586 
2.540558 
2.643358 
2.284301 
2.100968 
1.760916 
1.241129 
0.933353 
0.833017 
0.806510 
0.945572 
0.987867 
1.581877 
1.909541 
2.162263 
1.921161 
2.154031 
2.724070 
1.805621 
1.931725 
2.255795 
2.471123 
2.361328 
2.068608 
2.105629 
2.426735 
2.154676 
2.083240 
2.518123 
1.988103 
2.023855 
2.718265 
2.341315 
2.190314 
2.481555 
2.497264 
1.904753 
2.915787 
2.575537 
2.475696 
2.027080 
2.113105 
2.490393 
1.862608 
1.588658 
2.127821 
2.390238 
2.404603 
2.234480 
2.481079 
2.143694 
1.834359 
1.927590 
1.460087 
0.885886 
0.947081 
0.725422 
0.516853 
0.452302 
0.351456 
0.587711 
0.683585 
1.121984 
1.569536 
1.672572 
2.329223 
2.099951 
2.647467 
2.422549 
2.130329 
2.278194 
3.049550 
2.607998 
2.391479 
2.506751 
3.011797 
2.339466 
3.373121 
2.431756 
2.593175 
2.501222 
3.032315 
2.956924 
2.581791 
2.393584 
2.800172 
2.657046 
3.380815 
2.834592 
2.937016 
2.756986 
2.891405 
3.054654 
3.115066 
2.579149 
3.405992 
3.130262 
2.617170 
2.938607 
2.953293 
3.051819 
2.727944 
3.392165 
3.065271 
2.992027 
2.833808 
3.142391 
2.703394 
2.772119 
2.476466 
2.834393 
3.072570 
3.124982 
3.042328 
3.632473 
3.502307 
3.565706 
3.274334 
2.878376 
3.293568 
3.000921 
3.092948 
3.544891 
3.971494 
3.068372 
3.653759 
2.866211 
3.372858 
3.081629 
3.457453 
3.094462 
3.293863 
3.066893 
3.450290 
4.182601 
4.381530 
2.864555 
2.582820 
1.978170 
1.977732 
1.963164 
1.612735 
2.152946 
2.513691 
2.586338 
2.156485 
2.862245 
2.400458 
3.898906 
3.392353 
3.532934 
3.706580 
3.220888 
3.436024 
3.273542 
2.709559 
2.908666 
2.858181 
2.192757 
1.848465 
1.997801 
2.033310 
1.572522 
1.714761 
1.378549 
1.843696 
2.283164 
2.640436 
3.520072 
2.897951 
4.278943 
3.359413 
2.690266 
3.757866 
3.415049 
3.242591 
3.192143 
2.300897 
2.729022 
2.427904 
2.791802 
2.972115 
2.900106 
3.966957 
3.042535 
3.712897 
3.724623 
3.633914 
3.300202 
3.077902 
3.179587 
3.316096 
3.181369 
2.844887 
3.738086 
3.335892 
3.606207 
3.050400 
3.612299 
3.856194 
4.011773 
3.171872 
3.161901 
2.857775 
2.616986 
2.602375 
1.450960 
1.395966 
0.970797 
0.807229 
0.737555 
0.765786 
0.686597 
0.830619 
0.721569 
1.131622 
1.386629 
1.788381 
2.460728 
2.794584 
3.345830 
3.063925 
2.653862 
3.868905 
3.591472 
3.472346 
3.960273 
3.627369 
4.402499 
3.596310 
3.525877 
3.943562 
4.355870 
3.203119 
4.220911 
4.002414 
3.851598 
3.090258 
2.909949 
4.040871 
3.937494 
3.802053 
3.588205 
3.478656 
3.791643 
2.984558 
2.418976 
1.568405 
1.123114 
0.882263 
1.007776 
1.221390 
1.435158 
1.571544 
1.752654 
1.918987 
1.962005 
1.830994 
2.343447 
2.136013 
2.147305 
1.419189 
1.766846 
1.581691 
1.202053 
1.355181 
1.723567 
1.674668 
2.140197 
2.451404 
2.706478 
2.923038 
3.424369 
2.833501 
2.947815 
2.911157 
3.010953 
2.001498 
1.377405 
1.722213 
1.566569 
1.704316 
1.927306 
1.424458 
1.708672 
1.545407 
1.573899 
1.365562 
1.195829 
1.267960 
1.569165 
1.635768 
1.911710 
1.426651 
1.431553 
1.769081 
2.009712 
2.199719 
2.293737 
2.150565 
3.194093 
2.579871 
3.182310 
3.409772 
3.353110 
3.451170 
3.604294 
3.128807 
3.576399 
3.754840 
2.746673 
2.193786 
1.866235 
1.687900 
1.357087 
1.141812 
1.254551 
0.982169 
0.947558 
1.032353 
1.036111 
1.167785 
1.588742 
2.223764 
2.226543 
2.405291 
2.745760 
3.736637 
3.687954 
3.501670 
3.747294 
4.303030 
4.013729 
3.169632 
3.989474 
3.920297 
3.304061 
4.359506 
3.989224 
3.677153 
4.323538 
3.571915 
3.818762 
3.442423 
3.408894 
4.304638 
3.435503 
3.238172 
3.276121 
2.985646 
3.176104 
3.144590 
4.153182 
3.513783 
3.237301 
3.449166 
3.552251 
4.373766 
3.489188 
3.628494 
3.558158 
3.586002 
4.113610 
3.799581 
3.394053 
3.680869 
3.276398 
2.915952 
2.953471 
2.530716 
2.628301 
3.265129 
3.321947 
3.603305 
3.043544 
3.626040 
3.178929 
3.451482 
3.465737 
3.065874 
3.626906 
3.599514 
2.388413 
3.462277 
3.234004 
3.250478 
3.328865 
3.510026 
3.392459 
4.037357 
3.607596 
3.363754 
3.006785 
2.891593 
2.458251 
2.089361 
2.378733 
2.127520 
2.171329 
2.150720 
2.136664 
2.526763 
2.793004 
2.814815 
3.250250 
3.141170 
3.474206 
3.878406 
2.661758 
3.246519 
3.393150 
3.277814 
3.125676 
3.016283 
3.059356 
2.826318 
2.974103 
2.980284 
3.340476 
3.466535 
3.379045 
3.004546 
3.426221 
2.861259 
2.791635 
2.496598 
2.439602 
2.322652 
2.290634 
2.634193 
2.529122 
2.232215 
2.212856 
2.135595 
2.346316 
2.162986 
2.662355 
2.251055 
2.919639 
2.691925 
2.731655 
3.087386 
2.484090 
2.033084 
2.607598 
2.468886 
1.906761 
1.826551 
1.334076 
0.977390 
1.030448 
0.986204 
0.814621 
0.677528 
0.955090 
0.740404 
0.751136 
0.800518 
0.785580 
0.606882 
0.790900 
0.803994 
0.920633 
0.875835 
0.956666 
1.004497 
1.425322 
1.501460 
1.756206 
1.596089 
2.340824 
1.895902 
2.257098 
2.979613 
2.631243 
2.783572 
2.902434 
2.202287 
1.963016 
2.160366 
1.863626 
1.959092 
1.571658 
1.538993 
1.655257 
1.550663 
1.556154 
1.232319 
1.461359 
1.477195 
1.307293 
1.683622 
1.626448 
1.552478 
1.823224 
1.951317 
1.921052 
2.378761 
3.247044 
3.002330 
3.145792 
2.589273 
2.675294 
2.683094 
2.640930 
2.340221 
2.179778 
1.739079 
1.574246 
1.688468 
1.610735 
1.583515 
1.543573 
1.555051 
1.856092 
1.569634 
1.369078 
1.792544 
1.528488 
1.543088 
1.660413 
1.588727 
1.665218 
1.658425 
2.251876 
2.073688 
2.244138 
2.465434 
1.925835 
2.301037 
2.029876 
1.914495 
1.461482 
1.427741 
1.347664 
1.116481 
1.363318 
1.526669 
1.715706 
1.741474 
1.762791 
1.476652 
0.857644 
0.863885 
0.910974 
0.962220 
0.914901 
0.957897 
1.107520 
1.143335 
1.182026 
0.904265 
1.002415 
0.971931 
1.207128 
1.158337 
0.948680 
1.049354 
1.226499 
0.988126 
0.889434 
0.810954 
0.888552 
0.723478 
0.745726 
0.766737 
0.599657 
0.650842 
0.589278 
0.633029 
0.555575 
0.617171 
0.500653 
0.454703 
0.458403 
0.428628 
0.366588 
0.333662 
0.294725 
0.350618 
0.430576 
0.335490 
0.333083 
0.355549 
0.293529 
0.298785 
0.355534 
0.404227 
0.338976 
0.322199 
0.364346 
0.327857 
0.358305 
0.375132 
0.354200 
0.432124 
0.440603 
0.469573 
0.425101 
0.409378 
0.488367 
0.513059 
0.472963 
0.472759 
0.479849 
0.485505 
0.520745 
0.613019 
0.553647 
0.610760 
0.509389 
0.545526 
0.505664 
0.625265 
0.593600 
0.684995 
0.607378 
0.586388 
0.567573 
0.603338 
0.710459 
0.626301 
0.659026 
0.699930 
0.693613 
0.677646 
0.820241 
0.706466 
0.712430 
0.680753 
0.932714 
0.989995 
1.191805 
1.337070 
1.270467 
1.443361 
1.435685 
1.249356 
1.319499 
1.095824 
1.098478 
1.011719 
0.707558 
0.667501 
0.545949 
0.625786 
0.410245 
0.515020 
0.493497 
0.655058 
0.619135 
0.480720 
0.451138 
0.424567 
0.353640 
0.336492 
0.261008 
0.321000 
0.240620 
0.258658 
0.296104 
0.186718 
0.228637 
0.214474 
0.253556 
0.218714 
0.290246 
0.237930 
0.260187 
0.282557 
0.257816 
0.245428 
0.258520 
0.266455 
0.267061 
0.251580 
0.249903 
0.220713 
0.222563 
0.230589 
0.254953 
0.253610 
0.231090 
0.289899 
0.269808 
0.237133 
0.283506 
0.219294 
0.206479 
0.254847 
0.215265 
0.185612 
0.131362 
0.166341 
0.158237 
0.172346 
0.146239 
0.141702 
0.126627 
0.148537 
0.111638 
0.131675 
0.121785 
0.128959 
0.124275 
0.115677 
0.102382 
0.100960 
0.123041 
0.103977 
0.095555 
0.080441 
0.090558 
0.080760 
0.092871 
0.095454 
0.072978 
0.075291 
0.071356 
0.060441 
0.062261 
0.047158 
0.048800 
0.047398 
0.040463 
0.040384 
0.043302 
0.038556 
0.032063 
0.031970 
0.026598 
0.031714 
0.020924 
0.019883 
0.025584 
0.025818 
0.022320 
0.025378 
0.023182 
0.026038 
0.027064 
0.023764 
0.023601 
0.020752 
0.030335 
0.028646 
0.025875 
0.017933 
0.020864 
0.025943 
0.022816 
0.016151 
0.014178 
0.014315 
0.014173 
0.011458 
0.009238 
0.009922 
0.009385 
0.010024 
0.011306 
0.008531 
0.008505 
0.008046 
0.007440 
0.008188 
0.009303 
0.008410 
0.008760 
0.007536 
0.007863 
0.006311 
0.006523 
0.006409 
0.005850 
0.004289 
0.004154 
0.003577 
0.003105 
0.002829 
0.002628 
0.001573 
0.000931 
0.000582 
0.000274 
0.000191 
0.000105 
0.000053 
0.000012 
0.000000 
0.000000 
0.000000 
0.000000 
0.000000 
0.000000 
0.000000 
0.000000 
0.000000 
0.000000 
0.000000 
0.000000 
0.000000 
0.000000 
0.000000 
0.000000 
0.000000 
0.000000 
0.000000 
0.000000 
0.000000 
0.000000 
0.000000 
0.000000 
0.000000 
0.000000 
0.000000 
0.000000 
0.000000 
0.000000 
0.000000 
0.000000 
0.000000 
0.000000 
0.000000 
0.000000 
0.000000 
0.000000 
0.000000 
0.000000 
0.000000 
0.000000 
0.000000 
0.000000 
0.000000 
0.000000 
0.000000 
0.000000 
0.000000 
0.000000 
0.000000 
0.000000 
0.000000 
0.000000 
0.000000 
0.000000 
0.000000 
0.000000 
0.000000 
0.000000 
0.000000 
0.000000 
0.000000 
0.000000 
0.000000 
0.000000 
0.000000 
0.000000 
0.000000 
0.000000 
0.000000 
0.000000 
0.000000 
0.000000 
0.000000 
0.000000 
0.000000 
0.000000 
0.000000 
0.000000 
0.000000 
0.000000 
0.000000 
0.000000 
0.000000 
0.000000 
0.000000 
0.000000 
0.000000 
0.000000 
0.000000 
0.000000 
0.000000 
0.000000 
0.000000 
0.000000 
0.000000 
0.000000 
0.000000 
0.000000 
0.000000 
0.000000 
0.000000 
0.000000 
0.000000 
0.000000 
0.000000 
0.000000 
0.000000 
0.000000 
0.000000 
0.000000 
0.000000 
0.000000 
0.000000 
0.000000 
0.000000 
0.000000 
0.000000 
0.000000 
0.000000 
0.000000 
0.000000 
0.000000 
0.000000 
0.000000 
0.000000 
0.000000 
0.000000 
0.000000 
0.000000 
0.000000 
0.000000 
0.000000 
0.000000 
0.000000 
0.000000 
0.000000 
0.000000 
0.000000 
0.000000 
0.000000 
0.000000 
0.000000 
0.000000 
0.000000 
0.000000 
0.000000 
0.000000 
0.000000 
0.000000 
0.000000 
0.000000 
0.000000 
0.000000 
0.000000 
0.000000 
0.000000 
0.000000 
0.000000 
0.000000 
0.000000 
0.000000 
0.000000 
0.000000 
0.000000 
0.000000 
0.000000 
0.000000 
0.000000 
0.000000 
0.000000 
0.000000 
0.000000 
0.000000 
0.000000 
0.000000 
0.000000 
0.000000 
0.000000 
0.000000 
0.000000 
0.000000 
0.000000 
0.000000 
0.000000 
0.000000 
0.000000 
0.000000 
0.000000 
0.000000 
