0.000000 
0.000000 
0.000000 
0.000000 
0.000000 
0.000000 
0.000000 
0.000000 
0.000000 
0.000000 
0.000000 
0.000000 
0.000000 
0.000000 
0.000000 
0.000000 
0.000000 
0.000000 
0.000000 
0.000000 
0.000000 
0.000000 
0.000000 
0.000000 
0.000000 
0.000000 
0.000000 
0.000000 
0.000000 
0.000000 
0.000000 
0.000000 
0.000000 
0.000000 
0.000000 
0.000000 
0.000000 
0.000000 
0.000000 
0.000000 
0.000000 
0.000000 
0.000000 
0.000000 
0.000000 
0.000000 
0.000000 
0.000000 
0.000000 
0.000000 
0.000000 
0.000000 
0.000000 
0.000000 
0.000000 
0.000000 
0.000000 
0.000000 
0.000000 
0.000000 
0.000000 
0.000000 
0.000000 
0.000000 
0.000000 
0.000000 
0.000000 
0.000000 
0.000000 
0.000000 
0.000000 
0.000000 
0.000000 
0.000000 
0.000000 
0.000000 
0.000000 
0.000000 
0.000000 
0.000000 
0.000000 
0.000000 
0.000000 
0.000000 
0.000000 
0.000000 
0.000000 
0.000000 
0.000000 
0.000000 
0.000000 
0.000000 
0.000000 
0.000000 
0.000000 
0.000000 
0.000000 
0.000000 
0.000000 
0.000000 
0.000000 
0.000000 
0.000000 
0.000000 
0.000000 
0.000000 
0.000000 
0.000000 
0.000000 
0.000000 
0.000000 
0.000000 
0.000000 
0.000000 
0.000000 
0.000000 
0.000000 
0.000000 
0.000000 
0.000000 
0.000000 
0.000000 
0.000000 
0.000000 
0.000000 
0.000000 
0.000000 
0.000000 
0.000000 
0.000000 
0.000000 
0.000000 
0.000000 
0.000000 
0.000000 
0.000000 
0.000000 
0.000000 
0.000000 
0.000000 
0.000000 
0.000000 
0.000000 
0.000000 
0.000000 
0.000000 
0.000000 
0.000000 
0.000000 
0.000000 
0.000000 
0.000000 
0.000000 
0.000000 
0.000000 
0.000000 
0.000000 
0.000000 
0.000000 
0.000000 
0.000000 
0.000000 
0.000000 
0.000000 
0.000000 
0.000000 
0.000000 
0.000000 
0.000000 
0.000000 
0.000000 
0.000000 
0.000000 
0.000000 
0.000000 
0.000000 
0.000000 
0.000000 
0.000000 
0.000000 
0.000000 
0.000000 
0.000000 
0.000000 
0.000000 
0.000000 
0.000000 
0.000000 
0.000000 
0.000000 
0.000000 
0.000000 
0.000000 
0.000000 
0.000000 
0.000000 
0.000000 
0.000000 
0.000000 
0.000000 
0.000000 
0.000000 
0.000000 
0.000000 
0.000000 
0.000000 
0.000000 
0.000000 
0.000000 
0.000000 
0.000000 
0.000000 
0.000000 
0.000000 
0.000000 
0.000000 
0.000000 
0.000000 
0.000000 
0.000000 
0.000000 
0.000000 
0.000000 
0.000000 
0.000000 
0.000026 
0.000082 
0.000208 
0.000312 
0.000468 
0.000737 
0.000851 
0.001067 
0.001527 
0.001830 
0.002109 
0.002615 
0.003211 
0.003660 
0.005924 
0.006435 
0.007952 
0.009848 
0.011188 
0.010709 
0.011829 
0.012532 
0.013462 
0.013824 
0.015409 
0.016004 
0.015342 
0.017621 
0.016619 
0.012641 
0.013803 
0.017615 
0.017017 
0.014561 
0.015243 
0.015823 
0.013580 
0.017551 
0.016770 
0.014598 
0.017187 
0.017326 
0.019513 
0.017976 
0.024362 
0.024835 
0.020961 
0.027598 
0.025984 
0.033315 
0.029340 
0.032078 
0.033009 
0.022677 
0.035296 
0.039478 
0.037577 
0.031404 
0.038101 
0.027357 
0.030226 
0.038371 
0.032649 
0.038575 
0.037035 
0.040137 
0.040970 
0.036102 
0.041739 
0.050295 
0.047825 
0.045474 
0.053016 
0.054191 
0.045340 
0.043392 
0.052962 
0.053850 
0.056598 
0.051541 
0.051139 
0.051042 
0.054411 
0.059913 
0.057029 
0.061774 
0.061028 
0.054933 
0.061781 
0.061406 
0.058037 
0.055176 
0.058205 
0.067122 
0.057882 
0.067653 
0.069508 
0.073647 
0.061671 
0.081534 
0.076184 
0.073424 
0.087878 
0.100685 
0.097561 
0.119600 
0.117029 
0.126531 
0.133618 
0.115438 
0.146066 
0.173636 
0.198011 
0.165756 
0.167618 
0.182077 
0.138121 
0.127608 
0.144875 
0.143321 
0.150722 
0.134494 
0.135912 
0.127659 
0.160615 
0.176120 
0.172261 
0.178872 
0.144018 
0.205927 
0.162194 
0.187884 
0.198784 
0.254755 
0.172575 
0.259031 
0.236819 
0.234339 
0.287835 
0.366304 
0.364102 
0.296718 
0.325839 
0.310713 
0.258296 
0.367729 
0.374814 
0.391853 
0.572038 
0.520097 
0.468661 
0.462192 
0.492441 
0.369380 
0.465308 
0.416809 
0.351255 
0.466283 
0.452929 
0.442271 
0.384149 
0.367153 
0.398273 
0.417562 
0.476878 
0.441240 
0.425517 
0.377700 
0.367216 
0.335421 
0.321277 
0.405712 
0.383235 
0.283831 
0.386771 
0.360898 
0.453767 
0.451040 
0.446316 
0.522784 
0.364992 
0.450642 
0.506707 
0.452088 
0.429668 
0.425163 
0.389016 
0.468615 
0.337647 
0.318180 
0.366032 
0.360904 
0.501516 
0.480835 
0.459710 
0.587073 
0.563511 
0.566742 
0.521140 
0.620710 
0.516141 
0.672173 
0.620007 
0.522926 
0.550019 
0.621513 
0.726455 
0.713940 
0.672461 
0.654738 
0.654228 
0.775425 
0.820134 
0.598628 
0.734294 
0.755874 
0.809080 
0.654835 
0.940634 
0.811381 
0.880369 
0.832461 
0.791615 
0.945689 
0.889733 
0.873082 
0.662896 
0.880292 
0.735032 
0.753003 
0.955318 
0.939209 
0.850787 
0.928708 
0.944015 
0.906668 
0.848656 
0.923821 
0.827810 
0.834155 
0.647505 
0.630175 
0.360197 
0.364878 
0.296431 
0.312248 
0.425825 
0.613635 
0.737555 
0.610923 
0.764958 
0.672082 
1.106639 
0.876324 
1.039722 
0.946543 
0.934947 
0.778816 
0.867333 
0.940353 
1.004570 
0.954266 
0.904555 
0.835076 
0.913479 
0.911734 
0.878146 
0.963064 
1.004866 
0.841253 
0.800318 
0.883225 
0.932066 
0.924984 
0.939448 
0.873313 
0.878658 
0.736386 
0.755686 
0.745565 
0.706221 
0.968441 
0.743265 
0.941336 
0.864831 
1.084803 
0.840826 
0.701882 
0.600169 
0.457253 
0.303551 
0.309081 
0.196209 
0.156375 
0.147262 
0.195624 
0.301321 
0.453260 
0.510635 
0.593682 
0.798397 
0.971586 
0.792017 
1.018833 
1.012353 
0.902910 
1.009690 
1.214811 
0.923403 
1.134748 
0.900144 
1.069945 
1.096813 
1.017981 
1.089247 
1.073498 
0.964541 
1.102616 
1.144058 
0.920605 
0.989185 
1.036431 
1.053100 
0.916746 
1.031956 
1.121975 
1.293342 
0.762404 
1.013471 
1.082083 
1.185778 
0.997357 
1.108528 
1.346414 
1.245448 
1.138249 
1.154003 
1.163255 
1.170266 
1.056764 
1.226034 
1.109664 
0.978872 
1.331166 
1.056065 
1.213823 
1.129887 
1.319324 
1.334358 
1.301338 
1.311849 
1.321947 
1.494242 
1.297537 
1.506520 
1.319711 
1.492452 
1.147802 
1.442869 
1.010324 
1.316919 
1.327872 
1.258080 
1.379524 
1.128185 
0.913290 
1.203216 
1.424577 
1.363820 
1.274845 
1.405771 
1.175616 
0.867303 
0.825253 
0.713422 
0.824186 
0.876611 
0.869598 
0.918146 
0.991958 
1.007031 
1.227418 
1.041349 
1.344296 
1.400848 
1.301704 
1.385779 
1.395791 
1.313481 
1.281090 
1.434182 
1.153212 
0.944925 
1.039655 
0.914609 
0.776966 
0.653514 
0.749977 
0.672411 
0.627344 
0.724642 
0.905444 
1.262760 
1.237548 
1.593150 
1.329191 
1.477288 
1.483358 
1.252441 
1.351029 
1.178396 
1.227000 
0.959872 
0.950348 
1.051570 
0.975894 
1.001296 
1.300905 
1.640970 
1.422314 
1.352562 
1.642127 
1.636087 
1.313609 
1.228992 
1.476434 
1.329433 
1.521284 
1.230594 
1.236688 
1.377682 
1.336815 
1.313554 
1.556196 
1.573557 
1.630032 
1.557532 
1.234553 
1.185736 
1.008782 
0.814114 
0.647470 
0.503578 
0.316170 
0.335345 
0.331149 
0.279462 
0.318968 
0.263286 
0.248882 
0.417694 
0.490812 
0.814107 
0.965835 
1.114028 
1.301684 
1.217262 
1.356717 
1.516764 
1.840316 
1.538966 
1.546307 
1.282124 
1.424913 
1.518939 
1.569360 
1.475431 
1.520128 
1.592685 
1.688561 
1.471268 
1.305824 
1.211432 
1.508324 
1.695342 
1.349372 
1.791949 
1.452962 
1.330143 
1.570076 
0.902777 
1.025244 
0.747920 
0.481256 
0.304736 
0.389193 
0.469029 
0.486101 
0.561445 
0.583194 
0.732350 
0.747408 
0.848722 
0.839368 
1.002831 
0.658199 
0.919858 
0.745988 
0.524222 
0.484488 
0.507170 
0.775398 
0.746201 
0.793714 
0.809885 
0.952546 
1.060132 
0.983529 
1.379184 
1.280985 
1.136483 
1.083449 
0.780402 
0.696965 
0.602645 
0.550580 
0.641881 
0.544591 
0.560814 
0.575780 
0.592207 
0.663101 
0.587205 
0.510878 
0.589797 
0.577821 
0.704566 
0.583594 
0.686580 
0.734257 
0.752985 
0.697167 
0.943211 
0.874157 
0.739069 
1.076234 
0.942950 
1.216499 
1.569087 
1.375964 
1.286130 
1.115655 
1.384460 
1.538554 
1.209875 
1.015986 
0.837648 
0.761371 
0.606058 
0.524085 
0.467012 
0.515174 
0.418731 
0.387006 
0.460428 
0.430364 
0.377976 
0.683472 
0.617607 
0.939574 
0.893690 
1.359406 
1.186407 
1.696137 
1.570781 
1.693062 
1.372861 
1.846322 
1.919129 
1.383984 
1.559900 
1.537129 
1.329611 
1.378368 
1.334357 
1.511034 
1.075998 
1.453888 
1.336895 
1.431892 
1.330925 
1.439282 
1.064598 
1.537208 
1.430567 
1.209102 
1.311968 
1.466248 
1.405299 
1.459738 
1.366142 
1.752485 
1.770127 
1.518810 
1.721021 
1.761570 
1.596064 
1.393090 
1.416115 
1.527206 
1.225522 
1.176566 
1.157944 
1.198775 
1.151511 
1.071589 
1.110124 
1.270002 
1.289598 
1.318447 
1.176075 
1.226045 
1.561260 
1.223766 
1.473551 
1.226344 
1.408452 
1.452599 
1.458322 
1.353409 
1.171793 
1.422128 
1.191662 
1.295219 
1.181042 
1.359583 
1.269996 
1.082351 
0.986017 
1.087555 
1.046295 
0.836866 
0.961938 
0.828371 
0.828280 
0.856915 
0.852124 
1.116227 
1.214397 
1.449851 
1.407805 
1.375492 
1.050939 
1.517364 
1.379314 
1.370793 
1.311229 
0.961127 
1.298178 
1.178406 
1.294129 
1.346229 
1.522863 
1.152328 
1.091205 
1.020686 
1.336210 
1.173769 
1.194621 
0.999393 
1.082530 
0.959327 
1.039698 
0.853192 
1.296660 
1.101357 
1.005959 
1.028685 
1.061755 
0.956636 
0.988411 
1.106110 
0.964576 
0.950039 
1.050345 
1.081516 
1.151456 
1.190508 
0.994111 
1.115480 
1.068190 
0.903200 
0.644106 
0.386681 
0.470298 
0.396693 
0.383767 
0.320290 
0.342084 
0.304258 
0.286864 
0.326495 
0.318115 
0.344601 
0.371987 
0.292757 
0.319692 
0.313061 
0.337491 
0.332459 
0.448014 
0.516735 
0.497819 
0.580958 
0.522663 
0.717304 
0.786391 
1.013774 
1.000026 
1.042709 
0.840848 
0.877654 
0.949932 
0.771790 
0.835384 
0.832261 
0.666578 
0.771966 
0.701725 
0.512682 
0.624016 
0.635504 
0.573776 
0.581659 
0.603222 
0.576572 
0.563230 
0.569679 
0.667323 
0.776590 
0.887063 
0.880276 
0.985472 
0.974437 
1.137635 
1.063493 
0.994582 
1.047057 
1.065356 
1.137369 
1.043170 
0.803665 
0.806555 
0.772320 
0.732940 
0.678318 
0.709011 
0.512564 
0.608850 
0.568680 
0.556798 
0.539358 
0.549039 
0.585459 
0.749437 
0.654639 
0.692600 
0.617873 
0.668931 
0.634619 
0.796395 
0.520286 
0.784520 
0.765090 
0.687436 
0.775926 
0.811109 
0.586805 
0.549926 
0.490481 
0.408685 
0.557825 
0.700508 
0.733976 
0.633750 
0.652324 
0.513271 
0.484597 
0.392132 
0.333147 
0.370476 
0.335243 
0.398122 
0.422334 
0.432297 
0.460685 
0.440344 
0.459591 
0.462104 
0.351821 
0.433859 
0.375350 
0.375174 
0.412224 
0.311811 
0.305156 
0.318481 
0.323366 
0.325468 
0.270742 
0.257608 
0.270778 
0.244917 
0.232718 
0.214445 
0.170354 
0.194798 
0.232085 
0.187172 
0.170614 
0.185396 
0.138393 
0.155017 
0.152498 
0.144458 
0.126206 
0.148542 
0.106277 
0.131491 
0.132144 
0.123870 
0.153140 
0.137007 
0.131352 
0.120874 
0.160061 
0.143835 
0.107621 
0.136601 
0.130436 
0.139191 
0.178086 
0.167528 
0.158179 
0.188726 
0.173284 
0.178899 
0.224574 
0.227686 
0.203849 
0.220321 
0.209512 
0.234552 
0.241626 
0.234249 
0.244041 
0.252624 
0.253268 
0.221116 
0.232633 
0.229446 
0.244979 
0.248447 
0.237392 
0.260770 
0.276357 
0.230332 
0.253799 
0.251421 
0.253447 
0.338564 
0.299187 
0.318548 
0.304863 
0.269366 
0.265466 
0.353562 
0.432060 
0.461618 
0.612780 
0.524884 
0.521826 
0.476910 
0.524370 
0.422981 
0.412396 
0.340993 
0.335444 
0.257295 
0.257578 
0.253761 
0.226227 
0.226444 
0.217584 
0.202505 
0.199491 
0.163231 
0.165262 
0.163731 
0.148141 
0.129508 
0.113964 
0.095689 
0.111355 
0.101148 
0.093326 
0.091769 
0.092287 
0.087323 
0.102162 
0.112312 
0.096093 
0.103978 
0.120606 
0.099558 
0.088804 
0.090612 
0.093274 
0.096976 
0.094967 
0.096199 
0.088825 
0.093586 
0.086739 
0.097202 
0.094703 
0.103213 
0.083012 
0.107241 
0.117958 
0.097822 
0.108574 
0.112491 
0.110944 
0.098187 
0.084597 
0.090858 
0.076850 
0.077920 
0.071998 
0.064498 
0.052768 
0.070181 
0.053663 
0.040571 
0.056853 
0.046329 
0.038502 
0.053079 
0.041313 
0.041236 
0.045152 
0.033280 
0.034199 
0.041104 
0.044642 
0.041739 
0.041498 
0.034712 
0.036987 
0.031665 
0.027806 
0.031587 
0.023073 
0.026831 
0.021306 
0.024147 
0.016754 
0.017709 
0.017269 
0.015256 
0.014171 
0.014121 
0.011927 
0.012383 
0.011223 
0.010089 
0.009296 
0.008832 
0.008958 
0.007326 
0.008076 
0.008758 
0.010517 
0.009132 
0.008117 
0.011087 
0.010547 
0.010884 
0.011418 
0.011765 
0.010326 
0.010005 
0.011994 
0.008216 
0.008855 
0.007722 
0.006492 
0.005987 
0.004796 
0.004508 
0.004044 
0.004103 
0.003904 
0.003539 
0.003537 
0.003867 
0.003139 
0.003388 
0.003182 
0.003306 
0.003388 
0.003088 
0.003367 
0.003302 
0.002615 
0.002476 
0.002988 
0.002302 
0.002295 
0.001869 
0.001984 
0.001573 
0.001283 
0.001019 
0.000872 
0.000748 
0.000436 
0.000180 
0.000114 
0.000057 
0.000044 
0.000023 
0.000005 
0.000000 
0.000000 
0.000000 
0.000000 
0.000000 
0.000000 
0.000000 
0.000000 
0.000000 
0.000000 
0.000000 
0.000000 
0.000000 
0.000000 
0.000000 
0.000000 
0.000000 
0.000000 
0.000000 
0.000000 
0.000000 
0.000000 
0.000000 
0.000000 
0.000000 
0.000000 
0.000000 
0.000000 
0.000000 
0.000000 
0.000000 
0.000000 
0.000000 
0.000000 
0.000000 
0.000000 
0.000000 
0.000000 
0.000000 
0.000000 
0.000000 
0.000000 
0.000000 
0.000000 
0.000000 
0.000000 
0.000000 
0.000000 
0.000000 
0.000000 
0.000000 
0.000000 
0.000000 
0.000000 
0.000000 
0.000000 
0.000000 
0.000000 
0.000000 
0.000000 
0.000000 
0.000000 
0.000000 
0.000000 
0.000000 
0.000000 
0.000000 
0.000000 
0.000000 
0.000000 
0.000000 
0.000000 
0.000000 
0.000000 
0.000000 
0.000000 
0.000000 
0.000000 
0.000000 
0.000000 
0.000000 
0.000000 
0.000000 
0.000000 
0.000000 
0.000000 
0.000000 
0.000000 
0.000000 
0.000000 
0.000000 
0.000000 
0.000000 
0.000000 
0.000000 
0.000000 
0.000000 
0.000000 
0.000000 
0.000000 
0.000000 
0.000000 
0.000000 
0.000000 
0.000000 
0.000000 
0.000000 
0.000000 
0.000000 
0.000000 
0.000000 
0.000000 
0.000000 
0.000000 
0.000000 
0.000000 
0.000000 
0.000000 
0.000000 
0.000000 
0.000000 
0.000000 
0.000000 
0.000000 
0.000000 
0.000000 
0.000000 
0.000000 
0.000000 
0.000000 
0.000000 
0.000000 
0.000000 
0.000000 
0.000000 
0.000000 
0.000000 
0.000000 
0.000000 
0.000000 
0.000000 
0.000000 
0.000000 
0.000000 
0.000000 
0.000000 
0.000000 
0.000000 
0.000000 
0.000000 
0.000000 
0.000000 
0.000000 
0.000000 
0.000000 
0.000000 
0.000000 
0.000000 
0.000000 
0.000000 
0.000000 
0.000000 
0.000000 
0.000000 
0.000000 
0.000000 
0.000000 
0.000000 
0.000000 
0.000000 
0.000000 
0.000000 
0.000000 
0.000000 
0.000000 
0.000000 
0.000000 
0.000000 
0.000000 
0.000000 
0.000000 
0.000000 
0.000000 
0.000000 
0.000000 
0.000000 
0.000000 
0.000000 
0.000000 
0.000000 
0.000000 
