0.000000 
0.000000 
0.000000 
0.000000 
0.000000 
0.000000 
0.000000 
0.000000 
0.000000 
0.000000 
0.000000 
0.000000 
0.000000 
0.000000 
0.000000 
0.000000 
0.000000 
0.000000 
0.000000 
0.000000 
0.000000 
0.000000 
0.000000 
0.000000 
0.000000 
0.000000 
0.000000 
0.000000 
0.000000 
0.000000 
0.000000 
0.000000 
0.000000 
0.000000 
0.000000 
0.000000 
0.000000 
0.000000 
0.000000 
0.000000 
0.000000 
0.000000 
0.000000 
0.000000 
0.000000 
0.000000 
0.000000 
0.000000 
0.000000 
0.000000 
0.000000 
0.000000 
0.000000 
0.000000 
0.000000 
0.000000 
0.000000 
0.000000 
0.000000 
0.000000 
0.000000 
0.000000 
0.000000 
0.000000 
0.000000 
0.000000 
0.000000 
0.000000 
0.000000 
0.000000 
0.000000 
0.000000 
0.000000 
0.000000 
0.000000 
0.000000 
0.000000 
0.000000 
0.000000 
0.000000 
0.000000 
0.000000 
0.000000 
0.000000 
0.000000 
0.000000 
0.000000 
0.000000 
0.000000 
0.000000 
0.000000 
0.000000 
0.000000 
0.000000 
0.000000 
0.000000 
0.000000 
0.000000 
0.000000 
0.000000 
0.000000 
0.000000 
0.000000 
0.000000 
0.000000 
0.000000 
0.000000 
0.000000 
0.000000 
0.000000 
0.000000 
0.000000 
0.000000 
0.000000 
0.000000 
0.000000 
0.000000 
0.000000 
0.000000 
0.000000 
0.000000 
0.000000 
0.000000 
0.000000 
0.000000 
0.000000 
0.000000 
0.000000 
0.000000 
0.000000 
0.000000 
0.000000 
0.000000 
0.000000 
0.000000 
0.000000 
0.000000 
0.000000 
0.000000 
0.000000 
0.000000 
0.000000 
0.000000 
0.000000 
0.000000 
0.000000 
0.000000 
0.000000 
0.000000 
0.000000 
0.000000 
0.000000 
0.000000 
0.000000 
0.000000 
0.000000 
0.000000 
0.000000 
0.000000 
0.000000 
0.000000 
0.000000 
0.000000 
0.000000 
0.000000 
0.000000 
0.000000 
0.000000 
0.000000 
0.000000 
0.000000 
0.000000 
0.000000 
0.000000 
0.000000 
0.000000 
0.000000 
0.000000 
0.000000 
0.000000 
0.000000 
0.000000 
0.000000 
0.000000 
0.000000 
0.000000 
0.000000 
0.000000 
0.000000 
0.000000 
0.000000 
0.000000 
0.000000 
0.000000 
0.000000 
0.000000 
0.000000 
0.000000 
0.000000 
0.000000 
0.000000 
0.000000 
0.000000 
0.000000 
0.000000 
0.000000 
0.000000 
0.000000 
0.000000 
0.000000 
0.000000 
0.000000 
0.000000 
0.000000 
0.000000 
0.000000 
0.000000 
0.000000 
0.000000 
0.000000 
0.000000 
0.000000 
0.000000 
0.000000 
0.000000 
0.000070 
0.000247 
0.000524 
0.000975 
0.001025 
0.001467 
0.002351 
0.002428 
0.003750 
0.005267 
0.007066 
0.005927 
0.008246 
0.010881 
0.012830 
0.015035 
0.014779 
0.022200 
0.026047 
0.026352 
0.034378 
0.037871 
0.037533 
0.038786 
0.042163 
0.032106 
0.041489 
0.036377 
0.032602 
0.043664 
0.039548 
0.040592 
0.036929 
0.034904 
0.040087 
0.039027 
0.026387 
0.036318 
0.040623 
0.039360 
0.047795 
0.039104 
0.048956 
0.050132 
0.056292 
0.067915 
0.071216 
0.074017 
0.075439 
0.073689 
0.081270 
0.075600 
0.085010 
0.091762 
0.076830 
0.084481 
0.084257 
0.082497 
0.090450 
0.098641 
0.086617 
0.098644 
0.092938 
0.114219 
0.107209 
0.098462 
0.090293 
0.112270 
0.085720 
0.105625 
0.125759 
0.122845 
0.135913 
0.164398 
0.131062 
0.103431 
0.135547 
0.135817 
0.132925 
0.106199 
0.118568 
0.107156 
0.122127 
0.136972 
0.140005 
0.123759 
0.141959 
0.141680 
0.157166 
0.138473 
0.145394 
0.137205 
0.185192 
0.164616 
0.167295 
0.177417 
0.157398 
0.180795 
0.210320 
0.195380 
0.196750 
0.221978 
0.197593 
0.234852 
0.249469 
0.294030 
0.302476 
0.351794 
0.321796 
0.317995 
0.412699 
0.352086 
0.380360 
0.396186 
0.364706 
0.427288 
0.361127 
0.400428 
0.295902 
0.334193 
0.438773 
0.361394 
0.398108 
0.373438 
0.424081 
0.438560 
0.412258 
0.409053 
0.473852 
0.465554 
0.464193 
0.552700 
0.475280 
0.467598 
0.526240 
0.604879 
0.579101 
0.637195 
0.764176 
0.765211 
0.913078 
0.838004 
0.773859 
0.842433 
0.881861 
0.760653 
0.963400 
1.017543 
1.332738 
1.343700 
1.284855 
1.086608 
1.167618 
1.148615 
1.009772 
1.018333 
1.012083 
1.066424 
1.020955 
0.805068 
0.971096 
1.111418 
1.204146 
1.034957 
1.082336 
1.151650 
1.109007 
0.980277 
0.904201 
0.899548 
0.665492 
0.798413 
0.805379 
0.887767 
1.037326 
0.896263 
1.154968 
1.129823 
1.370152 
1.126264 
1.284971 
1.186641 
1.473080 
1.217660 
1.118275 
1.164355 
1.047787 
1.181932 
0.986524 
0.936721 
1.117234 
0.921567 
1.097206 
1.394312 
1.296118 
1.515351 
1.459209 
1.421734 
1.587529 
1.532464 
1.902742 
1.435267 
1.666845 
1.753278 
1.521362 
1.618170 
1.575821 
1.405400 
1.399680 
1.584118 
1.857442 
1.595861 
1.517880 
1.887296 
1.728552 
2.151165 
1.634472 
1.762289 
1.937478 
1.825290 
2.074500 
1.965174 
1.958859 
2.186759 
2.090609 
2.068276 
1.759552 
2.389227 
2.255923 
2.322424 
2.221363 
2.548318 
2.185641 
2.501932 
2.107629 
2.246107 
2.164595 
2.296313 
1.647943 
2.104329 
1.401771 
1.299198 
1.234222 
0.952949 
0.684107 
0.835988 
0.934444 
1.406212 
1.846142 
1.907828 
2.115715 
2.168142 
2.172996 
2.136232 
2.286688 
2.437397 
2.134554 
2.149338 
2.926897 
2.218250 
1.922861 
2.158904 
2.332624 
2.054704 
2.115499 
2.322495 
2.292896 
1.922314 
1.759556 
2.435889 
1.954817 
2.135586 
2.140218 
2.092561 
2.481342 
2.357522 
2.326170 
1.983199 
1.781162 
2.131978 
1.877960 
1.908575 
2.490851 
2.513368 
2.185099 
2.116812 
2.300894 
1.628962 
1.551334 
1.150588 
0.953124 
0.681693 
0.601612 
0.476229 
0.372323 
0.518958 
0.780750 
1.099475 
1.223215 
1.656494 
2.419009 
2.475416 
2.166871 
2.620421 
2.600309 
2.516932 
2.808524 
2.643599 
3.261841 
2.591732 
2.876932 
3.086893 
2.932173 
2.386813 
2.849393 
3.164293 
2.709404 
3.240681 
2.454296 
3.092989 
2.205649 
2.438238 
3.177915 
3.171966 
2.672112 
2.436049 
3.245547 
3.154172 
2.675235 
3.103300 
3.112706 
2.953836 
2.499212 
2.874132 
3.041169 
3.092025 
3.338370 
2.545724 
3.357370 
2.792250 
3.339315 
3.295872 
2.724811 
2.611564 
2.937157 
3.013457 
2.610431 
2.358872 
3.062258 
3.113142 
2.558404 
3.232304 
3.644333 
2.982729 
3.110585 
3.229897 
3.138568 
3.736398 
3.114946 
3.163216 
3.215112 
2.959438 
3.509031 
2.912236 
3.174749 
3.210070 
2.669856 
3.403375 
3.482415 
3.741588 
3.320440 
3.001940 
2.024892 
2.335754 
2.104772 
1.716079 
1.897674 
1.950338 
2.277975 
2.764031 
3.275967 
2.878573 
2.848244 
3.488897 
3.375215 
3.834303 
3.131538 
3.672832 
3.468036 
3.280960 
3.216723 
2.655629 
2.772913 
2.219852 
2.136297 
2.300024 
1.799669 
1.618651 
1.674558 
1.468381 
1.717372 
2.100614 
3.107829 
3.751825 
3.576762 
3.683623 
3.820665 
3.696788 
3.222928 
3.236568 
2.689170 
2.614168 
2.635393 
2.107727 
2.352375 
2.791781 
2.792261 
3.112313 
3.183915 
4.262364 
3.213247 
2.964986 
3.776053 
3.855317 
3.227719 
3.603399 
3.144784 
3.197810 
3.006911 
3.104080 
3.903764 
3.304960 
3.524110 
3.601305 
3.391946 
3.476250 
4.324262 
2.812103 
2.768765 
2.445750 
2.362537 
1.767243 
1.229627 
0.969097 
0.824191 
0.899106 
0.735274 
0.732784 
0.604867 
0.663339 
1.012277 
1.328252 
1.715618 
2.643094 
2.906746 
3.335844 
3.562193 
2.998623 
3.705305 
3.333632 
3.647407 
3.755000 
4.185869 
3.656049 
4.238485 
3.722921 
4.220686 
3.868531 
4.082111 
3.634852 
3.196045 
3.284034 
3.641096 
3.616783 
3.666674 
3.876774 
3.886154 
3.537045 
4.045051 
3.818179 
3.018446 
2.728311 
1.779548 
1.166559 
0.895871 
0.970832 
1.375329 
1.128194 
1.603091 
1.660390 
1.811888 
2.040016 
2.144875 
2.508102 
2.158876 
2.102910 
1.979710 
1.708292 
1.217016 
1.117380 
1.394281 
1.696882 
2.161527 
2.241016 
1.954656 
2.665133 
2.550834 
2.484737 
3.085872 
3.133573 
2.997833 
2.796931 
1.927194 
1.684079 
1.332654 
1.345891 
1.682777 
1.552515 
1.576438 
1.869327 
1.438353 
1.479063 
1.705001 
1.559955 
1.415742 
1.309493 
1.371013 
1.458690 
1.615459 
1.992853 
2.069396 
2.028264 
2.449684 
2.530467 
2.209533 
2.516325 
2.795932 
3.450011 
3.426591 
3.379646 
3.826486 
3.843471 
3.626201 
3.164121 
3.179524 
2.745947 
2.357885 
2.121232 
1.662084 
1.332246 
1.175421 
0.947486 
1.059312 
1.016688 
1.029285 
1.242161 
1.289677 
1.578058 
1.899763 
2.297917 
2.948075 
3.647976 
3.912769 
4.260108 
4.543009 
3.924225 
4.569076 
4.293292 
3.683494 
4.072242 
4.672442 
3.500582 
3.084260 
3.938005 
3.833949 
3.295367 
3.630988 
3.695311 
3.754284 
3.350916 
3.840479 
4.255359 
4.214058 
3.877688 
2.968757 
3.832059 
3.987816 
3.669887 
3.295567 
3.688044 
3.603552 
3.620164 
4.101196 
3.441383 
4.314990 
3.819256 
3.536426 
3.886757 
3.924490 
3.455238 
3.123528 
3.200749 
3.383232 
2.747658 
2.534258 
2.584356 
2.985716 
3.340812 
3.365039 
3.152847 
3.874692 
2.849673 
3.469087 
2.668512 
3.496811 
3.526259 
3.040031 
3.226511 
3.532540 
3.483887 
3.286680 
3.840242 
3.365196 
3.221557 
3.278784 
3.505005 
3.327629 
3.082600 
3.085994 
2.441175 
2.148029 
2.780780 
2.140758 
2.405530 
2.108482 
1.985831 
2.553885 
3.174631 
3.126549 
2.793566 
3.006099 
3.755049 
3.685742 
3.708642 
3.135907 
3.361480 
3.084324 
3.082998 
2.801497 
2.499164 
3.087403 
2.576236 
3.798286 
3.490345 
3.975437 
2.942889 
3.439381 
3.081412 
2.961396 
2.944775 
2.606521 
2.665384 
2.728029 
2.568612 
2.669200 
2.633105 
2.034709 
2.229318 
1.997592 
1.835040 
2.623011 
2.129667 
2.668757 
2.139515 
2.916343 
2.426618 
2.602412 
2.912164 
2.735576 
2.239953 
2.400718 
2.048930 
1.395514 
1.240607 
0.944103 
1.150610 
0.983686 
0.880966 
0.708551 
0.837677 
0.880090 
0.681664 
0.811994 
0.635977 
0.725390 
0.844646 
0.887156 
0.875534 
1.024681 
1.054130 
0.972578 
1.359689 
1.428224 
1.658366 
1.775991 
1.985900 
2.008018 
2.192961 
2.643260 
2.487990 
2.501960 
2.674332 
2.283878 
2.394055 
2.076331 
1.847937 
2.219697 
1.642647 
1.553014 
1.698365 
1.353576 
1.416823 
1.391468 
1.389173 
1.299090 
1.423907 
1.669722 
1.524769 
1.658286 
1.684355 
2.100922 
2.041282 
2.510274 
2.380255 
2.820180 
2.787389 
2.586934 
2.881604 
2.840501 
2.604852 
2.450384 
2.391095 
1.875907 
1.754858 
1.918948 
1.534598 
1.440062 
1.625828 
1.785693 
1.692210 
1.598036 
1.426943 
1.632342 
1.261154 
1.469057 
1.753151 
1.805474 
2.044748 
2.185768 
2.019904 
2.097061 
2.020405 
1.710547 
1.784998 
1.663931 
1.387644 
1.714263 
1.592995 
1.155953 
1.360529 
1.354532 
1.421817 
1.576278 
1.675992 
1.747079 
1.376718 
1.826350 
1.105826 
1.112336 
0.880534 
0.932529 
0.946671 
1.134568 
0.905820 
1.008682 
1.166379 
0.975582 
1.197278 
1.015911 
1.015793 
1.081274 
0.951484 
0.860036 
1.170573 
0.871254 
0.851589 
0.773046 
0.888770 
0.783511 
0.906802 
0.656465 
0.800432 
0.697028 
0.594999 
0.583642 
0.479384 
0.546583 
0.505203 
0.420656 
0.386895 
0.470406 
0.382066 
0.339920 
0.340657 
0.396498 
0.347374 
0.289910 
0.328079 
0.269541 
0.314018 
0.262516 
0.348192 
0.334102 
0.363449 
0.349686 
0.366823 
0.320618 
0.366286 
0.320563 
0.358301 
0.434799 
0.319001 
0.356929 
0.423449 
0.423575 
0.496792 
0.455124 
0.494147 
0.366308 
0.520149 
0.513266 
0.519403 
0.606995 
0.520543 
0.599821 
0.652415 
0.588404 
0.617904 
0.639549 
0.680251 
0.511260 
0.519899 
0.613398 
0.585063 
0.650266 
0.576190 
0.616489 
0.609728 
0.686770 
0.785569 
0.658270 
0.708893 
0.633568 
0.875509 
0.808514 
0.921435 
1.021609 
1.212371 
1.161177 
1.195070 
1.484820 
1.359691 
1.039000 
1.307787 
1.144926 
1.106789 
0.849011 
0.733214 
0.625274 
0.604724 
0.610715 
0.596247 
0.582289 
0.517390 
0.520647 
0.554248 
0.407845 
0.358148 
0.399660 
0.354994 
0.351843 
0.310733 
0.292799 
0.304004 
0.251129 
0.276174 
0.204043 
0.217450 
0.239023 
0.177569 
0.224954 
0.229696 
0.262739 
0.289203 
0.276866 
0.288428 
0.266460 
0.287782 
0.218122 
0.254247 
0.203530 
0.260828 
0.173972 
0.243978 
0.249819 
0.243543 
0.229039 
0.257775 
0.279843 
0.327142 
0.247277 
0.265360 
0.242579 
0.264980 
0.248555 
0.238072 
0.208865 
0.223253 
0.159526 
0.170221 
0.154084 
0.143704 
0.139236 
0.137351 
0.108607 
0.130985 
0.121468 
0.125816 
0.131465 
0.116917 
0.122200 
0.097112 
0.099880 
0.109403 
0.094632 
0.080725 
0.090447 
0.082843 
0.103117 
0.097839 
0.080832 
0.082016 
0.075475 
0.044108 
0.059512 
0.055944 
0.050449 
0.059252 
0.038410 
0.043898 
0.040374 
0.035530 
0.033238 
0.026630 
0.026973 
0.024507 
0.030083 
0.026006 
0.021187 
0.022910 
0.023641 
0.025890 
0.023811 
0.019936 
0.025386 
0.021726 
0.022117 
0.021213 
0.026029 
0.027435 
0.028331 
0.019872 
0.020609 
0.023426 
0.020591 
0.023846 
0.016621 
0.013729 
0.011951 
0.011769 
0.010340 
0.010895 
0.008557 
0.005736 
0.009130 
0.009636 
0.009775 
0.008910 
0.009385 
0.007708 
0.007086 
0.008674 
0.009338 
0.009024 
0.008569 
0.009657 
0.007863 
0.006469 
0.005513 
0.005305 
0.005001 
0.004615 
0.003686 
0.003028 
0.002569 
0.002435 
0.001656 
0.000946 
0.000596 
0.000270 
0.000177 
0.000102 
0.000048 
0.000011 
0.000000 
0.000000 
0.000000 
0.000000 
0.000000 
0.000000 
0.000000 
0.000000 
0.000000 
0.000000 
0.000000 
0.000000 
0.000000 
0.000000 
0.000000 
0.000000 
0.000000 
0.000000 
0.000000 
0.000000 
0.000000 
0.000000 
0.000000 
0.000000 
0.000000 
0.000000 
0.000000 
0.000000 
0.000000 
0.000000 
0.000000 
0.000000 
0.000000 
0.000000 
0.000000 
0.000000 
0.000000 
0.000000 
0.000000 
0.000000 
0.000000 
0.000000 
0.000000 
0.000000 
0.000000 
0.000000 
0.000000 
0.000000 
0.000000 
0.000000 
0.000000 
0.000000 
0.000000 
0.000000 
0.000000 
0.000000 
0.000000 
0.000000 
0.000000 
0.000000 
0.000000 
0.000000 
0.000000 
0.000000 
0.000000 
0.000000 
0.000000 
0.000000 
0.000000 
0.000000 
0.000000 
0.000000 
0.000000 
0.000000 
0.000000 
0.000000 
0.000000 
0.000000 
0.000000 
0.000000 
0.000000 
0.000000 
0.000000 
0.000000 
0.000000 
0.000000 
0.000000 
0.000000 
0.000000 
0.000000 
0.000000 
0.000000 
0.000000 
0.000000 
0.000000 
0.000000 
0.000000 
0.000000 
0.000000 
0.000000 
0.000000 
0.000000 
0.000000 
0.000000 
0.000000 
0.000000 
0.000000 
0.000000 
0.000000 
0.000000 
0.000000 
0.000000 
0.000000 
0.000000 
0.000000 
0.000000 
0.000000 
0.000000 
0.000000 
0.000000 
0.000000 
0.000000 
0.000000 
0.000000 
0.000000 
0.000000 
0.000000 
0.000000 
0.000000 
0.000000 
0.000000 
0.000000 
0.000000 
0.000000 
0.000000 
0.000000 
0.000000 
0.000000 
0.000000 
0.000000 
0.000000 
0.000000 
0.000000 
0.000000 
0.000000 
0.000000 
0.000000 
0.000000 
0.000000 
0.000000 
0.000000 
0.000000 
0.000000 
0.000000 
0.000000 
0.000000 
0.000000 
0.000000 
0.000000 
0.000000 
0.000000 
0.000000 
0.000000 
0.000000 
0.000000 
0.000000 
0.000000 
0.000000 
0.000000 
0.000000 
0.000000 
0.000000 
0.000000 
0.000000 
0.000000 
0.000000 
0.000000 
0.000000 
0.000000 
0.000000 
0.000000 
0.000000 
0.000000 
0.000000 
0.000000 
0.000000 
0.000000 
0.000000 
0.000000 
0.000000 
0.000000 
