0.000000 
0.000000 
0.000000 
0.000000 
0.000000 
0.000000 
0.000000 
0.000000 
0.000000 
0.000000 
0.000000 
0.000000 
0.000000 
0.000000 
0.000000 
0.000000 
0.000000 
0.000000 
0.000000 
0.000000 
0.000000 
0.000000 
0.000000 
0.000000 
0.000000 
0.000000 
0.000000 
0.000000 
0.000000 
0.000000 
0.000000 
0.000000 
0.000000 
0.000000 
0.000000 
0.000000 
0.000000 
0.000000 
0.000000 
0.000000 
0.000000 
0.000000 
0.000000 
0.000000 
0.000000 
0.000000 
0.000000 
0.000000 
0.000000 
0.000000 
0.000000 
0.000000 
0.000000 
0.000000 
0.000000 
0.000000 
0.000000 
0.000000 
0.000000 
0.000000 
0.000000 
0.000000 
0.000000 
0.000000 
0.000000 
0.000000 
0.000000 
0.000000 
0.000000 
0.000000 
0.000000 
0.000000 
0.000000 
0.000000 
0.000000 
0.000000 
0.000000 
0.000000 
0.000000 
0.000000 
0.000000 
0.000000 
0.000000 
0.000000 
0.000000 
0.000000 
0.000000 
0.000000 
0.000000 
0.000000 
0.000000 
0.000000 
0.000000 
0.000000 
0.000000 
0.000000 
0.000000 
0.000000 
0.000000 
0.000000 
0.000000 
0.000000 
0.000000 
0.000000 
0.000000 
0.000000 
0.000000 
0.000000 
0.000000 
0.000000 
0.000000 
0.000000 
0.000000 
0.000000 
0.000000 
0.000000 
0.000000 
0.000000 
0.000000 
0.000000 
0.000000 
0.000000 
0.000000 
0.000000 
0.000000 
0.000000 
0.000000 
0.000000 
0.000000 
0.000000 
0.000000 
0.000000 
0.000000 
0.000000 
0.000000 
0.000000 
0.000000 
0.000000 
0.000000 
0.000000 
0.000000 
0.000000 
0.000000 
0.000000 
0.000000 
0.000000 
0.000000 
0.000000 
0.000000 
0.000000 
0.000000 
0.000000 
0.000000 
0.000000 
0.000000 
0.000000 
0.000000 
0.000000 
0.000000 
0.000000 
0.000000 
0.000000 
0.000000 
0.000000 
0.000000 
0.000000 
0.000000 
0.000000 
0.000000 
0.000000 
0.000000 
0.000000 
0.000000 
0.000000 
0.000000 
0.000000 
0.000000 
0.000000 
0.000000 
0.000000 
0.000000 
0.000000 
0.000000 
0.000000 
0.000000 
0.000000 
0.000000 
0.000000 
0.000000 
0.000000 
0.000000 
0.000000 
0.000000 
0.000000 
0.000000 
0.000000 
0.000000 
0.000000 
0.000000 
0.000000 
0.000000 
0.000000 
0.000000 
0.000000 
0.000000 
0.000000 
0.000000 
0.000000 
0.000000 
0.000000 
0.000000 
0.000000 
0.000000 
0.000000 
0.000000 
0.000000 
0.000000 
0.000000 
0.000000 
0.000000 
0.000000 
0.000000 
0.000000 
0.000000 
0.000000 
0.000059 
0.000273 
0.000498 
0.000844 
0.001117 
0.001367 
0.002181 
0.003233 
0.003659 
0.004749 
0.006275 
0.008470 
0.011286 
0.009993 
0.016095 
0.014735 
0.015584 
0.019782 
0.025761 
0.034317 
0.031537 
0.034629 
0.040671 
0.034227 
0.036376 
0.046134 
0.047259 
0.039157 
0.042714 
0.045172 
0.042302 
0.046736 
0.041438 
0.035536 
0.034940 
0.034495 
0.045074 
0.037632 
0.038128 
0.037674 
0.037329 
0.039669 
0.045926 
0.052516 
0.057498 
0.057689 
0.073876 
0.064333 
0.072754 
0.075077 
0.063067 
0.066173 
0.071076 
0.084554 
0.086158 
0.088005 
0.085264 
0.088133 
0.095838 
0.080503 
0.082645 
0.094790 
0.076786 
0.102153 
0.091449 
0.103502 
0.095158 
0.094973 
0.123514 
0.125254 
0.102646 
0.112169 
0.089478 
0.108736 
0.115052 
0.119305 
0.141567 
0.117370 
0.118688 
0.114770 
0.131082 
0.141048 
0.131129 
0.139685 
0.129543 
0.132618 
0.147330 
0.114158 
0.166668 
0.133036 
0.165240 
0.165864 
0.154948 
0.157224 
0.152948 
0.199498 
0.177222 
0.191079 
0.152817 
0.228688 
0.218940 
0.206761 
0.212147 
0.267532 
0.219984 
0.292387 
0.313561 
0.358448 
0.390501 
0.368112 
0.414626 
0.332825 
0.493348 
0.450720 
0.492211 
0.375081 
0.393269 
0.359056 
0.370485 
0.395191 
0.270564 
0.328437 
0.424698 
0.383269 
0.394658 
0.434778 
0.443585 
0.474913 
0.423486 
0.484220 
0.474846 
0.460725 
0.504749 
0.539006 
0.451305 
0.546170 
0.610870 
0.602048 
0.757148 
0.796682 
0.748451 
0.931854 
0.781862 
0.883220 
0.813092 
0.883939 
1.059944 
1.153732 
1.149934 
1.261350 
1.357198 
1.300657 
1.439629 
1.001368 
1.243838 
1.161035 
0.828513 
0.844404 
1.007668 
1.037431 
1.007609 
1.059454 
0.960420 
0.975237 
0.984829 
1.177789 
0.966611 
0.969795 
0.677649 
0.947509 
0.795788 
0.839050 
0.960794 
0.913498 
1.014635 
0.907662 
1.087958 
1.263133 
1.224070 
1.193645 
1.204196 
1.354933 
1.312918 
1.363352 
1.120262 
1.260942 
1.081557 
1.014313 
0.946782 
0.928696 
1.076311 
1.139650 
1.227788 
1.135036 
1.313235 
1.626930 
1.243045 
1.216385 
1.407667 
1.773491 
1.732692 
1.737318 
1.649227 
1.685244 
1.405360 
1.762343 
1.594867 
1.848913 
1.655663 
1.812200 
1.647723 
2.124871 
2.110001 
2.043430 
1.833195 
2.129709 
1.546512 
1.901201 
1.779119 
1.720101 
1.997637 
2.071227 
2.021070 
1.792716 
1.620816 
2.068346 
2.149724 
2.538773 
2.320885 
2.369357 
2.436710 
2.164501 
2.828284 
2.514778 
2.568319 
2.276836 
2.134760 
2.299042 
2.010152 
2.085280 
1.671849 
1.434056 
1.158606 
1.027625 
0.801257 
0.958351 
1.264190 
1.484864 
2.045085 
2.229137 
2.079155 
2.409237 
2.179268 
2.301526 
2.082015 
1.890903 
2.320159 
2.187049 
2.157951 
2.463781 
2.329333 
1.958648 
1.972007 
2.353666 
2.337652 
2.152933 
2.185766 
2.379748 
2.027826 
2.357342 
2.174627 
2.245178 
2.292665 
2.392396 
2.633336 
2.359832 
2.080217 
2.127381 
1.732759 
2.040471 
2.155535 
2.159870 
2.348975 
2.442667 
2.424431 
2.305862 
2.089932 
2.122589 
1.465648 
1.289874 
0.931679 
0.827295 
0.676258 
0.401479 
0.423979 
0.426101 
0.678824 
1.113686 
1.347060 
1.562775 
2.175259 
2.172012 
2.421989 
2.059671 
2.822158 
2.889769 
2.846703 
2.509728 
2.687885 
2.867769 
3.393527 
2.783781 
2.979865 
2.623054 
3.070152 
2.472740 
2.849401 
3.165977 
3.368010 
2.756125 
3.312173 
2.744414 
2.833575 
2.835461 
2.556303 
2.724686 
2.900343 
2.947685 
3.135601 
2.778672 
3.630105 
2.452839 
3.252842 
3.035346 
2.683093 
3.214439 
2.873236 
3.489974 
2.847924 
2.816715 
3.125847 
2.692697 
2.911354 
2.917343 
3.449008 
2.992992 
3.402167 
3.306007 
2.957178 
3.172054 
3.173698 
3.463656 
3.049907 
3.519325 
3.425435 
3.072176 
3.568567 
3.263417 
3.167595 
3.595635 
3.223449 
3.088865 
3.110965 
3.151630 
3.322403 
3.128906 
3.616633 
3.547145 
3.552680 
3.883220 
3.625338 
3.174216 
2.259490 
1.907357 
1.943413 
1.466496 
2.116482 
1.891573 
1.931499 
2.342088 
2.907569 
2.992211 
3.261896 
3.218731 
3.341128 
3.957479 
2.938290 
3.729890 
3.900300 
2.697086 
2.870028 
3.175221 
2.456212 
2.767513 
2.112852 
2.329194 
1.601114 
1.805267 
1.424072 
1.307365 
1.726096 
2.078032 
3.173051 
2.627091 
3.881073 
3.464420 
3.754886 
3.760966 
3.253717 
3.163715 
3.740338 
2.699668 
2.693591 
2.293033 
2.483704 
2.556408 
3.082410 
3.386350 
3.754250 
3.739953 
3.809470 
4.084709 
2.974304 
3.045202 
3.032744 
2.869523 
3.158122 
3.189364 
2.838311 
3.499701 
3.141323 
3.560235 
2.982216 
4.010147 
3.414323 
3.758877 
3.801284 
3.826979 
2.989221 
2.381549 
2.204415 
1.739755 
1.454644 
1.037641 
0.625152 
0.771785 
0.675450 
0.690121 
0.593068 
0.678492 
0.896486 
1.462440 
1.869456 
3.026343 
2.821800 
3.514998 
3.041973 
3.174760 
4.410898 
3.333586 
3.886595 
2.914413 
3.815071 
3.243597 
3.693857 
3.495068 
4.151730 
3.528669 
3.153539 
4.063501 
3.996536 
3.839429 
4.544897 
3.384684 
3.976782 
3.729719 
3.328083 
3.391090 
4.033495 
2.729641 
3.383238 
2.341958 
1.689690 
1.149952 
1.009485 
0.892053 
1.172197 
1.231209 
1.696003 
1.533589 
1.788642 
2.063164 
2.127476 
2.155894 
2.296638 
2.420085 
2.017706 
1.679588 
1.326085 
1.230679 
1.444634 
1.603943 
1.969694 
2.975260 
2.582859 
2.643765 
2.899264 
2.716619 
3.248938 
3.002884 
2.852532 
2.595271 
1.746929 
1.626489 
1.298886 
1.515620 
1.665178 
1.684908 
1.359080 
1.497797 
1.481371 
1.472814 
1.523355 
1.475232 
1.318096 
1.215273 
1.163443 
1.476321 
1.603287 
1.607542 
2.171463 
1.771907 
1.817324 
2.041102 
2.356137 
2.541863 
2.839192 
3.775360 
3.847780 
3.835538 
3.731902 
3.960941 
3.336706 
2.808398 
3.304707 
3.118846 
2.819566 
1.728977 
1.637753 
1.461533 
1.197735 
1.206624 
1.251971 
1.188336 
0.996964 
0.928158 
1.251115 
1.584500 
1.776858 
2.175851 
2.465294 
2.634501 
3.382603 
3.637641 
3.364829 
4.393443 
4.693930 
4.028869 
4.705420 
4.324482 
3.824461 
3.664246 
3.599993 
3.526876 
3.674262 
4.385940 
3.465356 
3.981292 
3.594899 
3.739489 
3.772196 
3.250039 
3.121592 
3.163220 
3.845673 
3.337811 
3.899471 
3.270284 
4.354273 
3.515122 
3.844668 
4.529150 
3.331903 
3.872449 
4.209576 
3.744179 
3.503795 
3.327384 
3.668956 
3.706764 
3.199161 
3.589892 
3.007165 
3.089878 
2.216216 
2.599909 
3.162537 
3.202183 
2.971527 
3.259849 
3.496256 
3.459666 
3.759510 
3.494470 
3.810014 
4.014146 
3.499386 
3.676398 
3.712331 
3.637018 
3.599845 
2.843891 
3.788497 
3.261519 
3.833173 
3.781897 
3.599744 
3.053578 
2.741717 
2.606550 
2.544170 
2.454882 
2.062888 
1.993539 
2.442331 
2.260307 
2.701515 
2.771244 
2.499573 
3.264890 
3.547879 
2.677801 
3.326791 
3.585589 
3.563342 
3.439374 
3.361467 
2.609328 
3.442896 
2.817558 
2.693447 
3.659355 
3.252066 
4.058904 
3.456350 
2.839006 
2.604251 
2.784769 
2.230181 
2.307615 
2.234436 
2.797902 
2.852465 
2.707941 
2.537129 
2.172136 
2.203711 
2.616697 
2.225251 
2.355102 
1.825623 
2.623711 
2.566482 
3.046165 
2.818989 
2.070836 
2.601476 
2.935433 
2.241453 
2.637347 
2.548679 
2.098868 
1.399696 
1.462595 
0.891701 
0.973177 
0.809125 
1.035891 
0.957921 
0.795029 
0.748160 
0.662254 
0.763461 
0.829657 
0.952871 
0.680795 
0.851569 
0.854673 
0.965254 
1.050388 
1.150237 
1.346449 
1.471096 
1.349806 
1.760245 
1.739140 
2.132147 
2.588935 
2.865188 
2.362839 
2.602391 
2.491280 
2.403038 
2.033323 
1.853680 
1.962003 
1.526271 
1.797227 
1.548715 
1.666853 
1.443960 
1.682923 
1.473359 
1.613133 
1.166547 
1.328536 
1.224536 
1.505930 
1.809386 
1.843689 
1.942317 
2.277338 
2.555859 
2.747745 
2.729373 
2.404642 
2.457060 
2.358825 
2.594253 
2.944090 
2.185503 
2.444706 
1.782338 
1.689148 
1.563017 
1.707319 
1.553211 
1.445659 
1.691311 
1.709015 
1.821391 
1.479037 
1.653124 
1.653314 
1.664434 
2.149125 
2.014345 
1.914024 
1.969048 
1.914462 
1.944550 
2.114308 
2.194344 
1.941876 
1.953079 
1.925079 
1.849368 
1.534503 
1.265082 
0.988309 
1.019827 
1.390259 
1.530253 
1.802343 
1.676894 
1.695366 
1.299888 
1.053834 
0.919843 
0.958200 
1.003131 
1.147754 
1.055886 
1.033079 
1.053234 
0.918472 
1.065273 
1.169798 
0.988624 
0.941047 
1.097234 
1.089168 
1.103951 
1.038610 
0.942285 
0.892450 
0.954912 
0.779240 
0.935284 
0.812396 
0.627947 
0.573665 
0.750281 
0.525645 
0.594051 
0.569906 
0.458117 
0.389754 
0.481316 
0.422872 
0.487240 
0.410197 
0.356205 
0.355377 
0.320482 
0.339221 
0.362028 
0.382403 
0.330235 
0.343988 
0.316798 
0.348995 
0.338720 
0.308342 
0.320706 
0.358144 
0.399772 
0.331369 
0.304474 
0.348879 
0.444069 
0.355409 
0.433202 
0.425138 
0.471623 
0.494529 
0.431688 
0.535852 
0.335131 
0.480036 
0.558634 
0.499632 
0.613956 
0.580470 
0.542724 
0.562613 
0.464827 
0.600030 
0.552243 
0.687118 
0.616267 
0.634554 
0.607781 
0.638564 
0.590193 
0.511153 
0.559989 
0.684966 
0.618558 
0.760067 
0.702624 
0.782598 
0.721288 
0.712996 
0.822158 
0.953461 
0.831026 
1.127710 
1.353713 
1.321300 
1.452554 
1.445041 
1.337996 
1.258625 
1.031167 
0.826865 
0.831776 
0.641029 
0.660998 
0.531738 
0.638146 
0.621079 
0.501520 
0.581689 
0.594467 
0.550662 
0.479363 
0.384181 
0.424490 
0.383289 
0.406098 
0.313500 
0.311107 
0.250815 
0.244953 
0.231373 
0.261371 
0.222175 
0.221094 
0.264707 
0.229977 
0.219747 
0.241274 
0.230280 
0.282877 
0.259751 
0.231080 
0.290663 
0.226659 
0.265486 
0.235810 
0.265613 
0.209803 
0.185373 
0.239527 
0.290316 
0.280577 
0.280172 
0.299258 
0.239379 
0.294640 
0.289118 
0.262808 
0.243370 
0.218325 
0.192314 
0.200030 
0.158034 
0.196351 
0.168194 
0.144068 
0.124438 
0.143871 
0.128501 
0.136954 
0.113661 
0.118311 
0.116438 
0.124439 
0.113025 
0.101159 
0.116956 
0.123978 
0.110160 
0.106805 
0.106701 
0.098148 
0.080708 
0.078121 
0.086168 
0.063612 
0.072999 
0.070272 
0.066769 
0.060534 
0.053524 
0.035753 
0.044466 
0.048554 
0.045197 
0.041773 
0.038987 
0.041471 
0.037616 
0.027790 
0.028385 
0.024296 
0.025081 
0.025828 
0.022818 
0.025020 
0.024600 
0.022066 
0.022027 
0.024535 
0.022544 
0.019827 
0.026041 
0.029058 
0.028960 
0.022056 
0.025511 
0.033524 
0.021811 
0.025750 
0.018045 
0.019670 
0.015209 
0.015460 
0.012732 
0.011328 
0.010486 
0.006795 
0.008545 
0.009350 
0.008444 
0.010493 
0.009308 
0.008015 
0.007163 
0.008536 
0.008050 
0.008310 
0.007996 
0.008648 
0.007741 
0.007915 
0.007191 
0.006433 
0.004934 
0.004951 
0.005011 
0.004127 
0.003894 
0.003325 
0.002357 
0.001695 
0.000957 
0.000606 
0.000283 
0.000193 
0.000100 
0.000055 
0.000012 
0.000000 
0.000000 
0.000000 
0.000000 
0.000000 
0.000000 
0.000000 
0.000000 
0.000000 
0.000000 
0.000000 
0.000000 
0.000000 
0.000000 
0.000000 
0.000000 
0.000000 
0.000000 
0.000000 
0.000000 
0.000000 
0.000000 
0.000000 
0.000000 
0.000000 
0.000000 
0.000000 
0.000000 
0.000000 
0.000000 
0.000000 
0.000000 
0.000000 
0.000000 
0.000000 
0.000000 
0.000000 
0.000000 
0.000000 
0.000000 
0.000000 
0.000000 
0.000000 
0.000000 
0.000000 
0.000000 
0.000000 
0.000000 
0.000000 
0.000000 
0.000000 
0.000000 
0.000000 
0.000000 
0.000000 
0.000000 
0.000000 
0.000000 
0.000000 
0.000000 
0.000000 
0.000000 
0.000000 
0.000000 
0.000000 
0.000000 
0.000000 
0.000000 
0.000000 
0.000000 
0.000000 
0.000000 
0.000000 
0.000000 
0.000000 
0.000000 
0.000000 
0.000000 
0.000000 
0.000000 
0.000000 
0.000000 
0.000000 
0.000000 
0.000000 
0.000000 
0.000000 
0.000000 
0.000000 
0.000000 
0.000000 
0.000000 
0.000000 
0.000000 
0.000000 
0.000000 
0.000000 
0.000000 
0.000000 
0.000000 
0.000000 
0.000000 
0.000000 
0.000000 
0.000000 
0.000000 
0.000000 
0.000000 
0.000000 
0.000000 
0.000000 
0.000000 
0.000000 
0.000000 
0.000000 
0.000000 
0.000000 
0.000000 
0.000000 
0.000000 
0.000000 
0.000000 
0.000000 
0.000000 
0.000000 
0.000000 
0.000000 
0.000000 
0.000000 
0.000000 
0.000000 
0.000000 
0.000000 
0.000000 
0.000000 
0.000000 
0.000000 
0.000000 
0.000000 
0.000000 
0.000000 
0.000000 
0.000000 
0.000000 
0.000000 
0.000000 
0.000000 
0.000000 
0.000000 
0.000000 
0.000000 
0.000000 
0.000000 
0.000000 
0.000000 
0.000000 
0.000000 
0.000000 
0.000000 
0.000000 
0.000000 
0.000000 
0.000000 
0.000000 
0.000000 
0.000000 
0.000000 
0.000000 
0.000000 
0.000000 
0.000000 
0.000000 
0.000000 
0.000000 
0.000000 
0.000000 
0.000000 
0.000000 
0.000000 
0.000000 
0.000000 
0.000000 
0.000000 
0.000000 
0.000000 
0.000000 
0.000000 
0.000000 
0.000000 
0.000000 
0.000000 
