0.000000 
0.000000 
0.000000 
0.000000 
0.000000 
0.000000 
0.000000 
0.000000 
0.000000 
0.000000 
0.000000 
0.000000 
0.000000 
0.000000 
0.000000 
0.000000 
0.000000 
0.000000 
0.000000 
0.000000 
0.000000 
0.000000 
0.000000 
0.000000 
0.000000 
0.000000 
0.000000 
0.000000 
0.000000 
0.000000 
0.000000 
0.000000 
0.000000 
0.000000 
0.000000 
0.000000 
0.000000 
0.000000 
0.000000 
0.000000 
0.000000 
0.000000 
0.000000 
0.000000 
0.000000 
0.000000 
0.000000 
0.000000 
0.000000 
0.000000 
0.000000 
0.000000 
0.000000 
0.000000 
0.000000 
0.000000 
0.000000 
0.000000 
0.000000 
0.000000 
0.000000 
0.000000 
0.000000 
0.000000 
0.000000 
0.000000 
0.000000 
0.000000 
0.000000 
0.000000 
0.000000 
0.000000 
0.000000 
0.000000 
0.000000 
0.000000 
0.000000 
0.000000 
0.000000 
0.000000 
0.000000 
0.000000 
0.000000 
0.000000 
0.000000 
0.000000 
0.000000 
0.000000 
0.000000 
0.000000 
0.000000 
0.000000 
0.000000 
0.000000 
0.000000 
0.000000 
0.000000 
0.000000 
0.000000 
0.000000 
0.000000 
0.000000 
0.000000 
0.000000 
0.000000 
0.000000 
0.000000 
0.000000 
0.000000 
0.000000 
0.000000 
0.000000 
0.000000 
0.000000 
0.000000 
0.000000 
0.000000 
0.000000 
0.000000 
0.000000 
0.000000 
0.000000 
0.000000 
0.000000 
0.000000 
0.000000 
0.000000 
0.000000 
0.000000 
0.000000 
0.000000 
0.000000 
0.000000 
0.000000 
0.000000 
0.000000 
0.000000 
0.000000 
0.000000 
0.000000 
0.000000 
0.000000 
0.000000 
0.000000 
0.000000 
0.000000 
0.000000 
0.000000 
0.000000 
0.000000 
0.000000 
0.000000 
0.000000 
0.000000 
0.000000 
0.000000 
0.000000 
0.000000 
0.000000 
0.000000 
0.000000 
0.000000 
0.000000 
0.000000 
0.000000 
0.000000 
0.000000 
0.000000 
0.000000 
0.000000 
0.000000 
0.000000 
0.000000 
0.000000 
0.000000 
0.000000 
0.000000 
0.000000 
0.000000 
0.000000 
0.000000 
0.000000 
0.000000 
0.000000 
0.000000 
0.000000 
0.000000 
0.000000 
0.000000 
0.000000 
0.000000 
0.000000 
0.000000 
0.000000 
0.000000 
0.000000 
0.000000 
0.000000 
0.000000 
0.000000 
0.000000 
0.000000 
0.000000 
0.000000 
0.000000 
0.000000 
0.000000 
0.000000 
0.000000 
0.000000 
0.000000 
0.000000 
0.000000 
0.000000 
0.000000 
0.000000 
0.000000 
0.000000 
0.000000 
0.000000 
0.000000 
0.000000 
0.000000 
0.000000 
0.000000 
0.000064 
0.000276 
0.000470 
0.000947 
0.001257 
0.001661 
0.002155 
0.002909 
0.003798 
0.004910 
0.005847 
0.006451 
0.008267 
0.009900 
0.014083 
0.014970 
0.020741 
0.021085 
0.022696 
0.030250 
0.029218 
0.038414 
0.037722 
0.034101 
0.043095 
0.034932 
0.050474 
0.036264 
0.039325 
0.041948 
0.041622 
0.040410 
0.041052 
0.045177 
0.037930 
0.040787 
0.037504 
0.042327 
0.039609 
0.042636 
0.049218 
0.046384 
0.041053 
0.044897 
0.058938 
0.052069 
0.066561 
0.067513 
0.067807 
0.075382 
0.073899 
0.079676 
0.079803 
0.087943 
0.088398 
0.094999 
0.084512 
0.091016 
0.085572 
0.096674 
0.082476 
0.078125 
0.097909 
0.101616 
0.105418 
0.105322 
0.103403 
0.089701 
0.120221 
0.115200 
0.125457 
0.126124 
0.107710 
0.124915 
0.129567 
0.134274 
0.143088 
0.104339 
0.122288 
0.128083 
0.133161 
0.153275 
0.123509 
0.132559 
0.142217 
0.153558 
0.143077 
0.150232 
0.146301 
0.135014 
0.173243 
0.197406 
0.133781 
0.171787 
0.162183 
0.153533 
0.183292 
0.178672 
0.211260 
0.167700 
0.175445 
0.213815 
0.198472 
0.225891 
0.283526 
0.303506 
0.299826 
0.328824 
0.306918 
0.363063 
0.373122 
0.363027 
0.409754 
0.437605 
0.394746 
0.411710 
0.360012 
0.456399 
0.384463 
0.330103 
0.308542 
0.385140 
0.400246 
0.379147 
0.437429 
0.442306 
0.404061 
0.449834 
0.473177 
0.464236 
0.502576 
0.487039 
0.447279 
0.467135 
0.534965 
0.458489 
0.663624 
0.607236 
0.793163 
0.736250 
0.767849 
0.851084 
0.789696 
0.889071 
0.949581 
0.812312 
0.952280 
1.133558 
1.156964 
1.274949 
1.349201 
1.353142 
1.050708 
1.164338 
0.994809 
0.921099 
1.024047 
1.012589 
1.004420 
0.930129 
0.966809 
0.882272 
1.073552 
0.878881 
0.856546 
0.968797 
0.962951 
1.048173 
0.991214 
0.856036 
0.840207 
0.994226 
0.821021 
0.979868 
0.930250 
0.985170 
0.843787 
1.181344 
1.188948 
1.261246 
1.274691 
1.473080 
1.179048 
1.089827 
0.970301 
1.234889 
1.164821 
0.906152 
1.012592 
0.991699 
0.985288 
1.040200 
0.893633 
1.468363 
1.380475 
1.363006 
1.480390 
1.429805 
1.629644 
1.279701 
1.518982 
1.671089 
1.556000 
1.527799 
1.509164 
1.644186 
1.602480 
1.853060 
1.991661 
1.873553 
2.047546 
1.769439 
1.687266 
2.039603 
2.015622 
1.588482 
2.083395 
2.125125 
2.172084 
2.226258 
2.131702 
2.350164 
2.063606 
2.399823 
1.814993 
2.324077 
2.306315 
1.919121 
2.184564 
2.549567 
2.097758 
2.006813 
2.340480 
2.271171 
2.253145 
2.404928 
2.301598 
2.135613 
1.952503 
1.716278 
1.635342 
1.531832 
1.037864 
0.822177 
0.860649 
0.856219 
1.114312 
1.535200 
1.831434 
1.818102 
1.692635 
1.895905 
1.995559 
2.597687 
2.331799 
1.903368 
2.042628 
2.159212 
2.242654 
2.461401 
2.418387 
1.881898 
2.235242 
2.345207 
2.077405 
2.097207 
2.163351 
2.253842 
1.974737 
2.182991 
2.512044 
2.079619 
2.245222 
2.429108 
2.244625 
2.176328 
2.373343 
2.364611 
1.611004 
2.012658 
2.045882 
2.361094 
2.482540 
2.760519 
2.609935 
2.061838 
2.285109 
2.173593 
1.248070 
0.994559 
0.979455 
0.788052 
0.521649 
0.431779 
0.391345 
0.529133 
0.686727 
1.228054 
1.305284 
1.698731 
1.936575 
2.068646 
1.877694 
2.272654 
1.890911 
2.541271 
2.386836 
3.062236 
2.905879 
2.945342 
3.125327 
2.829350 
2.929666 
2.757222 
2.436553 
2.341443 
3.275596 
2.979416 
2.953127 
2.922623 
2.750871 
3.185957 
2.597968 
2.527858 
2.830051 
2.980488 
3.371846 
2.343814 
2.807727 
2.805913 
2.563424 
2.722856 
2.781812 
3.069183 
3.360285 
2.815675 
2.518504 
2.750533 
2.786354 
2.395551 
2.959788 
3.017000 
2.625234 
3.144202 
2.838651 
3.203997 
2.894996 
2.826325 
2.653511 
2.944668 
3.109736 
3.047431 
3.152837 
3.236474 
2.695966 
3.075540 
3.247428 
3.316416 
3.105141 
3.215842 
2.686476 
2.960113 
2.772399 
3.042429 
2.701307 
3.001291 
3.013203 
3.709969 
3.328183 
4.025798 
3.631882 
2.891132 
2.995135 
1.939258 
2.342235 
1.927521 
2.051847 
2.268541 
2.608319 
2.680767 
2.519691 
2.242288 
3.532677 
3.403008 
3.478223 
4.159609 
3.548819 
3.438173 
3.318452 
2.605044 
3.185736 
3.015686 
2.666780 
2.343264 
2.395844 
2.200936 
1.691823 
1.727712 
1.578953 
1.514926 
1.785529 
1.953824 
2.785232 
3.968946 
3.748735 
3.885051 
3.420249 
3.304570 
3.583888 
3.475829 
3.247405 
2.534622 
2.523543 
2.067792 
2.340005 
2.575902 
2.420088 
2.796639 
3.457650 
3.890198 
4.330510 
4.176696 
3.700560 
3.636701 
3.510398 
3.811341 
3.554230 
3.989281 
2.912758 
3.094910 
3.031283 
3.396631 
3.788295 
3.640356 
3.861369 
3.147392 
3.575277 
3.600389 
3.084120 
2.785114 
2.212122 
1.647653 
1.104006 
0.928015 
0.616468 
0.825791 
0.613440 
0.798839 
0.725611 
0.714587 
0.827360 
1.223336 
2.371131 
2.590455 
2.755518 
3.312238 
3.105188 
3.373852 
3.567641 
3.682436 
3.920791 
4.566753 
3.995375 
3.390441 
3.373584 
4.032212 
3.609632 
4.091695 
3.896973 
3.810037 
3.225779 
4.064923 
4.213610 
3.470213 
3.833489 
3.379538 
3.547635 
3.808567 
3.358356 
3.466321 
3.061926 
2.617491 
1.867366 
1.272994 
0.874313 
1.032957 
1.138930 
1.232276 
1.426074 
1.435971 
1.926933 
1.824142 
2.143727 
1.883256 
2.069503 
2.104048 
1.695155 
1.764388 
1.378540 
1.242406 
1.392855 
1.709047 
1.719140 
2.191861 
2.152680 
2.715536 
2.982015 
3.153333 
2.987290 
2.893221 
2.729760 
2.718172 
1.580965 
1.508719 
1.566870 
1.616524 
1.867213 
1.551216 
1.727924 
1.770415 
1.180088 
1.727021 
1.347128 
1.634495 
1.224029 
1.400459 
1.620848 
1.717341 
1.588774 
1.713709 
1.846008 
2.109548 
1.798040 
2.068445 
2.512120 
2.687008 
3.180127 
3.102933 
3.619233 
3.460023 
3.667055 
3.728362 
3.331816 
3.014286 
3.057866 
2.650631 
2.376270 
2.177509 
1.597603 
1.182899 
1.076504 
1.143406 
1.038377 
1.003159 
0.952004 
1.006079 
1.373600 
1.565970 
1.589107 
2.462748 
2.711641 
3.413564 
3.523970 
3.481558 
3.903122 
3.940608 
4.060947 
4.399882 
3.879393 
3.959102 
4.214802 
3.816893 
3.908612 
3.038217 
3.491612 
3.312759 
3.940400 
3.456598 
3.146726 
4.499961 
3.162615 
4.004364 
3.860294 
3.279487 
3.634311 
3.115294 
3.203793 
4.196969 
4.138183 
3.871276 
3.653710 
4.341747 
3.803624 
3.237183 
3.161470 
3.140930 
4.044677 
4.018537 
4.310552 
4.452323 
2.917466 
3.410295 
3.280466 
2.512762 
2.648071 
2.700678 
3.236468 
3.278428 
3.933582 
3.751748 
3.447612 
3.596728 
3.856194 
3.656996 
2.863204 
3.317331 
3.585121 
3.285299 
3.120718 
3.044725 
3.681522 
3.709698 
2.935727 
4.099431 
3.021924 
3.244169 
3.433699 
2.923636 
2.692839 
2.863879 
2.557598 
2.369013 
2.039365 
2.198026 
2.080137 
2.210652 
2.783369 
2.761444 
3.407868 
2.900003 
3.154479 
3.441375 
3.543656 
3.490712 
3.459147 
3.118196 
3.784787 
2.839111 
2.741037 
3.572824 
2.871720 
3.097233 
3.350253 
3.088320 
3.320936 
3.101781 
3.464332 
3.011885 
3.412277 
2.591332 
2.713618 
2.264670 
1.991478 
3.024506 
2.366662 
2.453875 
2.242937 
2.330349 
2.025701 
2.122593 
2.181365 
2.576769 
2.659506 
2.573426 
2.753059 
3.002840 
2.715907 
2.583443 
2.615528 
2.493567 
2.417453 
1.933442 
1.662899 
1.263190 
0.806162 
0.873675 
0.766326 
0.831239 
0.730359 
0.903419 
0.805703 
0.796813 
0.853808 
0.748155 
0.912560 
0.762566 
0.997298 
0.645539 
0.972990 
0.988461 
1.042758 
1.340148 
1.366358 
1.538635 
1.893370 
1.936706 
2.403141 
2.347036 
2.860612 
2.696353 
2.320511 
2.643906 
1.978990 
2.297057 
2.275733 
1.809492 
1.529011 
1.553954 
1.526546 
1.623132 
1.479001 
1.416546 
1.214407 
1.291407 
1.583767 
1.369720 
1.428077 
1.227632 
1.501562 
1.712484 
2.177068 
1.995727 
2.555425 
2.509207 
2.954262 
2.463973 
2.502074 
2.248492 
2.445563 
2.547655 
2.510926 
1.857333 
1.929067 
1.732624 
1.546301 
1.670945 
1.755857 
1.593718 
1.558035 
1.668255 
1.437534 
1.413969 
1.480715 
1.660339 
1.634517 
1.595037 
1.663444 
1.448591 
1.819119 
1.514245 
1.689070 
1.913963 
1.874821 
2.383408 
1.995283 
1.860714 
1.933511 
1.560008 
1.154315 
1.314250 
1.193840 
1.308009 
1.524914 
1.863379 
1.617429 
1.749004 
1.384863 
1.262653 
0.958979 
0.989364 
1.000104 
0.882074 
1.038423 
1.198637 
1.099305 
0.984006 
1.124909 
1.036050 
1.124293 
1.043890 
1.132565 
0.859261 
1.035891 
0.953924 
1.029583 
0.867501 
0.838502 
0.859574 
0.716015 
0.552923 
0.647224 
0.793152 
0.668094 
0.714121 
0.724146 
0.667489 
0.561554 
0.449527 
0.451492 
0.360535 
0.439077 
0.343367 
0.406839 
0.343571 
0.388452 
0.295045 
0.373957 
0.313502 
0.356008 
0.318505 
0.316677 
0.350786 
0.332026 
0.362670 
0.311065 
0.292372 
0.345961 
0.305795 
0.383286 
0.404529 
0.458506 
0.413484 
0.449763 
0.415980 
0.436424 
0.449548 
0.485321 
0.500814 
0.487605 
0.512910 
0.565328 
0.646396 
0.583123 
0.596383 
0.514556 
0.547960 
0.711604 
0.600875 
0.681166 
0.574900 
0.601311 
0.441154 
0.652889 
0.642836 
0.612131 
0.601549 
0.522762 
0.681834 
0.792846 
0.577933 
0.549293 
0.729000 
0.664535 
0.717902 
0.821533 
1.020133 
1.013245 
1.095125 
1.348713 
1.456953 
1.356997 
1.363955 
1.133577 
1.186494 
1.155136 
1.076796 
1.107731 
0.843211 
0.699894 
0.596755 
0.508977 
0.609820 
0.627189 
0.571733 
0.511613 
0.532395 
0.487006 
0.419454 
0.381470 
0.306756 
0.270376 
0.270362 
0.260112 
0.229791 
0.304071 
0.258593 
0.236163 
0.203177 
0.228723 
0.215515 
0.279582 
0.249638 
0.274352 
0.300138 
0.255593 
0.230849 
0.271231 
0.227682 
0.276137 
0.240000 
0.270274 
0.265394 
0.253419 
0.205291 
0.233203 
0.240204 
0.237343 
0.275735 
0.275319 
0.250543 
0.249849 
0.243223 
0.282867 
0.249203 
0.229702 
0.234464 
0.211039 
0.197208 
0.193883 
0.161274 
0.157378 
0.156348 
0.158574 
0.151576 
0.150965 
0.129069 
0.116070 
0.109907 
0.121164 
0.106728 
0.121895 
0.126073 
0.111258 
0.100284 
0.105857 
0.116583 
0.094432 
0.097708 
0.100003 
0.077290 
0.085234 
0.071010 
0.064827 
0.053934 
0.062866 
0.055321 
0.056758 
0.061103 
0.049946 
0.045413 
0.038916 
0.032140 
0.030506 
0.028727 
0.026448 
0.028630 
0.024719 
0.025551 
0.023004 
0.028401 
0.024718 
0.021302 
0.028050 
0.023642 
0.025520 
0.021216 
0.027402 
0.024944 
0.030370 
0.026848 
0.025356 
0.024853 
0.024458 
0.025885 
0.024332 
0.023243 
0.019499 
0.017901 
0.013242 
0.010615 
0.009333 
0.011007 
0.008960 
0.010087 
0.010771 
0.009496 
0.008736 
0.009000 
0.008946 
0.008555 
0.007328 
0.009331 
0.008768 
0.007022 
0.009004 
0.007727 
0.007951 
0.006814 
0.006291 
0.005534 
0.004828 
0.004882 
0.004397 
0.003460 
0.002453 
0.002122 
0.001762 
0.001066 
0.000548 
0.000329 
0.000182 
0.000121 
0.000042 
0.000012 
0.000000 
0.000000 
0.000000 
0.000000 
0.000000 
0.000000 
0.000000 
0.000000 
0.000000 
0.000000 
0.000000 
0.000000 
0.000000 
0.000000 
0.000000 
0.000000 
0.000000 
0.000000 
0.000000 
0.000000 
0.000000 
0.000000 
0.000000 
0.000000 
0.000000 
0.000000 
0.000000 
0.000000 
0.000000 
0.000000 
0.000000 
0.000000 
0.000000 
0.000000 
0.000000 
0.000000 
0.000000 
0.000000 
0.000000 
0.000000 
0.000000 
0.000000 
0.000000 
0.000000 
0.000000 
0.000000 
0.000000 
0.000000 
0.000000 
0.000000 
0.000000 
0.000000 
0.000000 
0.000000 
0.000000 
0.000000 
0.000000 
0.000000 
0.000000 
0.000000 
0.000000 
0.000000 
0.000000 
0.000000 
0.000000 
0.000000 
0.000000 
0.000000 
0.000000 
0.000000 
0.000000 
0.000000 
0.000000 
0.000000 
0.000000 
0.000000 
0.000000 
0.000000 
0.000000 
0.000000 
0.000000 
0.000000 
0.000000 
0.000000 
0.000000 
0.000000 
0.000000 
0.000000 
0.000000 
0.000000 
0.000000 
0.000000 
0.000000 
0.000000 
0.000000 
0.000000 
0.000000 
0.000000 
0.000000 
0.000000 
0.000000 
0.000000 
0.000000 
0.000000 
0.000000 
0.000000 
0.000000 
0.000000 
0.000000 
0.000000 
0.000000 
0.000000 
0.000000 
0.000000 
0.000000 
0.000000 
0.000000 
0.000000 
0.000000 
0.000000 
0.000000 
0.000000 
0.000000 
0.000000 
0.000000 
0.000000 
0.000000 
0.000000 
0.000000 
0.000000 
0.000000 
0.000000 
0.000000 
0.000000 
0.000000 
0.000000 
0.000000 
0.000000 
0.000000 
0.000000 
0.000000 
0.000000 
0.000000 
0.000000 
0.000000 
0.000000 
0.000000 
0.000000 
0.000000 
0.000000 
0.000000 
0.000000 
0.000000 
0.000000 
0.000000 
0.000000 
0.000000 
0.000000 
0.000000 
0.000000 
0.000000 
0.000000 
0.000000 
0.000000 
0.000000 
0.000000 
0.000000 
0.000000 
0.000000 
0.000000 
0.000000 
0.000000 
0.000000 
0.000000 
0.000000 
0.000000 
0.000000 
0.000000 
0.000000 
0.000000 
0.000000 
0.000000 
0.000000 
0.000000 
0.000000 
0.000000 
0.000000 
0.000000 
0.000000 
0.000000 
0.000000 
