0.000000 
0.000000 
0.000000 
0.000000 
0.000000 
0.000000 
0.000000 
0.000000 
0.000000 
0.000000 
0.000000 
0.000000 
0.000000 
0.000000 
0.000000 
0.000000 
0.000000 
0.000000 
0.000000 
0.000000 
0.000000 
0.000000 
0.000000 
0.000000 
0.000000 
0.000000 
0.000000 
0.000000 
0.000000 
0.000000 
0.000000 
0.000000 
0.000000 
0.000000 
0.000000 
0.000000 
0.000000 
0.000000 
0.000000 
0.000000 
0.000000 
0.000000 
0.000000 
0.000000 
0.000000 
0.000000 
0.000000 
0.000000 
0.000000 
0.000000 
0.000000 
0.000000 
0.000000 
0.000000 
0.000000 
0.000000 
0.000000 
0.000000 
0.000000 
0.000000 
0.000000 
0.000000 
0.000000 
0.000000 
0.000000 
0.000000 
0.000000 
0.000000 
0.000000 
0.000000 
0.000000 
0.000000 
0.000000 
0.000000 
0.000000 
0.000000 
0.000000 
0.000000 
0.000000 
0.000000 
0.000000 
0.000000 
0.000000 
0.000000 
0.000000 
0.000000 
0.000000 
0.000000 
0.000000 
0.000000 
0.000000 
0.000000 
0.000000 
0.000000 
0.000000 
0.000000 
0.000000 
0.000000 
0.000000 
0.000000 
0.000000 
0.000000 
0.000000 
0.000000 
0.000000 
0.000000 
0.000000 
0.000000 
0.000000 
0.000000 
0.000000 
0.000000 
0.000000 
0.000000 
0.000000 
0.000000 
0.000000 
0.000000 
0.000000 
0.000000 
0.000000 
0.000000 
0.000000 
0.000000 
0.000000 
0.000000 
0.000000 
0.000000 
0.000000 
0.000000 
0.000000 
0.000000 
0.000000 
0.000000 
0.000000 
0.000000 
0.000000 
0.000000 
0.000000 
0.000000 
0.000000 
0.000000 
0.000000 
0.000000 
0.000000 
0.000000 
0.000000 
0.000000 
0.000000 
0.000000 
0.000000 
0.000000 
0.000000 
0.000000 
0.000000 
0.000000 
0.000000 
0.000000 
0.000000 
0.000000 
0.000000 
0.000000 
0.000000 
0.000000 
0.000000 
0.000000 
0.000000 
0.000000 
0.000000 
0.000000 
0.000000 
0.000000 
0.000000 
0.000000 
0.000000 
0.000000 
0.000000 
0.000000 
0.000000 
0.000000 
0.000000 
0.000000 
0.000000 
0.000000 
0.000000 
0.000000 
0.000000 
0.000000 
0.000000 
0.000000 
0.000000 
0.000000 
0.000000 
0.000000 
0.000000 
0.000000 
0.000000 
0.000000 
0.000000 
0.000000 
0.000000 
0.000000 
0.000000 
0.000000 
0.000000 
0.000000 
0.000000 
0.000000 
0.000000 
0.000000 
0.000000 
0.000000 
0.000000 
0.000000 
0.000000 
0.000000 
0.000000 
0.000000 
0.000000 
0.000000 
0.000000 
0.000000 
0.000000 
0.000000 
0.000000 
0.000058 
0.000260 
0.000535 
0.000947 
0.001360 
0.001581 
0.002319 
0.002886 
0.004422 
0.004955 
0.007081 
0.006744 
0.008542 
0.009908 
0.011994 
0.015003 
0.017907 
0.023932 
0.022113 
0.024556 
0.026937 
0.025959 
0.037627 
0.036055 
0.034688 
0.041234 
0.047110 
0.041464 
0.040648 
0.035948 
0.039671 
0.040119 
0.039134 
0.036887 
0.040973 
0.037244 
0.034031 
0.035930 
0.033781 
0.043571 
0.041689 
0.037793 
0.050271 
0.047822 
0.048768 
0.051986 
0.063059 
0.067709 
0.073741 
0.069200 
0.082937 
0.073741 
0.091536 
0.069851 
0.096487 
0.088770 
0.074902 
0.083942 
0.084686 
0.100612 
0.100377 
0.095230 
0.086335 
0.089583 
0.106466 
0.111659 
0.100913 
0.103600 
0.117663 
0.109353 
0.106702 
0.138715 
0.111754 
0.139847 
0.144023 
0.124767 
0.126673 
0.132074 
0.129306 
0.094449 
0.100564 
0.103703 
0.146382 
0.127954 
0.150717 
0.129935 
0.152322 
0.144207 
0.126465 
0.128665 
0.127821 
0.121331 
0.171070 
0.163433 
0.168531 
0.152199 
0.178729 
0.177543 
0.176198 
0.202378 
0.191947 
0.241848 
0.217991 
0.237899 
0.307829 
0.314531 
0.259576 
0.295545 
0.385430 
0.383186 
0.417131 
0.405257 
0.368705 
0.359471 
0.434758 
0.416604 
0.474803 
0.420726 
0.350544 
0.334298 
0.291213 
0.399133 
0.392689 
0.390631 
0.411464 
0.441718 
0.424415 
0.363636 
0.471646 
0.471467 
0.423455 
0.436542 
0.508142 
0.465129 
0.555135 
0.539365 
0.484920 
0.655555 
0.734954 
0.621296 
0.929078 
0.803404 
0.895170 
0.866476 
0.844517 
0.858639 
1.071143 
0.970672 
1.188809 
1.375377 
1.188949 
1.205657 
1.127792 
1.132589 
1.020399 
1.060472 
1.018582 
0.948863 
0.953493 
1.231962 
0.899525 
0.873221 
1.179933 
1.128739 
0.862157 
1.027072 
1.120128 
0.927802 
1.137434 
0.863436 
0.742456 
0.694649 
1.006644 
0.932579 
0.858668 
1.055076 
0.929936 
1.259092 
1.173457 
1.314636 
1.474417 
1.150306 
1.177619 
1.219685 
1.200771 
1.076821 
1.315823 
1.010852 
0.871993 
0.802227 
1.057851 
1.210678 
0.996559 
1.262337 
1.314269 
1.459270 
1.369511 
1.297274 
1.505090 
1.258408 
1.570840 
1.534868 
1.629787 
1.644930 
1.531718 
1.487920 
1.446186 
1.672396 
1.711168 
1.715577 
1.864196 
1.948062 
1.721989 
2.203407 
2.034256 
1.908407 
1.973221 
1.724163 
2.127095 
1.607914 
1.765228 
2.460595 
1.946324 
2.219515 
2.404386 
2.419877 
2.253753 
1.928511 
2.218352 
2.574826 
2.011966 
2.417374 
2.032274 
2.697797 
1.919506 
2.742649 
2.165856 
2.054899 
2.002697 
1.826129 
1.618103 
1.414413 
1.299473 
0.862889 
0.658399 
0.835222 
1.266586 
1.390680 
1.983736 
2.001233 
2.105390 
2.655653 
1.958650 
2.267960 
1.986741 
1.757980 
2.093628 
2.485372 
2.321237 
2.272843 
2.505681 
2.282714 
1.692626 
2.210700 
2.902025 
2.616454 
2.325251 
2.252770 
1.722308 
2.238408 
1.882499 
2.416626 
2.402641 
2.830446 
2.021075 
2.119595 
1.928364 
2.128164 
1.894317 
2.076322 
1.823019 
1.891043 
2.759903 
2.696324 
2.459830 
2.415653 
2.164176 
1.710266 
1.508978 
1.308554 
0.977010 
0.774037 
0.474274 
0.439119 
0.384172 
0.491359 
0.840751 
1.053973 
1.338119 
1.769134 
2.182026 
2.428015 
2.472773 
2.850651 
2.091472 
2.839780 
2.374858 
2.396633 
2.318389 
2.912695 
2.439288 
2.654361 
2.659008 
2.336200 
2.581464 
3.125559 
2.619355 
3.008511 
3.037037 
2.696822 
3.189138 
2.792683 
3.038739 
2.586206 
2.754689 
3.134630 
2.359513 
3.028328 
2.997571 
2.749466 
3.086677 
3.023256 
2.941924 
2.911963 
3.156726 
3.027668 
2.920549 
2.863806 
2.952581 
3.762631 
2.546118 
3.227674 
3.055885 
3.621609 
3.556111 
2.505948 
3.030318 
3.205893 
2.918229 
3.142617 
3.166868 
2.784689 
3.002372 
2.954765 
3.243183 
3.030723 
3.058418 
3.251751 
2.869561 
3.384116 
2.923647 
3.022767 
2.771191 
3.023815 
3.109080 
3.412902 
3.734781 
3.796001 
3.374208 
3.189770 
3.726733 
2.780981 
2.210985 
1.548973 
1.813589 
2.001135 
1.980463 
2.059552 
2.583377 
2.408822 
2.649920 
2.961455 
3.577534 
3.743196 
3.320877 
3.779686 
4.366984 
3.175666 
2.681666 
3.499358 
3.204145 
3.099344 
3.101716 
2.585050 
2.426147 
1.984807 
1.811634 
1.585458 
1.379755 
1.739661 
1.555858 
2.301443 
3.232420 
3.771778 
4.072363 
3.581104 
3.489441 
3.951366 
3.171554 
3.029679 
3.202438 
3.015690 
2.723178 
2.229480 
2.066756 
2.090438 
2.301985 
3.167989 
3.562290 
3.285377 
3.241300 
3.080711 
3.725968 
3.475986 
3.376477 
3.427027 
3.608338 
3.093793 
3.336452 
3.473945 
3.325959 
3.768862 
3.813547 
3.977904 
3.285733 
3.589127 
4.013686 
2.788666 
3.635807 
1.887546 
2.359575 
1.390319 
1.370184 
0.936938 
0.827585 
0.808387 
0.779781 
0.683059 
0.708798 
0.790242 
0.756583 
1.226909 
2.173615 
2.414211 
3.140466 
2.915938 
3.358852 
3.223812 
3.501566 
3.286172 
3.136668 
3.570117 
4.139245 
3.713120 
3.357424 
3.576820 
4.012690 
3.951159 
3.122892 
3.316210 
3.340381 
4.042937 
3.753234 
3.404039 
4.053434 
3.733836 
4.318645 
3.894813 
2.854001 
3.499282 
2.757619 
2.311247 
1.596696 
1.167271 
1.002823 
1.244786 
1.048069 
1.324180 
1.250785 
1.738196 
1.679958 
2.206505 
2.227559 
2.128854 
2.257411 
2.143631 
1.828818 
1.785036 
1.551568 
1.391232 
1.659558 
1.626847 
1.912961 
2.661063 
2.940049 
1.974123 
2.790149 
3.256152 
3.222512 
3.513415 
2.570796 
2.788849 
2.274579 
1.345845 
1.571051 
1.577261 
1.276963 
1.393192 
1.797817 
1.545920 
1.319872 
1.621117 
1.735123 
1.387270 
1.492304 
1.409087 
1.673391 
1.779951 
1.759728 
1.920968 
1.907880 
1.736643 
2.112966 
1.999249 
2.172594 
2.229322 
2.544985 
2.959542 
3.715715 
3.423970 
3.622661 
3.743952 
3.206348 
4.211133 
3.102326 
2.467329 
2.602645 
1.935837 
1.426832 
1.232835 
1.474450 
1.047444 
1.076915 
1.144733 
1.189448 
1.054880 
1.199563 
1.842728 
1.967054 
2.210634 
2.535577 
3.226688 
3.878484 
4.152676 
3.501429 
3.867766 
4.328636 
4.355946 
3.573464 
4.045486 
3.389565 
4.089652 
3.812552 
3.365974 
3.256956 
3.701109 
3.816793 
3.944180 
3.575438 
3.675489 
3.983304 
3.776562 
3.498088 
3.166950 
4.393661 
4.018729 
3.181771 
2.823445 
2.869710 
3.689699 
3.699788 
4.005239 
4.368816 
3.769602 
3.783905 
3.438707 
3.729117 
3.342943 
3.505951 
3.316015 
3.412435 
2.881990 
3.258153 
3.154674 
2.607792 
2.613385 
3.072654 
3.339301 
3.641146 
3.208110 
3.115811 
3.346984 
3.373280 
3.960585 
3.283508 
3.918065 
3.200280 
4.044222 
2.933952 
3.235435 
3.202465 
3.106293 
3.053722 
3.052670 
3.179650 
3.186180 
3.004996 
3.543746 
2.763386 
2.897396 
2.575156 
2.677923 
1.901724 
2.370235 
1.926883 
2.671575 
2.624200 
2.855363 
3.079363 
2.911690 
3.441430 
3.805497 
3.517478 
3.491590 
3.548975 
3.363521 
3.313130 
3.467983 
3.120270 
2.773670 
3.340854 
3.038445 
2.853382 
3.216454 
3.903945 
3.389399 
3.656219 
2.610617 
2.633574 
2.312701 
2.207961 
2.639718 
2.595159 
2.398507 
2.408385 
2.013766 
2.713494 
2.282713 
2.276937 
1.960581 
2.301836 
2.507007 
2.358505 
2.438829 
2.897843 
2.464244 
2.727515 
2.375685 
2.587704 
2.406279 
2.435186 
1.674590 
1.592456 
1.296805 
1.028304 
0.983292 
0.804149 
0.711747 
0.839383 
0.792344 
0.823261 
0.868542 
0.890603 
0.895242 
0.675323 
0.807736 
0.880194 
0.830619 
0.997255 
0.914227 
0.990109 
1.222572 
1.418113 
1.460585 
1.829957 
1.745166 
2.134798 
2.680670 
2.580018 
2.604292 
2.460026 
2.418591 
2.751558 
2.060264 
2.011971 
2.288409 
1.640558 
1.565678 
1.306494 
1.505005 
1.608232 
1.471652 
1.560142 
1.430824 
1.297967 
1.465929 
1.366496 
1.362618 
1.552744 
1.930736 
1.587644 
2.323146 
2.630766 
2.723979 
2.840502 
2.547172 
2.700278 
2.681512 
2.751791 
2.532380 
2.080771 
2.329322 
2.206259 
1.711970 
1.822558 
1.489258 
1.574798 
1.478597 
1.558820 
1.593944 
1.561869 
1.486887 
1.401078 
1.589052 
1.727513 
1.738773 
1.806172 
1.767112 
1.869399 
1.898639 
1.898529 
1.688738 
1.965202 
1.693621 
2.280427 
1.863512 
1.488054 
1.553269 
1.393942 
1.265090 
1.231519 
1.629758 
1.450507 
1.701009 
1.610566 
1.574106 
1.441007 
1.224813 
1.022492 
0.945227 
1.020258 
0.930669 
0.990721 
1.030191 
1.276534 
1.004147 
0.992148 
1.163050 
1.100856 
1.271593 
1.141314 
0.931859 
0.958220 
0.847312 
0.969013 
0.877964 
0.729356 
0.857917 
0.776125 
0.745867 
0.684819 
0.654743 
0.770624 
0.532439 
0.621307 
0.572285 
0.466870 
0.484438 
0.501368 
0.399271 
0.453827 
0.426250 
0.407572 
0.354887 
0.365636 
0.383329 
0.364312 
0.296518 
0.414838 
0.277693 
0.309795 
0.291318 
0.307823 
0.360827 
0.308836 
0.334037 
0.327175 
0.324640 
0.441029 
0.412329 
0.411138 
0.432722 
0.389227 
0.497168 
0.425922 
0.504846 
0.530165 
0.481504 
0.559351 
0.438541 
0.579062 
0.457821 
0.688411 
0.539676 
0.645566 
0.536110 
0.463587 
0.600318 
0.554590 
0.583442 
0.565831 
0.655831 
0.610490 
0.559560 
0.596581 
0.456235 
0.542587 
0.637538 
0.590963 
0.786194 
0.662588 
0.745723 
0.829135 
0.758173 
0.846463 
0.819590 
0.831649 
1.269922 
1.218453 
1.350579 
1.397094 
1.054099 
1.430900 
1.422990 
1.393385 
1.221642 
0.929070 
0.827616 
0.695977 
0.620239 
0.594950 
0.603163 
0.624340 
0.511467 
0.583143 
0.572921 
0.403585 
0.456425 
0.326854 
0.376259 
0.379407 
0.301575 
0.298470 
0.277573 
0.259244 
0.261596 
0.231637 
0.241108 
0.230276 
0.236603 
0.224075 
0.200360 
0.272833 
0.221678 
0.310505 
0.291656 
0.247123 
0.271117 
0.294115 
0.240243 
0.212488 
0.222416 
0.218281 
0.206227 
0.213590 
0.257970 
0.202612 
0.302334 
0.288850 
0.254468 
0.291762 
0.234596 
0.254967 
0.250965 
0.240467 
0.226361 
0.224457 
0.211837 
0.158853 
0.156386 
0.178355 
0.125706 
0.153894 
0.144047 
0.151885 
0.118356 
0.107477 
0.109329 
0.122801 
0.109862 
0.127941 
0.106045 
0.122891 
0.105326 
0.111554 
0.110768 
0.100631 
0.080718 
0.099986 
0.082738 
0.078241 
0.086444 
0.065775 
0.050681 
0.062136 
0.058891 
0.059720 
0.052017 
0.055431 
0.046585 
0.040939 
0.036936 
0.029748 
0.029250 
0.031830 
0.027736 
0.026804 
0.022703 
0.022515 
0.026187 
0.025128 
0.024916 
0.022446 
0.025501 
0.023273 
0.027474 
0.021342 
0.026507 
0.023604 
0.023070 
0.026438 
0.029604 
0.025292 
0.023285 
0.020142 
0.022231 
0.015913 
0.015559 
0.013183 
0.010700 
0.011084 
0.010113 
0.011077 
0.009912 
0.010895 
0.007612 
0.008023 
0.009186 
0.008885 
0.008126 
0.008804 
0.010055 
0.009081 
0.008810 
0.009334 
0.007912 
0.007854 
0.006238 
0.006998 
0.005619 
0.004998 
0.004030 
0.003390 
0.003630 
0.003144 
0.002433 
0.001816 
0.000912 
0.000557 
0.000311 
0.000172 
0.000120 
0.000056 
0.000013 
0.000000 
0.000000 
0.000000 
0.000000 
0.000000 
0.000000 
0.000000 
0.000000 
0.000000 
0.000000 
0.000000 
0.000000 
0.000000 
0.000000 
0.000000 
0.000000 
0.000000 
0.000000 
0.000000 
0.000000 
0.000000 
0.000000 
0.000000 
0.000000 
0.000000 
0.000000 
0.000000 
0.000000 
0.000000 
0.000000 
0.000000 
0.000000 
0.000000 
0.000000 
0.000000 
0.000000 
0.000000 
0.000000 
0.000000 
0.000000 
0.000000 
0.000000 
0.000000 
0.000000 
0.000000 
0.000000 
0.000000 
0.000000 
0.000000 
0.000000 
0.000000 
0.000000 
0.000000 
0.000000 
0.000000 
0.000000 
0.000000 
0.000000 
0.000000 
0.000000 
0.000000 
0.000000 
0.000000 
0.000000 
0.000000 
0.000000 
0.000000 
0.000000 
0.000000 
0.000000 
0.000000 
0.000000 
0.000000 
0.000000 
0.000000 
0.000000 
0.000000 
0.000000 
0.000000 
0.000000 
0.000000 
0.000000 
0.000000 
0.000000 
0.000000 
0.000000 
0.000000 
0.000000 
0.000000 
0.000000 
0.000000 
0.000000 
0.000000 
0.000000 
0.000000 
0.000000 
0.000000 
0.000000 
0.000000 
0.000000 
0.000000 
0.000000 
0.000000 
0.000000 
0.000000 
0.000000 
0.000000 
0.000000 
0.000000 
0.000000 
0.000000 
0.000000 
0.000000 
0.000000 
0.000000 
0.000000 
0.000000 
0.000000 
0.000000 
0.000000 
0.000000 
0.000000 
0.000000 
0.000000 
0.000000 
0.000000 
0.000000 
0.000000 
0.000000 
0.000000 
0.000000 
0.000000 
0.000000 
0.000000 
0.000000 
0.000000 
0.000000 
0.000000 
0.000000 
0.000000 
0.000000 
0.000000 
0.000000 
0.000000 
0.000000 
0.000000 
0.000000 
0.000000 
0.000000 
0.000000 
0.000000 
0.000000 
0.000000 
0.000000 
0.000000 
0.000000 
0.000000 
0.000000 
0.000000 
0.000000 
0.000000 
0.000000 
0.000000 
0.000000 
0.000000 
0.000000 
0.000000 
0.000000 
0.000000 
0.000000 
0.000000 
0.000000 
0.000000 
0.000000 
0.000000 
0.000000 
0.000000 
0.000000 
0.000000 
0.000000 
0.000000 
0.000000 
0.000000 
0.000000 
0.000000 
0.000000 
0.000000 
0.000000 
0.000000 
0.000000 
0.000000 
