0.000000 
0.000000 
0.000000 
0.000000 
0.000000 
0.000000 
0.000000 
0.000000 
0.000000 
0.000000 
0.000000 
0.000000 
0.000000 
0.000000 
0.000000 
0.000000 
0.000000 
0.000000 
0.000000 
0.000000 
0.000000 
0.000000 
0.000000 
0.000000 
0.000000 
0.000000 
0.000000 
0.000000 
0.000000 
0.000000 
0.000000 
0.000000 
0.000000 
0.000000 
0.000000 
0.000000 
0.000000 
0.000000 
0.000000 
0.000000 
0.000000 
0.000000 
0.000000 
0.000000 
0.000000 
0.000000 
0.000000 
0.000000 
0.000000 
0.000000 
0.000000 
0.000000 
0.000000 
0.000000 
0.000000 
0.000000 
0.000000 
0.000000 
0.000000 
0.000000 
0.000000 
0.000000 
0.000000 
0.000000 
0.000000 
0.000000 
0.000000 
0.000000 
0.000000 
0.000000 
0.000000 
0.000000 
0.000000 
0.000000 
0.000000 
0.000000 
0.000000 
0.000000 
0.000000 
0.000000 
0.000000 
0.000000 
0.000000 
0.000000 
0.000000 
0.000000 
0.000000 
0.000000 
0.000000 
0.000000 
0.000000 
0.000000 
0.000000 
0.000000 
0.000000 
0.000000 
0.000000 
0.000000 
0.000000 
0.000000 
0.000000 
0.000000 
0.000000 
0.000000 
0.000000 
0.000000 
0.000000 
0.000000 
0.000000 
0.000000 
0.000000 
0.000000 
0.000000 
0.000000 
0.000000 
0.000000 
0.000000 
0.000000 
0.000000 
0.000000 
0.000000 
0.000000 
0.000000 
0.000000 
0.000000 
0.000000 
0.000000 
0.000000 
0.000000 
0.000000 
0.000000 
0.000000 
0.000000 
0.000000 
0.000000 
0.000000 
0.000000 
0.000000 
0.000000 
0.000000 
0.000000 
0.000000 
0.000000 
0.000000 
0.000000 
0.000000 
0.000000 
0.000000 
0.000000 
0.000000 
0.000000 
0.000000 
0.000000 
0.000000 
0.000000 
0.000000 
0.000000 
0.000000 
0.000000 
0.000000 
0.000000 
0.000000 
0.000000 
0.000000 
0.000000 
0.000000 
0.000000 
0.000000 
0.000000 
0.000000 
0.000000 
0.000000 
0.000000 
0.000000 
0.000000 
0.000000 
0.000000 
0.000000 
0.000000 
0.000000 
0.000000 
0.000000 
0.000000 
0.000000 
0.000000 
0.000000 
0.000000 
0.000000 
0.000000 
0.000000 
0.000000 
0.000000 
0.000000 
0.000000 
0.000000 
0.000000 
0.000000 
0.000000 
0.000000 
0.000000 
0.000000 
0.000000 
0.000000 
0.000000 
0.000000 
0.000000 
0.000000 
0.000000 
0.000000 
0.000000 
0.000000 
0.000000 
0.000000 
0.000000 
0.000000 
0.000000 
0.000000 
0.000000 
0.000000 
0.000000 
0.000000 
0.000000 
0.000000 
0.000000 
0.000000 
0.000064 
0.000221 
0.000527 
0.000788 
0.001015 
0.001507 
0.001845 
0.002985 
0.004001 
0.004508 
0.004398 
0.005970 
0.008414 
0.011450 
0.011548 
0.013321 
0.015475 
0.017265 
0.020259 
0.022387 
0.025375 
0.030543 
0.027296 
0.033660 
0.033366 
0.040445 
0.031050 
0.034993 
0.029854 
0.039160 
0.036289 
0.039217 
0.032449 
0.036933 
0.035289 
0.030181 
0.033489 
0.036050 
0.037072 
0.039670 
0.035372 
0.038427 
0.038945 
0.045047 
0.047759 
0.050620 
0.051437 
0.043443 
0.044102 
0.076315 
0.072023 
0.070960 
0.087930 
0.075908 
0.088346 
0.063847 
0.083346 
0.073128 
0.087131 
0.066030 
0.078253 
0.082511 
0.084013 
0.083437 
0.099989 
0.095373 
0.097739 
0.094089 
0.082679 
0.102230 
0.107147 
0.098801 
0.094978 
0.100504 
0.105047 
0.095770 
0.128966 
0.118657 
0.097529 
0.146266 
0.108682 
0.108450 
0.140471 
0.121160 
0.130484 
0.134714 
0.124160 
0.113029 
0.128209 
0.122764 
0.144891 
0.122873 
0.156703 
0.155063 
0.148696 
0.137156 
0.152843 
0.158480 
0.143748 
0.171659 
0.206599 
0.159084 
0.209130 
0.208469 
0.234480 
0.260536 
0.274718 
0.226016 
0.336829 
0.336671 
0.322899 
0.376765 
0.387687 
0.389495 
0.397876 
0.433982 
0.282982 
0.313355 
0.322195 
0.313023 
0.363538 
0.265301 
0.305909 
0.353506 
0.363231 
0.348756 
0.390115 
0.344263 
0.351438 
0.420152 
0.448207 
0.384926 
0.434674 
0.424857 
0.462413 
0.523771 
0.469561 
0.595415 
0.680992 
0.605217 
0.668397 
0.710546 
0.685010 
0.659947 
0.788820 
0.794609 
0.911992 
0.952230 
0.938534 
1.303231 
1.041762 
1.183322 
0.929721 
0.992008 
0.851055 
0.874089 
0.979545 
0.870537 
0.920939 
1.004876 
0.973541 
0.888521 
0.849820 
0.715914 
0.901379 
1.019648 
0.699203 
0.863225 
0.749027 
0.784921 
0.730909 
0.720531 
0.774918 
0.789169 
0.785888 
0.961124 
0.849440 
1.010278 
0.919069 
1.302572 
1.020593 
1.201766 
1.026967 
0.910164 
1.006593 
1.088279 
0.986335 
0.788395 
0.782875 
0.960314 
0.864145 
0.980048 
1.027969 
0.978969 
0.974447 
1.255792 
1.194081 
1.306508 
1.462893 
1.247364 
1.229630 
1.482768 
1.543495 
1.261307 
1.292738 
1.300731 
1.554816 
1.442298 
1.603834 
1.580203 
1.640192 
1.803521 
1.648478 
1.752022 
1.826983 
1.686084 
1.866418 
1.577633 
1.721306 
1.686007 
1.900546 
1.808514 
1.747799 
1.984855 
2.128632 
2.118332 
1.992219 
1.817741 
1.665959 
1.765832 
1.771511 
2.115151 
1.859213 
1.866820 
1.925895 
2.120018 
2.222433 
1.763596 
1.780619 
1.761235 
1.490622 
1.157928 
0.955996 
0.758345 
0.730129 
0.870701 
0.903155 
1.464581 
1.592605 
2.020086 
1.844734 
1.796115 
1.996890 
1.639962 
1.679695 
2.107171 
1.701284 
2.106866 
1.990495 
1.433782 
2.137729 
1.837607 
1.977042 
1.921337 
1.788515 
2.084640 
2.079167 
1.963539 
2.209234 
2.312239 
1.736364 
2.160416 
1.889154 
1.827762 
2.083935 
2.103845 
1.898265 
1.795648 
1.621910 
1.671214 
1.657532 
1.804419 
2.205701 
2.106124 
1.863493 
2.207705 
2.085927 
1.624109 
1.307228 
1.103377 
0.748827 
0.642856 
0.539899 
0.350210 
0.353784 
0.524824 
0.805819 
1.067392 
1.398916 
1.856874 
1.637494 
1.836853 
1.910343 
2.092769 
2.540601 
2.308257 
2.332977 
2.013381 
2.517584 
2.501846 
2.123803 
2.824068 
2.552239 
2.496615 
2.495641 
1.894442 
2.356403 
2.197905 
2.428233 
2.059241 
2.648527 
2.044221 
2.306315 
2.504137 
2.097836 
2.953366 
2.427470 
2.425866 
2.108530 
2.261005 
2.830602 
2.304617 
2.273138 
2.341615 
2.794314 
2.539738 
2.963738 
3.117903 
2.354635 
2.629394 
2.879138 
2.175752 
2.676399 
2.110395 
2.686960 
2.517594 
3.414178 
2.933211 
2.648427 
2.835707 
2.943651 
2.966505 
2.872866 
2.578971 
2.515726 
2.836195 
2.894910 
2.358391 
2.440506 
2.780835 
2.972102 
3.139351 
2.869952 
2.742636 
2.691584 
2.809427 
3.070442 
3.043211 
3.297594 
3.113318 
2.733281 
2.664529 
1.937326 
1.970188 
1.787240 
1.924973 
1.577512 
2.019415 
1.837857 
2.180876 
2.418362 
2.800314 
2.491961 
2.947947 
3.103471 
3.212189 
2.564901 
2.221810 
2.804903 
3.081215 
2.648766 
2.551507 
2.075989 
1.866930 
2.128923 
1.963546 
1.767634 
1.532941 
1.651603 
1.719372 
1.320038 
1.950054 
2.583026 
3.422892 
2.809928 
3.109612 
3.018197 
2.955175 
3.200486 
2.499167 
2.706064 
2.896472 
2.068079 
2.011300 
1.903585 
2.220628 
3.068724 
2.762593 
3.671922 
3.582743 
3.031451 
2.999878 
2.932149 
2.852819 
2.911685 
2.658109 
3.098598 
2.746796 
2.873145 
2.807344 
2.285129 
3.324769 
2.752675 
3.288981 
3.212442 
2.959157 
2.885850 
2.881694 
2.530081 
2.137159 
1.920032 
1.442130 
1.156638 
0.820500 
0.644000 
0.622522 
0.638531 
0.645944 
0.562603 
0.556375 
0.788574 
1.426881 
1.914992 
1.893727 
2.489923 
2.984723 
2.676953 
3.814466 
3.487131 
2.884451 
3.232272 
3.069947 
3.492059 
3.444386 
2.822485 
3.147617 
3.171877 
3.908046 
3.462324 
4.036781 
3.497644 
3.452555 
3.100707 
3.405972 
2.982859 
2.944002 
3.317749 
3.031853 
2.857061 
3.512996 
3.182329 
2.023295 
1.408646 
1.079506 
0.927161 
0.947141 
1.032583 
1.237721 
1.100800 
1.442987 
1.522200 
1.851807 
2.047294 
2.083547 
1.547445 
1.528213 
1.758010 
1.558207 
1.060054 
1.229283 
1.042233 
1.348478 
1.534972 
2.232177 
2.190758 
2.613361 
2.202940 
2.277556 
2.418574 
2.767861 
2.587280 
2.370415 
1.895646 
1.630422 
1.273349 
1.167427 
1.390198 
1.200045 
1.449201 
1.620370 
1.422016 
1.408230 
1.121187 
1.235043 
1.457552 
1.191971 
1.257475 
1.503920 
1.491890 
1.507841 
1.716590 
1.924415 
2.160404 
1.846962 
1.874338 
2.060946 
2.230131 
2.736019 
2.724979 
3.741800 
2.758998 
2.669433 
2.986232 
2.989253 
2.958526 
2.833465 
1.837173 
1.577872 
1.391438 
1.364102 
0.885275 
0.982663 
0.859182 
0.804180 
0.881242 
0.852739 
0.975166 
1.405990 
1.609651 
2.066870 
2.283374 
2.688644 
2.445876 
3.830985 
4.045425 
3.962317 
3.512355 
3.846698 
3.702009 
2.997512 
3.584158 
3.725677 
3.265540 
3.761549 
3.471115 
3.665230 
2.936257 
3.689983 
3.142893 
3.033791 
3.863354 
3.162966 
3.446938 
3.103022 
3.259059 
3.216521 
3.625092 
2.829439 
3.733598 
3.492770 
3.089164 
2.807440 
3.472030 
3.576801 
3.445249 
3.045144 
3.270266 
2.676180 
3.157337 
2.862237 
3.036487 
2.698847 
2.699857 
2.185120 
2.346634 
2.213760 
2.480838 
2.694507 
2.773376 
2.837689 
2.971129 
3.050446 
3.308150 
3.249839 
2.863960 
3.480145 
3.312026 
3.347149 
2.678128 
3.316913 
2.641968 
3.496738 
2.872893 
3.270480 
3.216156 
2.653709 
2.543444 
2.699246 
2.504011 
2.374162 
2.066138 
2.095192 
1.993859 
1.651674 
1.774069 
2.111512 
2.137742 
2.251374 
2.744374 
2.638208 
3.205084 
3.185209 
2.978710 
2.565858 
2.720624 
2.981672 
2.920065 
2.719525 
2.788327 
2.497076 
2.224428 
2.715160 
2.562667 
3.266581 
2.958663 
2.875829 
2.995248 
2.423633 
1.995627 
2.364005 
2.203604 
1.954336 
2.254782 
2.110900 
2.028517 
1.839984 
1.768504 
1.619877 
2.016233 
1.870064 
1.782535 
2.111296 
2.336140 
2.228938 
2.530397 
1.880326 
1.814638 
2.230251 
2.485847 
2.266619 
2.476432 
1.985209 
1.399145 
0.961992 
0.987423 
0.908441 
0.920397 
0.850579 
0.885612 
0.775170 
0.691235 
0.639234 
0.729093 
0.760747 
0.750613 
0.688581 
0.593190 
0.611299 
0.910009 
0.736622 
0.823361 
1.052552 
1.333650 
1.245835 
1.220576 
1.545287 
1.821135 
2.079254 
2.197043 
2.573072 
2.204430 
2.094376 
1.943541 
1.421035 
1.863922 
1.663475 
1.835798 
1.826831 
1.613844 
1.401676 
1.404781 
1.275320 
1.086023 
1.182733 
1.135261 
1.303386 
1.274602 
1.308892 
1.191542 
1.802351 
1.735220 
2.088265 
1.910190 
2.340554 
2.468231 
2.640248 
2.164307 
2.148543 
2.164639 
2.130801 
1.980082 
1.853704 
1.821982 
1.311732 
1.574729 
1.293507 
1.436941 
1.505377 
1.424778 
1.389601 
1.310019 
1.505149 
1.368964 
1.222893 
1.582619 
1.517772 
1.613075 
1.770205 
1.397154 
1.311532 
1.485246 
1.600470 
1.794457 
1.538710 
1.476704 
1.842444 
1.584454 
1.165744 
1.266556 
0.876841 
0.982313 
1.195001 
1.364927 
1.442302 
1.542996 
1.563357 
1.155751 
0.914630 
0.862898 
0.828177 
0.682328 
0.838539 
0.819473 
0.969980 
1.160475 
0.929380 
0.917622 
0.926945 
0.864022 
0.900824 
0.797215 
0.812998 
0.871252 
0.756219 
0.852696 
0.742751 
0.750163 
0.858322 
0.749482 
0.620772 
0.568355 
0.562501 
0.607600 
0.476715 
0.554183 
0.564723 
0.426210 
0.373875 
0.367580 
0.389727 
0.360139 
0.404791 
0.282303 
0.285907 
0.366118 
0.281198 
0.315284 
0.252937 
0.292768 
0.298146 
0.305378 
0.268606 
0.306553 
0.360219 
0.292304 
0.288308 
0.323571 
0.299268 
0.352464 
0.286030 
0.362394 
0.317346 
0.339906 
0.368182 
0.415927 
0.407418 
0.410695 
0.476707 
0.448547 
0.432360 
0.404938 
0.491792 
0.416328 
0.559795 
0.511427 
0.544815 
0.559838 
0.476127 
0.482895 
0.531710 
0.505724 
0.486957 
0.523570 
0.579045 
0.432634 
0.430696 
0.521407 
0.474395 
0.649047 
0.723258 
0.753011 
0.722261 
0.630773 
0.532045 
0.675149 
0.824815 
0.890474 
1.169922 
1.299788 
1.366869 
1.390259 
0.901722 
1.288514 
1.018337 
1.156210 
1.070081 
0.920761 
0.692995 
0.483136 
0.441064 
0.522023 
0.495801 
0.545905 
0.458376 
0.476652 
0.380375 
0.433939 
0.373109 
0.368823 
0.296880 
0.289338 
0.284430 
0.258127 
0.197270 
0.235538 
0.235164 
0.223363 
0.202934 
0.205618 
0.162074 
0.198672 
0.223035 
0.215326 
0.248199 
0.217384 
0.197558 
0.213019 
0.212937 
0.193405 
0.176202 
0.216840 
0.174944 
0.224327 
0.230449 
0.206819 
0.172890 
0.244275 
0.297322 
0.213707 
0.280424 
0.277680 
0.199057 
0.238818 
0.203589 
0.202023 
0.167816 
0.193242 
0.155791 
0.181611 
0.147882 
0.132390 
0.124333 
0.130688 
0.107455 
0.120799 
0.093458 
0.120800 
0.116187 
0.105675 
0.085696 
0.107432 
0.090569 
0.091127 
0.094937 
0.122283 
0.088692 
0.089874 
0.078198 
0.079980 
0.071401 
0.098856 
0.053987 
0.075797 
0.054835 
0.057050 
0.051736 
0.041585 
0.045002 
0.042689 
0.042682 
0.037775 
0.029854 
0.028804 
0.027791 
0.027597 
0.022197 
0.026216 
0.021265 
0.018164 
0.018588 
0.022459 
0.017483 
0.019389 
0.022497 
0.019660 
0.019823 
0.023241 
0.017935 
0.022155 
0.023340 
0.024550 
0.026581 
0.020044 
0.019907 
0.017695 
0.018998 
0.017330 
0.012171 
0.010045 
0.011221 
0.011798 
0.009461 
0.007623 
0.007041 
0.008738 
0.008430 
0.007883 
0.008258 
0.007324 
0.007379 
0.008057 
0.006754 
0.007329 
0.006218 
0.008222 
0.007436 
0.006063 
0.006825 
0.005191 
0.004037 
0.004508 
0.003863 
0.003020 
0.002949 
0.003107 
0.001843 
0.001540 
0.000904 
0.000495 
0.000231 
0.000181 
0.000102 
0.000040 
0.000010 
0.000000 
0.000000 
0.000000 
0.000000 
0.000000 
0.000000 
0.000000 
0.000000 
0.000000 
0.000000 
0.000000 
0.000000 
0.000000 
0.000000 
0.000000 
0.000000 
0.000000 
0.000000 
0.000000 
0.000000 
0.000000 
0.000000 
0.000000 
0.000000 
0.000000 
0.000000 
0.000000 
0.000000 
0.000000 
0.000000 
0.000000 
0.000000 
0.000000 
0.000000 
0.000000 
0.000000 
0.000000 
0.000000 
0.000000 
0.000000 
0.000000 
0.000000 
0.000000 
0.000000 
0.000000 
0.000000 
0.000000 
0.000000 
0.000000 
0.000000 
0.000000 
0.000000 
0.000000 
0.000000 
0.000000 
0.000000 
0.000000 
0.000000 
0.000000 
0.000000 
0.000000 
0.000000 
0.000000 
0.000000 
0.000000 
0.000000 
0.000000 
0.000000 
0.000000 
0.000000 
0.000000 
0.000000 
0.000000 
0.000000 
0.000000 
0.000000 
0.000000 
0.000000 
0.000000 
0.000000 
0.000000 
0.000000 
0.000000 
0.000000 
0.000000 
0.000000 
0.000000 
0.000000 
0.000000 
0.000000 
0.000000 
0.000000 
0.000000 
0.000000 
0.000000 
0.000000 
0.000000 
0.000000 
0.000000 
0.000000 
0.000000 
0.000000 
0.000000 
0.000000 
0.000000 
0.000000 
0.000000 
0.000000 
0.000000 
0.000000 
0.000000 
0.000000 
0.000000 
0.000000 
0.000000 
0.000000 
0.000000 
0.000000 
0.000000 
0.000000 
0.000000 
0.000000 
0.000000 
0.000000 
0.000000 
0.000000 
0.000000 
0.000000 
0.000000 
0.000000 
0.000000 
0.000000 
0.000000 
0.000000 
0.000000 
0.000000 
0.000000 
0.000000 
0.000000 
0.000000 
0.000000 
0.000000 
0.000000 
0.000000 
0.000000 
0.000000 
0.000000 
0.000000 
0.000000 
0.000000 
0.000000 
0.000000 
0.000000 
0.000000 
0.000000 
0.000000 
0.000000 
0.000000 
0.000000 
0.000000 
0.000000 
0.000000 
0.000000 
0.000000 
0.000000 
0.000000 
0.000000 
0.000000 
0.000000 
0.000000 
0.000000 
0.000000 
0.000000 
0.000000 
0.000000 
0.000000 
0.000000 
0.000000 
0.000000 
0.000000 
0.000000 
0.000000 
0.000000 
0.000000 
0.000000 
0.000000 
0.000000 
0.000000 
0.000000 
0.000000 
0.000000 
