0.000000 
0.000000 
0.000000 
0.000000 
0.000000 
0.000000 
0.000000 
0.000000 
0.000000 
0.000000 
0.000000 
0.000000 
0.000000 
0.000000 
0.000000 
0.000000 
0.000000 
0.000000 
0.000000 
0.000000 
0.000000 
0.000000 
0.000000 
0.000000 
0.000000 
0.000000 
0.000000 
0.000000 
0.000000 
0.000000 
0.000000 
0.000000 
0.000000 
0.000000 
0.000000 
0.000000 
0.000000 
0.000000 
0.000000 
0.000000 
0.000000 
0.000000 
0.000000 
0.000000 
0.000000 
0.000000 
0.000000 
0.000000 
0.000000 
0.000000 
0.000000 
0.000000 
0.000000 
0.000000 
0.000000 
0.000000 
0.000000 
0.000000 
0.000000 
0.000000 
0.000000 
0.000000 
0.000000 
0.000000 
0.000000 
0.000000 
0.000000 
0.000000 
0.000000 
0.000000 
0.000000 
0.000000 
0.000000 
0.000000 
0.000000 
0.000000 
0.000000 
0.000000 
0.000000 
0.000000 
0.000000 
0.000000 
0.000000 
0.000000 
0.000000 
0.000000 
0.000000 
0.000000 
0.000000 
0.000000 
0.000000 
0.000000 
0.000000 
0.000000 
0.000000 
0.000000 
0.000000 
0.000000 
0.000000 
0.000000 
0.000000 
0.000000 
0.000000 
0.000000 
0.000000 
0.000000 
0.000000 
0.000000 
0.000000 
0.000000 
0.000000 
0.000000 
0.000000 
0.000000 
0.000000 
0.000000 
0.000000 
0.000000 
0.000000 
0.000000 
0.000000 
0.000000 
0.000000 
0.000000 
0.000000 
0.000000 
0.000000 
0.000000 
0.000000 
0.000000 
0.000000 
0.000000 
0.000000 
0.000000 
0.000000 
0.000000 
0.000000 
0.000000 
0.000000 
0.000000 
0.000000 
0.000000 
0.000000 
0.000000 
0.000000 
0.000000 
0.000000 
0.000000 
0.000000 
0.000000 
0.000000 
0.000000 
0.000000 
0.000000 
0.000000 
0.000000 
0.000000 
0.000000 
0.000000 
0.000000 
0.000000 
0.000000 
0.000000 
0.000000 
0.000000 
0.000000 
0.000000 
0.000000 
0.000000 
0.000000 
0.000000 
0.000000 
0.000000 
0.000000 
0.000000 
0.000000 
0.000000 
0.000000 
0.000000 
0.000000 
0.000000 
0.000000 
0.000000 
0.000000 
0.000000 
0.000000 
0.000000 
0.000000 
0.000000 
0.000000 
0.000000 
0.000000 
0.000000 
0.000000 
0.000000 
0.000000 
0.000000 
0.000000 
0.000000 
0.000000 
0.000000 
0.000000 
0.000000 
0.000000 
0.000000 
0.000000 
0.000000 
0.000000 
0.000000 
0.000000 
0.000000 
0.000000 
0.000000 
0.000000 
0.000000 
0.000000 
0.000000 
0.000000 
0.000000 
0.000000 
0.000000 
0.000000 
0.000000 
0.000000 
0.000000 
0.000061 
0.000259 
0.000498 
0.000724 
0.001146 
0.001724 
0.002307 
0.002995 
0.003403 
0.004429 
0.005674 
0.007396 
0.009163 
0.008890 
0.013963 
0.015165 
0.018750 
0.022485 
0.023932 
0.030438 
0.033123 
0.031393 
0.035586 
0.036389 
0.040167 
0.043907 
0.041797 
0.044897 
0.038531 
0.045327 
0.039646 
0.046398 
0.042181 
0.038970 
0.041838 
0.035515 
0.039480 
0.040842 
0.035888 
0.046552 
0.048197 
0.047601 
0.048488 
0.057923 
0.051424 
0.045845 
0.065905 
0.066072 
0.077453 
0.077540 
0.077641 
0.072203 
0.087297 
0.097456 
0.096509 
0.089887 
0.097396 
0.080745 
0.091370 
0.081414 
0.096630 
0.093049 
0.094331 
0.097662 
0.098648 
0.100185 
0.093853 
0.097609 
0.126360 
0.122357 
0.119330 
0.130100 
0.101631 
0.108226 
0.117403 
0.114794 
0.125102 
0.109018 
0.117549 
0.118835 
0.156999 
0.145188 
0.143167 
0.146649 
0.121186 
0.160717 
0.145774 
0.151800 
0.131789 
0.141062 
0.187384 
0.158815 
0.180681 
0.155426 
0.184158 
0.190819 
0.176509 
0.177825 
0.193090 
0.211202 
0.213678 
0.217451 
0.216798 
0.246456 
0.240030 
0.277627 
0.265986 
0.332487 
0.375025 
0.384122 
0.402938 
0.359261 
0.309806 
0.466587 
0.426546 
0.435969 
0.409491 
0.361188 
0.336822 
0.336806 
0.400659 
0.379489 
0.402878 
0.404784 
0.435322 
0.422908 
0.475791 
0.477796 
0.451970 
0.397632 
0.478482 
0.510097 
0.518887 
0.531110 
0.456570 
0.560445 
0.595273 
0.775058 
0.690288 
0.720852 
0.722034 
0.706118 
0.923845 
0.845512 
0.886949 
0.927938 
0.931005 
1.134462 
1.240954 
1.247026 
1.364225 
1.332520 
1.234070 
1.064184 
1.115920 
1.081151 
0.940228 
0.870872 
0.921908 
0.983885 
0.909898 
1.004962 
1.147488 
1.032525 
1.112939 
1.146098 
0.914233 
0.914402 
0.835704 
0.894691 
0.840162 
0.973173 
0.776303 
0.820942 
1.036051 
1.098487 
0.934919 
1.222512 
1.349849 
1.281103 
1.266137 
1.210583 
1.053015 
0.975385 
1.364169 
1.025857 
1.259823 
1.201041 
0.962877 
1.027133 
1.099108 
1.031904 
1.045554 
0.956376 
1.023408 
1.334204 
1.326715 
1.503349 
1.225011 
1.744188 
1.596094 
1.645103 
1.732154 
1.359133 
1.555872 
1.535253 
1.760908 
1.619870 
1.498703 
1.854140 
1.530839 
1.952256 
1.877243 
1.784609 
1.642417 
1.872486 
1.788615 
2.343147 
2.270654 
1.920741 
2.322897 
2.047671 
2.273316 
2.692079 
2.392738 
2.185650 
2.481365 
2.313177 
2.399683 
2.011116 
1.816359 
2.218279 
2.329449 
2.420556 
2.531068 
2.275709 
2.352579 
2.118058 
2.206735 
1.840291 
1.879817 
1.073928 
1.121054 
0.714171 
0.776601 
0.779337 
1.312538 
1.556024 
1.717314 
1.826809 
2.145358 
2.073749 
2.348453 
2.482603 
2.223083 
1.944688 
2.026298 
1.977089 
2.002409 
2.345235 
2.412970 
2.237908 
2.403217 
2.198248 
2.133741 
1.893888 
2.363281 
1.981706 
1.764657 
2.399280 
2.100794 
2.270029 
2.017849 
2.384883 
2.118828 
2.401378 
2.288707 
2.270837 
2.349247 
2.113674 
1.796602 
2.179378 
1.947156 
2.090527 
2.528743 
2.664269 
1.751969 
1.592549 
1.547964 
1.297347 
1.098624 
0.676607 
0.579086 
0.399051 
0.345833 
0.502852 
0.631987 
1.137791 
1.285718 
1.543849 
2.145410 
2.267758 
2.493971 
2.528681 
2.589101 
2.358811 
3.125174 
2.655778 
2.660303 
2.939300 
2.130537 
2.552574 
2.779665 
2.454092 
2.901691 
2.308172 
2.809184 
2.799224 
2.744264 
3.117558 
2.672734 
3.053274 
2.624675 
2.280596 
3.100400 
3.251789 
2.732886 
2.731045 
3.326681 
2.675723 
3.379294 
2.467162 
2.875327 
2.845742 
2.636673 
3.761288 
2.914111 
2.950003 
2.639067 
2.980650 
2.773079 
3.210730 
2.968799 
2.936295 
3.137771 
2.873877 
2.827310 
2.807434 
3.049282 
3.276867 
2.837867 
3.121585 
3.789799 
3.059881 
3.057391 
3.720934 
3.345900 
2.737846 
3.231155 
3.346473 
3.604349 
2.835892 
3.615624 
3.519590 
2.831786 
3.134908 
3.779081 
3.553925 
3.566744 
3.960577 
3.552327 
2.733078 
2.530158 
1.771919 
1.627206 
2.038806 
2.174887 
2.082745 
2.549077 
2.759792 
2.501364 
3.176290 
2.900550 
3.849464 
3.557713 
3.423609 
3.913455 
3.012516 
3.864998 
2.795311 
3.239844 
2.851356 
2.885122 
2.214803 
1.970567 
1.888906 
1.952018 
1.616488 
1.923922 
1.546004 
1.912145 
1.914733 
2.697144 
3.148533 
3.810973 
3.514731 
3.799608 
3.210022 
3.114406 
3.628201 
3.260731 
2.782040 
2.074327 
2.421501 
2.623547 
1.908760 
2.636202 
3.356303 
3.644667 
3.576489 
3.567500 
3.340549 
3.182135 
3.637895 
3.541917 
3.936171 
2.893858 
2.911443 
2.998108 
3.112148 
3.518615 
3.635481 
3.622949 
3.698141 
3.421002 
3.356585 
3.224177 
3.094190 
3.178166 
3.080232 
1.936683 
1.720856 
1.312291 
1.010848 
0.775267 
0.727540 
0.733529 
0.713917 
0.667451 
0.621043 
0.783656 
1.510669 
2.016514 
2.819500 
2.828590 
3.169793 
2.864035 
3.198327 
3.518177 
3.515017 
3.257681 
3.579057 
3.502272 
3.842403 
3.314970 
3.675068 
3.671927 
3.970266 
3.904896 
4.124441 
4.047360 
3.257273 
3.613513 
3.023846 
3.815163 
4.177993 
3.269501 
4.122071 
3.736949 
3.817291 
2.716813 
2.397820 
1.859779 
1.047832 
0.970869 
1.081950 
1.002006 
1.246495 
1.475280 
1.821168 
2.070066 
1.932637 
1.766921 
2.263337 
2.239745 
1.961945 
1.823339 
1.861363 
1.600530 
1.314783 
1.703054 
1.713492 
1.939044 
2.292090 
2.302690 
2.960978 
2.362716 
3.177736 
3.541374 
2.975174 
3.553069 
2.729667 
1.598440 
1.948222 
1.354250 
1.753784 
1.322616 
1.533470 
1.637239 
1.470457 
1.383048 
1.520281 
1.302199 
1.587516 
1.555307 
1.437471 
1.420977 
1.320037 
1.792002 
1.793085 
1.890564 
1.774428 
2.252288 
2.096029 
2.351493 
2.618220 
2.681038 
3.488121 
3.471811 
4.412042 
2.700937 
3.739536 
3.570994 
3.424168 
3.029586 
2.853238 
2.216507 
2.054279 
1.574387 
1.259029 
1.340812 
1.103537 
1.048521 
0.829662 
1.017778 
1.208527 
1.427937 
1.513387 
1.967302 
2.086914 
2.749185 
2.854912 
3.765300 
3.475173 
4.633516 
3.845125 
3.936055 
3.628793 
4.184888 
4.010125 
3.285370 
3.705694 
4.229310 
3.926110 
4.062769 
3.905985 
3.275420 
4.143547 
3.863603 
3.022853 
4.169295 
3.959439 
3.413039 
2.946926 
3.941086 
3.228277 
3.743755 
3.726532 
3.948456 
3.900229 
4.456432 
3.790264 
3.585952 
4.205172 
3.405711 
3.330115 
3.607900 
3.821193 
3.689451 
3.591309 
3.429470 
3.573872 
2.545037 
2.576315 
2.712600 
2.897525 
2.978293 
3.543804 
3.280368 
3.445986 
3.509008 
3.097832 
3.163518 
3.605377 
4.301874 
3.517194 
3.914572 
3.037653 
3.157958 
3.285398 
3.427390 
3.273867 
3.323051 
3.111793 
3.378719 
3.710340 
2.802910 
3.344612 
2.733159 
2.235062 
2.398639 
2.342837 
2.327259 
1.839486 
2.148690 
1.942493 
2.842009 
2.178906 
2.629106 
3.616035 
3.414668 
3.324232 
3.573998 
3.234704 
3.204520 
3.363925 
3.229876 
2.763207 
2.993423 
3.171865 
2.623754 
2.918523 
3.457744 
3.005426 
3.303908 
3.501200 
3.198004 
3.078207 
3.027275 
2.126933 
2.998618 
2.915679 
2.261920 
2.020211 
2.430926 
1.992814 
2.245197 
2.010257 
2.316164 
2.299055 
2.460105 
2.829392 
2.578990 
2.674322 
3.067626 
2.433113 
2.499392 
2.345092 
2.329180 
2.706649 
2.675557 
1.940561 
1.151224 
1.287759 
1.324718 
0.976498 
1.075220 
0.861895 
0.914390 
0.838525 
0.826887 
0.759913 
0.857971 
0.827706 
0.730646 
0.866331 
0.724166 
0.790586 
0.949694 
0.952741 
1.123194 
1.466761 
1.487529 
1.494439 
1.841383 
2.149515 
2.176511 
2.436496 
2.541557 
2.572099 
3.229340 
2.201627 
2.604851 
2.262611 
1.721344 
1.594860 
1.785219 
1.480081 
1.537011 
1.454435 
1.461875 
1.565894 
1.438362 
1.413791 
1.502601 
1.377778 
1.826994 
1.675753 
1.690994 
1.590892 
2.232310 
2.294543 
2.138053 
2.423183 
2.797254 
2.906838 
1.881551 
2.662011 
2.385400 
2.529750 
2.878424 
2.195916 
2.020693 
1.667403 
1.769079 
1.884514 
1.724505 
1.250050 
1.450055 
1.426233 
1.642925 
1.401875 
1.961586 
1.472223 
1.522610 
1.604720 
1.808207 
1.890748 
1.929260 
2.189125 
1.932784 
1.900150 
1.771469 
2.206409 
1.885460 
1.984913 
1.839223 
1.329569 
1.173033 
1.240561 
1.216631 
1.543770 
1.576090 
2.061431 
1.579166 
1.580334 
1.627530 
1.210151 
0.869991 
0.764738 
0.817466 
0.867876 
1.082470 
1.070085 
0.994998 
1.091527 
1.067713 
1.212288 
1.037363 
1.035165 
1.058327 
1.082739 
0.918634 
1.002634 
1.114129 
0.683718 
0.831051 
0.734802 
0.875536 
0.703976 
0.715501 
0.658767 
0.606127 
0.583327 
0.553002 
0.522452 
0.519545 
0.524596 
0.454321 
0.457873 
0.433461 
0.389953 
0.345230 
0.356946 
0.363835 
0.380080 
0.325296 
0.310088 
0.344016 
0.350833 
0.334553 
0.323287 
0.369038 
0.389759 
0.352871 
0.395288 
0.360892 
0.353048 
0.393666 
0.370450 
0.449273 
0.380269 
0.294022 
0.435396 
0.423180 
0.317399 
0.471846 
0.514112 
0.416304 
0.621652 
0.619395 
0.520930 
0.566893 
0.648875 
0.555867 
0.596210 
0.597933 
0.495921 
0.590183 
0.736419 
0.564742 
0.666263 
0.477631 
0.494154 
0.534376 
0.564774 
0.590834 
0.597865 
0.738746 
0.674471 
0.958346 
0.786292 
0.668340 
0.738540 
0.713658 
1.010322 
0.800388 
0.987692 
1.343427 
1.374176 
1.185190 
1.176142 
1.216868 
1.209204 
1.222208 
1.084342 
1.018232 
0.731747 
0.624070 
0.607449 
0.758553 
0.543148 
0.532535 
0.466300 
0.505936 
0.414831 
0.452337 
0.421034 
0.363209 
0.345354 
0.325736 
0.298597 
0.251905 
0.223584 
0.251282 
0.262049 
0.269845 
0.212926 
0.235836 
0.239806 
0.266607 
0.210007 
0.240356 
0.283864 
0.260661 
0.246860 
0.299585 
0.288806 
0.238678 
0.267533 
0.255837 
0.221382 
0.277303 
0.240142 
0.222192 
0.210418 
0.264457 
0.247133 
0.268588 
0.226858 
0.273212 
0.235212 
0.231879 
0.245283 
0.227485 
0.244096 
0.222842 
0.139747 
0.167347 
0.163562 
0.139752 
0.158765 
0.154996 
0.131955 
0.137238 
0.142196 
0.132175 
0.118840 
0.146605 
0.128133 
0.119045 
0.105644 
0.122319 
0.105659 
0.097144 
0.115249 
0.104964 
0.100424 
0.093243 
0.099854 
0.076092 
0.074115 
0.069934 
0.057239 
0.068568 
0.063316 
0.054025 
0.054367 
0.047527 
0.052544 
0.050547 
0.038154 
0.032263 
0.031073 
0.031165 
0.022118 
0.028765 
0.025481 
0.023043 
0.019440 
0.024734 
0.025520 
0.022439 
0.023265 
0.022517 
0.024449 
0.023465 
0.024011 
0.028553 
0.028323 
0.025050 
0.028717 
0.026119 
0.027940 
0.019857 
0.017992 
0.013915 
0.015012 
0.011710 
0.012749 
0.012331 
0.010775 
0.010564 
0.009094 
0.008367 
0.008486 
0.008656 
0.008331 
0.009204 
0.009002 
0.007782 
0.010183 
0.009268 
0.008687 
0.007999 
0.008197 
0.006430 
0.006844 
0.006880 
0.005098 
0.005120 
0.004425 
0.003428 
0.003166 
0.002302 
0.002092 
0.001544 
0.001034 
0.000452 
0.000263 
0.000196 
0.000113 
0.000045 
0.000015 
0.000000 
0.000000 
0.000000 
0.000000 
0.000000 
0.000000 
0.000000 
0.000000 
0.000000 
0.000000 
0.000000 
0.000000 
0.000000 
0.000000 
0.000000 
0.000000 
0.000000 
0.000000 
0.000000 
0.000000 
0.000000 
0.000000 
0.000000 
0.000000 
0.000000 
0.000000 
0.000000 
0.000000 
0.000000 
0.000000 
0.000000 
0.000000 
0.000000 
0.000000 
0.000000 
0.000000 
0.000000 
0.000000 
0.000000 
0.000000 
0.000000 
0.000000 
0.000000 
0.000000 
0.000000 
0.000000 
0.000000 
0.000000 
0.000000 
0.000000 
0.000000 
0.000000 
0.000000 
0.000000 
0.000000 
0.000000 
0.000000 
0.000000 
0.000000 
0.000000 
0.000000 
0.000000 
0.000000 
0.000000 
0.000000 
0.000000 
0.000000 
0.000000 
0.000000 
0.000000 
0.000000 
0.000000 
0.000000 
0.000000 
0.000000 
0.000000 
0.000000 
0.000000 
0.000000 
0.000000 
0.000000 
0.000000 
0.000000 
0.000000 
0.000000 
0.000000 
0.000000 
0.000000 
0.000000 
0.000000 
0.000000 
0.000000 
0.000000 
0.000000 
0.000000 
0.000000 
0.000000 
0.000000 
0.000000 
0.000000 
0.000000 
0.000000 
0.000000 
0.000000 
0.000000 
0.000000 
0.000000 
0.000000 
0.000000 
0.000000 
0.000000 
0.000000 
0.000000 
0.000000 
0.000000 
0.000000 
0.000000 
0.000000 
0.000000 
0.000000 
0.000000 
0.000000 
0.000000 
0.000000 
0.000000 
0.000000 
0.000000 
0.000000 
0.000000 
0.000000 
0.000000 
0.000000 
0.000000 
0.000000 
0.000000 
0.000000 
0.000000 
0.000000 
0.000000 
0.000000 
0.000000 
0.000000 
0.000000 
0.000000 
0.000000 
0.000000 
0.000000 
0.000000 
0.000000 
0.000000 
0.000000 
0.000000 
0.000000 
0.000000 
0.000000 
0.000000 
0.000000 
0.000000 
0.000000 
0.000000 
0.000000 
0.000000 
0.000000 
0.000000 
0.000000 
0.000000 
0.000000 
0.000000 
0.000000 
0.000000 
0.000000 
0.000000 
0.000000 
0.000000 
0.000000 
0.000000 
0.000000 
0.000000 
0.000000 
0.000000 
0.000000 
0.000000 
0.000000 
0.000000 
0.000000 
0.000000 
0.000000 
0.000000 
0.000000 
0.000000 
0.000000 
