0.000000 
0.000000 
0.000000 
0.000000 
0.000000 
0.000000 
0.000000 
0.000000 
0.000000 
0.000000 
0.000000 
0.000000 
0.000000 
0.000000 
0.000000 
0.000000 
0.000000 
0.000000 
0.000000 
0.000000 
0.000000 
0.000000 
0.000000 
0.000000 
0.000000 
0.000000 
0.000000 
0.000000 
0.000000 
0.000000 
0.000000 
0.000000 
0.000000 
0.000000 
0.000000 
0.000000 
0.000000 
0.000000 
0.000000 
0.000000 
0.000000 
0.000000 
0.000000 
0.000000 
0.000000 
0.000000 
0.000000 
0.000000 
0.000000 
0.000000 
0.000000 
0.000000 
0.000000 
0.000000 
0.000000 
0.000000 
0.000000 
0.000000 
0.000000 
0.000000 
0.000000 
0.000000 
0.000000 
0.000000 
0.000000 
0.000000 
0.000000 
0.000000 
0.000000 
0.000000 
0.000000 
0.000000 
0.000000 
0.000000 
0.000000 
0.000000 
0.000000 
0.000000 
0.000000 
0.000000 
0.000000 
0.000000 
0.000000 
0.000000 
0.000000 
0.000000 
0.000000 
0.000000 
0.000000 
0.000000 
0.000000 
0.000000 
0.000000 
0.000000 
0.000000 
0.000000 
0.000000 
0.000000 
0.000000 
0.000000 
0.000000 
0.000000 
0.000000 
0.000000 
0.000000 
0.000000 
0.000000 
0.000000 
0.000000 
0.000000 
0.000000 
0.000000 
0.000000 
0.000000 
0.000000 
0.000000 
0.000000 
0.000000 
0.000000 
0.000000 
0.000000 
0.000000 
0.000000 
0.000000 
0.000000 
0.000000 
0.000000 
0.000000 
0.000000 
0.000000 
0.000000 
0.000000 
0.000000 
0.000000 
0.000000 
0.000000 
0.000000 
0.000000 
0.000000 
0.000000 
0.000000 
0.000000 
0.000000 
0.000000 
0.000000 
0.000000 
0.000000 
0.000000 
0.000000 
0.000000 
0.000000 
0.000000 
0.000000 
0.000000 
0.000000 
0.000000 
0.000000 
0.000000 
0.000000 
0.000000 
0.000000 
0.000000 
0.000000 
0.000000 
0.000000 
0.000000 
0.000000 
0.000000 
0.000000 
0.000000 
0.000000 
0.000000 
0.000000 
0.000000 
0.000000 
0.000000 
0.000000 
0.000000 
0.000000 
0.000000 
0.000000 
0.000000 
0.000000 
0.000000 
0.000000 
0.000000 
0.000000 
0.000000 
0.000000 
0.000000 
0.000000 
0.000000 
0.000000 
0.000000 
0.000000 
0.000000 
0.000000 
0.000000 
0.000000 
0.000000 
0.000000 
0.000000 
0.000000 
0.000000 
0.000000 
0.000000 
0.000000 
0.000000 
0.000000 
0.000000 
0.000000 
0.000000 
0.000000 
0.000000 
0.000000 
0.000000 
0.000000 
0.000000 
0.000000 
0.000000 
0.000000 
0.000000 
0.000000 
0.000000 
0.000000 
0.000040 
0.000197 
0.000407 
0.000563 
0.000814 
0.001332 
0.001706 
0.001989 
0.003108 
0.003525 
0.004231 
0.004905 
0.006598 
0.007915 
0.009049 
0.011000 
0.015156 
0.017350 
0.019312 
0.023340 
0.027276 
0.029501 
0.027098 
0.032828 
0.032304 
0.030122 
0.031249 
0.027678 
0.033052 
0.026955 
0.033969 
0.029467 
0.027334 
0.024258 
0.027584 
0.026049 
0.028047 
0.037561 
0.029293 
0.029337 
0.033757 
0.025923 
0.033494 
0.039596 
0.035700 
0.050736 
0.048666 
0.046354 
0.042519 
0.059838 
0.056516 
0.067607 
0.062034 
0.056989 
0.070428 
0.063571 
0.068116 
0.060272 
0.067997 
0.073922 
0.065867 
0.061714 
0.071454 
0.067768 
0.064055 
0.072881 
0.093866 
0.083800 
0.076297 
0.077369 
0.086213 
0.087716 
0.071044 
0.092847 
0.086723 
0.080570 
0.088365 
0.100736 
0.091868 
0.090399 
0.103121 
0.093827 
0.088078 
0.088861 
0.123940 
0.116144 
0.091784 
0.081350 
0.118038 
0.142213 
0.099454 
0.095408 
0.097181 
0.111441 
0.125097 
0.154497 
0.130147 
0.134593 
0.145246 
0.175763 
0.137975 
0.148016 
0.158756 
0.191066 
0.192232 
0.166345 
0.179544 
0.253678 
0.243156 
0.269365 
0.254800 
0.322195 
0.351056 
0.316324 
0.346020 
0.278578 
0.335428 
0.268062 
0.331777 
0.258411 
0.275628 
0.295240 
0.289567 
0.299818 
0.296662 
0.323254 
0.325584 
0.327741 
0.306028 
0.326937 
0.374132 
0.336655 
0.362005 
0.337284 
0.381416 
0.389508 
0.446928 
0.538701 
0.575039 
0.546168 
0.629014 
0.599848 
0.587660 
0.675655 
0.689529 
0.579947 
0.650962 
1.041428 
0.949413 
1.001903 
0.979822 
0.861013 
0.890157 
0.904316 
0.637960 
0.653761 
0.726804 
0.654211 
0.710028 
0.798317 
0.687152 
0.815292 
0.866994 
0.701782 
0.677470 
0.615026 
0.731233 
0.624177 
0.731446 
0.667532 
0.689342 
0.815609 
0.630081 
0.689422 
0.728531 
0.700394 
0.845462 
0.861216 
0.958218 
1.061940 
0.741479 
1.043963 
1.023647 
0.960866 
0.808924 
0.775452 
0.715018 
0.753562 
0.896038 
0.802947 
0.758719 
0.966812 
0.879151 
0.807451 
0.908908 
1.015245 
1.052286 
1.125926 
1.055230 
1.315497 
0.879961 
1.071624 
1.235056 
1.048493 
0.887536 
0.926080 
1.194912 
1.273552 
1.395836 
1.318365 
1.521341 
1.441863 
1.586337 
1.408730 
1.719102 
1.416532 
1.449814 
1.413359 
1.590539 
1.434880 
1.694178 
2.019280 
1.449051 
1.835107 
1.273882 
1.742900 
1.630902 
1.873202 
1.673181 
1.667644 
1.925004 
1.915958 
1.991839 
1.908602 
1.790747 
1.677308 
1.829671 
1.372977 
1.623143 
1.418154 
1.204819 
1.113730 
0.754757 
0.615907 
0.590386 
0.714675 
0.902303 
1.363214 
1.410855 
1.301240 
1.416537 
1.571856 
1.632554 
2.046848 
1.500435 
1.495418 
1.531295 
1.614753 
1.706061 
1.405511 
1.790648 
1.976878 
1.588702 
1.662560 
1.703855 
1.728648 
1.776057 
1.326514 
1.819266 
1.865710 
1.974493 
1.603055 
1.452247 
1.632389 
1.789904 
1.862759 
1.411089 
1.773561 
1.121153 
1.185282 
1.241139 
1.317322 
1.813744 
2.093441 
2.360291 
1.961631 
1.494854 
1.249589 
1.134004 
0.983068 
0.673298 
0.557672 
0.498713 
0.282698 
0.268862 
0.335932 
0.705539 
0.928972 
1.230900 
1.369781 
1.428151 
1.813942 
1.713777 
2.380301 
1.760048 
1.703505 
2.077872 
2.404080 
2.054177 
1.902886 
1.894642 
2.113315 
2.418826 
1.841590 
2.229753 
1.967713 
2.391124 
1.859426 
2.133520 
2.494891 
2.185175 
1.923353 
2.395504 
1.849731 
2.306854 
2.083300 
2.207007 
1.706824 
2.077330 
2.350332 
2.210012 
2.121932 
2.223998 
2.179673 
2.198300 
2.345599 
2.124891 
2.250783 
2.251763 
2.096636 
2.205564 
1.887739 
2.214922 
2.435765 
2.484826 
2.184080 
2.457697 
2.274498 
2.212235 
2.538912 
2.315736 
2.230670 
2.478158 
2.680786 
2.550458 
2.760822 
2.464374 
2.346024 
2.532920 
2.186075 
1.689413 
2.403264 
2.129421 
2.271176 
2.332428 
2.583484 
2.496729 
2.203556 
2.742728 
2.102494 
2.126213 
2.561561 
1.637843 
1.508615 
1.502476 
1.403083 
1.617027 
1.779979 
1.949793 
1.835248 
2.114691 
1.821666 
2.287662 
2.454672 
2.827727 
2.422097 
2.569047 
2.567855 
1.713186 
2.147675 
2.023331 
1.804343 
1.819853 
2.004913 
1.459965 
1.656066 
1.336150 
1.100830 
1.234229 
1.164674 
1.410754 
1.586837 
1.827435 
3.088769 
2.926752 
2.869828 
3.350286 
2.450088 
2.923321 
2.445313 
2.386549 
2.013341 
1.800129 
1.719149 
1.590077 
1.786756 
1.847770 
2.695876 
2.669711 
2.740918 
2.226840 
2.907627 
2.624436 
2.872554 
2.413183 
2.362368 
2.176841 
2.071761 
1.813582 
2.428754 
2.333709 
2.452037 
2.667980 
2.531032 
3.081227 
2.995373 
2.653557 
2.122022 
1.737194 
2.115412 
1.680694 
1.192345 
0.661744 
0.756767 
0.532673 
0.610435 
0.462737 
0.535205 
0.550486 
0.473992 
0.656473 
1.146977 
1.520545 
1.807632 
2.302693 
2.000030 
2.613545 
2.624790 
3.211911 
3.056791 
3.232493 
2.925384 
2.955237 
2.466764 
3.124586 
3.051937 
2.833541 
2.354435 
2.407448 
3.565352 
2.390088 
3.421330 
2.694350 
2.945877 
2.860324 
3.053080 
2.490982 
3.267119 
2.300684 
3.016933 
2.472304 
1.752231 
1.513194 
0.898769 
0.665198 
0.728535 
0.938093 
0.982052 
1.135215 
1.435303 
1.657493 
1.209233 
1.498018 
1.669420 
1.673412 
1.209989 
1.409506 
1.372322 
1.176409 
1.010171 
1.151136 
1.301659 
1.519677 
1.973499 
1.845316 
2.423620 
2.205126 
2.259421 
2.439265 
2.657630 
2.182646 
1.810607 
1.401060 
1.307137 
1.054833 
1.037685 
1.463928 
1.263043 
1.329403 
1.227496 
1.236517 
1.022027 
1.195841 
1.054630 
1.175980 
0.772934 
1.209852 
1.080291 
1.308035 
1.090176 
1.498601 
1.514158 
1.477828 
1.610382 
1.988844 
1.513003 
2.128086 
2.453640 
2.399976 
2.834286 
2.241090 
2.968957 
2.369229 
2.144279 
2.353161 
1.709234 
2.026599 
1.527619 
1.411835 
1.011513 
0.822695 
0.958473 
0.766109 
0.723647 
0.731925 
0.855238 
0.938206 
1.245887 
1.669446 
1.682206 
2.089789 
2.539430 
2.797932 
2.427425 
2.727001 
2.527416 
3.249459 
2.914998 
2.801545 
2.368521 
2.588354 
2.996858 
2.586780 
2.445990 
3.038405 
1.970889 
2.674259 
2.486524 
2.521229 
3.186862 
2.339300 
2.504992 
2.792776 
2.587675 
2.924592 
2.862530 
2.864448 
2.598978 
3.129823 
2.804846 
2.795375 
2.840453 
2.617562 
2.806110 
3.271029 
2.640060 
3.135140 
2.955283 
2.779628 
2.489747 
2.552612 
2.382621 
2.137730 
2.470987 
2.333550 
2.399250 
1.955716 
2.404898 
2.623792 
2.854541 
2.635146 
2.363270 
2.405740 
2.926662 
2.685240 
2.315267 
2.725930 
2.193675 
2.310540 
2.314786 
2.644993 
2.593979 
2.445465 
2.457386 
2.295315 
2.253099 
2.564416 
2.441403 
2.531151 
1.994004 
1.777970 
2.119576 
1.615756 
1.537250 
1.343486 
1.739753 
2.125435 
2.471866 
2.582230 
2.273892 
2.684605 
2.589076 
2.382815 
2.192102 
2.812403 
2.675567 
3.037083 
2.549412 
2.484746 
2.030514 
2.184817 
2.282673 
2.353216 
2.498159 
2.937276 
2.837343 
2.201010 
2.001245 
1.997866 
2.041160 
2.134803 
1.740280 
2.264568 
1.985805 
1.636896 
1.756326 
1.564797 
1.878416 
1.608194 
1.831818 
1.641882 
2.173663 
1.560799 
1.653372 
1.940613 
2.284372 
2.047483 
1.587180 
1.812373 
2.016761 
1.442750 
1.399365 
1.171090 
0.892841 
0.696562 
0.711994 
0.617264 
0.546476 
0.762123 
0.687455 
0.688794 
0.632335 
0.596971 
0.601920 
0.613718 
0.662611 
0.509410 
0.500995 
0.656154 
0.695004 
0.823205 
0.788012 
1.044518 
1.398498 
1.356883 
1.430765 
1.642047 
1.700341 
1.879316 
1.871416 
1.817640 
2.096489 
1.701201 
1.928244 
1.852629 
1.663642 
1.470908 
1.281074 
1.188905 
1.030104 
1.116974 
1.096975 
0.922693 
1.339864 
0.944037 
1.202098 
0.989024 
1.411293 
1.076888 
1.167714 
1.473992 
1.179492 
1.670930 
1.764374 
2.163890 
1.426051 
2.141755 
2.097430 
2.438286 
1.780917 
1.952450 
1.610961 
1.735678 
1.289533 
1.187458 
1.109772 
1.302925 
1.403944 
1.049591 
1.093516 
1.218342 
1.374081 
1.132253 
1.274142 
1.144049 
1.107731 
1.213286 
1.265415 
1.454786 
1.346905 
1.545794 
1.432785 
1.703323 
1.560117 
1.317384 
1.350458 
1.306655 
1.164311 
1.013845 
0.895106 
0.889096 
1.100773 
1.237201 
1.304016 
1.201755 
1.408420 
1.045533 
0.809062 
0.648620 
0.749485 
0.429926 
0.661924 
0.839971 
0.705684 
0.806976 
0.774279 
0.808289 
0.747056 
0.822087 
0.788530 
0.762130 
0.663775 
0.793507 
0.504866 
0.662109 
0.660567 
0.774474 
0.726965 
0.669649 
0.556033 
0.606711 
0.526804 
0.503634 
0.400296 
0.446510 
0.378928 
0.338040 
0.356865 
0.292694 
0.315242 
0.326511 
0.328553 
0.247219 
0.264366 
0.282575 
0.236650 
0.270297 
0.304668 
0.262146 
0.276769 
0.266336 
0.234880 
0.262090 
0.218447 
0.214404 
0.273291 
0.257315 
0.311337 
0.257014 
0.308530 
0.321366 
0.288500 
0.310230 
0.319084 
0.316037 
0.325215 
0.328986 
0.352980 
0.357733 
0.376983 
0.394342 
0.390358 
0.507421 
0.367249 
0.400565 
0.420737 
0.487135 
0.481195 
0.475680 
0.428836 
0.427662 
0.475567 
0.493355 
0.445927 
0.395530 
0.411375 
0.391746 
0.487928 
0.451086 
0.640118 
0.578184 
0.535623 
0.512636 
0.605625 
0.621644 
0.642300 
0.868136 
0.966629 
0.930074 
1.074596 
1.162273 
1.169442 
0.985648 
0.962670 
0.806662 
0.821110 
0.770494 
0.604997 
0.440373 
0.456976 
0.389142 
0.476051 
0.410408 
0.355059 
0.427967 
0.393238 
0.342240 
0.342287 
0.238223 
0.257323 
0.248307 
0.231986 
0.214648 
0.203764 
0.166547 
0.243720 
0.158635 
0.179172 
0.188046 
0.194367 
0.162426 
0.201629 
0.201601 
0.161335 
0.188902 
0.199326 
0.192065 
0.199060 
0.189312 
0.162148 
0.186958 
0.188521 
0.172616 
0.164227 
0.181372 
0.179604 
0.197202 
0.188388 
0.178424 
0.225193 
0.216084 
0.207158 
0.155656 
0.182051 
0.157975 
0.175760 
0.174578 
0.153330 
0.134894 
0.127718 
0.121764 
0.127109 
0.116553 
0.101345 
0.098611 
0.095383 
0.093187 
0.080902 
0.074792 
0.078596 
0.075620 
0.077609 
0.073467 
0.076099 
0.070508 
0.082090 
0.086118 
0.070727 
0.070333 
0.065168 
0.060240 
0.053426 
0.040173 
0.046299 
0.043882 
0.053390 
0.046502 
0.033682 
0.040631 
0.039905 
0.033109 
0.028515 
0.024937 
0.021992 
0.020466 
0.020088 
0.017075 
0.015158 
0.019526 
0.017361 
0.017306 
0.014352 
0.017474 
0.018365 
0.018976 
0.018394 
0.022223 
0.018955 
0.015811 
0.021934 
0.019433 
0.020631 
0.014657 
0.015841 
0.016379 
0.013610 
0.013800 
0.010905 
0.008807 
0.008178 
0.010838 
0.006738 
0.006516 
0.007242 
0.007057 
0.006433 
0.006583 
0.006608 
0.006523 
0.006288 
0.007423 
0.004861 
0.005826 
0.006815 
0.007254 
0.006365 
0.005543 
0.005205 
0.004364 
0.004892 
0.004058 
0.002832 
0.003138 
0.002455 
0.001832 
0.002149 
0.001393 
0.000863 
0.000474 
0.000247 
0.000156 
0.000083 
0.000038 
0.000010 
0.000000 
0.000000 
0.000000 
0.000000 
0.000000 
0.000000 
0.000000 
0.000000 
0.000000 
0.000000 
0.000000 
0.000000 
0.000000 
0.000000 
0.000000 
0.000000 
0.000000 
0.000000 
0.000000 
0.000000 
0.000000 
0.000000 
0.000000 
0.000000 
0.000000 
0.000000 
0.000000 
0.000000 
0.000000 
0.000000 
0.000000 
0.000000 
0.000000 
0.000000 
0.000000 
0.000000 
0.000000 
0.000000 
0.000000 
0.000000 
0.000000 
0.000000 
0.000000 
0.000000 
0.000000 
0.000000 
0.000000 
0.000000 
0.000000 
0.000000 
0.000000 
0.000000 
0.000000 
0.000000 
0.000000 
0.000000 
0.000000 
0.000000 
0.000000 
0.000000 
0.000000 
0.000000 
0.000000 
0.000000 
0.000000 
0.000000 
0.000000 
0.000000 
0.000000 
0.000000 
0.000000 
0.000000 
0.000000 
0.000000 
0.000000 
0.000000 
0.000000 
0.000000 
0.000000 
0.000000 
0.000000 
0.000000 
0.000000 
0.000000 
0.000000 
0.000000 
0.000000 
0.000000 
0.000000 
0.000000 
0.000000 
0.000000 
0.000000 
0.000000 
0.000000 
0.000000 
0.000000 
0.000000 
0.000000 
0.000000 
0.000000 
0.000000 
0.000000 
0.000000 
0.000000 
0.000000 
0.000000 
0.000000 
0.000000 
0.000000 
0.000000 
0.000000 
0.000000 
0.000000 
0.000000 
0.000000 
0.000000 
0.000000 
0.000000 
0.000000 
0.000000 
0.000000 
0.000000 
0.000000 
0.000000 
0.000000 
0.000000 
0.000000 
0.000000 
0.000000 
0.000000 
0.000000 
0.000000 
0.000000 
0.000000 
0.000000 
0.000000 
0.000000 
0.000000 
0.000000 
0.000000 
0.000000 
0.000000 
0.000000 
0.000000 
0.000000 
0.000000 
0.000000 
0.000000 
0.000000 
0.000000 
0.000000 
0.000000 
0.000000 
0.000000 
0.000000 
0.000000 
0.000000 
0.000000 
0.000000 
0.000000 
0.000000 
0.000000 
0.000000 
0.000000 
0.000000 
0.000000 
0.000000 
0.000000 
0.000000 
0.000000 
0.000000 
0.000000 
0.000000 
0.000000 
0.000000 
0.000000 
0.000000 
0.000000 
0.000000 
0.000000 
0.000000 
0.000000 
0.000000 
0.000000 
0.000000 
0.000000 
0.000000 
0.000000 
0.000000 
0.000000 
