0.000000 
0.000000 
0.000000 
0.000000 
0.000000 
0.000000 
0.000000 
0.000000 
0.000000 
0.000000 
0.000000 
0.000000 
0.000000 
0.000000 
0.000000 
0.000000 
0.000000 
0.000000 
0.000000 
0.000000 
0.000000 
0.000000 
0.000000 
0.000000 
0.000000 
0.000000 
0.000000 
0.000000 
0.000000 
0.000000 
0.000000 
0.000000 
0.000000 
0.000000 
0.000000 
0.000000 
0.000000 
0.000000 
0.000000 
0.000000 
0.000000 
0.000000 
0.000000 
0.000000 
0.000000 
0.000000 
0.000000 
0.000000 
0.000000 
0.000000 
0.000000 
0.000000 
0.000000 
0.000000 
0.000000 
0.000000 
0.000000 
0.000000 
0.000000 
0.000000 
0.000000 
0.000000 
0.000000 
0.000000 
0.000000 
0.000000 
0.000000 
0.000000 
0.000000 
0.000000 
0.000000 
0.000000 
0.000000 
0.000000 
0.000000 
0.000000 
0.000000 
0.000000 
0.000000 
0.000000 
0.000000 
0.000000 
0.000000 
0.000000 
0.000000 
0.000000 
0.000000 
0.000000 
0.000000 
0.000000 
0.000000 
0.000000 
0.000000 
0.000000 
0.000000 
0.000000 
0.000000 
0.000000 
0.000000 
0.000000 
0.000000 
0.000000 
0.000000 
0.000000 
0.000000 
0.000000 
0.000000 
0.000000 
0.000000 
0.000000 
0.000000 
0.000000 
0.000000 
0.000000 
0.000000 
0.000000 
0.000000 
0.000000 
0.000000 
0.000000 
0.000000 
0.000000 
0.000000 
0.000000 
0.000000 
0.000000 
0.000000 
0.000000 
0.000000 
0.000000 
0.000000 
0.000000 
0.000000 
0.000000 
0.000000 
0.000000 
0.000000 
0.000000 
0.000000 
0.000000 
0.000000 
0.000000 
0.000000 
0.000000 
0.000000 
0.000000 
0.000000 
0.000000 
0.000000 
0.000000 
0.000000 
0.000000 
0.000000 
0.000000 
0.000000 
0.000000 
0.000000 
0.000000 
0.000000 
0.000000 
0.000000 
0.000000 
0.000000 
0.000000 
0.000000 
0.000000 
0.000000 
0.000000 
0.000000 
0.000000 
0.000000 
0.000000 
0.000000 
0.000000 
0.000000 
0.000000 
0.000000 
0.000000 
0.000000 
0.000000 
0.000000 
0.000000 
0.000000 
0.000000 
0.000000 
0.000000 
0.000000 
0.000000 
0.000000 
0.000000 
0.000000 
0.000000 
0.000000 
0.000000 
0.000000 
0.000000 
0.000000 
0.000000 
0.000000 
0.000000 
0.000000 
0.000000 
0.000000 
0.000000 
0.000000 
0.000000 
0.000000 
0.000000 
0.000000 
0.000000 
0.000000 
0.000000 
0.000000 
0.000000 
0.000000 
0.000000 
0.000000 
0.000000 
0.000000 
0.000000 
0.000000 
0.000000 
0.000000 
0.000000 
0.000000 
0.000059 
0.000229 
0.000550 
0.000845 
0.001235 
0.001732 
0.002053 
0.003097 
0.003670 
0.004755 
0.005973 
0.007337 
0.009478 
0.011179 
0.012720 
0.014682 
0.020099 
0.026928 
0.022524 
0.028114 
0.027572 
0.031722 
0.039337 
0.036556 
0.041018 
0.039707 
0.041781 
0.039556 
0.041822 
0.043484 
0.031842 
0.041356 
0.041659 
0.043662 
0.036399 
0.041884 
0.039570 
0.034593 
0.038323 
0.042907 
0.046140 
0.044347 
0.041385 
0.050228 
0.048566 
0.059288 
0.055302 
0.063723 
0.066758 
0.072047 
0.076247 
0.087765 
0.085658 
0.092061 
0.091111 
0.071087 
0.092745 
0.085523 
0.097550 
0.094062 
0.090478 
0.098800 
0.097186 
0.120692 
0.087449 
0.095033 
0.097690 
0.109121 
0.106351 
0.126104 
0.119721 
0.114565 
0.107529 
0.134459 
0.122942 
0.111118 
0.132271 
0.125409 
0.138560 
0.124283 
0.128564 
0.118134 
0.152359 
0.116620 
0.111958 
0.148708 
0.145048 
0.138658 
0.137623 
0.141110 
0.125826 
0.151424 
0.180685 
0.188314 
0.159694 
0.189960 
0.178901 
0.193129 
0.168486 
0.171194 
0.202854 
0.216853 
0.231462 
0.239060 
0.254196 
0.260975 
0.283109 
0.357136 
0.335866 
0.389233 
0.412256 
0.386446 
0.350304 
0.311997 
0.444563 
0.470150 
0.361959 
0.409587 
0.376808 
0.352068 
0.323764 
0.283796 
0.377588 
0.401199 
0.454361 
0.462249 
0.418890 
0.448113 
0.435665 
0.475148 
0.445470 
0.492241 
0.430675 
0.415494 
0.537760 
0.597774 
0.587372 
0.669234 
0.728320 
0.797157 
0.610713 
0.711551 
0.912499 
0.996047 
0.712333 
0.987603 
1.044733 
0.983883 
1.108676 
1.106184 
1.366435 
1.313822 
0.987356 
1.098270 
0.977749 
1.130480 
1.026201 
1.060143 
0.953276 
0.993552 
0.979427 
0.778514 
1.036080 
1.149152 
1.056805 
1.180246 
1.004987 
1.045188 
0.841417 
0.924889 
0.798157 
0.919102 
0.865418 
1.005249 
0.877462 
1.015658 
1.131634 
1.170792 
1.256168 
1.154944 
1.076210 
1.331822 
1.240335 
1.121056 
1.241302 
1.191506 
1.278969 
0.919245 
0.942772 
0.970734 
0.992544 
0.902934 
1.170177 
1.209912 
1.092736 
1.187226 
1.544141 
1.398335 
1.680536 
1.216381 
1.538067 
1.299341 
1.678631 
1.528189 
1.375410 
1.479792 
1.579925 
1.616762 
1.843265 
1.813839 
1.567105 
1.821892 
2.169649 
2.000723 
1.919463 
1.810776 
1.520462 
1.693596 
1.646482 
2.363266 
2.155499 
1.994264 
1.665773 
1.965985 
2.650199 
2.067998 
2.314940 
2.236530 
2.315516 
2.210457 
2.193092 
1.959471 
2.477258 
2.701992 
2.544475 
2.729691 
2.300655 
2.288976 
2.462498 
2.021164 
1.505598 
1.592691 
0.995230 
0.901895 
0.819494 
0.855835 
1.142358 
1.564919 
1.861021 
1.768976 
1.853439 
1.909366 
2.169149 
2.103390 
2.306318 
2.138560 
2.518273 
1.908887 
2.307575 
2.293289 
2.099379 
2.503518 
2.341566 
2.225715 
2.184266 
2.058529 
2.312268 
2.294346 
2.316430 
2.358988 
2.837796 
1.969160 
2.181431 
2.593382 
2.431823 
2.427078 
1.942374 
1.809982 
2.097995 
2.074272 
1.689860 
2.101576 
2.515426 
2.187693 
2.431854 
2.509766 
2.272854 
1.925091 
1.525545 
1.034510 
0.903126 
0.861124 
0.553532 
0.429875 
0.348147 
0.468087 
0.648314 
1.201467 
1.653099 
1.815618 
1.920153 
2.165513 
2.359481 
2.115382 
2.665201 
2.540051 
2.161895 
2.732880 
2.647395 
3.019354 
2.814386 
3.129952 
2.543343 
2.999464 
2.751880 
2.735560 
2.644573 
2.683573 
2.953090 
2.740154 
3.302788 
2.902930 
2.810532 
2.886708 
2.481641 
3.047709 
2.986105 
3.182528 
3.349455 
2.841233 
3.382810 
2.820947 
3.004569 
3.304568 
2.770488 
2.804380 
2.389036 
2.594193 
2.619263 
3.089814 
3.346263 
2.564451 
3.036667 
2.966295 
3.164214 
3.216905 
2.829508 
3.008829 
2.914588 
2.226085 
3.313011 
3.541018 
3.700600 
3.592643 
3.462033 
3.429795 
3.223391 
3.221300 
2.670563 
2.740997 
3.574868 
3.077830 
3.517906 
3.099743 
3.550730 
3.328805 
3.174512 
3.187790 
3.303505 
3.434682 
3.429245 
3.134084 
2.408851 
1.814082 
1.838116 
1.752189 
1.823964 
2.222990 
2.779075 
2.884813 
2.698814 
2.945530 
3.189507 
3.220580 
2.936847 
3.283647 
4.222336 
3.029921 
3.615817 
3.276868 
3.592984 
2.587255 
3.003398 
2.285565 
2.056249 
2.166997 
1.733384 
1.475804 
1.659971 
1.712650 
1.818836 
2.613171 
2.924617 
4.149411 
3.752200 
3.979219 
4.326186 
3.373611 
3.537944 
3.337620 
3.140005 
2.773302 
2.021109 
1.705547 
2.296892 
2.415544 
2.655529 
2.661030 
3.834187 
4.127675 
3.803492 
4.007368 
3.673911 
3.308068 
2.950817 
3.546306 
3.555842 
3.187830 
3.427419 
3.258694 
3.368604 
3.237495 
3.923211 
3.965306 
3.466394 
3.691724 
3.307142 
2.983363 
2.987496 
2.163680 
2.598563 
1.684179 
1.153985 
0.843980 
0.862512 
0.641123 
0.661596 
0.738677 
0.821554 
0.768856 
0.729921 
1.492710 
2.224857 
2.406186 
3.305401 
3.035415 
3.567638 
3.528015 
4.129810 
3.528350 
3.247010 
3.988393 
3.832690 
3.750365 
3.525815 
3.919577 
4.710830 
3.875358 
3.485414 
3.709428 
3.282005 
3.248842 
3.306845 
3.930361 
3.593524 
3.729085 
4.447162 
3.570831 
2.900298 
4.504307 
2.733563 
2.433700 
1.952674 
1.291004 
0.933001 
0.959916 
1.287558 
1.124909 
1.574252 
1.772684 
1.712046 
1.942797 
2.036897 
2.197154 
2.313502 
2.166311 
1.795277 
1.584737 
1.366301 
1.358017 
1.300370 
1.567304 
2.136633 
2.174537 
2.319695 
2.402798 
2.234150 
3.022759 
3.086504 
3.189057 
3.467725 
2.554550 
2.029020 
1.592026 
1.611203 
1.340285 
1.503148 
1.605096 
1.632159 
1.587331 
1.836105 
1.669385 
1.267025 
1.122307 
1.425040 
1.290020 
1.438784 
1.503664 
1.570740 
1.695406 
1.834641 
1.758160 
2.277119 
2.311369 
2.430395 
2.655143 
2.219867 
3.317762 
3.920903 
3.887099 
3.444942 
3.814113 
3.329978 
3.023830 
3.533671 
3.325471 
2.428745 
1.967730 
1.628613 
1.401106 
1.219027 
1.136664 
1.088014 
1.032228 
0.972716 
1.041017 
1.411016 
1.551273 
2.035204 
2.268773 
2.652858 
2.368853 
3.856361 
3.331927 
3.574857 
4.110407 
3.818582 
3.787041 
3.580160 
4.184848 
3.654284 
3.368122 
3.641832 
2.664138 
3.777932 
3.723520 
3.470991 
4.250591 
3.315800 
3.153026 
3.511329 
3.548716 
3.631266 
3.719473 
3.358896 
3.688871 
3.233094 
3.988125 
3.938119 
4.115375 
4.218435 
4.204278 
3.401060 
4.581389 
4.341154 
3.215068 
3.646263 
3.314779 
4.242012 
3.239538 
3.068098 
3.129415 
2.998931 
3.299000 
2.484295 
2.265148 
3.193381 
3.424036 
2.874404 
3.073082 
3.238922 
3.679984 
3.431760 
3.473405 
3.374044 
4.356175 
3.454428 
3.389298 
4.357167 
2.983333 
2.988006 
3.478848 
2.665158 
3.373918 
3.232050 
3.359775 
3.097553 
2.919850 
3.178905 
2.354200 
2.015612 
1.957233 
2.386048 
2.070229 
2.368905 
2.371133 
2.428218 
2.897855 
3.075325 
3.022681 
3.110860 
3.093120 
3.227336 
2.562033 
3.498856 
3.485552 
3.441593 
3.090104 
2.804468 
3.593274 
3.048828 
2.347454 
2.805790 
3.910333 
3.110967 
3.365718 
3.570127 
2.834595 
2.653327 
2.198863 
2.445537 
2.665336 
2.253425 
2.229700 
2.446970 
2.349496 
2.407317 
2.419531 
2.374360 
2.629524 
2.228054 
2.340501 
2.776445 
2.532658 
3.139514 
2.837082 
2.733675 
2.980380 
2.896626 
2.762076 
2.450097 
2.023551 
1.566685 
1.013795 
1.151131 
0.960759 
0.784098 
0.879671 
0.885241 
0.841773 
0.841473 
0.849747 
0.646717 
0.811315 
0.855691 
0.890172 
0.865815 
0.892709 
0.784929 
0.843730 
1.125697 
1.384483 
1.426256 
1.353110 
1.589251 
1.546867 
2.197756 
2.145504 
2.487444 
2.803241 
2.759160 
3.277968 
2.249327 
2.358745 
2.145631 
2.207757 
1.999269 
1.585287 
1.452084 
1.741786 
1.558197 
1.604008 
1.596070 
1.733473 
1.499748 
1.514741 
1.391054 
1.767893 
1.471336 
1.747995 
2.146619 
1.949852 
2.200444 
2.668618 
2.696354 
2.497651 
2.821776 
2.494710 
2.259234 
2.329876 
2.001325 
2.003293 
2.171144 
1.889596 
1.240958 
1.810506 
1.623117 
1.415614 
1.382882 
1.460044 
1.287657 
1.642800 
1.162016 
1.805117 
1.397823 
1.824622 
1.611813 
1.716219 
1.953269 
1.958427 
1.847612 
2.089391 
1.987275 
1.841540 
1.773343 
2.145024 
1.981114 
1.153873 
1.170627 
1.129519 
1.230237 
1.154289 
1.524758 
1.754436 
1.660808 
1.722545 
1.366920 
1.382196 
0.947181 
0.860985 
1.013498 
0.984160 
0.958837 
1.034462 
1.105256 
0.993673 
1.172577 
0.957304 
0.918001 
0.975828 
1.046667 
1.105620 
0.872928 
1.050638 
0.940249 
0.996583 
1.032224 
0.754151 
0.776618 
0.834167 
0.632392 
0.645813 
0.539094 
0.676449 
0.558032 
0.500249 
0.467698 
0.450739 
0.472287 
0.368905 
0.420655 
0.357257 
0.395753 
0.372371 
0.367327 
0.363239 
0.409757 
0.301570 
0.346551 
0.360495 
0.342377 
0.307828 
0.352534 
0.352501 
0.302599 
0.308452 
0.322378 
0.386149 
0.382891 
0.398247 
0.349827 
0.363647 
0.421468 
0.421705 
0.413776 
0.419386 
0.454725 
0.468485 
0.445729 
0.477184 
0.677795 
0.556948 
0.548101 
0.545309 
0.512098 
0.452807 
0.626676 
0.599575 
0.670281 
0.577025 
0.604671 
0.587180 
0.617743 
0.579197 
0.521329 
0.622978 
0.732920 
0.734220 
0.657505 
0.680148 
0.706689 
0.828269 
0.743663 
0.665163 
0.742412 
0.886898 
1.273815 
1.216964 
0.936980 
1.182747 
1.242577 
1.203647 
1.582073 
1.130481 
1.167175 
1.043501 
0.996376 
0.811596 
0.677989 
0.522243 
0.494917 
0.457304 
0.475731 
0.552752 
0.449499 
0.501355 
0.390286 
0.426380 
0.317858 
0.308958 
0.344904 
0.309442 
0.289469 
0.299162 
0.243235 
0.231257 
0.185783 
0.182302 
0.227918 
0.213287 
0.212997 
0.227161 
0.268002 
0.272401 
0.234487 
0.226174 
0.260463 
0.259527 
0.226947 
0.277257 
0.258712 
0.206101 
0.273512 
0.219688 
0.252820 
0.234401 
0.268567 
0.244721 
0.294316 
0.256081 
0.262649 
0.260164 
0.286815 
0.243991 
0.234433 
0.240099 
0.218154 
0.191457 
0.177677 
0.142867 
0.156530 
0.129775 
0.141274 
0.140314 
0.119648 
0.114595 
0.120791 
0.115359 
0.102321 
0.139577 
0.099999 
0.133229 
0.096005 
0.103525 
0.108315 
0.105297 
0.106046 
0.086358 
0.090323 
0.086807 
0.085508 
0.085356 
0.079877 
0.054934 
0.074675 
0.061736 
0.051530 
0.051389 
0.043881 
0.048575 
0.044809 
0.030956 
0.029838 
0.033454 
0.034116 
0.025695 
0.027124 
0.025186 
0.025614 
0.024474 
0.017915 
0.024777 
0.023118 
0.023759 
0.024972 
0.023454 
0.023444 
0.025847 
0.025092 
0.025484 
0.028503 
0.020081 
0.026108 
0.026798 
0.022846 
0.019805 
0.019246 
0.017053 
0.012799 
0.013560 
0.012174 
0.010542 
0.009572 
0.009895 
0.009672 
0.011491 
0.010586 
0.009203 
0.009741 
0.007277 
0.009370 
0.008210 
0.010102 
0.008837 
0.006939 
0.008305 
0.008484 
0.006588 
0.005795 
0.005905 
0.004883 
0.004047 
0.004354 
0.003402 
0.002969 
0.001955 
0.001692 
0.000931 
0.000534 
0.000316 
0.000163 
0.000103 
0.000046 
0.000013 
0.000000 
0.000000 
0.000000 
0.000000 
0.000000 
0.000000 
0.000000 
0.000000 
0.000000 
0.000000 
0.000000 
0.000000 
0.000000 
0.000000 
0.000000 
0.000000 
0.000000 
0.000000 
0.000000 
0.000000 
0.000000 
0.000000 
0.000000 
0.000000 
0.000000 
0.000000 
0.000000 
0.000000 
0.000000 
0.000000 
0.000000 
0.000000 
0.000000 
0.000000 
0.000000 
0.000000 
0.000000 
0.000000 
0.000000 
0.000000 
0.000000 
0.000000 
0.000000 
0.000000 
0.000000 
0.000000 
0.000000 
0.000000 
0.000000 
0.000000 
0.000000 
0.000000 
0.000000 
0.000000 
0.000000 
0.000000 
0.000000 
0.000000 
0.000000 
0.000000 
0.000000 
0.000000 
0.000000 
0.000000 
0.000000 
0.000000 
0.000000 
0.000000 
0.000000 
0.000000 
0.000000 
0.000000 
0.000000 
0.000000 
0.000000 
0.000000 
0.000000 
0.000000 
0.000000 
0.000000 
0.000000 
0.000000 
0.000000 
0.000000 
0.000000 
0.000000 
0.000000 
0.000000 
0.000000 
0.000000 
0.000000 
0.000000 
0.000000 
0.000000 
0.000000 
0.000000 
0.000000 
0.000000 
0.000000 
0.000000 
0.000000 
0.000000 
0.000000 
0.000000 
0.000000 
0.000000 
0.000000 
0.000000 
0.000000 
0.000000 
0.000000 
0.000000 
0.000000 
0.000000 
0.000000 
0.000000 
0.000000 
0.000000 
0.000000 
0.000000 
0.000000 
0.000000 
0.000000 
0.000000 
0.000000 
0.000000 
0.000000 
0.000000 
0.000000 
0.000000 
0.000000 
0.000000 
0.000000 
0.000000 
0.000000 
0.000000 
0.000000 
0.000000 
0.000000 
0.000000 
0.000000 
0.000000 
0.000000 
0.000000 
0.000000 
0.000000 
0.000000 
0.000000 
0.000000 
0.000000 
0.000000 
0.000000 
0.000000 
0.000000 
0.000000 
0.000000 
0.000000 
0.000000 
0.000000 
0.000000 
0.000000 
0.000000 
0.000000 
0.000000 
0.000000 
0.000000 
0.000000 
0.000000 
0.000000 
0.000000 
0.000000 
0.000000 
0.000000 
0.000000 
0.000000 
0.000000 
0.000000 
0.000000 
0.000000 
0.000000 
0.000000 
0.000000 
0.000000 
0.000000 
0.000000 
0.000000 
0.000000 
0.000000 
0.000000 
0.000000 
0.000000 
