0.000000 
0.000000 
0.000000 
0.000000 
0.000000 
0.000000 
0.000000 
0.000000 
0.000000 
0.000000 
0.000000 
0.000000 
0.000000 
0.000000 
0.000000 
0.000000 
0.000000 
0.000000 
0.000000 
0.000000 
0.000000 
0.000000 
0.000000 
0.000000 
0.000000 
0.000000 
0.000000 
0.000000 
0.000000 
0.000000 
0.000000 
0.000000 
0.000000 
0.000000 
0.000000 
0.000000 
0.000000 
0.000000 
0.000000 
0.000000 
0.000000 
0.000000 
0.000000 
0.000000 
0.000000 
0.000000 
0.000000 
0.000000 
0.000000 
0.000000 
0.000000 
0.000000 
0.000000 
0.000000 
0.000000 
0.000000 
0.000000 
0.000000 
0.000000 
0.000000 
0.000000 
0.000000 
0.000000 
0.000000 
0.000000 
0.000000 
0.000000 
0.000000 
0.000000 
0.000000 
0.000000 
0.000000 
0.000000 
0.000000 
0.000000 
0.000000 
0.000000 
0.000000 
0.000000 
0.000000 
0.000000 
0.000000 
0.000000 
0.000000 
0.000000 
0.000000 
0.000000 
0.000000 
0.000000 
0.000000 
0.000000 
0.000000 
0.000000 
0.000000 
0.000000 
0.000000 
0.000000 
0.000000 
0.000000 
0.000000 
0.000000 
0.000000 
0.000000 
0.000000 
0.000000 
0.000000 
0.000000 
0.000000 
0.000000 
0.000000 
0.000000 
0.000000 
0.000000 
0.000000 
0.000000 
0.000000 
0.000000 
0.000000 
0.000000 
0.000000 
0.000000 
0.000000 
0.000000 
0.000000 
0.000000 
0.000000 
0.000000 
0.000000 
0.000000 
0.000000 
0.000000 
0.000000 
0.000000 
0.000000 
0.000000 
0.000000 
0.000000 
0.000000 
0.000000 
0.000000 
0.000000 
0.000000 
0.000000 
0.000000 
0.000000 
0.000000 
0.000000 
0.000000 
0.000000 
0.000000 
0.000000 
0.000000 
0.000000 
0.000000 
0.000000 
0.000000 
0.000000 
0.000000 
0.000000 
0.000000 
0.000000 
0.000000 
0.000000 
0.000000 
0.000000 
0.000000 
0.000000 
0.000000 
0.000000 
0.000000 
0.000000 
0.000000 
0.000000 
0.000000 
0.000000 
0.000000 
0.000000 
0.000000 
0.000000 
0.000000 
0.000000 
0.000000 
0.000000 
0.000000 
0.000000 
0.000000 
0.000000 
0.000000 
0.000000 
0.000000 
0.000000 
0.000000 
0.000000 
0.000000 
0.000000 
0.000000 
0.000000 
0.000000 
0.000000 
0.000000 
0.000000 
0.000000 
0.000000 
0.000000 
0.000000 
0.000000 
0.000000 
0.000000 
0.000000 
0.000000 
0.000000 
0.000000 
0.000000 
0.000000 
0.000000 
0.000000 
0.000000 
0.000000 
0.000000 
0.000000 
0.000000 
0.000000 
0.000000 
0.000000 
0.000000 
0.000068 
0.000288 
0.000547 
0.000786 
0.001127 
0.001330 
0.002179 
0.003545 
0.003430 
0.005001 
0.006094 
0.007226 
0.008869 
0.008446 
0.012607 
0.015292 
0.019574 
0.023781 
0.026270 
0.025126 
0.028192 
0.037177 
0.035535 
0.036207 
0.041473 
0.040866 
0.035207 
0.035771 
0.044319 
0.042529 
0.041070 
0.045097 
0.036586 
0.039392 
0.032067 
0.036993 
0.041713 
0.039771 
0.044137 
0.046394 
0.046372 
0.046583 
0.042971 
0.054506 
0.048492 
0.047369 
0.059237 
0.080838 
0.060905 
0.067343 
0.064040 
0.089114 
0.064325 
0.096006 
0.084962 
0.090151 
0.097013 
0.094573 
0.095659 
0.111602 
0.090621 
0.091690 
0.097301 
0.098381 
0.092617 
0.111615 
0.092907 
0.122015 
0.100986 
0.130919 
0.121312 
0.127388 
0.136563 
0.102485 
0.122148 
0.136326 
0.131421 
0.135044 
0.127263 
0.123092 
0.151163 
0.135530 
0.160167 
0.120151 
0.140179 
0.145670 
0.133356 
0.131244 
0.145579 
0.139964 
0.170400 
0.139690 
0.159902 
0.150287 
0.146047 
0.168342 
0.172568 
0.167211 
0.195920 
0.164057 
0.193824 
0.223194 
0.198493 
0.249891 
0.254333 
0.291235 
0.314210 
0.365446 
0.302862 
0.369154 
0.414221 
0.401742 
0.397248 
0.419781 
0.433583 
0.346291 
0.399623 
0.412668 
0.324602 
0.313373 
0.340934 
0.368740 
0.418278 
0.349599 
0.421622 
0.483505 
0.486682 
0.473299 
0.431377 
0.448285 
0.503884 
0.579083 
0.530007 
0.468955 
0.617238 
0.562319 
0.632330 
0.593555 
0.723909 
0.756439 
0.917823 
0.920794 
0.769109 
0.828332 
0.872666 
1.012344 
1.023193 
1.218252 
0.934311 
1.562670 
1.303788 
1.110354 
1.150778 
1.038653 
0.974223 
1.166490 
1.129710 
1.225589 
1.153999 
1.085479 
0.885063 
1.202959 
0.957054 
1.075677 
1.226876 
1.016349 
0.965109 
0.969191 
1.010102 
0.834618 
1.061693 
0.826053 
0.981341 
0.919006 
0.823576 
1.085100 
1.073535 
1.173155 
1.309519 
1.414437 
1.453629 
1.175727 
1.225547 
1.221219 
1.268972 
1.327309 
0.881547 
0.945419 
0.825207 
1.161933 
0.973570 
1.096184 
1.261902 
1.198575 
1.217835 
1.436987 
1.508581 
1.404226 
1.457029 
1.722965 
1.393296 
1.620733 
1.593099 
1.463638 
1.377205 
1.691996 
1.660835 
1.549861 
1.710750 
1.580466 
1.608854 
1.838985 
1.803022 
1.947303 
1.757068 
2.113659 
2.104106 
2.336969 
1.798542 
2.047564 
2.066949 
2.063745 
2.154487 
2.368573 
2.167098 
2.081890 
2.439374 
2.217538 
2.112686 
2.384094 
2.160996 
2.368384 
2.181405 
2.827818 
2.799034 
2.133106 
2.455332 
2.403521 
2.432265 
2.189982 
1.970189 
1.210582 
0.904195 
1.056938 
0.734895 
0.853155 
1.040096 
1.705263 
1.614120 
1.927280 
1.768202 
2.150637 
1.921325 
2.057940 
2.423232 
2.072298 
2.216879 
2.060677 
2.165493 
2.183023 
2.178826 
1.994850 
2.462806 
2.309144 
2.387837 
2.553523 
2.434290 
2.661635 
1.977092 
2.400590 
2.640169 
1.881214 
2.425703 
2.030941 
2.282073 
2.342416 
1.987982 
2.280384 
2.171821 
1.927705 
2.043258 
2.451600 
2.051439 
2.306655 
2.593711 
2.683057 
2.241017 
1.791584 
1.453107 
1.369998 
0.893890 
0.710686 
0.469769 
0.392846 
0.417096 
0.604955 
0.779889 
1.118559 
1.443463 
1.893306 
1.994773 
2.124650 
2.404931 
2.304790 
2.907097 
2.593836 
2.597161 
2.664757 
2.698258 
2.919943 
2.544203 
2.408319 
2.805070 
2.555687 
2.958798 
2.966021 
2.275628 
2.743955 
2.936864 
2.795238 
2.837295 
2.962494 
2.527754 
2.868411 
3.125106 
3.186988 
3.381857 
3.084723 
2.622700 
2.735721 
2.913971 
2.861552 
2.967337 
2.712363 
2.758872 
2.982838 
3.005532 
3.283487 
3.090703 
3.039660 
2.863656 
2.682801 
3.415859 
2.569804 
2.768318 
2.953143 
2.966560 
2.565098 
3.335079 
2.960075 
3.514514 
3.541940 
3.102237 
3.554307 
3.228842 
3.364901 
3.404189 
3.114902 
3.297959 
3.154183 
3.300431 
3.581544 
3.320251 
3.124496 
3.338142 
3.203307 
3.469760 
3.214520 
3.425389 
3.855978 
2.869935 
2.960829 
2.616083 
2.118742 
1.779756 
1.883511 
2.136122 
2.055499 
2.505815 
2.237118 
2.538571 
2.767391 
3.494979 
3.116346 
3.484017 
4.084473 
3.735085 
3.308279 
2.936534 
3.534824 
2.555458 
3.024590 
2.652589 
2.348092 
2.047865 
2.563208 
1.834764 
1.585796 
1.582593 
1.379722 
1.119808 
2.332433 
2.958077 
3.166938 
3.031113 
3.612284 
4.274736 
4.204992 
2.991029 
3.265356 
3.977876 
3.302258 
2.682560 
2.066311 
2.384564 
2.237415 
2.731400 
3.540161 
3.839869 
3.797672 
4.079382 
3.600763 
3.493087 
3.432663 
3.197679 
2.876779 
3.470630 
3.688568 
3.313022 
3.396637 
3.184567 
3.128844 
3.616666 
2.952337 
4.376511 
4.038535 
3.378323 
3.239410 
3.148627 
3.025331 
2.457446 
1.330529 
1.417370 
1.010547 
0.774100 
0.745464 
0.827218 
0.679481 
0.696276 
0.776586 
0.886705 
1.251104 
2.278623 
2.530567 
3.335357 
3.103353 
3.683007 
3.642547 
3.494359 
2.355486 
3.383936 
3.149277 
4.126725 
3.348842 
3.793631 
2.768406 
3.769653 
2.981524 
3.694530 
3.039766 
4.072346 
3.658861 
3.368737 
3.789655 
4.093631 
3.966058 
3.493396 
3.868413 
3.436650 
3.657720 
2.991300 
2.590511 
1.766729 
1.037052 
0.959892 
0.981643 
1.078450 
1.259209 
1.580819 
1.774992 
1.893426 
2.291084 
2.208770 
1.923096 
2.361760 
2.170584 
1.999448 
1.648388 
1.633206 
1.263373 
1.317453 
1.666753 
1.570294 
1.859403 
2.893213 
2.869515 
2.506984 
2.919030 
3.205485 
3.194726 
2.999167 
2.250733 
2.227401 
1.688137 
1.423325 
1.522796 
1.340844 
1.709533 
1.884103 
1.702646 
1.823622 
1.526664 
1.129912 
1.486353 
1.736280 
1.513700 
1.552032 
1.422376 
1.652087 
1.719046 
1.730132 
1.750931 
2.056183 
2.086432 
2.590380 
2.480176 
2.548684 
3.161390 
3.739680 
3.372233 
2.556436 
3.539853 
2.568392 
3.159990 
3.640727 
3.073134 
2.186223 
2.095244 
1.414131 
1.314754 
1.349835 
1.105115 
1.074684 
1.049411 
0.883014 
1.037053 
1.191193 
1.633273 
1.739900 
1.923812 
3.000511 
2.960708 
3.569729 
3.568932 
3.908522 
3.815617 
3.765986 
4.881625 
3.466868 
3.397753 
4.229062 
3.534472 
3.344610 
2.892077 
3.797406 
3.686421 
3.389612 
3.372544 
3.791377 
3.608486 
2.852842 
4.215475 
3.524717 
3.001731 
3.527825 
3.558551 
3.692176 
3.947369 
3.000605 
4.115853 
3.783441 
3.204725 
3.731764 
3.600318 
3.741018 
3.498149 
4.250468 
3.943362 
3.628857 
3.020597 
2.568973 
2.931703 
2.558087 
2.650537 
2.899683 
2.571813 
2.879851 
3.588455 
3.821008 
3.501124 
3.470552 
3.106778 
3.578969 
3.601749 
3.180840 
3.622148 
3.430770 
3.253105 
3.987900 
2.944565 
3.446236 
2.993540 
3.326980 
3.631040 
3.666314 
3.251026 
3.788851 
3.128406 
2.730556 
2.561267 
2.924511 
2.347836 
1.970389 
2.098855 
2.009010 
2.367233 
2.509544 
2.857399 
3.611273 
3.330970 
3.233189 
3.219634 
3.359837 
3.038853 
2.933855 
3.201794 
3.262038 
2.858779 
2.537945 
2.301663 
3.112317 
2.970138 
3.657236 
3.096218 
3.439173 
2.985192 
1.874850 
2.741924 
2.379515 
2.618514 
2.589390 
2.597683 
2.411413 
2.337040 
2.666501 
2.338467 
2.836728 
2.403451 
2.501848 
2.562511 
2.185167 
2.452799 
2.483228 
2.289125 
3.039217 
2.554081 
2.515374 
2.574502 
3.098198 
2.575742 
2.671958 
1.867728 
1.499214 
1.437498 
1.164287 
0.845457 
1.104603 
0.880780 
0.687521 
0.730622 
0.847122 
0.750210 
0.858763 
0.719595 
0.865926 
0.708992 
0.777449 
0.820358 
0.999184 
1.112582 
0.935860 
1.038684 
1.091354 
1.572204 
1.749396 
2.173225 
2.092343 
2.230702 
2.552681 
2.900404 
2.787996 
2.307351 
2.562596 
2.169161 
2.417625 
2.345110 
1.972995 
1.830817 
1.493511 
1.484189 
1.182387 
1.586555 
1.512621 
1.396304 
1.414424 
1.548105 
1.389479 
1.353840 
1.869961 
1.354347 
1.780299 
2.094444 
2.482724 
2.236653 
2.633776 
2.753866 
2.671124 
2.510679 
2.476787 
2.541648 
2.733161 
2.468056 
1.953152 
1.946711 
1.709510 
1.589367 
1.508440 
1.322627 
1.516010 
1.394522 
1.561317 
1.462212 
1.580757 
1.317604 
1.435850 
1.826680 
1.702793 
1.734362 
1.801978 
2.030307 
2.322960 
2.195896 
2.098249 
1.846827 
2.232926 
1.682980 
2.059999 
1.664201 
0.960108 
1.356948 
1.141089 
1.383900 
1.505159 
1.812149 
1.619805 
1.856474 
1.089955 
1.304155 
0.960159 
0.819917 
1.053954 
0.864321 
0.845186 
0.939553 
1.014055 
1.110178 
1.111597 
0.964724 
0.951636 
1.062210 
1.127199 
0.881353 
1.009795 
0.935980 
0.905299 
0.722095 
0.819016 
0.813811 
0.735792 
0.782429 
0.810885 
0.689363 
0.637269 
0.574231 
0.480600 
0.540553 
0.449457 
0.470118 
0.405403 
0.460374 
0.447728 
0.474262 
0.387733 
0.370359 
0.334739 
0.394618 
0.327681 
0.357603 
0.313105 
0.365041 
0.329549 
0.310846 
0.309466 
0.343925 
0.355221 
0.381472 
0.403309 
0.341577 
0.339013 
0.329557 
0.423687 
0.390668 
0.468022 
0.458331 
0.377479 
0.455212 
0.434492 
0.441043 
0.482431 
0.507876 
0.564136 
0.583391 
0.610009 
0.517152 
0.548990 
0.567334 
0.662151 
0.426055 
0.546350 
0.619744 
0.666404 
0.575661 
0.552416 
0.514119 
0.598286 
0.486708 
0.649067 
0.649657 
0.597392 
0.759215 
0.676057 
0.760650 
0.664651 
0.802624 
0.872894 
0.903339 
1.243349 
1.353583 
1.325529 
1.272870 
1.628929 
1.554120 
1.480743 
1.376235 
1.030875 
1.109423 
0.959596 
0.780106 
0.622101 
0.610216 
0.473612 
0.551815 
0.524616 
0.669696 
0.599077 
0.413218 
0.503556 
0.406351 
0.421754 
0.378989 
0.320722 
0.234750 
0.251511 
0.282393 
0.234053 
0.230774 
0.228059 
0.231197 
0.213146 
0.220101 
0.255237 
0.253282 
0.213580 
0.254984 
0.259276 
0.235179 
0.262965 
0.266372 
0.274278 
0.287606 
0.217263 
0.226109 
0.246029 
0.213275 
0.266861 
0.204684 
0.256464 
0.233822 
0.280452 
0.260937 
0.295530 
0.270591 
0.277020 
0.213130 
0.242435 
0.205140 
0.195353 
0.175275 
0.182026 
0.156666 
0.156847 
0.141432 
0.115776 
0.144933 
0.110094 
0.141348 
0.132120 
0.129892 
0.126761 
0.129586 
0.096900 
0.130233 
0.116761 
0.101573 
0.102791 
0.104302 
0.088250 
0.097083 
0.073328 
0.090912 
0.083552 
0.078032 
0.069419 
0.061144 
0.064554 
0.035457 
0.058205 
0.047614 
0.047004 
0.042693 
0.051829 
0.038832 
0.031511 
0.028049 
0.029767 
0.028233 
0.031472 
0.022456 
0.020842 
0.021400 
0.022503 
0.021500 
0.021932 
0.025749 
0.025828 
0.023289 
0.028350 
0.023839 
0.025669 
0.032806 
0.022141 
0.026155 
0.023936 
0.021956 
0.020378 
0.020720 
0.021656 
0.016150 
0.014337 
0.012066 
0.008504 
0.008703 
0.009986 
0.009965 
0.009670 
0.008038 
0.008720 
0.008870 
0.009992 
0.010376 
0.007295 
0.008616 
0.008472 
0.009468 
0.006763 
0.008413 
0.007204 
0.007097 
0.007445 
0.005140 
0.004441 
0.004625 
0.004385 
0.003681 
0.003068 
0.002494 
0.001648 
0.000643 
0.000607 
0.000254 
0.000182 
0.000106 
0.000047 
0.000014 
0.000000 
0.000000 
0.000000 
0.000000 
0.000000 
0.000000 
0.000000 
0.000000 
0.000000 
0.000000 
0.000000 
0.000000 
0.000000 
0.000000 
0.000000 
0.000000 
0.000000 
0.000000 
0.000000 
0.000000 
0.000000 
0.000000 
0.000000 
0.000000 
0.000000 
0.000000 
0.000000 
0.000000 
0.000000 
0.000000 
0.000000 
0.000000 
0.000000 
0.000000 
0.000000 
0.000000 
0.000000 
0.000000 
0.000000 
0.000000 
0.000000 
0.000000 
0.000000 
0.000000 
0.000000 
0.000000 
0.000000 
0.000000 
0.000000 
0.000000 
0.000000 
0.000000 
0.000000 
0.000000 
0.000000 
0.000000 
0.000000 
0.000000 
0.000000 
0.000000 
0.000000 
0.000000 
0.000000 
0.000000 
0.000000 
0.000000 
0.000000 
0.000000 
0.000000 
0.000000 
0.000000 
0.000000 
0.000000 
0.000000 
0.000000 
0.000000 
0.000000 
0.000000 
0.000000 
0.000000 
0.000000 
0.000000 
0.000000 
0.000000 
0.000000 
0.000000 
0.000000 
0.000000 
0.000000 
0.000000 
0.000000 
0.000000 
0.000000 
0.000000 
0.000000 
0.000000 
0.000000 
0.000000 
0.000000 
0.000000 
0.000000 
0.000000 
0.000000 
0.000000 
0.000000 
0.000000 
0.000000 
0.000000 
0.000000 
0.000000 
0.000000 
0.000000 
0.000000 
0.000000 
0.000000 
0.000000 
0.000000 
0.000000 
0.000000 
0.000000 
0.000000 
0.000000 
0.000000 
0.000000 
0.000000 
0.000000 
0.000000 
0.000000 
0.000000 
0.000000 
0.000000 
0.000000 
0.000000 
0.000000 
0.000000 
0.000000 
0.000000 
0.000000 
0.000000 
0.000000 
0.000000 
0.000000 
0.000000 
0.000000 
0.000000 
0.000000 
0.000000 
0.000000 
0.000000 
0.000000 
0.000000 
0.000000 
0.000000 
0.000000 
0.000000 
0.000000 
0.000000 
0.000000 
0.000000 
0.000000 
0.000000 
0.000000 
0.000000 
0.000000 
0.000000 
0.000000 
0.000000 
0.000000 
0.000000 
0.000000 
0.000000 
0.000000 
0.000000 
0.000000 
0.000000 
0.000000 
0.000000 
0.000000 
0.000000 
0.000000 
0.000000 
0.000000 
0.000000 
0.000000 
0.000000 
0.000000 
0.000000 
0.000000 
0.000000 
0.000000 
0.000000 
