0.000000 
0.000000 
0.000000 
0.000000 
0.000000 
0.000000 
0.000000 
0.000000 
0.000000 
0.000000 
0.000000 
0.000000 
0.000000 
0.000000 
0.000000 
0.000000 
0.000000 
0.000000 
0.000000 
0.000000 
0.000000 
0.000000 
0.000000 
0.000000 
0.000000 
0.000000 
0.000000 
0.000000 
0.000000 
0.000000 
0.000000 
0.000000 
0.000000 
0.000000 
0.000000 
0.000000 
0.000000 
0.000000 
0.000000 
0.000000 
0.000000 
0.000000 
0.000000 
0.000000 
0.000000 
0.000000 
0.000000 
0.000000 
0.000000 
0.000000 
0.000000 
0.000000 
0.000000 
0.000000 
0.000000 
0.000000 
0.000000 
0.000000 
0.000000 
0.000000 
0.000000 
0.000000 
0.000000 
0.000000 
0.000000 
0.000000 
0.000000 
0.000000 
0.000000 
0.000000 
0.000000 
0.000000 
0.000000 
0.000000 
0.000000 
0.000000 
0.000000 
0.000000 
0.000000 
0.000000 
0.000000 
0.000000 
0.000000 
0.000000 
0.000000 
0.000000 
0.000000 
0.000000 
0.000000 
0.000000 
0.000000 
0.000000 
0.000000 
0.000000 
0.000000 
0.000000 
0.000000 
0.000000 
0.000000 
0.000000 
0.000000 
0.000000 
0.000000 
0.000000 
0.000000 
0.000000 
0.000000 
0.000000 
0.000000 
0.000000 
0.000000 
0.000000 
0.000000 
0.000000 
0.000000 
0.000000 
0.000000 
0.000000 
0.000000 
0.000000 
0.000000 
0.000000 
0.000000 
0.000000 
0.000000 
0.000000 
0.000000 
0.000000 
0.000000 
0.000000 
0.000000 
0.000000 
0.000000 
0.000000 
0.000000 
0.000000 
0.000000 
0.000000 
0.000000 
0.000000 
0.000000 
0.000000 
0.000000 
0.000000 
0.000000 
0.000000 
0.000000 
0.000000 
0.000000 
0.000000 
0.000000 
0.000000 
0.000000 
0.000000 
0.000000 
0.000000 
0.000000 
0.000000 
0.000000 
0.000000 
0.000000 
0.000000 
0.000000 
0.000000 
0.000000 
0.000000 
0.000000 
0.000000 
0.000000 
0.000000 
0.000000 
0.000000 
0.000000 
0.000000 
0.000000 
0.000000 
0.000000 
0.000000 
0.000000 
0.000000 
0.000000 
0.000000 
0.000000 
0.000000 
0.000000 
0.000000 
0.000000 
0.000000 
0.000000 
0.000000 
0.000000 
0.000000 
0.000000 
0.000000 
0.000000 
0.000000 
0.000000 
0.000000 
0.000000 
0.000000 
0.000000 
0.000000 
0.000000 
0.000000 
0.000000 
0.000000 
0.000000 
0.000000 
0.000000 
0.000000 
0.000000 
0.000000 
0.000000 
0.000000 
0.000000 
0.000000 
0.000000 
0.000000 
0.000000 
0.000000 
0.000000 
0.000000 
0.000000 
0.000000 
0.000000 
0.000046 
0.000189 
0.000439 
0.000626 
0.000994 
0.001184 
0.001706 
0.002258 
0.002507 
0.002980 
0.004252 
0.004768 
0.006148 
0.007707 
0.010463 
0.012373 
0.013144 
0.015926 
0.020563 
0.023133 
0.021921 
0.025662 
0.031836 
0.026609 
0.030558 
0.029694 
0.026867 
0.030225 
0.027739 
0.031243 
0.030334 
0.025818 
0.035855 
0.026887 
0.026709 
0.022483 
0.026955 
0.031993 
0.031915 
0.034672 
0.027772 
0.032934 
0.035615 
0.045906 
0.037007 
0.042036 
0.038746 
0.042435 
0.055174 
0.050082 
0.057551 
0.054964 
0.058128 
0.060083 
0.061683 
0.080409 
0.064729 
0.065848 
0.054063 
0.056807 
0.061487 
0.067048 
0.070742 
0.054234 
0.073118 
0.069858 
0.086452 
0.074284 
0.067762 
0.090993 
0.097656 
0.093222 
0.090670 
0.100473 
0.090188 
0.105749 
0.089591 
0.093184 
0.088993 
0.085927 
0.097861 
0.099562 
0.115285 
0.101276 
0.088488 
0.101879 
0.113711 
0.117013 
0.091813 
0.127902 
0.118596 
0.125777 
0.110848 
0.125984 
0.142282 
0.112728 
0.142434 
0.160134 
0.139752 
0.161919 
0.151374 
0.149936 
0.137708 
0.164458 
0.179288 
0.248486 
0.231267 
0.287996 
0.269882 
0.274408 
0.305904 
0.325541 
0.288893 
0.282961 
0.350786 
0.335343 
0.275977 
0.269539 
0.246259 
0.276043 
0.260031 
0.249314 
0.314381 
0.282043 
0.309784 
0.348443 
0.365746 
0.423478 
0.372015 
0.311245 
0.396139 
0.383454 
0.324252 
0.338177 
0.345230 
0.397513 
0.480430 
0.522430 
0.558016 
0.568370 
0.576168 
0.571693 
0.694709 
0.560807 
0.677196 
0.811907 
0.795937 
0.904448 
0.790273 
0.934832 
1.078232 
0.892235 
0.942858 
0.846500 
0.716986 
0.772912 
0.715332 
0.664226 
0.704913 
0.765628 
0.825683 
0.653586 
0.718804 
0.862828 
0.823753 
0.731799 
0.794610 
0.601725 
0.796861 
0.773001 
0.698069 
0.665911 
0.575837 
0.802735 
0.774477 
0.792486 
0.887586 
1.026109 
0.865311 
0.916291 
0.908267 
0.986030 
0.996479 
0.807363 
1.006256 
0.720025 
0.838614 
0.955389 
0.680123 
0.668777 
0.776119 
0.960130 
0.842170 
0.760981 
0.925537 
1.101643 
1.113570 
1.238023 
1.172916 
1.151873 
1.052640 
1.171617 
1.083305 
0.955127 
1.281218 
1.091974 
1.296112 
1.229585 
1.172734 
1.450431 
1.314898 
1.352572 
1.730255 
1.343547 
1.437793 
1.495248 
1.392730 
1.562729 
1.615769 
1.506218 
1.812017 
1.533350 
1.678102 
1.693093 
1.895088 
1.505718 
2.041003 
1.679155 
1.363209 
1.555871 
1.781239 
1.720909 
1.897335 
1.344279 
1.614658 
1.958583 
1.884628 
1.589224 
1.623633 
1.240010 
1.341241 
0.915747 
0.820364 
0.707325 
0.642213 
0.586959 
0.865434 
1.140277 
1.302813 
1.444373 
1.543217 
1.861242 
1.433089 
1.758406 
1.802608 
1.660256 
1.930183 
1.836964 
1.759506 
1.622898 
1.513831 
1.782577 
1.828868 
1.728625 
1.339403 
1.792218 
1.115478 
1.528470 
1.547698 
1.535825 
1.706689 
1.718754 
1.760032 
1.368537 
1.742596 
1.698797 
1.491955 
1.409537 
1.431013 
1.350965 
1.388411 
1.256208 
1.503131 
1.838440 
2.089866 
2.060226 
1.397861 
1.176915 
1.107147 
0.826825 
0.779570 
0.589316 
0.462129 
0.284963 
0.342988 
0.344644 
0.465426 
0.796284 
0.888888 
1.428721 
1.587511 
1.449443 
1.861371 
2.043795 
2.043175 
1.963263 
1.604790 
1.592124 
1.717850 
1.887146 
2.114020 
1.882126 
1.981480 
1.811828 
2.424053 
2.359301 
2.107313 
2.117659 
2.045259 
2.011860 
1.650787 
1.782991 
2.355630 
2.090768 
2.100624 
2.275729 
2.254726 
2.305351 
2.243369 
2.244365 
2.360519 
2.155894 
2.031270 
2.103138 
2.600900 
2.425818 
2.550029 
2.182161 
1.743251 
2.229818 
2.065906 
2.122544 
2.369226 
2.061517 
2.061465 
2.353392 
2.470138 
1.731731 
2.741652 
2.451405 
2.360153 
2.619355 
2.441086 
1.997554 
2.006567 
2.299752 
2.847781 
2.530145 
2.679737 
2.298822 
3.059750 
2.401204 
2.376308 
2.122139 
1.912643 
2.506743 
2.614405 
2.605548 
2.461542 
2.830580 
2.198736 
2.347380 
1.898146 
1.122744 
1.256986 
1.385806 
1.790315 
1.704110 
1.538715 
1.896227 
1.974172 
1.870887 
2.456498 
2.486053 
2.919637 
3.077608 
2.768332 
2.610281 
2.606981 
2.278992 
2.263898 
2.172637 
1.626488 
1.704582 
1.832867 
1.821456 
1.465518 
1.270789 
1.134149 
1.058994 
1.555418 
1.908421 
2.349547 
2.708818 
2.866187 
2.860434 
3.137056 
2.498380 
2.714938 
2.495915 
2.257667 
1.984277 
2.082027 
1.449358 
1.519313 
2.001310 
2.286512 
2.078490 
2.231057 
2.937630 
2.472794 
2.491797 
2.481347 
2.319128 
2.378410 
2.409072 
2.274600 
2.410765 
1.971716 
2.552495 
2.476875 
2.710352 
2.787640 
3.057395 
3.043971 
2.819725 
2.446896 
2.310177 
1.961851 
2.012787 
1.498645 
1.467539 
1.129451 
0.732306 
0.583622 
0.511790 
0.501651 
0.572842 
0.609801 
0.583465 
0.717870 
1.171645 
1.533523 
1.944439 
2.050538 
2.223219 
2.751791 
2.406019 
2.862831 
2.537107 
2.708597 
2.942570 
2.541239 
2.786369 
2.348868 
2.533529 
2.673013 
3.159997 
2.626807 
2.711175 
2.943996 
2.546894 
2.605830 
3.333200 
3.272841 
2.984407 
2.735612 
3.006519 
2.519809 
2.182720 
2.418276 
1.821394 
1.243103 
0.944849 
0.818149 
0.812284 
0.849470 
1.016572 
0.993305 
1.051967 
1.265919 
1.525990 
1.777501 
1.624089 
1.733487 
1.553226 
1.397836 
1.048843 
1.000258 
1.193779 
1.096408 
1.395217 
1.223998 
1.504557 
2.039217 
1.726807 
2.001653 
2.017575 
2.373582 
2.160804 
1.942177 
1.788935 
1.601341 
1.164882 
1.092340 
1.127918 
1.221769 
1.213273 
1.145831 
1.455320 
1.161261 
0.990490 
1.111101 
1.075915 
1.031180 
1.045626 
0.955770 
1.241022 
1.162957 
1.293718 
1.304887 
1.566595 
1.452201 
1.583199 
1.703709 
1.700925 
1.854439 
2.722008 
3.157949 
2.394434 
2.528113 
3.108609 
2.032533 
2.619143 
2.517814 
1.732596 
1.767155 
1.428050 
1.265317 
1.004744 
0.967113 
1.126269 
0.707985 
0.832335 
0.809651 
0.732524 
1.039197 
1.098654 
1.412627 
1.633333 
1.709466 
2.409472 
2.764005 
3.104182 
3.061652 
2.720709 
2.948453 
3.141632 
2.797886 
2.300332 
3.129355 
2.694292 
2.957689 
3.174821 
2.862553 
2.493172 
2.596634 
2.853882 
2.608824 
2.555517 
3.102604 
3.033042 
2.685136 
2.665763 
2.476168 
2.816505 
2.683194 
3.259748 
2.743714 
3.074699 
2.398806 
3.302004 
2.909747 
3.021437 
2.875556 
2.121235 
2.984928 
3.228331 
2.771672 
3.101617 
2.415690 
2.321211 
2.217862 
1.966774 
2.335544 
2.199336 
2.603311 
1.929731 
2.758530 
2.719548 
2.291526 
2.177217 
2.728571 
2.507342 
2.288412 
2.834576 
2.611744 
2.684207 
2.230625 
2.283811 
2.168182 
2.494939 
2.708738 
2.824703 
2.570936 
2.155611 
2.251728 
2.532428 
1.985397 
2.189005 
2.089166 
1.886211 
1.818018 
1.775254 
1.710077 
1.759980 
1.825190 
2.169761 
2.354506 
2.307666 
2.397459 
2.535265 
2.301126 
2.820270 
2.371820 
2.646160 
2.111132 
2.138539 
2.184533 
2.577283 
2.851154 
2.048178 
2.142821 
2.620674 
2.769651 
2.822269 
2.378723 
2.146942 
1.652092 
2.026750 
1.766563 
2.014479 
2.259336 
1.848337 
1.876109 
1.745167 
1.943583 
1.790154 
1.597187 
1.585679 
1.404075 
1.726622 
1.514185 
2.247743 
1.802292 
1.971915 
1.843919 
1.855950 
1.884014 
1.784780 
1.134034 
1.794093 
1.273979 
0.955316 
0.818668 
0.553629 
0.668072 
0.672942 
0.642247 
0.605113 
0.618912 
0.642777 
0.662730 
0.596977 
0.673839 
0.647487 
0.625659 
0.672820 
0.678412 
0.813160 
0.945470 
0.967797 
1.012455 
1.145412 
1.383432 
1.413261 
1.759009 
1.900187 
1.630180 
2.169702 
1.749089 
1.779057 
1.608767 
1.837610 
1.609784 
1.487777 
1.544210 
1.296758 
1.149151 
1.242145 
1.143581 
1.065691 
1.007759 
0.852102 
1.002767 
1.258126 
0.969869 
1.338061 
1.438478 
1.199990 
1.491356 
1.496508 
1.648810 
1.744218 
1.915397 
2.633013 
1.966045 
1.737769 
1.930047 
1.483198 
1.852330 
1.522065 
1.470356 
1.240692 
1.209748 
1.051968 
1.138593 
1.134724 
1.143829 
1.071582 
1.088042 
1.178694 
1.364665 
1.094521 
1.346701 
1.128308 
1.420031 
1.477395 
1.464102 
1.470972 
1.230517 
1.364977 
1.246685 
1.472488 
1.625112 
1.411396 
1.398637 
1.106822 
0.932612 
1.085182 
0.968178 
1.110174 
0.867123 
0.905163 
1.390723 
0.916602 
1.102255 
0.953582 
0.761024 
0.608413 
0.677202 
0.748703 
0.769890 
0.834411 
0.798563 
0.710144 
0.876616 
0.700922 
0.817148 
0.886558 
0.737516 
0.708387 
0.708492 
0.694692 
0.637516 
0.519080 
0.693253 
0.604341 
0.589993 
0.619930 
0.486419 
0.419658 
0.458698 
0.518712 
0.501832 
0.380388 
0.336131 
0.364719 
0.297322 
0.352070 
0.282650 
0.266416 
0.311485 
0.246179 
0.231618 
0.252965 
0.306215 
0.252660 
0.222160 
0.223914 
0.266098 
0.245116 
0.260647 
0.239561 
0.289124 
0.227966 
0.275235 
0.278454 
0.274448 
0.274889 
0.325100 
0.344975 
0.258103 
0.300911 
0.267036 
0.375678 
0.348009 
0.330758 
0.368222 
0.410913 
0.365443 
0.432209 
0.465749 
0.415029 
0.471760 
0.488948 
0.361902 
0.461480 
0.443197 
0.326022 
0.444386 
0.466835 
0.454852 
0.453673 
0.416766 
0.477693 
0.493585 
0.534942 
0.431195 
0.490304 
0.510067 
0.601735 
0.538702 
0.611823 
0.609941 
0.607351 
0.725365 
0.830368 
1.054787 
1.047035 
1.192998 
0.746744 
0.986253 
0.951742 
0.853629 
0.863159 
0.709034 
0.638916 
0.435423 
0.447985 
0.324709 
0.505608 
0.500613 
0.444904 
0.437876 
0.351386 
0.376306 
0.321143 
0.307433 
0.263348 
0.244793 
0.263943 
0.219984 
0.189103 
0.211158 
0.155406 
0.196169 
0.166463 
0.164864 
0.159542 
0.205796 
0.196384 
0.226079 
0.195353 
0.161891 
0.183753 
0.196472 
0.184575 
0.173841 
0.216181 
0.151542 
0.172429 
0.198806 
0.185859 
0.170931 
0.112124 
0.192743 
0.208151 
0.189388 
0.197969 
0.203159 
0.216589 
0.166123 
0.186506 
0.172865 
0.172048 
0.152342 
0.163154 
0.102341 
0.109641 
0.117574 
0.115349 
0.108078 
0.101273 
0.088434 
0.113146 
0.089699 
0.084774 
0.087923 
0.110118 
0.087251 
0.086821 
0.091242 
0.073331 
0.089093 
0.083242 
0.069339 
0.061208 
0.056984 
0.065324 
0.067782 
0.052372 
0.059247 
0.054413 
0.041087 
0.036830 
0.044450 
0.040049 
0.032619 
0.037290 
0.032625 
0.032174 
0.023094 
0.021581 
0.025051 
0.021465 
0.017331 
0.021393 
0.016757 
0.020485 
0.018981 
0.013573 
0.017888 
0.018091 
0.018011 
0.019697 
0.019306 
0.022105 
0.020599 
0.019936 
0.018997 
0.019216 
0.019319 
0.013826 
0.016773 
0.016260 
0.013793 
0.010961 
0.008653 
0.008472 
0.007994 
0.006925 
0.007137 
0.006959 
0.007273 
0.006412 
0.005555 
0.007814 
0.007141 
0.006841 
0.006904 
0.006640 
0.007413 
0.006707 
0.006382 
0.006397 
0.005181 
0.005636 
0.004537 
0.004079 
0.003931 
0.003491 
0.003143 
0.002447 
0.002339 
0.001701 
0.001396 
0.000821 
0.000370 
0.000208 
0.000135 
0.000078 
0.000030 
0.000010 
0.000000 
0.000000 
0.000000 
0.000000 
0.000000 
0.000000 
0.000000 
0.000000 
0.000000 
0.000000 
0.000000 
0.000000 
0.000000 
0.000000 
0.000000 
0.000000 
0.000000 
0.000000 
0.000000 
0.000000 
0.000000 
0.000000 
0.000000 
0.000000 
0.000000 
0.000000 
0.000000 
0.000000 
0.000000 
0.000000 
0.000000 
0.000000 
0.000000 
0.000000 
0.000000 
0.000000 
0.000000 
0.000000 
0.000000 
0.000000 
0.000000 
0.000000 
0.000000 
0.000000 
0.000000 
0.000000 
0.000000 
0.000000 
0.000000 
0.000000 
0.000000 
0.000000 
0.000000 
0.000000 
0.000000 
0.000000 
0.000000 
0.000000 
0.000000 
0.000000 
0.000000 
0.000000 
0.000000 
0.000000 
0.000000 
0.000000 
0.000000 
0.000000 
0.000000 
0.000000 
0.000000 
0.000000 
0.000000 
0.000000 
0.000000 
0.000000 
0.000000 
0.000000 
0.000000 
0.000000 
0.000000 
0.000000 
0.000000 
0.000000 
0.000000 
0.000000 
0.000000 
0.000000 
0.000000 
0.000000 
0.000000 
0.000000 
0.000000 
0.000000 
0.000000 
0.000000 
0.000000 
0.000000 
0.000000 
0.000000 
0.000000 
0.000000 
0.000000 
0.000000 
0.000000 
0.000000 
0.000000 
0.000000 
0.000000 
0.000000 
0.000000 
0.000000 
0.000000 
0.000000 
0.000000 
0.000000 
0.000000 
0.000000 
0.000000 
0.000000 
0.000000 
0.000000 
0.000000 
0.000000 
0.000000 
0.000000 
0.000000 
0.000000 
0.000000 
0.000000 
0.000000 
0.000000 
0.000000 
0.000000 
0.000000 
0.000000 
0.000000 
0.000000 
0.000000 
0.000000 
0.000000 
0.000000 
0.000000 
0.000000 
0.000000 
0.000000 
0.000000 
0.000000 
0.000000 
0.000000 
0.000000 
0.000000 
0.000000 
0.000000 
0.000000 
0.000000 
0.000000 
0.000000 
0.000000 
0.000000 
0.000000 
0.000000 
0.000000 
0.000000 
0.000000 
0.000000 
0.000000 
0.000000 
0.000000 
0.000000 
0.000000 
0.000000 
0.000000 
0.000000 
0.000000 
0.000000 
0.000000 
0.000000 
0.000000 
0.000000 
0.000000 
0.000000 
0.000000 
0.000000 
0.000000 
0.000000 
0.000000 
0.000000 
0.000000 
0.000000 
0.000000 
