0.000000 
0.000000 
0.000000 
0.000000 
0.000000 
0.000000 
0.000000 
0.000000 
0.000000 
0.000000 
0.000000 
0.000000 
0.000000 
0.000000 
0.000000 
0.000000 
0.000000 
0.000000 
0.000000 
0.000000 
0.000000 
0.000000 
0.000000 
0.000000 
0.000000 
0.000000 
0.000000 
0.000000 
0.000000 
0.000000 
0.000000 
0.000000 
0.000000 
0.000000 
0.000000 
0.000000 
0.000000 
0.000000 
0.000000 
0.000000 
0.000000 
0.000000 
0.000000 
0.000000 
0.000000 
0.000000 
0.000000 
0.000000 
0.000000 
0.000000 
0.000000 
0.000000 
0.000000 
0.000000 
0.000000 
0.000000 
0.000000 
0.000000 
0.000000 
0.000000 
0.000000 
0.000000 
0.000000 
0.000000 
0.000000 
0.000000 
0.000000 
0.000000 
0.000000 
0.000000 
0.000000 
0.000000 
0.000000 
0.000000 
0.000000 
0.000000 
0.000000 
0.000000 
0.000000 
0.000000 
0.000000 
0.000000 
0.000000 
0.000000 
0.000000 
0.000000 
0.000000 
0.000000 
0.000000 
0.000000 
0.000000 
0.000000 
0.000000 
0.000000 
0.000000 
0.000000 
0.000000 
0.000000 
0.000000 
0.000000 
0.000000 
0.000000 
0.000000 
0.000000 
0.000000 
0.000000 
0.000000 
0.000000 
0.000000 
0.000000 
0.000000 
0.000000 
0.000000 
0.000000 
0.000000 
0.000000 
0.000000 
0.000000 
0.000000 
0.000000 
0.000000 
0.000000 
0.000000 
0.000000 
0.000000 
0.000000 
0.000000 
0.000000 
0.000000 
0.000000 
0.000000 
0.000000 
0.000000 
0.000000 
0.000000 
0.000000 
0.000000 
0.000000 
0.000000 
0.000000 
0.000000 
0.000000 
0.000000 
0.000000 
0.000000 
0.000000 
0.000000 
0.000000 
0.000000 
0.000000 
0.000000 
0.000000 
0.000000 
0.000000 
0.000000 
0.000000 
0.000000 
0.000000 
0.000000 
0.000000 
0.000000 
0.000000 
0.000000 
0.000000 
0.000000 
0.000000 
0.000000 
0.000000 
0.000000 
0.000000 
0.000000 
0.000000 
0.000000 
0.000000 
0.000000 
0.000000 
0.000000 
0.000000 
0.000000 
0.000000 
0.000000 
0.000000 
0.000000 
0.000000 
0.000000 
0.000000 
0.000000 
0.000000 
0.000000 
0.000000 
0.000000 
0.000000 
0.000000 
0.000000 
0.000000 
0.000000 
0.000000 
0.000000 
0.000000 
0.000000 
0.000000 
0.000000 
0.000000 
0.000000 
0.000000 
0.000000 
0.000000 
0.000000 
0.000000 
0.000000 
0.000000 
0.000000 
0.000000 
0.000000 
0.000000 
0.000000 
0.000000 
0.000000 
0.000000 
0.000000 
0.000000 
0.000000 
0.000000 
0.000000 
0.000000 
0.000066 
0.000213 
0.000464 
0.000772 
0.001079 
0.001576 
0.002150 
0.002669 
0.003443 
0.003452 
0.006299 
0.005981 
0.008331 
0.009386 
0.013333 
0.013388 
0.018753 
0.019606 
0.022957 
0.024014 
0.030900 
0.032170 
0.035989 
0.039364 
0.038737 
0.034937 
0.029364 
0.039135 
0.039269 
0.035216 
0.028860 
0.035763 
0.033537 
0.035707 
0.037067 
0.028707 
0.028779 
0.030706 
0.037565 
0.029651 
0.044389 
0.040097 
0.046668 
0.038725 
0.044816 
0.050333 
0.055802 
0.056726 
0.060908 
0.069238 
0.065030 
0.073937 
0.063439 
0.081629 
0.073210 
0.076147 
0.075297 
0.071063 
0.078691 
0.069181 
0.089107 
0.079973 
0.091805 
0.089027 
0.087242 
0.092287 
0.093908 
0.101757 
0.095427 
0.077874 
0.086839 
0.096646 
0.101131 
0.094328 
0.115066 
0.067485 
0.113063 
0.112157 
0.100826 
0.112655 
0.125921 
0.111405 
0.113242 
0.147633 
0.114462 
0.133126 
0.143015 
0.153165 
0.106837 
0.159247 
0.139255 
0.132253 
0.140657 
0.126249 
0.159570 
0.167155 
0.141136 
0.150640 
0.169114 
0.189304 
0.165072 
0.179925 
0.192472 
0.178424 
0.208474 
0.275862 
0.275690 
0.284781 
0.273554 
0.303591 
0.339704 
0.371445 
0.360366 
0.437976 
0.350769 
0.371877 
0.311561 
0.343337 
0.233220 
0.321815 
0.265866 
0.369867 
0.324126 
0.354470 
0.450845 
0.379126 
0.382691 
0.347998 
0.440553 
0.409692 
0.450261 
0.470354 
0.479383 
0.485208 
0.441819 
0.595663 
0.534251 
0.589561 
0.659629 
0.478468 
0.673318 
0.668430 
0.839050 
0.683235 
0.663812 
0.682532 
0.938869 
1.080146 
1.133820 
1.289253 
1.077941 
0.990900 
1.045625 
0.855613 
0.914817 
0.925075 
1.125793 
0.896435 
1.005713 
0.892877 
0.958361 
0.835230 
0.909558 
0.860253 
1.053926 
0.851746 
0.896511 
0.914851 
0.834978 
0.812194 
0.833051 
0.718443 
0.983643 
0.827662 
0.828217 
0.916589 
1.078581 
1.180512 
1.132395 
0.938922 
1.137234 
1.073313 
1.222378 
1.036677 
1.096433 
1.034524 
1.146366 
0.993117 
0.908251 
0.773877 
1.022645 
0.969475 
1.167158 
0.867191 
1.232289 
1.095117 
1.260747 
1.335262 
1.175282 
1.389004 
1.465338 
1.505870 
1.247592 
1.061572 
1.484142 
1.346609 
1.480991 
1.332663 
1.510435 
1.604056 
1.760455 
1.532241 
1.232912 
1.613813 
1.941949 
1.871549 
1.691784 
1.743884 
1.954593 
1.831666 
1.994121 
1.480083 
1.899243 
1.630495 
2.164751 
1.834228 
1.894143 
2.259115 
1.995642 
1.654545 
2.038995 
2.117354 
2.188158 
1.865224 
2.217489 
1.810831 
2.060444 
2.188944 
1.661220 
2.009374 
1.368835 
1.054745 
0.835900 
0.828931 
0.620631 
0.630724 
1.132449 
1.512706 
1.714208 
1.861142 
2.040840 
1.428393 
1.806522 
1.633072 
1.963832 
1.884626 
2.280305 
2.073482 
1.861181 
1.869145 
1.575731 
1.878130 
2.033171 
1.731906 
1.920133 
1.719027 
1.875697 
2.057876 
1.782124 
1.883055 
2.314469 
2.335481 
2.167258 
2.069221 
1.917586 
2.099336 
1.869227 
1.727187 
1.731014 
1.798733 
1.776507 
1.888145 
1.439947 
2.198370 
2.129366 
2.236939 
1.512933 
1.661558 
1.510506 
0.953784 
0.832872 
0.823247 
0.481946 
0.469612 
0.343779 
0.488795 
0.698736 
0.970379 
1.319410 
1.348823 
1.969460 
1.897151 
2.037835 
2.202857 
2.378326 
2.238212 
2.070787 
2.118843 
2.216174 
2.182487 
2.771917 
2.555391 
2.575134 
2.259698 
2.758062 
2.332942 
2.361140 
2.154879 
2.546377 
2.711761 
2.365533 
2.434766 
2.386469 
2.120369 
2.629241 
2.856382 
2.419058 
3.025446 
2.055572 
2.180598 
2.551715 
2.997503 
2.369032 
2.608900 
2.623124 
2.594962 
2.383751 
2.798966 
2.646912 
2.271849 
2.431317 
3.028715 
2.664771 
2.739497 
2.362347 
2.391521 
2.993011 
2.874964 
2.468832 
2.456995 
2.927870 
3.047605 
2.774041 
2.616991 
2.830495 
2.263257 
3.219168 
3.035800 
2.361120 
2.756860 
2.438087 
2.530826 
2.443122 
2.929338 
2.932415 
3.651516 
2.866841 
2.539409 
2.666002 
3.082382 
2.680954 
2.331305 
2.145252 
1.782475 
1.985870 
1.927051 
1.747368 
2.187912 
1.951397 
2.167128 
2.086670 
2.829087 
2.613321 
3.288344 
2.949109 
2.820365 
2.896900 
3.203042 
2.712910 
2.438810 
2.058108 
2.784079 
2.534233 
2.219867 
1.966009 
1.676630 
1.660610 
1.672385 
1.334408 
1.214934 
1.802140 
2.014012 
2.433904 
3.041771 
3.146528 
2.907523 
3.306686 
2.673609 
3.152167 
2.609791 
2.607899 
2.580584 
2.015076 
1.481757 
1.640687 
1.857833 
1.907151 
2.965605 
2.863629 
3.203246 
3.555176 
2.854872 
3.436255 
3.014656 
2.660091 
3.191030 
2.869173 
3.013388 
3.028011 
2.536073 
2.928443 
3.037294 
2.240256 
2.822735 
3.201544 
3.090157 
2.520185 
2.682186 
2.602000 
1.848281 
2.090155 
1.563720 
1.260311 
0.834157 
0.542521 
0.650251 
0.560526 
0.593521 
0.606812 
0.634863 
0.983009 
1.270475 
1.749388 
2.462466 
2.349113 
2.602843 
2.958744 
3.615713 
2.404676 
3.118291 
3.199177 
3.557147 
3.032262 
3.633232 
3.162088 
2.856450 
2.699909 
3.218221 
2.640842 
3.138775 
3.443527 
3.675133 
2.979245 
3.098429 
3.024488 
2.724558 
3.418706 
3.993098 
3.346193 
2.590068 
3.012537 
2.318086 
1.627614 
1.089889 
0.949459 
0.876975 
1.168575 
1.176520 
1.450503 
1.295233 
1.776430 
1.759101 
1.635696 
1.983964 
2.407862 
1.925874 
1.584999 
1.331483 
1.209810 
1.345196 
1.295783 
1.580536 
1.708252 
2.127334 
2.478245 
2.568477 
2.197315 
2.555985 
2.467191 
2.518310 
2.770657 
2.339209 
1.709473 
1.374471 
1.197947 
1.125458 
1.581795 
1.431593 
1.390192 
1.316698 
1.306972 
1.569108 
1.312698 
1.146281 
1.355380 
1.415432 
1.424569 
1.253637 
1.364656 
1.685026 
1.756907 
1.643063 
2.004583 
1.890356 
1.745920 
1.904219 
2.612946 
2.919453 
2.843955 
2.953903 
3.043122 
3.327458 
3.268804 
2.987507 
2.732495 
2.708972 
1.906978 
1.724827 
1.477110 
1.235572 
1.053351 
1.085081 
1.008153 
1.036244 
0.633857 
0.880310 
1.089036 
1.204039 
1.733379 
1.969641 
2.385472 
2.952179 
3.440083 
3.133040 
3.481346 
3.624875 
3.772023 
3.330621 
3.429427 
3.482472 
2.801381 
3.279565 
3.336115 
3.503286 
2.936520 
3.253136 
2.908860 
3.003746 
2.828721 
2.619983 
3.084568 
3.396623 
3.211469 
3.171463 
2.922402 
3.252208 
3.028453 
2.632291 
3.767433 
2.881814 
3.386085 
2.989260 
3.793397 
4.001590 
3.641902 
2.946071 
3.836577 
3.020654 
3.761374 
3.230084 
2.680325 
2.567155 
2.346126 
2.672804 
2.140413 
2.087961 
2.532560 
2.697505 
2.962151 
2.718816 
3.256527 
2.488155 
3.315228 
2.669444 
2.804842 
2.879968 
3.000793 
2.943949 
2.730061 
2.761383 
3.267061 
3.093861 
2.910285 
3.150279 
2.838117 
2.866088 
2.573284 
2.725590 
2.480164 
2.292157 
2.288379 
1.871461 
1.810646 
1.775112 
1.701810 
2.026249 
2.156654 
2.783755 
2.826904 
2.972610 
2.806734 
3.044084 
3.729317 
2.879170 
2.247967 
3.343581 
2.863674 
2.396879 
2.616732 
3.255820 
2.955080 
2.991109 
2.722746 
2.794240 
3.172888 
2.961343 
2.353558 
2.406542 
2.654015 
2.593937 
2.171669 
2.023494 
2.075655 
2.283705 
2.148488 
1.945147 
1.967252 
2.312097 
1.888005 
1.995508 
2.061662 
2.140592 
2.469594 
2.200406 
2.658747 
2.140623 
2.062983 
2.258715 
2.519808 
2.264701 
2.223126 
1.931638 
1.392777 
1.038453 
0.951592 
0.842944 
0.642608 
0.806211 
0.810226 
0.899213 
0.613773 
0.796359 
0.795676 
0.744642 
0.796959 
0.795820 
0.678784 
0.678403 
1.033391 
0.950542 
1.005679 
1.038522 
1.060827 
1.255425 
1.267997 
1.546537 
1.671594 
2.064373 
2.043362 
1.820979 
2.332835 
2.323301 
1.991148 
1.898906 
1.730849 
2.111062 
1.578624 
1.470626 
1.522357 
1.540694 
1.271065 
1.370157 
1.213552 
1.230020 
1.447004 
1.169574 
1.450999 
1.485926 
1.552623 
1.423708 
1.649599 
2.018313 
2.685729 
2.017118 
2.374721 
2.547264 
2.303431 
2.017705 
2.364722 
1.988808 
2.019792 
1.905635 
1.641079 
1.525752 
1.368153 
1.535760 
1.389510 
1.258623 
1.429812 
1.236394 
1.587883 
1.460461 
1.448817 
1.630014 
1.444380 
1.364848 
1.802702 
1.677289 
1.544494 
1.616939 
1.617957 
1.420258 
1.851107 
1.893051 
1.175319 
1.635966 
1.227663 
1.412478 
1.293349 
1.007755 
1.085765 
1.255448 
1.452344 
1.254488 
1.303649 
1.392246 
1.303796 
0.774595 
0.820672 
0.734672 
0.920076 
0.770064 
0.915935 
1.045502 
0.782181 
1.011543 
0.880639 
0.838792 
0.867361 
0.962398 
0.893897 
0.909291 
1.033680 
0.808491 
0.884219 
0.897948 
0.831803 
0.869295 
0.721149 
0.661918 
0.669816 
0.616605 
0.573285 
0.430661 
0.441763 
0.575714 
0.480462 
0.464047 
0.382641 
0.457415 
0.323508 
0.365868 
0.297047 
0.302860 
0.273354 
0.293691 
0.302801 
0.302621 
0.270980 
0.326909 
0.268171 
0.267176 
0.282611 
0.290119 
0.277798 
0.273045 
0.304942 
0.276029 
0.351521 
0.292755 
0.318486 
0.367865 
0.378241 
0.327331 
0.399582 
0.332284 
0.401280 
0.423641 
0.385440 
0.395200 
0.470236 
0.414784 
0.465510 
0.509436 
0.479420 
0.406768 
0.602514 
0.428961 
0.505392 
0.545819 
0.428171 
0.531857 
0.583457 
0.477666 
0.497240 
0.483202 
0.435299 
0.586885 
0.672080 
0.675224 
0.581226 
0.640204 
0.796069 
0.707253 
0.792058 
0.823420 
0.797901 
1.050823 
1.198360 
1.217420 
1.333487 
1.322090 
1.191017 
1.110219 
0.939672 
0.786588 
0.707213 
0.653585 
0.547899 
0.514143 
0.579301 
0.515117 
0.472348 
0.515224 
0.449922 
0.467361 
0.407667 
0.374776 
0.399858 
0.316918 
0.298946 
0.268105 
0.188148 
0.227079 
0.228283 
0.187065 
0.195139 
0.217816 
0.205872 
0.239125 
0.174183 
0.178311 
0.208688 
0.228738 
0.259399 
0.226746 
0.220526 
0.236234 
0.224500 
0.236226 
0.215163 
0.202792 
0.212781 
0.186570 
0.186971 
0.172010 
0.237090 
0.243787 
0.228293 
0.233441 
0.281540 
0.186466 
0.224006 
0.228294 
0.231102 
0.210705 
0.203397 
0.161381 
0.172322 
0.155118 
0.130065 
0.132203 
0.118335 
0.119961 
0.119132 
0.116354 
0.103785 
0.118297 
0.104476 
0.106642 
0.089899 
0.082689 
0.086061 
0.101052 
0.095862 
0.091023 
0.093371 
0.087575 
0.085144 
0.064380 
0.079375 
0.053516 
0.060706 
0.066800 
0.058027 
0.046283 
0.046859 
0.046130 
0.048384 
0.040291 
0.040810 
0.035208 
0.032818 
0.027849 
0.028898 
0.021349 
0.025853 
0.023985 
0.023502 
0.021214 
0.022805 
0.022802 
0.021877 
0.018279 
0.018858 
0.022551 
0.016918 
0.023656 
0.025906 
0.023635 
0.026188 
0.026806 
0.027494 
0.018744 
0.023766 
0.016593 
0.014479 
0.013066 
0.011355 
0.009239 
0.010094 
0.010699 
0.008908 
0.007571 
0.008041 
0.007295 
0.008200 
0.006741 
0.007334 
0.008032 
0.006887 
0.008160 
0.007931 
0.008482 
0.008361 
0.007810 
0.006507 
0.006249 
0.004752 
0.004663 
0.004668 
0.004199 
0.003527 
0.003275 
0.002854 
0.001849 
0.001490 
0.000898 
0.000456 
0.000208 
0.000172 
0.000084 
0.000047 
0.000010 
0.000000 
0.000000 
0.000000 
0.000000 
0.000000 
0.000000 
0.000000 
0.000000 
0.000000 
0.000000 
0.000000 
0.000000 
0.000000 
0.000000 
0.000000 
0.000000 
0.000000 
0.000000 
0.000000 
0.000000 
0.000000 
0.000000 
0.000000 
0.000000 
0.000000 
0.000000 
0.000000 
0.000000 
0.000000 
0.000000 
0.000000 
0.000000 
0.000000 
0.000000 
0.000000 
0.000000 
0.000000 
0.000000 
0.000000 
0.000000 
0.000000 
0.000000 
0.000000 
0.000000 
0.000000 
0.000000 
0.000000 
0.000000 
0.000000 
0.000000 
0.000000 
0.000000 
0.000000 
0.000000 
0.000000 
0.000000 
0.000000 
0.000000 
0.000000 
0.000000 
0.000000 
0.000000 
0.000000 
0.000000 
0.000000 
0.000000 
0.000000 
0.000000 
0.000000 
0.000000 
0.000000 
0.000000 
0.000000 
0.000000 
0.000000 
0.000000 
0.000000 
0.000000 
0.000000 
0.000000 
0.000000 
0.000000 
0.000000 
0.000000 
0.000000 
0.000000 
0.000000 
0.000000 
0.000000 
0.000000 
0.000000 
0.000000 
0.000000 
0.000000 
0.000000 
0.000000 
0.000000 
0.000000 
0.000000 
0.000000 
0.000000 
0.000000 
0.000000 
0.000000 
0.000000 
0.000000 
0.000000 
0.000000 
0.000000 
0.000000 
0.000000 
0.000000 
0.000000 
0.000000 
0.000000 
0.000000 
0.000000 
0.000000 
0.000000 
0.000000 
0.000000 
0.000000 
0.000000 
0.000000 
0.000000 
0.000000 
0.000000 
0.000000 
0.000000 
0.000000 
0.000000 
0.000000 
0.000000 
0.000000 
0.000000 
0.000000 
0.000000 
0.000000 
0.000000 
0.000000 
0.000000 
0.000000 
0.000000 
0.000000 
0.000000 
0.000000 
0.000000 
0.000000 
0.000000 
0.000000 
0.000000 
0.000000 
0.000000 
0.000000 
0.000000 
0.000000 
0.000000 
0.000000 
0.000000 
0.000000 
0.000000 
0.000000 
0.000000 
0.000000 
0.000000 
0.000000 
0.000000 
0.000000 
0.000000 
0.000000 
0.000000 
0.000000 
0.000000 
0.000000 
0.000000 
0.000000 
0.000000 
0.000000 
0.000000 
0.000000 
0.000000 
0.000000 
0.000000 
0.000000 
0.000000 
0.000000 
0.000000 
0.000000 
0.000000 
0.000000 
0.000000 
