0.000000 
0.000000 
0.000000 
0.000000 
0.000000 
0.000000 
0.000000 
0.000000 
0.000000 
0.000000 
0.000000 
0.000000 
0.000000 
0.000000 
0.000000 
0.000000 
0.000000 
0.000000 
0.000000 
0.000000 
0.000000 
0.000000 
0.000000 
0.000000 
0.000000 
0.000000 
0.000000 
0.000000 
0.000000 
0.000000 
0.000000 
0.000000 
0.000000 
0.000000 
0.000000 
0.000000 
0.000000 
0.000000 
0.000000 
0.000000 
0.000000 
0.000000 
0.000000 
0.000000 
0.000000 
0.000000 
0.000000 
0.000000 
0.000000 
0.000000 
0.000000 
0.000000 
0.000000 
0.000000 
0.000000 
0.000000 
0.000000 
0.000000 
0.000000 
0.000000 
0.000000 
0.000000 
0.000000 
0.000000 
0.000000 
0.000000 
0.000000 
0.000000 
0.000000 
0.000000 
0.000000 
0.000000 
0.000000 
0.000000 
0.000000 
0.000000 
0.000000 
0.000000 
0.000000 
0.000000 
0.000000 
0.000000 
0.000000 
0.000000 
0.000000 
0.000000 
0.000000 
0.000000 
0.000000 
0.000000 
0.000000 
0.000000 
0.000000 
0.000000 
0.000000 
0.000000 
0.000000 
0.000000 
0.000000 
0.000000 
0.000000 
0.000000 
0.000000 
0.000000 
0.000000 
0.000000 
0.000000 
0.000000 
0.000000 
0.000000 
0.000000 
0.000000 
0.000000 
0.000000 
0.000000 
0.000000 
0.000000 
0.000000 
0.000000 
0.000000 
0.000000 
0.000000 
0.000000 
0.000000 
0.000000 
0.000000 
0.000000 
0.000000 
0.000000 
0.000000 
0.000000 
0.000000 
0.000000 
0.000000 
0.000000 
0.000000 
0.000000 
0.000000 
0.000000 
0.000000 
0.000000 
0.000000 
0.000000 
0.000000 
0.000000 
0.000000 
0.000000 
0.000000 
0.000000 
0.000000 
0.000000 
0.000000 
0.000000 
0.000000 
0.000000 
0.000000 
0.000000 
0.000000 
0.000000 
0.000000 
0.000000 
0.000000 
0.000000 
0.000000 
0.000000 
0.000000 
0.000000 
0.000000 
0.000000 
0.000000 
0.000000 
0.000000 
0.000000 
0.000000 
0.000000 
0.000000 
0.000000 
0.000000 
0.000000 
0.000000 
0.000000 
0.000000 
0.000000 
0.000000 
0.000000 
0.000000 
0.000000 
0.000000 
0.000000 
0.000000 
0.000000 
0.000000 
0.000000 
0.000000 
0.000000 
0.000000 
0.000000 
0.000000 
0.000000 
0.000000 
0.000000 
0.000000 
0.000000 
0.000000 
0.000000 
0.000000 
0.000000 
0.000000 
0.000000 
0.000000 
0.000000 
0.000000 
0.000000 
0.000000 
0.000000 
0.000000 
0.000000 
0.000000 
0.000000 
0.000000 
0.000000 
0.000000 
0.000000 
0.000000 
0.000000 
0.000048 
0.000134 
0.000418 
0.000434 
0.000838 
0.000955 
0.001448 
0.001901 
0.001969 
0.003289 
0.003294 
0.004357 
0.005134 
0.006911 
0.008821 
0.010723 
0.012304 
0.013942 
0.017545 
0.017318 
0.015478 
0.021343 
0.026358 
0.028890 
0.025727 
0.024507 
0.022294 
0.025151 
0.021868 
0.021951 
0.025795 
0.026103 
0.020264 
0.027912 
0.025882 
0.021266 
0.023762 
0.024621 
0.025792 
0.023938 
0.026139 
0.026559 
0.027676 
0.029836 
0.032764 
0.031904 
0.037115 
0.039787 
0.050490 
0.049653 
0.046631 
0.045765 
0.050035 
0.052394 
0.055772 
0.056758 
0.049371 
0.064528 
0.056220 
0.048930 
0.064127 
0.054471 
0.060176 
0.049747 
0.061128 
0.067627 
0.061526 
0.060890 
0.060881 
0.078011 
0.086004 
0.077396 
0.082998 
0.069329 
0.065738 
0.071725 
0.078603 
0.076750 
0.072014 
0.066056 
0.076155 
0.078313 
0.078337 
0.091506 
0.100741 
0.083025 
0.096070 
0.084288 
0.091959 
0.104735 
0.107621 
0.103537 
0.090430 
0.099311 
0.104256 
0.098182 
0.104357 
0.118487 
0.107686 
0.110513 
0.155119 
0.153571 
0.151724 
0.166182 
0.176106 
0.201766 
0.169237 
0.200253 
0.239788 
0.192518 
0.256498 
0.263688 
0.310159 
0.249480 
0.297305 
0.249611 
0.272399 
0.238639 
0.249697 
0.207509 
0.227167 
0.218587 
0.253886 
0.260259 
0.220956 
0.274670 
0.248093 
0.269632 
0.276180 
0.234709 
0.377645 
0.347505 
0.302708 
0.270999 
0.307969 
0.366542 
0.419369 
0.383972 
0.379219 
0.615090 
0.431786 
0.553225 
0.514213 
0.451863 
0.567786 
0.551464 
0.650814 
0.632332 
0.703738 
0.784514 
0.733462 
0.748440 
0.655101 
0.676206 
0.722539 
0.723375 
0.623605 
0.580911 
0.516974 
0.474115 
0.507487 
0.658656 
0.687439 
0.736181 
0.741492 
0.589365 
0.792658 
0.576501 
0.576238 
0.588592 
0.627417 
0.525964 
0.605984 
0.587498 
0.680466 
0.568356 
0.700578 
0.856440 
0.653974 
0.867275 
0.734432 
0.861486 
0.719641 
0.726362 
0.604578 
0.663929 
0.662049 
0.536671 
0.641392 
0.557638 
0.628861 
0.742376 
0.795321 
0.710707 
0.840517 
0.828414 
0.986631 
0.756056 
0.884550 
1.109758 
0.866952 
0.882665 
0.877896 
0.763250 
0.978866 
0.989157 
1.084559 
1.104385 
1.071850 
1.239746 
1.390355 
1.123904 
1.077362 
1.239539 
1.206092 
1.276635 
1.236099 
1.038539 
0.936965 
1.233845 
1.227520 
1.190613 
1.281165 
1.214872 
1.361302 
1.473777 
1.152217 
1.519658 
1.601718 
1.451862 
1.368647 
1.305115 
1.393510 
1.508837 
1.510301 
1.750779 
1.509291 
1.330398 
1.177742 
1.316572 
0.999148 
0.811883 
0.664294 
0.591682 
0.396098 
0.548063 
0.653550 
0.960101 
0.950704 
1.194557 
1.198208 
1.426480 
1.334829 
1.237974 
1.499612 
1.360309 
1.349263 
1.579724 
1.683779 
1.429049 
1.328780 
1.458749 
1.584396 
1.503586 
1.557809 
1.315003 
1.708768 
1.001419 
1.396059 
1.367734 
1.320550 
1.452104 
1.430533 
1.508857 
1.542574 
1.632766 
1.222925 
1.315844 
1.069052 
1.252076 
1.094399 
1.229279 
1.494546 
1.598298 
1.538951 
1.798487 
1.361129 
1.179030 
0.865702 
0.666060 
0.502204 
0.507614 
0.413822 
0.306911 
0.262383 
0.383349 
0.433403 
0.630213 
0.792600 
1.186097 
1.110673 
1.215036 
1.593411 
1.469516 
1.517025 
1.828673 
1.359250 
1.469691 
1.667719 
1.844647 
1.887982 
1.461209 
1.760715 
1.614790 
1.680403 
1.872140 
1.881500 
1.793296 
1.541785 
1.701827 
1.577901 
1.562465 
1.664813 
1.804130 
1.946486 
1.923670 
1.656273 
1.898557 
1.586323 
1.823321 
1.821052 
1.634131 
1.878390 
1.586274 
1.577737 
1.932574 
2.059332 
2.151615 
2.135105 
1.700327 
2.144570 
2.388368 
1.950336 
2.021603 
1.612493 
1.888575 
1.919804 
2.129929 
1.690241 
2.290777 
2.401293 
1.812686 
2.465505 
2.202278 
2.130366 
2.256818 
2.121698 
1.756312 
2.209525 
2.051788 
1.968813 
1.705646 
1.893469 
1.981093 
2.101725 
1.960641 
1.802731 
2.027056 
2.182747 
2.148833 
2.071660 
1.644093 
1.409204 
1.331528 
1.111805 
1.284902 
1.554206 
1.131450 
1.366691 
1.648351 
1.486184 
2.212282 
2.319319 
2.399796 
2.260327 
2.245071 
2.397901 
2.355884 
2.490510 
1.886237 
1.861465 
2.058236 
1.786727 
1.316299 
1.382915 
1.320355 
1.191238 
1.114841 
0.936911 
1.080345 
1.153024 
1.420223 
1.786538 
2.752856 
2.185645 
2.303801 
2.258365 
2.493025 
1.478333 
2.331808 
1.656524 
2.089088 
1.775120 
1.476056 
1.495548 
1.448647 
1.883989 
1.923452 
2.406724 
2.319336 
2.197207 
2.563826 
2.567118 
2.029928 
2.066536 
1.676280 
1.935449 
1.984868 
2.020612 
1.869503 
2.257230 
2.105969 
2.258291 
2.515878 
2.277691 
2.723234 
2.362127 
2.084012 
1.760255 
1.789679 
1.398361 
1.085691 
0.822559 
0.632320 
0.567846 
0.472779 
0.489607 
0.382479 
0.414428 
0.364797 
0.527515 
0.913143 
1.114128 
1.636110 
1.856000 
1.848246 
2.105838 
2.382960 
1.806661 
2.293996 
2.530658 
2.303672 
2.273247 
2.580820 
2.179918 
2.236325 
2.318960 
1.947740 
1.997070 
2.818429 
2.345551 
2.336833 
2.222252 
2.643504 
2.531457 
2.535792 
2.443985 
2.559722 
2.078154 
2.435291 
1.989824 
1.282728 
1.141623 
0.775517 
0.700229 
0.653162 
0.720102 
0.836531 
0.808147 
1.162928 
1.075235 
1.092902 
1.115152 
1.558037 
1.342296 
1.242468 
1.373699 
1.188358 
0.800190 
0.833907 
0.811979 
1.208310 
1.423447 
1.401568 
1.438389 
1.810360 
1.877001 
2.257085 
1.900183 
1.645395 
1.943981 
1.513502 
1.262160 
1.004160 
0.882448 
0.886362 
0.959500 
0.950651 
0.964517 
1.030073 
1.221202 
1.032350 
0.964137 
0.950348 
0.773197 
0.840496 
1.086398 
0.967947 
0.879959 
1.104494 
1.060628 
1.411431 
1.669273 
1.456991 
1.454665 
1.771771 
1.850925 
1.819897 
2.333235 
2.446667 
2.534791 
2.351932 
2.262109 
2.170419 
1.930266 
1.779325 
1.604517 
1.060694 
1.091618 
0.832865 
0.783624 
0.646039 
0.675276 
0.665039 
0.555740 
0.697886 
0.800962 
1.000863 
1.354782 
1.532684 
1.459554 
2.074258 
2.008593 
2.451846 
2.704153 
2.366007 
2.443877 
2.638389 
2.431368 
2.430044 
2.134063 
2.339868 
2.114759 
2.282052 
2.167659 
2.232291 
2.379281 
1.715016 
1.861230 
2.283611 
2.180670 
1.933609 
1.982759 
1.774499 
2.494896 
2.267787 
2.300277 
2.395382 
2.039498 
2.290009 
2.426682 
2.495557 
1.776346 
2.721292 
2.277621 
2.268012 
2.580334 
2.514635 
2.568901 
2.226555 
2.167478 
2.148795 
1.627466 
1.711779 
1.962617 
1.579783 
2.099535 
2.068047 
1.905591 
2.260015 
2.073140 
2.232299 
1.931222 
2.080937 
2.261718 
2.431304 
2.307183 
2.150184 
2.016109 
1.601727 
2.412598 
2.324546 
2.000629 
2.057740 
1.833237 
1.912282 
1.869511 
1.923720 
1.869913 
1.863098 
1.971252 
1.312051 
1.294604 
1.269320 
1.042621 
1.319784 
1.757161 
1.985849 
2.151445 
2.062420 
1.799588 
2.438379 
1.944648 
2.159504 
1.999622 
2.015528 
1.604167 
1.890808 
1.892829 
1.883945 
1.904044 
2.102545 
2.150275 
2.207154 
2.431891 
2.182341 
2.024997 
1.922366 
1.820771 
1.673932 
1.653975 
1.436569 
1.734363 
1.474158 
1.487303 
1.386725 
1.528470 
1.545298 
1.387848 
1.445966 
1.482352 
1.262499 
1.349404 
1.707051 
1.398221 
1.580219 
1.722564 
1.472897 
1.687544 
1.565465 
1.385732 
1.461833 
0.944259 
0.660399 
0.656271 
0.628629 
0.507705 
0.505759 
0.539111 
0.555623 
0.501139 
0.448585 
0.485558 
0.480985 
0.468552 
0.542788 
0.542571 
0.499627 
0.618059 
0.627098 
0.729032 
0.724279 
0.851894 
1.069345 
0.978788 
1.256467 
1.539114 
1.061733 
1.530906 
1.677567 
1.379588 
1.716189 
1.444271 
1.313767 
1.297085 
1.114991 
1.134294 
1.150163 
1.044414 
0.897338 
0.770095 
0.815258 
0.990916 
0.958584 
0.843209 
0.968325 
0.836791 
1.135925 
0.921132 
1.221725 
1.127533 
1.367267 
1.410514 
1.702950 
1.555819 
1.145284 
1.597391 
1.479297 
1.487880 
1.817994 
1.692131 
1.562031 
1.216825 
0.994106 
0.981597 
1.121184 
0.944454 
0.845381 
0.810302 
1.244510 
0.967397 
0.817715 
1.032606 
0.993952 
0.914547 
1.009221 
0.966010 
1.008419 
1.176068 
1.126057 
1.008317 
1.195686 
1.224238 
1.554354 
1.304128 
1.127700 
1.174823 
1.042926 
0.758507 
0.677055 
0.793167 
0.849172 
0.977065 
1.028280 
0.971574 
0.992572 
0.861162 
0.785151 
0.551886 
0.584686 
0.556712 
0.557510 
0.552483 
0.623329 
0.572507 
0.649576 
0.825012 
0.499529 
0.617247 
0.584943 
0.638846 
0.686995 
0.607092 
0.626672 
0.615222 
0.624337 
0.505622 
0.518629 
0.428473 
0.479132 
0.437430 
0.430095 
0.361300 
0.330828 
0.325563 
0.349025 
0.317744 
0.329949 
0.303675 
0.257869 
0.271063 
0.247614 
0.208573 
0.206196 
0.191555 
0.213564 
0.220532 
0.184642 
0.176870 
0.173118 
0.221627 
0.211241 
0.211365 
0.233479 
0.230494 
0.216985 
0.183478 
0.247977 
0.242978 
0.244246 
0.225400 
0.223784 
0.225477 
0.302221 
0.324851 
0.332348 
0.251297 
0.317953 
0.323479 
0.329654 
0.365774 
0.342442 
0.337198 
0.264302 
0.323250 
0.376044 
0.357318 
0.297119 
0.276889 
0.369903 
0.356626 
0.368662 
0.396513 
0.357828 
0.394351 
0.360496 
0.335719 
0.426221 
0.382281 
0.510503 
0.479203 
0.463181 
0.555395 
0.500517 
0.447463 
0.479976 
0.591291 
0.795048 
0.867028 
0.925708 
0.826523 
0.798855 
0.952257 
0.817755 
0.767146 
0.623785 
0.551212 
0.462687 
0.410362 
0.396782 
0.380081 
0.302955 
0.294289 
0.335496 
0.363647 
0.312390 
0.317564 
0.274683 
0.222539 
0.196384 
0.175754 
0.183455 
0.152810 
0.141329 
0.221565 
0.144541 
0.145820 
0.145659 
0.131159 
0.128078 
0.146954 
0.130045 
0.160920 
0.156527 
0.135189 
0.155821 
0.142032 
0.173435 
0.145073 
0.159239 
0.148075 
0.156731 
0.128748 
0.143890 
0.130670 
0.160527 
0.179138 
0.152900 
0.174248 
0.147395 
0.159323 
0.165865 
0.137950 
0.140028 
0.119959 
0.147316 
0.141322 
0.111857 
0.115088 
0.122306 
0.090695 
0.093595 
0.083840 
0.076159 
0.084596 
0.076067 
0.070130 
0.077170 
0.073341 
0.074651 
0.074183 
0.066886 
0.065151 
0.069836 
0.063051 
0.060329 
0.057416 
0.064354 
0.050887 
0.054805 
0.056365 
0.057726 
0.043462 
0.041207 
0.040577 
0.038894 
0.030759 
0.036267 
0.030988 
0.028423 
0.022809 
0.023291 
0.024732 
0.021361 
0.020288 
0.022655 
0.018998 
0.014152 
0.014792 
0.013236 
0.014931 
0.014203 
0.016194 
0.013182 
0.015767 
0.014192 
0.015565 
0.016264 
0.013423 
0.015272 
0.014991 
0.014923 
0.016144 
0.016245 
0.011789 
0.013125 
0.011770 
0.009053 
0.008941 
0.007485 
0.006689 
0.006345 
0.006096 
0.005735 
0.005441 
0.006077 
0.005624 
0.006111 
0.005629 
0.005875 
0.005118 
0.005797 
0.005440 
0.004556 
0.005290 
0.005180 
0.004190 
0.003746 
0.003853 
0.003668 
0.003148 
0.002788 
0.002374 
0.002151 
0.001770 
0.001396 
0.000836 
0.000668 
0.000328 
0.000170 
0.000121 
0.000071 
0.000034 
0.000008 
0.000000 
0.000000 
0.000000 
0.000000 
0.000000 
0.000000 
0.000000 
0.000000 
0.000000 
0.000000 
0.000000 
0.000000 
0.000000 
0.000000 
0.000000 
0.000000 
0.000000 
0.000000 
0.000000 
0.000000 
0.000000 
0.000000 
0.000000 
0.000000 
0.000000 
0.000000 
0.000000 
0.000000 
0.000000 
0.000000 
0.000000 
0.000000 
0.000000 
0.000000 
0.000000 
0.000000 
0.000000 
0.000000 
0.000000 
0.000000 
0.000000 
0.000000 
0.000000 
0.000000 
0.000000 
0.000000 
0.000000 
0.000000 
0.000000 
0.000000 
0.000000 
0.000000 
0.000000 
0.000000 
0.000000 
0.000000 
0.000000 
0.000000 
0.000000 
0.000000 
0.000000 
0.000000 
0.000000 
0.000000 
0.000000 
0.000000 
0.000000 
0.000000 
0.000000 
0.000000 
0.000000 
0.000000 
0.000000 
0.000000 
0.000000 
0.000000 
0.000000 
0.000000 
0.000000 
0.000000 
0.000000 
0.000000 
0.000000 
0.000000 
0.000000 
0.000000 
0.000000 
0.000000 
0.000000 
0.000000 
0.000000 
0.000000 
0.000000 
0.000000 
0.000000 
0.000000 
0.000000 
0.000000 
0.000000 
0.000000 
0.000000 
0.000000 
0.000000 
0.000000 
0.000000 
0.000000 
0.000000 
0.000000 
0.000000 
0.000000 
0.000000 
0.000000 
0.000000 
0.000000 
0.000000 
0.000000 
0.000000 
0.000000 
0.000000 
0.000000 
0.000000 
0.000000 
0.000000 
0.000000 
0.000000 
0.000000 
0.000000 
0.000000 
0.000000 
0.000000 
0.000000 
0.000000 
0.000000 
0.000000 
0.000000 
0.000000 
0.000000 
0.000000 
0.000000 
0.000000 
0.000000 
0.000000 
0.000000 
0.000000 
0.000000 
0.000000 
0.000000 
0.000000 
0.000000 
0.000000 
0.000000 
0.000000 
0.000000 
0.000000 
0.000000 
0.000000 
0.000000 
0.000000 
0.000000 
0.000000 
0.000000 
0.000000 
0.000000 
0.000000 
0.000000 
0.000000 
0.000000 
0.000000 
0.000000 
0.000000 
0.000000 
0.000000 
0.000000 
0.000000 
0.000000 
0.000000 
0.000000 
0.000000 
0.000000 
0.000000 
0.000000 
0.000000 
0.000000 
0.000000 
0.000000 
0.000000 
0.000000 
0.000000 
0.000000 
0.000000 
0.000000 
