0.000000 
0.000000 
0.000000 
0.000000 
0.000000 
0.000000 
0.000000 
0.000000 
0.000000 
0.000000 
0.000000 
0.000000 
0.000000 
0.000000 
0.000000 
0.000000 
0.000000 
0.000000 
0.000000 
0.000000 
0.000000 
0.000000 
0.000000 
0.000000 
0.000000 
0.000000 
0.000000 
0.000000 
0.000000 
0.000000 
0.000000 
0.000000 
0.000000 
0.000000 
0.000000 
0.000000 
0.000000 
0.000000 
0.000000 
0.000000 
0.000000 
0.000000 
0.000000 
0.000000 
0.000000 
0.000000 
0.000000 
0.000000 
0.000000 
0.000000 
0.000000 
0.000000 
0.000000 
0.000000 
0.000000 
0.000000 
0.000000 
0.000000 
0.000000 
0.000000 
0.000000 
0.000000 
0.000000 
0.000000 
0.000000 
0.000000 
0.000000 
0.000000 
0.000000 
0.000000 
0.000000 
0.000000 
0.000000 
0.000000 
0.000000 
0.000000 
0.000000 
0.000000 
0.000000 
0.000000 
0.000000 
0.000000 
0.000000 
0.000000 
0.000000 
0.000000 
0.000000 
0.000000 
0.000000 
0.000000 
0.000000 
0.000000 
0.000000 
0.000000 
0.000000 
0.000000 
0.000000 
0.000000 
0.000000 
0.000000 
0.000000 
0.000000 
0.000000 
0.000000 
0.000000 
0.000000 
0.000000 
0.000000 
0.000000 
0.000000 
0.000000 
0.000000 
0.000000 
0.000000 
0.000000 
0.000000 
0.000000 
0.000000 
0.000000 
0.000000 
0.000000 
0.000000 
0.000000 
0.000000 
0.000000 
0.000000 
0.000000 
0.000000 
0.000000 
0.000000 
0.000000 
0.000000 
0.000000 
0.000000 
0.000000 
0.000000 
0.000000 
0.000000 
0.000000 
0.000000 
0.000000 
0.000000 
0.000000 
0.000000 
0.000000 
0.000000 
0.000000 
0.000000 
0.000000 
0.000000 
0.000000 
0.000000 
0.000000 
0.000000 
0.000000 
0.000000 
0.000000 
0.000000 
0.000000 
0.000000 
0.000000 
0.000000 
0.000000 
0.000000 
0.000000 
0.000000 
0.000000 
0.000000 
0.000000 
0.000000 
0.000000 
0.000000 
0.000000 
0.000000 
0.000000 
0.000000 
0.000000 
0.000000 
0.000000 
0.000000 
0.000000 
0.000000 
0.000000 
0.000000 
0.000000 
0.000000 
0.000000 
0.000000 
0.000000 
0.000000 
0.000000 
0.000000 
0.000000 
0.000000 
0.000000 
0.000000 
0.000000 
0.000000 
0.000000 
0.000000 
0.000000 
0.000000 
0.000000 
0.000000 
0.000000 
0.000000 
0.000000 
0.000000 
0.000000 
0.000000 
0.000000 
0.000000 
0.000000 
0.000000 
0.000000 
0.000000 
0.000000 
0.000000 
0.000000 
0.000000 
0.000000 
0.000000 
0.000000 
0.000000 
0.000000 
0.000073 
0.000230 
0.000557 
0.000863 
0.001022 
0.001768 
0.002140 
0.002565 
0.003220 
0.005187 
0.006716 
0.008430 
0.009376 
0.011303 
0.013568 
0.012468 
0.019502 
0.021311 
0.024422 
0.026301 
0.029896 
0.044629 
0.029042 
0.035447 
0.039126 
0.040557 
0.043471 
0.042732 
0.039766 
0.037344 
0.034611 
0.039100 
0.041471 
0.034726 
0.033271 
0.035934 
0.038432 
0.035381 
0.038276 
0.037784 
0.041598 
0.042758 
0.052822 
0.050443 
0.050117 
0.066278 
0.067529 
0.066552 
0.071481 
0.074686 
0.084763 
0.090965 
0.067662 
0.083317 
0.080133 
0.076162 
0.080060 
0.093835 
0.076124 
0.090143 
0.079048 
0.086975 
0.098671 
0.101687 
0.089529 
0.099302 
0.115657 
0.109935 
0.103298 
0.124493 
0.115888 
0.121535 
0.143822 
0.138524 
0.102494 
0.115131 
0.115160 
0.138215 
0.137506 
0.115043 
0.142836 
0.131688 
0.136042 
0.126872 
0.148659 
0.137298 
0.141024 
0.158971 
0.170323 
0.174747 
0.145548 
0.165455 
0.146354 
0.158450 
0.176619 
0.180844 
0.136313 
0.174021 
0.171692 
0.177854 
0.185988 
0.202506 
0.249454 
0.256598 
0.276842 
0.265019 
0.306504 
0.285801 
0.318048 
0.284514 
0.434880 
0.375114 
0.449674 
0.454376 
0.376340 
0.405358 
0.396738 
0.340281 
0.374052 
0.375329 
0.332303 
0.328846 
0.301894 
0.412440 
0.463940 
0.462528 
0.495941 
0.397076 
0.549286 
0.443367 
0.409309 
0.522938 
0.514641 
0.516848 
0.460786 
0.624069 
0.690552 
0.659799 
0.734530 
0.997655 
0.738355 
0.538465 
0.804132 
0.836391 
0.895212 
0.945086 
1.046554 
1.312905 
1.306908 
1.276152 
1.466656 
0.973521 
1.189720 
1.059704 
1.028588 
0.989066 
0.948869 
0.924596 
0.832388 
0.995565 
1.021817 
0.893498 
1.122239 
0.976313 
1.145300 
1.280701 
0.953368 
1.017910 
0.968735 
0.897537 
0.894457 
1.012552 
1.002022 
0.814011 
0.973572 
1.100492 
0.904612 
1.094172 
1.304781 
1.175482 
1.366630 
1.423011 
1.416431 
1.021688 
1.082547 
1.042821 
1.187391 
0.944741 
1.016857 
1.066584 
1.146025 
0.969054 
1.187768 
1.157820 
1.480428 
1.174940 
1.308816 
1.442769 
1.532296 
1.441782 
1.512861 
1.619049 
1.311624 
1.507499 
1.588180 
1.531241 
1.806444 
1.487605 
1.493675 
1.512192 
1.822569 
1.814087 
1.565512 
1.988381 
2.114516 
2.057841 
1.954453 
1.616628 
1.925664 
2.002495 
1.987742 
2.071533 
2.349145 
2.250629 
2.043820 
2.263449 
2.405952 
2.511539 
2.264469 
1.841345 
1.871356 
1.956272 
2.785284 
1.966913 
2.485768 
2.821384 
2.273383 
1.913230 
2.234800 
1.857840 
1.884932 
1.400982 
1.211574 
1.095866 
0.644913 
0.891002 
1.125094 
1.783566 
2.040384 
1.701842 
2.161055 
2.050647 
2.211031 
2.026663 
1.839040 
1.782794 
2.264647 
2.413875 
1.874990 
2.389053 
2.353388 
1.811145 
2.393594 
2.369250 
2.237824 
2.068264 
2.034949 
2.153114 
2.335549 
2.160047 
2.704723 
2.078204 
2.432981 
2.399512 
2.171763 
2.551046 
2.337918 
2.201773 
2.238299 
1.800915 
1.966882 
1.970681 
2.403731 
2.369623 
2.093422 
2.801088 
2.419437 
1.789619 
1.276695 
1.121195 
0.899968 
0.802543 
0.642131 
0.492686 
0.412540 
0.494271 
0.680480 
1.089880 
1.179510 
1.824827 
1.798853 
2.733041 
2.030664 
2.595261 
2.449543 
2.865580 
2.947590 
2.882226 
2.748039 
2.146075 
2.787079 
2.816648 
2.858588 
2.546756 
3.467914 
3.063140 
2.320008 
2.562481 
2.736869 
3.062653 
2.799699 
2.609140 
2.449455 
2.815519 
2.501685 
3.354580 
2.944986 
2.465728 
2.490238 
2.927720 
2.734728 
2.958941 
3.260995 
2.617671 
2.775817 
2.998216 
3.051056 
3.042795 
3.230947 
3.127113 
2.761991 
3.050180 
3.161300 
3.319272 
2.959913 
2.773912 
2.708157 
3.045417 
3.044899 
2.744358 
3.317787 
3.052056 
3.477190 
2.933309 
3.067032 
2.943206 
3.166232 
3.177926 
3.192659 
3.695823 
3.858235 
3.071146 
3.010712 
3.468252 
3.182388 
2.881962 
3.419304 
3.534028 
3.183592 
3.541409 
2.966793 
2.848323 
2.677435 
1.943512 
1.928651 
1.953714 
2.071016 
2.374606 
2.286591 
2.762946 
2.818278 
3.190245 
3.881317 
4.219167 
3.408297 
3.479288 
3.846040 
3.258655 
2.918323 
3.076422 
3.334498 
2.597530 
2.333561 
2.643414 
2.451518 
2.322566 
1.632945 
1.698276 
1.709150 
1.574395 
2.042953 
2.282249 
2.648029 
3.134814 
3.787540 
3.958758 
3.717001 
3.301780 
3.563534 
2.894222 
3.528678 
2.930998 
2.559719 
2.381192 
2.247391 
2.459364 
2.499278 
2.838808 
3.366447 
4.467139 
3.681614 
3.488503 
3.625369 
3.260385 
3.780993 
4.049485 
2.919017 
3.395252 
3.205097 
3.155463 
3.045175 
3.378481 
3.384377 
3.876982 
3.158898 
3.300222 
3.940849 
3.389715 
2.489909 
2.663665 
2.171777 
1.566478 
1.263906 
0.937571 
0.762364 
0.719942 
0.608640 
0.716809 
0.727709 
0.722747 
0.839941 
1.452156 
2.083489 
2.564746 
3.413924 
3.130214 
3.471839 
3.495321 
3.667646 
3.379220 
3.627665 
3.145415 
3.790998 
3.286119 
3.567607 
4.351799 
3.111316 
4.106180 
4.316299 
4.257646 
3.581356 
3.644367 
3.706056 
4.386280 
3.297650 
3.468492 
3.876394 
4.041062 
3.730532 
3.668182 
3.315208 
3.040390 
1.704123 
1.140987 
1.116214 
0.882354 
1.160434 
1.337199 
1.444782 
1.747707 
1.897411 
1.930235 
2.264903 
1.782731 
2.508540 
1.708592 
1.816911 
1.724412 
1.236884 
1.119289 
1.451332 
1.486446 
2.115556 
2.253643 
2.543532 
2.518349 
2.781649 
2.570159 
3.112052 
2.997472 
2.858286 
2.523897 
1.966352 
1.539455 
1.421847 
1.352190 
1.526159 
1.693782 
1.700145 
1.479061 
1.579205 
1.536409 
1.562177 
1.394407 
1.437213 
1.429413 
1.412607 
1.792326 
1.850846 
1.909511 
1.668264 
2.048409 
2.074521 
2.348930 
2.426750 
2.413222 
2.699109 
3.512288 
3.214339 
3.719089 
3.681872 
4.231999 
3.615708 
3.514343 
2.961351 
2.615442 
2.154385 
2.281961 
1.501969 
1.278211 
0.989232 
1.232724 
1.113679 
0.977737 
0.920091 
1.051648 
1.451819 
1.500829 
1.941823 
2.429648 
2.661877 
2.407338 
3.486801 
3.856613 
4.193140 
4.233093 
4.035492 
4.431711 
4.809748 
3.634424 
3.699561 
3.874510 
3.642858 
2.825367 
4.110439 
4.161558 
3.782536 
3.769889 
3.693971 
3.741948 
3.031327 
3.265278 
3.427410 
3.948927 
3.162214 
3.660868 
3.776086 
4.026829 
3.696226 
3.318242 
3.705070 
3.757764 
3.417827 
2.816709 
3.842008 
3.427500 
3.896283 
3.433766 
2.927698 
4.170637 
3.645016 
2.533351 
2.651076 
3.065421 
3.028319 
3.504992 
3.385373 
3.482997 
2.663545 
4.111366 
3.658320 
3.505392 
3.501336 
3.708477 
3.009930 
3.141387 
3.153120 
3.553199 
3.666613 
3.274746 
3.230085 
3.405981 
3.881632 
4.023216 
2.682163 
3.222411 
3.364930 
3.342298 
3.219918 
2.734688 
2.189755 
2.544290 
2.036777 
2.565694 
2.027808 
2.030263 
2.197912 
2.869678 
2.751335 
3.057099 
3.266876 
3.243134 
2.785556 
3.358732 
3.450067 
4.109309 
2.594579 
3.789271 
3.380484 
3.263944 
3.061635 
3.005508 
3.113596 
3.412038 
3.283897 
3.646249 
3.584744 
2.660883 
2.439465 
2.046881 
2.282175 
2.093449 
2.256300 
2.310246 
2.735953 
2.761107 
2.526249 
1.997767 
2.172795 
2.207828 
2.312939 
2.281956 
2.348903 
2.356807 
2.786911 
2.489811 
2.698953 
2.336501 
2.771341 
2.324471 
2.433323 
2.405786 
1.709997 
1.352778 
1.026386 
0.809542 
0.950646 
0.769178 
0.790571 
0.744006 
0.728660 
0.800718 
0.793236 
0.783817 
0.816087 
0.786285 
0.950455 
0.922357 
0.884786 
1.093267 
0.879951 
1.253619 
1.386986 
1.562670 
1.720330 
1.742161 
2.119586 
2.276147 
2.742561 
2.695470 
2.498523 
2.669700 
2.759470 
1.976055 
1.659720 
2.052580 
1.793445 
1.798352 
1.619377 
1.562798 
1.257163 
1.628188 
1.558617 
1.413737 
1.307644 
1.295628 
1.331805 
1.355134 
1.539759 
1.754881 
2.005982 
1.868515 
2.585508 
2.274065 
2.522308 
2.885603 
2.807477 
2.967127 
2.485742 
2.259842 
2.238182 
2.326555 
1.983466 
2.063850 
1.679180 
1.347147 
1.379518 
1.494688 
1.279965 
1.764134 
1.407582 
1.734007 
1.563528 
1.540176 
1.734378 
1.707996 
1.766526 
1.599231 
2.186416 
1.889650 
1.675290 
1.938227 
2.348086 
2.113682 
1.819382 
1.936014 
1.473898 
1.363905 
1.293342 
1.083433 
0.905467 
1.682987 
1.822889 
1.444153 
1.784488 
1.541620 
1.481450 
1.073190 
0.868533 
0.937162 
0.999640 
1.035705 
1.119743 
1.114129 
0.899354 
1.041581 
1.129851 
0.829988 
0.934760 
1.224324 
1.069967 
1.079886 
1.050741 
1.088656 
0.964411 
0.944143 
0.791488 
0.716228 
0.830924 
0.856292 
0.795487 
0.792109 
0.609800 
0.713156 
0.467919 
0.535700 
0.495722 
0.469110 
0.446283 
0.472546 
0.474514 
0.348346 
0.372564 
0.395933 
0.393301 
0.316937 
0.301398 
0.355704 
0.379376 
0.295643 
0.301275 
0.379724 
0.326268 
0.373632 
0.305526 
0.310149 
0.286635 
0.381631 
0.396798 
0.404126 
0.390042 
0.362458 
0.393657 
0.463248 
0.433658 
0.424370 
0.481539 
0.444328 
0.434273 
0.570404 
0.473757 
0.588558 
0.559406 
0.561266 
0.553506 
0.554132 
0.560540 
0.641994 
0.561635 
0.581626 
0.512804 
0.679566 
0.491026 
0.510230 
0.537489 
0.549132 
0.674507 
0.602454 
0.602758 
0.724640 
0.618645 
0.861530 
0.758924 
0.980632 
0.776737 
0.901134 
1.159165 
1.240905 
1.458694 
1.133636 
1.406690 
1.533555 
1.389228 
1.208677 
1.146365 
1.245161 
0.870202 
0.843030 
0.682900 
0.680781 
0.647539 
0.539654 
0.604818 
0.557506 
0.582692 
0.661183 
0.475559 
0.428543 
0.378663 
0.313202 
0.317057 
0.328043 
0.267143 
0.322190 
0.245851 
0.254495 
0.270465 
0.268067 
0.200214 
0.234904 
0.196724 
0.238926 
0.226963 
0.228291 
0.292141 
0.262830 
0.218162 
0.266082 
0.265035 
0.218381 
0.247230 
0.263514 
0.273816 
0.206497 
0.274511 
0.235486 
0.231244 
0.281332 
0.299018 
0.262654 
0.263787 
0.254942 
0.180835 
0.261984 
0.234957 
0.204175 
0.225234 
0.161899 
0.201423 
0.180926 
0.165673 
0.133881 
0.135435 
0.147570 
0.137000 
0.107814 
0.115863 
0.107412 
0.110364 
0.126836 
0.100014 
0.108972 
0.094671 
0.108823 
0.109330 
0.106982 
0.097402 
0.089353 
0.091863 
0.085834 
0.074728 
0.073385 
0.075529 
0.064337 
0.053616 
0.058778 
0.052054 
0.054563 
0.048802 
0.049629 
0.045462 
0.035885 
0.036405 
0.032578 
0.029047 
0.026116 
0.025355 
0.020355 
0.023838 
0.024199 
0.021072 
0.024183 
0.022617 
0.025570 
0.022185 
0.025444 
0.026539 
0.025033 
0.029057 
0.026029 
0.022951 
0.027631 
0.021717 
0.025089 
0.026183 
0.019805 
0.019521 
0.013282 
0.012114 
0.012636 
0.010215 
0.011240 
0.011188 
0.008932 
0.009379 
0.011467 
0.008766 
0.007309 
0.010551 
0.007734 
0.009665 
0.009365 
0.010856 
0.009300 
0.008405 
0.008758 
0.008776 
0.006469 
0.006736 
0.005021 
0.004833 
0.004418 
0.003757 
0.003082 
0.002824 
0.002520 
0.001632 
0.001172 
0.000557 
0.000275 
0.000169 
0.000112 
0.000051 
0.000011 
0.000000 
0.000000 
0.000000 
0.000000 
0.000000 
0.000000 
0.000000 
0.000000 
0.000000 
0.000000 
0.000000 
0.000000 
0.000000 
0.000000 
0.000000 
0.000000 
0.000000 
0.000000 
0.000000 
0.000000 
0.000000 
0.000000 
0.000000 
0.000000 
0.000000 
0.000000 
0.000000 
0.000000 
0.000000 
0.000000 
0.000000 
0.000000 
0.000000 
0.000000 
0.000000 
0.000000 
0.000000 
0.000000 
0.000000 
0.000000 
0.000000 
0.000000 
0.000000 
0.000000 
0.000000 
0.000000 
0.000000 
0.000000 
0.000000 
0.000000 
0.000000 
0.000000 
0.000000 
0.000000 
0.000000 
0.000000 
0.000000 
0.000000 
0.000000 
0.000000 
0.000000 
0.000000 
0.000000 
0.000000 
0.000000 
0.000000 
0.000000 
0.000000 
0.000000 
0.000000 
0.000000 
0.000000 
0.000000 
0.000000 
0.000000 
0.000000 
0.000000 
0.000000 
0.000000 
0.000000 
0.000000 
0.000000 
0.000000 
0.000000 
0.000000 
0.000000 
0.000000 
0.000000 
0.000000 
0.000000 
0.000000 
0.000000 
0.000000 
0.000000 
0.000000 
0.000000 
0.000000 
0.000000 
0.000000 
0.000000 
0.000000 
0.000000 
0.000000 
0.000000 
0.000000 
0.000000 
0.000000 
0.000000 
0.000000 
0.000000 
0.000000 
0.000000 
0.000000 
0.000000 
0.000000 
0.000000 
0.000000 
0.000000 
0.000000 
0.000000 
0.000000 
0.000000 
0.000000 
0.000000 
0.000000 
0.000000 
0.000000 
0.000000 
0.000000 
0.000000 
0.000000 
0.000000 
0.000000 
0.000000 
0.000000 
0.000000 
0.000000 
0.000000 
0.000000 
0.000000 
0.000000 
0.000000 
0.000000 
0.000000 
0.000000 
0.000000 
0.000000 
0.000000 
0.000000 
0.000000 
0.000000 
0.000000 
0.000000 
0.000000 
0.000000 
0.000000 
0.000000 
0.000000 
0.000000 
0.000000 
0.000000 
0.000000 
0.000000 
0.000000 
0.000000 
0.000000 
0.000000 
0.000000 
0.000000 
0.000000 
0.000000 
0.000000 
0.000000 
0.000000 
0.000000 
0.000000 
0.000000 
0.000000 
0.000000 
0.000000 
0.000000 
0.000000 
0.000000 
0.000000 
0.000000 
0.000000 
0.000000 
0.000000 
0.000000 
0.000000 
0.000000 
