0.000000 
0.000000 
0.000000 
0.000000 
0.000000 
0.000000 
0.000000 
0.000000 
0.000000 
0.000000 
0.000000 
0.000000 
0.000000 
0.000000 
0.000000 
0.000000 
0.000000 
0.000000 
0.000000 
0.000000 
0.000000 
0.000000 
0.000000 
0.000000 
0.000000 
0.000000 
0.000000 
0.000000 
0.000000 
0.000000 
0.000000 
0.000000 
0.000000 
0.000000 
0.000000 
0.000000 
0.000000 
0.000000 
0.000000 
0.000000 
0.000000 
0.000000 
0.000000 
0.000000 
0.000000 
0.000000 
0.000000 
0.000000 
0.000000 
0.000000 
0.000000 
0.000000 
0.000000 
0.000000 
0.000000 
0.000000 
0.000000 
0.000000 
0.000000 
0.000000 
0.000000 
0.000000 
0.000000 
0.000000 
0.000000 
0.000000 
0.000000 
0.000000 
0.000000 
0.000000 
0.000000 
0.000000 
0.000000 
0.000000 
0.000000 
0.000000 
0.000000 
0.000000 
0.000000 
0.000000 
0.000000 
0.000000 
0.000000 
0.000000 
0.000000 
0.000000 
0.000000 
0.000000 
0.000000 
0.000000 
0.000000 
0.000000 
0.000000 
0.000000 
0.000000 
0.000000 
0.000000 
0.000000 
0.000000 
0.000000 
0.000000 
0.000000 
0.000000 
0.000000 
0.000000 
0.000000 
0.000000 
0.000000 
0.000000 
0.000000 
0.000000 
0.000000 
0.000000 
0.000000 
0.000000 
0.000000 
0.000000 
0.000000 
0.000000 
0.000000 
0.000000 
0.000000 
0.000000 
0.000000 
0.000000 
0.000000 
0.000000 
0.000000 
0.000000 
0.000000 
0.000000 
0.000000 
0.000000 
0.000000 
0.000000 
0.000000 
0.000000 
0.000000 
0.000000 
0.000000 
0.000000 
0.000000 
0.000000 
0.000000 
0.000000 
0.000000 
0.000000 
0.000000 
0.000000 
0.000000 
0.000000 
0.000000 
0.000000 
0.000000 
0.000000 
0.000000 
0.000000 
0.000000 
0.000000 
0.000000 
0.000000 
0.000000 
0.000000 
0.000000 
0.000000 
0.000000 
0.000000 
0.000000 
0.000000 
0.000000 
0.000000 
0.000000 
0.000000 
0.000000 
0.000000 
0.000000 
0.000000 
0.000000 
0.000000 
0.000000 
0.000000 
0.000000 
0.000000 
0.000000 
0.000000 
0.000000 
0.000000 
0.000000 
0.000000 
0.000000 
0.000000 
0.000000 
0.000000 
0.000000 
0.000000 
0.000000 
0.000000 
0.000000 
0.000000 
0.000000 
0.000000 
0.000000 
0.000000 
0.000000 
0.000000 
0.000000 
0.000000 
0.000000 
0.000000 
0.000000 
0.000000 
0.000000 
0.000000 
0.000000 
0.000000 
0.000000 
0.000000 
0.000000 
0.000000 
0.000000 
0.000000 
0.000000 
0.000000 
0.000000 
0.000000 
0.000044 
0.000168 
0.000311 
0.000501 
0.000702 
0.001044 
0.001333 
0.001849 
0.002329 
0.002579 
0.003372 
0.004118 
0.006604 
0.006963 
0.008769 
0.010418 
0.011756 
0.011533 
0.016611 
0.018983 
0.018862 
0.022496 
0.026028 
0.021817 
0.025041 
0.026341 
0.024691 
0.022778 
0.028214 
0.022454 
0.025451 
0.023796 
0.024479 
0.026046 
0.027699 
0.024564 
0.024998 
0.021673 
0.023895 
0.024544 
0.024988 
0.030538 
0.033932 
0.031184 
0.032619 
0.037102 
0.035704 
0.037346 
0.043740 
0.044324 
0.045898 
0.045663 
0.052163 
0.051099 
0.058319 
0.046227 
0.046187 
0.046519 
0.053390 
0.057295 
0.057881 
0.056913 
0.058556 
0.050864 
0.069809 
0.062896 
0.059718 
0.057919 
0.070509 
0.068843 
0.072032 
0.082162 
0.075596 
0.074769 
0.071415 
0.062693 
0.079654 
0.072095 
0.095582 
0.085290 
0.092210 
0.086591 
0.081037 
0.082038 
0.075271 
0.096152 
0.097409 
0.108881 
0.074964 
0.086165 
0.102983 
0.081515 
0.089994 
0.104626 
0.098894 
0.098397 
0.093179 
0.098470 
0.109765 
0.115199 
0.126485 
0.120865 
0.183888 
0.125454 
0.151064 
0.176128 
0.190981 
0.232868 
0.180692 
0.247998 
0.205481 
0.246696 
0.226290 
0.259184 
0.259472 
0.232240 
0.277074 
0.244371 
0.259852 
0.240925 
0.242474 
0.244152 
0.231517 
0.231974 
0.283274 
0.306743 
0.281500 
0.285308 
0.290193 
0.299903 
0.285099 
0.292009 
0.318852 
0.338155 
0.314821 
0.293067 
0.347857 
0.306942 
0.421462 
0.512330 
0.544687 
0.459978 
0.539028 
0.543012 
0.524820 
0.541572 
0.661960 
0.758231 
0.728885 
0.855847 
0.759596 
0.948778 
0.736544 
0.549738 
0.730974 
0.616638 
0.745893 
0.575291 
0.579099 
0.559322 
0.724367 
0.782210 
0.664983 
0.684377 
0.719644 
0.651117 
0.653468 
0.533365 
0.572921 
0.570228 
0.631010 
0.529432 
0.560978 
0.522892 
0.613935 
0.520136 
0.767921 
0.765942 
0.696010 
0.662705 
0.798997 
0.804749 
0.729788 
0.767638 
0.812681 
0.623275 
0.676067 
0.726959 
0.624251 
0.502974 
0.638776 
0.724671 
0.638011 
0.738895 
0.822137 
0.866601 
0.909630 
0.980782 
1.098148 
0.983657 
1.040273 
1.102838 
0.930076 
0.971608 
0.825984 
1.021845 
0.940861 
1.045138 
1.093391 
1.095830 
1.078019 
1.069946 
1.083407 
1.478409 
1.355189 
1.270669 
0.951801 
1.503425 
1.260072 
1.116795 
1.070546 
1.380223 
1.409008 
1.352249 
1.371534 
1.548816 
1.480609 
1.095474 
1.231572 
1.706556 
1.453126 
1.408455 
1.569131 
1.434251 
1.533776 
1.553983 
1.493914 
1.257774 
1.276487 
1.164926 
0.958053 
0.731237 
0.667967 
0.610237 
0.435830 
0.554200 
0.795634 
0.913503 
1.137809 
1.201312 
1.452911 
1.274563 
1.428731 
1.186092 
1.444648 
1.189290 
1.373872 
1.547936 
1.617753 
1.505044 
1.526824 
1.566318 
1.318558 
1.399014 
1.099360 
1.418297 
1.421496 
1.353471 
1.602445 
1.496009 
1.653885 
1.361267 
1.509391 
1.512603 
1.340604 
1.406748 
1.531373 
1.058126 
1.115477 
1.079273 
1.148500 
1.344417 
1.287502 
1.428825 
1.367247 
1.440149 
1.072924 
1.059580 
0.954333 
0.759378 
0.611008 
0.463575 
0.388471 
0.300921 
0.233465 
0.361635 
0.443186 
0.731320 
0.878725 
0.975343 
1.223428 
1.420152 
1.446566 
1.663336 
1.407500 
1.706376 
1.554255 
1.841623 
1.801913 
1.928984 
1.774173 
1.693869 
1.722593 
1.695312 
1.307381 
2.042988 
1.535463 
1.613920 
1.683996 
1.440979 
1.891897 
1.749318 
1.700953 
1.822228 
1.435338 
1.558152 
2.035967 
1.345462 
1.900589 
2.006392 
1.768052 
1.764448 
2.013007 
1.808704 
1.616435 
1.842273 
1.914547 
2.094311 
2.071189 
1.854308 
2.089978 
1.774495 
1.917678 
1.758611 
1.574995 
1.712709 
2.161947 
1.880473 
1.624591 
2.258913 
1.910568 
1.791089 
2.299459 
2.115634 
2.021413 
2.110916 
1.966709 
1.876756 
2.037347 
2.162761 
1.790304 
1.588830 
1.865318 
2.210490 
1.904519 
1.618472 
2.121528 
2.043938 
1.932535 
2.642529 
1.783397 
2.004019 
1.455269 
1.215003 
0.981890 
1.249636 
1.023875 
1.321271 
1.583631 
1.496923 
1.718149 
1.580671 
1.968241 
2.378437 
2.450770 
1.985146 
2.349209 
2.194225 
2.180830 
2.354043 
1.605274 
1.406082 
1.955314 
1.351045 
1.388580 
0.966319 
1.069638 
0.964379 
1.183195 
0.955723 
1.037698 
1.394151 
1.916740 
1.984713 
2.236874 
2.383484 
2.157858 
2.144060 
1.934091 
2.235738 
2.054641 
1.617143 
1.437809 
1.366127 
1.424607 
1.224016 
1.894087 
2.039291 
2.369861 
1.998650 
2.132837 
2.560328 
2.281422 
1.773360 
2.097309 
2.063659 
2.081698 
1.936042 
1.740304 
2.151809 
2.147687 
2.034791 
2.140528 
2.084370 
2.439341 
2.189844 
2.324129 
1.803806 
2.095676 
1.778905 
1.517473 
1.169806 
0.777562 
0.644995 
0.493068 
0.455646 
0.463335 
0.360768 
0.537988 
0.485586 
0.595670 
1.184337 
1.416121 
1.706180 
1.610072 
2.025584 
2.341128 
2.253782 
2.482909 
2.622013 
2.205928 
2.312574 
1.979043 
1.992248 
2.383228 
2.730549 
2.756457 
2.398556 
2.539979 
2.426036 
2.560327 
2.455308 
2.486392 
2.522378 
2.564519 
2.538108 
2.166318 
2.349838 
3.035668 
2.195031 
2.250137 
1.398743 
1.328774 
0.845791 
0.601505 
0.769161 
0.779091 
0.829822 
0.854313 
0.976047 
1.150348 
1.096349 
1.239333 
1.191499 
1.517239 
1.549761 
1.171397 
1.213675 
0.886238 
0.905291 
0.849965 
0.998375 
1.325223 
1.238433 
1.416525 
1.567642 
1.723865 
1.563859 
1.847737 
1.792135 
1.859476 
1.793064 
1.126230 
1.121791 
1.152765 
1.035500 
0.840883 
0.959635 
1.079154 
1.152213 
1.020733 
0.804582 
0.984534 
0.816016 
0.905843 
0.970747 
1.077812 
1.198689 
1.041054 
1.233431 
1.165754 
1.338841 
1.106948 
1.457967 
1.562881 
1.613389 
1.879537 
2.014660 
2.324439 
2.369610 
2.216186 
2.398117 
1.936475 
1.922982 
2.324590 
1.731011 
1.304748 
1.105708 
0.852113 
0.927328 
0.845014 
0.732808 
0.679859 
0.693471 
0.651409 
0.706136 
0.742973 
0.983540 
1.234039 
1.157605 
1.675420 
1.940955 
2.136068 
2.282040 
2.435877 
2.503329 
2.841093 
2.558021 
2.576999 
2.509033 
2.329545 
2.197847 
2.373013 
2.206827 
2.209675 
2.737335 
1.770299 
2.191841 
2.635054 
2.268551 
2.147403 
2.305771 
1.980697 
2.296485 
2.164506 
2.016633 
2.035020 
2.711286 
2.365349 
2.726734 
2.704390 
2.195254 
2.280373 
2.447801 
2.663879 
2.385929 
2.136510 
2.506188 
2.338805 
2.092843 
2.391948 
2.248973 
2.088865 
1.910557 
1.704739 
2.087535 
1.872698 
2.075946 
2.209854 
2.114128 
2.586672 
2.042141 
2.297094 
2.350478 
2.446987 
2.442457 
2.022909 
2.324218 
2.331688 
2.541483 
1.911484 
2.152849 
1.951475 
2.424652 
2.045910 
2.252527 
1.882470 
1.821886 
1.555226 
1.449328 
1.609104 
1.379665 
1.245075 
1.322190 
1.470564 
1.178498 
1.630447 
1.575333 
1.944976 
1.613982 
1.825690 
1.985384 
1.858403 
1.922185 
2.101074 
2.316029 
2.140087 
1.987192 
1.788973 
1.770169 
1.842537 
2.329347 
2.192669 
2.014807 
2.241041 
2.515808 
1.931751 
1.992836 
1.793283 
1.645807 
1.596210 
1.587772 
1.797473 
1.214476 
1.575850 
1.596270 
1.561034 
1.408503 
1.467753 
1.496291 
1.326821 
1.707196 
1.784463 
1.507555 
1.655502 
1.700505 
1.610937 
1.732872 
1.861530 
1.460124 
1.434257 
1.317430 
1.066765 
0.743072 
0.565570 
0.636199 
0.509372 
0.505422 
0.499888 
0.542746 
0.559455 
0.519176 
0.429724 
0.431812 
0.519960 
0.470673 
0.517180 
0.459833 
0.686851 
0.664078 
0.747716 
0.765116 
0.696488 
1.032526 
0.972360 
1.333884 
1.451014 
1.507844 
1.597554 
1.434120 
1.282696 
1.486953 
1.642421 
1.480526 
1.484491 
1.178581 
1.161375 
1.085627 
1.067437 
1.145555 
0.918858 
1.005068 
0.867427 
0.813452 
0.713760 
0.921215 
0.911947 
1.123518 
0.911341 
1.010699 
1.371075 
1.476767 
1.413057 
1.700541 
1.598070 
1.400745 
1.844243 
1.473126 
1.351740 
1.554069 
1.369312 
1.240058 
1.103321 
0.971250 
1.126272 
1.094466 
1.123287 
0.897361 
0.958897 
1.099355 
0.999381 
0.837000 
0.937865 
0.866727 
1.137770 
1.189505 
1.293049 
1.200594 
1.317491 
1.350464 
1.130932 
1.168130 
1.120459 
1.179728 
1.266937 
1.113116 
1.021573 
0.952260 
0.798574 
0.719987 
0.976878 
1.049525 
1.082646 
1.279189 
1.141872 
1.153225 
0.826025 
0.838683 
0.540609 
0.570849 
0.567347 
0.634017 
0.598424 
0.685699 
0.784647 
0.647122 
0.721839 
0.700334 
0.581883 
0.599657 
0.690625 
0.679226 
0.573458 
0.610746 
0.569141 
0.481817 
0.532542 
0.539143 
0.452030 
0.437871 
0.426466 
0.452385 
0.396310 
0.353577 
0.348865 
0.318648 
0.272887 
0.297431 
0.304643 
0.256337 
0.245456 
0.245941 
0.240399 
0.248728 
0.236049 
0.209393 
0.246271 
0.186361 
0.216088 
0.190933 
0.212462 
0.201838 
0.191104 
0.185903 
0.227690 
0.208014 
0.220358 
0.211019 
0.199631 
0.274457 
0.228596 
0.276002 
0.246264 
0.245356 
0.339259 
0.318202 
0.301862 
0.307505 
0.289735 
0.252107 
0.289352 
0.343851 
0.305272 
0.354256 
0.337317 
0.368375 
0.324393 
0.383192 
0.378211 
0.300097 
0.314024 
0.367570 
0.351131 
0.277534 
0.344051 
0.355288 
0.357388 
0.478456 
0.445321 
0.420220 
0.470155 
0.425614 
0.429790 
0.442226 
0.479643 
0.558444 
0.533568 
0.874115 
0.807126 
0.907013 
1.069117 
0.568402 
0.714972 
0.822217 
0.593310 
0.662818 
0.645246 
0.442039 
0.434951 
0.392276 
0.417587 
0.338054 
0.396720 
0.365177 
0.339415 
0.382533 
0.309136 
0.212638 
0.204081 
0.225527 
0.175678 
0.175115 
0.178648 
0.191800 
0.175923 
0.145001 
0.143324 
0.138536 
0.159458 
0.132474 
0.132062 
0.146750 
0.151992 
0.168811 
0.172880 
0.181400 
0.166623 
0.153013 
0.161022 
0.188397 
0.139352 
0.145694 
0.140000 
0.137264 
0.168161 
0.150770 
0.179962 
0.163802 
0.157992 
0.141124 
0.162420 
0.154180 
0.117416 
0.140716 
0.153864 
0.144413 
0.152272 
0.118048 
0.110674 
0.118323 
0.105374 
0.094661 
0.088625 
0.072966 
0.081251 
0.062140 
0.077291 
0.072403 
0.069838 
0.076103 
0.080002 
0.066720 
0.065433 
0.076165 
0.067870 
0.058655 
0.053370 
0.062770 
0.060218 
0.054248 
0.056128 
0.043329 
0.050517 
0.042611 
0.040089 
0.033241 
0.036822 
0.031637 
0.031859 
0.027075 
0.022579 
0.024889 
0.023976 
0.016343 
0.020028 
0.020299 
0.014404 
0.013976 
0.013476 
0.012365 
0.011869 
0.016603 
0.015404 
0.009626 
0.015357 
0.017487 
0.017964 
0.014369 
0.015388 
0.016432 
0.017229 
0.015409 
0.017537 
0.015595 
0.015177 
0.012137 
0.011776 
0.009064 
0.009228 
0.007521 
0.006365 
0.006474 
0.005447 
0.005395 
0.005971 
0.004993 
0.005912 
0.005056 
0.005449 
0.005667 
0.005826 
0.005990 
0.005169 
0.005329 
0.004787 
0.004788 
0.004335 
0.004454 
0.004363 
0.003427 
0.003488 
0.002738 
0.002581 
0.001975 
0.001879 
0.001521 
0.001058 
0.000516 
0.000331 
0.000176 
0.000114 
0.000068 
0.000032 
0.000006 
0.000000 
0.000000 
0.000000 
0.000000 
0.000000 
0.000000 
0.000000 
0.000000 
0.000000 
0.000000 
0.000000 
0.000000 
0.000000 
0.000000 
0.000000 
0.000000 
0.000000 
0.000000 
0.000000 
0.000000 
0.000000 
0.000000 
0.000000 
0.000000 
0.000000 
0.000000 
0.000000 
0.000000 
0.000000 
0.000000 
0.000000 
0.000000 
0.000000 
0.000000 
0.000000 
0.000000 
0.000000 
0.000000 
0.000000 
0.000000 
0.000000 
0.000000 
0.000000 
0.000000 
0.000000 
0.000000 
0.000000 
0.000000 
0.000000 
0.000000 
0.000000 
0.000000 
0.000000 
0.000000 
0.000000 
0.000000 
0.000000 
0.000000 
0.000000 
0.000000 
0.000000 
0.000000 
0.000000 
0.000000 
0.000000 
0.000000 
0.000000 
0.000000 
0.000000 
0.000000 
0.000000 
0.000000 
0.000000 
0.000000 
0.000000 
0.000000 
0.000000 
0.000000 
0.000000 
0.000000 
0.000000 
0.000000 
0.000000 
0.000000 
0.000000 
0.000000 
0.000000 
0.000000 
0.000000 
0.000000 
0.000000 
0.000000 
0.000000 
0.000000 
0.000000 
0.000000 
0.000000 
0.000000 
0.000000 
0.000000 
0.000000 
0.000000 
0.000000 
0.000000 
0.000000 
0.000000 
0.000000 
0.000000 
0.000000 
0.000000 
0.000000 
0.000000 
0.000000 
0.000000 
0.000000 
0.000000 
0.000000 
0.000000 
0.000000 
0.000000 
0.000000 
0.000000 
0.000000 
0.000000 
0.000000 
0.000000 
0.000000 
0.000000 
0.000000 
0.000000 
0.000000 
0.000000 
0.000000 
0.000000 
0.000000 
0.000000 
0.000000 
0.000000 
0.000000 
0.000000 
0.000000 
0.000000 
0.000000 
0.000000 
0.000000 
0.000000 
0.000000 
0.000000 
0.000000 
0.000000 
0.000000 
0.000000 
0.000000 
0.000000 
0.000000 
0.000000 
0.000000 
0.000000 
0.000000 
0.000000 
0.000000 
0.000000 
0.000000 
0.000000 
0.000000 
0.000000 
0.000000 
0.000000 
0.000000 
0.000000 
0.000000 
0.000000 
0.000000 
0.000000 
0.000000 
0.000000 
0.000000 
0.000000 
0.000000 
0.000000 
0.000000 
0.000000 
0.000000 
0.000000 
0.000000 
0.000000 
0.000000 
0.000000 
0.000000 
0.000000 
0.000000 
