0.000000 
0.000000 
0.000000 
0.000000 
0.000000 
0.000000 
0.000000 
0.000000 
0.000000 
0.000000 
0.000000 
0.000000 
0.000000 
0.000000 
0.000000 
0.000000 
0.000000 
0.000000 
0.000000 
0.000000 
0.000000 
0.000000 
0.000000 
0.000000 
0.000000 
0.000000 
0.000000 
0.000000 
0.000000 
0.000000 
0.000000 
0.000000 
0.000000 
0.000000 
0.000000 
0.000000 
0.000000 
0.000000 
0.000000 
0.000000 
0.000000 
0.000000 
0.000000 
0.000000 
0.000000 
0.000000 
0.000000 
0.000000 
0.000000 
0.000000 
0.000000 
0.000000 
0.000000 
0.000000 
0.000000 
0.000000 
0.000000 
0.000000 
0.000000 
0.000000 
0.000000 
0.000000 
0.000000 
0.000000 
0.000000 
0.000000 
0.000000 
0.000000 
0.000000 
0.000000 
0.000000 
0.000000 
0.000000 
0.000000 
0.000000 
0.000000 
0.000000 
0.000000 
0.000000 
0.000000 
0.000000 
0.000000 
0.000000 
0.000000 
0.000000 
0.000000 
0.000000 
0.000000 
0.000000 
0.000000 
0.000000 
0.000000 
0.000000 
0.000000 
0.000000 
0.000000 
0.000000 
0.000000 
0.000000 
0.000000 
0.000000 
0.000000 
0.000000 
0.000000 
0.000000 
0.000000 
0.000000 
0.000000 
0.000000 
0.000000 
0.000000 
0.000000 
0.000000 
0.000000 
0.000000 
0.000000 
0.000000 
0.000000 
0.000000 
0.000000 
0.000000 
0.000000 
0.000000 
0.000000 
0.000000 
0.000000 
0.000000 
0.000000 
0.000000 
0.000000 
0.000000 
0.000000 
0.000000 
0.000000 
0.000000 
0.000000 
0.000000 
0.000000 
0.000000 
0.000000 
0.000000 
0.000000 
0.000000 
0.000000 
0.000000 
0.000000 
0.000000 
0.000000 
0.000000 
0.000000 
0.000000 
0.000000 
0.000000 
0.000000 
0.000000 
0.000000 
0.000000 
0.000000 
0.000000 
0.000000 
0.000000 
0.000000 
0.000000 
0.000000 
0.000000 
0.000000 
0.000000 
0.000000 
0.000000 
0.000000 
0.000000 
0.000000 
0.000000 
0.000000 
0.000000 
0.000000 
0.000000 
0.000000 
0.000000 
0.000000 
0.000000 
0.000000 
0.000000 
0.000000 
0.000000 
0.000000 
0.000000 
0.000000 
0.000000 
0.000000 
0.000000 
0.000000 
0.000000 
0.000000 
0.000000 
0.000000 
0.000000 
0.000000 
0.000000 
0.000000 
0.000000 
0.000000 
0.000000 
0.000000 
0.000000 
0.000000 
0.000000 
0.000000 
0.000000 
0.000000 
0.000000 
0.000000 
0.000000 
0.000000 
0.000000 
0.000000 
0.000000 
0.000000 
0.000000 
0.000000 
0.000000 
0.000000 
0.000000 
0.000000 
0.000000 
0.000072 
0.000247 
0.000583 
0.000981 
0.001255 
0.001786 
0.002023 
0.002540 
0.004456 
0.004627 
0.005726 
0.006949 
0.009276 
0.011264 
0.013270 
0.010724 
0.016158 
0.017711 
0.027428 
0.025269 
0.032681 
0.032161 
0.035008 
0.037276 
0.039954 
0.042533 
0.048448 
0.039466 
0.043097 
0.039649 
0.041346 
0.044650 
0.039090 
0.035789 
0.034023 
0.035429 
0.038177 
0.041289 
0.048038 
0.035489 
0.037069 
0.043098 
0.049427 
0.051631 
0.050387 
0.056630 
0.068006 
0.064544 
0.070094 
0.058160 
0.079736 
0.084797 
0.075089 
0.082631 
0.082343 
0.090166 
0.087235 
0.101331 
0.103574 
0.090535 
0.085986 
0.100046 
0.099994 
0.088200 
0.092428 
0.108564 
0.084537 
0.106439 
0.119446 
0.109326 
0.111172 
0.090260 
0.101088 
0.135544 
0.125432 
0.128540 
0.127727 
0.150525 
0.112820 
0.135908 
0.137638 
0.118328 
0.144455 
0.118199 
0.137621 
0.151445 
0.150539 
0.156429 
0.168877 
0.146545 
0.149341 
0.149836 
0.170439 
0.171385 
0.169360 
0.175864 
0.171688 
0.152191 
0.168472 
0.155074 
0.186586 
0.205113 
0.220979 
0.215153 
0.238026 
0.289890 
0.308940 
0.270688 
0.388188 
0.354591 
0.337225 
0.423855 
0.360948 
0.464438 
0.346255 
0.355132 
0.377239 
0.376127 
0.391133 
0.293421 
0.393173 
0.417597 
0.388505 
0.405856 
0.388884 
0.436174 
0.461789 
0.418252 
0.488810 
0.413079 
0.482055 
0.558920 
0.451425 
0.552935 
0.565283 
0.402322 
0.739963 
0.510648 
0.709327 
0.795955 
0.845051 
0.761922 
0.899638 
0.664262 
0.925558 
0.869920 
1.003342 
0.914954 
1.557520 
1.304264 
1.232317 
1.080231 
1.101240 
1.132098 
1.002950 
0.860180 
1.164191 
1.031505 
0.902307 
0.976573 
0.972238 
1.167096 
1.062636 
1.085040 
1.117534 
1.039217 
0.939859 
0.766115 
0.929453 
0.674469 
0.899855 
0.837031 
1.057259 
0.813594 
0.801916 
0.990804 
0.926237 
1.252441 
1.313567 
1.333558 
1.311152 
1.316002 
1.179258 
1.190229 
1.137735 
0.860195 
1.208107 
1.056152 
0.964426 
0.978640 
0.894622 
1.032812 
1.150257 
1.506236 
1.158794 
1.434914 
1.445310 
1.442676 
1.456872 
1.479633 
1.627651 
1.298385 
1.635235 
1.653192 
1.325354 
1.468154 
1.467414 
1.600018 
1.641616 
1.706090 
1.890539 
1.725056 
1.901909 
1.519050 
1.596363 
2.021805 
2.027655 
1.809597 
1.917225 
2.070013 
1.939887 
1.895826 
2.155983 
2.009582 
1.866592 
2.366526 
2.386588 
2.399702 
2.291106 
2.149959 
2.418041 
2.350930 
2.286643 
2.313196 
2.107327 
2.453452 
2.410551 
2.142327 
2.000898 
2.217849 
1.685182 
1.465283 
1.271935 
0.847911 
0.813027 
0.998789 
1.057161 
1.185271 
1.676694 
2.022104 
2.208508 
1.868430 
2.293485 
2.002577 
1.730931 
2.307344 
2.342387 
2.249286 
2.327340 
2.405033 
2.027712 
2.195412 
2.195254 
2.363754 
2.164836 
2.014132 
2.484758 
2.694255 
2.256584 
2.673200 
2.354666 
2.399414 
2.139166 
2.374181 
2.557720 
1.925659 
1.898621 
2.177838 
2.005095 
1.819865 
1.730266 
2.014591 
2.454795 
2.648619 
2.367214 
2.624621 
2.291052 
1.855085 
1.600976 
1.304658 
0.997105 
0.857035 
0.602433 
0.478720 
0.423933 
0.487253 
0.629135 
1.119198 
1.366599 
1.795406 
2.374327 
2.083799 
2.428513 
2.747748 
2.537790 
2.474136 
3.056828 
2.698562 
2.699782 
2.981518 
2.607015 
2.430149 
3.251532 
2.528375 
2.828871 
2.889476 
2.620829 
2.613907 
2.717033 
3.136814 
3.068397 
2.620389 
2.658547 
3.274766 
3.213096 
2.727547 
2.667869 
2.532833 
2.801861 
2.544562 
3.347204 
2.596195 
2.644987 
2.935983 
3.037391 
3.140173 
2.831009 
2.835104 
2.887022 
2.772586 
3.039585 
3.042368 
2.338268 
3.595277 
3.091326 
3.565250 
2.614614 
2.792586 
2.823916 
2.588347 
3.520009 
3.149487 
2.408497 
3.269804 
3.500871 
3.005854 
3.055841 
3.191991 
3.362912 
3.101873 
3.652672 
3.226637 
3.063778 
2.892874 
3.128916 
2.954798 
3.344282 
3.015867 
3.124205 
3.410045 
3.310686 
3.136695 
1.905541 
2.061024 
2.151546 
2.285830 
2.041841 
2.295607 
2.251935 
2.476607 
3.113034 
2.813175 
3.326011 
4.005362 
3.788742 
3.447344 
3.502443 
3.794415 
3.038324 
3.372216 
3.159556 
2.816821 
2.370680 
2.118181 
2.219491 
1.876826 
1.858320 
1.547889 
1.456570 
1.903849 
2.190528 
2.210277 
2.664934 
3.227105 
3.415956 
4.191528 
3.715371 
3.581357 
3.975187 
3.644812 
3.339384 
2.853639 
2.949107 
1.899693 
1.996886 
2.753045 
2.645387 
2.995859 
3.355076 
3.741328 
4.460701 
3.837568 
4.081836 
3.518457 
3.499031 
2.745190 
2.891389 
3.184586 
3.956996 
2.752581 
2.609714 
3.236613 
3.946499 
3.790777 
3.830715 
3.740621 
3.055363 
3.826984 
3.037423 
2.501331 
2.310884 
1.720078 
1.292702 
0.940745 
0.711311 
0.744820 
0.663108 
0.727956 
0.656221 
0.669026 
0.729150 
1.380780 
2.283123 
2.288084 
2.736727 
3.159678 
3.250708 
4.562554 
3.697082 
3.937262 
3.973034 
4.057081 
3.510407 
3.837883 
3.511572 
4.239712 
3.778263 
4.334036 
3.817322 
3.253732 
3.497487 
4.049794 
3.647559 
3.959641 
3.261824 
4.312705 
3.471711 
3.185364 
4.132829 
3.723681 
2.994622 
2.055195 
2.118012 
1.110430 
1.003666 
0.926064 
1.148085 
1.553576 
1.545829 
1.497125 
2.017384 
1.777813 
1.855884 
1.902000 
2.216654 
2.366791 
1.813355 
1.579894 
1.422502 
1.378400 
1.373426 
1.465807 
1.987978 
2.437637 
2.214468 
2.893989 
2.875800 
3.136244 
3.769261 
2.838792 
2.982319 
2.214399 
2.006312 
1.589658 
1.754404 
1.420450 
1.568951 
1.829810 
1.897292 
1.470919 
1.389665 
1.689156 
1.558358 
1.395854 
1.433327 
1.168520 
1.353439 
1.718005 
1.485641 
1.652715 
1.780165 
1.900645 
2.173161 
2.104923 
2.418785 
2.345876 
2.694502 
3.288300 
3.450892 
3.494602 
3.634726 
2.967370 
3.966308 
3.688056 
2.599206 
2.560194 
2.597321 
1.936972 
1.315828 
1.248031 
1.186828 
1.202601 
0.991427 
0.986677 
0.883196 
1.125756 
1.102818 
1.614816 
1.846094 
2.486120 
2.331950 
3.427697 
3.467913 
3.772602 
3.968284 
4.176018 
4.352417 
3.707018 
3.649018 
3.729371 
3.800055 
3.797413 
3.806792 
3.721376 
3.802676 
3.507812 
3.578981 
3.450624 
3.301108 
3.099040 
3.625947 
3.637202 
3.395930 
3.416665 
3.587924 
4.099977 
4.054203 
3.065177 
3.784554 
4.086783 
4.425797 
3.437445 
3.889887 
3.442354 
3.727006 
3.885444 
3.359859 
3.501820 
3.753038 
3.940039 
3.074145 
2.920134 
2.427743 
2.781405 
2.606256 
2.575436 
2.857964 
2.867240 
2.868405 
3.300914 
3.534604 
3.466415 
3.388826 
3.016936 
4.177120 
3.371674 
3.790050 
3.177637 
3.157799 
4.053092 
3.590216 
3.786880 
3.520295 
4.064711 
3.580270 
2.988775 
3.129116 
3.357171 
2.980040 
2.714909 
2.151149 
2.273094 
2.237424 
2.264570 
2.030592 
2.230813 
2.488870 
2.995591 
2.859574 
3.345496 
3.317675 
3.316914 
3.414114 
3.725039 
3.468369 
3.219905 
3.638017 
3.401609 
3.159832 
2.999552 
3.439670 
3.100017 
3.700567 
3.220223 
2.698091 
2.725585 
3.470504 
2.750068 
2.797915 
2.820365 
2.288214 
2.415614 
2.511978 
2.797037 
2.417056 
2.348610 
2.541627 
2.409613 
2.605669 
2.050719 
2.175128 
2.515067 
2.410631 
2.683984 
2.572638 
2.744344 
2.808010 
2.855916 
2.712187 
2.494945 
2.664781 
2.127374 
1.703331 
0.986620 
0.874328 
0.835406 
0.999001 
0.878719 
0.991401 
0.838139 
0.805456 
0.900976 
0.759430 
0.753281 
0.745478 
0.761942 
0.939145 
0.792446 
0.852784 
0.970913 
0.837851 
1.094326 
1.531049 
1.440983 
1.533943 
1.851408 
1.950773 
2.126967 
2.266312 
2.973162 
2.781501 
2.647437 
2.812873 
1.795017 
1.890380 
2.242831 
1.386918 
1.702080 
1.907615 
1.321490 
1.456822 
1.441787 
1.345482 
1.652795 
1.391724 
1.617332 
1.581644 
1.481775 
1.715309 
1.925760 
2.128400 
2.134366 
2.249993 
2.636851 
2.444316 
2.229394 
2.906276 
2.799522 
2.674687 
2.686530 
2.041994 
2.461078 
2.457972 
1.572560 
1.435022 
1.465306 
1.573496 
1.488591 
1.756847 
1.401574 
1.520336 
1.459485 
1.502332 
1.752896 
1.865203 
1.845417 
1.561777 
2.264163 
1.881650 
2.157280 
1.895392 
2.235588 
1.785698 
2.034664 
1.840002 
1.794538 
1.730243 
1.613218 
1.451933 
0.914647 
1.381508 
1.599933 
1.436716 
1.703765 
1.632837 
1.767160 
1.391571 
0.982005 
0.930125 
0.860967 
1.030119 
0.981852 
1.172535 
1.011629 
0.943412 
1.131103 
1.247914 
1.192507 
1.058527 
1.181224 
0.892510 
0.864022 
1.004291 
0.993345 
0.898555 
0.836840 
0.871280 
0.981717 
0.813045 
0.680012 
0.772698 
0.752072 
0.726608 
0.612884 
0.621190 
0.504054 
0.557736 
0.481497 
0.436735 
0.429746 
0.391508 
0.433324 
0.423376 
0.361489 
0.377805 
0.367498 
0.289973 
0.330866 
0.311258 
0.352934 
0.291883 
0.309218 
0.340169 
0.373976 
0.313870 
0.332906 
0.345593 
0.320737 
0.383688 
0.426347 
0.370446 
0.417863 
0.363795 
0.409050 
0.407128 
0.363874 
0.504902 
0.431398 
0.529292 
0.473234 
0.484245 
0.600828 
0.514170 
0.607108 
0.514525 
0.700637 
0.523173 
0.563975 
0.459707 
0.470236 
0.543101 
0.653035 
0.624277 
0.578606 
0.630081 
0.614141 
0.685379 
0.559870 
0.670407 
0.895513 
0.785342 
0.686937 
0.788881 
0.710265 
0.867453 
0.834879 
1.017545 
1.272291 
1.203146 
1.321082 
1.434690 
1.296756 
1.072301 
1.203716 
1.068504 
1.212932 
0.975283 
0.711149 
0.599771 
0.591174 
0.511401 
0.611239 
0.582651 
0.496210 
0.495350 
0.549287 
0.424700 
0.419787 
0.390601 
0.285554 
0.321851 
0.317163 
0.292432 
0.275972 
0.252659 
0.262112 
0.292363 
0.216514 
0.248253 
0.203315 
0.238671 
0.266122 
0.227228 
0.280076 
0.276748 
0.273059 
0.235742 
0.288233 
0.232299 
0.268674 
0.216645 
0.240517 
0.201934 
0.209910 
0.212632 
0.184160 
0.228855 
0.214682 
0.239063 
0.297480 
0.245141 
0.240060 
0.269949 
0.252148 
0.213217 
0.225638 
0.207751 
0.198704 
0.203197 
0.174849 
0.153019 
0.142134 
0.136972 
0.116149 
0.126704 
0.116996 
0.116074 
0.121064 
0.118888 
0.107718 
0.127294 
0.113191 
0.114124 
0.102467 
0.114614 
0.082295 
0.108163 
0.085186 
0.105100 
0.085352 
0.084551 
0.071045 
0.068022 
0.059276 
0.060391 
0.055792 
0.057999 
0.045331 
0.053140 
0.041980 
0.040898 
0.033561 
0.036150 
0.031858 
0.030240 
0.024095 
0.027959 
0.021563 
0.027783 
0.021565 
0.024672 
0.021702 
0.024935 
0.026206 
0.023858 
0.024751 
0.027680 
0.026661 
0.029715 
0.019702 
0.022933 
0.025237 
0.026595 
0.022051 
0.022093 
0.020072 
0.021337 
0.017298 
0.014131 
0.012731 
0.010105 
0.010404 
0.009186 
0.009521 
0.009019 
0.008669 
0.007607 
0.011212 
0.008405 
0.010737 
0.007663 
0.009230 
0.006638 
0.008640 
0.008214 
0.007540 
0.007556 
0.007483 
0.006616 
0.005465 
0.005036 
0.005278 
0.004155 
0.003153 
0.003231 
0.002171 
0.001542 
0.000721 
0.000477 
0.000297 
0.000158 
0.000099 
0.000040 
0.000011 
0.000000 
0.000000 
0.000000 
0.000000 
0.000000 
0.000000 
0.000000 
0.000000 
0.000000 
0.000000 
0.000000 
0.000000 
0.000000 
0.000000 
0.000000 
0.000000 
0.000000 
0.000000 
0.000000 
0.000000 
0.000000 
0.000000 
0.000000 
0.000000 
0.000000 
0.000000 
0.000000 
0.000000 
0.000000 
0.000000 
0.000000 
0.000000 
0.000000 
0.000000 
0.000000 
0.000000 
0.000000 
0.000000 
0.000000 
0.000000 
0.000000 
0.000000 
0.000000 
0.000000 
0.000000 
0.000000 
0.000000 
0.000000 
0.000000 
0.000000 
0.000000 
0.000000 
0.000000 
0.000000 
0.000000 
0.000000 
0.000000 
0.000000 
0.000000 
0.000000 
0.000000 
0.000000 
0.000000 
0.000000 
0.000000 
0.000000 
0.000000 
0.000000 
0.000000 
0.000000 
0.000000 
0.000000 
0.000000 
0.000000 
0.000000 
0.000000 
0.000000 
0.000000 
0.000000 
0.000000 
0.000000 
0.000000 
0.000000 
0.000000 
0.000000 
0.000000 
0.000000 
0.000000 
0.000000 
0.000000 
0.000000 
0.000000 
0.000000 
0.000000 
0.000000 
0.000000 
0.000000 
0.000000 
0.000000 
0.000000 
0.000000 
0.000000 
0.000000 
0.000000 
0.000000 
0.000000 
0.000000 
0.000000 
0.000000 
0.000000 
0.000000 
0.000000 
0.000000 
0.000000 
0.000000 
0.000000 
0.000000 
0.000000 
0.000000 
0.000000 
0.000000 
0.000000 
0.000000 
0.000000 
0.000000 
0.000000 
0.000000 
0.000000 
0.000000 
0.000000 
0.000000 
0.000000 
0.000000 
0.000000 
0.000000 
0.000000 
0.000000 
0.000000 
0.000000 
0.000000 
0.000000 
0.000000 
0.000000 
0.000000 
0.000000 
0.000000 
0.000000 
0.000000 
0.000000 
0.000000 
0.000000 
0.000000 
0.000000 
0.000000 
0.000000 
0.000000 
0.000000 
0.000000 
0.000000 
0.000000 
0.000000 
0.000000 
0.000000 
0.000000 
0.000000 
0.000000 
0.000000 
0.000000 
0.000000 
0.000000 
0.000000 
0.000000 
0.000000 
0.000000 
0.000000 
0.000000 
0.000000 
0.000000 
0.000000 
0.000000 
0.000000 
0.000000 
0.000000 
0.000000 
0.000000 
0.000000 
0.000000 
0.000000 
0.000000 
0.000000 
0.000000 
