0.000000 
0.000000 
0.000000 
0.000000 
0.000000 
0.000000 
0.000000 
0.000000 
0.000000 
0.000000 
0.000000 
0.000000 
0.000000 
0.000000 
0.000000 
0.000000 
0.000000 
0.000000 
0.000000 
0.000000 
0.000000 
0.000000 
0.000000 
0.000000 
0.000000 
0.000000 
0.000000 
0.000000 
0.000000 
0.000000 
0.000000 
0.000000 
0.000000 
0.000000 
0.000000 
0.000000 
0.000000 
0.000000 
0.000000 
0.000000 
0.000000 
0.000000 
0.000000 
0.000000 
0.000000 
0.000000 
0.000000 
0.000000 
0.000000 
0.000000 
0.000000 
0.000000 
0.000000 
0.000000 
0.000000 
0.000000 
0.000000 
0.000000 
0.000000 
0.000000 
0.000000 
0.000000 
0.000000 
0.000000 
0.000000 
0.000000 
0.000000 
0.000000 
0.000000 
0.000000 
0.000000 
0.000000 
0.000000 
0.000000 
0.000000 
0.000000 
0.000000 
0.000000 
0.000000 
0.000000 
0.000000 
0.000000 
0.000000 
0.000000 
0.000000 
0.000000 
0.000000 
0.000000 
0.000000 
0.000000 
0.000000 
0.000000 
0.000000 
0.000000 
0.000000 
0.000000 
0.000000 
0.000000 
0.000000 
0.000000 
0.000000 
0.000000 
0.000000 
0.000000 
0.000000 
0.000000 
0.000000 
0.000000 
0.000000 
0.000000 
0.000000 
0.000000 
0.000000 
0.000000 
0.000000 
0.000000 
0.000000 
0.000000 
0.000000 
0.000000 
0.000000 
0.000000 
0.000000 
0.000000 
0.000000 
0.000000 
0.000000 
0.000000 
0.000000 
0.000000 
0.000000 
0.000000 
0.000000 
0.000000 
0.000000 
0.000000 
0.000000 
0.000000 
0.000000 
0.000000 
0.000000 
0.000000 
0.000000 
0.000000 
0.000000 
0.000000 
0.000000 
0.000000 
0.000000 
0.000000 
0.000000 
0.000000 
0.000000 
0.000000 
0.000000 
0.000000 
0.000000 
0.000000 
0.000000 
0.000000 
0.000000 
0.000000 
0.000000 
0.000000 
0.000000 
0.000000 
0.000000 
0.000000 
0.000000 
0.000000 
0.000000 
0.000000 
0.000000 
0.000000 
0.000000 
0.000000 
0.000000 
0.000000 
0.000000 
0.000000 
0.000000 
0.000000 
0.000000 
0.000000 
0.000000 
0.000000 
0.000000 
0.000000 
0.000000 
0.000000 
0.000000 
0.000000 
0.000000 
0.000000 
0.000000 
0.000000 
0.000000 
0.000000 
0.000000 
0.000000 
0.000000 
0.000000 
0.000000 
0.000000 
0.000000 
0.000000 
0.000000 
0.000000 
0.000000 
0.000000 
0.000000 
0.000000 
0.000000 
0.000000 
0.000000 
0.000000 
0.000000 
0.000000 
0.000000 
0.000000 
0.000000 
0.000000 
0.000000 
0.000000 
0.000000 
0.000063 
0.000224 
0.000511 
0.000744 
0.001241 
0.001772 
0.002176 
0.003283 
0.003506 
0.005372 
0.006033 
0.006382 
0.010389 
0.010383 
0.010990 
0.016618 
0.019108 
0.016032 
0.020736 
0.031618 
0.029582 
0.032302 
0.038428 
0.040543 
0.044377 
0.042132 
0.038241 
0.041301 
0.034279 
0.042643 
0.034431 
0.041603 
0.042955 
0.039901 
0.041797 
0.043865 
0.042066 
0.038755 
0.037924 
0.046047 
0.044833 
0.047302 
0.053980 
0.045111 
0.042068 
0.044976 
0.057265 
0.070006 
0.071460 
0.064895 
0.083316 
0.072319 
0.075443 
0.074738 
0.096755 
0.074124 
0.086627 
0.100990 
0.089775 
0.091332 
0.062724 
0.121577 
0.101953 
0.095089 
0.101739 
0.092866 
0.108082 
0.113609 
0.128294 
0.098240 
0.102979 
0.107045 
0.115557 
0.110364 
0.136727 
0.127010 
0.118344 
0.140292 
0.119699 
0.161669 
0.109733 
0.139790 
0.118958 
0.138725 
0.133304 
0.151168 
0.151993 
0.162830 
0.163982 
0.155036 
0.171827 
0.167293 
0.121704 
0.148896 
0.170109 
0.170185 
0.156529 
0.192038 
0.167306 
0.142241 
0.211810 
0.182619 
0.200616 
0.202477 
0.278674 
0.291437 
0.264910 
0.300817 
0.337449 
0.365705 
0.394433 
0.435941 
0.470293 
0.383984 
0.385253 
0.425139 
0.438778 
0.338549 
0.364001 
0.392325 
0.372675 
0.263783 
0.361398 
0.402906 
0.382255 
0.347749 
0.477140 
0.423938 
0.388638 
0.544735 
0.624965 
0.482555 
0.468184 
0.567058 
0.482508 
0.536861 
0.681085 
0.612851 
0.747859 
0.786669 
0.670896 
0.892367 
0.827613 
0.698545 
0.734975 
0.921764 
0.989697 
1.089160 
1.156828 
1.445618 
1.276286 
1.223948 
1.187935 
0.952264 
1.128543 
1.068743 
0.973561 
0.951491 
1.008848 
1.038433 
0.913546 
0.977744 
0.976574 
1.168653 
1.059686 
0.821054 
0.951330 
0.915725 
0.936355 
1.023371 
0.819361 
0.771437 
0.899927 
0.971019 
0.956412 
0.984774 
0.875374 
1.028888 
1.042822 
1.315850 
1.296906 
1.266363 
1.451237 
1.291009 
1.247725 
1.203812 
0.989594 
1.082287 
0.989926 
0.836635 
1.128532 
1.044710 
1.235364 
1.166832 
1.316911 
1.398888 
1.200579 
1.580682 
1.421668 
1.397764 
1.605503 
1.430423 
1.370924 
1.376126 
1.429755 
1.496820 
1.255053 
1.461668 
1.806273 
1.696203 
1.703701 
1.689398 
1.999555 
1.768974 
1.703311 
1.993900 
2.502263 
2.374534 
1.886353 
1.883955 
2.159477 
2.051445 
1.996529 
2.190364 
2.129286 
1.827269 
2.197672 
2.441303 
2.409343 
2.196509 
1.896693 
2.470325 
2.393599 
2.904786 
2.517256 
2.505227 
2.143310 
2.236419 
2.207449 
2.006368 
1.186977 
1.378800 
1.247199 
0.784064 
0.636746 
0.777586 
1.284255 
1.509962 
2.159419 
2.038315 
2.120958 
2.545403 
1.962211 
2.522436 
2.361792 
2.044317 
2.512097 
2.522527 
2.288305 
2.226895 
2.117541 
2.286290 
2.214635 
1.893516 
2.319855 
1.975395 
2.773973 
1.886951 
2.525662 
2.398074 
2.007489 
2.114806 
2.600055 
2.576671 
2.398385 
2.152104 
2.006632 
1.873440 
1.951778 
2.174165 
1.862480 
2.056378 
2.103013 
2.969306 
2.476895 
2.495837 
2.034880 
1.861675 
1.426430 
1.227846 
0.866699 
0.849835 
0.538540 
0.451311 
0.390053 
0.421293 
0.606112 
1.209477 
1.476367 
1.706240 
1.802022 
1.752053 
2.548381 
2.355152 
2.825862 
2.630908 
2.698250 
2.593435 
2.572901 
2.547416 
3.021627 
2.629470 
3.187688 
2.463937 
3.069007 
2.749642 
3.013631 
2.868224 
3.727794 
2.764258 
3.400531 
2.191200 
2.903493 
2.769463 
2.311631 
2.631806 
3.032230 
3.036069 
2.813958 
3.222249 
3.218388 
2.915915 
2.861663 
2.779609 
2.850142 
3.323777 
3.016010 
2.719189 
2.689682 
3.282113 
3.047945 
3.009959 
2.880956 
3.312476 
2.912272 
2.986017 
3.548669 
3.015059 
2.979141 
3.153188 
3.045610 
3.233107 
3.615086 
3.406365 
2.776392 
3.046882 
2.974401 
3.436996 
3.365264 
3.144667 
3.671820 
3.436116 
3.413477 
3.419247 
2.916464 
2.978739 
3.515907 
3.333207 
3.259741 
3.513324 
3.395346 
3.117125 
2.458545 
2.435852 
2.182917 
1.809772 
2.237927 
2.227404 
2.726866 
2.502428 
2.745281 
2.686284 
3.247112 
3.852899 
3.293426 
3.320799 
3.761615 
2.990479 
3.051688 
3.822290 
3.255891 
2.024990 
2.754013 
2.207379 
1.994227 
2.195712 
1.881212 
1.624964 
1.419796 
1.560542 
1.896940 
2.510982 
3.074156 
3.536374 
4.007738 
3.906814 
3.268849 
3.093190 
3.729346 
3.614632 
3.042965 
2.986320 
2.448594 
2.537739 
1.993093 
2.282511 
3.048879 
2.897566 
3.472446 
4.171571 
3.652161 
3.689294 
3.733847 
3.804721 
3.547712 
3.914224 
3.127576 
2.851607 
3.571135 
3.169875 
2.879242 
3.336340 
3.386737 
3.387889 
4.012393 
4.124096 
3.575607 
2.890805 
2.823608 
2.148538 
2.050539 
1.668908 
1.355409 
0.909945 
0.619701 
0.782565 
0.521512 
0.693840 
0.840582 
0.684871 
1.011796 
1.384019 
1.800001 
2.794046 
2.904626 
3.434191 
3.583013 
3.527313 
3.826014 
3.191852 
3.429258 
3.256204 
3.566790 
3.905790 
3.576329 
3.927848 
2.836889 
3.978436 
3.861258 
3.659257 
4.436403 
3.717548 
3.628942 
3.535175 
3.687599 
3.853406 
3.624028 
2.704304 
3.375940 
3.378920 
2.714796 
2.869712 
1.837396 
0.906739 
1.047627 
1.004123 
1.335623 
1.234400 
1.627598 
1.654176 
1.832507 
1.826749 
2.034480 
1.993978 
2.386561 
1.865552 
2.010673 
1.492114 
1.262249 
1.439767 
1.383216 
1.486995 
1.738586 
1.794538 
2.545363 
2.758146 
2.842772 
2.888018 
3.056966 
3.425225 
2.952063 
2.560500 
2.257638 
1.545994 
1.387676 
1.579706 
1.543954 
1.645899 
1.473496 
1.670999 
1.338662 
1.256145 
1.687890 
1.559570 
1.436995 
1.423343 
1.381888 
1.621503 
1.692277 
2.041228 
1.768859 
2.104081 
1.584228 
1.891667 
2.827677 
2.833866 
3.287963 
3.042039 
3.569679 
3.636150 
4.087864 
3.403181 
3.488488 
3.187942 
3.323413 
2.985951 
2.267097 
2.063993 
1.414498 
1.315836 
1.300579 
1.253881 
1.202792 
1.002952 
1.087988 
1.215989 
1.409060 
1.698080 
1.874456 
2.269768 
2.537301 
2.935380 
3.539042 
3.332556 
3.819931 
3.577575 
4.593339 
3.963829 
3.731139 
3.629224 
3.586312 
3.716195 
4.860136 
3.498487 
3.508455 
3.671211 
3.414399 
4.080829 
3.326022 
3.625855 
3.380723 
3.637459 
4.049215 
3.874976 
3.989567 
3.506410 
3.397301 
3.126417 
4.062470 
3.808363 
3.501505 
3.949383 
3.460107 
4.245346 
3.593947 
3.472420 
3.538122 
3.408093 
4.174800 
2.706613 
3.135542 
3.372366 
3.188458 
2.806188 
2.566159 
3.431675 
2.958899 
2.745807 
3.784819 
3.368801 
3.590014 
3.349072 
3.269606 
3.708367 
2.947127 
3.144563 
3.117665 
3.480611 
3.711500 
3.342290 
2.646667 
3.350052 
3.728104 
3.182341 
3.285629 
3.607689 
3.607685 
3.321928 
3.279805 
2.523863 
2.488386 
1.996912 
1.883893 
2.023577 
2.086230 
2.234536 
3.121225 
3.127489 
3.408197 
3.599263 
2.449334 
4.035079 
3.191912 
3.632678 
3.858096 
3.348288 
3.017123 
3.033826 
2.803842 
3.698758 
3.567682 
3.597443 
3.302962 
3.188564 
3.224509 
3.141958 
3.591488 
3.263502 
2.957916 
2.325051 
2.463959 
2.403980 
2.161035 
2.614489 
2.254066 
2.342926 
2.448454 
2.277808 
2.385491 
2.480889 
2.407069 
2.772503 
2.404232 
2.724937 
2.643547 
2.918144 
2.482832 
2.633814 
2.409442 
2.703022 
2.194000 
1.687586 
1.570388 
1.174112 
1.006136 
1.124355 
0.899504 
0.900283 
0.975456 
0.652605 
0.817700 
0.826906 
0.832055 
0.916936 
0.833909 
0.918740 
0.798399 
0.888697 
0.898278 
0.805535 
1.203317 
1.244928 
1.519527 
1.527575 
1.436761 
1.720377 
2.001389 
2.826681 
2.804462 
3.304951 
3.040710 
2.194375 
2.285660 
1.931258 
2.449400 
1.981439 
2.270113 
1.838662 
1.592891 
1.522996 
1.574051 
1.591064 
1.427072 
1.670772 
1.200279 
1.516965 
1.424750 
1.449541 
1.707923 
1.899823 
1.947606 
2.284014 
2.424194 
2.775376 
2.338175 
2.797096 
2.891346 
2.752686 
2.419171 
2.577036 
2.598017 
1.962145 
1.856231 
1.981804 
1.425154 
1.554975 
1.510607 
1.348663 
1.801447 
1.615382 
1.471830 
1.742301 
1.605527 
1.823165 
1.797860 
1.882119 
1.661224 
1.839215 
1.989016 
2.151363 
1.498750 
2.133038 
1.837403 
1.857956 
1.831571 
1.976212 
1.685180 
1.497937 
1.568435 
1.274668 
1.271244 
1.396315 
1.517287 
1.757631 
1.565134 
1.649309 
1.511629 
1.234980 
1.074993 
0.977464 
0.980607 
0.873223 
0.954028 
1.054013 
0.980681 
0.952933 
1.081687 
0.985747 
1.038007 
1.088531 
1.120417 
0.894946 
1.003371 
1.101266 
0.711455 
0.974706 
0.986808 
0.856240 
0.721316 
0.800098 
0.648438 
0.675651 
0.556883 
0.590431 
0.560103 
0.504438 
0.470847 
0.456692 
0.441123 
0.365389 
0.362477 
0.353160 
0.372805 
0.388213 
0.386829 
0.363575 
0.333314 
0.314614 
0.246007 
0.319806 
0.336618 
0.332697 
0.334158 
0.350870 
0.293849 
0.344063 
0.327505 
0.343155 
0.420843 
0.427429 
0.370222 
0.425585 
0.368982 
0.438217 
0.431188 
0.454437 
0.338430 
0.433277 
0.478820 
0.475379 
0.485941 
0.435046 
0.466893 
0.631141 
0.499980 
0.552739 
0.484964 
0.544248 
0.503092 
0.516650 
0.620859 
0.560919 
0.537802 
0.580409 
0.676465 
0.537809 
0.595554 
0.698888 
0.673312 
0.801096 
0.913320 
0.724268 
0.789975 
0.741463 
0.787405 
0.812277 
1.021543 
1.134092 
1.332057 
1.227240 
1.497975 
1.138847 
1.419901 
1.145495 
1.212327 
0.967967 
0.810877 
0.900919 
0.723367 
0.710291 
0.612696 
0.603418 
0.576497 
0.601447 
0.523418 
0.549309 
0.485825 
0.450442 
0.387799 
0.401260 
0.293335 
0.339466 
0.281723 
0.270063 
0.251950 
0.215643 
0.255628 
0.199114 
0.185804 
0.185022 
0.213816 
0.249014 
0.209646 
0.248959 
0.212907 
0.268848 
0.280355 
0.246399 
0.276283 
0.205971 
0.239950 
0.222048 
0.220855 
0.243898 
0.241927 
0.288340 
0.239671 
0.267591 
0.278680 
0.285542 
0.285662 
0.296092 
0.169822 
0.258814 
0.247224 
0.258243 
0.227961 
0.180542 
0.226928 
0.167435 
0.157456 
0.172122 
0.150341 
0.158108 
0.122507 
0.108049 
0.123379 
0.106900 
0.135639 
0.111866 
0.106081 
0.107841 
0.094825 
0.121540 
0.084095 
0.115819 
0.094023 
0.094946 
0.090103 
0.072115 
0.074897 
0.082035 
0.070335 
0.073607 
0.060590 
0.060009 
0.056745 
0.051385 
0.041888 
0.054295 
0.045779 
0.039356 
0.032257 
0.028413 
0.030783 
0.027255 
0.020018 
0.027847 
0.024728 
0.019125 
0.021719 
0.021958 
0.024743 
0.024455 
0.024150 
0.023046 
0.025805 
0.024969 
0.029513 
0.024902 
0.028408 
0.025509 
0.025233 
0.020412 
0.026066 
0.021549 
0.019276 
0.014093 
0.014188 
0.011656 
0.009885 
0.010602 
0.009603 
0.008861 
0.009853 
0.009500 
0.010832 
0.008995 
0.011116 
0.008670 
0.009399 
0.009614 
0.007163 
0.006496 
0.008460 
0.008020 
0.007682 
0.007656 
0.005668 
0.005573 
0.005224 
0.004645 
0.004222 
0.003540 
0.002735 
0.002120 
0.001882 
0.001060 
0.000536 
0.000275 
0.000178 
0.000103 
0.000049 
0.000012 
0.000000 
0.000000 
0.000000 
0.000000 
0.000000 
0.000000 
0.000000 
0.000000 
0.000000 
0.000000 
0.000000 
0.000000 
0.000000 
0.000000 
0.000000 
0.000000 
0.000000 
0.000000 
0.000000 
0.000000 
0.000000 
0.000000 
0.000000 
0.000000 
0.000000 
0.000000 
0.000000 
0.000000 
0.000000 
0.000000 
0.000000 
0.000000 
0.000000 
0.000000 
0.000000 
0.000000 
0.000000 
0.000000 
0.000000 
0.000000 
0.000000 
0.000000 
0.000000 
0.000000 
0.000000 
0.000000 
0.000000 
0.000000 
0.000000 
0.000000 
0.000000 
0.000000 
0.000000 
0.000000 
0.000000 
0.000000 
0.000000 
0.000000 
0.000000 
0.000000 
0.000000 
0.000000 
0.000000 
0.000000 
0.000000 
0.000000 
0.000000 
0.000000 
0.000000 
0.000000 
0.000000 
0.000000 
0.000000 
0.000000 
0.000000 
0.000000 
0.000000 
0.000000 
0.000000 
0.000000 
0.000000 
0.000000 
0.000000 
0.000000 
0.000000 
0.000000 
0.000000 
0.000000 
0.000000 
0.000000 
0.000000 
0.000000 
0.000000 
0.000000 
0.000000 
0.000000 
0.000000 
0.000000 
0.000000 
0.000000 
0.000000 
0.000000 
0.000000 
0.000000 
0.000000 
0.000000 
0.000000 
0.000000 
0.000000 
0.000000 
0.000000 
0.000000 
0.000000 
0.000000 
0.000000 
0.000000 
0.000000 
0.000000 
0.000000 
0.000000 
0.000000 
0.000000 
0.000000 
0.000000 
0.000000 
0.000000 
0.000000 
0.000000 
0.000000 
0.000000 
0.000000 
0.000000 
0.000000 
0.000000 
0.000000 
0.000000 
0.000000 
0.000000 
0.000000 
0.000000 
0.000000 
0.000000 
0.000000 
0.000000 
0.000000 
0.000000 
0.000000 
0.000000 
0.000000 
0.000000 
0.000000 
0.000000 
0.000000 
0.000000 
0.000000 
0.000000 
0.000000 
0.000000 
0.000000 
0.000000 
0.000000 
0.000000 
0.000000 
0.000000 
0.000000 
0.000000 
0.000000 
0.000000 
0.000000 
0.000000 
0.000000 
0.000000 
0.000000 
0.000000 
0.000000 
0.000000 
0.000000 
0.000000 
0.000000 
0.000000 
0.000000 
0.000000 
0.000000 
0.000000 
0.000000 
0.000000 
0.000000 
0.000000 
0.000000 
0.000000 
0.000000 
