0.000000 
0.000000 
0.000000 
0.000000 
0.000000 
0.000000 
0.000000 
0.000000 
0.000000 
0.000000 
0.000000 
0.000000 
0.000000 
0.000000 
0.000000 
0.000000 
0.000000 
0.000000 
0.000000 
0.000000 
0.000000 
0.000000 
0.000000 
0.000000 
0.000000 
0.000000 
0.000000 
0.000000 
0.000000 
0.000000 
0.000000 
0.000000 
0.000000 
0.000000 
0.000000 
0.000000 
0.000000 
0.000000 
0.000000 
0.000000 
0.000000 
0.000000 
0.000000 
0.000000 
0.000000 
0.000000 
0.000000 
0.000000 
0.000000 
0.000000 
0.000000 
0.000000 
0.000000 
0.000000 
0.000000 
0.000000 
0.000000 
0.000000 
0.000000 
0.000000 
0.000000 
0.000000 
0.000000 
0.000000 
0.000000 
0.000000 
0.000000 
0.000000 
0.000000 
0.000000 
0.000000 
0.000000 
0.000000 
0.000000 
0.000000 
0.000000 
0.000000 
0.000000 
0.000000 
0.000000 
0.000000 
0.000000 
0.000000 
0.000000 
0.000000 
0.000000 
0.000000 
0.000000 
0.000000 
0.000000 
0.000000 
0.000000 
0.000000 
0.000000 
0.000000 
0.000000 
0.000000 
0.000000 
0.000000 
0.000000 
0.000000 
0.000000 
0.000000 
0.000000 
0.000000 
0.000000 
0.000000 
0.000000 
0.000000 
0.000000 
0.000000 
0.000000 
0.000000 
0.000000 
0.000000 
0.000000 
0.000000 
0.000000 
0.000000 
0.000000 
0.000000 
0.000000 
0.000000 
0.000000 
0.000000 
0.000000 
0.000000 
0.000000 
0.000000 
0.000000 
0.000000 
0.000000 
0.000000 
0.000000 
0.000000 
0.000000 
0.000000 
0.000000 
0.000000 
0.000000 
0.000000 
0.000000 
0.000000 
0.000000 
0.000000 
0.000000 
0.000000 
0.000000 
0.000000 
0.000000 
0.000000 
0.000000 
0.000000 
0.000000 
0.000000 
0.000000 
0.000000 
0.000000 
0.000000 
0.000000 
0.000000 
0.000000 
0.000000 
0.000000 
0.000000 
0.000000 
0.000000 
0.000000 
0.000000 
0.000000 
0.000000 
0.000000 
0.000000 
0.000000 
0.000000 
0.000000 
0.000000 
0.000000 
0.000000 
0.000000 
0.000000 
0.000000 
0.000000 
0.000000 
0.000000 
0.000000 
0.000000 
0.000000 
0.000000 
0.000000 
0.000000 
0.000000 
0.000000 
0.000000 
0.000000 
0.000000 
0.000000 
0.000000 
0.000000 
0.000000 
0.000000 
0.000000 
0.000000 
0.000000 
0.000000 
0.000000 
0.000000 
0.000000 
0.000000 
0.000000 
0.000000 
0.000000 
0.000000 
0.000000 
0.000000 
0.000000 
0.000000 
0.000000 
0.000000 
0.000000 
0.000000 
0.000000 
0.000000 
0.000000 
0.000000 
0.000056 
0.000199 
0.000372 
0.000667 
0.000953 
0.001385 
0.001863 
0.002138 
0.002937 
0.003680 
0.003495 
0.005788 
0.007022 
0.007359 
0.010414 
0.012089 
0.013459 
0.013678 
0.016115 
0.021239 
0.021707 
0.025123 
0.029278 
0.023869 
0.030869 
0.030511 
0.033234 
0.032961 
0.027102 
0.033937 
0.029650 
0.029539 
0.029692 
0.028987 
0.030604 
0.030907 
0.029916 
0.032833 
0.030457 
0.030294 
0.028569 
0.034008 
0.032951 
0.038855 
0.042102 
0.045741 
0.046940 
0.045441 
0.050281 
0.066174 
0.063503 
0.060232 
0.052146 
0.068906 
0.062870 
0.064132 
0.054019 
0.061168 
0.069456 
0.072106 
0.073357 
0.075189 
0.067100 
0.080110 
0.081059 
0.081690 
0.078276 
0.091254 
0.073294 
0.080334 
0.090884 
0.086167 
0.068448 
0.082243 
0.089458 
0.082577 
0.105221 
0.086541 
0.099942 
0.106800 
0.079081 
0.087579 
0.084259 
0.113388 
0.115050 
0.101584 
0.090858 
0.099155 
0.100920 
0.111935 
0.130231 
0.101967 
0.138413 
0.099007 
0.121021 
0.139299 
0.127544 
0.130126 
0.159161 
0.183517 
0.149219 
0.144792 
0.170336 
0.229898 
0.188268 
0.203736 
0.268438 
0.315994 
0.204954 
0.244813 
0.259795 
0.325694 
0.262657 
0.272637 
0.329662 
0.336257 
0.263710 
0.256403 
0.271569 
0.228531 
0.267076 
0.268767 
0.311886 
0.310527 
0.304923 
0.280515 
0.356332 
0.330312 
0.361176 
0.263592 
0.331596 
0.349349 
0.304121 
0.393985 
0.419928 
0.409427 
0.421295 
0.438923 
0.559504 
0.587681 
0.650516 
0.580317 
0.701939 
0.583203 
0.676594 
0.739704 
0.729536 
0.919196 
0.961547 
0.971402 
1.055870 
0.999220 
0.835925 
0.873156 
0.793309 
0.658799 
0.602537 
0.662483 
0.753370 
0.793050 
0.654512 
0.643394 
0.760252 
0.780386 
0.829234 
0.754352 
0.722871 
0.629453 
0.651068 
0.574031 
0.687795 
0.723789 
0.827959 
0.802296 
0.754926 
0.766222 
0.761536 
0.777492 
0.899299 
1.171168 
1.098186 
0.925603 
0.846871 
0.933897 
0.897738 
0.753365 
0.779485 
0.855718 
0.812574 
0.613744 
0.648055 
0.703213 
0.816819 
0.975276 
1.131430 
0.911743 
0.968489 
1.241956 
0.991893 
1.307060 
1.302644 
1.135058 
0.954027 
1.112882 
0.982934 
1.107057 
1.243888 
1.227501 
1.165840 
1.083941 
1.339926 
1.345279 
1.450695 
1.429619 
1.501792 
1.514402 
1.456841 
1.409679 
1.404746 
1.376201 
1.755937 
1.491644 
1.531667 
1.792213 
1.798192 
1.397626 
1.666144 
1.608448 
1.671048 
1.348724 
1.672232 
1.591022 
1.826650 
2.123819 
1.723224 
1.732364 
2.111914 
1.417200 
1.527186 
1.540488 
1.192526 
1.112756 
0.815706 
0.802464 
0.606611 
0.598086 
0.886520 
1.051213 
1.411205 
1.495255 
1.357227 
1.539954 
1.749399 
1.473163 
1.634655 
1.756396 
1.883481 
1.684142 
1.854200 
1.600867 
1.853335 
1.795343 
1.784444 
1.738571 
1.407770 
1.873180 
1.543762 
1.531213 
1.657655 
1.479612 
1.455742 
1.677856 
1.723938 
1.746120 
1.821255 
1.624652 
1.779505 
1.494010 
1.415553 
1.507056 
1.400732 
1.420606 
1.571241 
1.658287 
1.932487 
1.746742 
1.646055 
1.155122 
1.159462 
0.902539 
0.784034 
0.560955 
0.467277 
0.269328 
0.326928 
0.387460 
0.541231 
0.819920 
1.027625 
1.482302 
1.315731 
1.841595 
1.819710 
2.018389 
2.119843 
1.928686 
1.906567 
2.323874 
2.002681 
2.035864 
2.273015 
1.970150 
1.843288 
2.003680 
1.990137 
1.944989 
1.862632 
1.819671 
2.123590 
2.289713 
2.184135 
2.540475 
2.315035 
2.424891 
2.545176 
1.743604 
2.132310 
2.327057 
2.072472 
1.715621 
2.100464 
2.342873 
2.181213 
2.599505 
2.195860 
2.396235 
1.917632 
2.539701 
2.647549 
2.314017 
2.178262 
2.334396 
2.337751 
2.167926 
2.771158 
1.771121 
2.257894 
2.220262 
2.495401 
1.949196 
2.406441 
2.517213 
2.780035 
2.395420 
2.102187 
1.987990 
2.420406 
2.849602 
2.249742 
2.133356 
2.352837 
2.597344 
1.818294 
2.182950 
1.857174 
1.724517 
2.449162 
2.647343 
2.603896 
2.702050 
2.646772 
2.327773 
1.669161 
1.647563 
1.554782 
1.607829 
1.267595 
1.954355 
1.682879 
1.767107 
1.814694 
2.459557 
2.314106 
2.748066 
2.726805 
2.500964 
2.800976 
2.612912 
2.417901 
2.695744 
2.347887 
2.182143 
1.989213 
1.567337 
1.630654 
1.599797 
1.227232 
1.293782 
1.106905 
1.409602 
1.512033 
1.692436 
2.296290 
2.203688 
3.095360 
2.723052 
2.381894 
2.855089 
2.574633 
2.101762 
2.517136 
2.127113 
1.809247 
1.804814 
1.751226 
1.594376 
1.799158 
2.361779 
2.499020 
2.901993 
3.023941 
2.889963 
2.443912 
2.512376 
2.501315 
2.874183 
2.608651 
2.309845 
2.665517 
1.953629 
2.059214 
1.692181 
2.655416 
2.794795 
3.164415 
2.773813 
2.835149 
2.612987 
1.967692 
1.668343 
1.789430 
1.289816 
1.046419 
0.528375 
0.645620 
0.565668 
0.588293 
0.570895 
0.544934 
0.429628 
0.743312 
1.007116 
1.535784 
1.828875 
2.352575 
2.359912 
2.679393 
2.727289 
3.018387 
2.695824 
2.814324 
2.772874 
2.549508 
2.935529 
2.518440 
2.851765 
3.151675 
2.880763 
2.958215 
2.941799 
3.115968 
2.584210 
2.339872 
3.019723 
2.311472 
3.223925 
3.105935 
2.716841 
2.634425 
2.761110 
2.137076 
1.828125 
1.141777 
0.958511 
0.882505 
0.732686 
0.860003 
0.951722 
1.149718 
1.259139 
1.179338 
1.479277 
1.486255 
1.605330 
1.978833 
1.438717 
1.285408 
1.325889 
1.002392 
0.979069 
1.156838 
1.215068 
1.524812 
1.631301 
1.746173 
2.215494 
2.093646 
2.263360 
2.450483 
2.154436 
2.551725 
1.839435 
1.397253 
1.416605 
0.838238 
1.129567 
1.110217 
1.031982 
1.383707 
1.301066 
1.240014 
1.230247 
1.163480 
0.913978 
0.786359 
1.127500 
1.155897 
1.353611 
1.166717 
1.285232 
1.639408 
1.505916 
1.646909 
1.749889 
1.980980 
1.814542 
2.025621 
2.592287 
2.879248 
2.506303 
2.867214 
3.022409 
2.525561 
2.520118 
2.062511 
2.175600 
1.664202 
1.619072 
1.058361 
0.825638 
1.027290 
0.806373 
0.695447 
0.789972 
0.819426 
0.703437 
1.069229 
1.125929 
1.325058 
1.433521 
1.945927 
2.410686 
2.644822 
2.875898 
2.956991 
3.139353 
3.055728 
2.778323 
3.233569 
3.167521 
2.928795 
2.609526 
2.536570 
2.305750 
2.527592 
2.481341 
2.856704 
2.767420 
2.707401 
2.894674 
2.396981 
2.524425 
2.274144 
3.117182 
2.374335 
2.649801 
2.658719 
3.005627 
3.120040 
2.953208 
2.611443 
2.941982 
2.622685 
2.954618 
2.695832 
3.029598 
2.464427 
2.871031 
2.741609 
2.409657 
2.936237 
2.298644 
2.185586 
2.632871 
1.779000 
1.684235 
2.205376 
2.653214 
2.909310 
2.411461 
2.634879 
2.759983 
2.291541 
2.438649 
2.677363 
2.416572 
2.435845 
2.224644 
2.613813 
2.070416 
2.284633 
2.357402 
2.733899 
2.865911 
2.040776 
2.713222 
2.378239 
1.674292 
2.212642 
1.780529 
1.449276 
1.643894 
1.345091 
1.692243 
1.702426 
1.770109 
1.557775 
1.962068 
2.157827 
2.126182 
2.101216 
2.726935 
2.452015 
2.497612 
2.523267 
2.241855 
2.332362 
2.568647 
2.460486 
2.385673 
2.189884 
2.629796 
2.619370 
2.761096 
2.774496 
3.041887 
1.908838 
2.182465 
2.231791 
2.004579 
1.860670 
2.168634 
1.962456 
1.798259 
2.161513 
1.905573 
1.677530 
1.827506 
1.846115 
1.556499 
1.982680 
1.628158 
1.890716 
1.921779 
2.231118 
2.092821 
2.239665 
1.932380 
2.165495 
1.908226 
1.864710 
1.464644 
1.308658 
0.818659 
0.781608 
0.736747 
0.735191 
0.630634 
0.661003 
0.561529 
0.573080 
0.492543 
0.500513 
0.616631 
0.614007 
0.597190 
0.608293 
0.644838 
0.650897 
0.662514 
0.920427 
0.781237 
0.978402 
1.187427 
1.396081 
1.476967 
1.480942 
1.976475 
1.734431 
1.905701 
1.870255 
1.565295 
1.747067 
1.955682 
1.681916 
1.245907 
1.417385 
1.218683 
1.175401 
1.238210 
1.046604 
0.984104 
1.245555 
1.040667 
1.114866 
1.206873 
1.139644 
1.149119 
0.985339 
1.315363 
1.227086 
1.633047 
1.808009 
2.139979 
2.200525 
1.950390 
1.847105 
2.157404 
1.889205 
1.811715 
1.828116 
1.857546 
1.400883 
1.458480 
1.255193 
1.230243 
1.303162 
1.160566 
0.934184 
1.271183 
1.235434 
1.120860 
1.210723 
1.181156 
1.111468 
1.335771 
1.379642 
1.201110 
1.747541 
1.342329 
1.382958 
1.438684 
1.412639 
1.481413 
1.363529 
1.576550 
1.144077 
1.103809 
1.034912 
0.844269 
0.925144 
0.931417 
1.180582 
1.179803 
1.288919 
0.961749 
1.129721 
0.962262 
0.771434 
0.731680 
0.535844 
0.684807 
0.778780 
0.740344 
0.793989 
0.852612 
0.730186 
0.770306 
0.814649 
0.856197 
0.833571 
0.869274 
0.804960 
0.806959 
0.783693 
0.614890 
0.585674 
0.571430 
0.625735 
0.544229 
0.476114 
0.487232 
0.455798 
0.438697 
0.447024 
0.384766 
0.350428 
0.360244 
0.357388 
0.335890 
0.305573 
0.299865 
0.272208 
0.305337 
0.279731 
0.220862 
0.288927 
0.213608 
0.262154 
0.249676 
0.247688 
0.249221 
0.252054 
0.278742 
0.269060 
0.215293 
0.276868 
0.239360 
0.303985 
0.247038 
0.316548 
0.308087 
0.313032 
0.358183 
0.301835 
0.396447 
0.418706 
0.392819 
0.478828 
0.367517 
0.334883 
0.389306 
0.387727 
0.391871 
0.471898 
0.463990 
0.441790 
0.398272 
0.482737 
0.459962 
0.509359 
0.432166 
0.407760 
0.410628 
0.431881 
0.413564 
0.483044 
0.497233 
0.529214 
0.522233 
0.412704 
0.548718 
0.608871 
0.544874 
0.665321 
0.730055 
0.720456 
0.952510 
0.895982 
0.994489 
0.970156 
0.974523 
1.080490 
0.936850 
0.866234 
0.804490 
0.629741 
0.628322 
0.483340 
0.451391 
0.492447 
0.463215 
0.423354 
0.362711 
0.394813 
0.480909 
0.330218 
0.319717 
0.275547 
0.246805 
0.276027 
0.250759 
0.191346 
0.191359 
0.208540 
0.187268 
0.185135 
0.158529 
0.174308 
0.172355 
0.171351 
0.194763 
0.201309 
0.162090 
0.184272 
0.195864 
0.178868 
0.178725 
0.221289 
0.197623 
0.146761 
0.188161 
0.193588 
0.154167 
0.191059 
0.185907 
0.192366 
0.215511 
0.200503 
0.219433 
0.229367 
0.215175 
0.217535 
0.166726 
0.153417 
0.123217 
0.118428 
0.170597 
0.155623 
0.127743 
0.123522 
0.122522 
0.070702 
0.095585 
0.089615 
0.087214 
0.092437 
0.076526 
0.089630 
0.089587 
0.073771 
0.087457 
0.090241 
0.095170 
0.071028 
0.085424 
0.086406 
0.071687 
0.064684 
0.063817 
0.061685 
0.061336 
0.053970 
0.040582 
0.050037 
0.049636 
0.039771 
0.036754 
0.031377 
0.034323 
0.028503 
0.030095 
0.026292 
0.018140 
0.025438 
0.017422 
0.017875 
0.019980 
0.017318 
0.015698 
0.019503 
0.015932 
0.018146 
0.017828 
0.018612 
0.017689 
0.017792 
0.017743 
0.015634 
0.018000 
0.020423 
0.019497 
0.018882 
0.016185 
0.015054 
0.016261 
0.014774 
0.010695 
0.011314 
0.008333 
0.008343 
0.007550 
0.008160 
0.007452 
0.007138 
0.007249 
0.006754 
0.006305 
0.006958 
0.007135 
0.006604 
0.006926 
0.005505 
0.005201 
0.007425 
0.004932 
0.004635 
0.005224 
0.005059 
0.003549 
0.003447 
0.003647 
0.002814 
0.002759 
0.002306 
0.001617 
0.001294 
0.000838 
0.000408 
0.000200 
0.000148 
0.000081 
0.000034 
0.000011 
0.000000 
0.000000 
0.000000 
0.000000 
0.000000 
0.000000 
0.000000 
0.000000 
0.000000 
0.000000 
0.000000 
0.000000 
0.000000 
0.000000 
0.000000 
0.000000 
0.000000 
0.000000 
0.000000 
0.000000 
0.000000 
0.000000 
0.000000 
0.000000 
0.000000 
0.000000 
0.000000 
0.000000 
0.000000 
0.000000 
0.000000 
0.000000 
0.000000 
0.000000 
0.000000 
0.000000 
0.000000 
0.000000 
0.000000 
0.000000 
0.000000 
0.000000 
0.000000 
0.000000 
0.000000 
0.000000 
0.000000 
0.000000 
0.000000 
0.000000 
0.000000 
0.000000 
0.000000 
0.000000 
0.000000 
0.000000 
0.000000 
0.000000 
0.000000 
0.000000 
0.000000 
0.000000 
0.000000 
0.000000 
0.000000 
0.000000 
0.000000 
0.000000 
0.000000 
0.000000 
0.000000 
0.000000 
0.000000 
0.000000 
0.000000 
0.000000 
0.000000 
0.000000 
0.000000 
0.000000 
0.000000 
0.000000 
0.000000 
0.000000 
0.000000 
0.000000 
0.000000 
0.000000 
0.000000 
0.000000 
0.000000 
0.000000 
0.000000 
0.000000 
0.000000 
0.000000 
0.000000 
0.000000 
0.000000 
0.000000 
0.000000 
0.000000 
0.000000 
0.000000 
0.000000 
0.000000 
0.000000 
0.000000 
0.000000 
0.000000 
0.000000 
0.000000 
0.000000 
0.000000 
0.000000 
0.000000 
0.000000 
0.000000 
0.000000 
0.000000 
0.000000 
0.000000 
0.000000 
0.000000 
0.000000 
0.000000 
0.000000 
0.000000 
0.000000 
0.000000 
0.000000 
0.000000 
0.000000 
0.000000 
0.000000 
0.000000 
0.000000 
0.000000 
0.000000 
0.000000 
0.000000 
0.000000 
0.000000 
0.000000 
0.000000 
0.000000 
0.000000 
0.000000 
0.000000 
0.000000 
0.000000 
0.000000 
0.000000 
0.000000 
0.000000 
0.000000 
0.000000 
0.000000 
0.000000 
0.000000 
0.000000 
0.000000 
0.000000 
0.000000 
0.000000 
0.000000 
0.000000 
0.000000 
0.000000 
0.000000 
0.000000 
0.000000 
0.000000 
0.000000 
0.000000 
0.000000 
0.000000 
0.000000 
0.000000 
0.000000 
0.000000 
0.000000 
0.000000 
0.000000 
0.000000 
0.000000 
0.000000 
0.000000 
0.000000 
0.000000 
0.000000 
