0.000000 
0.000000 
0.000000 
0.000000 
0.000000 
0.000000 
0.000000 
0.000000 
0.000000 
0.000000 
0.000000 
0.000000 
0.000000 
0.000000 
0.000000 
0.000000 
0.000000 
0.000000 
0.000000 
0.000000 
0.000000 
0.000000 
0.000000 
0.000000 
0.000000 
0.000000 
0.000000 
0.000000 
0.000000 
0.000000 
0.000000 
0.000000 
0.000000 
0.000000 
0.000000 
0.000000 
0.000000 
0.000000 
0.000000 
0.000000 
0.000000 
0.000000 
0.000000 
0.000000 
0.000000 
0.000000 
0.000000 
0.000000 
0.000000 
0.000000 
0.000000 
0.000000 
0.000000 
0.000000 
0.000000 
0.000000 
0.000000 
0.000000 
0.000000 
0.000000 
0.000000 
0.000000 
0.000000 
0.000000 
0.000000 
0.000000 
0.000000 
0.000000 
0.000000 
0.000000 
0.000000 
0.000000 
0.000000 
0.000000 
0.000000 
0.000000 
0.000000 
0.000000 
0.000000 
0.000000 
0.000000 
0.000000 
0.000000 
0.000000 
0.000000 
0.000000 
0.000000 
0.000000 
0.000000 
0.000000 
0.000000 
0.000000 
0.000000 
0.000000 
0.000000 
0.000000 
0.000000 
0.000000 
0.000000 
0.000000 
0.000000 
0.000000 
0.000000 
0.000000 
0.000000 
0.000000 
0.000000 
0.000000 
0.000000 
0.000000 
0.000000 
0.000000 
0.000000 
0.000000 
0.000000 
0.000000 
0.000000 
0.000000 
0.000000 
0.000000 
0.000000 
0.000000 
0.000000 
0.000000 
0.000000 
0.000000 
0.000000 
0.000000 
0.000000 
0.000000 
0.000000 
0.000000 
0.000000 
0.000000 
0.000000 
0.000000 
0.000000 
0.000000 
0.000000 
0.000000 
0.000000 
0.000000 
0.000000 
0.000000 
0.000000 
0.000000 
0.000000 
0.000000 
0.000000 
0.000000 
0.000000 
0.000000 
0.000000 
0.000000 
0.000000 
0.000000 
0.000000 
0.000000 
0.000000 
0.000000 
0.000000 
0.000000 
0.000000 
0.000000 
0.000000 
0.000000 
0.000000 
0.000000 
0.000000 
0.000000 
0.000000 
0.000000 
0.000000 
0.000000 
0.000000 
0.000000 
0.000000 
0.000000 
0.000000 
0.000000 
0.000000 
0.000000 
0.000000 
0.000000 
0.000000 
0.000000 
0.000000 
0.000000 
0.000000 
0.000000 
0.000000 
0.000000 
0.000000 
0.000000 
0.000000 
0.000000 
0.000000 
0.000000 
0.000000 
0.000000 
0.000000 
0.000000 
0.000000 
0.000000 
0.000000 
0.000000 
0.000000 
0.000000 
0.000000 
0.000000 
0.000000 
0.000000 
0.000000 
0.000000 
0.000000 
0.000000 
0.000000 
0.000000 
0.000000 
0.000000 
0.000000 
0.000000 
0.000000 
0.000000 
0.000000 
0.000071 
0.000256 
0.000547 
0.000839 
0.001282 
0.001523 
0.002045 
0.003006 
0.004422 
0.004933 
0.006014 
0.007203 
0.009995 
0.010031 
0.011340 
0.014777 
0.018302 
0.022791 
0.028229 
0.024736 
0.024859 
0.031990 
0.031905 
0.045355 
0.045909 
0.036463 
0.043890 
0.037710 
0.042473 
0.034054 
0.039964 
0.044184 
0.043538 
0.039836 
0.031527 
0.032093 
0.034603 
0.034132 
0.041613 
0.037079 
0.042143 
0.041135 
0.053718 
0.052376 
0.063209 
0.049681 
0.058136 
0.062583 
0.074971 
0.073479 
0.072006 
0.081335 
0.084526 
0.077882 
0.084951 
0.093405 
0.108338 
0.086320 
0.090165 
0.098647 
0.085266 
0.084519 
0.083632 
0.094778 
0.094933 
0.098161 
0.116631 
0.116925 
0.117821 
0.122518 
0.107778 
0.115152 
0.099961 
0.111626 
0.134145 
0.122782 
0.140395 
0.129641 
0.134827 
0.138915 
0.144567 
0.155957 
0.143057 
0.141699 
0.139061 
0.149636 
0.152922 
0.153800 
0.161001 
0.164689 
0.156027 
0.139376 
0.158260 
0.134355 
0.178950 
0.173523 
0.177906 
0.222502 
0.181523 
0.176166 
0.215756 
0.223782 
0.202510 
0.286658 
0.268424 
0.259817 
0.294908 
0.289636 
0.362524 
0.382523 
0.464230 
0.415952 
0.354474 
0.397014 
0.395304 
0.452711 
0.415017 
0.379572 
0.428610 
0.398322 
0.355820 
0.390392 
0.403651 
0.430725 
0.396895 
0.349721 
0.447300 
0.368002 
0.392191 
0.452532 
0.467002 
0.480565 
0.491691 
0.507158 
0.491036 
0.606778 
0.576792 
0.715034 
0.701915 
0.845274 
0.713438 
0.888352 
0.606905 
0.790123 
0.967160 
0.949321 
0.940929 
1.049435 
1.235864 
1.199615 
1.242443 
1.011909 
1.063810 
0.936877 
0.936003 
1.136389 
1.042216 
1.139664 
1.007034 
0.895607 
0.943205 
0.985017 
1.035957 
0.959554 
1.194114 
0.892206 
0.863941 
0.967948 
0.944538 
0.730690 
0.772075 
0.871794 
0.899885 
0.792709 
0.966601 
1.086960 
1.055232 
1.061953 
1.393310 
1.330289 
1.343259 
1.239870 
1.021902 
1.167584 
1.283274 
1.065427 
1.014784 
1.147537 
1.005523 
0.845692 
0.893884 
1.085288 
1.068213 
1.248162 
1.194087 
1.500277 
1.520975 
1.831095 
1.731751 
1.520107 
1.626313 
1.769356 
1.360027 
1.520882 
1.650037 
1.466257 
1.587178 
1.641599 
1.560776 
1.715787 
1.800523 
1.578512 
2.365538 
2.309534 
2.026364 
1.819090 
2.198186 
1.890424 
2.171978 
1.969920 
1.914512 
2.106907 
2.299043 
2.103715 
2.157804 
2.093968 
2.014988 
2.032667 
2.438051 
1.827287 
2.284758 
2.291472 
2.637625 
2.662007 
2.396228 
2.683944 
2.288950 
2.300035 
1.891470 
1.869641 
1.604835 
1.616525 
0.902550 
0.820419 
0.632584 
0.903447 
0.845724 
1.405750 
1.838304 
2.155604 
2.038297 
2.353534 
2.166646 
2.469040 
2.363002 
2.402721 
1.849719 
2.491761 
2.307919 
2.088430 
2.153350 
2.416272 
2.689319 
2.317879 
2.393032 
2.212792 
2.128841 
2.162457 
2.361524 
2.578088 
2.318682 
2.332703 
2.342732 
2.588615 
2.396194 
2.048543 
1.793343 
2.040179 
1.885825 
1.848602 
1.916249 
2.051162 
2.513654 
2.438954 
2.627589 
2.372002 
2.457177 
1.767396 
1.508508 
1.228421 
1.187385 
0.760622 
0.585166 
0.500260 
0.420993 
0.566554 
0.672638 
1.090222 
1.579792 
1.785014 
2.074579 
2.051168 
2.450046 
2.470248 
2.835528 
2.560427 
2.829639 
2.936506 
3.009748 
2.581969 
2.607057 
2.430565 
2.453480 
3.376914 
3.378378 
3.166421 
2.797898 
2.688104 
2.780414 
2.854241 
2.771406 
2.758937 
2.665820 
3.008616 
2.830946 
2.856957 
3.504330 
3.359257 
3.158023 
2.780613 
2.969724 
2.737255 
2.793994 
2.735429 
2.758998 
3.145494 
3.169674 
2.869376 
3.567925 
3.179387 
2.942078 
3.186053 
3.386608 
3.437416 
2.743746 
2.979700 
2.835013 
2.591684 
2.934577 
3.144075 
3.070372 
3.527230 
3.162139 
3.077313 
3.675479 
3.007226 
3.711368 
3.348530 
3.118299 
2.962645 
3.713600 
3.621588 
3.234155 
3.299283 
3.043036 
2.663773 
3.150519 
3.655960 
4.036837 
2.890952 
3.818345 
3.337642 
2.635845 
2.102270 
2.196924 
1.695335 
2.174632 
2.127967 
2.457667 
2.883828 
2.731153 
2.787004 
3.241031 
2.883437 
3.407911 
3.582960 
3.347367 
3.525141 
3.104990 
3.001195 
3.044363 
3.039266 
2.742016 
2.671008 
2.439083 
2.182125 
1.966285 
1.893670 
1.685778 
1.488923 
1.707867 
2.193840 
2.571958 
3.113255 
3.437061 
3.693788 
3.663968 
3.351995 
3.648353 
3.139051 
2.710273 
2.903608 
2.769719 
2.021525 
2.167933 
2.363775 
2.330516 
3.517224 
3.430654 
3.585080 
4.722765 
3.801530 
3.642914 
3.800857 
3.147008 
3.333751 
3.049827 
3.539740 
2.867646 
3.084589 
3.359699 
3.708025 
3.451900 
3.058078 
3.645632 
3.364669 
3.192396 
3.518181 
2.945849 
2.598756 
2.112261 
1.638848 
1.336086 
0.885518 
0.777110 
0.651877 
0.781893 
0.704318 
0.716062 
0.796384 
0.815929 
1.739597 
1.895381 
2.917278 
2.577497 
3.388979 
3.577288 
3.190379 
3.970826 
4.159312 
3.641915 
4.564618 
4.046122 
3.761928 
3.398047 
3.420883 
3.599445 
3.741327 
3.467253 
3.715901 
3.442527 
3.128489 
3.787798 
3.165437 
3.680213 
3.716139 
3.675154 
3.833305 
3.873667 
3.728328 
3.157187 
2.313789 
2.137924 
1.195546 
0.839345 
1.087321 
1.460214 
1.337848 
1.609128 
1.749799 
1.694242 
2.274753 
1.729962 
1.719972 
2.392643 
2.105986 
1.992804 
1.806579 
1.492816 
1.288168 
1.329096 
1.628948 
1.745954 
2.463731 
1.957446 
2.278708 
2.633744 
2.644290 
3.328201 
3.213054 
2.808897 
2.606271 
2.511264 
1.501594 
1.697386 
1.370589 
1.484331 
1.741875 
1.624560 
1.559594 
1.584667 
1.769419 
1.379062 
1.296055 
1.138782 
1.273776 
1.770550 
1.817508 
1.861942 
1.775815 
2.102854 
2.023733 
2.255694 
2.131519 
2.168262 
2.779988 
2.838721 
3.106346 
3.678626 
4.138611 
3.840482 
3.713615 
3.344404 
3.080537 
3.195000 
3.271680 
2.502065 
2.028061 
1.632441 
1.578926 
0.958119 
1.129061 
1.018264 
0.970989 
0.940826 
1.122742 
1.400502 
1.576845 
1.835151 
1.866307 
2.504108 
2.780190 
3.364811 
3.906587 
4.733280 
4.036823 
4.411285 
3.376673 
4.059572 
3.839614 
4.421970 
3.666328 
3.655061 
3.706311 
4.010213 
3.859302 
3.452987 
3.072210 
3.780326 
3.148683 
2.999254 
3.505992 
3.549606 
3.253127 
3.632686 
3.291929 
3.319392 
3.389473 
3.641731 
4.369062 
3.486403 
4.052469 
2.969982 
3.519030 
3.507558 
3.105183 
3.591891 
3.639254 
3.793252 
3.853276 
3.377168 
2.447505 
2.855886 
2.472409 
3.046552 
2.801908 
3.222736 
3.667620 
3.196813 
3.784349 
3.853694 
2.959529 
3.084220 
3.646477 
3.357439 
3.563089 
3.823862 
3.797495 
3.560087 
3.175407 
3.741194 
3.251555 
3.756426 
3.407667 
2.649060 
3.604330 
3.126338 
2.909862 
2.734203 
2.583249 
2.098834 
2.056767 
1.740512 
2.150729 
2.407676 
2.202129 
2.628518 
3.050722 
2.726806 
2.535678 
3.299595 
3.247997 
3.068500 
3.410321 
2.800219 
2.951033 
3.006888 
2.584158 
3.056306 
3.099537 
2.703857 
3.017274 
3.421270 
2.913503 
3.448567 
3.496977 
3.147897 
2.533857 
2.737043 
2.607727 
2.370922 
2.690398 
2.358571 
2.781918 
2.884523 
2.124408 
2.790464 
2.288001 
2.202516 
2.537940 
2.613489 
2.358034 
3.010675 
2.882576 
2.718368 
2.821065 
2.764846 
2.509934 
2.219604 
2.671843 
2.148571 
2.316240 
1.617380 
1.162805 
1.003670 
0.998115 
1.077898 
0.823846 
0.937516 
0.868479 
0.751794 
0.675176 
0.856331 
0.851658 
0.908382 
0.881931 
0.810129 
0.849143 
0.958358 
1.087461 
1.266097 
1.154509 
1.477049 
1.665759 
1.889085 
1.893094 
2.206171 
2.483348 
2.543870 
2.304259 
2.510533 
2.564248 
2.280303 
2.100009 
1.762976 
1.919202 
2.028649 
1.825253 
1.548733 
1.630646 
1.641603 
1.373354 
1.265111 
1.449997 
1.593745 
1.446998 
1.491960 
1.691461 
1.811650 
1.675769 
1.806068 
2.174538 
2.411172 
2.374893 
1.975541 
2.841279 
2.735757 
2.616587 
3.207726 
1.890285 
2.203658 
1.928540 
1.841485 
2.158210 
1.752855 
1.362437 
1.581189 
1.458708 
1.586680 
1.500071 
1.699804 
1.670042 
1.347013 
1.915518 
1.654554 
2.233760 
1.993731 
1.992897 
1.555001 
2.322860 
1.838527 
2.106147 
2.080248 
1.621866 
2.093198 
2.028405 
1.777975 
1.373569 
1.189403 
1.330092 
1.325028 
1.328270 
1.405402 
1.971850 
1.447642 
1.577024 
1.377619 
1.282036 
1.104573 
0.926537 
1.016768 
0.949387 
0.896999 
0.821556 
1.038402 
1.062928 
1.185634 
0.985231 
0.778071 
0.856268 
1.140418 
0.820298 
0.882891 
0.938421 
0.765040 
0.765033 
0.950971 
0.892001 
0.786686 
0.753502 
0.715326 
0.684901 
0.740517 
0.662246 
0.626960 
0.613960 
0.507068 
0.490812 
0.478424 
0.395864 
0.455849 
0.377511 
0.419391 
0.374849 
0.363380 
0.355140 
0.348076 
0.421670 
0.335943 
0.304084 
0.352862 
0.368455 
0.354830 
0.360806 
0.376300 
0.355103 
0.353391 
0.374770 
0.335132 
0.335911 
0.426436 
0.388622 
0.408356 
0.325507 
0.476285 
0.483073 
0.463030 
0.422023 
0.551717 
0.511334 
0.540299 
0.555812 
0.548999 
0.594071 
0.613667 
0.573295 
0.500840 
0.634742 
0.538193 
0.606087 
0.559658 
0.443639 
0.611243 
0.590843 
0.637805 
0.641082 
0.628341 
0.610051 
0.611441 
0.730646 
0.723708 
0.845403 
0.916077 
0.819942 
0.826783 
0.887666 
1.193761 
1.285201 
1.159901 
1.494906 
1.259465 
1.245918 
1.449582 
1.085187 
1.240147 
1.118286 
0.987430 
0.798071 
0.572539 
0.638097 
0.549027 
0.662224 
0.556899 
0.522406 
0.589029 
0.566561 
0.480175 
0.473718 
0.319837 
0.325033 
0.300611 
0.255405 
0.263713 
0.272979 
0.282886 
0.240897 
0.242076 
0.284684 
0.246522 
0.217516 
0.250791 
0.229544 
0.226140 
0.270338 
0.285253 
0.236500 
0.283830 
0.211551 
0.232290 
0.245085 
0.281570 
0.228834 
0.231346 
0.227979 
0.264555 
0.245411 
0.284029 
0.273081 
0.264731 
0.260897 
0.238951 
0.232448 
0.198748 
0.231013 
0.222166 
0.237770 
0.182034 
0.192749 
0.198888 
0.166814 
0.143876 
0.124983 
0.149651 
0.128827 
0.121512 
0.138312 
0.116849 
0.114339 
0.119940 
0.117796 
0.128875 
0.106206 
0.108963 
0.117510 
0.117000 
0.117649 
0.096642 
0.098407 
0.085086 
0.071515 
0.064554 
0.091370 
0.076364 
0.078079 
0.070250 
0.061430 
0.049339 
0.055085 
0.045700 
0.052320 
0.043275 
0.037076 
0.037723 
0.030645 
0.031880 
0.034344 
0.028021 
0.023676 
0.020676 
0.021756 
0.022544 
0.023418 
0.023233 
0.024086 
0.025315 
0.025549 
0.022814 
0.027330 
0.025594 
0.028328 
0.026885 
0.025692 
0.025361 
0.020455 
0.021068 
0.020468 
0.018931 
0.016415 
0.014150 
0.011495 
0.011552 
0.010505 
0.009616 
0.008443 
0.010793 
0.010403 
0.009350 
0.009663 
0.009775 
0.009648 
0.009422 
0.009318 
0.009454 
0.007947 
0.008402 
0.009008 
0.008518 
0.006829 
0.006607 
0.005732 
0.004682 
0.003980 
0.003220 
0.003049 
0.002961 
0.002089 
0.002120 
0.000913 
0.000490 
0.000286 
0.000206 
0.000104 
0.000055 
0.000012 
0.000000 
0.000000 
0.000000 
0.000000 
0.000000 
0.000000 
0.000000 
0.000000 
0.000000 
0.000000 
0.000000 
0.000000 
0.000000 
0.000000 
0.000000 
0.000000 
0.000000 
0.000000 
0.000000 
0.000000 
0.000000 
0.000000 
0.000000 
0.000000 
0.000000 
0.000000 
0.000000 
0.000000 
0.000000 
0.000000 
0.000000 
0.000000 
0.000000 
0.000000 
0.000000 
0.000000 
0.000000 
0.000000 
0.000000 
0.000000 
0.000000 
0.000000 
0.000000 
0.000000 
0.000000 
0.000000 
0.000000 
0.000000 
0.000000 
0.000000 
0.000000 
0.000000 
0.000000 
0.000000 
0.000000 
0.000000 
0.000000 
0.000000 
0.000000 
0.000000 
0.000000 
0.000000 
0.000000 
0.000000 
0.000000 
0.000000 
0.000000 
0.000000 
0.000000 
0.000000 
0.000000 
0.000000 
0.000000 
0.000000 
0.000000 
0.000000 
0.000000 
0.000000 
0.000000 
0.000000 
0.000000 
0.000000 
0.000000 
0.000000 
0.000000 
0.000000 
0.000000 
0.000000 
0.000000 
0.000000 
0.000000 
0.000000 
0.000000 
0.000000 
0.000000 
0.000000 
0.000000 
0.000000 
0.000000 
0.000000 
0.000000 
0.000000 
0.000000 
0.000000 
0.000000 
0.000000 
0.000000 
0.000000 
0.000000 
0.000000 
0.000000 
0.000000 
0.000000 
0.000000 
0.000000 
0.000000 
0.000000 
0.000000 
0.000000 
0.000000 
0.000000 
0.000000 
0.000000 
0.000000 
0.000000 
0.000000 
0.000000 
0.000000 
0.000000 
0.000000 
0.000000 
0.000000 
0.000000 
0.000000 
0.000000 
0.000000 
0.000000 
0.000000 
0.000000 
0.000000 
0.000000 
0.000000 
0.000000 
0.000000 
0.000000 
0.000000 
0.000000 
0.000000 
0.000000 
0.000000 
0.000000 
0.000000 
0.000000 
0.000000 
0.000000 
0.000000 
0.000000 
0.000000 
0.000000 
0.000000 
0.000000 
0.000000 
0.000000 
0.000000 
0.000000 
0.000000 
0.000000 
0.000000 
0.000000 
0.000000 
0.000000 
0.000000 
0.000000 
0.000000 
0.000000 
0.000000 
0.000000 
0.000000 
0.000000 
0.000000 
0.000000 
0.000000 
0.000000 
0.000000 
0.000000 
0.000000 
0.000000 
0.000000 
0.000000 
0.000000 
0.000000 
