0.000000 
0.000000 
0.000000 
0.000000 
0.000000 
0.000000 
0.000000 
0.000000 
0.000000 
0.000000 
0.000000 
0.000000 
0.000000 
0.000000 
0.000000 
0.000000 
0.000000 
0.000000 
0.000000 
0.000000 
0.000000 
0.000000 
0.000000 
0.000000 
0.000000 
0.000000 
0.000000 
0.000000 
0.000000 
0.000000 
0.000000 
0.000000 
0.000000 
0.000000 
0.000000 
0.000000 
0.000000 
0.000000 
0.000000 
0.000000 
0.000000 
0.000000 
0.000000 
0.000000 
0.000000 
0.000000 
0.000000 
0.000000 
0.000000 
0.000000 
0.000000 
0.000000 
0.000000 
0.000000 
0.000000 
0.000000 
0.000000 
0.000000 
0.000000 
0.000000 
0.000000 
0.000000 
0.000000 
0.000000 
0.000000 
0.000000 
0.000000 
0.000000 
0.000000 
0.000000 
0.000000 
0.000000 
0.000000 
0.000000 
0.000000 
0.000000 
0.000000 
0.000000 
0.000000 
0.000000 
0.000000 
0.000000 
0.000000 
0.000000 
0.000000 
0.000000 
0.000000 
0.000000 
0.000000 
0.000000 
0.000000 
0.000000 
0.000000 
0.000000 
0.000000 
0.000000 
0.000000 
0.000000 
0.000000 
0.000000 
0.000000 
0.000000 
0.000000 
0.000000 
0.000000 
0.000000 
0.000000 
0.000000 
0.000000 
0.000000 
0.000000 
0.000000 
0.000000 
0.000000 
0.000000 
0.000000 
0.000000 
0.000000 
0.000000 
0.000000 
0.000000 
0.000000 
0.000000 
0.000000 
0.000000 
0.000000 
0.000000 
0.000000 
0.000000 
0.000000 
0.000000 
0.000000 
0.000000 
0.000000 
0.000000 
0.000000 
0.000000 
0.000000 
0.000000 
0.000000 
0.000000 
0.000000 
0.000000 
0.000000 
0.000000 
0.000000 
0.000000 
0.000000 
0.000000 
0.000000 
0.000000 
0.000000 
0.000000 
0.000000 
0.000000 
0.000000 
0.000000 
0.000000 
0.000000 
0.000000 
0.000000 
0.000000 
0.000000 
0.000000 
0.000000 
0.000000 
0.000000 
0.000000 
0.000000 
0.000000 
0.000000 
0.000000 
0.000000 
0.000000 
0.000000 
0.000000 
0.000000 
0.000000 
0.000000 
0.000000 
0.000000 
0.000000 
0.000000 
0.000000 
0.000000 
0.000000 
0.000000 
0.000000 
0.000000 
0.000000 
0.000000 
0.000000 
0.000000 
0.000000 
0.000000 
0.000000 
0.000000 
0.000000 
0.000000 
0.000000 
0.000000 
0.000000 
0.000000 
0.000000 
0.000000 
0.000000 
0.000000 
0.000000 
0.000000 
0.000000 
0.000000 
0.000000 
0.000000 
0.000000 
0.000000 
0.000000 
0.000000 
0.000000 
0.000000 
0.000000 
0.000000 
0.000000 
0.000000 
0.000000 
0.000000 
0.000043 
0.000155 
0.000285 
0.000517 
0.000812 
0.001121 
0.001544 
0.001758 
0.002150 
0.003117 
0.003248 
0.004624 
0.004949 
0.007303 
0.008360 
0.012018 
0.010995 
0.012763 
0.016373 
0.020207 
0.020859 
0.020823 
0.025839 
0.023252 
0.021856 
0.026150 
0.024249 
0.025340 
0.027202 
0.022664 
0.030210 
0.024473 
0.022718 
0.024104 
0.020321 
0.024291 
0.026978 
0.021333 
0.023313 
0.026449 
0.027523 
0.026042 
0.026789 
0.030973 
0.031562 
0.037236 
0.034555 
0.047342 
0.042984 
0.039997 
0.056738 
0.055075 
0.053563 
0.055825 
0.054784 
0.062817 
0.062465 
0.054939 
0.057562 
0.066949 
0.051285 
0.061278 
0.058990 
0.062287 
0.074027 
0.068622 
0.065277 
0.061553 
0.083234 
0.070578 
0.065933 
0.056545 
0.079542 
0.080048 
0.080564 
0.080666 
0.085318 
0.082470 
0.079718 
0.101468 
0.077431 
0.067804 
0.080940 
0.094459 
0.099171 
0.093153 
0.094120 
0.105029 
0.093702 
0.114338 
0.101232 
0.104707 
0.095285 
0.108736 
0.103827 
0.116881 
0.114876 
0.107453 
0.117402 
0.115490 
0.115176 
0.134664 
0.127658 
0.172782 
0.187486 
0.181883 
0.226548 
0.186571 
0.216236 
0.252477 
0.196700 
0.235463 
0.234860 
0.282216 
0.220804 
0.221745 
0.266305 
0.246794 
0.194476 
0.214530 
0.224061 
0.203344 
0.289171 
0.261554 
0.288771 
0.290304 
0.294660 
0.283160 
0.262433 
0.329758 
0.248572 
0.331242 
0.280341 
0.260446 
0.340376 
0.366700 
0.366891 
0.389117 
0.458011 
0.420502 
0.495357 
0.568432 
0.524684 
0.444316 
0.578752 
0.527202 
0.624443 
0.764075 
0.717430 
0.795496 
0.808104 
0.739353 
0.757340 
0.709091 
0.686109 
0.580066 
0.655439 
0.627860 
0.637933 
0.575161 
0.669353 
0.742392 
0.630323 
0.522561 
0.645870 
0.559426 
0.744024 
0.662908 
0.651400 
0.467188 
0.582775 
0.530286 
0.519567 
0.605635 
0.564210 
0.640196 
0.651927 
0.754144 
0.648695 
0.685439 
0.754506 
0.728172 
0.849200 
0.692594 
0.751884 
0.790891 
0.559270 
0.534815 
0.549469 
0.600665 
0.667652 
0.607492 
0.616289 
0.729056 
0.705449 
0.994037 
0.954656 
0.954004 
1.002796 
0.924275 
1.103027 
0.851234 
0.850327 
0.927472 
0.885882 
0.930678 
0.884914 
0.802729 
1.141150 
1.192056 
1.159339 
1.269593 
1.118110 
1.020998 
1.179074 
1.155199 
1.479811 
1.465009 
1.211377 
1.245873 
1.125906 
1.274690 
1.082989 
1.223437 
1.424456 
1.365983 
1.397976 
1.596402 
1.331948 
1.374089 
1.376968 
1.325089 
1.337423 
1.607276 
1.837249 
1.565291 
1.570497 
1.457042 
1.317264 
1.133378 
1.010186 
0.761268 
0.762362 
0.563900 
0.452270 
0.462289 
0.730011 
0.915760 
1.274264 
1.440502 
1.420763 
1.227645 
1.406687 
1.415569 
1.545882 
1.213529 
1.335622 
1.624826 
1.504786 
1.417438 
1.409670 
1.307515 
1.554911 
1.266765 
1.372192 
1.336529 
1.409092 
1.289764 
1.476908 
1.519383 
1.504175 
1.140425 
1.352581 
1.451274 
1.443019 
1.551242 
1.276269 
1.237848 
1.436071 
1.157118 
1.053945 
1.311089 
1.388912 
1.626805 
1.495175 
1.414630 
1.426690 
1.015757 
0.985883 
0.835219 
0.574161 
0.451560 
0.360846 
0.273560 
0.306110 
0.361481 
0.435914 
0.719015 
0.953310 
1.126885 
1.247692 
1.364766 
1.840441 
1.464448 
1.902229 
1.483769 
1.685688 
1.829614 
1.780314 
1.447049 
1.663035 
1.925388 
1.905047 
1.729514 
1.581627 
1.638011 
1.783400 
2.187189 
1.558084 
1.740264 
1.864343 
1.932977 
1.738934 
1.805146 
1.971782 
1.946370 
1.339924 
1.716676 
1.639572 
1.838780 
1.748796 
1.753102 
1.701070 
1.977703 
1.540675 
1.973669 
1.257103 
1.767472 
1.946299 
1.858896 
1.601454 
2.348104 
2.092986 
1.796178 
1.690549 
2.088715 
1.851452 
1.667730 
2.242895 
1.830067 
2.116906 
1.831179 
1.746021 
1.801412 
1.900322 
2.234092 
1.799736 
2.265080 
2.061856 
2.065938 
2.304152 
1.726929 
2.061041 
2.262744 
1.984940 
2.131640 
1.833528 
2.137952 
2.322248 
2.203774 
2.391439 
1.833430 
1.810788 
1.192427 
1.426894 
0.998102 
1.224994 
1.420488 
1.644976 
1.875664 
1.655456 
1.786368 
2.422640 
2.331614 
2.514747 
2.178689 
1.689219 
2.180821 
1.494101 
1.837393 
2.262580 
1.655818 
1.633316 
1.480148 
1.386171 
1.238033 
1.024386 
1.182571 
0.996453 
0.984237 
0.951113 
1.481391 
1.771846 
2.268616 
2.100731 
2.217430 
2.140416 
2.246850 
2.566707 
1.895820 
1.850186 
1.992785 
1.596590 
1.467583 
1.458840 
1.534045 
1.710361 
1.855645 
2.410002 
2.652165 
2.258896 
2.098421 
2.477408 
2.089676 
1.947118 
2.009486 
1.976918 
2.180266 
2.130209 
1.758689 
2.300764 
2.401228 
2.100297 
2.103902 
2.339504 
2.506479 
2.092009 
2.044289 
1.735312 
1.415029 
1.376582 
1.163593 
0.663729 
0.636872 
0.429978 
0.520652 
0.370609 
0.405713 
0.378640 
0.437338 
0.541157 
0.732810 
1.248126 
1.466411 
1.813221 
1.813613 
2.233091 
2.159991 
2.200352 
1.962434 
2.124546 
2.696050 
2.384337 
2.290974 
2.407517 
2.534755 
1.694260 
2.815250 
2.529363 
2.523215 
2.460152 
2.412353 
2.581829 
2.460862 
2.448584 
2.168540 
2.184015 
2.345320 
2.317527 
2.380974 
2.134828 
1.938057 
1.120498 
0.730022 
0.530606 
0.528133 
0.752737 
0.784165 
0.883780 
0.912493 
0.964368 
1.313548 
1.136732 
1.618629 
1.457393 
1.364866 
1.310431 
0.993875 
0.925241 
0.881194 
0.851490 
1.049395 
1.198152 
1.136814 
1.403024 
1.568604 
1.425237 
1.629919 
2.058609 
1.969376 
2.097506 
1.493872 
1.451460 
1.198771 
0.933934 
0.922707 
0.801151 
0.993271 
0.942078 
1.053245 
1.019133 
0.809564 
0.823022 
0.886643 
0.974399 
0.925776 
0.787408 
0.861158 
0.997843 
1.380549 
1.095910 
1.152230 
1.481962 
1.399388 
1.507516 
1.742988 
1.779236 
2.342658 
2.426423 
2.405059 
2.311478 
2.076446 
2.623872 
1.877145 
2.309679 
1.843196 
1.531956 
1.213287 
1.152311 
0.841312 
0.804543 
0.627755 
0.729690 
0.679475 
0.709723 
0.781727 
0.695765 
1.170134 
1.187328 
1.582174 
1.423566 
1.666044 
2.068846 
2.215643 
2.903667 
2.832256 
2.000655 
2.351309 
2.691853 
2.288762 
1.967630 
2.241129 
2.178878 
2.411975 
1.956653 
2.631381 
2.020666 
2.252170 
2.360591 
2.181687 
2.383739 
2.305285 
2.095621 
2.103367 
2.406210 
2.486897 
2.196042 
2.107867 
2.036377 
2.427490 
2.204748 
2.318665 
1.764392 
2.011798 
2.381244 
2.191301 
2.515487 
2.699004 
2.533584 
2.079154 
2.335761 
1.987272 
1.772938 
1.817319 
1.829644 
1.735153 
1.790958 
2.167558 
2.266662 
2.328831 
2.114209 
2.247684 
1.935938 
2.254583 
2.615927 
2.165721 
2.227523 
2.202655 
2.080844 
1.890663 
2.309713 
2.116234 
1.823098 
2.132696 
2.430713 
2.302894 
2.135314 
2.164218 
1.674682 
1.372335 
1.507245 
1.442634 
1.355208 
1.345112 
1.307431 
1.302871 
1.716240 
1.733076 
2.041992 
2.364021 
2.088472 
2.151560 
1.735094 
2.346095 
2.347425 
1.975397 
2.183191 
1.787704 
1.626990 
2.092435 
1.927495 
1.848306 
2.337322 
2.062584 
2.158742 
2.018241 
1.883521 
2.178886 
1.854434 
1.629361 
1.568022 
1.555108 
1.523652 
1.435356 
1.756517 
1.478559 
1.809850 
1.580254 
1.460443 
1.372786 
1.476969 
1.418961 
1.392126 
1.851685 
1.429646 
1.663734 
1.513314 
1.809355 
1.812197 
1.911930 
1.299734 
1.335176 
1.165936 
0.730148 
0.623820 
0.558483 
0.545723 
0.679264 
0.526671 
0.563883 
0.528865 
0.480937 
0.521659 
0.527470 
0.363695 
0.526802 
0.545389 
0.502798 
0.576742 
0.691946 
0.640269 
0.786180 
0.992117 
0.788717 
1.052840 
1.156637 
1.340030 
1.353897 
1.572761 
1.705192 
1.404745 
1.415490 
1.150930 
1.361057 
1.382608 
1.074466 
0.950742 
0.968227 
1.003865 
0.995218 
1.109153 
0.922083 
0.957008 
0.848103 
0.876086 
0.890440 
0.942445 
0.950326 
1.075328 
1.173201 
1.171215 
1.381230 
1.404674 
1.558474 
1.676361 
1.564296 
1.690491 
1.742143 
1.486292 
1.493562 
1.403700 
1.347623 
1.159800 
1.052302 
0.946782 
0.850816 
0.964155 
1.096184 
0.859592 
0.853096 
1.120706 
0.984120 
0.880031 
1.110390 
0.988092 
1.081986 
1.024661 
1.101657 
1.234225 
1.245452 
1.258828 
1.396909 
1.213586 
1.207768 
1.340807 
1.125195 
1.060657 
0.971029 
0.783077 
0.873178 
0.824126 
0.856563 
0.932180 
1.162695 
1.093637 
1.261763 
0.994483 
0.772846 
0.557128 
0.496550 
0.563043 
0.671619 
0.634420 
0.696950 
0.681305 
0.816077 
0.673294 
0.587817 
0.605916 
0.607785 
0.629951 
0.647492 
0.661706 
0.623198 
0.599990 
0.676416 
0.573335 
0.523855 
0.586872 
0.488540 
0.486238 
0.440491 
0.364974 
0.369351 
0.385419 
0.328095 
0.298122 
0.231976 
0.267364 
0.260155 
0.253781 
0.234542 
0.234442 
0.222665 
0.234856 
0.220196 
0.227877 
0.207087 
0.178459 
0.210577 
0.239330 
0.188882 
0.227515 
0.203272 
0.249778 
0.211324 
0.235351 
0.226035 
0.222477 
0.249537 
0.217319 
0.232494 
0.286418 
0.275240 
0.273636 
0.310777 
0.324378 
0.334012 
0.321444 
0.250988 
0.287820 
0.328450 
0.392247 
0.377330 
0.372254 
0.393208 
0.407551 
0.328479 
0.372914 
0.352422 
0.278634 
0.355550 
0.291602 
0.410644 
0.355754 
0.373759 
0.363675 
0.460247 
0.403114 
0.395758 
0.427991 
0.479289 
0.462200 
0.488244 
0.464209 
0.493793 
0.616721 
0.675135 
0.608390 
0.953071 
0.952388 
0.922850 
0.768555 
0.693709 
0.760558 
0.633778 
0.547588 
0.501933 
0.373815 
0.423497 
0.389572 
0.333147 
0.294770 
0.319846 
0.318000 
0.386959 
0.286924 
0.266048 
0.231488 
0.175716 
0.146033 
0.196842 
0.185649 
0.155159 
0.161002 
0.155736 
0.143606 
0.148427 
0.153430 
0.162693 
0.154174 
0.145715 
0.187462 
0.176333 
0.157979 
0.159315 
0.174746 
0.153923 
0.166715 
0.156160 
0.136569 
0.149919 
0.140916 
0.138373 
0.143928 
0.138990 
0.139440 
0.169907 
0.167306 
0.179234 
0.159058 
0.151537 
0.167458 
0.158328 
0.144509 
0.121422 
0.138673 
0.122351 
0.094001 
0.112073 
0.087963 
0.072801 
0.096923 
0.083028 
0.078596 
0.071277 
0.065673 
0.083864 
0.066856 
0.074059 
0.075862 
0.080929 
0.069635 
0.053919 
0.056996 
0.063153 
0.068884 
0.059254 
0.059398 
0.059039 
0.052393 
0.049562 
0.038451 
0.039464 
0.037473 
0.039012 
0.030730 
0.034192 
0.023744 
0.035462 
0.025843 
0.023029 
0.022292 
0.020279 
0.016870 
0.015418 
0.018170 
0.013250 
0.013916 
0.014684 
0.014745 
0.013907 
0.015176 
0.013056 
0.016833 
0.018008 
0.017181 
0.015911 
0.014646 
0.018162 
0.015214 
0.016404 
0.016047 
0.015584 
0.014451 
0.013593 
0.009583 
0.011088 
0.006995 
0.007916 
0.007744 
0.006742 
0.005705 
0.006594 
0.006127 
0.005487 
0.005282 
0.005676 
0.005199 
0.005433 
0.004886 
0.005956 
0.005700 
0.005230 
0.005260 
0.003932 
0.004772 
0.003566 
0.003589 
0.003149 
0.002858 
0.002611 
0.002716 
0.002340 
0.001878 
0.001536 
0.001077 
0.000645 
0.000350 
0.000197 
0.000111 
0.000078 
0.000032 
0.000008 
0.000000 
0.000000 
0.000000 
0.000000 
0.000000 
0.000000 
0.000000 
0.000000 
0.000000 
0.000000 
0.000000 
0.000000 
0.000000 
0.000000 
0.000000 
0.000000 
0.000000 
0.000000 
0.000000 
0.000000 
0.000000 
0.000000 
0.000000 
0.000000 
0.000000 
0.000000 
0.000000 
0.000000 
0.000000 
0.000000 
0.000000 
0.000000 
0.000000 
0.000000 
0.000000 
0.000000 
0.000000 
0.000000 
0.000000 
0.000000 
0.000000 
0.000000 
0.000000 
0.000000 
0.000000 
0.000000 
0.000000 
0.000000 
0.000000 
0.000000 
0.000000 
0.000000 
0.000000 
0.000000 
0.000000 
0.000000 
0.000000 
0.000000 
0.000000 
0.000000 
0.000000 
0.000000 
0.000000 
0.000000 
0.000000 
0.000000 
0.000000 
0.000000 
0.000000 
0.000000 
0.000000 
0.000000 
0.000000 
0.000000 
0.000000 
0.000000 
0.000000 
0.000000 
0.000000 
0.000000 
0.000000 
0.000000 
0.000000 
0.000000 
0.000000 
0.000000 
0.000000 
0.000000 
0.000000 
0.000000 
0.000000 
0.000000 
0.000000 
0.000000 
0.000000 
0.000000 
0.000000 
0.000000 
0.000000 
0.000000 
0.000000 
0.000000 
0.000000 
0.000000 
0.000000 
0.000000 
0.000000 
0.000000 
0.000000 
0.000000 
0.000000 
0.000000 
0.000000 
0.000000 
0.000000 
0.000000 
0.000000 
0.000000 
0.000000 
0.000000 
0.000000 
0.000000 
0.000000 
0.000000 
0.000000 
0.000000 
0.000000 
0.000000 
0.000000 
0.000000 
0.000000 
0.000000 
0.000000 
0.000000 
0.000000 
0.000000 
0.000000 
0.000000 
0.000000 
0.000000 
0.000000 
0.000000 
0.000000 
0.000000 
0.000000 
0.000000 
0.000000 
0.000000 
0.000000 
0.000000 
0.000000 
0.000000 
0.000000 
0.000000 
0.000000 
0.000000 
0.000000 
0.000000 
0.000000 
0.000000 
0.000000 
0.000000 
0.000000 
0.000000 
0.000000 
0.000000 
0.000000 
0.000000 
0.000000 
0.000000 
0.000000 
0.000000 
0.000000 
0.000000 
0.000000 
0.000000 
0.000000 
0.000000 
0.000000 
0.000000 
0.000000 
0.000000 
0.000000 
0.000000 
0.000000 
0.000000 
0.000000 
0.000000 
0.000000 
0.000000 
0.000000 
