0.000000 
0.000000 
0.000000 
0.000000 
0.000000 
0.000000 
0.000000 
0.000000 
0.000000 
0.000000 
0.000000 
0.000000 
0.000000 
0.000000 
0.000000 
0.000000 
0.000000 
0.000000 
0.000000 
0.000000 
0.000000 
0.000000 
0.000000 
0.000000 
0.000000 
0.000000 
0.000000 
0.000000 
0.000000 
0.000000 
0.000000 
0.000000 
0.000000 
0.000000 
0.000000 
0.000000 
0.000000 
0.000000 
0.000000 
0.000000 
0.000000 
0.000000 
0.000000 
0.000000 
0.000000 
0.000000 
0.000000 
0.000000 
0.000000 
0.000000 
0.000000 
0.000000 
0.000000 
0.000000 
0.000000 
0.000000 
0.000000 
0.000000 
0.000000 
0.000000 
0.000000 
0.000000 
0.000000 
0.000000 
0.000000 
0.000000 
0.000000 
0.000000 
0.000000 
0.000000 
0.000000 
0.000000 
0.000000 
0.000000 
0.000000 
0.000000 
0.000000 
0.000000 
0.000000 
0.000000 
0.000000 
0.000000 
0.000000 
0.000000 
0.000000 
0.000000 
0.000000 
0.000000 
0.000000 
0.000000 
0.000000 
0.000000 
0.000000 
0.000000 
0.000000 
0.000000 
0.000000 
0.000000 
0.000000 
0.000000 
0.000000 
0.000000 
0.000000 
0.000000 
0.000000 
0.000000 
0.000000 
0.000000 
0.000000 
0.000000 
0.000000 
0.000000 
0.000000 
0.000000 
0.000000 
0.000000 
0.000000 
0.000000 
0.000000 
0.000000 
0.000000 
0.000000 
0.000000 
0.000000 
0.000000 
0.000000 
0.000000 
0.000000 
0.000000 
0.000000 
0.000000 
0.000000 
0.000000 
0.000000 
0.000000 
0.000000 
0.000000 
0.000000 
0.000000 
0.000000 
0.000000 
0.000000 
0.000000 
0.000000 
0.000000 
0.000000 
0.000000 
0.000000 
0.000000 
0.000000 
0.000000 
0.000000 
0.000000 
0.000000 
0.000000 
0.000000 
0.000000 
0.000000 
0.000000 
0.000000 
0.000000 
0.000000 
0.000000 
0.000000 
0.000000 
0.000000 
0.000000 
0.000000 
0.000000 
0.000000 
0.000000 
0.000000 
0.000000 
0.000000 
0.000000 
0.000000 
0.000000 
0.000000 
0.000000 
0.000000 
0.000000 
0.000000 
0.000000 
0.000000 
0.000000 
0.000000 
0.000000 
0.000000 
0.000000 
0.000000 
0.000000 
0.000000 
0.000000 
0.000000 
0.000000 
0.000000 
0.000000 
0.000000 
0.000000 
0.000000 
0.000000 
0.000000 
0.000000 
0.000000 
0.000000 
0.000000 
0.000000 
0.000000 
0.000000 
0.000000 
0.000000 
0.000000 
0.000000 
0.000000 
0.000000 
0.000000 
0.000000 
0.000000 
0.000000 
0.000000 
0.000000 
0.000000 
0.000000 
0.000000 
0.000000 
0.000066 
0.000277 
0.000526 
0.000815 
0.001277 
0.001500 
0.001870 
0.003076 
0.004235 
0.004612 
0.007070 
0.006748 
0.008664 
0.010106 
0.011837 
0.015290 
0.018338 
0.022638 
0.025201 
0.026933 
0.027951 
0.035122 
0.037764 
0.038009 
0.036265 
0.040793 
0.034758 
0.043825 
0.040375 
0.041100 
0.041338 
0.037211 
0.036131 
0.042369 
0.033755 
0.040128 
0.045601 
0.045494 
0.039691 
0.037228 
0.048314 
0.042284 
0.051780 
0.048106 
0.052282 
0.065024 
0.065162 
0.064824 
0.072349 
0.063623 
0.065386 
0.072157 
0.097334 
0.081602 
0.094102 
0.094521 
0.078504 
0.086741 
0.072311 
0.086493 
0.092965 
0.095142 
0.070776 
0.094337 
0.097470 
0.109863 
0.090511 
0.110394 
0.119589 
0.117126 
0.102896 
0.106861 
0.109398 
0.105005 
0.122378 
0.120512 
0.106918 
0.128409 
0.111641 
0.126882 
0.115305 
0.099813 
0.141226 
0.115190 
0.121614 
0.143086 
0.155070 
0.133599 
0.125219 
0.152990 
0.166492 
0.183012 
0.147450 
0.174868 
0.195075 
0.177002 
0.177850 
0.177652 
0.202233 
0.170600 
0.155701 
0.211029 
0.249457 
0.208204 
0.270462 
0.322031 
0.288762 
0.333205 
0.333056 
0.407351 
0.413089 
0.383123 
0.375280 
0.435038 
0.437811 
0.333000 
0.472340 
0.355266 
0.354939 
0.377510 
0.413250 
0.398532 
0.331479 
0.425579 
0.401502 
0.472891 
0.403209 
0.358960 
0.495578 
0.461000 
0.452407 
0.549146 
0.491442 
0.489837 
0.565450 
0.533624 
0.602124 
0.642844 
0.599561 
0.837447 
0.890669 
0.733327 
0.905157 
0.835296 
0.777118 
1.027356 
1.040134 
1.035071 
1.228265 
1.278740 
1.168151 
1.202895 
1.318450 
1.197140 
1.205370 
0.803685 
0.948046 
0.834987 
0.996123 
1.084512 
0.956399 
0.898123 
0.998827 
1.012922 
1.089403 
1.018463 
0.926371 
0.793814 
1.065378 
0.940308 
0.847396 
0.850032 
0.969305 
0.942126 
0.864382 
1.003007 
1.088293 
1.350372 
1.208055 
1.580324 
1.298547 
0.991802 
1.283637 
1.429320 
1.057920 
1.154119 
1.194293 
1.299625 
0.923264 
0.945090 
1.025397 
0.978760 
1.073935 
1.092736 
1.436771 
1.203247 
1.284936 
1.408403 
1.412514 
1.522321 
1.398689 
1.334669 
1.434414 
1.671144 
1.327481 
1.596454 
1.719040 
1.657795 
1.527040 
2.118520 
1.804364 
1.816226 
1.947375 
1.958004 
2.054480 
1.752724 
2.013251 
1.875842 
2.105353 
1.832991 
2.189064 
2.354187 
1.947258 
2.352102 
1.842092 
1.863221 
1.941328 
2.270918 
2.002463 
2.103805 
2.716310 
2.250997 
2.169256 
2.144508 
2.637587 
2.612087 
1.925056 
2.247800 
1.825597 
1.969475 
1.658926 
1.241482 
0.995123 
0.826345 
0.640035 
0.836502 
1.049182 
1.607242 
1.950142 
1.913739 
1.700511 
2.049919 
2.114079 
2.233243 
2.306072 
2.387150 
2.131073 
2.324628 
1.723299 
2.023943 
2.325621 
2.081559 
1.952618 
2.359108 
2.016915 
2.537591 
2.588038 
2.095459 
2.752359 
2.258984 
2.133543 
2.228211 
2.192351 
2.517484 
2.605951 
2.614023 
1.920247 
2.055745 
1.931468 
1.495632 
2.019382 
2.475971 
2.315891 
2.401850 
2.335834 
2.682513 
2.210731 
1.912835 
1.454939 
1.066718 
1.089958 
0.773102 
0.548049 
0.508158 
0.427306 
0.486294 
0.672733 
1.226565 
1.522414 
1.921119 
2.014459 
1.910276 
2.746337 
2.690032 
2.989079 
3.029544 
2.833771 
2.648224 
2.675816 
2.507795 
2.324565 
3.003148 
2.638418 
2.429116 
3.024078 
2.689451 
2.067527 
2.278496 
2.635610 
3.285464 
2.847811 
3.074953 
2.466193 
3.063533 
3.169170 
2.608642 
2.860371 
2.950827 
2.696688 
3.290686 
3.124443 
3.242592 
3.113555 
3.479658 
2.810821 
2.873591 
3.070148 
2.912198 
2.990523 
3.036299 
2.495400 
2.656839 
2.990435 
3.099024 
3.606923 
2.977527 
3.309974 
2.980579 
3.241104 
3.477536 
3.330320 
2.923181 
3.289089 
3.560421 
3.055704 
3.694670 
3.363139 
3.498913 
3.359329 
3.029629 
3.167315 
3.066016 
3.302053 
3.443717 
3.156740 
2.955608 
3.644626 
3.911340 
2.904509 
3.230154 
3.524992 
2.792734 
2.567086 
2.316343 
1.954873 
1.867951 
1.984903 
2.227147 
2.454665 
3.134266 
3.187990 
2.545680 
3.487611 
3.704204 
3.948946 
3.809160 
3.517026 
3.691127 
2.868141 
3.341799 
3.427280 
2.841087 
2.763401 
2.375786 
2.383298 
2.228361 
1.786633 
2.218412 
1.963142 
1.505190 
1.953007 
2.459829 
2.932523 
3.595045 
2.819913 
3.669491 
3.826829 
3.465602 
3.112965 
2.720922 
3.225411 
2.642916 
2.537692 
2.181376 
2.301982 
2.131134 
2.742658 
2.629182 
3.554192 
3.554318 
3.743213 
3.407094 
3.713365 
4.063839 
3.905938 
3.048477 
3.252638 
3.840057 
2.670371 
2.891508 
3.379214 
2.983218 
3.598126 
4.284228 
3.183972 
3.536453 
3.835505 
3.310677 
2.903449 
2.523749 
1.862906 
1.504183 
1.182340 
0.832340 
0.822804 
0.757948 
0.673251 
0.783219 
0.704425 
0.687224 
0.976462 
1.489845 
2.018935 
2.445815 
2.587549 
3.021707 
2.985888 
2.947988 
3.595585 
3.835139 
3.100147 
4.061862 
3.631363 
3.812418 
3.249694 
3.425359 
3.056787 
3.489965 
3.010222 
4.249864 
3.020402 
3.932708 
3.838672 
3.847777 
4.053225 
3.812317 
3.383527 
3.487556 
4.239063 
3.630654 
3.160234 
2.612372 
1.709132 
1.179791 
0.967575 
1.146212 
1.112326 
1.298199 
1.525430 
1.512954 
1.635544 
2.102695 
2.276427 
2.276701 
2.103292 
2.150151 
1.966483 
1.674737 
1.365843 
1.283103 
1.611235 
1.383098 
1.813598 
1.606800 
2.183258 
2.626970 
2.711252 
2.465704 
3.303462 
3.602137 
3.041797 
2.284501 
2.054346 
1.463436 
1.457968 
1.517200 
1.605177 
1.444410 
1.597297 
1.681270 
1.623658 
1.684241 
1.310653 
1.301608 
1.401458 
1.495795 
1.592988 
1.651682 
1.605684 
1.824043 
1.899721 
2.118730 
1.948276 
1.908063 
1.920169 
2.578520 
3.177851 
3.565587 
3.540506 
3.706096 
3.652282 
3.009859 
4.092897 
3.604351 
2.836798 
2.631470 
2.379100 
1.942384 
1.525538 
1.288565 
1.360250 
1.254302 
0.984612 
0.983303 
1.038241 
1.117998 
1.355236 
1.432629 
1.912453 
2.232983 
2.341100 
3.667531 
2.958063 
3.991461 
4.194923 
3.676020 
3.990461 
4.205921 
3.535364 
3.322382 
3.345656 
3.415499 
3.719100 
3.693718 
3.973165 
3.304257 
3.347110 
3.097398 
2.429050 
3.047767 
3.755729 
2.775867 
3.010616 
3.750975 
3.681166 
2.610175 
3.426359 
3.146474 
3.571910 
3.209702 
3.749089 
4.004990 
3.671686 
4.003715 
3.884155 
4.394407 
3.670392 
3.153896 
3.779345 
3.411615 
3.324980 
2.704952 
3.024479 
2.839051 
2.901686 
2.636531 
3.069765 
3.359602 
3.116094 
3.616382 
4.061139 
3.376134 
3.593368 
3.322840 
3.611693 
3.450091 
3.665687 
3.450144 
3.452526 
3.325449 
2.884726 
3.278768 
3.104018 
3.039033 
3.570695 
3.466443 
3.302732 
3.173259 
2.438774 
2.400337 
2.560240 
2.369240 
2.421583 
2.531709 
2.465761 
1.716749 
2.692804 
2.975553 
3.198266 
2.499826 
3.168179 
3.208674 
3.375636 
3.455625 
3.235828 
3.412101 
3.291630 
2.550510 
2.810059 
2.909035 
3.373649 
3.315413 
3.372254 
3.785364 
2.631245 
3.571712 
2.885101 
2.946902 
2.413223 
2.125105 
2.655678 
2.528039 
2.752257 
2.297882 
2.711159 
2.815185 
2.109167 
2.157561 
2.196637 
2.286277 
2.346104 
2.269032 
2.849080 
2.652610 
2.831917 
2.956422 
2.556648 
2.423087 
3.070409 
2.423015 
2.852379 
1.725355 
1.934331 
1.130646 
1.040560 
0.762579 
1.002642 
0.970843 
0.855825 
0.699408 
0.890146 
0.886007 
0.791926 
0.734272 
0.802209 
0.700422 
0.884661 
0.721669 
1.064928 
1.044718 
1.291391 
1.289263 
1.153276 
1.780001 
1.733959 
1.968538 
2.222570 
2.218402 
2.506573 
2.569243 
2.453878 
2.763083 
2.346135 
1.945386 
2.000764 
2.035596 
1.809520 
2.015745 
1.830506 
1.606556 
1.823481 
1.338354 
1.505359 
1.300494 
1.304698 
1.490546 
1.473852 
1.674575 
1.926152 
1.721053 
1.988434 
2.287512 
2.171788 
2.689096 
2.742776 
2.602477 
2.422491 
2.448028 
2.478448 
2.693727 
1.959806 
2.305452 
2.308117 
1.728545 
1.749217 
1.666491 
1.389193 
1.330798 
1.664430 
1.523765 
1.371684 
1.429285 
1.658905 
1.584874 
1.617521 
1.658606 
1.590576 
2.114945 
2.040460 
1.905009 
1.917554 
1.955238 
2.213283 
1.908922 
2.294841 
1.898163 
1.590486 
1.515512 
1.291703 
1.130759 
1.244488 
1.379569 
1.235258 
1.470398 
1.873302 
1.858630 
1.216588 
1.166656 
1.143719 
0.810280 
0.891527 
0.974923 
0.961423 
1.119190 
1.073069 
0.854821 
1.010943 
0.847551 
1.066856 
1.022889 
0.921889 
0.819780 
0.841338 
1.008796 
0.907298 
0.943905 
0.740276 
0.724854 
0.738647 
0.888620 
0.658964 
0.650459 
0.626889 
0.616938 
0.648542 
0.598415 
0.482618 
0.510436 
0.411675 
0.485700 
0.394142 
0.378367 
0.420116 
0.367300 
0.367104 
0.333651 
0.285953 
0.284244 
0.350125 
0.333705 
0.312629 
0.339982 
0.362161 
0.382312 
0.321885 
0.433616 
0.317615 
0.387255 
0.369315 
0.397119 
0.398607 
0.423956 
0.404206 
0.435056 
0.449116 
0.443767 
0.468364 
0.514180 
0.532198 
0.535874 
0.526106 
0.522963 
0.602668 
0.625688 
0.675798 
0.581894 
0.595228 
0.620175 
0.561133 
0.550210 
0.613763 
0.631786 
0.572057 
0.654821 
0.543152 
0.665899 
0.692876 
0.725194 
0.704218 
0.855739 
0.801008 
0.766608 
0.923532 
0.590324 
0.881387 
0.808110 
0.948582 
1.176874 
1.015872 
1.343989 
1.326264 
1.433551 
1.340524 
1.381935 
1.274251 
0.975513 
0.956688 
0.869022 
0.644485 
0.560275 
0.558174 
0.570707 
0.607413 
0.580935 
0.516273 
0.440957 
0.501449 
0.471815 
0.418107 
0.345225 
0.308343 
0.267426 
0.246689 
0.274556 
0.217795 
0.216900 
0.184885 
0.233004 
0.211223 
0.249905 
0.210268 
0.263145 
0.245835 
0.233100 
0.291067 
0.278522 
0.242669 
0.232663 
0.247961 
0.249700 
0.275182 
0.253378 
0.227204 
0.202127 
0.224409 
0.249851 
0.252023 
0.269458 
0.297739 
0.266069 
0.292188 
0.281460 
0.260126 
0.251592 
0.250294 
0.233712 
0.197249 
0.224439 
0.183476 
0.168414 
0.166314 
0.140376 
0.151846 
0.143209 
0.118592 
0.137915 
0.098405 
0.098937 
0.119092 
0.111594 
0.104977 
0.119877 
0.111540 
0.105417 
0.087353 
0.109463 
0.096908 
0.088674 
0.072273 
0.084525 
0.084083 
0.075703 
0.077187 
0.060968 
0.069553 
0.052140 
0.053010 
0.048937 
0.050427 
0.051123 
0.043055 
0.040084 
0.032809 
0.036564 
0.035673 
0.025149 
0.025464 
0.027606 
0.023229 
0.021435 
0.026025 
0.024096 
0.023399 
0.023239 
0.022498 
0.023963 
0.022462 
0.022928 
0.023982 
0.025346 
0.027419 
0.024511 
0.020305 
0.023608 
0.026494 
0.019598 
0.021295 
0.018306 
0.013800 
0.012924 
0.010636 
0.010394 
0.008330 
0.009079 
0.006467 
0.008485 
0.009313 
0.008984 
0.009310 
0.007149 
0.009784 
0.008314 
0.008449 
0.008339 
0.005796 
0.007663 
0.006277 
0.005334 
0.006343 
0.005768 
0.005153 
0.004562 
0.004031 
0.003211 
0.002904 
0.001960 
0.001690 
0.001177 
0.000488 
0.000291 
0.000178 
0.000123 
0.000050 
0.000013 
0.000000 
0.000000 
0.000000 
0.000000 
0.000000 
0.000000 
0.000000 
0.000000 
0.000000 
0.000000 
0.000000 
0.000000 
0.000000 
0.000000 
0.000000 
0.000000 
0.000000 
0.000000 
0.000000 
0.000000 
0.000000 
0.000000 
0.000000 
0.000000 
0.000000 
0.000000 
0.000000 
0.000000 
0.000000 
0.000000 
0.000000 
0.000000 
0.000000 
0.000000 
0.000000 
0.000000 
0.000000 
0.000000 
0.000000 
0.000000 
0.000000 
0.000000 
0.000000 
0.000000 
0.000000 
0.000000 
0.000000 
0.000000 
0.000000 
0.000000 
0.000000 
0.000000 
0.000000 
0.000000 
0.000000 
0.000000 
0.000000 
0.000000 
0.000000 
0.000000 
0.000000 
0.000000 
0.000000 
0.000000 
0.000000 
0.000000 
0.000000 
0.000000 
0.000000 
0.000000 
0.000000 
0.000000 
0.000000 
0.000000 
0.000000 
0.000000 
0.000000 
0.000000 
0.000000 
0.000000 
0.000000 
0.000000 
0.000000 
0.000000 
0.000000 
0.000000 
0.000000 
0.000000 
0.000000 
0.000000 
0.000000 
0.000000 
0.000000 
0.000000 
0.000000 
0.000000 
0.000000 
0.000000 
0.000000 
0.000000 
0.000000 
0.000000 
0.000000 
0.000000 
0.000000 
0.000000 
0.000000 
0.000000 
0.000000 
0.000000 
0.000000 
0.000000 
0.000000 
0.000000 
0.000000 
0.000000 
0.000000 
0.000000 
0.000000 
0.000000 
0.000000 
0.000000 
0.000000 
0.000000 
0.000000 
0.000000 
0.000000 
0.000000 
0.000000 
0.000000 
0.000000 
0.000000 
0.000000 
0.000000 
0.000000 
0.000000 
0.000000 
0.000000 
0.000000 
0.000000 
0.000000 
0.000000 
0.000000 
0.000000 
0.000000 
0.000000 
0.000000 
0.000000 
0.000000 
0.000000 
0.000000 
0.000000 
0.000000 
0.000000 
0.000000 
0.000000 
0.000000 
0.000000 
0.000000 
0.000000 
0.000000 
0.000000 
0.000000 
0.000000 
0.000000 
0.000000 
0.000000 
0.000000 
0.000000 
0.000000 
0.000000 
0.000000 
0.000000 
0.000000 
0.000000 
0.000000 
0.000000 
0.000000 
0.000000 
0.000000 
0.000000 
0.000000 
0.000000 
0.000000 
0.000000 
0.000000 
0.000000 
0.000000 
0.000000 
0.000000 
0.000000 
