0.000000 
0.000000 
0.000000 
0.000000 
0.000000 
0.000000 
0.000000 
0.000000 
0.000000 
0.000000 
0.000000 
0.000000 
0.000000 
0.000000 
0.000000 
0.000000 
0.000000 
0.000000 
0.000000 
0.000000 
0.000000 
0.000000 
0.000000 
0.000000 
0.000000 
0.000000 
0.000000 
0.000000 
0.000000 
0.000000 
0.000000 
0.000000 
0.000000 
0.000000 
0.000000 
0.000000 
0.000000 
0.000000 
0.000000 
0.000000 
0.000000 
0.000000 
0.000000 
0.000000 
0.000000 
0.000000 
0.000000 
0.000000 
0.000000 
0.000000 
0.000000 
0.000000 
0.000000 
0.000000 
0.000000 
0.000000 
0.000000 
0.000000 
0.000000 
0.000000 
0.000000 
0.000000 
0.000000 
0.000000 
0.000000 
0.000000 
0.000000 
0.000000 
0.000000 
0.000000 
0.000000 
0.000000 
0.000000 
0.000000 
0.000000 
0.000000 
0.000000 
0.000000 
0.000000 
0.000000 
0.000000 
0.000000 
0.000000 
0.000000 
0.000000 
0.000000 
0.000000 
0.000000 
0.000000 
0.000000 
0.000000 
0.000000 
0.000000 
0.000000 
0.000000 
0.000000 
0.000000 
0.000000 
0.000000 
0.000000 
0.000000 
0.000000 
0.000000 
0.000000 
0.000000 
0.000000 
0.000000 
0.000000 
0.000000 
0.000000 
0.000000 
0.000000 
0.000000 
0.000000 
0.000000 
0.000000 
0.000000 
0.000000 
0.000000 
0.000000 
0.000000 
0.000000 
0.000000 
0.000000 
0.000000 
0.000000 
0.000000 
0.000000 
0.000000 
0.000000 
0.000000 
0.000000 
0.000000 
0.000000 
0.000000 
0.000000 
0.000000 
0.000000 
0.000000 
0.000000 
0.000000 
0.000000 
0.000000 
0.000000 
0.000000 
0.000000 
0.000000 
0.000000 
0.000000 
0.000000 
0.000000 
0.000000 
0.000000 
0.000000 
0.000000 
0.000000 
0.000000 
0.000000 
0.000000 
0.000000 
0.000000 
0.000000 
0.000000 
0.000000 
0.000000 
0.000000 
0.000000 
0.000000 
0.000000 
0.000000 
0.000000 
0.000000 
0.000000 
0.000000 
0.000000 
0.000000 
0.000000 
0.000000 
0.000000 
0.000000 
0.000000 
0.000000 
0.000000 
0.000000 
0.000000 
0.000000 
0.000000 
0.000000 
0.000000 
0.000000 
0.000000 
0.000000 
0.000000 
0.000000 
0.000000 
0.000000 
0.000000 
0.000000 
0.000000 
0.000000 
0.000000 
0.000000 
0.000000 
0.000000 
0.000000 
0.000000 
0.000000 
0.000000 
0.000000 
0.000000 
0.000000 
0.000000 
0.000000 
0.000000 
0.000000 
0.000000 
0.000000 
0.000000 
0.000000 
0.000000 
0.000000 
0.000000 
0.000000 
0.000000 
0.000000 
0.000049 
0.000165 
0.000344 
0.000656 
0.000879 
0.001335 
0.001469 
0.002025 
0.002767 
0.003470 
0.004399 
0.006418 
0.006515 
0.008665 
0.010463 
0.012805 
0.013112 
0.016842 
0.016698 
0.021196 
0.023234 
0.026504 
0.026077 
0.031748 
0.024874 
0.032490 
0.027463 
0.033905 
0.033735 
0.027357 
0.034299 
0.033542 
0.028241 
0.028274 
0.029393 
0.029917 
0.031393 
0.026947 
0.031021 
0.033081 
0.030380 
0.032384 
0.032267 
0.039605 
0.042337 
0.044151 
0.050890 
0.056265 
0.053746 
0.054840 
0.067624 
0.061761 
0.063236 
0.067712 
0.052161 
0.062688 
0.066099 
0.078574 
0.067889 
0.058939 
0.059798 
0.077394 
0.080860 
0.062136 
0.071154 
0.081309 
0.086548 
0.081344 
0.074674 
0.083856 
0.085977 
0.076184 
0.103882 
0.102545 
0.076158 
0.083456 
0.082465 
0.095663 
0.086233 
0.081876 
0.112684 
0.101274 
0.105559 
0.099561 
0.112455 
0.095629 
0.092589 
0.112270 
0.121081 
0.114717 
0.116654 
0.103792 
0.111460 
0.115258 
0.149247 
0.104742 
0.143756 
0.108585 
0.127029 
0.132057 
0.162675 
0.185160 
0.168681 
0.182142 
0.211205 
0.187641 
0.195774 
0.220989 
0.262333 
0.289091 
0.263358 
0.274993 
0.309158 
0.301144 
0.279268 
0.281549 
0.305258 
0.271278 
0.258523 
0.272051 
0.251176 
0.300150 
0.292492 
0.292157 
0.305061 
0.306329 
0.306514 
0.404440 
0.318392 
0.397934 
0.377295 
0.390564 
0.358329 
0.399596 
0.407132 
0.483084 
0.480087 
0.489560 
0.521396 
0.539464 
0.602084 
0.673523 
0.684992 
0.558938 
0.619996 
0.703337 
0.802511 
0.968712 
0.803768 
0.814793 
0.875726 
0.933211 
0.835547 
0.664098 
0.684783 
0.791055 
0.628122 
0.787254 
0.764728 
0.702549 
0.871965 
0.774321 
0.850242 
0.829672 
0.871699 
0.761451 
0.847028 
0.705668 
0.589921 
0.745840 
0.643056 
0.551208 
0.799353 
0.733980 
0.525685 
0.745832 
0.889199 
0.832438 
1.040556 
0.915744 
1.027092 
0.749935 
0.924223 
0.994463 
0.943249 
0.822784 
0.750704 
0.713508 
0.729143 
0.757059 
0.807798 
0.847082 
0.778702 
0.750623 
0.877365 
1.172738 
0.983228 
1.066303 
1.262991 
0.850140 
1.051637 
1.174390 
1.124402 
1.080122 
1.129225 
1.161583 
0.962214 
1.184788 
1.312257 
1.486504 
1.241296 
1.550789 
1.491087 
1.579552 
1.722577 
1.639467 
1.340330 
1.543695 
1.497435 
1.530771 
1.287718 
1.430550 
1.393099 
1.531377 
1.499861 
1.736990 
1.728764 
1.731976 
1.568976 
1.574018 
1.797031 
1.723155 
1.900709 
1.917838 
2.037027 
1.954089 
1.583307 
1.741785 
1.523187 
1.301091 
1.626105 
0.883309 
0.889660 
0.621103 
0.524001 
0.640629 
1.058283 
0.968138 
1.067121 
1.303232 
1.803783 
1.397487 
1.887514 
1.334143 
1.532477 
1.659502 
1.750788 
1.922991 
2.011212 
1.756228 
1.679382 
1.874516 
1.690354 
1.630544 
1.709024 
1.579751 
1.557021 
1.726726 
1.600335 
1.577606 
2.033067 
1.734421 
2.134731 
1.814252 
1.646906 
1.768071 
1.672661 
1.617531 
1.387691 
1.399960 
1.540029 
1.518862 
1.556727 
2.000174 
2.092496 
1.816311 
1.667758 
1.242561 
1.076718 
0.902910 
0.706449 
0.545390 
0.386442 
0.343073 
0.276946 
0.418853 
0.550447 
0.807399 
1.062773 
1.339760 
1.548756 
1.812287 
1.723401 
1.989786 
1.927180 
2.387680 
2.095625 
2.031516 
1.853930 
2.062553 
2.249421 
2.256775 
2.276327 
1.753109 
1.969753 
2.196776 
2.081196 
1.888756 
2.283645 
2.565402 
2.144512 
1.926816 
2.230250 
1.687982 
2.506060 
2.010697 
2.215092 
1.894577 
2.096435 
2.424619 
2.491624 
1.976352 
2.400232 
2.579327 
2.217692 
1.962787 
2.272821 
2.081983 
2.517965 
2.319129 
2.400226 
2.149404 
1.924686 
2.067959 
2.193295 
2.492859 
2.211042 
2.259893 
2.289444 
2.253150 
1.994380 
2.263886 
2.253281 
2.136820 
2.538872 
2.033896 
2.488952 
2.402229 
2.543771 
2.393816 
2.658337 
2.450287 
2.463881 
2.466562 
1.970579 
2.402426 
2.315661 
2.140240 
2.441342 
2.761225 
2.527110 
2.313244 
1.840442 
1.587798 
1.312732 
1.571795 
1.841310 
1.662378 
2.069475 
1.394344 
2.267396 
2.084842 
2.845057 
2.856914 
2.355225 
3.078257 
3.040291 
2.155322 
2.309046 
2.288038 
1.979686 
2.150582 
1.956815 
2.124668 
1.718353 
1.485472 
1.473053 
1.532717 
1.038557 
0.989195 
1.162344 
1.591184 
2.413320 
2.521406 
2.893621 
2.809879 
2.626046 
2.538662 
2.646909 
2.255730 
2.545806 
2.142647 
1.987233 
1.630507 
1.493924 
1.783261 
2.232684 
2.408953 
2.380258 
2.320846 
3.115292 
2.820834 
2.270171 
2.684334 
2.368349 
2.603879 
2.208143 
2.292660 
2.487509 
2.545166 
2.225179 
2.778302 
2.266879 
2.829866 
3.555923 
2.722843 
2.836415 
2.802048 
1.931686 
2.130552 
1.725927 
1.274621 
1.091041 
0.718588 
0.544619 
0.722247 
0.500517 
0.494974 
0.398340 
0.484582 
0.636951 
1.143192 
1.562805 
1.937025 
2.207163 
2.271775 
2.412766 
2.485049 
2.696132 
2.660024 
2.497306 
3.146763 
2.918774 
2.878674 
2.903037 
2.642094 
2.770397 
2.950749 
2.530728 
3.686867 
3.021405 
2.896896 
2.777941 
2.933851 
3.003260 
2.839513 
3.144135 
2.902041 
2.510570 
2.722006 
2.667112 
1.740472 
1.426786 
0.941633 
0.507998 
0.708999 
0.808815 
0.977336 
1.176126 
1.273952 
1.526101 
1.440081 
1.397390 
1.407867 
1.911358 
1.695239 
1.500524 
1.032696 
1.137551 
0.883002 
1.134149 
1.025809 
1.415465 
1.706240 
1.894794 
1.943050 
2.278744 
2.125642 
2.492976 
1.918749 
1.977680 
1.854841 
1.699519 
1.283461 
1.057952 
1.243723 
1.216267 
1.036207 
1.145445 
1.251010 
1.402806 
1.155146 
0.970884 
1.003609 
0.964494 
1.158265 
1.012114 
1.125692 
1.405228 
1.431920 
1.419599 
1.283771 
1.478343 
1.911308 
2.012362 
2.279958 
2.095287 
2.261253 
3.024761 
3.176550 
3.030939 
2.488466 
2.654306 
2.414804 
2.483161 
1.695833 
1.953143 
1.403167 
1.321331 
1.019072 
1.026081 
0.875797 
0.889454 
0.683058 
0.729631 
0.869028 
1.009969 
1.215989 
1.341486 
1.583084 
1.975264 
1.981675 
2.564420 
3.087975 
3.195456 
3.314032 
3.031155 
2.726589 
2.674449 
2.426091 
3.424112 
2.681793 
2.965857 
2.802619 
2.550444 
2.708550 
2.540636 
3.084165 
2.545521 
2.430543 
3.214941 
2.054214 
2.478402 
2.520087 
2.932206 
2.496038 
2.363177 
2.760513 
2.717966 
2.983485 
2.330691 
3.264473 
2.716491 
2.779374 
2.572240 
2.868050 
3.125162 
2.502490 
2.343599 
2.063530 
2.252097 
2.037896 
2.019400 
2.149430 
1.871612 
2.324610 
1.677303 
2.620929 
2.234788 
2.370526 
2.848242 
2.460132 
2.725323 
2.386479 
2.304217 
2.586685 
2.619080 
2.971219 
2.499831 
2.613878 
2.534299 
2.422861 
2.397910 
2.373765 
2.261923 
2.427365 
2.520652 
1.958942 
2.164334 
2.211328 
1.841408 
2.059972 
1.697703 
1.309694 
1.517776 
1.711883 
1.710678 
2.099319 
2.323677 
2.273916 
2.587521 
2.889375 
2.977159 
2.728268 
2.308048 
2.552447 
2.181052 
1.923531 
2.444900 
2.027919 
1.734976 
2.418102 
2.966496 
2.542870 
2.693182 
2.415834 
2.308249 
2.082071 
2.116135 
1.777302 
2.025665 
2.076761 
1.807423 
1.896356 
1.543616 
1.908393 
1.820476 
1.580939 
1.719290 
1.632209 
1.665075 
2.024599 
1.626886 
2.263853 
1.598720 
2.166399 
2.201618 
1.727182 
2.140840 
2.219250 
2.005462 
1.569669 
1.050148 
0.994145 
0.878790 
0.794743 
0.747618 
0.731896 
0.611997 
0.578328 
0.572259 
0.569608 
0.577437 
0.597996 
0.512634 
0.715036 
0.520416 
0.719101 
0.534520 
0.794661 
0.697464 
0.981426 
0.960095 
1.293813 
1.317638 
1.180546 
1.781887 
1.744350 
2.200649 
2.040568 
2.031297 
1.991457 
1.642839 
1.593078 
1.620773 
1.596371 
1.382594 
1.268318 
1.310695 
1.153687 
0.899356 
1.045936 
1.124243 
0.965244 
1.142040 
1.028378 
1.146576 
1.047439 
1.199998 
1.228680 
1.499385 
1.537580 
1.847537 
1.871645 
1.848324 
2.416366 
1.605448 
1.993891 
1.785108 
1.714296 
1.788946 
1.520277 
1.304300 
1.491528 
1.291223 
1.117253 
1.139182 
1.325671 
1.280061 
1.043902 
0.937035 
1.375261 
1.076520 
1.185215 
1.239907 
1.409919 
1.510521 
1.336921 
1.330969 
1.436240 
1.399407 
1.405887 
1.458563 
1.660203 
1.639000 
1.298922 
1.236069 
0.884936 
0.980434 
0.955236 
0.786302 
1.142454 
1.215036 
1.137305 
1.297915 
1.329516 
0.883275 
0.783752 
0.533905 
0.610012 
0.775003 
0.674497 
0.742820 
0.664552 
0.925139 
0.875548 
0.907954 
0.853275 
0.774515 
0.797577 
0.760401 
0.755466 
0.626022 
0.622319 
0.695436 
0.650846 
0.652320 
0.677645 
0.588448 
0.448984 
0.557594 
0.490898 
0.448995 
0.434061 
0.448877 
0.455940 
0.434848 
0.381313 
0.372361 
0.380728 
0.334893 
0.336532 
0.271194 
0.274056 
0.275042 
0.260211 
0.235160 
0.252458 
0.318110 
0.284461 
0.234035 
0.213683 
0.219683 
0.262339 
0.216144 
0.308171 
0.270229 
0.236503 
0.285268 
0.332832 
0.274415 
0.296576 
0.330357 
0.354108 
0.305014 
0.333754 
0.352022 
0.437531 
0.423412 
0.358728 
0.421987 
0.287723 
0.343183 
0.408165 
0.359950 
0.412569 
0.499716 
0.483274 
0.423130 
0.503597 
0.476170 
0.445193 
0.440959 
0.484632 
0.347127 
0.371080 
0.498970 
0.469678 
0.476548 
0.482613 
0.609700 
0.561242 
0.579343 
0.431427 
0.500490 
0.674002 
0.792377 
0.752132 
0.977560 
1.038720 
1.050583 
0.979354 
0.901491 
0.954911 
0.816394 
0.903476 
0.717286 
0.468272 
0.466578 
0.425932 
0.409356 
0.346722 
0.441470 
0.392240 
0.378286 
0.421337 
0.397844 
0.364039 
0.312101 
0.295454 
0.234375 
0.174907 
0.190803 
0.204179 
0.183440 
0.191382 
0.170863 
0.172946 
0.163055 
0.175401 
0.206587 
0.168141 
0.205362 
0.193970 
0.178706 
0.239996 
0.189530 
0.186410 
0.193918 
0.176205 
0.205158 
0.181999 
0.166671 
0.175648 
0.206125 
0.176553 
0.173132 
0.189049 
0.183098 
0.204017 
0.160969 
0.201312 
0.192394 
0.176939 
0.155561 
0.176539 
0.168267 
0.154726 
0.138356 
0.135525 
0.136293 
0.087480 
0.119427 
0.082628 
0.097162 
0.096350 
0.105256 
0.085451 
0.084674 
0.086450 
0.074764 
0.093868 
0.099515 
0.079533 
0.071446 
0.073453 
0.067204 
0.066090 
0.062141 
0.060714 
0.065205 
0.054083 
0.059891 
0.049406 
0.036117 
0.044126 
0.036732 
0.048140 
0.034871 
0.033497 
0.029457 
0.025981 
0.026340 
0.022901 
0.020024 
0.021209 
0.018492 
0.020217 
0.015488 
0.017816 
0.016749 
0.017217 
0.017446 
0.017066 
0.015864 
0.018103 
0.019649 
0.020140 
0.021497 
0.018365 
0.019661 
0.019705 
0.017910 
0.018910 
0.017370 
0.016479 
0.014290 
0.012439 
0.010975 
0.009462 
0.008427 
0.007148 
0.007963 
0.007004 
0.006280 
0.007366 
0.006652 
0.005964 
0.006336 
0.006392 
0.007349 
0.006758 
0.006139 
0.005992 
0.007239 
0.006662 
0.004764 
0.004075 
0.004460 
0.003846 
0.003368 
0.002832 
0.002689 
0.002354 
0.002337 
0.001706 
0.001095 
0.000742 
0.000409 
0.000147 
0.000144 
0.000082 
0.000041 
0.000010 
0.000000 
0.000000 
0.000000 
0.000000 
0.000000 
0.000000 
0.000000 
0.000000 
0.000000 
0.000000 
0.000000 
0.000000 
0.000000 
0.000000 
0.000000 
0.000000 
0.000000 
0.000000 
0.000000 
0.000000 
0.000000 
0.000000 
0.000000 
0.000000 
0.000000 
0.000000 
0.000000 
0.000000 
0.000000 
0.000000 
0.000000 
0.000000 
0.000000 
0.000000 
0.000000 
0.000000 
0.000000 
0.000000 
0.000000 
0.000000 
0.000000 
0.000000 
0.000000 
0.000000 
0.000000 
0.000000 
0.000000 
0.000000 
0.000000 
0.000000 
0.000000 
0.000000 
0.000000 
0.000000 
0.000000 
0.000000 
0.000000 
0.000000 
0.000000 
0.000000 
0.000000 
0.000000 
0.000000 
0.000000 
0.000000 
0.000000 
0.000000 
0.000000 
0.000000 
0.000000 
0.000000 
0.000000 
0.000000 
0.000000 
0.000000 
0.000000 
0.000000 
0.000000 
0.000000 
0.000000 
0.000000 
0.000000 
0.000000 
0.000000 
0.000000 
0.000000 
0.000000 
0.000000 
0.000000 
0.000000 
0.000000 
0.000000 
0.000000 
0.000000 
0.000000 
0.000000 
0.000000 
0.000000 
0.000000 
0.000000 
0.000000 
0.000000 
0.000000 
0.000000 
0.000000 
0.000000 
0.000000 
0.000000 
0.000000 
0.000000 
0.000000 
0.000000 
0.000000 
0.000000 
0.000000 
0.000000 
0.000000 
0.000000 
0.000000 
0.000000 
0.000000 
0.000000 
0.000000 
0.000000 
0.000000 
0.000000 
0.000000 
0.000000 
0.000000 
0.000000 
0.000000 
0.000000 
0.000000 
0.000000 
0.000000 
0.000000 
0.000000 
0.000000 
0.000000 
0.000000 
0.000000 
0.000000 
0.000000 
0.000000 
0.000000 
0.000000 
0.000000 
0.000000 
0.000000 
0.000000 
0.000000 
0.000000 
0.000000 
0.000000 
0.000000 
0.000000 
0.000000 
0.000000 
0.000000 
0.000000 
0.000000 
0.000000 
0.000000 
0.000000 
0.000000 
0.000000 
0.000000 
0.000000 
0.000000 
0.000000 
0.000000 
0.000000 
0.000000 
0.000000 
0.000000 
0.000000 
0.000000 
0.000000 
0.000000 
0.000000 
0.000000 
0.000000 
0.000000 
0.000000 
0.000000 
0.000000 
0.000000 
0.000000 
0.000000 
0.000000 
0.000000 
