0.000000 
0.000000 
0.000000 
0.000000 
0.000000 
0.000000 
0.000000 
0.000000 
0.000000 
0.000000 
0.000000 
0.000000 
0.000000 
0.000000 
0.000000 
0.000000 
0.000000 
0.000000 
0.000000 
0.000000 
0.000000 
0.000000 
0.000000 
0.000000 
0.000000 
0.000000 
0.000000 
0.000000 
0.000000 
0.000000 
0.000000 
0.000000 
0.000000 
0.000000 
0.000000 
0.000000 
0.000000 
0.000000 
0.000000 
0.000000 
0.000000 
0.000000 
0.000000 
0.000000 
0.000000 
0.000000 
0.000000 
0.000000 
0.000000 
0.000000 
0.000000 
0.000000 
0.000000 
0.000000 
0.000000 
0.000000 
0.000000 
0.000000 
0.000000 
0.000000 
0.000000 
0.000000 
0.000000 
0.000000 
0.000000 
0.000000 
0.000000 
0.000000 
0.000000 
0.000000 
0.000000 
0.000000 
0.000000 
0.000000 
0.000000 
0.000000 
0.000000 
0.000000 
0.000000 
0.000000 
0.000000 
0.000000 
0.000000 
0.000000 
0.000000 
0.000000 
0.000000 
0.000000 
0.000000 
0.000000 
0.000000 
0.000000 
0.000000 
0.000000 
0.000000 
0.000000 
0.000000 
0.000000 
0.000000 
0.000000 
0.000000 
0.000000 
0.000000 
0.000000 
0.000000 
0.000000 
0.000000 
0.000000 
0.000000 
0.000000 
0.000000 
0.000000 
0.000000 
0.000000 
0.000000 
0.000000 
0.000000 
0.000000 
0.000000 
0.000000 
0.000000 
0.000000 
0.000000 
0.000000 
0.000000 
0.000000 
0.000000 
0.000000 
0.000000 
0.000000 
0.000000 
0.000000 
0.000000 
0.000000 
0.000000 
0.000000 
0.000000 
0.000000 
0.000000 
0.000000 
0.000000 
0.000000 
0.000000 
0.000000 
0.000000 
0.000000 
0.000000 
0.000000 
0.000000 
0.000000 
0.000000 
0.000000 
0.000000 
0.000000 
0.000000 
0.000000 
0.000000 
0.000000 
0.000000 
0.000000 
0.000000 
0.000000 
0.000000 
0.000000 
0.000000 
0.000000 
0.000000 
0.000000 
0.000000 
0.000000 
0.000000 
0.000000 
0.000000 
0.000000 
0.000000 
0.000000 
0.000000 
0.000000 
0.000000 
0.000000 
0.000000 
0.000000 
0.000000 
0.000000 
0.000000 
0.000000 
0.000000 
0.000000 
0.000000 
0.000000 
0.000000 
0.000000 
0.000000 
0.000000 
0.000000 
0.000000 
0.000000 
0.000000 
0.000000 
0.000000 
0.000000 
0.000000 
0.000000 
0.000000 
0.000000 
0.000000 
0.000000 
0.000000 
0.000000 
0.000000 
0.000000 
0.000000 
0.000000 
0.000000 
0.000000 
0.000000 
0.000000 
0.000000 
0.000000 
0.000000 
0.000000 
0.000000 
0.000000 
0.000000 
0.000000 
0.000068 
0.000272 
0.000496 
0.000756 
0.001315 
0.001434 
0.002411 
0.002643 
0.003951 
0.005274 
0.005649 
0.008006 
0.008494 
0.009360 
0.011444 
0.012565 
0.017268 
0.022954 
0.027732 
0.028106 
0.030747 
0.031964 
0.035011 
0.042682 
0.029255 
0.040155 
0.034069 
0.036446 
0.040789 
0.040141 
0.033895 
0.035303 
0.043125 
0.043607 
0.036402 
0.040145 
0.039217 
0.035425 
0.044618 
0.036346 
0.035834 
0.045998 
0.057254 
0.046269 
0.057718 
0.059643 
0.049445 
0.081102 
0.068998 
0.063791 
0.075188 
0.070631 
0.076968 
0.083799 
0.094934 
0.098276 
0.094408 
0.075434 
0.098501 
0.074973 
0.099880 
0.100102 
0.092516 
0.082944 
0.105334 
0.095103 
0.096335 
0.090885 
0.118104 
0.117098 
0.116803 
0.103085 
0.106103 
0.123769 
0.108544 
0.121733 
0.112627 
0.122416 
0.135552 
0.133459 
0.133948 
0.142715 
0.137867 
0.143346 
0.146481 
0.144810 
0.161594 
0.126650 
0.177580 
0.136147 
0.153748 
0.145829 
0.164341 
0.151235 
0.172195 
0.182596 
0.171618 
0.177244 
0.178997 
0.170231 
0.209315 
0.227136 
0.222706 
0.240903 
0.261734 
0.261593 
0.292421 
0.292153 
0.317875 
0.416920 
0.330862 
0.427698 
0.396250 
0.466934 
0.337929 
0.326624 
0.331216 
0.375657 
0.368226 
0.319967 
0.372369 
0.368342 
0.418655 
0.443699 
0.440156 
0.449935 
0.463729 
0.475665 
0.442789 
0.483155 
0.485374 
0.558806 
0.474830 
0.516733 
0.493997 
0.515374 
0.675438 
0.568769 
0.746228 
0.735574 
0.673096 
0.777038 
0.746877 
0.797991 
1.075050 
0.982706 
1.010964 
1.073191 
1.253417 
1.178077 
1.173633 
1.445809 
1.232022 
1.010259 
0.926197 
1.111309 
1.044612 
1.017731 
1.053843 
1.019840 
0.991789 
0.975489 
1.000656 
1.133685 
1.264873 
1.278767 
1.059593 
0.926020 
1.011465 
0.821536 
0.910193 
0.983083 
0.995499 
0.902190 
0.846064 
0.889366 
1.121521 
1.142367 
1.144206 
1.140893 
1.388006 
1.240469 
1.190623 
1.384866 
1.041946 
1.220181 
0.984236 
1.075707 
1.055813 
1.027895 
1.137761 
0.951275 
1.268957 
1.322257 
1.398598 
1.245178 
1.518958 
1.446532 
1.221664 
1.612220 
1.581037 
1.458814 
1.477472 
1.275409 
1.488121 
1.501972 
1.312396 
1.715358 
1.653627 
1.779240 
1.703429 
1.917634 
1.809818 
1.813443 
1.774935 
1.905262 
1.622925 
1.666809 
2.068105 
1.771512 
1.988613 
1.850196 
1.942775 
2.109247 
2.264225 
1.979500 
2.291800 
2.043688 
2.274182 
2.233006 
2.074608 
2.465051 
2.722104 
2.689536 
2.929192 
2.448780 
2.569073 
1.940724 
2.256595 
1.841718 
1.700075 
1.406386 
1.057899 
0.945084 
0.745563 
0.916342 
1.344059 
1.651023 
1.828848 
1.779807 
2.089966 
2.036423 
2.261646 
2.227266 
2.095882 
2.024452 
2.350008 
2.256010 
2.288475 
1.865401 
2.282525 
2.298316 
2.236037 
2.127730 
2.439289 
2.235814 
2.084037 
2.271220 
2.392262 
2.555218 
2.434182 
2.397451 
2.515453 
2.123321 
2.128836 
2.278370 
1.791713 
1.948716 
1.755395 
1.718048 
1.943167 
2.045622 
2.385246 
2.389490 
2.656791 
2.339986 
1.803159 
1.861398 
1.346694 
0.866377 
1.054224 
0.760888 
0.599385 
0.409816 
0.386940 
0.535342 
0.662998 
1.086280 
1.565251 
1.818468 
1.940773 
2.490655 
2.437013 
2.484774 
2.482085 
2.546026 
2.608063 
2.454253 
2.483817 
2.909732 
2.711034 
3.142228 
3.027293 
2.714261 
2.962202 
3.085202 
2.850552 
2.783749 
3.460193 
2.357721 
2.679049 
2.864480 
2.991190 
2.824450 
2.704731 
2.340458 
2.849360 
2.576029 
2.353766 
3.003670 
2.952022 
3.252464 
3.177235 
3.163928 
2.851213 
2.866655 
2.971127 
3.363317 
3.024493 
2.953107 
2.760372 
2.867771 
2.143153 
2.910423 
2.898069 
3.077478 
3.486393 
3.258286 
3.108876 
3.392047 
3.484613 
2.985879 
3.406608 
3.420520 
3.628418 
3.489227 
2.944960 
3.739563 
3.078860 
2.664691 
2.762475 
3.455307 
2.927372 
2.793747 
2.617980 
3.232612 
3.232100 
2.792642 
3.659315 
3.378686 
3.601258 
3.017263 
2.812762 
2.195018 
1.883500 
1.990817 
2.291888 
2.180020 
2.425749 
2.523110 
3.330703 
2.696801 
2.824709 
3.390693 
4.129742 
3.369775 
3.125243 
2.918946 
2.871182 
2.981138 
3.210282 
3.028698 
2.373569 
2.293893 
2.006689 
1.896909 
2.062231 
1.630708 
1.678393 
1.577821 
1.761427 
2.469466 
3.025091 
3.758199 
3.599875 
3.966230 
3.927042 
4.196157 
3.301620 
3.284186 
3.606307 
2.739249 
2.279948 
2.017853 
2.436267 
2.003929 
2.549465 
3.056324 
4.278424 
3.883037 
3.266330 
3.932132 
2.869869 
3.186827 
3.778029 
3.127710 
3.204071 
3.170228 
3.359262 
3.466743 
2.849901 
3.878777 
3.159368 
3.236446 
3.922649 
3.619813 
3.530630 
3.458334 
2.545618 
2.441139 
2.347910 
1.747039 
1.405075 
0.888143 
0.824035 
0.706715 
0.762872 
0.648997 
0.715319 
0.634455 
0.871288 
1.307466 
1.823713 
3.014764 
3.099856 
3.380600 
3.944549 
4.020254 
3.637529 
4.147821 
3.739432 
3.587367 
3.505136 
3.818981 
3.253963 
3.498636 
3.436946 
3.098044 
3.858784 
3.845876 
3.552020 
4.437666 
4.091150 
3.399714 
4.292395 
3.179353 
3.289842 
3.428866 
4.587810 
3.351857 
2.905360 
2.106907 
1.820842 
1.286934 
0.945938 
0.931628 
1.101579 
1.454567 
1.492824 
1.622350 
1.914949 
1.923531 
1.937112 
2.500958 
2.279291 
2.065980 
1.823914 
1.506883 
1.475625 
1.282910 
1.499401 
1.686574 
2.007674 
2.335135 
1.945701 
2.501375 
2.633600 
3.260519 
3.474706 
2.645802 
3.092477 
2.908841 
2.180739 
1.681174 
1.493616 
1.699516 
1.657618 
1.591744 
1.277661 
1.605692 
1.838786 
1.565424 
1.517007 
1.839714 
1.516380 
1.111701 
1.518437 
1.695983 
1.966912 
1.609885 
1.934396 
1.694487 
2.359604 
2.008261 
2.539001 
3.033540 
2.697636 
3.628091 
3.324536 
3.604091 
3.547812 
4.027511 
2.870021 
3.741924 
3.221027 
3.123386 
2.172238 
1.948399 
1.455619 
1.265523 
1.245614 
1.147462 
1.238245 
1.064571 
0.986309 
1.215690 
1.087286 
1.736631 
1.811008 
2.745442 
2.972280 
3.018744 
2.951480 
4.619549 
3.565811 
4.079413 
3.735373 
3.896627 
3.249689 
3.570512 
3.285976 
3.979309 
4.117180 
3.223971 
3.186552 
2.784612 
3.978622 
3.662016 
3.909822 
3.727032 
4.054570 
3.920438 
3.944430 
3.950751 
3.757695 
4.202050 
4.360036 
3.585281 
4.247102 
3.161495 
3.329616 
3.286339 
4.060239 
3.945841 
3.462683 
4.190295 
3.217892 
3.349338 
3.209283 
3.114715 
3.382368 
3.155312 
2.738383 
2.805453 
2.941350 
2.481639 
2.893515 
3.907964 
3.358395 
3.030387 
4.036335 
3.495315 
3.548600 
3.607744 
3.603232 
3.054096 
3.462084 
3.810761 
3.373318 
3.292398 
3.612440 
3.110328 
3.428507 
3.170750 
3.174224 
3.852858 
3.274559 
3.052354 
2.689832 
2.576417 
2.452680 
2.300251 
2.014332 
2.074715 
1.983752 
1.717645 
2.281536 
2.626492 
3.591554 
3.225835 
3.427564 
3.226622 
3.273152 
2.828952 
3.133604 
3.447740 
3.544197 
2.598521 
2.665532 
2.750630 
3.358906 
3.629187 
3.235919 
3.556917 
3.047502 
3.171798 
3.198530 
2.738315 
2.688091 
2.204320 
2.233004 
3.013521 
2.484062 
2.154382 
2.636361 
2.180532 
2.351497 
2.446519 
2.029869 
2.105511 
2.833655 
2.205622 
2.663968 
3.059050 
2.811322 
2.915912 
2.061802 
3.065999 
2.608305 
2.891608 
2.531194 
1.790060 
1.590702 
1.041463 
0.937760 
0.989247 
0.860455 
0.791492 
0.857752 
0.812909 
0.808716 
0.676027 
0.884164 
0.709627 
0.808742 
0.820969 
0.923381 
0.913999 
0.823402 
1.057252 
1.111477 
0.984577 
1.554190 
1.533441 
1.879575 
2.071104 
2.486698 
2.162252 
2.912323 
2.260419 
2.388542 
2.290158 
2.280238 
2.264226 
2.314879 
2.258304 
1.724258 
1.922650 
1.811408 
1.601067 
1.217177 
1.370362 
1.643597 
1.478775 
1.512581 
1.526017 
1.481256 
1.674494 
1.435375 
1.863610 
1.837184 
2.263285 
2.293304 
2.675995 
2.654201 
2.839814 
2.584318 
2.665236 
2.900585 
2.666346 
2.551247 
2.086164 
2.599165 
1.845412 
1.593379 
1.391227 
1.789070 
1.688858 
1.631452 
1.537622 
1.473427 
1.589895 
1.351204 
1.746628 
1.820740 
1.871750 
1.532841 
1.842107 
2.111025 
1.823164 
2.104233 
2.188054 
1.827891 
2.213594 
2.016529 
1.945041 
1.522585 
1.515975 
1.412557 
1.131555 
1.244918 
1.411087 
1.357410 
1.496938 
1.994497 
1.659601 
1.486735 
1.160594 
0.976916 
0.927230 
0.993339 
0.900435 
0.877193 
0.960594 
1.038813 
0.982878 
0.862461 
1.108753 
1.054228 
1.052070 
1.116304 
0.992072 
1.041317 
1.022716 
0.901586 
0.799139 
0.809180 
0.878339 
0.723428 
0.607915 
0.633714 
0.683122 
0.609780 
0.565012 
0.575170 
0.497163 
0.629160 
0.471672 
0.360431 
0.456302 
0.419515 
0.408488 
0.357358 
0.337102 
0.336010 
0.320752 
0.337848 
0.332154 
0.302060 
0.334926 
0.390002 
0.343816 
0.331454 
0.307859 
0.330132 
0.363260 
0.329242 
0.410571 
0.319184 
0.355258 
0.368598 
0.466957 
0.424379 
0.390516 
0.398357 
0.520478 
0.524096 
0.456588 
0.451965 
0.528925 
0.454451 
0.481709 
0.559037 
0.531179 
0.567417 
0.601775 
0.525777 
0.562308 
0.562923 
0.604307 
0.470894 
0.507608 
0.623843 
0.474460 
0.678104 
0.625979 
0.616536 
0.664431 
0.643453 
0.726013 
0.754594 
0.746208 
0.829270 
0.986650 
0.777369 
0.906313 
1.053649 
1.179042 
1.546287 
1.515195 
1.309176 
1.247835 
1.151658 
1.297208 
1.396191 
1.165000 
0.769846 
0.809682 
0.722797 
0.638546 
0.516820 
0.594585 
0.574701 
0.516073 
0.536786 
0.568001 
0.494539 
0.442364 
0.346556 
0.299989 
0.321473 
0.300461 
0.282587 
0.247517 
0.245976 
0.256987 
0.258199 
0.245256 
0.253748 
0.233803 
0.262775 
0.249913 
0.253743 
0.283812 
0.271736 
0.322406 
0.266990 
0.237386 
0.235932 
0.210751 
0.244902 
0.233644 
0.215108 
0.220560 
0.295830 
0.222938 
0.187406 
0.238918 
0.225306 
0.293660 
0.307559 
0.240550 
0.233786 
0.237319 
0.231335 
0.205226 
0.213435 
0.210443 
0.173475 
0.184039 
0.126262 
0.153711 
0.135862 
0.114881 
0.119900 
0.107633 
0.112580 
0.115297 
0.117920 
0.135561 
0.114802 
0.111686 
0.109780 
0.124026 
0.134810 
0.106028 
0.081606 
0.093713 
0.095993 
0.083856 
0.081051 
0.073546 
0.067273 
0.072188 
0.055191 
0.060641 
0.059036 
0.055646 
0.057319 
0.043131 
0.042267 
0.036769 
0.029563 
0.028840 
0.030523 
0.029234 
0.029758 
0.024806 
0.024543 
0.024495 
0.020569 
0.027470 
0.022996 
0.024443 
0.023549 
0.024573 
0.018657 
0.025588 
0.024907 
0.026611 
0.025195 
0.025893 
0.025455 
0.026106 
0.023401 
0.018917 
0.020070 
0.017511 
0.013573 
0.012445 
0.013562 
0.009750 
0.009420 
0.008668 
0.009575 
0.008911 
0.009662 
0.008190 
0.008536 
0.009025 
0.010406 
0.008763 
0.008565 
0.008271 
0.010027 
0.008999 
0.006381 
0.007103 
0.006049 
0.004938 
0.004057 
0.004943 
0.003885 
0.003661 
0.002884 
0.002054 
0.001951 
0.001028 
0.000556 
0.000295 
0.000191 
0.000103 
0.000052 
0.000013 
0.000000 
0.000000 
0.000000 
0.000000 
0.000000 
0.000000 
0.000000 
0.000000 
0.000000 
0.000000 
0.000000 
0.000000 
0.000000 
0.000000 
0.000000 
0.000000 
0.000000 
0.000000 
0.000000 
0.000000 
0.000000 
0.000000 
0.000000 
0.000000 
0.000000 
0.000000 
0.000000 
0.000000 
0.000000 
0.000000 
0.000000 
0.000000 
0.000000 
0.000000 
0.000000 
0.000000 
0.000000 
0.000000 
0.000000 
0.000000 
0.000000 
0.000000 
0.000000 
0.000000 
0.000000 
0.000000 
0.000000 
0.000000 
0.000000 
0.000000 
0.000000 
0.000000 
0.000000 
0.000000 
0.000000 
0.000000 
0.000000 
0.000000 
0.000000 
0.000000 
0.000000 
0.000000 
0.000000 
0.000000 
0.000000 
0.000000 
0.000000 
0.000000 
0.000000 
0.000000 
0.000000 
0.000000 
0.000000 
0.000000 
0.000000 
0.000000 
0.000000 
0.000000 
0.000000 
0.000000 
0.000000 
0.000000 
0.000000 
0.000000 
0.000000 
0.000000 
0.000000 
0.000000 
0.000000 
0.000000 
0.000000 
0.000000 
0.000000 
0.000000 
0.000000 
0.000000 
0.000000 
0.000000 
0.000000 
0.000000 
0.000000 
0.000000 
0.000000 
0.000000 
0.000000 
0.000000 
0.000000 
0.000000 
0.000000 
0.000000 
0.000000 
0.000000 
0.000000 
0.000000 
0.000000 
0.000000 
0.000000 
0.000000 
0.000000 
0.000000 
0.000000 
0.000000 
0.000000 
0.000000 
0.000000 
0.000000 
0.000000 
0.000000 
0.000000 
0.000000 
0.000000 
0.000000 
0.000000 
0.000000 
0.000000 
0.000000 
0.000000 
0.000000 
0.000000 
0.000000 
0.000000 
0.000000 
0.000000 
0.000000 
0.000000 
0.000000 
0.000000 
0.000000 
0.000000 
0.000000 
0.000000 
0.000000 
0.000000 
0.000000 
0.000000 
0.000000 
0.000000 
0.000000 
0.000000 
0.000000 
0.000000 
0.000000 
0.000000 
0.000000 
0.000000 
0.000000 
0.000000 
0.000000 
0.000000 
0.000000 
0.000000 
0.000000 
0.000000 
0.000000 
0.000000 
0.000000 
0.000000 
0.000000 
0.000000 
0.000000 
0.000000 
0.000000 
0.000000 
0.000000 
0.000000 
0.000000 
0.000000 
0.000000 
0.000000 
0.000000 
0.000000 
