0.000000 
0.000000 
0.000000 
0.000000 
0.000000 
0.000000 
0.000000 
0.000000 
0.000000 
0.000000 
0.000000 
0.000000 
0.000000 
0.000000 
0.000000 
0.000000 
0.000000 
0.000000 
0.000000 
0.000000 
0.000000 
0.000000 
0.000000 
0.000000 
0.000000 
0.000000 
0.000000 
0.000000 
0.000000 
0.000000 
0.000000 
0.000000 
0.000000 
0.000000 
0.000000 
0.000000 
0.000000 
0.000000 
0.000000 
0.000000 
0.000000 
0.000000 
0.000000 
0.000000 
0.000000 
0.000000 
0.000000 
0.000000 
0.000000 
0.000000 
0.000000 
0.000000 
0.000000 
0.000000 
0.000000 
0.000000 
0.000000 
0.000000 
0.000000 
0.000000 
0.000000 
0.000000 
0.000000 
0.000000 
0.000000 
0.000000 
0.000000 
0.000000 
0.000000 
0.000000 
0.000000 
0.000000 
0.000000 
0.000000 
0.000000 
0.000000 
0.000000 
0.000000 
0.000000 
0.000000 
0.000000 
0.000000 
0.000000 
0.000000 
0.000000 
0.000000 
0.000000 
0.000000 
0.000000 
0.000000 
0.000000 
0.000000 
0.000000 
0.000000 
0.000000 
0.000000 
0.000000 
0.000000 
0.000000 
0.000000 
0.000000 
0.000000 
0.000000 
0.000000 
0.000000 
0.000000 
0.000000 
0.000000 
0.000000 
0.000000 
0.000000 
0.000000 
0.000000 
0.000000 
0.000000 
0.000000 
0.000000 
0.000000 
0.000000 
0.000000 
0.000000 
0.000000 
0.000000 
0.000000 
0.000000 
0.000000 
0.000000 
0.000000 
0.000000 
0.000000 
0.000000 
0.000000 
0.000000 
0.000000 
0.000000 
0.000000 
0.000000 
0.000000 
0.000000 
0.000000 
0.000000 
0.000000 
0.000000 
0.000000 
0.000000 
0.000000 
0.000000 
0.000000 
0.000000 
0.000000 
0.000000 
0.000000 
0.000000 
0.000000 
0.000000 
0.000000 
0.000000 
0.000000 
0.000000 
0.000000 
0.000000 
0.000000 
0.000000 
0.000000 
0.000000 
0.000000 
0.000000 
0.000000 
0.000000 
0.000000 
0.000000 
0.000000 
0.000000 
0.000000 
0.000000 
0.000000 
0.000000 
0.000000 
0.000000 
0.000000 
0.000000 
0.000000 
0.000000 
0.000000 
0.000000 
0.000000 
0.000000 
0.000000 
0.000000 
0.000000 
0.000000 
0.000000 
0.000000 
0.000000 
0.000000 
0.000000 
0.000000 
0.000000 
0.000000 
0.000000 
0.000000 
0.000000 
0.000000 
0.000000 
0.000000 
0.000000 
0.000000 
0.000000 
0.000000 
0.000000 
0.000000 
0.000000 
0.000000 
0.000000 
0.000000 
0.000000 
0.000000 
0.000000 
0.000000 
0.000000 
0.000000 
0.000000 
0.000000 
0.000000 
0.000000 
0.000019 
0.000076 
0.000163 
0.000234 
0.000343 
0.000506 
0.000798 
0.001001 
0.001307 
0.001809 
0.001643 
0.002389 
0.003376 
0.003307 
0.003580 
0.004884 
0.005988 
0.007539 
0.006877 
0.009875 
0.011103 
0.012218 
0.012256 
0.012230 
0.013637 
0.012091 
0.012435 
0.012633 
0.012232 
0.014665 
0.012847 
0.011719 
0.011429 
0.012056 
0.012021 
0.009473 
0.013656 
0.011088 
0.012094 
0.011066 
0.012525 
0.013817 
0.013251 
0.015741 
0.018369 
0.017001 
0.022669 
0.020878 
0.022692 
0.017874 
0.018924 
0.022863 
0.024469 
0.026313 
0.025970 
0.027748 
0.032008 
0.021464 
0.033553 
0.028745 
0.024961 
0.025673 
0.028652 
0.030378 
0.031346 
0.028936 
0.028887 
0.036360 
0.036066 
0.033119 
0.034962 
0.032850 
0.037719 
0.035049 
0.034357 
0.044343 
0.040580 
0.037258 
0.042493 
0.042056 
0.043682 
0.039872 
0.052452 
0.044708 
0.041298 
0.039261 
0.048600 
0.038542 
0.037633 
0.052922 
0.053891 
0.049981 
0.051665 
0.052708 
0.054576 
0.048562 
0.056643 
0.068598 
0.061542 
0.057370 
0.062276 
0.054144 
0.071603 
0.079469 
0.082466 
0.089524 
0.092144 
0.106114 
0.099985 
0.106315 
0.130957 
0.141567 
0.140865 
0.150531 
0.130804 
0.121758 
0.132043 
0.133411 
0.124037 
0.118074 
0.092013 
0.098465 
0.128767 
0.123440 
0.127163 
0.122185 
0.136432 
0.141040 
0.146664 
0.160538 
0.133576 
0.145990 
0.166842 
0.158617 
0.213974 
0.178821 
0.172954 
0.209283 
0.244478 
0.237757 
0.244967 
0.225288 
0.267917 
0.239683 
0.283850 
0.303725 
0.339865 
0.408982 
0.341533 
0.441727 
0.426727 
0.379831 
0.351205 
0.329237 
0.383114 
0.350601 
0.325332 
0.262626 
0.276977 
0.241985 
0.341990 
0.334429 
0.339463 
0.292271 
0.356105 
0.339336 
0.377673 
0.338608 
0.256649 
0.313443 
0.204918 
0.249954 
0.272724 
0.348794 
0.310534 
0.270046 
0.306384 
0.354172 
0.467845 
0.357591 
0.366083 
0.380676 
0.435558 
0.472329 
0.335153 
0.394650 
0.342676 
0.381083 
0.261305 
0.288156 
0.284397 
0.221972 
0.307074 
0.382575 
0.378396 
0.457288 
0.408720 
0.494615 
0.534810 
0.467491 
0.466656 
0.404228 
0.446266 
0.527297 
0.468757 
0.547672 
0.573454 
0.417436 
0.517905 
0.548155 
0.508795 
0.563244 
0.520888 
0.594428 
0.670301 
0.653469 
0.672975 
0.686318 
0.648319 
0.546344 
0.706414 
0.784880 
0.658456 
0.690662 
0.686510 
0.629781 
0.659354 
0.658492 
0.778580 
0.790449 
0.694436 
0.681469 
0.705028 
0.780867 
0.828775 
0.646339 
0.656129 
0.693733 
0.614378 
0.644320 
0.535111 
0.466520 
0.374183 
0.292708 
0.196551 
0.288783 
0.333054 
0.398068 
0.510237 
0.597750 
0.764922 
0.629109 
0.664929 
0.768898 
0.691551 
0.722450 
0.725003 
0.722826 
0.531827 
0.759204 
0.643492 
0.747638 
0.662980 
0.767822 
0.678208 
0.651568 
0.646971 
0.636367 
0.720511 
0.857984 
0.582659 
0.734689 
0.712842 
0.653576 
0.738434 
0.646608 
0.617201 
0.597452 
0.548100 
0.512960 
0.637848 
0.665955 
0.614635 
0.644825 
0.856947 
0.770129 
0.650834 
0.570469 
0.471094 
0.379353 
0.308499 
0.225280 
0.192591 
0.170129 
0.109579 
0.134840 
0.301990 
0.384309 
0.467992 
0.546944 
0.654832 
0.643350 
0.775140 
0.921024 
0.753577 
1.013299 
0.934586 
0.818214 
0.902839 
0.967055 
0.886215 
0.852661 
0.888286 
0.853682 
0.983219 
0.779140 
0.829267 
1.024594 
0.804083 
0.924523 
0.740210 
0.914902 
0.862740 
0.956740 
0.862303 
0.941985 
0.691760 
0.931320 
0.706565 
0.825933 
0.730544 
1.022697 
0.910250 
0.954075 
1.019782 
0.950524 
0.917215 
0.903392 
0.946184 
1.074852 
0.996953 
0.955766 
1.133236 
0.904140 
0.890286 
0.966362 
0.927219 
0.819283 
0.963692 
1.005869 
0.966088 
1.018728 
1.131258 
1.008242 
0.962814 
0.961494 
0.887696 
1.164007 
1.045898 
0.937358 
1.141802 
0.972980 
0.870376 
1.042741 
1.038234 
0.983923 
1.149341 
0.967900 
1.114999 
1.028690 
0.952103 
0.853554 
0.787829 
0.509754 
0.636255 
0.633634 
0.592138 
0.684463 
0.862759 
0.751936 
0.954227 
0.943112 
0.998380 
1.231675 
0.962354 
0.950026 
1.042900 
1.150944 
1.127148 
1.011068 
0.883288 
0.938703 
0.792416 
0.784180 
0.632609 
0.591891 
0.623990 
0.566081 
0.537205 
0.521101 
0.572781 
0.752997 
0.884552 
1.285923 
1.391891 
1.029409 
1.249269 
1.137523 
1.027793 
0.997699 
0.826614 
0.877633 
0.840105 
0.693341 
0.697266 
0.614957 
0.878878 
0.813732 
1.144178 
1.198810 
1.231581 
1.129348 
1.242723 
1.334268 
1.282254 
0.966482 
1.069639 
0.930374 
0.988914 
1.159383 
1.021014 
1.078290 
1.051048 
1.138612 
1.316355 
1.056129 
0.999129 
0.901628 
0.940710 
0.868454 
0.746152 
0.543528 
0.410962 
0.284014 
0.241625 
0.199024 
0.219660 
0.207584 
0.216005 
0.230188 
0.262215 
0.484648 
0.612700 
0.931154 
0.958471 
0.729810 
1.016764 
1.123888 
1.247797 
1.166109 
1.260523 
1.178709 
1.136421 
1.071058 
1.119652 
1.032190 
1.170296 
1.105152 
1.192976 
1.133053 
1.332540 
1.088498 
1.030034 
0.963687 
1.094550 
1.118922 
1.281516 
1.233100 
1.177404 
1.229642 
0.903386 
0.791678 
0.517521 
0.348370 
0.329629 
0.294612 
0.334374 
0.354734 
0.503267 
0.508121 
0.628451 
0.663987 
0.631059 
0.451112 
0.725923 
0.722145 
0.502108 
0.569715 
0.351173 
0.383090 
0.440395 
0.422031 
0.546212 
0.723925 
0.739055 
0.727795 
1.026234 
1.040609 
0.956536 
0.986487 
0.860453 
0.851655 
0.598522 
0.556807 
0.488376 
0.511833 
0.478839 
0.606796 
0.490823 
0.459596 
0.450874 
0.465467 
0.459251 
0.410387 
0.432406 
0.399676 
0.454549 
0.507134 
0.519876 
0.576058 
0.711195 
0.610332 
0.704399 
0.772231 
0.653576 
0.791813 
0.856697 
0.777037 
1.239038 
1.279407 
1.305745 
1.255502 
0.898420 
0.878084 
0.966000 
0.848875 
0.833304 
0.621128 
0.529450 
0.403177 
0.314181 
0.419613 
0.376760 
0.352756 
0.318855 
0.325329 
0.429051 
0.531901 
0.637317 
0.641312 
0.899487 
0.969797 
0.898676 
1.358654 
1.206371 
1.369208 
1.219212 
1.345112 
1.184790 
1.068915 
1.007638 
1.192184 
0.942390 
1.064587 
1.180784 
1.300205 
1.261677 
1.220524 
1.203640 
1.258861 
1.027546 
1.016782 
1.249453 
1.194804 
1.072769 
1.106393 
1.254961 
1.168703 
1.278067 
1.343711 
1.123642 
1.243911 
1.329271 
1.137303 
1.023282 
1.091225 
0.983459 
1.289132 
1.174059 
1.163446 
1.043485 
0.945154 
0.926494 
0.873884 
0.787433 
0.837155 
0.936435 
1.088209 
1.198576 
1.179525 
1.141290 
1.240975 
1.032953 
1.102969 
1.035527 
1.020091 
1.049919 
1.255099 
1.111655 
1.089600 
1.086583 
1.131331 
1.020289 
1.006408 
1.063952 
1.086152 
1.019854 
0.932221 
0.830457 
0.806946 
0.726931 
0.709530 
0.667107 
0.715684 
0.801784 
0.744462 
0.753444 
0.896081 
1.001976 
1.118668 
1.119786 
1.122734 
1.173512 
0.923834 
1.100111 
1.093967 
0.995517 
0.872057 
1.056798 
0.913487 
1.030599 
0.886573 
1.037835 
0.976941 
1.099480 
1.227670 
0.994538 
1.018074 
0.832581 
0.753403 
0.780735 
0.939311 
0.727397 
0.826961 
0.727338 
0.683396 
0.681024 
0.687058 
0.688078 
0.681054 
0.825086 
0.734010 
0.890913 
0.758497 
1.069658 
0.948627 
0.852055 
0.798153 
0.885727 
1.002585 
0.673367 
0.675410 
0.509066 
0.394030 
0.370268 
0.294471 
0.288576 
0.263716 
0.251213 
0.285485 
0.224358 
0.239477 
0.295174 
0.251579 
0.293929 
0.272100 
0.288224 
0.272719 
0.261184 
0.287901 
0.381480 
0.357625 
0.416058 
0.558531 
0.487776 
0.500206 
0.652096 
0.689442 
0.740081 
0.835155 
0.660128 
0.803371 
0.782697 
0.709459 
0.534995 
0.708494 
0.601356 
0.565218 
0.456898 
0.491992 
0.512376 
0.530574 
0.436050 
0.469622 
0.436977 
0.411522 
0.476301 
0.444674 
0.571138 
0.516963 
0.556885 
0.609591 
0.714715 
0.748067 
0.869833 
0.815284 
0.767033 
0.913342 
0.880304 
0.722387 
0.771216 
0.700846 
0.606904 
0.492267 
0.565247 
0.459951 
0.417434 
0.417989 
0.404551 
0.458889 
0.528375 
0.434946 
0.573860 
0.472585 
0.424087 
0.559605 
0.537693 
0.585443 
0.656067 
0.645039 
0.532096 
0.516724 
0.608093 
0.540593 
0.549356 
0.558228 
0.570743 
0.499479 
0.345332 
0.353448 
0.389296 
0.457485 
0.486792 
0.585661 
0.638598 
0.439956 
0.462688 
0.347617 
0.352603 
0.279296 
0.303752 
0.348123 
0.327477 
0.311129 
0.388731 
0.338124 
0.347797 
0.290764 
0.375968 
0.328747 
0.267442 
0.244510 
0.258111 
0.297688 
0.263993 
0.254672 
0.315682 
0.250189 
0.278258 
0.286521 
0.207096 
0.198218 
0.203269 
0.208958 
0.170561 
0.192055 
0.146026 
0.164814 
0.160940 
0.142108 
0.124933 
0.131622 
0.107124 
0.113909 
0.120927 
0.107970 
0.106941 
0.098435 
0.108649 
0.111372 
0.081514 
0.096528 
0.100865 
0.091616 
0.098603 
0.121839 
0.095345 
0.130327 
0.114164 
0.122296 
0.123852 
0.140540 
0.139336 
0.118968 
0.144915 
0.128682 
0.149136 
0.179455 
0.174737 
0.151496 
0.151338 
0.209542 
0.166795 
0.163828 
0.168598 
0.175485 
0.126802 
0.168475 
0.154118 
0.178950 
0.136168 
0.174990 
0.180101 
0.200129 
0.174239 
0.167428 
0.208133 
0.247205 
0.209305 
0.221874 
0.241397 
0.224727 
0.241783 
0.228034 
0.253934 
0.240400 
0.276133 
0.358258 
0.334420 
0.437603 
0.476474 
0.412282 
0.378523 
0.328059 
0.434606 
0.299560 
0.270166 
0.240137 
0.209501 
0.194952 
0.141349 
0.152532 
0.199427 
0.211896 
0.188111 
0.165284 
0.133302 
0.128189 
0.119601 
0.107774 
0.092494 
0.089101 
0.081719 
0.085638 
0.087141 
0.077733 
0.078338 
0.079517 
0.082118 
0.055989 
0.058430 
0.077015 
0.086964 
0.078574 
0.070630 
0.087632 
0.073025 
0.078303 
0.099952 
0.078868 
0.088566 
0.068259 
0.072368 
0.094580 
0.084060 
0.059343 
0.078744 
0.079380 
0.089465 
0.091595 
0.088832 
0.097199 
0.078085 
0.077196 
0.074755 
0.055391 
0.056055 
0.064902 
0.062342 
0.034823 
0.036565 
0.046499 
0.039507 
0.040213 
0.044822 
0.036448 
0.034443 
0.045913 
0.041140 
0.033484 
0.034960 
0.039423 
0.032544 
0.029705 
0.033908 
0.030690 
0.028765 
0.023218 
0.027527 
0.024440 
0.023203 
0.023634 
0.024276 
0.020495 
0.020246 
0.018562 
0.020153 
0.015423 
0.016810 
0.013494 
0.013395 
0.012458 
0.011911 
0.009149 
0.008838 
0.008751 
0.008205 
0.007385 
0.006729 
0.007686 
0.007575 
0.007162 
0.006068 
0.007048 
0.008297 
0.007824 
0.009160 
0.009230 
0.007691 
0.009217 
0.008657 
0.007730 
0.008402 
0.006494 
0.006756 
0.006737 
0.005012 
0.005276 
0.004065 
0.003505 
0.003558 
0.003575 
0.002883 
0.002896 
0.003012 
0.002883 
0.002863 
0.003020 
0.003150 
0.002746 
0.002762 
0.003047 
0.002685 
0.002379 
0.002418 
0.002169 
0.002212 
0.002150 
0.001624 
0.001750 
0.001485 
0.001221 
0.001332 
0.001031 
0.000824 
0.000715 
0.000601 
0.000360 
0.000159 
0.000068 
0.000061 
0.000037 
0.000014 
0.000003 
0.000000 
0.000000 
0.000000 
0.000000 
0.000000 
0.000000 
0.000000 
0.000000 
0.000000 
0.000000 
0.000000 
0.000000 
0.000000 
0.000000 
0.000000 
0.000000 
0.000000 
0.000000 
0.000000 
0.000000 
0.000000 
0.000000 
0.000000 
0.000000 
0.000000 
0.000000 
0.000000 
0.000000 
0.000000 
0.000000 
0.000000 
0.000000 
0.000000 
0.000000 
0.000000 
0.000000 
0.000000 
0.000000 
0.000000 
0.000000 
0.000000 
0.000000 
0.000000 
0.000000 
0.000000 
0.000000 
0.000000 
0.000000 
0.000000 
0.000000 
0.000000 
0.000000 
0.000000 
0.000000 
0.000000 
0.000000 
0.000000 
0.000000 
0.000000 
0.000000 
0.000000 
0.000000 
0.000000 
0.000000 
0.000000 
0.000000 
0.000000 
0.000000 
0.000000 
0.000000 
0.000000 
0.000000 
0.000000 
0.000000 
0.000000 
0.000000 
0.000000 
0.000000 
0.000000 
0.000000 
0.000000 
0.000000 
0.000000 
0.000000 
0.000000 
0.000000 
0.000000 
0.000000 
0.000000 
0.000000 
0.000000 
0.000000 
0.000000 
0.000000 
0.000000 
0.000000 
0.000000 
0.000000 
0.000000 
0.000000 
0.000000 
0.000000 
0.000000 
0.000000 
0.000000 
0.000000 
0.000000 
0.000000 
0.000000 
0.000000 
0.000000 
0.000000 
0.000000 
0.000000 
0.000000 
0.000000 
0.000000 
0.000000 
0.000000 
0.000000 
0.000000 
0.000000 
0.000000 
0.000000 
0.000000 
0.000000 
0.000000 
0.000000 
0.000000 
0.000000 
0.000000 
0.000000 
0.000000 
0.000000 
0.000000 
0.000000 
0.000000 
0.000000 
0.000000 
0.000000 
0.000000 
0.000000 
0.000000 
0.000000 
0.000000 
0.000000 
0.000000 
0.000000 
0.000000 
0.000000 
0.000000 
0.000000 
0.000000 
0.000000 
0.000000 
0.000000 
0.000000 
0.000000 
0.000000 
0.000000 
0.000000 
0.000000 
0.000000 
0.000000 
0.000000 
0.000000 
0.000000 
0.000000 
0.000000 
0.000000 
0.000000 
0.000000 
0.000000 
0.000000 
0.000000 
0.000000 
0.000000 
0.000000 
0.000000 
0.000000 
0.000000 
0.000000 
0.000000 
0.000000 
0.000000 
0.000000 
0.000000 
0.000000 
0.000000 
0.000000 
0.000000 
