0.000000 
0.000000 
0.000000 
0.000000 
0.000000 
0.000000 
0.000000 
0.000000 
0.000000 
0.000000 
0.000000 
0.000000 
0.000000 
0.000000 
0.000000 
0.000000 
0.000000 
0.000000 
0.000000 
0.000000 
0.000000 
0.000000 
0.000000 
0.000000 
0.000000 
0.000000 
0.000000 
0.000000 
0.000000 
0.000000 
0.000000 
0.000000 
0.000000 
0.000000 
0.000000 
0.000000 
0.000000 
0.000000 
0.000000 
0.000000 
0.000000 
0.000000 
0.000000 
0.000000 
0.000000 
0.000000 
0.000000 
0.000000 
0.000000 
0.000000 
0.000000 
0.000000 
0.000000 
0.000000 
0.000000 
0.000000 
0.000000 
0.000000 
0.000000 
0.000000 
0.000000 
0.000000 
0.000000 
0.000000 
0.000000 
0.000000 
0.000000 
0.000000 
0.000000 
0.000000 
0.000000 
0.000000 
0.000000 
0.000000 
0.000000 
0.000000 
0.000000 
0.000000 
0.000000 
0.000000 
0.000000 
0.000000 
0.000000 
0.000000 
0.000000 
0.000000 
0.000000 
0.000000 
0.000000 
0.000000 
0.000000 
0.000000 
0.000000 
0.000000 
0.000000 
0.000000 
0.000000 
0.000000 
0.000000 
0.000000 
0.000000 
0.000000 
0.000000 
0.000000 
0.000000 
0.000000 
0.000000 
0.000000 
0.000000 
0.000000 
0.000000 
0.000000 
0.000000 
0.000000 
0.000000 
0.000000 
0.000000 
0.000000 
0.000000 
0.000000 
0.000000 
0.000000 
0.000000 
0.000000 
0.000000 
0.000000 
0.000000 
0.000000 
0.000000 
0.000000 
0.000000 
0.000000 
0.000000 
0.000000 
0.000000 
0.000000 
0.000000 
0.000000 
0.000000 
0.000000 
0.000000 
0.000000 
0.000000 
0.000000 
0.000000 
0.000000 
0.000000 
0.000000 
0.000000 
0.000000 
0.000000 
0.000000 
0.000000 
0.000000 
0.000000 
0.000000 
0.000000 
0.000000 
0.000000 
0.000000 
0.000000 
0.000000 
0.000000 
0.000000 
0.000000 
0.000000 
0.000000 
0.000000 
0.000000 
0.000000 
0.000000 
0.000000 
0.000000 
0.000000 
0.000000 
0.000000 
0.000000 
0.000000 
0.000000 
0.000000 
0.000000 
0.000000 
0.000000 
0.000000 
0.000000 
0.000000 
0.000000 
0.000000 
0.000000 
0.000000 
0.000000 
0.000000 
0.000000 
0.000000 
0.000000 
0.000000 
0.000000 
0.000000 
0.000000 
0.000000 
0.000000 
0.000000 
0.000000 
0.000000 
0.000000 
0.000000 
0.000000 
0.000000 
0.000000 
0.000000 
0.000000 
0.000000 
0.000000 
0.000000 
0.000000 
0.000000 
0.000000 
0.000000 
0.000000 
0.000000 
0.000000 
0.000000 
0.000000 
0.000000 
0.000000 
0.000014 
0.000070 
0.000105 
0.000206 
0.000312 
0.000418 
0.000588 
0.000729 
0.001006 
0.001227 
0.001428 
0.002045 
0.002396 
0.002556 
0.002644 
0.004003 
0.003398 
0.006633 
0.006469 
0.007201 
0.007880 
0.009402 
0.010050 
0.008524 
0.009041 
0.009077 
0.009691 
0.008541 
0.008651 
0.008401 
0.010350 
0.010047 
0.010732 
0.010222 
0.010484 
0.009117 
0.008933 
0.009692 
0.009082 
0.010277 
0.010984 
0.012259 
0.012904 
0.012804 
0.011707 
0.013262 
0.014993 
0.015059 
0.016307 
0.021502 
0.023210 
0.019077 
0.021840 
0.022830 
0.021414 
0.023071 
0.025598 
0.023344 
0.024859 
0.026920 
0.021957 
0.027111 
0.029156 
0.029572 
0.023901 
0.029469 
0.023245 
0.027890 
0.033340 
0.031072 
0.027809 
0.034303 
0.029180 
0.030795 
0.032770 
0.034739 
0.032747 
0.031555 
0.028266 
0.034806 
0.029100 
0.029132 
0.033925 
0.034330 
0.031342 
0.041131 
0.034160 
0.030710 
0.039002 
0.037390 
0.042210 
0.040219 
0.042074 
0.042752 
0.038022 
0.041380 
0.037687 
0.045137 
0.050460 
0.051635 
0.054068 
0.049004 
0.049486 
0.052868 
0.050944 
0.066262 
0.077093 
0.082073 
0.098746 
0.090386 
0.100116 
0.121840 
0.108523 
0.096294 
0.106936 
0.096834 
0.093309 
0.078885 
0.103281 
0.090804 
0.090380 
0.109480 
0.089336 
0.101328 
0.092769 
0.098573 
0.088619 
0.117768 
0.108690 
0.112087 
0.124503 
0.127945 
0.143850 
0.130657 
0.151715 
0.137978 
0.154625 
0.175914 
0.164897 
0.164510 
0.222208 
0.171526 
0.212101 
0.227870 
0.238544 
0.258034 
0.338645 
0.272234 
0.316290 
0.335741 
0.338840 
0.280475 
0.303810 
0.278735 
0.271144 
0.287447 
0.237821 
0.246620 
0.256453 
0.226671 
0.231921 
0.266673 
0.265541 
0.302053 
0.297283 
0.292781 
0.256942 
0.224334 
0.254504 
0.232260 
0.233725 
0.241526 
0.211463 
0.247652 
0.236934 
0.238605 
0.272717 
0.233103 
0.274431 
0.384045 
0.288006 
0.298713 
0.269087 
0.345676 
0.326055 
0.279555 
0.273351 
0.256970 
0.293457 
0.246048 
0.258974 
0.312555 
0.271402 
0.278272 
0.316865 
0.373129 
0.399503 
0.313090 
0.335639 
0.363802 
0.388930 
0.474858 
0.489534 
0.357854 
0.262487 
0.417967 
0.394020 
0.373007 
0.439009 
0.508492 
0.459665 
0.507464 
0.371560 
0.492642 
0.493592 
0.424310 
0.408686 
0.470617 
0.513975 
0.437533 
0.566358 
0.486439 
0.605233 
0.512643 
0.585626 
0.529493 
0.654566 
0.618006 
0.626903 
0.473020 
0.550146 
0.559818 
0.670523 
0.616555 
0.544186 
0.565213 
0.555201 
0.575960 
0.487889 
0.449773 
0.406119 
0.356797 
0.275208 
0.232724 
0.219303 
0.219013 
0.243792 
0.311231 
0.403417 
0.582804 
0.513150 
0.514927 
0.375694 
0.580248 
0.546329 
0.565254 
0.622741 
0.475673 
0.637436 
0.455886 
0.528935 
0.628273 
0.538840 
0.473336 
0.629230 
0.629208 
0.502424 
0.479235 
0.523612 
0.559061 
0.639074 
0.534400 
0.551435 
0.570025 
0.553506 
0.615627 
0.442153 
0.467114 
0.459600 
0.483374 
0.508803 
0.568059 
0.515519 
0.503888 
0.662818 
0.659293 
0.580347 
0.434492 
0.385310 
0.302458 
0.226794 
0.169849 
0.146603 
0.110467 
0.116282 
0.136999 
0.205399 
0.252574 
0.376194 
0.464641 
0.453644 
0.607752 
0.646548 
0.611491 
0.620917 
0.610280 
0.757301 
0.651826 
0.633639 
0.570739 
0.703517 
0.629993 
0.667161 
0.656245 
0.721562 
0.696574 
0.784383 
0.694491 
0.642270 
0.825500 
0.650262 
0.596157 
0.748487 
0.697691 
0.731432 
0.621882 
0.512820 
0.776461 
0.703391 
0.763258 
0.784590 
0.745433 
0.680535 
0.709215 
0.723377 
0.808919 
0.702885 
0.926344 
0.731353 
0.801930 
0.762961 
0.766507 
0.711751 
0.741612 
0.684936 
0.693354 
0.906377 
0.729964 
0.866531 
0.795072 
0.817352 
0.716402 
0.863342 
0.762082 
0.762768 
0.831811 
0.818699 
0.859061 
0.911107 
0.863833 
0.828862 
0.941834 
0.818339 
0.751384 
0.861497 
0.869160 
0.945516 
0.856132 
0.793527 
0.936020 
0.930649 
0.578918 
0.463880 
0.562960 
0.499802 
0.435030 
0.551597 
0.594696 
0.604833 
0.758809 
0.662228 
0.660141 
0.738660 
1.020765 
0.865948 
0.921367 
1.040074 
0.761723 
0.890758 
0.919013 
0.772178 
0.815996 
0.694034 
0.602265 
0.529060 
0.511278 
0.406305 
0.406755 
0.418791 
0.376255 
0.430348 
0.620856 
0.899632 
0.898362 
0.801851 
0.906760 
0.783050 
0.843285 
0.789936 
0.812884 
0.772595 
0.794015 
0.596204 
0.590777 
0.535244 
0.630650 
0.642659 
0.782555 
0.912788 
1.044976 
0.809615 
1.201351 
0.852810 
0.857012 
0.874869 
0.853745 
0.747479 
0.752949 
0.882661 
0.758657 
0.760692 
0.829777 
0.947646 
0.937298 
0.992405 
0.755454 
0.847756 
0.783308 
0.688986 
0.638141 
0.519550 
0.385158 
0.379448 
0.234487 
0.183720 
0.204692 
0.192951 
0.174768 
0.187156 
0.171118 
0.259782 
0.291619 
0.504435 
0.542937 
0.618629 
0.902277 
0.910472 
0.915070 
0.930512 
0.935698 
0.849251 
0.778489 
0.966752 
0.946668 
0.932007 
0.952360 
0.907295 
0.930660 
1.064010 
1.061999 
0.888379 
1.034077 
1.109544 
1.080454 
0.912244 
0.905742 
1.163608 
0.942589 
0.968007 
0.873885 
0.802728 
0.616817 
0.468896 
0.244612 
0.232178 
0.254209 
0.336957 
0.338992 
0.359372 
0.419144 
0.484353 
0.518589 
0.525274 
0.527874 
0.625948 
0.545862 
0.414982 
0.359836 
0.347340 
0.384705 
0.395029 
0.416590 
0.378440 
0.599797 
0.589286 
0.632657 
0.717712 
0.729814 
0.701756 
0.836435 
0.604287 
0.689552 
0.558827 
0.335341 
0.404698 
0.315119 
0.341763 
0.465214 
0.412682 
0.391446 
0.436441 
0.348145 
0.398532 
0.342040 
0.368398 
0.382962 
0.450670 
0.384815 
0.424106 
0.463384 
0.476835 
0.545202 
0.525876 
0.548364 
0.635938 
0.588956 
0.746659 
0.764571 
0.800658 
0.989134 
0.809300 
0.950923 
0.842694 
0.831516 
0.891165 
0.701025 
0.562640 
0.507326 
0.373126 
0.269006 
0.282742 
0.315716 
0.255751 
0.281452 
0.254469 
0.311295 
0.292971 
0.375685 
0.400993 
0.523210 
0.593312 
0.792553 
0.865694 
1.023012 
0.998766 
1.213497 
0.931095 
1.049618 
0.916454 
1.070783 
0.850001 
1.005642 
0.912465 
0.979145 
0.796163 
0.867756 
0.710769 
0.802880 
0.922809 
0.955984 
0.994511 
0.765469 
0.740700 
0.669812 
0.997308 
0.924014 
0.737844 
0.820904 
1.207392 
0.937288 
1.146947 
0.855185 
0.968117 
0.896560 
1.146251 
0.976907 
0.840456 
1.005028 
0.872907 
0.966031 
0.707434 
0.731918 
0.676811 
0.734380 
0.696844 
0.749785 
0.805156 
0.838173 
0.915679 
0.963179 
0.922703 
0.855371 
0.902016 
0.968036 
0.934431 
0.811578 
0.697241 
0.846551 
0.897388 
0.820410 
0.857888 
0.715642 
0.745147 
0.982207 
0.811845 
0.731711 
0.818012 
0.819096 
0.611967 
0.700157 
0.674639 
0.596676 
0.647060 
0.605893 
0.492300 
0.613828 
0.765210 
0.693145 
0.819708 
0.771266 
0.709306 
0.829586 
0.812212 
0.861031 
0.924970 
0.800683 
0.878044 
0.780206 
0.803742 
0.671292 
0.756108 
0.745181 
0.955797 
0.731020 
0.768690 
0.814154 
0.803096 
0.652142 
0.711751 
0.645752 
0.634321 
0.530141 
0.531460 
0.544536 
0.591197 
0.550660 
0.596318 
0.602061 
0.534350 
0.474290 
0.662180 
0.684643 
0.680573 
0.513880 
0.657912 
0.703754 
0.693883 
0.646984 
0.600495 
0.711317 
0.613273 
0.472665 
0.424468 
0.311222 
0.306508 
0.275237 
0.210884 
0.240703 
0.221369 
0.179505 
0.206252 
0.193177 
0.189391 
0.216707 
0.180233 
0.184640 
0.202382 
0.216813 
0.207276 
0.266399 
0.229327 
0.302672 
0.276160 
0.323989 
0.393377 
0.589864 
0.451021 
0.594077 
0.791592 
0.800075 
0.643768 
0.693767 
0.572772 
0.550646 
0.500103 
0.520354 
0.449741 
0.425755 
0.470695 
0.472736 
0.367198 
0.406218 
0.362409 
0.409707 
0.292262 
0.363488 
0.409097 
0.379065 
0.419930 
0.453874 
0.405560 
0.441199 
0.636003 
0.559225 
0.657411 
0.668262 
0.759996 
0.628275 
0.739661 
0.678704 
0.565852 
0.637615 
0.506961 
0.404016 
0.443306 
0.384871 
0.397902 
0.399156 
0.338698 
0.353737 
0.406979 
0.449576 
0.450074 
0.387375 
0.485512 
0.377136 
0.456149 
0.474283 
0.421071 
0.441507 
0.541021 
0.468516 
0.488583 
0.503117 
0.404584 
0.492710 
0.377578 
0.450758 
0.276146 
0.302654 
0.340289 
0.328186 
0.420525 
0.501182 
0.517576 
0.467682 
0.341215 
0.297043 
0.258826 
0.228734 
0.261550 
0.187334 
0.264805 
0.277428 
0.289167 
0.277020 
0.236715 
0.225076 
0.311665 
0.242119 
0.278197 
0.234693 
0.236042 
0.241278 
0.227568 
0.230176 
0.225064 
0.193796 
0.202614 
0.186622 
0.222269 
0.200064 
0.153172 
0.141179 
0.113125 
0.143733 
0.146492 
0.110866 
0.107299 
0.114832 
0.100098 
0.115097 
0.099487 
0.106236 
0.070676 
0.092063 
0.095078 
0.080040 
0.081350 
0.086432 
0.074244 
0.093887 
0.087431 
0.088125 
0.098578 
0.080771 
0.081286 
0.087437 
0.097593 
0.094981 
0.108268 
0.113484 
0.097290 
0.104465 
0.099855 
0.111484 
0.114403 
0.111042 
0.104844 
0.126714 
0.124915 
0.130473 
0.145947 
0.145190 
0.126308 
0.169601 
0.118685 
0.136081 
0.157482 
0.135116 
0.171868 
0.128778 
0.132934 
0.135653 
0.171884 
0.169152 
0.142887 
0.163103 
0.166917 
0.175861 
0.192641 
0.206494 
0.194206 
0.194483 
0.172967 
0.196460 
0.248435 
0.302996 
0.325659 
0.370474 
0.347921 
0.335369 
0.337625 
0.331889 
0.301497 
0.266751 
0.261997 
0.166499 
0.175965 
0.154682 
0.142762 
0.135035 
0.149350 
0.147494 
0.136534 
0.123733 
0.115114 
0.115221 
0.097433 
0.080445 
0.077017 
0.075582 
0.073942 
0.067300 
0.071216 
0.060758 
0.059693 
0.063497 
0.049905 
0.056851 
0.057794 
0.056835 
0.056842 
0.081211 
0.059161 
0.066940 
0.062910 
0.076764 
0.066815 
0.059391 
0.064846 
0.062314 
0.057494 
0.056762 
0.066044 
0.046329 
0.061432 
0.073608 
0.078954 
0.069981 
0.068514 
0.063337 
0.066853 
0.061082 
0.069603 
0.053676 
0.054783 
0.046931 
0.043033 
0.034920 
0.043560 
0.036873 
0.034581 
0.031885 
0.028285 
0.030248 
0.032180 
0.032884 
0.030778 
0.026674 
0.033229 
0.028220 
0.027394 
0.025743 
0.026456 
0.021215 
0.021513 
0.025843 
0.023347 
0.020144 
0.020588 
0.017288 
0.014804 
0.015756 
0.013555 
0.013277 
0.014487 
0.011780 
0.013196 
0.010796 
0.011660 
0.008429 
0.007746 
0.007336 
0.007210 
0.006516 
0.006270 
0.005626 
0.005948 
0.005231 
0.005707 
0.004927 
0.006325 
0.005278 
0.005403 
0.005789 
0.005632 
0.006327 
0.007860 
0.006331 
0.006373 
0.007059 
0.006753 
0.006449 
0.005494 
0.004722 
0.004075 
0.003810 
0.003886 
0.002842 
0.002959 
0.002543 
0.002467 
0.002611 
0.002121 
0.002374 
0.002553 
0.002526 
0.002166 
0.002200 
0.002202 
0.002327 
0.002027 
0.002025 
0.001964 
0.001858 
0.001751 
0.001570 
0.001834 
0.001460 
0.001258 
0.001298 
0.000841 
0.000803 
0.000734 
0.000509 
0.000430 
0.000260 
0.000140 
0.000074 
0.000045 
0.000026 
0.000012 
0.000003 
0.000000 
0.000000 
0.000000 
0.000000 
0.000000 
0.000000 
0.000000 
0.000000 
0.000000 
0.000000 
0.000000 
0.000000 
0.000000 
0.000000 
0.000000 
0.000000 
0.000000 
0.000000 
0.000000 
0.000000 
0.000000 
0.000000 
0.000000 
0.000000 
0.000000 
0.000000 
0.000000 
0.000000 
0.000000 
0.000000 
0.000000 
0.000000 
0.000000 
0.000000 
0.000000 
0.000000 
0.000000 
0.000000 
0.000000 
0.000000 
0.000000 
0.000000 
0.000000 
0.000000 
0.000000 
0.000000 
0.000000 
0.000000 
0.000000 
0.000000 
0.000000 
0.000000 
0.000000 
0.000000 
0.000000 
0.000000 
0.000000 
0.000000 
0.000000 
0.000000 
0.000000 
0.000000 
0.000000 
0.000000 
0.000000 
0.000000 
0.000000 
0.000000 
0.000000 
0.000000 
0.000000 
0.000000 
0.000000 
0.000000 
0.000000 
0.000000 
0.000000 
0.000000 
0.000000 
0.000000 
0.000000 
0.000000 
0.000000 
0.000000 
0.000000 
0.000000 
0.000000 
0.000000 
0.000000 
0.000000 
0.000000 
0.000000 
0.000000 
0.000000 
0.000000 
0.000000 
0.000000 
0.000000 
0.000000 
0.000000 
0.000000 
0.000000 
0.000000 
0.000000 
0.000000 
0.000000 
0.000000 
0.000000 
0.000000 
0.000000 
0.000000 
0.000000 
0.000000 
0.000000 
0.000000 
0.000000 
0.000000 
0.000000 
0.000000 
0.000000 
0.000000 
0.000000 
0.000000 
0.000000 
0.000000 
0.000000 
0.000000 
0.000000 
0.000000 
0.000000 
0.000000 
0.000000 
0.000000 
0.000000 
0.000000 
0.000000 
0.000000 
0.000000 
0.000000 
0.000000 
0.000000 
0.000000 
0.000000 
0.000000 
0.000000 
0.000000 
0.000000 
0.000000 
0.000000 
0.000000 
0.000000 
0.000000 
0.000000 
0.000000 
0.000000 
0.000000 
0.000000 
0.000000 
0.000000 
0.000000 
0.000000 
0.000000 
0.000000 
0.000000 
0.000000 
0.000000 
0.000000 
0.000000 
0.000000 
0.000000 
0.000000 
0.000000 
0.000000 
0.000000 
0.000000 
0.000000 
0.000000 
0.000000 
0.000000 
0.000000 
0.000000 
0.000000 
0.000000 
0.000000 
0.000000 
0.000000 
0.000000 
0.000000 
0.000000 
0.000000 
0.000000 
