0.000000 
0.000000 
0.000000 
0.000000 
0.000000 
0.000000 
0.000000 
0.000000 
0.000000 
0.000000 
0.000000 
0.000000 
0.000000 
0.000000 
0.000000 
0.000000 
0.000000 
0.000000 
0.000000 
0.000000 
0.000000 
0.000000 
0.000000 
0.000000 
0.000000 
0.000000 
0.000000 
0.000000 
0.000000 
0.000000 
0.000000 
0.000000 
0.000000 
0.000000 
0.000000 
0.000000 
0.000000 
0.000000 
0.000000 
0.000000 
0.000000 
0.000000 
0.000000 
0.000000 
0.000000 
0.000000 
0.000000 
0.000000 
0.000000 
0.000000 
0.000000 
0.000000 
0.000000 
0.000000 
0.000000 
0.000000 
0.000000 
0.000000 
0.000000 
0.000000 
0.000000 
0.000000 
0.000000 
0.000000 
0.000000 
0.000000 
0.000000 
0.000000 
0.000000 
0.000000 
0.000000 
0.000000 
0.000000 
0.000000 
0.000000 
0.000000 
0.000000 
0.000000 
0.000000 
0.000000 
0.000000 
0.000000 
0.000000 
0.000000 
0.000000 
0.000000 
0.000000 
0.000000 
0.000000 
0.000000 
0.000000 
0.000000 
0.000000 
0.000000 
0.000000 
0.000000 
0.000000 
0.000000 
0.000000 
0.000000 
0.000000 
0.000000 
0.000000 
0.000000 
0.000000 
0.000000 
0.000000 
0.000000 
0.000000 
0.000000 
0.000000 
0.000000 
0.000000 
0.000000 
0.000000 
0.000000 
0.000000 
0.000000 
0.000000 
0.000000 
0.000000 
0.000000 
0.000000 
0.000000 
0.000000 
0.000000 
0.000000 
0.000000 
0.000000 
0.000000 
0.000000 
0.000000 
0.000000 
0.000000 
0.000000 
0.000000 
0.000000 
0.000000 
0.000000 
0.000000 
0.000000 
0.000000 
0.000000 
0.000000 
0.000000 
0.000000 
0.000000 
0.000000 
0.000000 
0.000000 
0.000000 
0.000000 
0.000000 
0.000000 
0.000000 
0.000000 
0.000000 
0.000000 
0.000000 
0.000000 
0.000000 
0.000000 
0.000000 
0.000000 
0.000000 
0.000000 
0.000000 
0.000000 
0.000000 
0.000000 
0.000000 
0.000000 
0.000000 
0.000000 
0.000000 
0.000000 
0.000000 
0.000000 
0.000000 
0.000000 
0.000000 
0.000000 
0.000000 
0.000000 
0.000000 
0.000000 
0.000000 
0.000000 
0.000000 
0.000000 
0.000000 
0.000000 
0.000000 
0.000000 
0.000000 
0.000000 
0.000000 
0.000000 
0.000000 
0.000000 
0.000000 
0.000000 
0.000000 
0.000000 
0.000000 
0.000000 
0.000000 
0.000000 
0.000000 
0.000000 
0.000000 
0.000000 
0.000000 
0.000000 
0.000000 
0.000000 
0.000000 
0.000000 
0.000000 
0.000000 
0.000000 
0.000000 
0.000000 
0.000000 
0.000000 
0.000033 
0.000140 
0.000221 
0.000393 
0.000486 
0.000747 
0.001193 
0.001592 
0.001711 
0.002400 
0.002445 
0.003726 
0.005470 
0.005647 
0.006601 
0.008083 
0.009319 
0.010666 
0.012427 
0.013864 
0.015087 
0.016736 
0.016544 
0.019174 
0.020187 
0.017689 
0.020300 
0.017867 
0.020627 
0.017439 
0.021191 
0.018688 
0.021107 
0.018070 
0.022714 
0.022233 
0.021495 
0.018062 
0.018968 
0.019149 
0.020419 
0.024691 
0.022091 
0.023492 
0.030969 
0.027290 
0.031788 
0.035656 
0.030823 
0.037930 
0.038702 
0.041923 
0.033329 
0.046012 
0.041210 
0.035630 
0.042920 
0.041991 
0.039994 
0.041282 
0.032130 
0.047553 
0.038236 
0.052090 
0.059511 
0.057716 
0.053022 
0.056378 
0.051473 
0.052398 
0.059290 
0.053047 
0.061227 
0.062423 
0.069065 
0.065318 
0.063214 
0.067459 
0.074340 
0.058166 
0.066363 
0.060990 
0.064067 
0.073482 
0.077815 
0.078882 
0.080795 
0.067192 
0.084047 
0.058316 
0.090982 
0.082521 
0.084179 
0.081208 
0.081776 
0.078471 
0.086557 
0.092719 
0.090340 
0.098357 
0.103130 
0.097444 
0.114632 
0.125611 
0.124717 
0.141402 
0.157947 
0.185388 
0.178436 
0.193545 
0.184957 
0.192460 
0.196692 
0.202767 
0.226789 
0.193961 
0.200004 
0.189501 
0.194215 
0.190251 
0.151201 
0.228597 
0.199349 
0.205438 
0.178614 
0.215337 
0.212056 
0.251080 
0.218356 
0.209872 
0.262524 
0.223080 
0.267688 
0.276874 
0.266270 
0.296698 
0.269560 
0.276388 
0.384157 
0.349880 
0.396639 
0.443677 
0.443700 
0.358876 
0.400641 
0.495484 
0.533751 
0.552498 
0.647124 
0.681275 
0.738781 
0.598560 
0.607150 
0.526407 
0.589821 
0.522941 
0.506933 
0.536585 
0.494902 
0.500470 
0.535064 
0.497545 
0.574254 
0.483144 
0.551684 
0.513568 
0.545127 
0.509711 
0.430528 
0.378381 
0.381504 
0.509527 
0.496461 
0.483884 
0.492668 
0.477200 
0.559490 
0.545358 
0.594414 
0.558919 
0.611626 
0.611839 
0.589795 
0.576997 
0.598366 
0.482704 
0.474577 
0.546652 
0.530343 
0.533952 
0.444055 
0.557103 
0.616454 
0.579643 
0.670752 
0.739019 
0.676291 
0.674269 
0.822300 
0.767359 
0.713029 
0.871441 
0.783628 
0.811988 
0.655817 
0.781712 
0.775761 
0.980462 
0.855254 
0.645016 
0.770063 
0.971656 
0.885440 
0.848855 
1.077214 
1.135362 
0.968190 
0.882046 
0.938365 
0.995291 
1.020425 
0.876455 
1.092600 
0.984612 
1.223994 
1.017812 
0.930092 
1.020457 
1.102763 
1.231155 
1.149989 
1.191446 
0.992078 
1.086317 
1.017963 
1.281772 
1.116290 
1.174676 
0.909598 
0.993549 
0.866715 
0.808392 
0.543629 
0.457437 
0.387060 
0.450935 
0.605447 
0.664668 
0.937213 
1.061236 
0.840953 
1.067489 
1.302879 
1.189716 
1.084577 
1.268096 
1.107235 
0.963208 
1.067285 
1.009385 
1.175614 
1.259241 
1.023877 
1.176105 
0.949059 
1.008422 
1.023924 
1.117874 
1.190006 
1.216772 
1.219977 
1.275181 
1.111063 
1.130324 
1.296209 
1.013006 
1.060994 
1.065972 
1.010686 
0.874181 
0.841482 
1.011638 
1.180917 
1.134003 
1.218012 
1.514524 
0.975168 
0.830811 
0.808997 
0.596467 
0.553710 
0.303538 
0.258417 
0.238980 
0.177487 
0.224803 
0.351265 
0.607137 
0.786479 
0.885926 
1.023988 
1.274004 
1.181663 
1.286342 
1.298156 
1.279925 
1.401726 
1.626008 
1.303011 
1.478892 
1.339505 
1.611479 
1.756761 
1.275347 
1.331960 
1.251774 
1.282810 
1.240996 
1.392446 
1.468780 
1.330144 
1.296171 
1.196987 
1.680230 
1.266055 
1.531262 
1.611216 
1.431130 
1.359080 
1.622952 
1.530604 
1.592000 
1.312505 
1.509360 
1.560949 
1.320916 
1.466905 
1.389263 
1.662102 
1.525683 
1.540177 
1.479793 
1.435200 
1.255629 
1.542394 
1.451716 
1.481254 
1.540335 
1.348722 
1.885756 
1.614585 
1.321131 
1.505156 
1.538201 
1.990697 
1.549340 
1.528762 
1.597249 
1.470491 
1.346290 
1.679566 
1.569685 
1.672357 
1.312690 
1.720323 
1.560876 
1.597969 
1.802341 
1.595782 
1.754624 
1.464883 
1.623283 
1.261494 
1.221554 
0.861277 
1.025087 
0.984379 
1.112807 
1.082581 
1.452649 
1.327667 
1.365927 
1.720612 
1.714649 
1.840979 
2.163166 
1.937541 
1.695268 
1.299202 
1.427879 
1.385921 
1.252357 
1.197747 
1.260949 
1.120197 
1.077904 
0.928318 
0.851503 
0.908158 
0.765147 
0.674184 
1.075739 
1.537982 
1.523064 
1.857877 
1.889357 
1.754274 
1.754909 
1.666150 
1.609271 
1.640489 
1.250103 
1.296245 
1.080336 
0.970579 
1.170162 
1.235878 
1.496275 
1.917813 
2.032152 
1.962771 
1.523812 
1.655499 
1.928451 
1.803254 
1.872482 
1.875557 
1.885437 
1.486743 
1.470192 
1.578922 
1.801042 
1.721640 
2.087565 
2.240010 
2.060043 
1.659693 
1.446246 
1.288392 
1.297948 
0.963433 
0.832550 
0.769523 
0.401776 
0.378060 
0.381733 
0.342764 
0.347287 
0.404445 
0.361710 
0.471552 
0.667005 
0.950332 
1.459417 
1.603927 
1.704627 
1.767316 
1.609906 
1.948901 
1.643654 
2.000762 
1.800808 
2.210092 
1.687372 
2.045999 
2.434401 
2.145674 
1.824954 
1.681267 
2.269397 
2.176484 
1.782502 
1.681393 
2.099094 
1.776074 
2.112518 
2.046058 
1.818960 
1.899358 
1.848008 
1.628163 
1.277167 
0.990560 
0.704572 
0.491443 
0.475346 
0.561749 
0.541996 
0.635527 
0.681004 
0.849277 
0.836934 
1.048145 
1.192251 
1.267747 
1.089898 
1.034857 
0.900817 
0.649828 
0.742354 
0.710115 
0.904767 
0.801727 
1.182308 
1.280944 
1.330353 
1.163689 
1.604092 
1.629958 
1.437563 
1.502576 
1.051308 
1.195443 
0.874387 
0.833575 
0.992163 
0.767051 
1.009080 
0.948397 
0.895390 
0.779556 
0.763550 
0.746955 
0.695259 
0.762636 
0.654087 
0.705040 
0.731461 
0.973039 
0.815914 
0.991475 
1.108836 
1.244363 
1.067820 
1.116270 
1.199033 
1.548753 
1.707401 
1.863771 
2.165900 
1.598756 
2.018210 
1.804153 
1.741190 
1.468618 
1.292820 
1.318606 
0.948962 
0.785139 
0.644045 
0.569346 
0.562058 
0.483440 
0.443611 
0.483275 
0.610812 
0.587300 
0.828513 
0.960128 
0.943577 
1.297779 
1.543124 
2.277211 
1.626765 
2.151302 
1.755078 
2.402809 
1.825828 
2.035251 
1.830397 
1.931344 
1.519499 
1.921752 
1.742924 
1.883332 
1.786261 
1.935438 
1.954345 
1.645371 
2.196732 
1.959281 
1.634967 
1.753245 
1.385092 
1.859864 
1.621063 
1.704471 
1.938185 
1.851997 
2.234993 
1.732200 
1.629631 
2.220188 
2.155940 
1.723479 
2.078662 
2.006710 
2.031444 
1.499219 
1.941657 
1.918082 
1.546300 
1.514595 
1.100643 
1.353296 
1.333113 
1.225642 
1.350785 
1.599532 
1.952356 
1.827164 
1.877434 
1.550309 
1.441054 
1.844546 
1.620620 
1.868994 
2.061444 
1.768638 
1.775047 
1.699224 
1.625707 
1.932928 
1.951459 
1.978553 
1.812950 
1.773298 
1.635080 
1.435820 
1.413419 
1.217039 
1.063733 
1.142487 
0.877291 
0.909666 
1.237932 
1.478224 
1.429617 
1.689981 
1.555256 
1.717646 
1.716869 
1.648814 
1.525296 
1.442930 
1.868232 
1.523953 
1.412687 
1.481386 
1.386940 
1.500702 
1.450960 
1.606354 
1.745625 
1.973181 
1.847357 
1.408813 
1.583262 
1.517164 
1.039784 
1.443340 
1.116490 
1.339545 
1.240449 
1.245104 
1.187446 
1.109197 
1.198054 
0.947824 
1.164124 
1.330655 
1.105467 
1.197773 
1.531169 
1.284170 
1.405422 
1.182276 
1.379290 
1.292412 
1.184873 
1.286085 
1.097851 
0.826226 
0.726319 
0.546593 
0.537229 
0.427032 
0.459872 
0.446420 
0.443498 
0.333893 
0.396189 
0.376361 
0.363909 
0.390862 
0.413841 
0.447382 
0.480305 
0.478287 
0.607266 
0.543572 
0.646126 
0.652093 
0.662636 
0.876195 
0.894387 
1.108843 
1.440448 
1.430909 
1.355636 
1.395287 
1.286676 
1.232423 
1.143120 
0.972268 
1.040876 
0.864140 
0.857343 
0.651970 
0.790568 
0.738413 
0.839878 
0.697903 
0.852366 
0.823377 
0.734011 
0.725825 
0.861977 
0.877645 
0.894801 
0.853754 
1.020427 
1.126264 
1.428714 
1.425075 
1.440261 
1.388976 
1.331433 
1.198299 
1.487772 
1.227862 
1.343020 
1.037870 
0.921460 
0.847750 
0.922350 
0.783726 
0.723761 
0.660109 
0.643312 
0.738261 
0.817599 
0.721599 
0.811256 
0.876706 
0.745098 
0.930222 
0.824466 
1.028793 
1.104234 
0.969280 
1.073929 
0.873210 
1.003290 
0.976105 
1.030263 
0.885141 
0.845370 
0.643962 
0.649606 
0.646990 
0.727472 
0.817512 
0.800815 
0.868449 
0.625446 
0.842259 
0.668895 
0.498516 
0.409544 
0.455434 
0.481178 
0.573917 
0.491748 
0.515005 
0.502312 
0.536371 
0.635912 
0.567263 
0.489487 
0.442705 
0.563237 
0.436137 
0.389811 
0.544693 
0.442351 
0.393970 
0.486516 
0.349539 
0.292236 
0.318716 
0.368144 
0.299822 
0.356300 
0.280019 
0.278443 
0.262256 
0.185516 
0.208467 
0.218649 
0.199767 
0.159603 
0.201317 
0.193949 
0.162679 
0.188000 
0.137715 
0.192592 
0.168207 
0.156999 
0.191244 
0.187813 
0.151314 
0.196953 
0.169643 
0.143564 
0.186586 
0.170246 
0.194864 
0.188313 
0.202151 
0.193115 
0.173151 
0.217070 
0.200095 
0.202418 
0.179962 
0.232112 
0.244057 
0.268495 
0.276056 
0.305248 
0.234850 
0.312520 
0.311124 
0.261491 
0.258996 
0.322898 
0.292165 
0.315526 
0.301115 
0.309944 
0.271249 
0.302558 
0.231886 
0.259936 
0.343898 
0.333530 
0.388241 
0.441484 
0.398835 
0.392661 
0.378845 
0.391094 
0.395504 
0.488298 
0.511704 
0.500582 
0.704918 
0.720979 
0.656789 
0.689742 
0.698077 
0.645833 
0.604379 
0.568499 
0.575647 
0.375099 
0.341723 
0.284620 
0.226649 
0.214582 
0.290288 
0.244352 
0.244219 
0.236066 
0.210541 
0.226228 
0.167178 
0.181098 
0.175131 
0.143141 
0.163358 
0.139772 
0.125943 
0.133580 
0.119153 
0.121008 
0.124129 
0.126207 
0.109676 
0.100746 
0.133103 
0.127788 
0.136506 
0.127614 
0.142499 
0.131112 
0.120137 
0.114629 
0.144025 
0.126202 
0.131737 
0.117781 
0.127029 
0.119471 
0.133184 
0.108991 
0.144756 
0.163157 
0.085174 
0.126876 
0.113014 
0.110124 
0.122472 
0.110602 
0.096098 
0.103950 
0.079124 
0.077175 
0.076130 
0.085099 
0.071863 
0.071222 
0.060554 
0.069149 
0.059968 
0.051873 
0.056897 
0.058650 
0.064847 
0.060978 
0.051475 
0.056671 
0.051203 
0.051761 
0.040059 
0.047114 
0.045792 
0.044022 
0.050207 
0.036587 
0.029444 
0.036532 
0.024823 
0.029919 
0.025552 
0.023415 
0.025006 
0.025900 
0.021046 
0.020104 
0.014999 
0.016446 
0.012425 
0.014281 
0.012486 
0.010876 
0.010806 
0.013165 
0.009447 
0.012278 
0.012019 
0.011446 
0.012961 
0.012271 
0.012520 
0.013250 
0.015211 
0.013045 
0.013053 
0.013601 
0.010278 
0.008910 
0.013823 
0.010075 
0.010513 
0.008157 
0.005646 
0.005813 
0.005014 
0.004710 
0.004086 
0.005034 
0.004530 
0.003976 
0.005120 
0.004160 
0.004065 
0.004460 
0.003917 
0.003821 
0.004165 
0.003756 
0.003734 
0.004144 
0.003771 
0.003282 
0.003219 
0.002822 
0.002555 
0.002284 
0.002068 
0.001542 
0.001505 
0.001074 
0.000771 
0.000530 
0.000272 
0.000131 
0.000095 
0.000055 
0.000021 
0.000006 
0.000000 
0.000000 
0.000000 
0.000000 
0.000000 
0.000000 
0.000000 
0.000000 
0.000000 
0.000000 
0.000000 
0.000000 
0.000000 
0.000000 
0.000000 
0.000000 
0.000000 
0.000000 
0.000000 
0.000000 
0.000000 
0.000000 
0.000000 
0.000000 
0.000000 
0.000000 
0.000000 
0.000000 
0.000000 
0.000000 
0.000000 
0.000000 
0.000000 
0.000000 
0.000000 
0.000000 
0.000000 
0.000000 
0.000000 
0.000000 
0.000000 
0.000000 
0.000000 
0.000000 
0.000000 
0.000000 
0.000000 
0.000000 
0.000000 
0.000000 
0.000000 
0.000000 
0.000000 
0.000000 
0.000000 
0.000000 
0.000000 
0.000000 
0.000000 
0.000000 
0.000000 
0.000000 
0.000000 
0.000000 
0.000000 
0.000000 
0.000000 
0.000000 
0.000000 
0.000000 
0.000000 
0.000000 
0.000000 
0.000000 
0.000000 
0.000000 
0.000000 
0.000000 
0.000000 
0.000000 
0.000000 
0.000000 
0.000000 
0.000000 
0.000000 
0.000000 
0.000000 
0.000000 
0.000000 
0.000000 
0.000000 
0.000000 
0.000000 
0.000000 
0.000000 
0.000000 
0.000000 
0.000000 
0.000000 
0.000000 
0.000000 
0.000000 
0.000000 
0.000000 
0.000000 
0.000000 
0.000000 
0.000000 
0.000000 
0.000000 
0.000000 
0.000000 
0.000000 
0.000000 
0.000000 
0.000000 
0.000000 
0.000000 
0.000000 
0.000000 
0.000000 
0.000000 
0.000000 
0.000000 
0.000000 
0.000000 
0.000000 
0.000000 
0.000000 
0.000000 
0.000000 
0.000000 
0.000000 
0.000000 
0.000000 
0.000000 
0.000000 
0.000000 
0.000000 
0.000000 
0.000000 
0.000000 
0.000000 
0.000000 
0.000000 
0.000000 
0.000000 
0.000000 
0.000000 
0.000000 
0.000000 
0.000000 
0.000000 
0.000000 
0.000000 
0.000000 
0.000000 
0.000000 
0.000000 
0.000000 
0.000000 
0.000000 
0.000000 
0.000000 
0.000000 
0.000000 
0.000000 
0.000000 
0.000000 
0.000000 
0.000000 
0.000000 
0.000000 
0.000000 
0.000000 
0.000000 
0.000000 
0.000000 
0.000000 
0.000000 
0.000000 
0.000000 
0.000000 
0.000000 
0.000000 
0.000000 
0.000000 
0.000000 
0.000000 
0.000000 
0.000000 
