0.000000 
0.000000 
0.000000 
0.000000 
0.000000 
0.000000 
0.000000 
0.000000 
0.000000 
0.000000 
0.000000 
0.000000 
0.000000 
0.000000 
0.000000 
0.000000 
0.000000 
0.000000 
0.000000 
0.000000 
0.000000 
0.000000 
0.000000 
0.000000 
0.000000 
0.000000 
0.000000 
0.000000 
0.000000 
0.000000 
0.000000 
0.000000 
0.000000 
0.000000 
0.000000 
0.000000 
0.000000 
0.000000 
0.000000 
0.000000 
0.000000 
0.000000 
0.000000 
0.000000 
0.000000 
0.000000 
0.000000 
0.000000 
0.000000 
0.000000 
0.000000 
0.000000 
0.000000 
0.000000 
0.000000 
0.000000 
0.000000 
0.000000 
0.000000 
0.000000 
0.000000 
0.000000 
0.000000 
0.000000 
0.000000 
0.000000 
0.000000 
0.000000 
0.000000 
0.000000 
0.000000 
0.000000 
0.000000 
0.000000 
0.000000 
0.000000 
0.000000 
0.000000 
0.000000 
0.000000 
0.000000 
0.000000 
0.000000 
0.000000 
0.000000 
0.000000 
0.000000 
0.000000 
0.000000 
0.000000 
0.000000 
0.000000 
0.000000 
0.000000 
0.000000 
0.000000 
0.000000 
0.000000 
0.000000 
0.000000 
0.000000 
0.000000 
0.000000 
0.000000 
0.000000 
0.000000 
0.000000 
0.000000 
0.000000 
0.000000 
0.000000 
0.000000 
0.000000 
0.000000 
0.000000 
0.000000 
0.000000 
0.000000 
0.000000 
0.000000 
0.000000 
0.000000 
0.000000 
0.000000 
0.000000 
0.000000 
0.000000 
0.000000 
0.000000 
0.000000 
0.000000 
0.000000 
0.000000 
0.000000 
0.000000 
0.000000 
0.000000 
0.000000 
0.000000 
0.000000 
0.000000 
0.000000 
0.000000 
0.000000 
0.000000 
0.000000 
0.000000 
0.000000 
0.000000 
0.000000 
0.000000 
0.000000 
0.000000 
0.000000 
0.000000 
0.000000 
0.000000 
0.000000 
0.000000 
0.000000 
0.000000 
0.000000 
0.000000 
0.000000 
0.000000 
0.000000 
0.000000 
0.000000 
0.000000 
0.000000 
0.000000 
0.000000 
0.000000 
0.000000 
0.000000 
0.000000 
0.000000 
0.000000 
0.000000 
0.000000 
0.000000 
0.000000 
0.000000 
0.000000 
0.000000 
0.000000 
0.000000 
0.000000 
0.000000 
0.000000 
0.000000 
0.000000 
0.000000 
0.000000 
0.000000 
0.000000 
0.000000 
0.000000 
0.000000 
0.000000 
0.000000 
0.000000 
0.000000 
0.000000 
0.000000 
0.000000 
0.000000 
0.000000 
0.000000 
0.000000 
0.000000 
0.000000 
0.000000 
0.000000 
0.000000 
0.000000 
0.000000 
0.000000 
0.000000 
0.000000 
0.000000 
0.000000 
0.000000 
0.000000 
0.000000 
0.000030 
0.000091 
0.000203 
0.000368 
0.000413 
0.000589 
0.000874 
0.000976 
0.001247 
0.001427 
0.001819 
0.003067 
0.003578 
0.003782 
0.005827 
0.006120 
0.007079 
0.007783 
0.009767 
0.010666 
0.011518 
0.012703 
0.013356 
0.013742 
0.016143 
0.014712 
0.014677 
0.016659 
0.015072 
0.015244 
0.016675 
0.012721 
0.014997 
0.013717 
0.012629 
0.016168 
0.012537 
0.015760 
0.016412 
0.015015 
0.014276 
0.017217 
0.018271 
0.017085 
0.021132 
0.024837 
0.024535 
0.023620 
0.028762 
0.029721 
0.030981 
0.025975 
0.030313 
0.029135 
0.030588 
0.033301 
0.036872 
0.029100 
0.030649 
0.031618 
0.035120 
0.035127 
0.034045 
0.039199 
0.034766 
0.034189 
0.035166 
0.037324 
0.040451 
0.036998 
0.039091 
0.045613 
0.038079 
0.041287 
0.046765 
0.047229 
0.038104 
0.045572 
0.046817 
0.057711 
0.056311 
0.050833 
0.051093 
0.045506 
0.051960 
0.051053 
0.050798 
0.060345 
0.057139 
0.064805 
0.052192 
0.058953 
0.060657 
0.065150 
0.070436 
0.063511 
0.075643 
0.068031 
0.074976 
0.075866 
0.076239 
0.077562 
0.067295 
0.075588 
0.107686 
0.103086 
0.128449 
0.132470 
0.143807 
0.144559 
0.165813 
0.149725 
0.191960 
0.169219 
0.178842 
0.141762 
0.136089 
0.143597 
0.114475 
0.119910 
0.126844 
0.129238 
0.133080 
0.158718 
0.149887 
0.163932 
0.158328 
0.154979 
0.170047 
0.167093 
0.181985 
0.199491 
0.193284 
0.208350 
0.218012 
0.218140 
0.236739 
0.267251 
0.294232 
0.265511 
0.269576 
0.315323 
0.292938 
0.290729 
0.296382 
0.346322 
0.359966 
0.492703 
0.486279 
0.513038 
0.444167 
0.459013 
0.366586 
0.399202 
0.400238 
0.394896 
0.353775 
0.353985 
0.359480 
0.362694 
0.369426 
0.363732 
0.357145 
0.415397 
0.403347 
0.375234 
0.434293 
0.327451 
0.345311 
0.323003 
0.357513 
0.312401 
0.331810 
0.310338 
0.366061 
0.376379 
0.359901 
0.435296 
0.504002 
0.440744 
0.457810 
0.502866 
0.526787 
0.459675 
0.416333 
0.452004 
0.417257 
0.333370 
0.305072 
0.378754 
0.416957 
0.377309 
0.379123 
0.505114 
0.508734 
0.534594 
0.604724 
0.574752 
0.518210 
0.527178 
0.543054 
0.461958 
0.671383 
0.469527 
0.520857 
0.469434 
0.519917 
0.490338 
0.624123 
0.568268 
0.747629 
0.849803 
0.578600 
0.915181 
0.629652 
0.749040 
0.736009 
0.789828 
0.678684 
0.808959 
0.711768 
0.753695 
0.871405 
0.880510 
0.980026 
0.923411 
0.767045 
0.756485 
0.725613 
0.659142 
0.878293 
0.922391 
0.867495 
0.810870 
0.834820 
0.957278 
0.707276 
0.898993 
0.772479 
0.648916 
0.705401 
0.594124 
0.424609 
0.328098 
0.293740 
0.275869 
0.456675 
0.590945 
0.619304 
0.731478 
0.642033 
0.747167 
0.804483 
0.855769 
0.849990 
0.880470 
0.697864 
0.795599 
0.820458 
0.899152 
0.684808 
0.666321 
0.934308 
0.842541 
0.908968 
0.591485 
0.856133 
0.863695 
0.941834 
0.823993 
0.742343 
0.958721 
0.948189 
0.858517 
0.915400 
0.889737 
0.769125 
0.780426 
0.688391 
0.711913 
0.620197 
0.866283 
0.789448 
0.876925 
0.852204 
0.926938 
0.681739 
0.739999 
0.593014 
0.457345 
0.403932 
0.275727 
0.230331 
0.160745 
0.148477 
0.220875 
0.278945 
0.490177 
0.425983 
0.705360 
0.824267 
0.768992 
1.021659 
0.814630 
1.056069 
0.878899 
1.014162 
1.114458 
0.863118 
1.168313 
0.735405 
0.916820 
1.186828 
1.058736 
1.003767 
0.960040 
0.906140 
1.062596 
1.012027 
1.216953 
1.003381 
0.930913 
1.107188 
1.009954 
1.341131 
1.068024 
1.120203 
1.096229 
0.920731 
1.072237 
1.115311 
1.179538 
1.400573 
1.094580 
1.002872 
1.129291 
1.132405 
1.050713 
1.219474 
1.220114 
1.208699 
1.164112 
1.006069 
1.119050 
0.982800 
1.122149 
0.944405 
1.245536 
1.186504 
1.326746 
1.142383 
1.010974 
1.347446 
1.460316 
1.237953 
1.157315 
1.215863 
1.064432 
1.232134 
1.159435 
1.243318 
1.219245 
1.425543 
1.197422 
1.267465 
1.270314 
1.239675 
1.233354 
1.116639 
1.502196 
1.032305 
1.076308 
0.859055 
0.776954 
0.802941 
0.751243 
0.741912 
0.892611 
0.945997 
1.067172 
0.972760 
0.977884 
1.111686 
1.382238 
1.503484 
1.423939 
1.086030 
1.422529 
1.214302 
1.118126 
1.208611 
1.256630 
1.209971 
0.768032 
0.636018 
0.836540 
0.677284 
0.590672 
0.651568 
0.580224 
0.714935 
0.834073 
1.073646 
1.426607 
1.259505 
1.505047 
1.431410 
1.205342 
1.085736 
1.165281 
1.090233 
1.174181 
0.945120 
0.814275 
0.771724 
0.898775 
0.981304 
1.252773 
1.445709 
1.481400 
1.656518 
1.233628 
1.355521 
1.480702 
1.535299 
1.237517 
1.259750 
1.213623 
1.154928 
1.012893 
1.164350 
1.436492 
1.471393 
1.165497 
1.672567 
1.391324 
1.148468 
1.206527 
0.983529 
1.003544 
0.886702 
0.559885 
0.437639 
0.341772 
0.293572 
0.247725 
0.232839 
0.272076 
0.235851 
0.284818 
0.312560 
0.469970 
0.762515 
1.087426 
0.877910 
1.220058 
1.121173 
1.549852 
1.145911 
1.203996 
1.328916 
1.382720 
1.298844 
1.234609 
1.513228 
1.185116 
1.497111 
1.354991 
1.250990 
1.371934 
1.305924 
1.374338 
1.289439 
1.596118 
1.041192 
1.368925 
1.510895 
1.376580 
1.291537 
1.217218 
1.103252 
0.966197 
0.691837 
0.528543 
0.306737 
0.443508 
0.448144 
0.522099 
0.654229 
0.645680 
0.809297 
0.761317 
0.741893 
0.719661 
0.854495 
0.870629 
0.762364 
0.605816 
0.591796 
0.530405 
0.588963 
0.569819 
0.743864 
0.864478 
0.870723 
0.895073 
0.957606 
1.107783 
0.936424 
1.198989 
1.124337 
1.057085 
0.744473 
0.541200 
0.561743 
0.534778 
0.570533 
0.535408 
0.568074 
0.560005 
0.661908 
0.585222 
0.643163 
0.450958 
0.404518 
0.517447 
0.512839 
0.671055 
0.563604 
0.589979 
0.717518 
0.798719 
0.739221 
0.862705 
0.810755 
1.146668 
1.131007 
1.458863 
1.357396 
1.429359 
1.622984 
1.422046 
1.375564 
1.444030 
1.387185 
1.100217 
0.896595 
0.661141 
0.622545 
0.395018 
0.472427 
0.408878 
0.389012 
0.361173 
0.377833 
0.453241 
0.499078 
0.536764 
0.778627 
0.916917 
0.852767 
1.022854 
1.109190 
1.388228 
1.524990 
1.420380 
1.447646 
1.280365 
1.430962 
1.403812 
1.496411 
1.326797 
1.419518 
1.552531 
1.616635 
1.129348 
1.372292 
1.447119 
1.363779 
1.475132 
1.508307 
1.479231 
1.364732 
1.352629 
1.462260 
1.161540 
1.392415 
1.329200 
1.322582 
1.558403 
1.437399 
1.476386 
1.448464 
1.467174 
1.372203 
1.476486 
1.360876 
1.307169 
1.286912 
1.289391 
1.000592 
1.528994 
1.348730 
0.929078 
0.987051 
1.049547 
1.124352 
1.133077 
1.255204 
1.379569 
1.193495 
1.318108 
1.243940 
1.212190 
1.428509 
1.128811 
1.431215 
1.193923 
1.274408 
1.085109 
1.453496 
1.201702 
1.120019 
1.335393 
1.252977 
1.319330 
1.110644 
1.025181 
0.866477 
1.099575 
0.858505 
0.806116 
0.907193 
0.758445 
0.654998 
0.974041 
1.062500 
1.081532 
1.127989 
1.145036 
1.450487 
1.296550 
1.339439 
1.044576 
1.359857 
1.293067 
1.260408 
1.296188 
1.049154 
1.196454 
1.118808 
1.181826 
0.972715 
0.940392 
1.325966 
1.110942 
1.184018 
1.089781 
1.083970 
1.047585 
0.846545 
0.848026 
1.003990 
0.986762 
0.866154 
0.706989 
0.961966 
0.893072 
0.775159 
0.944316 
0.734968 
0.900012 
0.981408 
1.098139 
1.172427 
1.070268 
1.012623 
1.069027 
1.151979 
0.994439 
0.877678 
0.654108 
0.609503 
0.374781 
0.390832 
0.349463 
0.349178 
0.269358 
0.271249 
0.308794 
0.368085 
0.297340 
0.332322 
0.353527 
0.285691 
0.297043 
0.262557 
0.396163 
0.377575 
0.328396 
0.377801 
0.528338 
0.513106 
0.650659 
0.664221 
0.668399 
0.779437 
1.044438 
1.009117 
1.148273 
0.841483 
0.983187 
0.875894 
0.688282 
0.742342 
0.776156 
0.713620 
0.835498 
0.677930 
0.520299 
0.518778 
0.502073 
0.444150 
0.567439 
0.434328 
0.498455 
0.605891 
0.557661 
0.609488 
0.721788 
0.723167 
0.811922 
0.997361 
1.061395 
1.031008 
1.106711 
0.929538 
1.048882 
1.112160 
0.655540 
0.856473 
0.707939 
0.729902 
0.735545 
0.526785 
0.606231 
0.560608 
0.648166 
0.558887 
0.536309 
0.527700 
0.542146 
0.642069 
0.597109 
0.609712 
0.531992 
0.587363 
0.581371 
0.757093 
0.664479 
0.837974 
0.707950 
0.727305 
0.710183 
0.630836 
0.706400 
0.609294 
0.499309 
0.495323 
0.472591 
0.446727 
0.532614 
0.613574 
0.680227 
0.580035 
0.610367 
0.566914 
0.507275 
0.393255 
0.307158 
0.333013 
0.233156 
0.342291 
0.300045 
0.444493 
0.385691 
0.376901 
0.387460 
0.363504 
0.402628 
0.312765 
0.389003 
0.349230 
0.355286 
0.325195 
0.312132 
0.373403 
0.382794 
0.390659 
0.318390 
0.250465 
0.240611 
0.254205 
0.224762 
0.242990 
0.189271 
0.220558 
0.211397 
0.185596 
0.158302 
0.167052 
0.149992 
0.129491 
0.109690 
0.130514 
0.119048 
0.111801 
0.117393 
0.127003 
0.136317 
0.115413 
0.132869 
0.118702 
0.117653 
0.136126 
0.112755 
0.130058 
0.153792 
0.127299 
0.133437 
0.150038 
0.127428 
0.143958 
0.165549 
0.162591 
0.168559 
0.164344 
0.174831 
0.200756 
0.181185 
0.183737 
0.213801 
0.180975 
0.216348 
0.213056 
0.185510 
0.232779 
0.220825 
0.220553 
0.205726 
0.229725 
0.229727 
0.247337 
0.233586 
0.216884 
0.189622 
0.202445 
0.202508 
0.268666 
0.245577 
0.311005 
0.326566 
0.266009 
0.258615 
0.284603 
0.299768 
0.383339 
0.416500 
0.407432 
0.494682 
0.484862 
0.517162 
0.420885 
0.443776 
0.386938 
0.492940 
0.335490 
0.339830 
0.226663 
0.229172 
0.241084 
0.227116 
0.189633 
0.213009 
0.236049 
0.215345 
0.184629 
0.138366 
0.132471 
0.119182 
0.118113 
0.118792 
0.097077 
0.101659 
0.108766 
0.102079 
0.089758 
0.074846 
0.089864 
0.083453 
0.091144 
0.092068 
0.094065 
0.083998 
0.094006 
0.091753 
0.102468 
0.087468 
0.092263 
0.099424 
0.101015 
0.093930 
0.096930 
0.091503 
0.081781 
0.094876 
0.099395 
0.095989 
0.106886 
0.099797 
0.112584 
0.092350 
0.091810 
0.078048 
0.082583 
0.078309 
0.071686 
0.078839 
0.064992 
0.065326 
0.065506 
0.044959 
0.053057 
0.053699 
0.049493 
0.044870 
0.042807 
0.048678 
0.037972 
0.033877 
0.047108 
0.036502 
0.042130 
0.040003 
0.041636 
0.043877 
0.042582 
0.037511 
0.038640 
0.031538 
0.035644 
0.031834 
0.023349 
0.024233 
0.021885 
0.020733 
0.019268 
0.018716 
0.017175 
0.019701 
0.014151 
0.012287 
0.013955 
0.012556 
0.009279 
0.009106 
0.008652 
0.009234 
0.010657 
0.008790 
0.009212 
0.007139 
0.009533 
0.009739 
0.009770 
0.009197 
0.009807 
0.010797 
0.010382 
0.009963 
0.009824 
0.009552 
0.008555 
0.007449 
0.007076 
0.007327 
0.007508 
0.006085 
0.004518 
0.004314 
0.004590 
0.004394 
0.003961 
0.003780 
0.003354 
0.002263 
0.003085 
0.003372 
0.003562 
0.003813 
0.003273 
0.003131 
0.003723 
0.003269 
0.002904 
0.003015 
0.002704 
0.002381 
0.002830 
0.001778 
0.001927 
0.001924 
0.001342 
0.001158 
0.000965 
0.000979 
0.000644 
0.000369 
0.000220 
0.000083 
0.000069 
0.000041 
0.000017 
0.000005 
0.000000 
0.000000 
0.000000 
0.000000 
0.000000 
0.000000 
0.000000 
0.000000 
0.000000 
0.000000 
0.000000 
0.000000 
0.000000 
0.000000 
0.000000 
0.000000 
0.000000 
0.000000 
0.000000 
0.000000 
0.000000 
0.000000 
0.000000 
0.000000 
0.000000 
0.000000 
0.000000 
0.000000 
0.000000 
0.000000 
0.000000 
0.000000 
0.000000 
0.000000 
0.000000 
0.000000 
0.000000 
0.000000 
0.000000 
0.000000 
0.000000 
0.000000 
0.000000 
0.000000 
0.000000 
0.000000 
0.000000 
0.000000 
0.000000 
0.000000 
0.000000 
0.000000 
0.000000 
0.000000 
0.000000 
0.000000 
0.000000 
0.000000 
0.000000 
0.000000 
0.000000 
0.000000 
0.000000 
0.000000 
0.000000 
0.000000 
0.000000 
0.000000 
0.000000 
0.000000 
0.000000 
0.000000 
0.000000 
0.000000 
0.000000 
0.000000 
0.000000 
0.000000 
0.000000 
0.000000 
0.000000 
0.000000 
0.000000 
0.000000 
0.000000 
0.000000 
0.000000 
0.000000 
0.000000 
0.000000 
0.000000 
0.000000 
0.000000 
0.000000 
0.000000 
0.000000 
0.000000 
0.000000 
0.000000 
0.000000 
0.000000 
0.000000 
0.000000 
0.000000 
0.000000 
0.000000 
0.000000 
0.000000 
0.000000 
0.000000 
0.000000 
0.000000 
0.000000 
0.000000 
0.000000 
0.000000 
0.000000 
0.000000 
0.000000 
0.000000 
0.000000 
0.000000 
0.000000 
0.000000 
0.000000 
0.000000 
0.000000 
0.000000 
0.000000 
0.000000 
0.000000 
0.000000 
0.000000 
0.000000 
0.000000 
0.000000 
0.000000 
0.000000 
0.000000 
0.000000 
0.000000 
0.000000 
0.000000 
0.000000 
0.000000 
0.000000 
0.000000 
0.000000 
0.000000 
0.000000 
0.000000 
0.000000 
0.000000 
0.000000 
0.000000 
0.000000 
0.000000 
0.000000 
0.000000 
0.000000 
0.000000 
0.000000 
0.000000 
0.000000 
0.000000 
0.000000 
0.000000 
0.000000 
0.000000 
0.000000 
0.000000 
0.000000 
0.000000 
0.000000 
0.000000 
0.000000 
0.000000 
0.000000 
0.000000 
0.000000 
0.000000 
0.000000 
0.000000 
0.000000 
0.000000 
0.000000 
0.000000 
0.000000 
0.000000 
0.000000 
0.000000 
