0.036000 
0.036000 
0.036000 
0.036000 
0.036000 
0.036000 
0.036000 
0.036000 
0.036000 
0.036000 
0.036000 
0.036000 
0.036000 
0.036000 
0.036000 
0.036000 
0.036000 
0.036000 
0.036000 
0.036000 
0.036000 
0.036000 
0.036000 
0.036000 
0.036000 
0.036000 
0.036000 
0.036000 
0.036000 
0.036000 
0.036000 
0.036000 
0.036000 
0.036000 
0.036000 
0.036000 
0.036000 
0.036000 
0.036000 
0.036000 
0.036000 
0.036000 
0.036000 
0.036000 
0.036000 
0.036000 
0.036000 
0.036000 
0.036000 
0.036000 
0.036000 
0.036000 
0.036000 
0.036000 
0.036000 
0.036000 
0.036000 
0.036000 
0.036000 
0.036000 
0.036000 
0.036000 
0.036000 
0.036000 
0.036000 
0.036000 
0.036000 
0.036000 
0.036000 
0.036000 
0.036000 
0.036000 
0.036000 
0.036000 
0.036000 
0.036000 
0.036000 
0.036000 
0.036000 
0.036000 
0.036000 
0.036000 
0.036000 
0.036000 
0.036000 
0.036000 
0.036000 
0.036000 
0.036000 
0.036000 
0.036000 
0.036000 
0.036000 
0.036000 
0.036000 
0.036000 
0.036000 
0.036000 
0.036000 
0.036000 
0.036000 
0.036000 
0.036000 
0.036000 
0.036000 
0.036000 
0.036000 
0.036000 
0.036000 
0.036000 
0.036000 
0.036000 
0.036000 
0.036000 
0.036000 
0.036000 
0.036000 
0.036000 
0.036000 
0.036000 
0.036000 
0.036000 
0.036000 
0.036000 
0.036000 
0.036000 
0.036000 
0.036000 
0.036000 
0.036000 
0.036000 
0.036000 
0.036000 
0.036000 
0.036000 
0.036000 
0.036000 
0.036000 
0.036000 
0.036000 
0.036000 
0.036000 
0.036000 
0.036000 
0.036000 
0.036000 
0.036000 
0.036000 
0.036000 
0.036000 
0.036000 
0.036000 
0.036000 
0.036000 
0.036000 
0.036000 
0.036000 
0.036000 
0.036000 
0.036000 
0.036000 
0.036000 
0.036000 
0.036000 
0.036000 
0.036000 
0.036000 
0.036000 
0.036000 
0.036000 
0.036000 
0.036000 
0.036000 
0.036000 
0.036000 
0.036000 
0.036000 
0.036000 
0.036000 
0.036000 
0.036000 
0.036000 
0.036000 
0.036000 
0.036000 
0.036000 
0.036000 
0.036000 
0.036000 
0.036000 
0.036000 
0.036000 
0.036000 
0.036000 
0.036000 
0.036000 
0.036000 
0.036000 
0.036000 
0.036000 
0.036000 
0.036000 
0.036000 
0.036000 
0.036000 
0.036000 
0.036000 
0.036000 
0.036000 
0.036000 
0.036000 
0.036000 
0.036000 
0.036000 
0.036000 
0.036000 
0.036000 
0.036000 
0.036000 
0.036000 
0.036000 
0.036000 
0.036000 
0.036000 
0.036000 
0.036000 
0.036000 
0.036000 
0.036000 
0.036000 
0.036000 
0.036000 
0.036000 
0.036000 
0.036000 
0.036000 
0.036000 
0.036000 
0.036000 
0.036000 
0.036000 
0.036000 
0.036000 
0.036000 
0.036000 
0.036000 
0.036000 
0.036000 
0.036000 
0.036000 
0.036000 
0.036000 
0.036000 
0.036000 
0.036000 
0.036000 
0.036000 
0.036000 
0.036000 
0.036000 
0.036000 
0.036000 
0.036000 
0.036000 
0.036000 
0.036000 
0.036000 
0.036000 
0.036000 
0.036000 
0.036000 
0.036000 
0.036000 
0.036000 
0.036000 
0.036000 
0.036000 
0.036000 
0.036000 
0.036000 
0.039049 
0.047187 
0.058900 
0.072675 
0.087000 
0.107877 
0.137276 
0.167637 
0.191399 
0.201000 
0.201000 
0.201000 
0.201000 
0.201000 
0.201000 
0.201546 
0.202848 
0.204402 
0.205704 
0.206250 
0.188544 
0.146322 
0.095928 
0.053706 
0.036000 
0.036000 
0.036000 
0.036000 
0.036000 
0.036000 
0.036000 
0.036000 
0.036000 
0.036000 
0.036000 
0.036000 
0.036000 
0.036000 
0.036000 
0.036000 
0.036000 
0.036000 
0.036000 
0.036000 
0.036000 
0.036000 
0.036000 
0.036000 
0.036000 
0.036000 
0.036000 
0.036000 
0.036000 
0.036000 
0.036000 
0.036000 
0.036000 
0.036000 
0.036000 
0.036000 
0.036000 
0.036000 
0.036000 
0.036000 
0.036000 
0.036000 
0.036000 
0.036000 
0.036000 
0.036000 
0.036000 
0.036000 
0.036000 
0.036000 
0.036000 
0.036000 
0.036000 
0.036000 
0.036000 
0.036000 
0.036000 
0.036000 
0.036000 
0.036000 
0.036000 
0.036000 
0.036000 
0.036000 
0.036000 
0.036000 
0.036000 
0.036000 
0.036000 
0.036000 
0.036000 
0.036000 
0.036000 
0.036000 
0.036000 
0.036000 
0.036000 
0.036000 
0.036000 
0.036000 
0.036000 
0.036000 
0.036000 
0.036000 
0.036000 
0.036000 
0.036000 
0.036000 
0.036000 
0.036000 
0.036000 
0.036000 
0.036000 
0.036000 
0.036000 
0.036000 
0.036000 
0.036000 
0.036000 
0.036000 
0.036000 
0.036000 
0.036000 
0.036000 
0.036000 
0.036000 
0.036000 
0.036000 
0.036000 
0.036000 
0.036000 
0.036000 
0.036000 
0.036000 
0.036000 
0.036000 
0.036000 
0.036000 
0.036000 
0.036000 
0.036000 
0.036000 
0.036000 
0.036000 
0.036000 
0.036000 
0.036000 
0.036000 
0.036000 
0.036000 
0.036000 
0.036000 
0.036000 
0.036000 
0.036000 
0.036000 
0.036000 
0.036000 
0.036000 
0.036000 
0.036000 
0.036000 
0.036000 
0.036000 
0.036000 
0.036000 
0.048480 
0.078240 
0.113760 
0.143520 
0.156000 
0.156000 
0.156000 
0.156000 
0.156000 
0.156000 
0.156000 
0.156000 
0.156000 
0.156000 
0.156000 
0.156000 
0.156000 
0.156000 
0.156000 
0.156000 
0.143520 
0.113760 
0.078240 
0.048480 
0.036000 
0.036000 
0.036000 
0.036000 
0.036000 
0.036000 
0.036000 
0.036000 
0.036000 
0.036000 
0.036000 
0.036000 
0.036000 
0.036000 
0.036000 
0.036000 
0.036000 
0.036000 
0.036000 
0.036000 
0.036000 
0.036000 
0.036000 
0.036000 
0.036000 
0.036000 
0.036000 
0.036000 
0.036000 
0.036000 
0.036000 
0.036000 
0.036000 
0.036000 
0.036000 
0.036000 
0.036000 
0.036000 
0.036000 
0.036000 
0.036000 
0.036000 
0.036000 
0.036000 
0.036000 
0.036000 
0.036000 
0.036000 
0.036000 
0.036000 
0.036000 
0.036000 
0.036000 
0.036000 
0.036000 
0.036000 
0.036000 
0.036000 
0.036000 
0.036000 
0.036000 
0.036000 
0.036000 
0.036000 
0.036000 
0.036000 
0.036000 
0.036000 
0.036000 
0.036000 
0.036000 
0.036000 
0.036000 
0.036000 
0.036000 
0.036000 
0.036000 
0.036000 
0.036000 
0.036000 
0.036000 
0.036000 
0.036000 
0.036000 
0.036000 
0.036000 
0.036000 
0.036000 
0.036000 
0.036000 
0.036000 
0.036000 
0.036000 
0.036000 
0.036000 
0.036000 
0.036000 
0.036000 
0.036000 
0.036000 
0.036000 
0.036000 
0.036000 
0.036000 
0.036000 
0.036000 
0.036000 
0.036000 
0.036000 
0.036000 
0.036000 
0.036000 
0.036000 
0.036000 
0.036000 
0.036000 
0.036000 
0.036000 
0.036000 
0.036000 
0.036000 
0.036000 
0.036000 
0.036000 
0.036000 
0.036000 
0.036000 
0.036000 
0.036000 
0.036000 
0.036000 
0.036000 
0.036000 
0.036000 
0.036000 
0.036000 
0.036000 
0.036000 
0.036000 
0.036000 
0.036000 
0.036000 
0.036000 
0.036000 
0.036000 
0.036000 
0.036000 
0.036000 
0.036000 
0.036000 
0.036000 
0.036000 
0.036000 
0.036000 
0.036000 
0.036000 
0.036000 
0.036000 
0.036000 
0.036000 
0.036000 
0.036000 
0.036000 
0.036000 
0.036000 
0.036000 
0.036000 
0.036000 
0.036000 
0.036000 
0.036000 
0.036000 
0.036000 
0.036000 
0.036000 
0.036000 
0.036000 
0.036000 
0.036000 
0.036000 
0.036000 
0.036000 
0.036000 
0.036000 
0.036000 
0.036000 
0.036000 
0.036000 
0.036000 
0.036000 
0.036000 
0.036000 
0.036000 
0.036000 
0.036000 
0.036000 
0.036000 
0.036000 
0.036000 
0.036000 
0.036000 
0.036000 
0.036000 
0.036000 
0.036000 
0.036000 
0.036000 
0.036000 
0.036000 
0.036000 
0.036000 
0.036000 
0.036000 
0.036000 
0.036000 
0.036000 
0.036000 
0.036000 
0.036000 
0.036000 
0.036000 
0.036000 
0.036000 
0.036000 
0.036000 
0.036000 
0.036000 
0.036000 
0.036000 
0.036000 
0.036000 
0.036000 
0.036000 
0.036000 
0.036000 
0.036000 
0.036000 
0.036000 
0.036000 
0.036000 
0.036000 
0.036000 
0.036000 
0.036000 
0.036000 
0.036000 
0.036000 
0.036000 
0.036000 
0.036000 
0.036000 
0.036000 
0.036000 
0.036000 
0.036000 
0.036000 
0.036000 
0.036000 
0.036000 
0.036000 
0.036000 
0.036000 
0.036000 
0.036000 
0.036000 
0.036000 
0.036000 
0.036000 
0.036000 
0.036000 
0.036000 
0.036000 
0.036000 
0.036000 
0.036000 
0.036000 
0.036000 
0.036000 
0.036000 
0.036000 
0.036000 
0.036000 
0.036000 
0.036000 
0.036000 
0.036000 
0.036000 
0.036000 
0.036000 
0.036000 
0.036000 
0.036000 
0.036000 
0.036000 
0.036000 
0.036000 
0.036000 
0.036000 
0.036000 
0.036000 
0.036000 
0.036000 
0.036000 
0.036000 
0.036000 
0.036000 
0.036000 
0.036000 
0.036000 
0.036000 
0.036000 
0.036000 
0.036000 
0.036000 
0.036000 
0.036000 
0.036000 
0.036000 
0.036000 
0.036000 
0.036000 
0.036000 
0.036000 
0.036000 
0.036000 
0.036000 
0.036000 
0.036000 
0.036000 
0.036000 
0.036000 
0.036000 
0.036000 
0.036000 
0.036000 
0.036000 
0.036000 
0.036000 
0.036000 
0.036000 
0.036000 
0.036000 
0.036000 
0.036000 
0.036000 
0.036000 
0.036000 
0.036000 
0.036000 
0.036000 
0.036000 
0.036000 
0.036000 
0.036000 
0.036000 
0.036000 
0.036000 
0.036000 
0.036000 
0.036000 
0.036000 
0.036000 
0.036000 
0.036000 
0.036000 
0.036000 
0.036000 
0.036000 
0.036000 
0.036000 
0.036000 
0.036000 
0.036000 
0.036000 
0.036000 
0.036000 
0.036000 
0.036000 
0.036000 
0.036000 
0.036000 
0.036000 
0.036000 
0.036000 
0.036000 
0.036000 
0.036000 
0.036000 
0.036000 
0.036000 
0.036000 
0.036000 
0.036000 
0.036000 
0.036000 
0.036000 
0.036000 
0.036000 
0.036000 
0.036000 
0.036000 
0.036000 
0.036000 
0.036000 
0.036000 
0.036000 
0.036000 
0.036000 
0.036000 
0.036000 
0.036000 
0.036000 
0.036000 
0.036000 
0.036000 
0.036000 
0.036000 
0.036000 
0.036000 
0.036000 
0.036000 
0.036000 
0.036000 
0.036000 
0.036000 
0.036000 
0.036000 
0.036000 
0.036000 
0.036000 
0.036000 
0.036000 
0.036000 
0.036000 
0.036000 
0.036000 
0.036000 
0.036000 
0.036000 
0.036000 
0.036000 
0.036000 
0.036000 
0.036000 
0.036000 
0.036000 
0.036000 
0.036000 
0.036000 
0.036000 
0.036000 
0.036000 
0.036000 
0.036000 
0.036000 
0.036000 
0.048480 
0.078240 
0.113760 
0.143520 
0.156000 
0.156000 
0.156000 
0.156000 
0.156000 
0.156000 
0.156000 
0.156000 
0.156000 
0.156000 
0.156000 
0.156000 
0.156000 
0.156000 
0.156000 
0.156000 
0.156000 
0.156000 
0.156000 
0.156000 
0.156000 
0.156000 
0.156000 
0.156000 
0.156000 
0.156000 
0.156000 
0.156000 
0.156000 
0.156000 
0.156000 
0.163566 
0.181608 
0.203142 
0.221184 
0.228750 
0.225328 
0.216738 
0.205493 
0.194109 
0.185100 
0.177604 
0.169828 
0.162891 
0.157909 
0.156000 
0.156000 
0.156000 
0.156000 
0.156000 
0.156000 
0.156000 
0.156000 
0.156000 
0.156000 
0.156000 
0.159120 
0.166560 
0.175440 
0.182880 
0.186000 
0.186000 
0.186000 
0.186000 
0.186000 
0.186000 
0.186000 
0.186000 
0.186000 
0.186000 
0.186000 
0.186000 
0.186000 
0.186000 
0.186000 
0.186000 
0.197242 
0.224909 
0.259916 
0.293175 
0.315600 
0.329523 
0.342508 
0.353317 
0.360710 
0.363450 
0.360116 
0.351768 
0.340886 
0.329953 
0.321450 
0.314585 
0.307558 
0.301338 
0.296896 
0.295200 
0.295543 
0.296362 
0.297338 
0.298157 
0.298500 
0.298500 
0.298500 
0.298500 
0.298500 
0.298500 
0.298500 
0.298500 
0.298500 
0.298500 
0.298500 
0.298500 
0.298500 
0.298500 
0.298500 
0.298500 
0.298500 
0.298500 
0.298500 
0.298500 
0.298500 
0.298500 
0.298500 
0.298500 
0.298500 
0.298500 
0.300409 
0.305391 
0.312328 
0.320104 
0.327600 
0.336609 
0.347993 
0.359238 
0.367828 
0.371250 
0.371250 
0.371250 
0.371250 
0.371250 
0.371250 
0.370974 
0.370255 
0.369254 
0.368132 
0.367050 
0.365750 
0.364107 
0.362484 
0.361244 
0.360750 
0.360750 
0.360750 
0.360750 
0.360750 
0.360750 
0.360686 
0.360511 
0.360247 
0.359919 
0.359550 
0.358958 
0.358046 
0.356965 
0.355866 
0.354900 
0.354134 
0.353464 
0.352788 
0.352001 
0.351000 
0.349162 
0.346429 
0.343551 
0.341275 
0.340350 
0.342472 
0.347531 
0.353569 
0.358628 
0.360750 
0.360750 
0.360750 
0.360750 
0.360750 
0.360750 
0.360750 
0.360750 
0.360750 
0.360750 
0.360750 
0.360750 
0.360750 
0.360750 
0.360750 
0.360750 
0.357328 
0.348738 
0.337493 
0.326109 
0.317100 
0.311273 
0.306837 
0.302404 
0.296587 
0.288000 
0.255114 
0.191783 
0.119695 
0.060538 
0.036000 
0.036000 
0.036000 
0.036000 
0.036000 
0.036000 
0.036000 
0.036000 
0.036000 
0.036000 
0.036000 
0.036000 
0.036000 
0.036000 
0.036000 
0.036000 
0.036000 
0.036000 
0.036000 
0.036000 
0.036000 
0.036000 
0.036000 
0.036000 
0.036000 
0.036000 
0.065052 
0.134982 
0.219951 
0.294120 
0.331650 
0.341458 
0.349523 
0.355593 
0.359419 
0.360750 
0.360750 
0.360750 
0.360750 
0.360750 
0.360750 
0.360750 
0.360750 
0.360750 
0.360750 
0.360750 
0.357328 
0.348738 
0.337493 
0.326109 
0.317100 
0.310876 
0.305644 
0.300615 
0.294997 
0.288000 
0.277959 
0.264909 
0.250609 
0.236819 
0.225300 
0.215473 
0.205970 
0.197360 
0.190213 
0.185100 
0.181623 
0.178840 
0.176506 
0.174375 
0.172200 
0.169681 
0.166969 
0.164497 
0.162696 
0.162000 
0.162303 
0.163161 
0.164498 
0.166237 
0.168300 
0.174217 
0.185143 
0.197447 
0.207494 
0.211650 
0.209529 
0.204040 
0.196492 
0.188192 
0.180450 
0.171772 
0.161240 
0.151028 
0.143307 
0.140250 
0.143533 
0.152259 
0.164743 
0.179302 
0.194250 
0.212423 
0.235759 
0.261229 
0.285802 
0.306450 
0.325315 
0.344751 
0.362045 
0.374482 
0.379350 
0.379487 
0.379563 
0.379616 
0.379683 
0.379800 
0.380180 
0.380861 
0.381624 
0.382244 
0.382500 
0.382500 
0.382500 
0.382500 
0.382500 
0.382500 
0.445512 
0.598968 
0.789497 
0.963732 
1.068300 
1.118130 
1.161863 
1.196701 
1.219846 
1.228500 
1.228855 
1.229040 
1.229169 
1.229351 
1.229700 
1.233399 
1.242227 
1.254185 
1.267275 
1.279500 
1.293172 
1.309686 
1.325664 
1.337728 
1.342500 
1.339248 
1.330607 
1.318253 
1.303859 
1.289100 
1.268444 
1.239989 
1.210851 
1.188149 
1.179000 
1.184788 
1.200444 
1.223406 
1.251112 
1.281000 
1.321480 
1.377803 
1.442671 
1.508787 
1.568850 
1.630801 
1.699562 
1.763313 
1.810233 
1.828500 
1.780109 
1.664714 
1.526986 
1.411591 
1.363200 
1.369549 
1.384690 
1.402760 
1.417901 
1.424250 
1.369858 
1.236271 
1.067870 
0.909035 
0.804150 
0.741743 
0.684205 
0.636705 
0.604413 
0.592500 
0.594060 
0.597780 
0.602220 
0.605940 
0.607500 
0.606416 
0.603407 
0.598840 
0.593083 
0.586500 
0.574453 
0.554827 
0.531774 
0.509447 
0.492000 
0.477743 
0.463447 
0.450955 
0.442108 
0.438750 
0.438750 
0.438750 
0.438750 
0.438750 
0.438750 
0.439296 
0.440598 
0.442152 
0.443454 
0.444000 
0.434699 
0.412288 
0.385002 
0.361077 
0.348750 
0.345237 
0.342330 
0.340130 
0.338737 
0.338250 
0.338250 
0.338250 
0.338250 
0.338250 
0.338250 
0.337158 
0.334554 
0.331446 
0.328842 
0.327750 
0.327849 
0.328138 
0.328601 
0.329227 
0.330000 
0.333434 
0.340612 
0.349372 
0.357555 
0.363000 
0.365704 
0.367534 
0.369137 
0.371160 
0.374250 
0.382000 
0.395503 
0.411657 
0.427357 
0.439500 
0.449246 
0.458995 
0.467501 
0.473518 
0.475800 
0.467501 
0.447710 
0.424090 
0.404299 
0.396000 
0.400680 
0.411840 
0.425160 
0.436320 
0.441000 
0.441000 
0.441000 
0.441000 
0.441000 
0.441000 
0.443117 
0.448430 
0.455386 
0.462427 
0.468000 
0.472205 
0.476150 
0.479794 
0.483091 
0.486000 
