0.000000 
0.000000 
0.000000 
0.000000 
0.000000 
0.000000 
0.000000 
0.000000 
0.000000 
0.000000 
0.000000 
0.000000 
0.000000 
0.000000 
0.000000 
0.000000 
0.000000 
0.000000 
0.000000 
0.000000 
0.000000 
0.000000 
0.000000 
0.000000 
0.000000 
0.000000 
0.000000 
0.000000 
0.000000 
0.000000 
0.000000 
0.000000 
0.000000 
0.000000 
0.000000 
0.000000 
0.000000 
0.000000 
0.000000 
0.000000 
0.000000 
0.000000 
0.000000 
0.000000 
0.000000 
0.000000 
0.000000 
0.000000 
0.000000 
0.000000 
0.000000 
0.000000 
0.000000 
0.000000 
0.000000 
0.000000 
0.000000 
0.000000 
0.000000 
0.000000 
0.000000 
0.000000 
0.000000 
0.000000 
0.000000 
0.000000 
0.000000 
0.000000 
0.000000 
0.000000 
0.000000 
0.000000 
0.000000 
0.000000 
0.000000 
0.000000 
0.000000 
0.000000 
0.000000 
0.000000 
0.000000 
0.000000 
0.000000 
0.000000 
0.000000 
0.000000 
0.000000 
0.000000 
0.000000 
0.000000 
0.000000 
0.000000 
0.000000 
0.000000 
0.000000 
0.000000 
0.000000 
0.000000 
0.000000 
0.000000 
0.000000 
0.000000 
0.000000 
0.000000 
0.000000 
0.000000 
0.000000 
0.000000 
0.000000 
0.000000 
0.000000 
0.000000 
0.000000 
0.000000 
0.000000 
0.000000 
0.000000 
0.000000 
0.000000 
0.000000 
0.000000 
0.000000 
0.000000 
0.000000 
0.000000 
0.000000 
0.000000 
0.000000 
0.000000 
0.000000 
0.000000 
0.000000 
0.000000 
0.000000 
0.000000 
0.000000 
0.000000 
0.000000 
0.000000 
0.000000 
0.000000 
0.000000 
0.000000 
0.000000 
0.000000 
0.000000 
0.000000 
0.000000 
0.000000 
0.000000 
0.000000 
0.000000 
0.000000 
0.000000 
0.000000 
0.000000 
0.000000 
0.000000 
0.000000 
0.000000 
0.000000 
0.000000 
0.000000 
0.000000 
0.000000 
0.000000 
0.000000 
0.000000 
0.000000 
0.000000 
0.000000 
0.000000 
0.000000 
0.000000 
0.000000 
0.000000 
0.000000 
0.000000 
0.000000 
0.000000 
0.000000 
0.000000 
0.000000 
0.000000 
0.000000 
0.000000 
0.000000 
0.000000 
0.000000 
0.000000 
0.000000 
0.000000 
0.000000 
0.000000 
0.000000 
0.000000 
0.000000 
0.000000 
0.000000 
0.000000 
0.000000 
0.000000 
0.000000 
0.000000 
0.000000 
0.000000 
0.000000 
0.000000 
0.000000 
0.000000 
0.000000 
0.000000 
0.000000 
0.000000 
0.000000 
0.000000 
0.000000 
0.000000 
0.000000 
0.000000 
0.000000 
0.000000 
0.000000 
0.000000 
0.000000 
0.000028 
0.000130 
0.000268 
0.000353 
0.000635 
0.000752 
0.001062 
0.001627 
0.001800 
0.002257 
0.002858 
0.003202 
0.003851 
0.005886 
0.006517 
0.008326 
0.008986 
0.011048 
0.012086 
0.015713 
0.015618 
0.016006 
0.021293 
0.015738 
0.020747 
0.020459 
0.022412 
0.018772 
0.020301 
0.019857 
0.021138 
0.021228 
0.017354 
0.018778 
0.017682 
0.019145 
0.021179 
0.017293 
0.019201 
0.015575 
0.020912 
0.018719 
0.024029 
0.025154 
0.028744 
0.029440 
0.025306 
0.030747 
0.034243 
0.039765 
0.037472 
0.039748 
0.041267 
0.047833 
0.045457 
0.042280 
0.044365 
0.045602 
0.038871 
0.049288 
0.043535 
0.045642 
0.060109 
0.050895 
0.049083 
0.056830 
0.054205 
0.059504 
0.052935 
0.061163 
0.050399 
0.055891 
0.065623 
0.059635 
0.051279 
0.073144 
0.060649 
0.057301 
0.069725 
0.065449 
0.061679 
0.071842 
0.069081 
0.069848 
0.058301 
0.072758 
0.075850 
0.069929 
0.079045 
0.087622 
0.076583 
0.080830 
0.084816 
0.084446 
0.086485 
0.090291 
0.082632 
0.083484 
0.101110 
0.099270 
0.095242 
0.110164 
0.101921 
0.120679 
0.159049 
0.132285 
0.157733 
0.172785 
0.184222 
0.185152 
0.166459 
0.241071 
0.210520 
0.216774 
0.244742 
0.182556 
0.196097 
0.200747 
0.190264 
0.173326 
0.205335 
0.183046 
0.184427 
0.176835 
0.162380 
0.188047 
0.204200 
0.226064 
0.248443 
0.267015 
0.234620 
0.232924 
0.227771 
0.247758 
0.229478 
0.270636 
0.274399 
0.333711 
0.427250 
0.329297 
0.410859 
0.467259 
0.384191 
0.389865 
0.384541 
0.448112 
0.499604 
0.487186 
0.734293 
0.560134 
0.716046 
0.709056 
0.608736 
0.562206 
0.494934 
0.430586 
0.528247 
0.620257 
0.412619 
0.417172 
0.521962 
0.496257 
0.556451 
0.523987 
0.563732 
0.575680 
0.522596 
0.399062 
0.422118 
0.487730 
0.417551 
0.447223 
0.458646 
0.487764 
0.473640 
0.539624 
0.718723 
0.600167 
0.728339 
0.511193 
0.749491 
0.635373 
0.565320 
0.627849 
0.679959 
0.621178 
0.495159 
0.470334 
0.530414 
0.451670 
0.546339 
0.575246 
0.559927 
0.548975 
0.636848 
0.612232 
0.628891 
0.760198 
0.803640 
0.881233 
0.841489 
0.826462 
0.797197 
0.667708 
0.642464 
0.830463 
0.566135 
0.780802 
0.761632 
0.866405 
0.871576 
0.932790 
1.015376 
1.007071 
1.044833 
0.971234 
1.018140 
0.878756 
0.785645 
0.987882 
0.948631 
1.075353 
0.976986 
1.182440 
0.972296 
1.024891 
1.180046 
1.153677 
1.060370 
1.103762 
0.989590 
0.954750 
1.118385 
1.265717 
1.469692 
1.412130 
1.142166 
1.087708 
0.954223 
0.920166 
0.728689 
0.704441 
0.547058 
0.487641 
0.440873 
0.418805 
0.605914 
0.704411 
0.848221 
1.158550 
1.103697 
1.225409 
0.939619 
1.017977 
1.146746 
1.265735 
0.940856 
1.206511 
0.984389 
1.044802 
0.903587 
1.118594 
1.165404 
1.176876 
1.235895 
1.125998 
1.160440 
0.966564 
1.150777 
1.142788 
1.318437 
1.034445 
1.209039 
1.201051 
0.882297 
1.118617 
0.881850 
1.124018 
1.046081 
0.940760 
0.955359 
1.149783 
1.051328 
1.231536 
1.394147 
1.059177 
1.246630 
0.927485 
0.603851 
0.528862 
0.472100 
0.363857 
0.285150 
0.230930 
0.196231 
0.236430 
0.420683 
0.558648 
0.816203 
0.801615 
1.049400 
0.893894 
1.069746 
1.273338 
1.347175 
1.221264 
1.420372 
1.237120 
1.377461 
1.411299 
1.354960 
1.503082 
1.241352 
1.433911 
1.227798 
1.780554 
1.377988 
1.378965 
1.195224 
1.291958 
1.430059 
1.401098 
1.415841 
1.116100 
1.287495 
1.356444 
1.425765 
1.460012 
1.393098 
1.423990 
1.503491 
1.378282 
1.623930 
1.568112 
1.375009 
1.647704 
1.586965 
1.514083 
1.485222 
1.738506 
1.644704 
1.298752 
1.608540 
1.628917 
1.319842 
1.569669 
1.295067 
1.334291 
1.574852 
1.833626 
1.530704 
1.625367 
1.685147 
1.497980 
1.723260 
1.534324 
1.525518 
1.466526 
1.688017 
1.916523 
1.465998 
1.623885 
1.668949 
1.589342 
1.545703 
1.550231 
1.340468 
1.644434 
1.684784 
1.797532 
1.747406 
1.283463 
1.384647 
0.962438 
0.919461 
1.085565 
0.907700 
0.981479 
1.156015 
1.123391 
1.466666 
1.195130 
1.424233 
1.630479 
1.655226 
1.752089 
1.728495 
1.595855 
1.586297 
1.756722 
1.516820 
1.433321 
1.385223 
1.111157 
1.068149 
0.969995 
0.948362 
0.858428 
0.696501 
0.733348 
0.907903 
1.152346 
1.645959 
2.130519 
2.051551 
2.014691 
1.804155 
2.107096 
1.787630 
1.477131 
1.349844 
1.558473 
1.332222 
1.351223 
1.111230 
1.265062 
1.214730 
1.633717 
1.867427 
1.838130 
1.657406 
1.878503 
1.707957 
1.577520 
1.634536 
1.743654 
1.745282 
1.831151 
1.720975 
1.559518 
1.661534 
1.771755 
1.521714 
1.751267 
1.765451 
1.997296 
1.835621 
1.657422 
1.493456 
1.544344 
1.179778 
0.861729 
0.606121 
0.374263 
0.466005 
0.325913 
0.404089 
0.402531 
0.406822 
0.330570 
0.452387 
0.588704 
1.072781 
1.341290 
1.367790 
1.590649 
1.752812 
1.729031 
1.572662 
1.705187 
1.673740 
1.907955 
2.066194 
1.949720 
2.081830 
1.942955 
1.872060 
1.840744 
1.601688 
1.820563 
2.021224 
2.079039 
1.733476 
1.786092 
1.719427 
1.462712 
2.014513 
1.888557 
1.652565 
1.636226 
1.637105 
1.352686 
0.884923 
0.692549 
0.401836 
0.588401 
0.556246 
0.627973 
0.793820 
0.902097 
1.041406 
1.055819 
1.069686 
0.915344 
1.000187 
1.063281 
0.923896 
1.035917 
0.691063 
0.650689 
0.768304 
0.869418 
0.955922 
1.037048 
1.276125 
1.361705 
1.362378 
1.354362 
1.899167 
1.533309 
1.274528 
1.185491 
0.990160 
0.802040 
0.788992 
0.716031 
0.728488 
0.736341 
0.839798 
0.760973 
0.777326 
0.804715 
0.612947 
0.575892 
0.683470 
0.638524 
0.838772 
0.686437 
0.844436 
0.959839 
0.828805 
0.763059 
1.077588 
1.041531 
1.115274 
1.218011 
1.666391 
1.636261 
1.905704 
2.096929 
2.073595 
1.937313 
1.809235 
1.810044 
1.556232 
1.346583 
0.958722 
0.945866 
0.739921 
0.597291 
0.562462 
0.523784 
0.559491 
0.557680 
0.463603 
0.497241 
0.629426 
0.958955 
0.837334 
1.027000 
1.183167 
1.843244 
1.528471 
2.220314 
2.475004 
1.875249 
1.848334 
1.775532 
1.861148 
2.035811 
1.960071 
1.756934 
1.819637 
1.701595 
1.860511 
1.749117 
1.849065 
1.915259 
1.921542 
2.164213 
1.806010 
1.591710 
1.910343 
1.520528 
1.535916 
1.595072 
1.641005 
2.249835 
1.583860 
1.763394 
1.677230 
1.985222 
1.889717 
1.916998 
1.720639 
1.737069 
1.613099 
1.793850 
1.694244 
1.605633 
1.603989 
1.747030 
1.494184 
1.410947 
1.144641 
1.350926 
1.596137 
1.532292 
1.688445 
1.578886 
1.838128 
1.435307 
1.703667 
1.821202 
1.741735 
1.714551 
1.784310 
1.682737 
1.550991 
1.739769 
1.479509 
1.882116 
1.453702 
1.763197 
1.896227 
1.508072 
1.635929 
1.306154 
1.646160 
1.248262 
1.082742 
1.190925 
1.051466 
1.088834 
1.050488 
1.159080 
1.123780 
1.388690 
1.615208 
1.757346 
1.576378 
1.650154 
1.797784 
1.480866 
1.587514 
1.550012 
1.518096 
1.702133 
1.637313 
1.745901 
1.612761 
1.674157 
1.734008 
1.889195 
1.308687 
1.390708 
1.764224 
1.326108 
1.380672 
1.215688 
1.327253 
1.318149 
1.132285 
1.462901 
1.284039 
1.260833 
1.213279 
1.059563 
1.063794 
0.893016 
1.243577 
1.491921 
1.196342 
1.441446 
1.658783 
1.248347 
1.280315 
1.549829 
1.102805 
1.368825 
1.280462 
0.997905 
0.830453 
0.689351 
0.516516 
0.516604 
0.451951 
0.446029 
0.375263 
0.380622 
0.493817 
0.444367 
0.335402 
0.364890 
0.403780 
0.429494 
0.473289 
0.467132 
0.498950 
0.575393 
0.533842 
0.496221 
0.668585 
0.853477 
1.003013 
0.965864 
1.151387 
1.326150 
1.398181 
1.198248 
1.262017 
1.243255 
1.216238 
1.043894 
0.916823 
0.842427 
0.835242 
0.800264 
0.914340 
0.834089 
0.726889 
0.762751 
0.641685 
0.715860 
0.619936 
0.625070 
0.759594 
0.804531 
0.811665 
0.889138 
0.881543 
0.987756 
1.246834 
1.233004 
1.321850 
1.134097 
1.326212 
1.261496 
1.143615 
1.232332 
1.115985 
1.064990 
0.984220 
0.814301 
0.773125 
0.730412 
0.848447 
0.839397 
0.711508 
0.814294 
0.873632 
0.784526 
0.697189 
0.767916 
0.801158 
0.982156 
0.891324 
0.937422 
0.922105 
0.945919 
0.875360 
0.964287 
0.835167 
0.860006 
0.918178 
0.965856 
0.897908 
0.784075 
0.676600 
0.565146 
0.599973 
0.612422 
0.686852 
0.886153 
0.740332 
0.883412 
0.756000 
0.480742 
0.479994 
0.463214 
0.513271 
0.451461 
0.583529 
0.544342 
0.442753 
0.563886 
0.620226 
0.547702 
0.560664 
0.465507 
0.518837 
0.522489 
0.394347 
0.518633 
0.522108 
0.511733 
0.460812 
0.359979 
0.432130 
0.339507 
0.428575 
0.353619 
0.340770 
0.312147 
0.357695 
0.289897 
0.193897 
0.245849 
0.223263 
0.212137 
0.208399 
0.176164 
0.180524 
0.196129 
0.167078 
0.171139 
0.178945 
0.163243 
0.162499 
0.170152 
0.169202 
0.183315 
0.171868 
0.137007 
0.200380 
0.203255 
0.132511 
0.195824 
0.183012 
0.193104 
0.196101 
0.191942 
0.191737 
0.195228 
0.215093 
0.228907 
0.193096 
0.227961 
0.245055 
0.248833 
0.271026 
0.229265 
0.214264 
0.298991 
0.295655 
0.318446 
0.218467 
0.331451 
0.360709 
0.336237 
0.292594 
0.307262 
0.304593 
0.329510 
0.295501 
0.302569 
0.307590 
0.330943 
0.343965 
0.304709 
0.412649 
0.370835 
0.341063 
0.489085 
0.443308 
0.405376 
0.594041 
0.579001 
0.659900 
0.504204 
0.653497 
0.617714 
0.680899 
0.655489 
0.566259 
0.558675 
0.445677 
0.345806 
0.311327 
0.300455 
0.307199 
0.261781 
0.279184 
0.314185 
0.260977 
0.218751 
0.224351 
0.209131 
0.189763 
0.146549 
0.168687 
0.167799 
0.122715 
0.123098 
0.131202 
0.116993 
0.119663 
0.120558 
0.106703 
0.127264 
0.115874 
0.101347 
0.135376 
0.123458 
0.132792 
0.122840 
0.143353 
0.125111 
0.138253 
0.115051 
0.120059 
0.140497 
0.114614 
0.116398 
0.125254 
0.118233 
0.123901 
0.098412 
0.139355 
0.134699 
0.123977 
0.138144 
0.122096 
0.116027 
0.109130 
0.125066 
0.101754 
0.093430 
0.073343 
0.077325 
0.079123 
0.074350 
0.065014 
0.058008 
0.061760 
0.056803 
0.051008 
0.068694 
0.060177 
0.051971 
0.061015 
0.051133 
0.062236 
0.054651 
0.047915 
0.043392 
0.050111 
0.045473 
0.050533 
0.046208 
0.034356 
0.030904 
0.037597 
0.030826 
0.028422 
0.029616 
0.031399 
0.031338 
0.026288 
0.021035 
0.017452 
0.020453 
0.019065 
0.016655 
0.015072 
0.015398 
0.012479 
0.012275 
0.012174 
0.013109 
0.011941 
0.013061 
0.012124 
0.011411 
0.013620 
0.011118 
0.010533 
0.012830 
0.013209 
0.012912 
0.013374 
0.011991 
0.013206 
0.011962 
0.013567 
0.010154 
0.008492 
0.007133 
0.007294 
0.005727 
0.006137 
0.005042 
0.004868 
0.004739 
0.004491 
0.005134 
0.004990 
0.003954 
0.004409 
0.004254 
0.005392 
0.003709 
0.004105 
0.003992 
0.004191 
0.004042 
0.003843 
0.004176 
0.003133 
0.002947 
0.002403 
0.002116 
0.001976 
0.001836 
0.001409 
0.001036 
0.000802 
0.000521 
0.000284 
0.000144 
0.000110 
0.000063 
0.000024 
0.000007 
0.000000 
0.000000 
0.000000 
0.000000 
0.000000 
0.000000 
0.000000 
0.000000 
0.000000 
0.000000 
0.000000 
0.000000 
0.000000 
0.000000 
0.000000 
0.000000 
0.000000 
0.000000 
0.000000 
0.000000 
0.000000 
0.000000 
0.000000 
0.000000 
0.000000 
0.000000 
0.000000 
0.000000 
0.000000 
0.000000 
0.000000 
0.000000 
0.000000 
0.000000 
0.000000 
0.000000 
0.000000 
0.000000 
0.000000 
0.000000 
0.000000 
0.000000 
0.000000 
0.000000 
0.000000 
0.000000 
0.000000 
0.000000 
0.000000 
0.000000 
0.000000 
0.000000 
0.000000 
0.000000 
0.000000 
0.000000 
0.000000 
0.000000 
0.000000 
0.000000 
0.000000 
0.000000 
0.000000 
0.000000 
0.000000 
0.000000 
0.000000 
0.000000 
0.000000 
0.000000 
0.000000 
0.000000 
0.000000 
0.000000 
0.000000 
0.000000 
0.000000 
0.000000 
0.000000 
0.000000 
0.000000 
0.000000 
0.000000 
0.000000 
0.000000 
0.000000 
0.000000 
0.000000 
0.000000 
0.000000 
0.000000 
0.000000 
0.000000 
0.000000 
0.000000 
0.000000 
0.000000 
0.000000 
0.000000 
0.000000 
0.000000 
0.000000 
0.000000 
0.000000 
0.000000 
0.000000 
0.000000 
0.000000 
0.000000 
0.000000 
0.000000 
0.000000 
0.000000 
0.000000 
0.000000 
0.000000 
0.000000 
0.000000 
0.000000 
0.000000 
0.000000 
0.000000 
0.000000 
0.000000 
0.000000 
0.000000 
0.000000 
0.000000 
0.000000 
0.000000 
0.000000 
0.000000 
0.000000 
0.000000 
0.000000 
0.000000 
0.000000 
0.000000 
0.000000 
0.000000 
0.000000 
0.000000 
0.000000 
0.000000 
0.000000 
0.000000 
0.000000 
0.000000 
0.000000 
0.000000 
0.000000 
0.000000 
0.000000 
0.000000 
0.000000 
0.000000 
0.000000 
0.000000 
0.000000 
0.000000 
0.000000 
0.000000 
0.000000 
0.000000 
0.000000 
0.000000 
0.000000 
0.000000 
0.000000 
0.000000 
0.000000 
0.000000 
0.000000 
0.000000 
0.000000 
0.000000 
0.000000 
0.000000 
0.000000 
0.000000 
0.000000 
0.000000 
0.000000 
0.000000 
0.000000 
0.000000 
0.000000 
0.000000 
0.000000 
0.000000 
0.000000 
