0.000000 
0.000000 
0.000000 
0.000000 
0.000000 
0.000000 
0.000000 
0.000000 
0.000000 
0.000000 
0.000000 
0.000000 
0.000000 
0.000000 
0.000000 
0.000000 
0.000000 
0.000000 
0.000000 
0.000000 
0.000000 
0.000000 
0.000000 
0.000000 
0.000000 
0.000000 
0.000000 
0.000000 
0.000000 
0.000000 
0.000000 
0.000000 
0.000000 
0.000000 
0.000000 
0.000000 
0.000000 
0.000000 
0.000000 
0.000000 
0.000000 
0.000000 
0.000000 
0.000000 
0.000000 
0.000000 
0.000000 
0.000000 
0.000000 
0.000000 
0.000000 
0.000000 
0.000000 
0.000000 
0.000000 
0.000000 
0.000000 
0.000000 
0.000000 
0.000000 
0.000000 
0.000000 
0.000000 
0.000000 
0.000000 
0.000000 
0.000000 
0.000000 
0.000000 
0.000000 
0.000000 
0.000000 
0.000000 
0.000000 
0.000000 
0.000000 
0.000000 
0.000000 
0.000000 
0.000000 
0.000000 
0.000000 
0.000000 
0.000000 
0.000000 
0.000000 
0.000000 
0.000000 
0.000000 
0.000000 
0.000000 
0.000000 
0.000000 
0.000000 
0.000000 
0.000000 
0.000000 
0.000000 
0.000000 
0.000000 
0.000000 
0.000000 
0.000000 
0.000000 
0.000000 
0.000000 
0.000000 
0.000000 
0.000000 
0.000000 
0.000000 
0.000000 
0.000000 
0.000000 
0.000000 
0.000000 
0.000000 
0.000000 
0.000000 
0.000000 
0.000000 
0.000000 
0.000000 
0.000000 
0.000000 
0.000000 
0.000000 
0.000000 
0.000000 
0.000000 
0.000000 
0.000000 
0.000000 
0.000000 
0.000000 
0.000000 
0.000000 
0.000000 
0.000000 
0.000000 
0.000000 
0.000000 
0.000000 
0.000000 
0.000000 
0.000000 
0.000000 
0.000000 
0.000000 
0.000000 
0.000000 
0.000000 
0.000000 
0.000000 
0.000000 
0.000000 
0.000000 
0.000000 
0.000000 
0.000000 
0.000000 
0.000000 
0.000000 
0.000000 
0.000000 
0.000000 
0.000000 
0.000000 
0.000000 
0.000000 
0.000000 
0.000000 
0.000000 
0.000000 
0.000000 
0.000000 
0.000000 
0.000000 
0.000000 
0.000000 
0.000000 
0.000000 
0.000000 
0.000000 
0.000000 
0.000000 
0.000000 
0.000000 
0.000000 
0.000000 
0.000000 
0.000000 
0.000000 
0.000000 
0.000000 
0.000000 
0.000000 
0.000000 
0.000000 
0.000000 
0.000000 
0.000000 
0.000000 
0.000000 
0.000000 
0.000000 
0.000000 
0.000000 
0.000000 
0.000000 
0.000000 
0.000000 
0.000000 
0.000000 
0.000000 
0.000000 
0.000000 
0.000000 
0.000000 
0.000000 
0.000000 
0.000000 
0.000000 
0.000000 
0.000000 
0.000016 
0.000057 
0.000116 
0.000194 
0.000304 
0.000395 
0.000562 
0.000708 
0.001138 
0.001254 
0.001297 
0.001838 
0.002192 
0.002550 
0.003169 
0.003973 
0.005331 
0.005601 
0.005639 
0.007910 
0.009181 
0.010175 
0.009284 
0.010116 
0.010852 
0.009946 
0.007980 
0.009620 
0.009880 
0.010790 
0.010581 
0.009204 
0.010901 
0.009483 
0.011409 
0.008679 
0.009608 
0.008516 
0.009189 
0.011952 
0.010419 
0.011616 
0.012622 
0.012842 
0.013293 
0.015978 
0.014388 
0.015757 
0.014436 
0.017498 
0.019234 
0.019365 
0.018230 
0.022273 
0.023714 
0.019714 
0.020137 
0.022110 
0.022525 
0.023789 
0.021595 
0.022618 
0.023518 
0.023143 
0.023983 
0.020474 
0.024291 
0.028933 
0.026852 
0.029528 
0.028547 
0.030692 
0.028525 
0.030532 
0.027721 
0.029513 
0.031481 
0.026711 
0.030652 
0.027430 
0.030389 
0.033876 
0.021405 
0.032519 
0.041293 
0.029216 
0.043302 
0.034927 
0.035379 
0.040392 
0.038323 
0.035995 
0.041241 
0.046057 
0.048225 
0.044480 
0.042537 
0.043439 
0.049436 
0.047745 
0.050376 
0.060459 
0.059638 
0.065238 
0.063391 
0.059427 
0.087915 
0.091421 
0.078661 
0.099370 
0.081618 
0.101167 
0.099934 
0.108024 
0.112467 
0.104351 
0.090545 
0.079738 
0.095436 
0.082287 
0.094000 
0.102554 
0.089037 
0.083612 
0.108104 
0.094555 
0.115527 
0.101165 
0.122892 
0.111203 
0.127389 
0.135237 
0.128494 
0.131382 
0.161476 
0.143579 
0.144269 
0.165248 
0.213253 
0.198218 
0.232826 
0.224482 
0.188436 
0.185149 
0.195253 
0.208784 
0.230146 
0.301893 
0.355377 
0.292495 
0.279865 
0.346589 
0.263125 
0.260869 
0.229373 
0.241953 
0.262287 
0.289491 
0.249518 
0.235356 
0.250380 
0.253651 
0.261457 
0.250408 
0.243369 
0.280113 
0.240534 
0.190516 
0.240218 
0.190342 
0.235903 
0.248515 
0.257867 
0.198063 
0.239147 
0.225750 
0.279568 
0.295376 
0.293137 
0.293836 
0.305650 
0.298656 
0.279376 
0.314189 
0.272511 
0.285509 
0.224728 
0.272118 
0.261184 
0.225302 
0.265805 
0.204607 
0.345938 
0.294689 
0.328603 
0.341674 
0.366835 
0.390686 
0.285545 
0.374485 
0.354112 
0.397761 
0.367891 
0.386451 
0.369435 
0.375475 
0.404650 
0.365172 
0.426619 
0.491118 
0.424983 
0.485913 
0.507780 
0.559493 
0.519107 
0.475277 
0.379138 
0.536480 
0.562968 
0.506560 
0.475747 
0.610415 
0.524364 
0.491307 
0.558071 
0.532530 
0.493557 
0.556731 
0.689991 
0.506450 
0.589512 
0.648169 
0.631356 
0.691779 
0.536161 
0.624795 
0.585011 
0.527099 
0.498881 
0.486107 
0.438323 
0.359542 
0.299767 
0.188477 
0.202873 
0.196337 
0.277743 
0.398858 
0.463909 
0.538480 
0.476172 
0.441117 
0.475368 
0.580394 
0.497120 
0.472895 
0.560648 
0.553378 
0.482950 
0.483015 
0.505552 
0.548468 
0.466078 
0.555733 
0.569685 
0.585926 
0.669224 
0.444821 
0.536683 
0.522618 
0.585912 
0.501677 
0.651041 
0.677551 
0.517817 
0.616709 
0.540553 
0.428421 
0.483018 
0.482712 
0.455913 
0.450127 
0.650848 
0.600131 
0.626001 
0.543758 
0.523762 
0.520365 
0.369570 
0.345974 
0.190691 
0.182281 
0.162929 
0.130734 
0.094773 
0.108741 
0.203764 
0.305200 
0.400463 
0.493874 
0.513953 
0.522258 
0.564285 
0.657773 
0.647691 
0.652455 
0.637594 
0.686350 
0.591534 
0.546554 
0.591207 
0.739418 
0.754394 
0.695360 
0.752842 
0.717124 
0.810153 
0.852053 
0.643553 
0.731876 
0.791968 
0.667722 
0.685476 
0.734506 
0.738959 
0.666613 
0.644742 
0.854108 
0.674115 
0.630501 
0.669804 
0.696534 
0.668014 
0.662070 
0.825455 
0.771123 
0.703551 
0.781410 
0.732549 
0.754038 
0.712622 
0.799526 
0.845636 
0.755936 
0.818525 
0.669107 
0.942514 
0.739120 
0.694907 
0.888293 
0.605775 
0.849728 
0.765026 
0.777939 
0.874807 
0.810888 
0.708314 
0.718335 
0.888773 
0.816439 
0.821619 
0.819735 
0.648142 
0.726039 
0.743806 
0.816480 
0.768468 
0.777184 
0.828858 
0.822185 
0.815029 
0.762744 
0.656154 
0.506853 
0.503724 
0.395009 
0.586300 
0.483079 
0.594290 
0.659759 
0.674921 
0.724170 
0.752866 
0.888124 
1.032490 
0.991272 
0.892201 
0.801046 
0.888986 
0.707560 
0.789568 
0.685966 
0.670237 
0.545997 
0.600108 
0.500699 
0.432207 
0.438208 
0.404293 
0.354402 
0.485552 
0.664455 
0.746800 
1.010137 
0.876889 
0.993447 
0.980542 
0.905984 
0.881521 
0.891836 
0.635005 
0.734743 
0.601810 
0.535840 
0.525787 
0.570881 
0.739248 
0.863245 
0.916590 
0.962981 
0.934200 
0.693018 
0.865291 
0.866912 
0.738308 
0.722432 
0.932077 
0.843114 
0.851597 
0.771920 
0.774091 
0.640918 
0.895018 
0.833301 
0.919438 
0.955798 
0.927929 
0.796323 
0.754491 
0.695842 
0.542858 
0.428785 
0.356301 
0.222849 
0.208807 
0.168067 
0.198835 
0.187683 
0.210751 
0.186882 
0.255682 
0.397538 
0.523876 
0.627565 
0.788449 
0.726201 
0.835818 
1.002427 
0.823546 
1.005383 
1.026518 
0.905234 
0.990896 
0.979879 
1.054294 
0.880779 
0.958544 
1.065159 
1.049925 
0.976211 
0.878661 
0.768262 
1.077493 
0.893859 
0.756050 
0.994291 
0.859932 
0.958426 
0.620595 
0.832172 
0.828089 
0.589986 
0.447725 
0.257553 
0.206707 
0.246697 
0.246124 
0.378791 
0.367556 
0.490207 
0.447439 
0.475101 
0.444666 
0.529889 
0.582742 
0.566089 
0.470871 
0.475864 
0.398880 
0.337505 
0.395365 
0.436038 
0.499299 
0.525047 
0.677679 
0.703637 
0.739064 
0.746171 
0.828073 
0.702122 
0.573187 
0.727610 
0.533033 
0.446275 
0.291264 
0.355571 
0.367573 
0.317296 
0.438019 
0.476731 
0.445595 
0.377932 
0.384619 
0.310935 
0.333128 
0.324726 
0.389080 
0.306446 
0.442750 
0.530523 
0.483397 
0.463532 
0.464840 
0.528941 
0.581152 
0.600597 
0.616051 
0.877270 
0.825999 
0.911327 
0.828118 
0.960461 
0.867160 
0.886089 
0.757488 
0.728162 
0.570259 
0.524154 
0.364405 
0.304092 
0.341012 
0.275148 
0.280461 
0.295941 
0.229077 
0.253658 
0.309123 
0.408671 
0.438709 
0.598099 
0.634295 
0.664099 
0.767956 
1.155596 
0.892034 
0.938682 
0.850883 
0.936373 
0.950754 
0.923254 
0.864484 
0.895513 
0.886612 
0.771101 
0.799059 
0.836230 
0.861342 
0.992711 
1.019853 
0.875878 
0.985874 
0.864146 
0.971219 
0.959608 
0.811951 
0.784277 
0.736263 
0.855149 
0.919796 
0.926892 
1.111090 
0.774100 
1.054375 
0.811343 
0.846395 
1.019024 
1.064534 
0.923133 
1.041062 
0.946216 
0.902062 
0.901879 
0.725966 
0.696085 
0.667888 
0.668213 
0.746656 
0.898307 
0.711427 
0.702822 
0.851780 
0.745492 
1.072562 
0.751279 
0.922353 
0.803049 
0.796438 
1.026803 
0.836314 
0.820317 
1.089221 
0.735892 
0.759798 
0.830461 
0.992247 
0.738970 
0.815498 
0.769095 
0.621994 
0.674175 
0.554193 
0.618456 
0.608477 
0.535243 
0.464607 
0.529356 
0.657484 
0.709993 
0.780333 
0.922744 
0.802839 
0.864627 
0.875795 
0.756430 
0.802168 
0.747308 
0.808042 
0.873043 
0.760555 
0.774849 
0.787995 
0.727875 
0.850606 
0.706808 
0.807992 
0.782580 
0.714760 
0.776138 
0.739296 
0.603409 
0.618450 
0.617104 
0.658895 
0.685248 
0.638994 
0.595290 
0.585681 
0.529572 
0.568722 
0.430079 
0.633064 
0.620168 
0.552547 
0.609610 
0.656589 
0.780430 
0.647408 
0.730989 
0.751807 
0.680099 
0.639332 
0.542681 
0.336321 
0.275865 
0.231628 
0.250210 
0.174346 
0.234397 
0.236593 
0.165267 
0.238376 
0.185367 
0.214672 
0.196960 
0.214346 
0.200670 
0.212896 
0.229305 
0.253406 
0.184538 
0.282076 
0.308582 
0.342635 
0.450422 
0.404687 
0.509512 
0.506280 
0.595787 
0.672088 
0.778300 
0.657526 
0.703960 
0.568454 
0.446769 
0.559742 
0.589495 
0.538274 
0.349746 
0.375876 
0.439720 
0.373079 
0.367290 
0.432279 
0.354140 
0.355743 
0.403257 
0.475554 
0.424179 
0.415208 
0.459237 
0.502523 
0.588894 
0.676267 
0.671777 
0.609560 
0.762927 
0.612689 
0.700496 
0.680924 
0.602167 
0.623967 
0.572758 
0.526763 
0.399545 
0.413060 
0.404821 
0.410898 
0.485719 
0.403268 
0.414599 
0.419181 
0.414717 
0.500005 
0.407102 
0.442617 
0.383076 
0.452061 
0.459419 
0.514370 
0.481214 
0.406293 
0.498815 
0.552806 
0.591435 
0.535922 
0.442860 
0.468114 
0.388856 
0.354446 
0.302105 
0.310348 
0.413256 
0.406734 
0.372324 
0.452369 
0.374072 
0.476323 
0.329546 
0.303594 
0.213329 
0.199515 
0.274684 
0.249263 
0.261365 
0.264971 
0.275160 
0.234796 
0.238071 
0.214085 
0.233233 
0.246855 
0.236061 
0.197140 
0.227358 
0.249234 
0.240133 
0.194273 
0.234363 
0.202669 
0.205190 
0.172705 
0.176514 
0.188651 
0.138862 
0.129614 
0.131050 
0.129133 
0.104541 
0.129630 
0.113463 
0.113184 
0.089017 
0.078576 
0.097730 
0.089346 
0.093450 
0.081702 
0.075301 
0.065422 
0.086505 
0.078293 
0.094075 
0.085858 
0.081315 
0.094603 
0.083073 
0.085789 
0.085339 
0.091964 
0.097517 
0.105387 
0.105290 
0.097183 
0.094911 
0.116038 
0.101973 
0.138108 
0.126397 
0.133536 
0.126615 
0.139373 
0.152223 
0.136119 
0.156787 
0.129822 
0.145015 
0.160581 
0.154530 
0.168057 
0.160821 
0.148604 
0.146906 
0.147040 
0.167636 
0.150585 
0.155466 
0.138903 
0.130880 
0.186965 
0.179223 
0.161528 
0.185989 
0.180121 
0.218303 
0.206610 
0.229551 
0.240752 
0.301817 
0.368752 
0.311511 
0.375111 
0.358984 
0.338797 
0.342319 
0.261050 
0.278260 
0.213045 
0.180663 
0.162616 
0.140273 
0.156148 
0.144361 
0.117105 
0.138560 
0.143246 
0.126250 
0.134862 
0.107275 
0.101627 
0.076771 
0.066061 
0.071736 
0.078765 
0.063198 
0.063839 
0.062509 
0.057913 
0.071556 
0.064286 
0.062195 
0.059706 
0.057199 
0.059079 
0.063691 
0.063354 
0.062180 
0.051523 
0.065380 
0.053601 
0.067470 
0.061421 
0.058271 
0.056293 
0.070347 
0.063274 
0.060385 
0.068692 
0.070023 
0.070755 
0.076221 
0.061731 
0.052655 
0.068962 
0.073500 
0.052501 
0.059310 
0.058919 
0.050223 
0.052530 
0.035395 
0.037903 
0.034644 
0.036943 
0.034939 
0.033140 
0.030267 
0.033488 
0.035020 
0.028271 
0.027820 
0.029392 
0.032080 
0.029872 
0.019023 
0.026603 
0.024271 
0.026018 
0.020643 
0.022077 
0.022527 
0.019269 
0.016401 
0.016468 
0.015673 
0.018630 
0.015035 
0.016020 
0.013384 
0.011261 
0.010996 
0.011528 
0.007680 
0.009728 
0.007261 
0.006663 
0.007266 
0.006015 
0.006005 
0.005338 
0.006273 
0.006161 
0.005920 
0.005983 
0.006630 
0.005590 
0.006016 
0.007213 
0.006243 
0.006238 
0.006575 
0.005571 
0.005444 
0.005528 
0.006867 
0.006020 
0.005653 
0.005130 
0.003125 
0.003518 
0.003011 
0.002448 
0.002812 
0.002729 
0.002319 
0.002428 
0.001945 
0.001913 
0.002010 
0.002132 
0.002364 
0.002398 
0.002351 
0.001780 
0.001790 
0.002381 
0.002054 
0.001730 
0.001616 
0.001659 
0.001242 
0.001261 
0.001022 
0.000815 
0.000945 
0.000574 
0.000494 
0.000455 
0.000283 
0.000133 
0.000069 
0.000041 
0.000024 
0.000012 
0.000003 
0.000000 
0.000000 
0.000000 
0.000000 
0.000000 
0.000000 
0.000000 
0.000000 
0.000000 
0.000000 
0.000000 
0.000000 
0.000000 
0.000000 
0.000000 
0.000000 
0.000000 
0.000000 
0.000000 
0.000000 
0.000000 
0.000000 
0.000000 
0.000000 
0.000000 
0.000000 
0.000000 
0.000000 
0.000000 
0.000000 
0.000000 
0.000000 
0.000000 
0.000000 
0.000000 
0.000000 
0.000000 
0.000000 
0.000000 
0.000000 
0.000000 
0.000000 
0.000000 
0.000000 
0.000000 
0.000000 
0.000000 
0.000000 
0.000000 
0.000000 
0.000000 
0.000000 
0.000000 
0.000000 
0.000000 
0.000000 
0.000000 
0.000000 
0.000000 
0.000000 
0.000000 
0.000000 
0.000000 
0.000000 
0.000000 
0.000000 
0.000000 
0.000000 
0.000000 
0.000000 
0.000000 
0.000000 
0.000000 
0.000000 
0.000000 
0.000000 
0.000000 
0.000000 
0.000000 
0.000000 
0.000000 
0.000000 
0.000000 
0.000000 
0.000000 
0.000000 
0.000000 
0.000000 
0.000000 
0.000000 
0.000000 
0.000000 
0.000000 
0.000000 
0.000000 
0.000000 
0.000000 
0.000000 
0.000000 
0.000000 
0.000000 
0.000000 
0.000000 
0.000000 
0.000000 
0.000000 
0.000000 
0.000000 
0.000000 
0.000000 
0.000000 
0.000000 
0.000000 
0.000000 
0.000000 
0.000000 
0.000000 
0.000000 
0.000000 
0.000000 
0.000000 
0.000000 
0.000000 
0.000000 
0.000000 
0.000000 
0.000000 
0.000000 
0.000000 
0.000000 
0.000000 
0.000000 
0.000000 
0.000000 
0.000000 
0.000000 
0.000000 
0.000000 
0.000000 
0.000000 
0.000000 
0.000000 
0.000000 
0.000000 
0.000000 
0.000000 
0.000000 
0.000000 
0.000000 
0.000000 
0.000000 
0.000000 
0.000000 
0.000000 
0.000000 
0.000000 
0.000000 
0.000000 
0.000000 
0.000000 
0.000000 
0.000000 
0.000000 
0.000000 
0.000000 
0.000000 
0.000000 
0.000000 
0.000000 
0.000000 
0.000000 
0.000000 
0.000000 
0.000000 
0.000000 
0.000000 
0.000000 
0.000000 
0.000000 
0.000000 
0.000000 
0.000000 
0.000000 
0.000000 
0.000000 
0.000000 
0.000000 
0.000000 
0.000000 
0.000000 
0.000000 
