0.018750 
0.018750 
0.018750 
0.018750 
0.018750 
0.018750 
0.018750 
0.018750 
0.018750 
0.018750 
0.018750 
0.018750 
0.018750 
0.018750 
0.018750 
0.018750 
0.018750 
0.018750 
0.018750 
0.018750 
0.018750 
0.018750 
0.018750 
0.018750 
0.018750 
0.018750 
0.018750 
0.018750 
0.018750 
0.018750 
0.018750 
0.018750 
0.018750 
0.018750 
0.018750 
0.018750 
0.018750 
0.018750 
0.018750 
0.018750 
0.018750 
0.018750 
0.018750 
0.018750 
0.018750 
0.018750 
0.018750 
0.018750 
0.018750 
0.018750 
0.018750 
0.018750 
0.018750 
0.018750 
0.018750 
0.018750 
0.018750 
0.018750 
0.018750 
0.018750 
0.020397 
0.024940 
0.031779 
0.040315 
0.049950 
0.069319 
0.101068 
0.135613 
0.163368 
0.174750 
0.174750 
0.174750 
0.174750 
0.174750 
0.174750 
0.174750 
0.174750 
0.174750 
0.174750 
0.174750 
0.174750 
0.174750 
0.174750 
0.174750 
0.174750 
0.168731 
0.154052 
0.135784 
0.118993 
0.108750 
0.103655 
0.099140 
0.095524 
0.093121 
0.092250 
0.092250 
0.092250 
0.092250 
0.092250 
0.092250 
0.091474 
0.089334 
0.086111 
0.082089 
0.077550 
0.068424 
0.053466 
0.037190 
0.024113 
0.018750 
0.018750 
0.018750 
0.018750 
0.018750 
0.018750 
0.018750 
0.018750 
0.018750 
0.018750 
0.018750 
0.018750 
0.018750 
0.018750 
0.018750 
0.018750 
0.018750 
0.018750 
0.018750 
0.018750 
0.018750 
0.018750 
0.018750 
0.018750 
0.018750 
0.018750 
0.034974 
0.073662 
0.119838 
0.158526 
0.174750 
0.174750 
0.174750 
0.174750 
0.174750 
0.174750 
0.174750 
0.174750 
0.174750 
0.174750 
0.174750 
0.174750 
0.174750 
0.174750 
0.174750 
0.174750 
0.167412 
0.148991 
0.124880 
0.100469 
0.081150 
0.065076 
0.048402 
0.033526 
0.022843 
0.018750 
0.018750 
0.018750 
0.018750 
0.018750 
0.018750 
0.018750 
0.018750 
0.018750 
0.018750 
0.018750 
0.018750 
0.018750 
0.018750 
0.018750 
0.018750 
0.018750 
0.018750 
0.018750 
0.018750 
0.018750 
0.018750 
0.018750 
0.018750 
0.018750 
0.018750 
0.018750 
0.018750 
0.018750 
0.018750 
0.018750 
0.020679 
0.025712 
0.032721 
0.040577 
0.048150 
0.056083 
0.065245 
0.074851 
0.084115 
0.092250 
0.098575 
0.103703 
0.108787 
0.114985 
0.123450 
0.142819 
0.174568 
0.209113 
0.236868 
0.248250 
0.242887 
0.229810 
0.213534 
0.198576 
0.189450 
0.184911 
0.180889 
0.177666 
0.175526 
0.174750 
0.174750 
0.174750 
0.174750 
0.174750 
0.174750 
0.163368 
0.135613 
0.101068 
0.069319 
0.049950 
0.040315 
0.031779 
0.024940 
0.020397 
0.018750 
0.018750 
0.018750 
0.018750 
0.018750 
0.018750 
0.018750 
0.018750 
0.018750 
0.018750 
0.018750 
0.018750 
0.018750 
0.018750 
0.018750 
0.018750 
0.018750 
0.018750 
0.018750 
0.018750 
0.018750 
0.018750 
0.018750 
0.018750 
0.018750 
0.018750 
0.018750 
0.018750 
0.018750 
0.018750 
0.018750 
0.018750 
0.018750 
0.018750 
0.018750 
0.018750 
0.018750 
0.018750 
0.018750 
0.018750 
0.018750 
0.018750 
0.018750 
0.018750 
0.018750 
0.018750 
0.018750 
0.018750 
0.018750 
0.018750 
0.018750 
0.022207 
0.030886 
0.042246 
0.053748 
0.062850 
0.070423 
0.078279 
0.085288 
0.090321 
0.092250 
0.092250 
0.092250 
0.092250 
0.092250 
0.092250 
0.092250 
0.092250 
0.092250 
0.092250 
0.092250 
0.091595 
0.090032 
0.088168 
0.086605 
0.085950 
0.097899 
0.127130 
0.163722 
0.197753 
0.219300 
0.229528 
0.237135 
0.243498 
0.249994 
0.258000 
0.269130 
0.282607 
0.296218 
0.307753 
0.315000 
0.319198 
0.322895 
0.325844 
0.327795 
0.328500 
0.312685 
0.274804 
0.229200 
0.190217 
0.172200 
0.169689 
0.167683 
0.166213 
0.165308 
0.165000 
0.265324 
0.504557 
0.790093 
1.029326 
1.129650 
1.027454 
0.783757 
0.492893 
0.249196 
0.147000 
0.156822 
0.180727 
0.210371 
0.237410 
0.253500 
0.261010 
0.267589 
0.272813 
0.276258 
0.277500 
0.276128 
0.272448 
0.267115 
0.260781 
0.254100 
0.243925 
0.229258 
0.213979 
0.201966 
0.197100 
0.205524 
0.225612 
0.249588 
0.269676 
0.278100 
0.251128 
0.186809 
0.110041 
0.045722 
0.018750 
0.030132 
0.057887 
0.092432 
0.124181 
0.143550 
0.153185 
0.161721 
0.168560 
0.173103 
0.174750 
0.174750 
0.174750 
0.174750 
0.174750 
0.174750 
0.174750 
0.174750 
0.174750 
0.174750 
0.174750 
0.170490 
0.159475 
0.144350 
0.127759 
0.112350 
0.095225 
0.074542 
0.054533 
0.039426 
0.033450 
0.039565 
0.054148 
0.071552 
0.086135 
0.092250 
0.092250 
0.092250 
0.092250 
0.092250 
0.092250 
0.092250 
0.092250 
0.092250 
0.092250 
0.092250 
0.088793 
0.080114 
0.068754 
0.057252 
0.048150 
0.040577 
0.032721 
0.025712 
0.020679 
0.018750 
0.018750 
0.018750 
0.018750 
0.018750 
0.018750 
0.018750 
0.018750 
0.018750 
0.018750 
0.018750 
0.018750 
0.018750 
0.018750 
0.018750 
0.018750 
0.018750 
0.018750 
0.018750 
0.018750 
0.018750 
0.030175 
0.059091 
0.097460 
0.137242 
0.170400 
0.198501 
0.227023 
0.253795 
0.276644 
0.293400 
0.306297 
0.318272 
0.328209 
0.334991 
0.337500 
0.337500 
0.337500 
0.337500 
0.337500 
0.337500 
0.337500 
0.337500 
0.337500 
0.337500 
0.337500 
0.316041 
0.264532 
0.202272 
0.148561 
0.122700 
0.117649 
0.113563 
0.110533 
0.108648 
0.108000 
0.108000 
0.108000 
0.108000 
0.108000 
0.108000 
0.108000 
0.108000 
0.108000 
0.108000 
0.108000 
0.108000 
0.108000 
0.108000 
0.108000 
0.108000 
0.108000 
0.108000 
0.108000 
0.108000 
0.108000 
0.108000 
0.108000 
0.108000 
0.108000 
0.108000 
0.108000 
0.108000 
0.108000 
0.108000 
0.108000 
0.108000 
0.108000 
0.108000 
0.108000 
0.108000 
0.098718 
0.076584 
0.050166 
0.028032 
0.018750 
0.022843 
0.033526 
0.048402 
0.065076 
0.081150 
0.100469 
0.124880 
0.148991 
0.167412 
0.174750 
0.174750 
0.174750 
0.174750 
0.174750 
0.174750 
0.174750 
0.174750 
0.174750 
0.174750 
0.174750 
0.174750 
0.174750 
0.174750 
0.174750 
0.174750 
0.158526 
0.119838 
0.073662 
0.034974 
0.018750 
0.024113 
0.037190 
0.053466 
0.068424 
0.077550 
0.082089 
0.086111 
0.089334 
0.091474 
0.092250 
0.092250 
0.092250 
0.092250 
0.092250 
0.092250 
0.091474 
0.089334 
0.086111 
0.082089 
0.077550 
0.068424 
0.053466 
0.037190 
0.024113 
0.018750 
0.018750 
0.018750 
0.018750 
0.018750 
0.018750 
0.018750 
0.018750 
0.018750 
0.018750 
0.018750 
0.018750 
0.018750 
0.018750 
0.018750 
0.018750 
0.022843 
0.033526 
0.048402 
0.065076 
0.081150 
0.100469 
0.124880 
0.148991 
0.167412 
0.174750 
0.174750 
0.174750 
0.174750 
0.174750 
0.174750 
0.174750 
0.174750 
0.174750 
0.174750 
0.174750 
0.182394 
0.200622 
0.222378 
0.240606 
0.248250 
0.232026 
0.193338 
0.147162 
0.108474 
0.092250 
0.092250 
0.092250 
0.092250 
0.092250 
0.092250 
0.090321 
0.085288 
0.078279 
0.070423 
0.062850 
0.053748 
0.042246 
0.030886 
0.022207 
0.018750 
0.018750 
0.018750 
0.018750 
0.018750 
0.018750 
0.018750 
0.018750 
0.018750 
0.018750 
0.018750 
0.018750 
0.018750 
0.018750 
0.018750 
0.018750 
0.018750 
0.018750 
0.018750 
0.018750 
0.018750 
0.018750 
0.018750 
0.018750 
0.018750 
0.018750 
0.018750 
0.018750 
0.018750 
0.018750 
0.018750 
0.018750 
0.018750 
0.018750 
0.018750 
0.018750 
0.018750 
0.018750 
0.018750 
0.018750 
0.018750 
0.018750 
0.018750 
0.018750 
0.018750 
0.018750 
0.018750 
0.018750 
0.018750 
0.018750 
0.018750 
0.024113 
0.037190 
0.053466 
0.068424 
0.077550 
0.081450 
0.084193 
0.086456 
0.088916 
0.092250 
0.096497 
0.101442 
0.107385 
0.114621 
0.123450 
0.141124 
0.169207 
0.199462 
0.223655 
0.233550 
0.227435 
0.212852 
0.195448 
0.180865 
0.174750 
0.174750 
0.174750 
0.174750 
0.174750 
0.174750 
0.174750 
0.174750 
0.174750 
0.174750 
0.174750 
0.163368 
0.135613 
0.101068 
0.069319 
0.049950 
0.040315 
0.031779 
0.024940 
0.020397 
0.018750 
0.018750 
0.018750 
0.018750 
0.018750 
0.018750 
0.018750 
0.018750 
0.018750 
0.018750 
0.018750 
0.018750 
0.018750 
0.018750 
0.018750 
0.018750 
0.026617 
0.045920 
0.070215 
0.093057 
0.108000 
0.115590 
0.121331 
0.126217 
0.131242 
0.137400 
0.146502 
0.158004 
0.169364 
0.178043 
0.181500 
0.181500 
0.181500 
0.181500 
0.181500 
0.181500 
0.181500 
0.181500 
0.181500 
0.181500 
0.181500 
0.176396 
0.164195 
0.149567 
0.137179 
0.131700 
0.131350 
0.131165 
0.131035 
0.130850 
0.130500 
0.126001 
0.115425 
0.101743 
0.087928 
0.076950 
0.067754 
0.058215 
0.049704 
0.043592 
0.041250 
0.041250 
0.041250 
0.041250 
0.041250 
0.041250 
0.041250 
0.041250 
0.041250 
0.041250 
0.041250 
0.041250 
0.041250 
0.041250 
0.041250 
0.041250 
0.057060 
0.094920 
0.140475 
0.179370 
0.197250 
0.199436 
0.200971 
0.202089 
0.203021 
0.204000 
0.204950 
0.205733 
0.206492 
0.207367 
0.208500 
0.210586 
0.213667 
0.216904 
0.219461 
0.220500 
0.218255 
0.212506 
0.204729 
0.196402 
0.189000 
0.181442 
0.172743 
0.164522 
0.158401 
0.156000 
0.160680 
0.171840 
0.185160 
0.196320 
0.201000 
0.201000 
0.201000 
0.201000 
0.201000 
0.201000 
0.191759 
0.169616 
0.142943 
0.120114 
0.109500 
0.107934 
0.106681 
0.105761 
0.105194 
0.105000 
0.105000 
0.105000 
0.105000 
0.105000 
0.105000 
0.105000 
0.105000 
0.105000 
0.105000 
0.105000 
0.103716 
0.100427 
0.095981 
0.091223 
0.087000 
0.082699 
0.077755 
0.073087 
0.069612 
0.068250 
0.084006 
0.121578 
0.166422 
0.203994 
0.219750 
0.219750 
0.219750 
0.219750 
0.219750 
0.219750 
0.219840 
0.220111 
0.220561 
0.221191 
0.222000 
0.324645 
0.568117 
0.858411 
1.101523 
1.203450 
1.096438 
0.840131 
0.531626 
0.268017 
0.146400 
0.129755 
0.116465 
0.106727 
0.100740 
0.098700 
0.104254 
0.117497 
0.133303 
0.146546 
0.152100 
0.151726 
0.150833 
0.149767 
0.148874 
0.148500 
0.148500 
0.148500 
0.148500 
0.148500 
0.148500 
0.145043 
0.136364 
0.125004 
0.113502 
0.104400 
0.096827 
0.088971 
0.081962 
0.076929 
0.075000 
0.075000 
0.075000 
0.075000 
0.075000 
0.075000 
0.075000 
0.075000 
0.075000 
0.075000 
0.075000 
0.079117 
0.089846 
0.104758 
0.121419 
0.137400 
0.156392 
0.180233 
0.203713 
0.221622 
0.228750 
0.227814 
0.225582 
0.222918 
0.220686 
0.219750 
0.221679 
0.226712 
0.233721 
0.241577 
0.249150 
0.258252 
0.269754 
0.281114 
0.289793 
0.293250 
0.277026 
0.238338 
0.192162 
0.153474 
0.137250 
0.137250 
0.137250 
0.137250 
0.137250 
0.137250 
0.131887 
0.118810 
0.102534 
0.087576 
0.078450 
0.073911 
0.069889 
0.066666 
0.064526 
0.063750 
0.063750 
0.063750 
0.063750 
0.063750 
0.063750 
0.059070 
0.047910 
0.034590 
0.023430 
0.018750 
0.018750 
0.018750 
0.018750 
0.018750 
0.018750 
0.018750 
0.018750 
0.018750 
0.018750 
0.018750 
0.018750 
0.018750 
0.018750 
0.018750 
0.018750 
0.018750 
0.018750 
0.018750 
0.018750 
0.018750 
0.030132 
0.057887 
0.092432 
0.124181 
0.143550 
0.151880 
0.157807 
0.162689 
0.167884 
0.174750 
0.185331 
0.199060 
0.213379 
0.225729 
0.233550 
0.238089 
0.242111 
0.245334 
0.247474 
0.248250 
0.241760 
0.226285 
0.207815 
0.192340 
0.185850 
0.200638 
0.238823 
0.291140 
0.348321 
0.401100 
0.459027 
0.528484 
0.595453 
0.645914 
0.665850 
0.598552 
0.438071 
0.246529 
0.086048 
0.018750 
0.018750 
0.018750 
0.018750 
0.018750 
0.018750 
0.018750 
0.018750 
0.018750 
0.018750 
0.018750 
0.018750 
0.018750 
0.018750 
0.018750 
0.018750 
0.018750 
0.018750 
0.018750 
0.018750 
0.018750 
0.018750 
0.018750 
0.018750 
0.018750 
0.018750 
0.020250 
0.024331 
0.030361 
0.037711 
0.045750 
0.056199 
0.070650 
0.088276 
0.108251 
0.129750 
0.160357 
0.201547 
0.243335 
0.275732 
0.288750 
0.285942 
0.279246 
0.271254 
0.264558 
0.261750 
0.263679 
0.268712 
0.275721 
0.283577 
0.291150 
0.300252 
0.311754 
0.323114 
0.331793 
0.335250 
0.323868 
0.296113 
0.261568 
0.229819 
0.210450 
0.202120 
0.196193 
0.191311 
0.186116 
0.179250 
0.168669 
0.154940 
0.140621 
0.128271 
0.120450 
0.115911 
0.111889 
0.108666 
0.106526 
0.105750 
0.105750 
0.105750 
0.105750 
0.105750 
0.105750 
0.115032 
0.137166 
0.163584 
0.185718 
0.195000 
0.195000 
0.195000 
0.195000 
0.195000 
0.195000 
0.195000 
0.195000 
0.195000 
0.195000 
0.195000 
0.195000 
0.195000 
0.195000 
0.195000 
0.195000 
0.196303 
0.199790 
0.204832 
0.210795 
0.217050 
0.223881 
0.232192 
0.242277 
0.254431 
0.268950 
0.295672 
0.336769 
0.381035 
0.417264 
0.434250 
0.437571 
0.440242 
0.442213 
0.443432 
0.443850 
0.436612 
0.419351 
0.398749 
0.381488 
0.374250 
0.374250 
0.374250 
0.374250 
0.374250 
0.374250 
0.428569 
0.558100 
0.712700 
0.842231 
0.896550 
0.870183 
0.802719 
0.711613 
0.614322 
0.528300 
0.444313 
0.350718 
0.261361 
0.190090 
0.150750 
0.134546 
0.122506 
0.113214 
0.105251 
0.097200 
0.088004 
0.078465 
0.069954 
0.063842 
0.061500 
0.069144 
0.087372 
0.109128 
0.127356 
0.135000 
0.135000 
0.135000 
0.135000 
0.135000 
0.135000 
0.145573 
0.171309 
0.203234 
0.232373 
0.249750 
0.257908 
0.265061 
0.270745 
0.274496 
0.275850 
0.267832 
0.248711 
0.225889 
0.206768 
0.198750 
0.201204 
0.207793 
0.217354 
0.228727 
0.240750 
0.259200 
0.285899 
0.313753 
0.335668 
0.344550 
0.326891 
0.284780 
0.234520 
0.192409 
0.174750 
0.174750 
0.174750 
0.174750 
0.174750 
0.174750 
0.174750 
0.174750 
0.174750 
0.174750 
0.174750 
0.170657 
0.159974 
0.145098 
0.128424 
0.112350 
0.093031 
0.068620 
0.044509 
0.026088 
0.018750 
0.018750 
0.018750 
0.018750 
0.018750 
0.018750 
0.024113 
0.037190 
0.053466 
0.068424 
0.077550 
0.082089 
0.086111 
0.089334 
0.091474 
0.092250 
0.092250 
0.092250 
0.092250 
0.092250 
0.092250 
0.091474 
0.089334 
0.086111 
0.082089 
0.077550 
0.068424 
0.053466 
0.037190 
0.024113 
0.018750 
0.018750 
0.018750 
0.018750 
0.018750 
0.018750 
0.027343 
0.047986 
0.072971 
0.094595 
0.105150 
0.107018 
0.108074 
0.108857 
0.109903 
0.111750 
0.121103 
0.139897 
0.161515 
0.179338 
0.186750 
0.184878 
0.180414 
0.175086 
0.170622 
0.168750 
0.185409 
0.225208 
0.272878 
0.313148 
0.330750 
0.331639 
0.332123 
0.332462 
0.332918 
0.333750 
0.336869 
0.343218 
0.351607 
0.360848 
0.369750 
0.380234 
0.393177 
0.405828 
0.415436 
0.419250 
0.415774 
0.406578 
0.393510 
0.378418 
0.363150 
0.342547 
0.314732 
0.286479 
0.264561 
0.255750 
0.258891 
0.267034 
0.278256 
0.290635 
0.302250 
0.315425 
0.331524 
0.347186 
0.359049 
0.363750 
0.337212 
0.273275 
0.195458 
0.127277 
0.092250 
0.083530 
0.077648 
0.073186 
0.068726 
0.062850 
0.053748 
0.042246 
0.030886 
0.022207 
0.018750 
0.018750 
0.018750 
0.018750 
0.018750 
0.018750 
0.018750 
0.018750 
0.018750 
0.018750 
0.018750 
0.018750 
0.018750 
0.018750 
0.018750 
0.018750 
0.020397 
0.024940 
0.031779 
0.040315 
0.049950 
0.069319 
0.101068 
0.135613 
0.163368 
0.174750 
0.174750 
0.174750 
0.174750 
0.174750 
0.174750 
0.174750 
0.174750 
0.174750 
0.174750 
0.174750 
0.174750 
0.174750 
0.174750 
0.174750 
0.174750 
0.171054 
0.161022 
0.146238 
0.128286 
0.108750 
