0.000000 
0.000000 
0.000000 
0.000000 
0.000000 
0.000000 
0.000000 
0.000000 
0.000000 
0.000000 
0.000000 
0.000000 
0.000000 
0.000000 
0.000000 
0.000000 
0.000000 
0.000000 
0.000000 
0.000000 
0.000000 
0.000000 
0.000000 
0.000000 
0.000000 
0.000000 
0.000000 
0.000000 
0.000000 
0.000000 
0.000000 
0.000000 
0.000000 
0.000000 
0.000000 
0.000000 
0.000000 
0.000000 
0.000000 
0.000000 
0.000000 
0.000000 
0.000000 
0.000000 
0.000000 
0.000000 
0.000000 
0.000000 
0.000000 
0.000000 
0.000000 
0.000000 
0.000000 
0.000000 
0.000000 
0.000000 
0.000000 
0.000000 
0.000000 
0.000000 
0.000000 
0.000000 
0.000000 
0.000000 
0.000000 
0.000000 
0.000000 
0.000000 
0.000000 
0.000000 
0.000000 
0.000000 
0.000000 
0.000000 
0.000000 
0.000000 
0.000000 
0.000000 
0.000000 
0.000000 
0.000000 
0.000000 
0.000000 
0.000000 
0.000000 
0.000000 
0.000000 
0.000000 
0.000000 
0.000000 
0.000000 
0.000000 
0.000000 
0.000000 
0.000000 
0.000000 
0.000000 
0.000000 
0.000000 
0.000000 
0.000000 
0.000000 
0.000000 
0.000000 
0.000000 
0.000000 
0.000000 
0.000000 
0.000000 
0.000000 
0.000000 
0.000000 
0.000000 
0.000000 
0.000000 
0.000000 
0.000000 
0.000000 
0.000000 
0.000000 
0.000000 
0.000000 
0.000000 
0.000000 
0.000000 
0.000000 
0.000000 
0.000000 
0.000000 
0.000000 
0.000000 
0.000000 
0.000000 
0.000000 
0.000000 
0.000000 
0.000000 
0.000000 
0.000000 
0.000000 
0.000000 
0.000000 
0.000000 
0.000000 
0.000000 
0.000000 
0.000000 
0.000000 
0.000000 
0.000000 
0.000000 
0.000000 
0.000000 
0.000000 
0.000000 
0.000000 
0.000000 
0.000000 
0.000000 
0.000000 
0.000000 
0.000000 
0.000000 
0.000000 
0.000000 
0.000000 
0.000000 
0.000000 
0.000000 
0.000000 
0.000000 
0.000000 
0.000000 
0.000000 
0.000000 
0.000000 
0.000000 
0.000000 
0.000000 
0.000000 
0.000000 
0.000000 
0.000000 
0.000000 
0.000000 
0.000000 
0.000000 
0.000000 
0.000000 
0.000000 
0.000000 
0.000000 
0.000000 
0.000000 
0.000000 
0.000000 
0.000000 
0.000000 
0.000000 
0.000000 
0.000000 
0.000000 
0.000000 
0.000000 
0.000000 
0.000000 
0.000000 
0.000000 
0.000000 
0.000000 
0.000000 
0.000000 
0.000000 
0.000000 
0.000000 
0.000000 
0.000000 
0.000000 
0.000000 
0.000000 
0.000000 
0.000000 
0.000000 
0.000000 
0.000000 
0.000017 
0.000066 
0.000120 
0.000222 
0.000293 
0.000412 
0.000543 
0.000745 
0.000814 
0.001096 
0.001676 
0.001593 
0.002605 
0.003003 
0.003613 
0.004244 
0.004356 
0.005320 
0.006761 
0.006979 
0.008521 
0.008202 
0.009840 
0.009478 
0.008100 
0.009656 
0.009392 
0.010155 
0.010038 
0.010244 
0.009455 
0.008711 
0.011071 
0.010486 
0.010383 
0.008424 
0.010733 
0.009699 
0.011261 
0.011731 
0.011013 
0.010935 
0.010564 
0.011720 
0.013293 
0.015289 
0.012271 
0.012981 
0.018504 
0.018936 
0.018243 
0.020025 
0.020072 
0.019908 
0.018833 
0.023140 
0.021993 
0.025042 
0.019223 
0.029133 
0.022499 
0.024114 
0.021762 
0.027787 
0.024353 
0.025099 
0.026340 
0.025402 
0.028829 
0.024896 
0.027170 
0.028385 
0.027893 
0.031521 
0.030759 
0.028102 
0.026494 
0.027138 
0.038298 
0.032426 
0.034324 
0.027517 
0.030013 
0.036538 
0.035336 
0.034234 
0.033340 
0.039782 
0.036378 
0.040834 
0.042748 
0.032140 
0.035807 
0.046166 
0.042266 
0.047156 
0.043072 
0.051238 
0.043676 
0.049235 
0.040637 
0.051319 
0.067923 
0.058001 
0.059064 
0.067398 
0.073493 
0.081089 
0.073644 
0.103592 
0.106370 
0.108892 
0.089715 
0.102239 
0.108935 
0.094450 
0.097821 
0.088698 
0.074426 
0.100663 
0.082968 
0.098698 
0.078868 
0.096925 
0.101618 
0.109297 
0.108197 
0.119486 
0.125175 
0.127700 
0.118374 
0.119761 
0.125346 
0.135458 
0.101640 
0.131243 
0.148473 
0.177052 
0.212663 
0.156612 
0.188207 
0.232342 
0.198119 
0.203450 
0.218395 
0.209597 
0.240720 
0.314248 
0.248259 
0.311816 
0.283418 
0.260794 
0.243737 
0.253506 
0.266973 
0.251490 
0.216243 
0.267701 
0.264763 
0.298637 
0.235532 
0.259113 
0.250486 
0.233144 
0.250036 
0.243009 
0.275442 
0.233405 
0.179840 
0.221226 
0.238857 
0.191312 
0.198399 
0.265560 
0.242305 
0.281522 
0.303047 
0.295570 
0.341196 
0.321750 
0.394471 
0.279406 
0.257730 
0.303000 
0.316895 
0.285456 
0.301464 
0.266146 
0.251297 
0.227870 
0.277183 
0.218554 
0.265079 
0.281182 
0.340397 
0.372378 
0.377312 
0.313260 
0.399979 
0.381505 
0.403394 
0.366398 
0.401790 
0.276784 
0.330318 
0.335095 
0.365847 
0.430033 
0.458738 
0.455065 
0.485495 
0.378110 
0.414612 
0.494751 
0.505157 
0.446329 
0.507786 
0.429174 
0.453721 
0.486981 
0.435184 
0.509523 
0.573737 
0.612082 
0.569393 
0.587786 
0.466029 
0.459313 
0.625899 
0.555634 
0.548481 
0.499786 
0.625395 
0.579800 
0.648953 
0.613251 
0.538670 
0.462861 
0.439349 
0.450776 
0.416333 
0.347181 
0.264377 
0.184723 
0.196150 
0.244809 
0.256058 
0.354549 
0.445937 
0.505604 
0.535862 
0.523952 
0.580796 
0.556754 
0.611579 
0.452467 
0.500988 
0.630831 
0.624079 
0.561237 
0.588745 
0.549377 
0.537618 
0.547187 
0.574105 
0.518004 
0.693219 
0.577904 
0.536633 
0.553598 
0.657701 
0.577383 
0.571781 
0.606750 
0.605084 
0.579750 
0.592171 
0.576538 
0.529226 
0.440974 
0.531635 
0.571464 
0.606937 
0.614049 
0.541901 
0.520458 
0.562557 
0.455749 
0.361101 
0.257667 
0.241333 
0.161915 
0.123028 
0.101861 
0.102325 
0.113092 
0.214150 
0.228142 
0.389983 
0.449538 
0.540101 
0.576458 
0.690970 
0.584738 
0.624413 
0.629533 
0.802856 
0.599553 
0.466858 
0.680431 
0.755599 
0.536749 
0.641049 
0.570902 
0.698669 
0.736026 
0.577706 
0.652915 
0.686160 
0.709985 
0.744243 
0.824644 
0.606101 
0.614964 
0.640967 
0.776538 
0.703731 
0.723983 
0.704591 
0.722695 
0.878181 
0.682970 
0.677565 
0.617247 
0.849666 
0.792140 
0.584589 
0.740334 
0.789724 
0.693848 
0.777096 
0.844494 
0.772969 
0.861156 
0.698813 
0.829734 
0.642599 
0.690698 
0.779509 
0.722469 
0.790777 
0.912210 
0.862396 
0.752859 
0.682583 
0.790474 
0.691483 
0.875218 
0.792967 
0.658597 
0.720214 
0.737443 
0.912656 
0.697877 
0.795796 
0.834050 
0.810412 
0.888121 
0.891894 
0.804140 
0.950811 
0.734438 
0.629752 
0.491862 
0.447905 
0.572091 
0.402632 
0.551027 
0.583626 
0.640542 
0.726337 
0.770161 
0.797976 
1.072715 
0.824277 
0.921573 
0.879651 
0.873197 
0.825826 
0.885294 
0.809156 
0.689799 
0.582780 
0.672795 
0.620087 
0.506952 
0.495119 
0.472334 
0.428884 
0.436825 
0.383987 
0.593200 
0.788621 
1.004754 
0.911810 
0.813714 
0.918955 
0.736140 
0.881544 
0.939979 
0.764548 
0.705783 
0.639532 
0.593747 
0.609488 
0.538580 
0.745230 
0.770139 
0.769544 
0.938760 
0.862812 
1.144589 
0.877724 
0.944941 
0.834281 
0.827978 
0.838391 
0.792977 
0.795831 
0.771344 
0.792825 
0.934922 
0.931911 
0.835722 
0.993556 
0.925911 
0.929684 
0.889357 
0.677133 
0.575156 
0.484477 
0.495339 
0.318298 
0.228283 
0.165709 
0.154499 
0.160668 
0.173298 
0.175059 
0.137491 
0.261909 
0.332986 
0.473685 
0.650832 
0.771673 
0.758230 
0.861892 
0.838091 
0.775103 
0.919161 
0.988594 
1.019057 
0.732937 
0.978022 
0.975237 
0.835708 
0.974518 
0.952088 
0.961789 
0.816834 
0.859279 
1.061462 
0.880138 
0.914197 
1.003802 
0.945367 
0.966056 
0.874357 
0.840046 
0.758117 
0.747152 
0.546611 
0.431930 
0.267569 
0.258464 
0.188711 
0.253827 
0.267885 
0.327490 
0.448228 
0.418069 
0.522636 
0.546527 
0.510626 
0.583608 
0.428522 
0.495826 
0.416996 
0.313911 
0.331254 
0.367484 
0.451184 
0.573863 
0.589154 
0.530312 
0.568746 
0.586535 
0.793139 
0.728229 
0.782280 
0.691573 
0.685489 
0.473912 
0.379419 
0.363059 
0.393693 
0.389033 
0.348889 
0.438268 
0.402846 
0.415991 
0.379859 
0.378361 
0.339883 
0.299430 
0.379393 
0.362563 
0.419252 
0.464171 
0.455276 
0.465567 
0.478847 
0.541350 
0.525326 
0.550889 
0.584795 
0.781711 
0.846481 
0.812783 
0.964952 
0.776243 
0.808175 
0.899572 
0.992958 
0.687740 
0.801018 
0.627790 
0.412827 
0.413044 
0.394299 
0.315058 
0.262390 
0.274338 
0.273493 
0.264313 
0.263358 
0.284952 
0.365800 
0.384433 
0.568370 
0.562218 
0.597062 
1.073344 
1.086433 
1.056539 
1.063692 
1.056312 
0.929519 
0.893239 
1.020284 
0.918665 
0.851589 
0.900986 
0.928151 
0.983225 
0.617061 
0.789171 
0.892602 
0.834424 
0.979274 
0.989919 
0.796781 
1.019962 
0.823900 
0.785108 
0.687882 
0.785348 
0.982219 
1.089080 
0.899724 
1.131790 
1.033205 
0.843427 
1.009876 
1.005162 
0.871544 
0.684684 
0.932868 
0.870447 
0.914953 
0.650776 
0.703516 
0.758246 
0.646650 
0.670037 
0.717022 
0.711244 
0.886418 
0.783851 
0.805162 
1.052620 
0.867316 
0.899422 
0.936240 
0.902575 
0.964729 
0.778260 
0.765474 
0.875572 
0.906303 
0.879937 
0.838907 
0.792750 
0.907191 
0.887073 
0.759737 
0.774265 
0.758406 
0.578705 
0.795512 
0.712470 
0.692734 
0.500374 
0.565442 
0.516415 
0.594927 
0.635500 
0.749818 
0.873038 
0.775783 
0.909228 
0.744368 
0.883608 
0.850868 
0.925533 
0.882581 
0.730683 
0.803174 
0.735453 
0.835127 
0.719550 
0.682701 
0.838921 
0.799214 
0.861179 
0.913179 
0.810888 
0.801061 
0.771562 
0.616452 
0.621198 
0.620073 
0.581970 
0.585723 
0.662351 
0.596313 
0.589797 
0.621210 
0.595028 
0.457015 
0.544992 
0.631266 
0.574449 
0.659509 
0.592268 
0.684720 
0.629863 
0.785930 
0.597687 
0.611505 
0.584068 
0.433396 
0.360936 
0.315998 
0.236985 
0.231676 
0.228891 
0.217601 
0.235546 
0.202081 
0.205624 
0.216381 
0.230191 
0.198268 
0.172312 
0.210995 
0.204282 
0.230092 
0.251438 
0.253033 
0.279242 
0.290520 
0.332086 
0.375412 
0.420762 
0.482361 
0.506860 
0.580283 
0.674381 
0.735192 
0.643014 
0.702542 
0.440566 
0.533687 
0.565909 
0.423452 
0.419678 
0.463374 
0.429788 
0.429792 
0.384729 
0.335774 
0.367831 
0.417971 
0.414394 
0.352045 
0.419806 
0.369564 
0.359385 
0.425843 
0.524823 
0.510271 
0.722224 
0.612359 
0.649132 
0.669989 
0.615613 
0.644355 
0.674903 
0.577277 
0.485354 
0.617237 
0.486090 
0.462130 
0.370870 
0.426275 
0.357858 
0.336330 
0.361913 
0.424275 
0.366624 
0.426162 
0.435138 
0.432728 
0.415399 
0.351154 
0.452239 
0.455252 
0.607051 
0.413804 
0.518550 
0.521247 
0.479740 
0.537432 
0.452915 
0.512927 
0.454685 
0.405054 
0.280431 
0.307869 
0.350826 
0.298115 
0.396602 
0.371959 
0.452796 
0.459707 
0.319304 
0.330275 
0.238694 
0.196227 
0.240957 
0.234990 
0.282869 
0.264697 
0.262361 
0.294984 
0.232025 
0.284361 
0.244192 
0.250138 
0.289350 
0.268580 
0.261170 
0.218908 
0.244196 
0.255147 
0.241786 
0.214830 
0.227441 
0.173672 
0.184926 
0.192926 
0.164493 
0.180010 
0.148955 
0.153241 
0.137044 
0.105227 
0.115206 
0.101777 
0.104622 
0.108604 
0.098435 
0.097459 
0.098105 
0.082259 
0.100444 
0.073118 
0.074673 
0.080585 
0.082195 
0.088163 
0.075652 
0.084207 
0.090464 
0.079940 
0.087866 
0.097617 
0.093718 
0.095325 
0.094520 
0.091818 
0.116928 
0.099814 
0.124073 
0.103447 
0.106104 
0.126821 
0.133880 
0.115893 
0.112829 
0.101465 
0.139818 
0.138936 
0.145809 
0.150293 
0.135157 
0.143554 
0.139359 
0.137163 
0.153838 
0.157260 
0.159227 
0.138637 
0.127694 
0.150507 
0.121786 
0.173340 
0.169148 
0.194531 
0.182098 
0.185872 
0.203617 
0.210886 
0.214895 
0.225730 
0.226623 
0.271869 
0.301223 
0.383212 
0.313316 
0.311602 
0.360565 
0.329682 
0.281162 
0.253785 
0.260538 
0.177580 
0.156090 
0.166052 
0.133985 
0.133744 
0.124949 
0.161936 
0.136296 
0.134317 
0.120093 
0.108885 
0.092394 
0.089876 
0.071758 
0.058206 
0.076562 
0.071247 
0.065539 
0.050854 
0.055112 
0.060992 
0.063302 
0.043419 
0.054745 
0.055596 
0.058257 
0.050784 
0.070625 
0.062841 
0.058534 
0.060003 
0.056650 
0.071843 
0.055528 
0.069547 
0.068896 
0.056750 
0.064384 
0.054972 
0.055026 
0.068482 
0.073932 
0.061088 
0.057025 
0.062731 
0.059844 
0.055676 
0.054974 
0.055765 
0.052581 
0.046382 
0.038941 
0.039868 
0.048659 
0.035037 
0.036485 
0.036350 
0.029777 
0.032007 
0.033651 
0.026871 
0.029408 
0.032587 
0.026813 
0.030688 
0.029188 
0.023219 
0.027008 
0.029269 
0.019557 
0.028355 
0.025951 
0.019298 
0.018541 
0.018669 
0.015833 
0.017489 
0.014518 
0.015785 
0.012657 
0.012868 
0.011075 
0.011245 
0.010533 
0.009890 
0.007471 
0.007282 
0.006725 
0.006664 
0.007187 
0.006282 
0.006687 
0.005589 
0.005808 
0.005520 
0.006691 
0.005967 
0.006134 
0.005820 
0.006383 
0.004376 
0.006981 
0.006910 
0.006857 
0.006161 
0.006905 
0.004888 
0.006452 
0.005227 
0.004846 
0.004748 
0.003189 
0.003040 
0.002923 
0.002408 
0.002067 
0.002660 
0.002232 
0.002027 
0.002416 
0.002221 
0.002100 
0.002413 
0.002018 
0.002097 
0.001768 
0.002255 
0.001643 
0.002274 
0.001807 
0.001528 
0.001239 
0.001210 
0.001188 
0.001013 
0.000969 
0.000907 
0.000853 
0.000635 
0.000436 
0.000289 
0.000131 
0.000070 
0.000045 
0.000023 
0.000013 
0.000004 
0.000000 
0.000000 
0.000000 
0.000000 
0.000000 
0.000000 
0.000000 
0.000000 
0.000000 
0.000000 
0.000000 
0.000000 
0.000000 
0.000000 
0.000000 
0.000000 
0.000000 
0.000000 
0.000000 
0.000000 
0.000000 
0.000000 
0.000000 
0.000000 
0.000000 
0.000000 
0.000000 
0.000000 
0.000000 
0.000000 
0.000000 
0.000000 
0.000000 
0.000000 
0.000000 
0.000000 
0.000000 
0.000000 
0.000000 
0.000000 
0.000000 
0.000000 
0.000000 
0.000000 
0.000000 
0.000000 
0.000000 
0.000000 
0.000000 
0.000000 
0.000000 
0.000000 
0.000000 
0.000000 
0.000000 
0.000000 
0.000000 
0.000000 
0.000000 
0.000000 
0.000000 
0.000000 
0.000000 
0.000000 
0.000000 
0.000000 
0.000000 
0.000000 
0.000000 
0.000000 
0.000000 
0.000000 
0.000000 
0.000000 
0.000000 
0.000000 
0.000000 
0.000000 
0.000000 
0.000000 
0.000000 
0.000000 
0.000000 
0.000000 
0.000000 
0.000000 
0.000000 
0.000000 
0.000000 
0.000000 
0.000000 
0.000000 
0.000000 
0.000000 
0.000000 
0.000000 
0.000000 
0.000000 
0.000000 
0.000000 
0.000000 
0.000000 
0.000000 
0.000000 
0.000000 
0.000000 
0.000000 
0.000000 
0.000000 
0.000000 
0.000000 
0.000000 
0.000000 
0.000000 
0.000000 
0.000000 
0.000000 
0.000000 
0.000000 
0.000000 
0.000000 
0.000000 
0.000000 
0.000000 
0.000000 
0.000000 
0.000000 
0.000000 
0.000000 
0.000000 
0.000000 
0.000000 
0.000000 
0.000000 
0.000000 
0.000000 
0.000000 
0.000000 
0.000000 
0.000000 
0.000000 
0.000000 
0.000000 
0.000000 
0.000000 
0.000000 
0.000000 
0.000000 
0.000000 
0.000000 
0.000000 
0.000000 
0.000000 
0.000000 
0.000000 
0.000000 
0.000000 
0.000000 
0.000000 
0.000000 
0.000000 
0.000000 
0.000000 
0.000000 
0.000000 
0.000000 
0.000000 
0.000000 
0.000000 
0.000000 
0.000000 
0.000000 
0.000000 
0.000000 
0.000000 
0.000000 
0.000000 
0.000000 
0.000000 
0.000000 
0.000000 
0.000000 
0.000000 
0.000000 
0.000000 
0.000000 
0.000000 
0.000000 
0.000000 
0.000000 
0.000000 
