0.039000 
0.039000 
0.039000 
0.039000 
0.039000 
0.039000 
0.039000 
0.039000 
0.039000 
0.039000 
0.039000 
0.039000 
0.039000 
0.039000 
0.039000 
0.039000 
0.039000 
0.039000 
0.039000 
0.039000 
0.039000 
0.039000 
0.039000 
0.039000 
0.039000 
0.039000 
0.039000 
0.039000 
0.039000 
0.039000 
0.039000 
0.039000 
0.039000 
0.039000 
0.039000 
0.039000 
0.039000 
0.039000 
0.039000 
0.039000 
0.039000 
0.039000 
0.039000 
0.039000 
0.039000 
0.046878 
0.065664 
0.088086 
0.106872 
0.114750 
0.114750 
0.114750 
0.114750 
0.114750 
0.114750 
0.114750 
0.114750 
0.114750 
0.114750 
0.114750 
0.112762 
0.107575 
0.100351 
0.092255 
0.084450 
0.075069 
0.063216 
0.051508 
0.042563 
0.039000 
0.039000 
0.039000 
0.039000 
0.039000 
0.039000 
0.039000 
0.039000 
0.039000 
0.039000 
0.039000 
0.039000 
0.039000 
0.039000 
0.039000 
0.039000 
0.039000 
0.039000 
0.039000 
0.039000 
0.039000 
0.039000 
0.039000 
0.039000 
0.039000 
0.039000 
0.039000 
0.039000 
0.039000 
0.039000 
0.039000 
0.039000 
0.039000 
0.039000 
0.039000 
0.039000 
0.039800 
0.042006 
0.045327 
0.049472 
0.054150 
0.063555 
0.078972 
0.095746 
0.109223 
0.114750 
0.114750 
0.114750 
0.114750 
0.114750 
0.114750 
0.114750 
0.114750 
0.114750 
0.114750 
0.114750 
0.111187 
0.102242 
0.090534 
0.078681 
0.069300 
0.061495 
0.053399 
0.046175 
0.040988 
0.039000 
0.039000 
0.039000 
0.039000 
0.039000 
0.039000 
0.039000 
0.039000 
0.039000 
0.039000 
0.039000 
0.039000 
0.039000 
0.039000 
0.039000 
0.039000 
0.039000 
0.039000 
0.039000 
0.039000 
0.039000 
0.039000 
0.039000 
0.039000 
0.039000 
0.039000 
0.039000 
0.039000 
0.039000 
0.039000 
0.039000 
0.039000 
0.039000 
0.039000 
0.039000 
0.039000 
0.039000 
0.039000 
0.039000 
0.039000 
0.039000 
0.039000 
0.039000 
0.039000 
0.039000 
0.039000 
0.039000 
0.039000 
0.039000 
0.039000 
0.039000 
0.039000 
0.039000 
0.039000 
0.039000 
0.039000 
0.039000 
0.039000 
0.039000 
0.039000 
0.039000 
0.039000 
0.039000 
0.039000 
0.039000 
0.039000 
0.039000 
0.039000 
0.039000 
0.039000 
0.039000 
0.039000 
0.039000 
0.039000 
0.039000 
0.039000 
0.039000 
0.039000 
0.039000 
0.039000 
0.039000 
0.039000 
0.039000 
0.039000 
0.039000 
0.039000 
0.046878 
0.065664 
0.088086 
0.106872 
0.114750 
0.114750 
0.114750 
0.114750 
0.114750 
0.114750 
0.114750 
0.114750 
0.114750 
0.114750 
0.114750 
0.112762 
0.107575 
0.100351 
0.092255 
0.084450 
0.075069 
0.063216 
0.051508 
0.042563 
0.039000 
0.039000 
0.039000 
0.039000 
0.039000 
0.039000 
0.039000 
0.039000 
0.039000 
0.039000 
0.039000 
0.039000 
0.039000 
0.039000 
0.039000 
0.039000 
0.039000 
0.039000 
0.039000 
0.039000 
0.039000 
0.039000 
0.039000 
0.039000 
0.039000 
0.039000 
0.039000 
0.039000 
0.039000 
0.039000 
0.039000 
0.039000 
0.039000 
0.039000 
0.039000 
0.039000 
0.039000 
0.039000 
0.039000 
0.039000 
0.039000 
0.039000 
0.039000 
0.039000 
0.039000 
0.039000 
0.040988 
0.046175 
0.053399 
0.061495 
0.069300 
0.078681 
0.090534 
0.102242 
0.111187 
0.114750 
0.114750 
0.114750 
0.114750 
0.114750 
0.114750 
0.114750 
0.114750 
0.114750 
0.114750 
0.114750 
0.109223 
0.095746 
0.078972 
0.063555 
0.054150 
0.049472 
0.045327 
0.042006 
0.039800 
0.039000 
0.039000 
0.039000 
0.039000 
0.039000 
0.039000 
0.039000 
0.039000 
0.039000 
0.039000 
0.039000 
0.039000 
0.039000 
0.039000 
0.039000 
0.039000 
0.039000 
0.039000 
0.039000 
0.039000 
0.039000 
0.039000 
0.039000 
0.039000 
0.039000 
0.039000 
0.039000 
0.039000 
0.039000 
0.039000 
0.039000 
0.039000 
0.039000 
0.039000 
0.039000 
0.039000 
0.039000 
0.039000 
0.039000 
0.039000 
0.039000 
0.039000 
0.039000 
0.039000 
0.039000 
0.039000 
0.039000 
0.039000 
0.039000 
0.039000 
0.039000 
0.039000 
0.039000 
0.039000 
0.039000 
0.039000 
0.039000 
0.039000 
0.039000 
0.039000 
0.039000 
0.040988 
0.046175 
0.053399 
0.061495 
0.069300 
0.078681 
0.090534 
0.102242 
0.111187 
0.114750 
0.114750 
0.114750 
0.114750 
0.114750 
0.114750 
0.114750 
0.114750 
0.114750 
0.114750 
0.114750 
0.108724 
0.094248 
0.076725 
0.061558 
0.054150 
0.052561 
0.051269 
0.050308 
0.049707 
0.049500 
0.054907 
0.068841 
0.087872 
0.108568 
0.127500 
0.147914 
0.172144 
0.195393 
0.212861 
0.219750 
0.218674 
0.216107 
0.213043 
0.210476 
0.209400 
0.211490 
0.216475 
0.222425 
0.227410 
0.229500 
0.229500 
0.229500 
0.229500 
0.229500 
0.229500 
0.230967 
0.234705 
0.239719 
0.245016 
0.249600 
0.254059 
0.259058 
0.263717 
0.267158 
0.268500 
0.267614 
0.265062 
0.261003 
0.255596 
0.249000 
0.222592 
0.169941 
0.109494 
0.059698 
0.039000 
0.039000 
0.039000 
0.039000 
0.039000 
0.039000 
0.039000 
0.039000 
0.039000 
0.039000 
0.039000 
0.039000 
0.039000 
0.039000 
0.039000 
0.039000 
0.040988 
0.046175 
0.053399 
0.061495 
0.069300 
0.078681 
0.090534 
0.102242 
0.111187 
0.114750 
0.114750 
0.114750 
0.114750 
0.114750 
0.114750 
0.114750 
0.114750 
0.114750 
0.114750 
0.114750 
0.116885 
0.123111 
0.133159 
0.146762 
0.163650 
0.259334 
0.460834 
0.695147 
0.889270 
0.970200 
0.894571 
0.714226 
0.498974 
0.318629 
0.243000 
0.243000 
0.243000 
0.243000 
0.243000 
0.243000 
0.394476 
0.755688 
1.186812 
1.548024 
1.699500 
1.699500 
1.699500 
1.699500 
1.699500 
1.699500 
1.695045 
1.683802 
1.668951 
1.653673 
1.641150 
1.632840 
1.626548 
1.619971 
1.610805 
1.596750 
1.423693 
1.035989 
0.579039 
0.198243 
0.039000 
0.039000 
0.039000 
0.039000 
0.039000 
0.039000 
0.049530 
0.074640 
0.104610 
0.129720 
0.140250 
0.140250 
0.140250 
0.140250 
0.140250 
0.140250 
0.140250 
0.140250 
0.140250 
0.140250 
0.140250 
0.140250 
0.140250 
0.140250 
0.140250 
0.140250 
0.140250 
0.140250 
0.140250 
0.140250 
0.140250 
0.140820 
0.142393 
0.144760 
0.147715 
0.151050 
0.155118 
0.160833 
0.168835 
0.179762 
0.194250 
0.274759 
0.451692 
0.677605 
0.905056 
1.086600 
1.239846 
1.398804 
1.540628 
1.642475 
1.681500 
1.681500 
1.681500 
1.681500 
1.681500 
1.681500 
1.681500 
1.681500 
1.681500 
1.681500 
1.681500 
1.645021 
1.549292 
1.414878 
1.262342 
1.112250 
0.923236 
0.677886 
0.432694 
0.244151 
0.168750 
0.168750 
0.168750 
0.168750 
0.168750 
0.168750 
0.168750 
0.168750 
0.168750 
0.168750 
0.168750 
0.165187 
0.156242 
0.144534 
0.132681 
0.123300 
0.115495 
0.107399 
0.100175 
0.094988 
0.093000 
0.093000 
0.093000 
0.093000 
0.093000 
0.093000 
0.093000 
0.093000 
0.093000 
0.093000 
0.093000 
0.093000 
0.093000 
0.093000 
0.093000 
0.093000 
0.093000 
0.093000 
0.093000 
0.093000 
0.093000 
0.093000 
0.093000 
0.093000 
0.093000 
0.093000 
0.093000 
0.093000 
0.093000 
0.093000 
0.093000 
0.093000 
0.093000 
0.093000 
0.093000 
0.093000 
0.098522 
0.111691 
0.127409 
0.140578 
0.146100 
0.140578 
0.127409 
0.111691 
0.098522 
0.093000 
0.095756 
0.102936 
0.112907 
0.124039 
0.134700 
0.147326 
0.163145 
0.178712 
0.190579 
0.195300 
0.192539 
0.185954 
0.178096 
0.171511 
0.168750 
0.174272 
0.187441 
0.203159 
0.216328 
0.221850 
0.213084 
0.191610 
0.164664 
0.139482 
0.123300 
0.114216 
0.105960 
0.099216 
0.094668 
0.093000 
0.121688 
0.190099 
0.271751 
0.340162 
0.368850 
0.357508 
0.328435 
0.289058 
0.246804 
0.209100 
0.170320 
0.125499 
0.083058 
0.051418 
0.039000 
0.039000 
0.039000 
0.039000 
0.039000 
0.039000 
0.039000 
0.039000 
0.039000 
0.039000 
0.039000 
0.039000 
0.039000 
0.039000 
0.039000 
0.039000 
0.039000 
0.039000 
0.039000 
0.039000 
0.039000 
0.039000 
0.039000 
0.039000 
0.039000 
0.039000 
0.052370 
0.084978 
0.125570 
0.162895 
0.185700 
0.197085 
0.207180 
0.215272 
0.220649 
0.222600 
0.211384 
0.184637 
0.152713 
0.125966 
0.114750 
0.114750 
0.114750 
0.114750 
0.114750 
0.114750 
0.106872 
0.088086 
0.065664 
0.046878 
0.039000 
0.039000 
0.039000 
0.039000 
0.039000 
0.039000 
0.039000 
0.039000 
0.039000 
0.039000 
0.039000 
0.039000 
0.039000 
0.039000 
0.039000 
0.039000 
0.039000 
0.039000 
0.039000 
0.039000 
0.039000 
0.039000 
0.039000 
0.039000 
0.039000 
0.039000 
0.039000 
0.039000 
0.039000 
0.039000 
0.039000 
0.039000 
0.039000 
0.039000 
0.039000 
0.039000 
0.039000 
0.039000 
0.039000 
0.039000 
0.039000 
0.039000 
0.039000 
0.039000 
0.039000 
0.039000 
0.039000 
0.039000 
0.039000 
0.039000 
0.039000 
0.039000 
0.039000 
0.039000 
0.039000 
0.039000 
0.039000 
0.039000 
0.039000 
0.039000 
0.039000 
0.039000 
0.039000 
0.039000 
0.039000 
0.039000 
0.039000 
0.039000 
0.039000 
0.039000 
0.039000 
0.039000 
0.039000 
0.039000 
0.039000 
0.039000 
0.039000 
0.039000 
0.039000 
0.039000 
0.039000 
0.039000 
0.039000 
0.039000 
0.039000 
0.039000 
0.040988 
0.046175 
0.053399 
0.061495 
0.069300 
0.078681 
0.090534 
0.102242 
0.111187 
0.114750 
0.114750 
0.114750 
0.114750 
0.114750 
0.114750 
0.114750 
0.114750 
0.114750 
0.114750 
0.114750 
0.109223 
0.095746 
0.078972 
0.063555 
0.054150 
0.049472 
0.045327 
0.042006 
0.039800 
0.039000 
0.039000 
0.039000 
0.039000 
0.039000 
0.039000 
0.039000 
0.039000 
0.039000 
0.039000 
0.039000 
0.039000 
0.039000 
0.039000 
0.039000 
0.039000 
0.039000 
0.039000 
0.039000 
0.039000 
0.039000 
0.039000 
0.039000 
0.039000 
0.039000 
0.039000 
0.039000 
0.039000 
0.039000 
0.039000 
0.039000 
0.039000 
0.039000 
0.039000 
0.039000 
0.039000 
0.042563 
0.051508 
0.063216 
0.075069 
0.084450 
0.092255 
0.100351 
0.107575 
0.112762 
0.114750 
0.114750 
0.114750 
0.114750 
0.114750 
0.114750 
0.114750 
0.114750 
0.114750 
0.114750 
0.114750 
0.106872 
0.088086 
0.065664 
0.046878 
0.039000 
0.039000 
0.039000 
0.039000 
0.039000 
0.039000 
0.039000 
0.039000 
0.039000 
0.039000 
0.039000 
0.039000 
0.039000 
0.039000 
0.039000 
0.039000 
0.039000 
0.039000 
0.039000 
0.039000 
0.039000 
0.039000 
0.039000 
0.039000 
0.039000 
0.039000 
0.039000 
0.039000 
0.039000 
0.039000 
0.039000 
0.050388 
0.077544 
0.109956 
0.137112 
0.148500 
0.148500 
0.148500 
0.148500 
0.148500 
0.148500 
0.148500 
0.148500 
0.148500 
0.148500 
0.148500 
0.148500 
0.148500 
0.148500 
0.148500 
0.148500 
0.148500 
0.148500 
0.148500 
0.148500 
0.148500 
0.151756 
0.160085 
0.171332 
0.183339 
0.193950 
0.204670 
0.216938 
0.228495 
0.237085 
0.240450 
0.238765 
0.234748 
0.229952 
0.225935 
0.224250 
0.224250 
0.224250 
0.224250 
0.224250 
0.224250 
0.216372 
0.197586 
0.175164 
0.156378 
0.148500 
0.148500 
0.148500 
0.148500 
0.148500 
0.148500 
0.148602 
0.148902 
0.149391 
0.150060 
0.150900 
0.157715 
0.172632 
0.190126 
0.204673 
0.210750 
0.207942 
0.201246 
0.193254 
0.186558 
0.183750 
0.188830 
0.201293 
0.216976 
0.231717 
0.241350 
0.246959 
0.252101 
0.256329 
0.259195 
0.260250 
0.260250 
0.260250 
0.260250 
0.260250 
0.260250 
0.260250 
0.260250 
0.260250 
0.260250 
0.260250 
0.260250 
0.260250 
0.260250 
0.260250 
0.260250 
0.260250 
0.260250 
0.260250 
0.260250 
0.260250 
0.641062 
1.549151 
2.632999 
3.541088 
3.921900 
3.531260 
2.599735 
1.487915 
0.556390 
0.165750 
0.169962 
0.180006 
0.191994 
0.202038 
0.206250 
0.204004 
0.198647 
0.192253 
0.186896 
0.184650 
0.192512 
0.211261 
0.233639 
0.252388 
0.260250 
0.260250 
0.260250 
0.260250 
0.260250 
0.260250 
0.259787 
0.258452 
0.256328 
0.253500 
0.250050 
0.236242 
0.208712 
0.177108 
0.151072 
0.140250 
0.140250 
0.140250 
0.140250 
0.140250 
0.140250 
0.140250 
0.140250 
0.140250 
0.140250 
0.140250 
0.151045 
0.176788 
0.207512 
0.233255 
0.244050 
0.241991 
0.237080 
0.231220 
0.226309 
0.224250 
0.224250 
0.224250 
0.224250 
0.224250 
0.224250 
0.224250 
0.224250 
0.224250 
0.224250 
0.224250 
0.224250 
0.224250 
0.224250 
0.224250 
0.224250 
0.226907 
0.233840 
0.243496 
0.254317 
0.264750 
0.277289 
0.293132 
0.308782 
0.320737 
0.325500 
0.325500 
0.325500 
0.325500 
0.325500 
0.325500 
0.325975 
0.327286 
0.329258 
0.331721 
0.334500 
0.338672 
0.345001 
0.352843 
0.361557 
0.370500 
0.380497 
0.392171 
0.404576 
0.416767 
0.427800 
0.439015 
0.451098 
0.462118 
0.470145 
0.473250 
0.463578 
0.440514 
0.412986 
0.389922 
0.380250 
0.380250 
0.380250 
0.380250 
0.380250 
0.380250 
0.373514 
0.357019 
0.336332 
0.317019 
0.304650 
0.297871 
0.291846 
0.286916 
0.283420 
0.281700 
0.281037 
0.280496 
0.280091 
0.279838 
0.279750 
0.279750 
0.279750 
0.279750 
0.279750 
0.279750 
0.280419 
0.282165 
0.284597 
0.287322 
0.289950 
0.292483 
0.295223 
0.298227 
0.301550 
0.305250 
0.310558 
0.317567 
0.324621 
0.330067 
0.332250 
0.330331 
0.325756 
0.320294 
0.315719 
0.313800 
0.313830 
0.313921 
0.314072 
0.314281 
0.314550 
0.325629 
0.351619 
0.382539 
0.408409 
0.419250 
0.414726 
0.403938 
0.391062 
0.380274 
0.375750 
0.378324 
0.384462 
0.391788 
0.397926 
0.400500 
0.400000 
0.398639 
0.396628 
0.394178 
0.391500 
0.386856 
0.379719 
0.372114 
0.366066 
0.363600 
0.365187 
0.369326 
0.375086 
0.381538 
0.387750 
0.394242 
0.401729 
0.409569 
0.417123 
0.423750 
0.429294 
0.434255 
0.438979 
0.443812 
0.449100 
0.454196 
0.458897 
0.464216 
0.471163 
0.480750 
0.505611 
0.551897 
0.610892 
0.673881 
0.732150 
0.795213 
0.868943 
0.939162 
0.991690 
1.012350 
0.961927 
0.841016 
0.695157 
0.569889 
0.510750 
0.500792 
0.492797 
0.486901 
0.483240 
0.481950 
0.481906 
0.481883 
0.481867 
0.481844 
0.481800 
0.479719 
0.474273 
0.466477 
0.457347 
0.447900 
0.435556 
0.419060 
0.401417 
0.385629 
0.374700 
0.367280 
0.360431 
0.354771 
0.350921 
0.349500 
0.351060 
0.354780 
0.359220 
0.362940 
0.364500 
0.363424 
0.360857 
0.357793 
0.355226 
0.354150 
0.354680 
0.355945 
0.357455 
0.358720 
0.359250 
0.359250 
0.359250 
0.359250 
0.359250 
0.359250 
0.363768 
0.375397 
0.391247 
0.408428 
0.424050 
0.440702 
0.460338 
0.479118 
0.493202 
0.498750 
0.497814 
0.495582 
0.492918 
0.490686 
0.489750 
0.490499 
0.492284 
0.494416 
0.496201 
0.496950 
0.495984 
0.493344 
0.489417 
0.484590 
0.479250 
0.469511 
0.454194 
0.437746 
0.424615 
0.419250 
0.426239 
0.444104 
0.468196 
0.493861 
0.516450 
0.539101 
0.564915 
0.589184 
0.607199 
0.614250 
0.610459 
0.601420 
0.590630 
0.581591 
0.577800 
0.594149 
0.633134 
0.679666 
0.718651 
0.735000 
0.734870 
0.734489 
0.733873 
0.733038 
0.732000 
0.727355 
0.717338 
0.704424 
0.691087 
0.679800 
0.670404 
0.661216 
0.652420 
0.644203 
0.636750 
0.629191 
0.621302 
0.614237 
0.609152 
0.607200 
0.612223 
0.624202 
0.638498 
0.650477 
0.655500 
0.655500 
0.655500 
0.655500 
0.655500 
0.655500 
0.655500 
0.655500 
0.655500 
0.655500 
0.655500 
0.655500 
0.655500 
0.655500 
0.655500 
0.655500 
0.741986 
0.948223 
1.194377 
1.400614 
1.487100 
1.449888 
1.339380 
1.157268 
0.905244 
0.585000 
