0.000000 
0.000000 
0.000000 
0.000000 
0.000000 
0.000000 
0.000000 
0.000000 
0.000000 
0.000000 
0.000000 
0.000000 
0.000000 
0.000000 
0.000000 
0.000000 
0.000000 
0.000000 
0.000000 
0.000000 
0.000000 
0.000000 
0.000000 
0.000000 
0.000000 
0.000000 
0.000000 
0.000000 
0.000000 
0.000000 
0.000000 
0.000000 
0.000000 
0.000000 
0.000000 
0.000000 
0.000000 
0.000000 
0.000000 
0.000000 
0.000000 
0.000000 
0.000000 
0.000000 
0.000000 
0.000000 
0.000000 
0.000000 
0.000000 
0.000000 
0.000000 
0.000000 
0.000000 
0.000000 
0.000000 
0.000000 
0.000000 
0.000000 
0.000000 
0.000000 
0.000000 
0.000000 
0.000000 
0.000000 
0.000000 
0.000000 
0.000000 
0.000000 
0.000000 
0.000000 
0.000000 
0.000000 
0.000000 
0.000000 
0.000000 
0.000000 
0.000000 
0.000000 
0.000000 
0.000000 
0.000000 
0.000000 
0.000000 
0.000000 
0.000000 
0.000000 
0.000000 
0.000000 
0.000000 
0.000000 
0.000000 
0.000000 
0.000000 
0.000000 
0.000000 
0.000000 
0.000000 
0.000000 
0.000000 
0.000000 
0.000000 
0.000000 
0.000000 
0.000000 
0.000000 
0.000000 
0.000000 
0.000000 
0.000000 
0.000000 
0.000000 
0.000000 
0.000000 
0.000000 
0.000000 
0.000000 
0.000000 
0.000000 
0.000000 
0.000000 
0.000000 
0.000000 
0.000000 
0.000000 
0.000000 
0.000000 
0.000000 
0.000000 
0.000000 
0.000000 
0.000000 
0.000000 
0.000000 
0.000000 
0.000000 
0.000000 
0.000000 
0.000000 
0.000000 
0.000000 
0.000000 
0.000000 
0.000000 
0.000000 
0.000000 
0.000000 
0.000000 
0.000000 
0.000000 
0.000000 
0.000000 
0.000000 
0.000000 
0.000000 
0.000000 
0.000000 
0.000000 
0.000000 
0.000000 
0.000000 
0.000000 
0.000000 
0.000000 
0.000000 
0.000000 
0.000000 
0.000000 
0.000000 
0.000000 
0.000000 
0.000000 
0.000000 
0.000000 
0.000000 
0.000000 
0.000000 
0.000000 
0.000000 
0.000000 
0.000000 
0.000000 
0.000000 
0.000000 
0.000000 
0.000000 
0.000000 
0.000000 
0.000000 
0.000000 
0.000000 
0.000000 
0.000000 
0.000000 
0.000000 
0.000000 
0.000000 
0.000000 
0.000000 
0.000000 
0.000000 
0.000000 
0.000000 
0.000000 
0.000000 
0.000000 
0.000000 
0.000000 
0.000000 
0.000000 
0.000000 
0.000000 
0.000000 
0.000000 
0.000000 
0.000000 
0.000000 
0.000000 
0.000000 
0.000000 
0.000000 
0.000000 
0.000000 
0.000000 
0.000000 
0.000000 
0.000033 
0.000091 
0.000229 
0.000317 
0.000508 
0.000632 
0.000904 
0.001067 
0.001635 
0.002099 
0.002804 
0.002864 
0.004326 
0.004765 
0.005325 
0.006987 
0.009499 
0.010492 
0.012451 
0.012447 
0.013531 
0.014988 
0.011917 
0.018843 
0.018894 
0.018223 
0.018536 
0.017901 
0.018734 
0.019123 
0.013912 
0.019250 
0.016919 
0.017254 
0.017741 
0.017235 
0.014408 
0.016244 
0.018627 
0.017219 
0.020387 
0.017904 
0.021268 
0.019793 
0.024485 
0.023269 
0.027167 
0.027477 
0.032922 
0.027330 
0.033616 
0.040195 
0.029848 
0.031111 
0.036531 
0.042219 
0.044096 
0.041253 
0.033127 
0.041298 
0.043568 
0.045880 
0.044560 
0.047925 
0.048843 
0.039709 
0.045418 
0.046628 
0.048752 
0.046901 
0.041686 
0.050023 
0.049662 
0.043584 
0.055972 
0.056455 
0.058206 
0.055207 
0.049537 
0.064262 
0.048822 
0.058903 
0.060247 
0.058487 
0.057798 
0.067527 
0.066790 
0.049761 
0.078553 
0.077657 
0.066402 
0.072652 
0.070755 
0.059865 
0.087343 
0.060857 
0.072859 
0.070616 
0.072013 
0.099534 
0.091602 
0.087619 
0.100959 
0.115858 
0.118238 
0.113073 
0.126436 
0.168171 
0.165248 
0.206705 
0.175332 
0.155780 
0.200605 
0.150876 
0.198444 
0.204403 
0.170947 
0.180953 
0.166954 
0.123820 
0.156796 
0.166328 
0.195872 
0.169169 
0.177461 
0.181804 
0.182572 
0.182480 
0.189624 
0.170460 
0.168014 
0.228486 
0.185804 
0.234718 
0.313546 
0.210380 
0.251910 
0.317692 
0.351533 
0.313459 
0.289991 
0.396817 
0.403478 
0.383445 
0.400837 
0.428613 
0.407380 
0.466097 
0.672533 
0.573799 
0.578645 
0.575893 
0.441586 
0.446470 
0.357953 
0.369196 
0.481870 
0.431976 
0.491422 
0.429026 
0.436171 
0.534364 
0.488592 
0.528644 
0.539837 
0.453526 
0.446431 
0.437346 
0.402754 
0.330273 
0.333339 
0.394852 
0.339124 
0.402394 
0.402307 
0.436808 
0.470329 
0.507657 
0.521271 
0.503158 
0.621169 
0.525261 
0.529200 
0.586166 
0.455325 
0.473611 
0.531091 
0.513812 
0.349878 
0.461421 
0.428430 
0.453945 
0.499309 
0.609264 
0.581340 
0.627490 
0.709931 
0.623906 
0.774591 
0.625442 
0.466957 
0.667459 
0.680452 
0.622945 
0.466906 
0.790301 
0.734769 
0.663649 
0.669475 
0.903297 
0.783793 
0.668926 
0.796191 
0.744830 
0.783405 
0.878508 
0.916435 
0.775758 
0.793927 
0.833797 
0.766143 
0.847364 
0.914782 
1.011635 
0.861007 
1.078816 
1.041676 
0.960556 
1.009885 
0.956050 
0.966907 
0.865440 
1.052097 
0.959505 
1.112525 
0.945031 
0.934559 
0.915867 
0.811595 
0.850930 
0.559431 
0.700924 
0.471109 
0.386586 
0.314832 
0.381057 
0.561120 
0.671671 
0.832289 
0.883600 
0.943214 
0.770556 
0.940471 
0.885208 
0.940447 
1.027010 
0.928576 
0.985580 
1.013818 
0.967607 
0.926371 
0.961379 
0.943418 
0.884310 
0.912080 
0.940335 
1.117789 
0.984412 
0.895498 
0.997563 
0.948204 
1.100684 
0.905312 
1.022097 
0.999757 
1.033721 
0.996732 
0.947672 
0.941323 
0.862151 
0.733204 
0.956113 
1.073831 
0.939021 
1.077162 
0.976700 
0.923640 
0.925983 
0.736521 
0.521533 
0.421370 
0.315411 
0.281389 
0.173963 
0.178375 
0.258738 
0.327680 
0.464318 
0.684773 
0.720472 
0.882743 
0.956511 
1.026559 
1.196357 
1.051856 
1.313422 
1.224268 
1.050061 
1.080022 
1.132517 
1.230873 
1.342382 
1.376310 
1.278239 
1.333826 
1.039299 
1.279590 
1.289002 
1.002280 
1.180897 
1.271360 
1.242755 
1.252287 
1.107143 
1.058090 
1.270019 
1.237501 
1.335689 
1.407567 
1.242748 
1.157893 
1.428577 
1.443494 
1.260178 
1.330373 
1.335699 
1.357404 
1.100756 
1.434157 
1.261193 
1.417875 
1.206880 
1.398430 
1.287852 
1.268979 
1.360894 
1.290621 
1.272213 
1.518247 
1.360687 
1.469365 
1.551389 
1.524445 
1.334567 
1.549166 
1.571825 
1.242433 
1.092027 
1.581882 
1.317052 
1.736589 
1.264992 
1.345190 
1.539811 
1.283572 
1.175956 
1.335129 
1.383150 
1.610621 
1.538188 
1.726680 
1.271149 
1.130372 
0.803802 
0.857640 
0.860836 
0.843301 
0.897362 
1.130275 
0.969699 
1.137349 
1.295595 
1.569397 
1.652108 
1.552127 
1.737200 
1.590618 
1.474930 
1.438765 
1.245074 
1.253918 
1.220723 
1.213025 
1.012370 
0.959378 
0.785956 
0.902509 
0.702157 
0.733267 
0.608370 
0.638815 
1.100267 
1.405598 
1.565939 
1.569120 
1.817520 
1.325929 
1.578862 
1.232816 
1.454679 
1.382433 
1.142615 
0.934961 
0.933304 
0.982637 
0.851196 
1.145731 
1.396468 
1.434913 
1.598867 
1.990844 
1.920521 
1.812585 
1.361924 
1.556099 
1.282524 
1.373540 
1.448398 
1.274847 
1.359301 
1.345505 
1.317061 
1.299268 
1.475936 
1.640900 
1.585818 
1.841157 
1.323244 
1.100997 
0.907652 
0.874160 
0.777352 
0.478938 
0.395389 
0.403877 
0.317377 
0.310715 
0.322575 
0.299921 
0.360136 
0.333779 
0.619743 
0.656712 
1.350445 
1.393561 
1.292972 
1.417970 
1.594378 
1.733989 
1.416243 
1.597353 
1.778940 
1.636308 
1.893891 
1.352692 
1.608450 
1.635857 
1.815505 
2.066710 
1.432002 
1.652883 
1.584297 
1.618879 
1.867154 
1.799618 
1.719097 
1.621841 
1.476475 
1.801464 
1.660810 
1.355616 
1.153402 
0.663500 
0.500696 
0.371553 
0.446146 
0.579474 
0.496440 
0.779571 
0.849590 
0.857365 
0.742298 
0.909403 
0.916315 
0.949207 
0.919439 
0.733360 
0.635507 
0.540389 
0.585437 
0.631807 
0.801802 
0.909279 
1.039886 
1.030295 
1.107308 
1.221133 
1.347702 
1.561075 
1.370824 
1.339778 
1.101037 
0.916181 
0.725786 
0.605010 
0.656068 
0.612897 
0.758974 
0.783637 
0.714451 
0.631833 
0.611184 
0.599271 
0.660723 
0.599472 
0.647381 
0.689608 
0.811236 
0.851890 
0.816386 
0.746575 
0.835806 
0.931457 
0.965032 
0.988610 
1.259753 
1.187583 
1.329630 
1.620194 
1.748618 
1.396364 
1.564500 
1.622455 
1.678583 
1.109660 
1.352810 
1.056001 
0.913591 
0.618910 
0.534399 
0.579343 
0.427279 
0.516918 
0.419534 
0.436821 
0.474599 
0.541642 
0.671765 
0.778674 
0.955228 
1.158009 
1.293078 
1.425176 
1.948445 
1.614476 
1.761277 
1.564770 
1.730890 
1.929266 
1.882339 
1.559094 
1.690505 
1.565380 
1.764921 
1.421726 
1.547575 
1.385367 
1.692525 
1.821403 
1.048185 
1.423573 
1.540942 
1.521780 
1.348975 
1.557104 
1.373608 
1.584133 
1.679244 
1.558113 
1.515609 
1.334562 
1.765973 
1.536114 
1.607544 
1.585176 
1.557567 
1.838289 
1.657575 
1.652211 
1.927891 
1.338409 
1.586005 
1.175883 
1.245556 
1.022806 
1.245441 
1.339644 
1.420931 
1.578352 
1.588056 
1.568223 
1.678019 
1.666950 
1.619835 
1.196003 
1.497840 
1.601664 
1.694092 
1.302373 
1.500792 
1.529209 
1.616353 
1.376117 
1.559071 
1.404059 
1.681499 
1.413408 
1.296851 
1.028823 
1.022032 
1.062504 
1.104418 
1.014416 
0.984421 
0.748115 
0.898625 
1.019171 
1.471392 
0.952914 
1.503067 
1.075063 
1.663345 
1.597859 
1.547620 
1.561640 
1.527231 
1.404738 
1.424914 
1.310479 
1.287223 
1.191418 
1.322903 
1.293577 
1.524644 
1.337263 
1.678102 
1.425368 
1.354369 
1.344997 
1.043311 
1.124901 
1.105311 
1.216764 
1.114704 
0.968210 
0.909028 
1.164584 
1.106084 
0.741869 
1.082627 
0.984163 
1.083104 
1.234084 
1.067607 
1.126585 
1.201399 
1.339760 
1.098739 
1.210624 
1.127029 
1.028939 
0.775814 
0.741913 
0.499445 
0.450041 
0.463929 
0.384581 
0.412400 
0.386153 
0.329628 
0.374146 
0.332903 
0.343025 
0.406711 
0.308080 
0.378826 
0.360694 
0.364093 
0.383605 
0.509092 
0.485424 
0.466074 
0.627265 
0.646858 
0.781605 
0.851723 
0.872371 
1.291846 
1.259537 
1.444641 
1.117904 
0.986826 
0.953131 
0.610668 
0.829782 
0.900359 
0.776040 
0.730763 
0.716620 
0.566654 
0.636252 
0.726406 
0.654474 
0.577604 
0.677915 
0.653528 
0.487362 
0.780593 
0.767973 
0.788833 
0.817705 
0.800112 
1.095130 
1.208552 
1.233082 
1.143661 
1.152694 
1.091830 
1.081964 
1.202724 
0.950131 
1.088813 
0.901083 
0.785435 
0.743723 
0.626837 
0.665545 
0.646208 
0.729010 
0.600121 
0.738923 
0.672460 
0.710218 
0.710165 
0.627856 
0.730828 
0.636346 
0.912991 
0.765530 
0.838102 
0.935390 
0.850927 
0.835410 
0.890347 
0.887534 
0.771087 
0.784708 
0.637123 
0.537398 
0.528861 
0.503514 
0.765895 
0.634379 
0.763846 
0.857557 
0.746666 
0.626552 
0.519205 
0.334882 
0.353715 
0.397478 
0.409379 
0.466778 
0.414847 
0.591108 
0.415220 
0.462704 
0.480940 
0.401159 
0.455721 
0.459387 
0.426187 
0.498710 
0.421538 
0.397282 
0.387833 
0.428352 
0.350752 
0.350152 
0.320990 
0.321107 
0.249218 
0.231962 
0.280987 
0.276279 
0.218496 
0.210611 
0.198238 
0.201277 
0.215784 
0.202019 
0.162631 
0.151665 
0.156049 
0.176387 
0.140228 
0.147328 
0.126381 
0.133507 
0.133095 
0.169967 
0.119708 
0.115655 
0.149921 
0.165367 
0.139520 
0.182424 
0.156752 
0.187276 
0.186495 
0.149034 
0.152506 
0.155251 
0.163519 
0.196394 
0.249872 
0.191737 
0.215197 
0.175279 
0.220401 
0.224338 
0.232344 
0.233336 
0.205551 
0.263139 
0.238306 
0.282865 
0.315524 
0.272594 
0.262509 
0.260808 
0.288995 
0.216815 
0.220351 
0.234376 
0.235636 
0.269069 
0.316875 
0.284574 
0.348015 
0.273169 
0.316853 
0.355720 
0.337878 
0.325028 
0.363921 
0.468129 
0.525007 
0.604477 
0.573154 
0.467141 
0.533986 
0.573667 
0.636063 
0.556818 
0.446075 
0.378623 
0.349065 
0.311004 
0.257650 
0.276402 
0.263431 
0.234987 
0.250842 
0.219065 
0.200398 
0.238668 
0.170569 
0.171870 
0.143288 
0.129210 
0.132426 
0.134295 
0.105436 
0.092503 
0.105176 
0.104854 
0.108440 
0.101853 
0.097696 
0.122400 
0.107660 
0.125246 
0.101627 
0.128672 
0.127614 
0.108219 
0.121810 
0.104451 
0.095503 
0.104843 
0.106455 
0.093523 
0.092150 
0.093705 
0.115561 
0.107045 
0.105255 
0.112217 
0.111017 
0.118907 
0.099783 
0.090108 
0.095843 
0.097233 
0.086364 
0.094747 
0.072490 
0.079131 
0.078707 
0.082034 
0.075284 
0.060615 
0.062041 
0.051762 
0.057040 
0.055391 
0.058742 
0.057583 
0.048345 
0.052161 
0.039463 
0.045458 
0.053085 
0.038565 
0.048984 
0.046693 
0.045320 
0.041566 
0.036711 
0.031659 
0.035227 
0.023708 
0.028858 
0.026279 
0.028698 
0.024997 
0.021753 
0.020521 
0.015028 
0.017546 
0.016134 
0.015982 
0.014107 
0.012574 
0.012289 
0.010457 
0.012030 
0.011750 
0.009633 
0.011467 
0.010098 
0.010186 
0.009280 
0.012101 
0.010856 
0.010909 
0.010714 
0.011540 
0.010148 
0.010654 
0.009953 
0.010696 
0.009159 
0.011758 
0.009045 
0.008694 
0.006146 
0.005947 
0.005222 
0.004817 
0.003795 
0.004537 
0.003955 
0.003590 
0.003966 
0.004610 
0.004273 
0.004297 
0.004308 
0.003500 
0.004060 
0.003574 
0.003959 
0.003945 
0.003880 
0.003287 
0.002806 
0.002598 
0.002587 
0.002318 
0.001885 
0.001957 
0.001569 
0.001252 
0.000970 
0.000783 
0.000424 
0.000229 
0.000118 
0.000083 
0.000040 
0.000025 
0.000005 
0.000000 
0.000000 
0.000000 
0.000000 
0.000000 
0.000000 
0.000000 
0.000000 
0.000000 
0.000000 
0.000000 
0.000000 
0.000000 
0.000000 
0.000000 
0.000000 
0.000000 
0.000000 
0.000000 
0.000000 
0.000000 
0.000000 
0.000000 
0.000000 
0.000000 
0.000000 
0.000000 
0.000000 
0.000000 
0.000000 
0.000000 
0.000000 
0.000000 
0.000000 
0.000000 
0.000000 
0.000000 
0.000000 
0.000000 
0.000000 
0.000000 
0.000000 
0.000000 
0.000000 
0.000000 
0.000000 
0.000000 
0.000000 
0.000000 
0.000000 
0.000000 
0.000000 
0.000000 
0.000000 
0.000000 
0.000000 
0.000000 
0.000000 
0.000000 
0.000000 
0.000000 
0.000000 
0.000000 
0.000000 
0.000000 
0.000000 
0.000000 
0.000000 
0.000000 
0.000000 
0.000000 
0.000000 
0.000000 
0.000000 
0.000000 
0.000000 
0.000000 
0.000000 
0.000000 
0.000000 
0.000000 
0.000000 
0.000000 
0.000000 
0.000000 
0.000000 
0.000000 
0.000000 
0.000000 
0.000000 
0.000000 
0.000000 
0.000000 
0.000000 
0.000000 
0.000000 
0.000000 
0.000000 
0.000000 
0.000000 
0.000000 
0.000000 
0.000000 
0.000000 
0.000000 
0.000000 
0.000000 
0.000000 
0.000000 
0.000000 
0.000000 
0.000000 
0.000000 
0.000000 
0.000000 
0.000000 
0.000000 
0.000000 
0.000000 
0.000000 
0.000000 
0.000000 
0.000000 
0.000000 
0.000000 
0.000000 
0.000000 
0.000000 
0.000000 
0.000000 
0.000000 
0.000000 
0.000000 
0.000000 
0.000000 
0.000000 
0.000000 
0.000000 
0.000000 
0.000000 
0.000000 
0.000000 
0.000000 
0.000000 
0.000000 
0.000000 
0.000000 
0.000000 
0.000000 
0.000000 
0.000000 
0.000000 
0.000000 
0.000000 
0.000000 
0.000000 
0.000000 
0.000000 
0.000000 
0.000000 
0.000000 
0.000000 
0.000000 
0.000000 
0.000000 
0.000000 
0.000000 
0.000000 
0.000000 
0.000000 
0.000000 
0.000000 
0.000000 
0.000000 
0.000000 
0.000000 
0.000000 
0.000000 
0.000000 
0.000000 
0.000000 
0.000000 
0.000000 
0.000000 
0.000000 
0.000000 
0.000000 
0.000000 
0.000000 
0.000000 
0.000000 
