0.000000 
0.000000 
0.000000 
0.000000 
0.000000 
0.000000 
0.000000 
0.000000 
0.000000 
0.000000 
0.000000 
0.000000 
0.000000 
0.000000 
0.000000 
0.000000 
0.000000 
0.000000 
0.000000 
0.000000 
0.000000 
0.000000 
0.000000 
0.000000 
0.000000 
0.000000 
0.000000 
0.000000 
0.000000 
0.000000 
0.000000 
0.000000 
0.000000 
0.000000 
0.000000 
0.000000 
0.000000 
0.000000 
0.000000 
0.000000 
0.000000 
0.000000 
0.000000 
0.000000 
0.000000 
0.000000 
0.000000 
0.000000 
0.000000 
0.000000 
0.000000 
0.000000 
0.000000 
0.000000 
0.000000 
0.000000 
0.000000 
0.000000 
0.000000 
0.000000 
0.000000 
0.000000 
0.000000 
0.000000 
0.000000 
0.000000 
0.000000 
0.000000 
0.000000 
0.000000 
0.000000 
0.000000 
0.000000 
0.000000 
0.000000 
0.000000 
0.000000 
0.000000 
0.000000 
0.000000 
0.000000 
0.000000 
0.000000 
0.000000 
0.000000 
0.000000 
0.000000 
0.000000 
0.000000 
0.000000 
0.000000 
0.000000 
0.000000 
0.000000 
0.000000 
0.000000 
0.000000 
0.000000 
0.000000 
0.000000 
0.000000 
0.000000 
0.000000 
0.000000 
0.000000 
0.000000 
0.000000 
0.000000 
0.000000 
0.000000 
0.000000 
0.000000 
0.000000 
0.000000 
0.000000 
0.000000 
0.000000 
0.000000 
0.000000 
0.000000 
0.000000 
0.000000 
0.000000 
0.000000 
0.000000 
0.000000 
0.000000 
0.000000 
0.000000 
0.000000 
0.000000 
0.000000 
0.000000 
0.000000 
0.000000 
0.000000 
0.000000 
0.000000 
0.000000 
0.000000 
0.000000 
0.000000 
0.000000 
0.000000 
0.000000 
0.000000 
0.000000 
0.000000 
0.000000 
0.000000 
0.000000 
0.000000 
0.000000 
0.000000 
0.000000 
0.000000 
0.000000 
0.000000 
0.000000 
0.000000 
0.000000 
0.000000 
0.000000 
0.000000 
0.000000 
0.000000 
0.000000 
0.000000 
0.000000 
0.000000 
0.000000 
0.000000 
0.000000 
0.000000 
0.000000 
0.000000 
0.000000 
0.000000 
0.000000 
0.000000 
0.000000 
0.000000 
0.000000 
0.000000 
0.000000 
0.000000 
0.000000 
0.000000 
0.000000 
0.000000 
0.000000 
0.000000 
0.000000 
0.000000 
0.000000 
0.000000 
0.000000 
0.000000 
0.000000 
0.000000 
0.000000 
0.000000 
0.000000 
0.000000 
0.000000 
0.000000 
0.000000 
0.000000 
0.000000 
0.000000 
0.000000 
0.000000 
0.000000 
0.000000 
0.000000 
0.000000 
0.000000 
0.000000 
0.000000 
0.000000 
0.000000 
0.000000 
0.000000 
0.000000 
0.000000 
0.000023 
0.000114 
0.000252 
0.000350 
0.000566 
0.000727 
0.001189 
0.000994 
0.001277 
0.002020 
0.002568 
0.003644 
0.003658 
0.004649 
0.006007 
0.007216 
0.007507 
0.007873 
0.009838 
0.012529 
0.014531 
0.013080 
0.017309 
0.015515 
0.015291 
0.018112 
0.014528 
0.015669 
0.022931 
0.018502 
0.015221 
0.017878 
0.019129 
0.015147 
0.015886 
0.017187 
0.019380 
0.017267 
0.018153 
0.014409 
0.019623 
0.018816 
0.019238 
0.021476 
0.027365 
0.029859 
0.025497 
0.026498 
0.028962 
0.028089 
0.026701 
0.033786 
0.032784 
0.032663 
0.040084 
0.032768 
0.037909 
0.036505 
0.040438 
0.037667 
0.040237 
0.043829 
0.047556 
0.042644 
0.051139 
0.045440 
0.053800 
0.046698 
0.047059 
0.047922 
0.042507 
0.049123 
0.040989 
0.054658 
0.046892 
0.054914 
0.052316 
0.057563 
0.061730 
0.065120 
0.047303 
0.063787 
0.052811 
0.055944 
0.057745 
0.059481 
0.060791 
0.066698 
0.058438 
0.061136 
0.064703 
0.066348 
0.077299 
0.085041 
0.067665 
0.085249 
0.085127 
0.078703 
0.099179 
0.070441 
0.085430 
0.109423 
0.113025 
0.104490 
0.115150 
0.125288 
0.142739 
0.136602 
0.159360 
0.176598 
0.180707 
0.180868 
0.203651 
0.169063 
0.206047 
0.186362 
0.181889 
0.184544 
0.141141 
0.147573 
0.147712 
0.166245 
0.147712 
0.201789 
0.169190 
0.203407 
0.175640 
0.222566 
0.200065 
0.222014 
0.194760 
0.148553 
0.185412 
0.193169 
0.223876 
0.226110 
0.296803 
0.289523 
0.297201 
0.362648 
0.313157 
0.351729 
0.322975 
0.344019 
0.382982 
0.382510 
0.398324 
0.494627 
0.542976 
0.461370 
0.573709 
0.544276 
0.407391 
0.354481 
0.446569 
0.439312 
0.447988 
0.396633 
0.463183 
0.348188 
0.490131 
0.466430 
0.392103 
0.478348 
0.461832 
0.421991 
0.376111 
0.395440 
0.366521 
0.443542 
0.401362 
0.473926 
0.425603 
0.371507 
0.444282 
0.365002 
0.479153 
0.427837 
0.569507 
0.547462 
0.600695 
0.570934 
0.497171 
0.508880 
0.441928 
0.549864 
0.553277 
0.534716 
0.389944 
0.404179 
0.437501 
0.465835 
0.414483 
0.639113 
0.587694 
0.583661 
0.684675 
0.574523 
0.774334 
0.711203 
0.672574 
0.633932 
0.625848 
0.573477 
0.634751 
0.553130 
0.702131 
0.819507 
0.791507 
0.623527 
0.804597 
0.752493 
0.715356 
0.740015 
0.865477 
0.800334 
0.755465 
0.841849 
0.831509 
0.840744 
1.059530 
0.931156 
0.937699 
0.860441 
0.942859 
0.878915 
0.925545 
1.127321 
0.879599 
1.015746 
0.731163 
0.953415 
0.980114 
1.193923 
1.022466 
1.053471 
0.927324 
0.917870 
0.885419 
0.743017 
0.690500 
0.604608 
0.493267 
0.351604 
0.343953 
0.345809 
0.487492 
0.633475 
0.826250 
0.747663 
0.763057 
0.839630 
0.892720 
0.953104 
1.053443 
1.052006 
0.878342 
1.054791 
1.026174 
0.959372 
0.724313 
1.072514 
0.924060 
0.917657 
0.915344 
0.988701 
0.936515 
1.025668 
1.231482 
0.941721 
0.868531 
1.134902 
0.870055 
0.878378 
1.058633 
0.913398 
0.833174 
0.832764 
0.954675 
0.913741 
0.865777 
0.975846 
0.963879 
1.053294 
1.166375 
1.202874 
0.926987 
0.775654 
0.687479 
0.423343 
0.531593 
0.367027 
0.300222 
0.198451 
0.184719 
0.218355 
0.323215 
0.454373 
0.665859 
0.756972 
0.882042 
0.940710 
0.989031 
1.100313 
1.314334 
1.182947 
1.095926 
1.159120 
1.367737 
1.202588 
1.104318 
1.218400 
1.111737 
1.427755 
1.308650 
1.084685 
1.327903 
1.215350 
1.356502 
1.043072 
1.284238 
1.396952 
1.389678 
1.155413 
1.359239 
1.550300 
1.248901 
1.319502 
1.347688 
1.297052 
1.106904 
1.115665 
1.161322 
1.189153 
1.124565 
1.299796 
1.138057 
1.429022 
1.233839 
1.190838 
1.603201 
1.114580 
1.650247 
1.500873 
1.309609 
1.381554 
1.525374 
1.661679 
1.359965 
1.159521 
1.471463 
1.336263 
1.475900 
1.414956 
1.186339 
1.574103 
1.395614 
1.243997 
1.186905 
1.459348 
1.608519 
1.452557 
1.341235 
1.220912 
1.296165 
1.146444 
1.509765 
1.464008 
1.820400 
1.495778 
1.504425 
1.380636 
1.242575 
0.994782 
0.771553 
0.769557 
0.954413 
1.131598 
1.106035 
1.046388 
1.273599 
1.310620 
1.228344 
1.914701 
1.452467 
1.584117 
1.738336 
1.356505 
1.098650 
1.234362 
1.229682 
1.317020 
1.264157 
1.239554 
0.914426 
1.038512 
0.882150 
0.817025 
0.799474 
0.667122 
0.577876 
1.061301 
1.215078 
1.492050 
1.626619 
1.407366 
1.662134 
1.394829 
1.599802 
1.540021 
1.393465 
1.202698 
1.217610 
0.982104 
0.977125 
1.070603 
1.210146 
1.578609 
1.627994 
1.646222 
1.495555 
1.762478 
1.420697 
1.424341 
1.424843 
1.589221 
1.538785 
1.643001 
1.014781 
1.189654 
1.409442 
1.446935 
1.444541 
1.742585 
1.812598 
1.940033 
1.468802 
1.306412 
1.225071 
1.202216 
0.899080 
0.687358 
0.544889 
0.353295 
0.308225 
0.346412 
0.335679 
0.311380 
0.320443 
0.304247 
0.362154 
0.567187 
1.042162 
1.019532 
1.408761 
1.376474 
1.657566 
1.815653 
1.570480 
1.647729 
1.763792 
1.386885 
1.702449 
1.618412 
1.879333 
1.550993 
1.759843 
1.912007 
1.822685 
1.894609 
1.786926 
1.759891 
1.596905 
1.439671 
1.591045 
1.610447 
1.628371 
1.158707 
1.855936 
1.526748 
1.493606 
1.245194 
0.874525 
0.573657 
0.342799 
0.437433 
0.507860 
0.562127 
0.588340 
0.632727 
0.832349 
0.780852 
0.892502 
0.731198 
1.075532 
0.962947 
0.816651 
0.717058 
0.577709 
0.575509 
0.579878 
0.822687 
0.827773 
0.984046 
1.093730 
1.148117 
1.250941 
1.353617 
1.122793 
1.385941 
1.377599 
1.142016 
0.948689 
0.719673 
0.537785 
0.603563 
0.705161 
0.693923 
0.564940 
0.805891 
0.703168 
0.690036 
0.615729 
0.684672 
0.548268 
0.543552 
0.539551 
0.672317 
0.624372 
0.946421 
0.938149 
0.652528 
0.773855 
1.082667 
0.987758 
1.005570 
1.457356 
1.546595 
1.453728 
1.628526 
1.512252 
1.219761 
1.394580 
1.557890 
1.312756 
1.221747 
1.069386 
0.893246 
0.698222 
0.624575 
0.553044 
0.470507 
0.515425 
0.427178 
0.451040 
0.467161 
0.572668 
0.713105 
0.932391 
0.855589 
1.273655 
1.147310 
1.520299 
1.745772 
1.824767 
1.797522 
1.634970 
1.791894 
1.938240 
1.555320 
1.631374 
1.287636 
1.975917 
1.547189 
1.660187 
1.518778 
1.723674 
1.714930 
1.585848 
1.443302 
1.702027 
1.340295 
1.728084 
1.510839 
1.736907 
1.325300 
1.546943 
1.701775 
1.787776 
1.721550 
1.684516 
1.326793 
1.582096 
1.377572 
1.355657 
1.705907 
1.834419 
1.739071 
1.455139 
1.645723 
1.180023 
1.295682 
1.220008 
1.021879 
1.336145 
1.004911 
1.253545 
1.394898 
1.606265 
1.207430 
1.399494 
1.631913 
1.504705 
1.766386 
1.533028 
1.512697 
1.748519 
1.360552 
1.481816 
1.647441 
1.494632 
1.523392 
1.529826 
1.508844 
1.580595 
1.427826 
1.542959 
1.297151 
1.222339 
1.134235 
1.089133 
0.844356 
0.923446 
0.924299 
0.905576 
0.847591 
1.198432 
1.243210 
1.389225 
1.371596 
1.568483 
1.547263 
1.426110 
1.633466 
1.363206 
1.279230 
1.497426 
1.410120 
1.483357 
1.665099 
1.182849 
1.490943 
1.538656 
1.546609 
1.557109 
1.246912 
1.163746 
1.015294 
1.088990 
1.129571 
1.127506 
1.062948 
0.942994 
1.216775 
1.059099 
0.990787 
1.015590 
0.948240 
0.701988 
1.024724 
0.872298 
0.967894 
1.233157 
0.960677 
1.378222 
1.371358 
1.238552 
1.235891 
0.913788 
1.218218 
1.021955 
0.840663 
0.775840 
0.495699 
0.460053 
0.421539 
0.400121 
0.467323 
0.329964 
0.419204 
0.298418 
0.374720 
0.360195 
0.327072 
0.343875 
0.343915 
0.323509 
0.430663 
0.428413 
0.437683 
0.485853 
0.507656 
0.678142 
0.702372 
0.871986 
0.924206 
0.863044 
1.276360 
1.225835 
1.146123 
1.231162 
1.006543 
1.159185 
0.980842 
0.965171 
0.827288 
0.887468 
0.867396 
0.601124 
0.737602 
0.619368 
0.748161 
0.648185 
0.639298 
0.586330 
0.531258 
0.705887 
0.713239 
0.722136 
0.889315 
0.892880 
0.943437 
1.058289 
1.263778 
1.436548 
1.035202 
1.089230 
1.201992 
1.132922 
1.111671 
0.921297 
0.900403 
0.892334 
0.798703 
0.748066 
0.749555 
0.641833 
0.791141 
0.780683 
0.705391 
0.688630 
0.667092 
0.730253 
0.642893 
0.835083 
0.661878 
0.695682 
0.712976 
0.670313 
0.834099 
0.894126 
0.955946 
0.879666 
0.830230 
0.864183 
0.765319 
0.776799 
0.558299 
0.698872 
0.505285 
0.527314 
0.627540 
0.717033 
0.800248 
0.775302 
0.719607 
0.662971 
0.475654 
0.445904 
0.347506 
0.440833 
0.457864 
0.410520 
0.470938 
0.501389 
0.454506 
0.455064 
0.413012 
0.425029 
0.418773 
0.420764 
0.475199 
0.422042 
0.396744 
0.413396 
0.398179 
0.436698 
0.363453 
0.296188 
0.286734 
0.329363 
0.332671 
0.317449 
0.229092 
0.249668 
0.252830 
0.229898 
0.219378 
0.213226 
0.154188 
0.178601 
0.172007 
0.171912 
0.151851 
0.156264 
0.146395 
0.165949 
0.165988 
0.146764 
0.131482 
0.146597 
0.153728 
0.145537 
0.177141 
0.137623 
0.123675 
0.164667 
0.142257 
0.155258 
0.153870 
0.159117 
0.159716 
0.186449 
0.169363 
0.152991 
0.196923 
0.220618 
0.185029 
0.222668 
0.223005 
0.238955 
0.200033 
0.267123 
0.283706 
0.237102 
0.271692 
0.243387 
0.273143 
0.234117 
0.226594 
0.259652 
0.261741 
0.289206 
0.275125 
0.256588 
0.225970 
0.282790 
0.238590 
0.269939 
0.314387 
0.324877 
0.282996 
0.326886 
0.314618 
0.379711 
0.379963 
0.368232 
0.479594 
0.489781 
0.554120 
0.546797 
0.510423 
0.602728 
0.479016 
0.398561 
0.503403 
0.390364 
0.358380 
0.325061 
0.235576 
0.227206 
0.251988 
0.231521 
0.295133 
0.251081 
0.194504 
0.250578 
0.191300 
0.175321 
0.141131 
0.125799 
0.127868 
0.132401 
0.111475 
0.113277 
0.106371 
0.113802 
0.093947 
0.092772 
0.117752 
0.083471 
0.105414 
0.113850 
0.096844 
0.108615 
0.100288 
0.103647 
0.126231 
0.107225 
0.108177 
0.100928 
0.104912 
0.116065 
0.110708 
0.091011 
0.095302 
0.104431 
0.094799 
0.121667 
0.110046 
0.123541 
0.110642 
0.108332 
0.138747 
0.100949 
0.108403 
0.100532 
0.073464 
0.084604 
0.080095 
0.061525 
0.059117 
0.053919 
0.055336 
0.063320 
0.049147 
0.054486 
0.056966 
0.051893 
0.047848 
0.056406 
0.051417 
0.051278 
0.045485 
0.046523 
0.048132 
0.037194 
0.050955 
0.045716 
0.035620 
0.029429 
0.035496 
0.027573 
0.026267 
0.029699 
0.027750 
0.026165 
0.022814 
0.017387 
0.015516 
0.020214 
0.016487 
0.016804 
0.011980 
0.012279 
0.012584 
0.011846 
0.011378 
0.012132 
0.008881 
0.011261 
0.009657 
0.009785 
0.011130 
0.009303 
0.010840 
0.011266 
0.013121 
0.011075 
0.009913 
0.012395 
0.012544 
0.010786 
0.010928 
0.009093 
0.008372 
0.007109 
0.005909 
0.006833 
0.004700 
0.005870 
0.004339 
0.004866 
0.003507 
0.004148 
0.003574 
0.004137 
0.004188 
0.003687 
0.004174 
0.004554 
0.003844 
0.004125 
0.004030 
0.004052 
0.003264 
0.003475 
0.002997 
0.002954 
0.002168 
0.001984 
0.001972 
0.001805 
0.001620 
0.001269 
0.001111 
0.000769 
0.000454 
0.000268 
0.000110 
0.000082 
0.000038 
0.000019 
0.000005 
0.000000 
0.000000 
0.000000 
0.000000 
0.000000 
0.000000 
0.000000 
0.000000 
0.000000 
0.000000 
0.000000 
0.000000 
0.000000 
0.000000 
0.000000 
0.000000 
0.000000 
0.000000 
0.000000 
0.000000 
0.000000 
0.000000 
0.000000 
0.000000 
0.000000 
0.000000 
0.000000 
0.000000 
0.000000 
0.000000 
0.000000 
0.000000 
0.000000 
0.000000 
0.000000 
0.000000 
0.000000 
0.000000 
0.000000 
0.000000 
0.000000 
0.000000 
0.000000 
0.000000 
0.000000 
0.000000 
0.000000 
0.000000 
0.000000 
0.000000 
0.000000 
0.000000 
0.000000 
0.000000 
0.000000 
0.000000 
0.000000 
0.000000 
0.000000 
0.000000 
0.000000 
0.000000 
0.000000 
0.000000 
0.000000 
0.000000 
0.000000 
0.000000 
0.000000 
0.000000 
0.000000 
0.000000 
0.000000 
0.000000 
0.000000 
0.000000 
0.000000 
0.000000 
0.000000 
0.000000 
0.000000 
0.000000 
0.000000 
0.000000 
0.000000 
0.000000 
0.000000 
0.000000 
0.000000 
0.000000 
0.000000 
0.000000 
0.000000 
0.000000 
0.000000 
0.000000 
0.000000 
0.000000 
0.000000 
0.000000 
0.000000 
0.000000 
0.000000 
0.000000 
0.000000 
0.000000 
0.000000 
0.000000 
0.000000 
0.000000 
0.000000 
0.000000 
0.000000 
0.000000 
0.000000 
0.000000 
0.000000 
0.000000 
0.000000 
0.000000 
0.000000 
0.000000 
0.000000 
0.000000 
0.000000 
0.000000 
0.000000 
0.000000 
0.000000 
0.000000 
0.000000 
0.000000 
0.000000 
0.000000 
0.000000 
0.000000 
0.000000 
0.000000 
0.000000 
0.000000 
0.000000 
0.000000 
0.000000 
0.000000 
0.000000 
0.000000 
0.000000 
0.000000 
0.000000 
0.000000 
0.000000 
0.000000 
0.000000 
0.000000 
0.000000 
0.000000 
0.000000 
0.000000 
0.000000 
0.000000 
0.000000 
0.000000 
0.000000 
0.000000 
0.000000 
0.000000 
0.000000 
0.000000 
0.000000 
0.000000 
0.000000 
0.000000 
0.000000 
0.000000 
0.000000 
0.000000 
0.000000 
0.000000 
0.000000 
0.000000 
0.000000 
0.000000 
0.000000 
0.000000 
0.000000 
0.000000 
0.000000 
0.000000 
0.000000 
0.000000 
0.000000 
