0.033750 
0.033750 
0.033750 
0.033750 
0.033750 
0.033750 
0.033750 
0.033750 
0.033750 
0.033750 
0.033750 
0.033750 
0.033750 
0.033750 
0.033750 
0.033750 
0.033750 
0.033750 
0.033750 
0.033750 
0.033750 
0.033750 
0.033750 
0.033750 
0.033750 
0.033750 
0.033750 
0.033750 
0.033750 
0.033750 
0.033750 
0.033750 
0.033750 
0.033750 
0.033750 
0.033750 
0.033750 
0.033750 
0.033750 
0.033750 
0.033750 
0.033750 
0.033750 
0.033750 
0.033750 
0.033750 
0.033750 
0.033750 
0.033750 
0.033750 
0.033750 
0.033750 
0.033750 
0.033750 
0.033750 
0.033750 
0.033750 
0.033750 
0.033750 
0.033750 
0.033750 
0.033750 
0.033750 
0.033750 
0.033750 
0.033750 
0.033750 
0.033750 
0.033750 
0.033750 
0.033750 
0.033750 
0.033750 
0.033750 
0.033750 
0.033750 
0.033750 
0.033750 
0.033750 
0.033750 
0.033750 
0.033750 
0.033750 
0.033750 
0.033750 
0.033750 
0.033750 
0.033750 
0.033750 
0.033750 
0.033750 
0.033750 
0.033750 
0.033750 
0.033750 
0.043435 
0.067054 
0.096450 
0.123468 
0.139950 
0.148149 
0.155413 
0.161232 
0.165098 
0.166500 
0.166500 
0.166500 
0.166500 
0.166500 
0.166500 
0.166500 
0.166500 
0.166500 
0.166500 
0.166500 
0.156815 
0.133196 
0.103800 
0.076782 
0.060300 
0.052101 
0.044837 
0.039018 
0.035152 
0.033750 
0.033750 
0.033750 
0.033750 
0.033750 
0.033750 
0.033750 
0.033750 
0.033750 
0.033750 
0.033750 
0.033750 
0.033750 
0.033750 
0.033750 
0.033750 
0.033750 
0.033750 
0.033750 
0.033750 
0.033750 
0.033750 
0.033750 
0.033750 
0.033750 
0.033750 
0.033750 
0.033750 
0.033750 
0.033750 
0.033750 
0.033750 
0.033750 
0.033750 
0.033750 
0.033750 
0.033750 
0.033750 
0.033750 
0.033750 
0.033750 
0.033750 
0.033750 
0.033750 
0.033750 
0.033750 
0.033750 
0.033750 
0.033750 
0.033750 
0.033750 
0.033750 
0.033750 
0.033750 
0.033750 
0.033750 
0.033750 
0.033750 
0.033750 
0.033750 
0.033750 
0.033750 
0.033750 
0.033750 
0.033750 
0.033750 
0.033750 
0.033750 
0.033750 
0.033750 
0.033750 
0.033750 
0.033750 
0.033750 
0.033750 
0.033750 
0.033750 
0.033750 
0.033750 
0.033750 
0.033750 
0.033750 
0.033750 
0.033750 
0.033750 
0.033750 
0.033750 
0.033750 
0.033750 
0.033750 
0.033750 
0.033750 
0.033750 
0.033750 
0.033750 
0.033750 
0.033750 
0.033750 
0.033750 
0.033750 
0.033750 
0.033750 
0.033750 
0.033750 
0.033750 
0.033750 
0.033750 
0.033750 
0.033750 
0.033750 
0.033750 
0.039995 
0.055670 
0.076188 
0.096960 
0.113400 
0.127079 
0.141267 
0.153926 
0.163017 
0.166500 
0.166500 
0.166500 
0.166500 
0.166500 
0.166500 
0.166500 
0.166500 
0.166500 
0.166500 
0.166500 
0.160255 
0.144580 
0.124062 
0.103290 
0.086850 
0.073171 
0.058983 
0.046324 
0.037233 
0.033750 
0.033750 
0.033750 
0.033750 
0.033750 
0.033750 
0.033750 
0.033750 
0.033750 
0.033750 
0.033750 
0.033750 
0.033750 
0.033750 
0.033750 
0.033750 
0.033750 
0.033750 
0.033750 
0.033750 
0.033750 
0.033750 
0.033750 
0.033750 
0.033750 
0.033750 
0.033750 
0.033750 
0.033750 
0.033750 
0.033750 
0.037233 
0.046324 
0.058983 
0.073171 
0.086850 
0.103290 
0.124062 
0.144580 
0.160255 
0.166500 
0.166500 
0.166500 
0.166500 
0.166500 
0.166500 
0.166500 
0.166500 
0.166500 
0.166500 
0.166500 
0.163017 
0.153926 
0.141267 
0.127079 
0.113400 
0.096960 
0.076188 
0.055670 
0.039995 
0.033750 
0.033750 
0.033750 
0.033750 
0.033750 
0.033750 
0.033750 
0.033750 
0.033750 
0.033750 
0.033750 
0.033750 
0.033750 
0.033750 
0.033750 
0.033750 
0.033750 
0.033750 
0.033750 
0.033750 
0.033750 
0.033750 
0.033750 
0.033750 
0.033750 
0.033750 
0.033750 
0.033750 
0.033750 
0.033750 
0.033750 
0.033750 
0.033750 
0.033750 
0.033750 
0.033750 
0.033750 
0.033750 
0.033750 
0.033750 
0.033750 
0.033750 
0.033750 
0.033750 
0.033750 
0.033750 
0.033750 
0.033750 
0.033750 
0.033750 
0.033750 
0.033750 
0.033750 
0.033750 
0.033750 
0.033750 
0.033750 
0.033750 
0.033750 
0.033750 
0.033750 
0.039995 
0.055670 
0.076188 
0.096960 
0.113400 
0.127079 
0.141267 
0.153926 
0.163017 
0.166500 
0.166500 
0.166500 
0.166500 
0.166500 
0.166500 
0.166500 
0.166500 
0.166500 
0.166500 
0.166500 
0.160255 
0.144580 
0.124062 
0.103290 
0.086850 
0.073171 
0.058983 
0.046324 
0.037233 
0.033750 
0.033750 
0.033750 
0.033750 
0.033750 
0.033750 
0.033845 
0.034107 
0.034502 
0.034994 
0.035550 
0.036292 
0.037374 
0.038804 
0.040593 
0.042750 
0.046317 
0.051897 
0.058844 
0.066511 
0.074250 
0.084002 
0.096325 
0.108497 
0.117796 
0.121500 
0.121437 
0.121251 
0.120947 
0.120528 
0.120000 
0.114714 
0.102949 
0.089103 
0.077571 
0.072750 
0.072750 
0.072750 
0.072750 
0.072750 
0.072750 
0.072750 
0.072750 
0.072750 
0.072750 
0.072750 
0.069630 
0.062190 
0.053310 
0.045870 
0.042750 
0.048995 
0.064670 
0.085188 
0.105960 
0.122400 
0.136079 
0.150267 
0.162926 
0.172017 
0.175500 
0.175500 
0.175500 
0.175500 
0.175500 
0.175500 
0.175500 
0.175500 
0.175500 
0.175500 
0.175500 
0.168829 
0.152156 
0.130494 
0.108855 
0.092250 
0.079155 
0.065886 
0.054214 
0.045911 
0.042750 
0.042750 
0.042750 
0.042750 
0.042750 
0.042750 
0.042750 
0.042750 
0.042750 
0.042750 
0.042750 
0.042750 
0.042750 
0.042750 
0.042750 
0.042750 
0.042750 
0.042750 
0.042750 
0.042750 
0.042750 
0.042327 
0.041264 
0.039873 
0.038465 
0.037350 
0.036423 
0.035461 
0.034602 
0.033986 
0.033750 
0.033750 
0.033750 
0.033750 
0.033750 
0.033750 
0.033750 
0.033750 
0.033750 
0.033750 
0.033750 
0.043435 
0.067054 
0.096450 
0.123468 
0.139950 
0.148149 
0.155413 
0.161232 
0.165098 
0.166500 
0.166500 
0.166500 
0.166500 
0.166500 
0.166500 
0.166500 
0.166500 
0.166500 
0.166500 
0.166500 
0.156815 
0.133196 
0.103800 
0.076782 
0.060300 
0.052101 
0.044837 
0.039018 
0.035152 
0.033750 
0.033750 
0.033750 
0.033750 
0.033750 
0.033750 
0.033750 
0.033750 
0.033750 
0.033750 
0.033750 
0.033750 
0.033750 
0.033750 
0.033750 
0.033750 
0.033750 
0.033750 
0.033750 
0.033750 
0.033750 
0.033750 
0.033750 
0.033750 
0.033750 
0.033750 
0.033750 
0.033750 
0.033750 
0.033750 
0.033750 
0.033750 
0.033750 
0.033750 
0.033750 
0.033750 
0.033750 
0.033750 
0.033750 
0.033750 
0.033750 
0.033750 
0.033750 
0.033750 
0.033750 
0.033750 
0.033750 
0.033750 
0.033750 
0.033750 
0.033750 
0.033750 
0.033750 
0.033750 
0.033750 
0.033750 
0.033750 
0.033750 
0.033750 
0.033750 
0.033750 
0.039995 
0.055670 
0.076188 
0.096960 
0.113400 
0.127079 
0.141267 
0.153926 
0.163017 
0.166500 
0.166500 
0.166500 
0.166500 
0.166500 
0.166500 
0.166500 
0.166500 
0.166500 
0.166500 
0.166500 
0.160255 
0.144580 
0.124062 
0.103290 
0.086850 
0.073171 
0.058983 
0.046324 
0.037233 
0.033750 
0.033750 
0.033750 
0.033750 
0.033750 
0.033750 
0.033750 
0.033750 
0.033750 
0.033750 
0.033750 
0.033750 
0.033750 
0.033750 
0.033750 
0.033750 
0.033750 
0.033750 
0.033750 
0.033750 
0.033750 
0.033750 
0.033750 
0.033750 
0.033750 
0.033750 
0.033750 
0.033750 
0.033750 
0.033750 
0.033750 
0.033750 
0.033750 
0.033750 
0.033750 
0.033750 
0.033750 
0.033750 
0.033750 
0.033750 
0.033750 
0.033750 
0.033750 
0.033750 
0.033750 
0.033750 
0.043435 
0.067054 
0.096450 
0.123468 
0.139950 
0.148149 
0.155413 
0.161232 
0.165098 
0.166500 
0.166500 
0.166500 
0.166500 
0.166500 
0.166500 
0.166500 
0.166500 
0.166500 
0.166500 
0.166500 
0.156815 
0.133196 
0.103800 
0.076782 
0.060300 
0.052101 
0.044837 
0.039018 
0.035152 
0.033750 
0.033750 
0.033750 
0.033750 
0.033750 
0.033750 
0.033750 
0.033750 
0.033750 
0.033750 
0.033750 
0.033750 
0.033750 
0.033750 
0.033750 
0.033750 
0.033750 
0.033750 
0.033750 
0.033750 
0.033750 
0.033750 
0.033750 
0.033750 
0.033750 
0.033750 
0.033750 
0.033750 
0.033750 
0.033750 
0.033750 
0.035152 
0.039018 
0.044837 
0.052101 
0.060300 
0.076782 
0.103800 
0.133196 
0.156815 
0.166500 
0.166500 
0.166500 
0.166500 
0.166500 
0.166500 
0.166500 
0.166500 
0.166500 
0.166500 
0.166500 
0.165098 
0.161232 
0.155413 
0.148149 
0.139950 
0.123468 
0.096450 
0.067054 
0.043435 
0.033750 
0.033750 
0.033750 
0.033750 
0.033750 
0.033750 
0.033750 
0.033750 
0.033750 
0.033750 
0.033750 
0.033750 
0.033750 
0.033750 
0.033750 
0.033750 
0.033750 
0.033750 
0.033750 
0.033750 
0.033750 
0.033750 
0.033750 
0.033750 
0.033750 
0.033750 
0.033750 
0.033750 
0.033750 
0.033750 
0.033750 
0.033750 
0.033750 
0.033750 
0.033750 
0.033750 
0.033750 
0.033750 
0.033750 
0.033750 
0.033750 
0.033750 
0.033750 
0.033750 
0.033750 
0.033750 
0.033750 
0.033750 
0.033750 
0.033750 
0.033750 
0.037233 
0.046324 
0.058983 
0.073171 
0.086850 
0.098458 
0.109568 
0.122838 
0.140929 
0.166500 
0.289981 
0.558572 
0.910081 
1.282320 
1.613100 
1.948711 
2.330614 
2.689370 
2.955545 
3.059700 
2.758248 
2.037493 
1.172833 
0.439669 
0.113400 
0.085263 
0.063028 
0.046897 
0.037070 
0.033750 
0.033750 
0.033750 
0.033750 
0.033750 
0.033750 
0.033750 
0.033750 
0.033750 
0.033750 
0.033750 
0.033750 
0.033750 
0.033750 
0.033750 
0.033750 
0.033750 
0.033750 
0.033750 
0.033750 
0.033750 
0.033750 
0.033750 
0.033750 
0.033750 
0.033750 
0.033750 
0.033750 
0.033750 
0.033750 
0.033750 
0.033750 
0.033750 
0.033750 
0.033750 
0.033750 
0.043435 
0.067054 
0.096450 
0.123468 
0.139950 
0.148149 
0.155413 
0.161232 
0.165098 
0.166500 
0.166500 
0.166500 
0.166500 
0.166500 
0.166500 
0.166500 
0.166500 
0.166500 
0.166500 
0.166500 
0.156815 
0.133196 
0.103800 
0.076782 
0.060300 
0.052101 
0.044837 
0.039018 
0.035152 
0.033750 
0.033750 
0.033750 
0.033750 
0.033750 
0.033750 
0.033750 
0.033750 
0.033750 
0.033750 
0.033750 
0.033750 
0.033750 
0.033750 
0.033750 
0.033750 
0.033750 
0.033750 
0.033750 
0.033750 
0.033750 
0.033750 
0.033750 
0.033750 
0.033750 
0.033750 
0.033750 
0.033750 
0.033750 
0.033750 
0.033750 
0.033750 
0.033750 
0.033750 
0.033750 
0.033750 
0.034314 
0.035731 
0.037586 
0.039464 
0.040950 
0.042186 
0.043469 
0.044613 
0.045435 
0.045750 
0.045750 
0.045750 
0.045750 
0.045750 
0.045750 
0.049233 
0.058324 
0.070983 
0.085171 
0.098850 
0.114941 
0.135016 
0.155011 
0.170860 
0.178500 
0.180354 
0.181679 
0.182663 
0.183491 
0.184350 
0.185355 
0.186397 
0.187326 
0.187994 
0.188250 
0.184767 
0.175676 
0.163017 
0.148829 
0.135150 
0.118710 
0.097938 
0.077420 
0.061745 
0.055500 
0.055500 
0.055500 
0.055500 
0.055500 
0.055500 
0.055500 
0.055500 
0.055500 
0.055500 
0.055500 
0.066187 
0.095642 
0.139960 
0.195231 
0.257550 
0.382160 
0.585971 
0.807577 
0.985572 
1.058550 
1.058051 
1.056860 
1.055440 
1.054249 
1.053750 
1.053750 
1.053750 
1.053750 
1.053750 
1.053750 
1.053750 
1.053750 
1.053750 
1.053750 
1.053750 
1.053750 
1.053750 
1.053750 
1.053750 
1.053750 
1.048524 
1.034239 
1.012982 
0.986840 
0.957900 
0.917121 
0.858068 
0.786733 
0.709113 
0.631200 
0.535817 
0.418127 
0.302632 
0.213839 
0.176250 
0.173364 
0.171784 
0.170671 
0.169189 
0.166500 
0.154528 
0.130624 
0.102085 
0.076211 
0.060300 
0.052101 
0.044837 
0.039018 
0.035152 
0.033750 
0.033750 
0.033750 
0.033750 
0.033750 
0.033750 
0.043032 
0.068629 
0.107164 
0.155263 
0.209550 
0.318687 
0.497581 
0.692226 
0.848618 
0.912750 
0.912750 
0.912750 
0.912750 
0.912750 
0.912750 
0.912750 
0.912750 
0.912750 
0.912750 
0.912750 
0.912750 
0.912750 
0.912750 
0.912750 
0.912750 
0.912750 
0.912750 
0.912750 
0.912750 
0.912750 
0.921486 
0.942318 
0.967182 
0.988014 
0.996750 
0.996750 
0.996750 
0.996750 
0.996750 
0.996750 
0.996750 
0.996750 
0.996750 
0.996750 
0.996750 
0.992799 
0.982880 
0.969897 
0.956753 
0.946350 
0.937695 
0.928717 
0.920706 
0.914954 
0.912750 
0.912750 
0.912750 
0.912750 
0.912750 
0.912750 
0.906551 
0.889244 
0.862768 
0.829057 
0.790050 
0.698954 
0.541033 
0.366305 
0.224788 
0.166500 
0.166500 
0.166500 
0.166500 
0.166500 
0.166500 
0.166500 
0.166500 
0.166500 
0.166500 
0.166500 
0.163448 
0.155455 
0.144263 
0.131613 
0.119250 
0.103923 
0.084205 
0.064577 
0.049516 
0.043500 
0.043500 
0.043500 
0.043500 
0.043500 
0.043500 
0.043500 
0.043500 
0.043500 
0.043500 
0.043500 
0.043500 
0.043500 
0.043500 
0.043500 
0.043500 
0.043500 
0.043500 
0.043500 
0.043500 
0.043500 
0.043500 
0.043500 
0.043500 
0.043500 
0.043500 
0.043500 
0.043500 
0.043500 
0.043500 
0.043500 
0.043500 
0.043500 
0.043500 
0.043500 
0.043500 
0.049745 
0.065420 
0.085938 
0.106710 
0.123150 
0.136829 
0.151017 
0.163676 
0.172767 
0.176250 
0.176250 
0.176250 
0.176250 
0.176250 
0.176250 
0.176250 
0.176250 
0.176250 
0.176250 
0.176250 
0.171461 
0.160040 
0.146410 
0.134989 
0.130200 
0.131148 
0.133607 
0.137003 
0.140759 
0.144300 
0.148219 
0.152930 
0.157586 
0.161342 
0.163350 
0.164145 
0.164809 
0.165314 
0.165637 
0.165750 
0.161335 
0.150808 
0.138242 
0.127715 
0.123300 
0.124829 
0.128474 
0.132826 
0.136471 
0.138000 
0.134488 
0.125935 
0.115312 
0.105593 
0.099750 
0.097302 
0.095543 
0.094108 
0.092632 
0.090750 
0.088126 
0.084956 
0.081673 
0.078710 
0.076500 
0.074795 
0.073172 
0.071801 
0.070854 
0.070500 
0.078406 
0.097457 
0.120655 
0.141002 
0.151500 
0.154069 
0.155679 
0.156905 
0.158321 
0.160500 
0.164361 
0.169949 
0.176531 
0.183376 
0.189750 
0.195706 
0.201733 
0.207752 
0.213684 
0.219450 
0.225879 
0.233027 
0.239661 
0.244547 
0.246450 
0.244765 
0.240748 
0.235952 
0.231935 
0.230250 
0.234930 
0.246090 
0.259410 
0.270570 
0.275250 
0.271880 
0.263845 
0.254255 
0.246220 
0.242850 
0.247112 
0.257959 
0.272479 
0.287763 
0.300900 
0.313522 
0.327578 
0.340633 
0.350252 
0.354000 
0.352440 
0.348720 
0.344280 
0.340560 
0.339000 
0.428388 
0.641544 
0.895956 
1.109112 
1.198500 
1.101747 
0.870518 
0.593361 
0.358823 
0.255450 
0.248646 
0.244120 
0.240882 
0.237939 
0.234300 
0.229905 
0.225416 
0.220919 
0.216501 
0.212250 
0.207573 
0.202406 
0.197627 
0.194116 
0.192750 
0.253356 
0.397878 
0.570372 
0.714894 
0.775500 
0.755230 
0.703921 
0.635821 
0.565181 
0.506250 
0.452756 
0.394994 
0.342064 
0.303066 
0.287100 
0.286019 
0.285414 
0.284989 
0.284449 
0.283500 
0.280203 
0.274150 
0.267347 
0.261796 
0.259500 
0.273318 
0.306984 
0.348817 
0.387133 
0.410250 
0.421111 
0.430325 
0.437708 
0.443078 
0.446250 
0.448147 
0.449758 
0.451007 
0.451814 
0.452100 
0.448428 
0.438551 
0.424180 
0.407026 
0.388800 
0.361393 
0.321946 
0.280048 
0.245287 
0.227250 
0.221232 
0.216250 
0.212476 
0.210085 
0.209250 
0.209624 
0.210517 
0.211583 
0.212476 
0.212850 
0.212682 
0.212203 
0.211448 
0.210451 
0.209250 
0.206046 
0.199928 
0.192263 
0.184415 
0.177750 
0.172231 
0.166920 
0.161834 
0.156989 
0.152400 
