0.000000 
0.000000 
0.000000 
0.000000 
0.000000 
0.000000 
0.000000 
0.000000 
0.000000 
0.000000 
0.000000 
0.000000 
0.000000 
0.000000 
0.000000 
0.000000 
0.000000 
0.000000 
0.000000 
0.000000 
0.000000 
0.000000 
0.000000 
0.000000 
0.000000 
0.000000 
0.000000 
0.000000 
0.000000 
0.000000 
0.000000 
0.000000 
0.000000 
0.000000 
0.000000 
0.000000 
0.000000 
0.000000 
0.000000 
0.000000 
0.000000 
0.000000 
0.000000 
0.000000 
0.000000 
0.000000 
0.000000 
0.000000 
0.000000 
0.000000 
0.000000 
0.000000 
0.000000 
0.000000 
0.000000 
0.000000 
0.000000 
0.000000 
0.000000 
0.000000 
0.000000 
0.000000 
0.000000 
0.000000 
0.000000 
0.000000 
0.000000 
0.000000 
0.000000 
0.000000 
0.000000 
0.000000 
0.000000 
0.000000 
0.000000 
0.000000 
0.000000 
0.000000 
0.000000 
0.000000 
0.000000 
0.000000 
0.000000 
0.000000 
0.000000 
0.000000 
0.000000 
0.000000 
0.000000 
0.000000 
0.000000 
0.000000 
0.000000 
0.000000 
0.000000 
0.000000 
0.000000 
0.000000 
0.000000 
0.000000 
0.000000 
0.000000 
0.000000 
0.000000 
0.000000 
0.000000 
0.000000 
0.000000 
0.000000 
0.000000 
0.000000 
0.000000 
0.000000 
0.000000 
0.000000 
0.000000 
0.000000 
0.000000 
0.000000 
0.000000 
0.000000 
0.000000 
0.000000 
0.000000 
0.000000 
0.000000 
0.000000 
0.000000 
0.000000 
0.000000 
0.000000 
0.000000 
0.000000 
0.000000 
0.000000 
0.000000 
0.000000 
0.000000 
0.000000 
0.000000 
0.000000 
0.000000 
0.000000 
0.000000 
0.000000 
0.000000 
0.000000 
0.000000 
0.000000 
0.000000 
0.000000 
0.000000 
0.000000 
0.000000 
0.000000 
0.000000 
0.000000 
0.000000 
0.000000 
0.000000 
0.000000 
0.000000 
0.000000 
0.000000 
0.000000 
0.000000 
0.000000 
0.000000 
0.000000 
0.000000 
0.000000 
0.000000 
0.000000 
0.000000 
0.000000 
0.000000 
0.000000 
0.000000 
0.000000 
0.000000 
0.000000 
0.000000 
0.000000 
0.000000 
0.000000 
0.000000 
0.000000 
0.000000 
0.000000 
0.000000 
0.000000 
0.000000 
0.000000 
0.000000 
0.000000 
0.000000 
0.000000 
0.000000 
0.000000 
0.000000 
0.000000 
0.000000 
0.000000 
0.000000 
0.000000 
0.000000 
0.000000 
0.000000 
0.000000 
0.000000 
0.000000 
0.000000 
0.000000 
0.000000 
0.000000 
0.000000 
0.000000 
0.000000 
0.000000 
0.000000 
0.000000 
0.000000 
0.000000 
0.000000 
0.000000 
0.000036 
0.000117 
0.000277 
0.000381 
0.000599 
0.000946 
0.001133 
0.001517 
0.001866 
0.002332 
0.002679 
0.003682 
0.004317 
0.005004 
0.005398 
0.006511 
0.008534 
0.008505 
0.012928 
0.013106 
0.014319 
0.015240 
0.019511 
0.019639 
0.017656 
0.023319 
0.018338 
0.019734 
0.018270 
0.019199 
0.022589 
0.023614 
0.019461 
0.013191 
0.015947 
0.021123 
0.015888 
0.021599 
0.021374 
0.017769 
0.023563 
0.019361 
0.021681 
0.025148 
0.025125 
0.025739 
0.030715 
0.030842 
0.034719 
0.046067 
0.034615 
0.036630 
0.040855 
0.036495 
0.041589 
0.042529 
0.043603 
0.051377 
0.045905 
0.043357 
0.043737 
0.048739 
0.044755 
0.051649 
0.050865 
0.048954 
0.054897 
0.062833 
0.062179 
0.052637 
0.053875 
0.063023 
0.058946 
0.057904 
0.052141 
0.052681 
0.052272 
0.058699 
0.067492 
0.078249 
0.072347 
0.053137 
0.082880 
0.066091 
0.065296 
0.078995 
0.068489 
0.067421 
0.072986 
0.084395 
0.073249 
0.095209 
0.085823 
0.080514 
0.082526 
0.093665 
0.099513 
0.083765 
0.101442 
0.096197 
0.088689 
0.109329 
0.129247 
0.123681 
0.104775 
0.142082 
0.169304 
0.144296 
0.180316 
0.155180 
0.214026 
0.196965 
0.221540 
0.195930 
0.198050 
0.218252 
0.209451 
0.194020 
0.173365 
0.185130 
0.154013 
0.212192 
0.200247 
0.237156 
0.190368 
0.221769 
0.221073 
0.236682 
0.258728 
0.224532 
0.252611 
0.218764 
0.231223 
0.227039 
0.241114 
0.300706 
0.295953 
0.336298 
0.365099 
0.361567 
0.449499 
0.444250 
0.406857 
0.432771 
0.452033 
0.481148 
0.512453 
0.638134 
0.592576 
0.724782 
0.637551 
0.588038 
0.598467 
0.516309 
0.509682 
0.529527 
0.437640 
0.473363 
0.499118 
0.554049 
0.542907 
0.540193 
0.570798 
0.503655 
0.508979 
0.511667 
0.470990 
0.476569 
0.533698 
0.462579 
0.468695 
0.462213 
0.476003 
0.386854 
0.447072 
0.533084 
0.535273 
0.561803 
0.665612 
0.628238 
0.544180 
0.655833 
0.549492 
0.657867 
0.624619 
0.600261 
0.571982 
0.535561 
0.538527 
0.430515 
0.414737 
0.515828 
0.461270 
0.543521 
0.668179 
0.663583 
0.761082 
0.591060 
0.819294 
0.622730 
0.720612 
0.788994 
0.842079 
0.829320 
0.755302 
0.728007 
0.743774 
0.896918 
0.906143 
0.901175 
1.072715 
0.909544 
0.859993 
1.075662 
0.906462 
1.081091 
0.995792 
0.898361 
1.014026 
0.840895 
0.942754 
0.983147 
1.006967 
1.069648 
1.105580 
1.398789 
1.052334 
1.295251 
1.087757 
1.318139 
1.277258 
1.008873 
1.243976 
1.190360 
1.328434 
0.935930 
1.194855 
1.110424 
0.958004 
0.961984 
0.761091 
0.604067 
0.507705 
0.403180 
0.458443 
0.491886 
0.431789 
0.662633 
0.840172 
0.944682 
1.057595 
1.108488 
1.176019 
0.969750 
0.991023 
0.913887 
1.046755 
1.015696 
1.084792 
0.919413 
1.100826 
1.227905 
1.198509 
1.004554 
0.962428 
1.105054 
1.239067 
1.439832 
1.138839 
0.899466 
1.220178 
0.947046 
1.254411 
1.106684 
1.391762 
0.962433 
0.976929 
0.941319 
1.068591 
1.060659 
1.033428 
1.066785 
0.978965 
1.335410 
1.375394 
1.213893 
0.969575 
0.848894 
0.735990 
0.518193 
0.477750 
0.356155 
0.242826 
0.217195 
0.182171 
0.226831 
0.366362 
0.560670 
0.633432 
1.091980 
0.965054 
1.060820 
1.124676 
1.016105 
1.303881 
1.434263 
1.475298 
1.262587 
1.350444 
1.560776 
1.526161 
1.467046 
1.360511 
1.414703 
1.305470 
1.396724 
1.449103 
1.084233 
1.362670 
1.285248 
1.660828 
1.399870 
1.333570 
1.353391 
1.437760 
1.565732 
1.584837 
1.464614 
1.154579 
1.322202 
1.479071 
1.396232 
1.502352 
1.390940 
1.318093 
1.463928 
1.386957 
1.371849 
1.270866 
1.339416 
1.552407 
1.786065 
1.552231 
1.488362 
1.360131 
1.308337 
1.559032 
1.516863 
1.709000 
1.575257 
1.488133 
1.414788 
1.497607 
1.345395 
1.584160 
1.721545 
1.740402 
1.206930 
1.573406 
1.438519 
1.265988 
1.654372 
1.706617 
1.228930 
1.701802 
1.680277 
1.789470 
1.529830 
1.540983 
2.032760 
1.593579 
1.348243 
1.297132 
0.941378 
0.821712 
0.923786 
1.202996 
0.953624 
1.323331 
1.286109 
1.332466 
1.435800 
1.708330 
1.789533 
2.136639 
1.878022 
1.719869 
1.804987 
1.725238 
1.467860 
1.415244 
1.326370 
1.117985 
1.201023 
1.078529 
1.057326 
0.833626 
0.906929 
0.993115 
0.696627 
0.750766 
1.156075 
1.194799 
2.115778 
1.928074 
1.960131 
1.850870 
1.552083 
1.647197 
1.839392 
1.681181 
1.379146 
1.257028 
1.111186 
0.953298 
1.163949 
1.357686 
1.542606 
1.902569 
1.931920 
1.946624 
1.839509 
1.769097 
1.830703 
1.795393 
1.623276 
1.752679 
1.188801 
1.659154 
1.472490 
1.672609 
1.612728 
1.978993 
1.380809 
1.917007 
1.879087 
1.765858 
1.670877 
1.501049 
1.214751 
0.979503 
0.828202 
0.634137 
0.472213 
0.439479 
0.395065 
0.344445 
0.344736 
0.338232 
0.337034 
0.393493 
0.603165 
0.885356 
1.368143 
1.400957 
1.494706 
1.725417 
1.806773 
1.994516 
1.699829 
2.384654 
1.772908 
2.191821 
1.988022 
1.841611 
2.007131 
1.662498 
1.973517 
1.905486 
1.904653 
1.766658 
1.861646 
1.958706 
2.010397 
1.598151 
1.797088 
1.953209 
1.621553 
1.607425 
1.569919 
1.383004 
1.376334 
0.749492 
0.725733 
0.366948 
0.577526 
0.521003 
0.640124 
0.794003 
0.730757 
0.777538 
1.079954 
1.169378 
0.990417 
1.083443 
1.024862 
0.916117 
0.960313 
0.811150 
0.622107 
0.654824 
0.649553 
0.902432 
1.002940 
1.287117 
1.342274 
1.279829 
1.525923 
1.175006 
1.613407 
1.427038 
1.155757 
0.847919 
0.778120 
0.554700 
0.506123 
0.643487 
0.791471 
0.833375 
1.004173 
0.737943 
0.659517 
0.815550 
0.703437 
0.638547 
0.760053 
0.835196 
0.860365 
0.928952 
1.041998 
1.157758 
1.110714 
0.991276 
0.989903 
1.401549 
1.079686 
1.338213 
1.686459 
1.792662 
1.662780 
1.838084 
1.869527 
1.613143 
1.794826 
1.500785 
1.479008 
1.167212 
1.079619 
0.737646 
0.761667 
0.689161 
0.519198 
0.501511 
0.526424 
0.526433 
0.573102 
0.525821 
0.706467 
0.920069 
1.083193 
1.319627 
1.705841 
1.465712 
1.960567 
2.196081 
1.940874 
1.940740 
2.015555 
1.902300 
1.829935 
2.304045 
1.870246 
1.869789 
1.893019 
1.974722 
1.897043 
1.979718 
1.564424 
1.405981 
1.935289 
1.817506 
1.732762 
2.038339 
1.774468 
1.814648 
1.681922 
1.933191 
1.727580 
1.814696 
2.114608 
2.120434 
1.565646 
2.043646 
2.139852 
2.233128 
1.731356 
1.973925 
1.806868 
1.936021 
1.695472 
1.714722 
1.606595 
1.417566 
1.040615 
1.463508 
1.469283 
1.570109 
1.780334 
1.701159 
1.590943 
1.423945 
1.760207 
1.549723 
1.720354 
2.091271 
1.640822 
1.662904 
1.818419 
1.903901 
1.690906 
1.607639 
1.524492 
1.704838 
1.758160 
1.647764 
1.503208 
1.614631 
1.430416 
1.292474 
1.320971 
1.075611 
1.152308 
1.025705 
1.284927 
1.104715 
1.221958 
1.023327 
1.438534 
1.424030 
1.603762 
1.605824 
1.852821 
1.526831 
1.831391 
1.929287 
1.571841 
1.807369 
1.616711 
1.450918 
1.281752 
1.531247 
1.607179 
1.673312 
1.829274 
1.615034 
1.852423 
1.592542 
1.624163 
1.494692 
1.434187 
1.231020 
1.100279 
1.241593 
1.304665 
1.385231 
1.409625 
1.185273 
1.141744 
1.159698 
1.233406 
1.116608 
1.220528 
1.385472 
1.561291 
1.353833 
1.387798 
1.336928 
1.504393 
1.237441 
1.338110 
1.346060 
0.978891 
0.694780 
0.591276 
0.488108 
0.532341 
0.451379 
0.379720 
0.487412 
0.412294 
0.400030 
0.415779 
0.408428 
0.430513 
0.439455 
0.413794 
0.425050 
0.432241 
0.584704 
0.514439 
0.486391 
0.549810 
0.676071 
0.861295 
0.852278 
0.908987 
1.085743 
1.214054 
1.215390 
1.337735 
1.391320 
1.623974 
1.156207 
1.087593 
0.998842 
0.902051 
1.043342 
0.744908 
0.725916 
0.976719 
0.948762 
0.766890 
0.786684 
0.696699 
0.758423 
0.619128 
0.758233 
0.841255 
0.864240 
1.092277 
0.974276 
1.116547 
1.083919 
1.363250 
1.408685 
1.227683 
1.092861 
1.188741 
1.253195 
1.115749 
1.336200 
1.156901 
1.160346 
0.934070 
0.797978 
0.766421 
0.782834 
0.813301 
0.701389 
0.690312 
0.755220 
0.794804 
0.758813 
0.674171 
0.752348 
0.674595 
0.918636 
0.899668 
0.925782 
0.863693 
0.982842 
0.976752 
1.090260 
1.121464 
0.938887 
0.941255 
0.884839 
0.774184 
0.672356 
0.555671 
0.674491 
0.769375 
0.882901 
0.664800 
0.655962 
0.822692 
0.733047 
0.560926 
0.502585 
0.415603 
0.445323 
0.474872 
0.501166 
0.548843 
0.480051 
0.635482 
0.468258 
0.489570 
0.545242 
0.511170 
0.549220 
0.472616 
0.491259 
0.490622 
0.435039 
0.493941 
0.489104 
0.438648 
0.424373 
0.393828 
0.337961 
0.304710 
0.344333 
0.280164 
0.288725 
0.276672 
0.258719 
0.268843 
0.256678 
0.203843 
0.231431 
0.181783 
0.208939 
0.190163 
0.161389 
0.146818 
0.170629 
0.175643 
0.177926 
0.180706 
0.150288 
0.137576 
0.154508 
0.217571 
0.172782 
0.186889 
0.168776 
0.175569 
0.194594 
0.200884 
0.224198 
0.193283 
0.216199 
0.212942 
0.194071 
0.221940 
0.248239 
0.205390 
0.213623 
0.250045 
0.277073 
0.285498 
0.233009 
0.299059 
0.232315 
0.275652 
0.324408 
0.311961 
0.277957 
0.313329 
0.279171 
0.245686 
0.277039 
0.282800 
0.262751 
0.285753 
0.228459 
0.364143 
0.379435 
0.354186 
0.341109 
0.365822 
0.396394 
0.402408 
0.432671 
0.468781 
0.607452 
0.567741 
0.602400 
0.825001 
0.676480 
0.530413 
0.576471 
0.580870 
0.564956 
0.543369 
0.467814 
0.404545 
0.310983 
0.330240 
0.261744 
0.319545 
0.232932 
0.312285 
0.267671 
0.298611 
0.260446 
0.223394 
0.206641 
0.174450 
0.148289 
0.150321 
0.146675 
0.109386 
0.149370 
0.124309 
0.110977 
0.105671 
0.115576 
0.113392 
0.122501 
0.105412 
0.126451 
0.120380 
0.119068 
0.124338 
0.145817 
0.145680 
0.120910 
0.144968 
0.102927 
0.123199 
0.140215 
0.111241 
0.099802 
0.137690 
0.142630 
0.141223 
0.127840 
0.152210 
0.144021 
0.120243 
0.128651 
0.118087 
0.136496 
0.109603 
0.103863 
0.105311 
0.077550 
0.061999 
0.082917 
0.067465 
0.069445 
0.067594 
0.069322 
0.057931 
0.051366 
0.058196 
0.056499 
0.053745 
0.047951 
0.062355 
0.054391 
0.055969 
0.059283 
0.046704 
0.050897 
0.052450 
0.045666 
0.047689 
0.040224 
0.042701 
0.035025 
0.030645 
0.033415 
0.023381 
0.021866 
0.028414 
0.025123 
0.023848 
0.020341 
0.021138 
0.016751 
0.016144 
0.013093 
0.015604 
0.014234 
0.012333 
0.008796 
0.009527 
0.010955 
0.012294 
0.012624 
0.011260 
0.010831 
0.011613 
0.013672 
0.010742 
0.014731 
0.011232 
0.015228 
0.014013 
0.010198 
0.012076 
0.007994 
0.011482 
0.009629 
0.007496 
0.006881 
0.005666 
0.005045 
0.004970 
0.005123 
0.004256 
0.004224 
0.004781 
0.004054 
0.004861 
0.004853 
0.005070 
0.004559 
0.003677 
0.004500 
0.004942 
0.004894 
0.004402 
0.003176 
0.003002 
0.002576 
0.003030 
0.002535 
0.002086 
0.002043 
0.001587 
0.001675 
0.001078 
0.000850 
0.000522 
0.000249 
0.000133 
0.000090 
0.000059 
0.000025 
0.000005 
0.000000 
0.000000 
0.000000 
0.000000 
0.000000 
0.000000 
0.000000 
0.000000 
0.000000 
0.000000 
0.000000 
0.000000 
0.000000 
0.000000 
0.000000 
0.000000 
0.000000 
0.000000 
0.000000 
0.000000 
0.000000 
0.000000 
0.000000 
0.000000 
0.000000 
0.000000 
0.000000 
0.000000 
0.000000 
0.000000 
0.000000 
0.000000 
0.000000 
0.000000 
0.000000 
0.000000 
0.000000 
0.000000 
0.000000 
0.000000 
0.000000 
0.000000 
0.000000 
0.000000 
0.000000 
0.000000 
0.000000 
0.000000 
0.000000 
0.000000 
0.000000 
0.000000 
0.000000 
0.000000 
0.000000 
0.000000 
0.000000 
0.000000 
0.000000 
0.000000 
0.000000 
0.000000 
0.000000 
0.000000 
0.000000 
0.000000 
0.000000 
0.000000 
0.000000 
0.000000 
0.000000 
0.000000 
0.000000 
0.000000 
0.000000 
0.000000 
0.000000 
0.000000 
0.000000 
0.000000 
0.000000 
0.000000 
0.000000 
0.000000 
0.000000 
0.000000 
0.000000 
0.000000 
0.000000 
0.000000 
0.000000 
0.000000 
0.000000 
0.000000 
0.000000 
0.000000 
0.000000 
0.000000 
0.000000 
0.000000 
0.000000 
0.000000 
0.000000 
0.000000 
0.000000 
0.000000 
0.000000 
0.000000 
0.000000 
0.000000 
0.000000 
0.000000 
0.000000 
0.000000 
0.000000 
0.000000 
0.000000 
0.000000 
0.000000 
0.000000 
0.000000 
0.000000 
0.000000 
0.000000 
0.000000 
0.000000 
0.000000 
0.000000 
0.000000 
0.000000 
0.000000 
0.000000 
0.000000 
0.000000 
0.000000 
0.000000 
0.000000 
0.000000 
0.000000 
0.000000 
0.000000 
0.000000 
0.000000 
0.000000 
0.000000 
0.000000 
0.000000 
0.000000 
0.000000 
0.000000 
0.000000 
0.000000 
0.000000 
0.000000 
0.000000 
0.000000 
0.000000 
0.000000 
0.000000 
0.000000 
0.000000 
0.000000 
0.000000 
0.000000 
0.000000 
0.000000 
0.000000 
0.000000 
0.000000 
0.000000 
0.000000 
0.000000 
0.000000 
0.000000 
0.000000 
0.000000 
0.000000 
0.000000 
0.000000 
0.000000 
0.000000 
0.000000 
0.000000 
0.000000 
0.000000 
0.000000 
0.000000 
0.000000 
0.000000 
0.000000 
0.000000 
