0.000000 
0.000000 
0.000000 
0.000000 
0.000000 
0.000000 
0.000000 
0.000000 
0.000000 
0.000000 
0.000000 
0.000000 
0.000000 
0.000000 
0.000000 
0.000000 
0.000000 
0.000000 
0.000000 
0.000000 
0.000000 
0.000000 
0.000000 
0.000000 
0.000000 
0.000000 
0.000000 
0.000000 
0.000000 
0.000000 
0.000000 
0.000000 
0.000000 
0.000000 
0.000000 
0.000000 
0.000000 
0.000000 
0.000000 
0.000000 
0.000000 
0.000000 
0.000000 
0.000000 
0.000000 
0.000000 
0.000000 
0.000000 
0.000000 
0.000000 
0.000000 
0.000000 
0.000000 
0.000000 
0.000000 
0.000000 
0.000000 
0.000000 
0.000000 
0.000000 
0.000000 
0.000000 
0.000000 
0.000000 
0.000000 
0.000000 
0.000000 
0.000000 
0.000000 
0.000000 
0.000000 
0.000000 
0.000000 
0.000000 
0.000000 
0.000000 
0.000000 
0.000000 
0.000000 
0.000000 
0.000000 
0.000000 
0.000000 
0.000000 
0.000000 
0.000000 
0.000000 
0.000000 
0.000000 
0.000000 
0.000000 
0.000000 
0.000000 
0.000000 
0.000000 
0.000000 
0.000000 
0.000000 
0.000000 
0.000000 
0.000000 
0.000000 
0.000000 
0.000000 
0.000000 
0.000000 
0.000000 
0.000000 
0.000000 
0.000000 
0.000000 
0.000000 
0.000000 
0.000000 
0.000000 
0.000000 
0.000000 
0.000000 
0.000000 
0.000000 
0.000000 
0.000000 
0.000000 
0.000000 
0.000000 
0.000000 
0.000000 
0.000000 
0.000000 
0.000000 
0.000000 
0.000000 
0.000000 
0.000000 
0.000000 
0.000000 
0.000000 
0.000000 
0.000000 
0.000000 
0.000000 
0.000000 
0.000000 
0.000000 
0.000000 
0.000000 
0.000000 
0.000000 
0.000000 
0.000000 
0.000000 
0.000000 
0.000000 
0.000000 
0.000000 
0.000000 
0.000000 
0.000000 
0.000000 
0.000000 
0.000000 
0.000000 
0.000000 
0.000000 
0.000000 
0.000000 
0.000000 
0.000000 
0.000000 
0.000000 
0.000000 
0.000000 
0.000000 
0.000000 
0.000000 
0.000000 
0.000000 
0.000000 
0.000000 
0.000000 
0.000000 
0.000000 
0.000000 
0.000000 
0.000000 
0.000000 
0.000000 
0.000000 
0.000000 
0.000000 
0.000000 
0.000000 
0.000000 
0.000000 
0.000000 
0.000000 
0.000000 
0.000000 
0.000000 
0.000000 
0.000000 
0.000000 
0.000000 
0.000000 
0.000000 
0.000000 
0.000000 
0.000000 
0.000000 
0.000000 
0.000000 
0.000000 
0.000000 
0.000000 
0.000000 
0.000000 
0.000000 
0.000000 
0.000000 
0.000000 
0.000000 
0.000000 
0.000000 
0.000000 
0.000000 
0.000035 
0.000119 
0.000267 
0.000427 
0.000499 
0.000789 
0.000865 
0.001198 
0.001944 
0.002039 
0.002963 
0.004131 
0.005048 
0.004778 
0.006580 
0.007901 
0.009015 
0.012035 
0.012312 
0.011716 
0.015139 
0.022572 
0.020411 
0.020025 
0.021063 
0.020930 
0.024417 
0.021949 
0.018256 
0.021668 
0.021923 
0.020996 
0.021152 
0.018891 
0.018419 
0.022658 
0.022304 
0.018364 
0.016967 
0.019667 
0.023217 
0.023228 
0.022056 
0.025910 
0.027329 
0.026701 
0.029941 
0.031065 
0.038710 
0.036305 
0.036409 
0.043724 
0.036834 
0.040624 
0.038763 
0.040367 
0.040119 
0.042969 
0.048441 
0.040822 
0.042668 
0.040711 
0.050861 
0.054978 
0.040976 
0.051725 
0.053234 
0.045304 
0.068587 
0.050835 
0.043800 
0.054876 
0.052990 
0.052867 
0.069749 
0.064726 
0.071616 
0.060333 
0.064882 
0.075800 
0.050287 
0.078187 
0.059764 
0.064842 
0.068809 
0.064103 
0.065587 
0.068152 
0.068348 
0.076366 
0.081198 
0.074298 
0.080192 
0.090965 
0.077877 
0.079091 
0.090119 
0.085890 
0.104103 
0.094329 
0.093385 
0.112551 
0.109043 
0.120101 
0.129719 
0.147224 
0.165312 
0.150647 
0.216389 
0.206546 
0.180010 
0.201391 
0.194939 
0.233815 
0.213180 
0.217688 
0.220819 
0.174771 
0.175873 
0.186432 
0.190034 
0.204867 
0.198798 
0.237525 
0.179213 
0.208537 
0.232679 
0.236642 
0.243143 
0.271963 
0.246364 
0.202851 
0.258210 
0.257298 
0.291973 
0.271619 
0.317540 
0.299541 
0.407574 
0.339534 
0.403441 
0.395934 
0.427970 
0.338888 
0.497035 
0.472640 
0.580068 
0.534155 
0.595176 
0.675296 
0.627893 
0.592416 
0.558569 
0.547447 
0.520533 
0.444449 
0.461290 
0.574281 
0.533737 
0.508357 
0.481695 
0.563548 
0.559697 
0.578132 
0.499100 
0.569904 
0.502731 
0.499617 
0.367277 
0.410310 
0.435687 
0.487634 
0.392197 
0.561186 
0.480641 
0.479895 
0.502644 
0.685403 
0.597243 
0.604712 
0.640071 
0.671065 
0.549022 
0.569818 
0.530166 
0.611325 
0.495307 
0.479783 
0.476057 
0.424107 
0.514198 
0.600098 
0.373756 
0.625272 
0.619277 
0.739187 
0.742694 
0.633036 
0.805709 
0.742470 
0.655025 
0.836903 
0.767978 
0.761801 
0.860712 
0.833737 
0.705891 
0.810231 
0.807428 
0.889903 
1.084191 
0.874443 
0.846799 
0.929112 
0.689908 
0.967452 
0.949345 
1.130497 
0.999647 
1.086559 
1.010843 
0.973650 
1.246220 
1.027648 
0.836254 
1.290447 
1.225009 
1.189264 
1.098879 
1.197294 
1.179596 
1.073814 
1.099201 
1.120740 
1.195818 
1.231645 
1.257764 
1.136915 
0.955141 
0.846286 
0.953881 
0.726907 
0.504258 
0.437271 
0.358947 
0.438654 
0.538019 
0.873549 
0.908742 
1.021524 
0.975064 
0.972023 
1.170475 
0.990620 
0.956525 
1.276023 
1.261734 
1.242500 
1.032879 
1.176327 
1.226833 
1.132410 
1.134099 
1.004978 
1.064964 
0.860460 
1.201805 
1.021757 
1.167187 
1.113615 
1.028114 
1.040190 
1.185429 
1.092810 
1.151037 
1.213576 
1.096124 
0.734834 
0.904853 
1.216547 
1.058050 
1.078719 
1.142440 
1.401036 
1.186050 
1.157696 
1.049046 
0.811748 
0.808468 
0.569182 
0.546945 
0.382740 
0.236502 
0.203759 
0.204187 
0.271898 
0.346860 
0.583562 
0.835692 
1.130964 
0.955654 
1.119081 
1.063661 
1.240912 
1.467714 
1.063667 
1.328478 
1.572957 
1.432871 
1.343010 
1.651894 
1.353827 
1.241343 
1.526172 
1.176156 
1.243497 
1.334014 
1.623731 
1.332017 
1.274822 
1.292737 
1.462205 
1.388070 
1.451237 
1.176213 
1.458030 
1.401584 
1.660498 
1.342066 
1.676211 
1.391663 
1.391059 
1.362561 
1.443357 
1.628422 
1.531980 
1.386797 
1.674563 
1.365299 
1.791989 
1.408841 
1.423758 
1.695507 
1.428158 
1.459107 
1.435311 
1.495115 
1.626292 
1.345029 
1.345672 
1.348733 
1.781994 
1.640468 
1.576200 
1.650800 
1.355695 
1.549354 
1.395478 
1.561969 
1.562644 
1.495462 
1.722942 
1.628761 
1.591844 
1.400892 
1.563182 
1.700584 
1.810517 
1.658512 
1.629123 
1.734696 
1.586343 
1.259695 
1.001824 
0.985082 
0.931806 
1.040490 
1.190766 
1.175252 
1.119598 
1.319048 
1.579172 
1.527920 
1.808701 
2.036995 
1.809494 
1.907368 
1.515478 
1.581866 
1.941573 
1.487218 
1.427579 
1.488800 
1.116133 
1.050790 
0.800656 
0.812004 
1.151057 
0.823978 
0.716974 
0.920915 
1.345016 
1.642759 
1.946502 
2.201581 
1.826927 
1.738508 
2.016617 
1.738956 
1.652763 
1.450948 
1.643479 
1.312409 
0.909009 
1.119266 
1.240524 
1.408595 
1.675183 
1.489653 
2.046234 
2.074957 
1.893852 
1.511050 
1.536696 
1.509271 
1.563782 
1.479610 
1.562997 
1.528413 
1.567669 
1.805083 
1.699259 
1.856014 
2.023770 
2.204652 
2.072236 
1.857259 
1.362857 
1.550159 
1.285684 
1.239275 
0.929291 
0.609416 
0.500413 
0.405922 
0.294752 
0.392054 
0.354177 
0.332035 
0.289241 
0.425328 
0.676835 
0.905616 
1.301896 
1.560789 
1.348526 
1.652699 
1.867469 
1.864111 
1.476067 
1.621616 
1.711362 
1.843167 
1.943069 
1.759413 
1.485395 
1.726371 
2.198630 
1.774789 
1.639499 
1.811290 
1.939192 
2.164380 
2.052652 
2.040614 
1.948079 
2.129761 
1.679131 
1.543157 
1.722453 
1.786432 
1.395628 
0.821901 
0.639020 
0.484679 
0.531530 
0.604966 
0.684568 
0.763527 
0.854979 
0.914461 
0.995597 
1.075055 
0.978837 
1.210492 
1.073250 
0.825810 
0.753137 
0.700512 
0.672566 
0.719540 
0.948967 
0.840716 
1.202320 
1.218171 
1.402147 
1.241092 
1.693645 
1.643834 
1.561698 
1.606744 
1.176123 
1.026192 
0.865745 
0.820771 
0.899724 
0.783576 
0.845884 
0.813519 
0.808266 
0.716022 
0.724815 
0.611993 
0.684609 
0.817733 
0.717228 
0.794539 
0.809733 
0.930804 
0.852687 
0.942997 
0.936321 
1.054682 
0.945825 
1.258967 
1.434776 
1.481079 
1.469271 
1.853652 
1.661180 
1.702787 
2.051507 
1.838222 
1.625555 
1.818947 
1.381221 
1.254467 
0.942731 
0.864297 
0.619055 
0.599515 
0.520444 
0.516542 
0.472267 
0.474153 
0.512505 
0.730977 
0.807227 
0.829080 
1.183807 
1.364080 
1.612332 
1.581429 
2.165759 
1.710459 
1.859049 
2.234859 
1.758369 
1.838044 
1.765702 
1.682297 
1.657776 
2.011512 
1.295459 
1.714807 
1.419127 
1.848549 
1.964351 
1.611662 
1.696746 
1.979597 
1.754386 
1.573868 
1.871634 
1.729927 
1.836077 
1.681411 
1.805404 
1.865410 
1.821395 
1.782912 
1.742534 
2.042655 
1.957560 
1.962931 
2.167640 
1.980617 
2.280264 
2.019999 
1.794993 
1.880635 
1.508631 
1.510837 
1.288020 
1.182581 
1.356143 
1.410024 
1.495701 
1.877161 
1.649524 
1.532727 
1.601590 
1.414916 
1.585968 
1.501355 
1.706390 
1.886343 
1.622585 
1.748427 
1.705075 
1.584313 
1.854060 
1.244300 
1.739611 
1.647193 
1.693115 
1.416533 
1.361569 
1.737824 
1.284730 
1.335048 
1.129975 
1.121048 
1.139315 
0.934542 
1.167399 
0.938263 
1.290297 
1.427853 
1.663308 
1.833832 
1.898587 
1.943702 
1.869757 
1.934671 
1.659514 
1.251019 
1.783850 
1.434063 
1.409144 
1.684407 
1.554524 
1.625953 
1.605540 
1.819821 
1.790210 
1.472193 
1.583801 
1.615337 
1.254453 
0.910523 
0.952418 
1.067432 
1.169488 
1.193022 
1.102171 
1.122502 
1.212590 
1.196184 
1.145664 
1.351674 
1.286756 
1.495075 
1.469115 
1.517540 
1.131258 
1.370558 
1.566117 
1.374397 
1.210242 
1.453583 
0.966903 
0.723515 
0.630305 
0.530741 
0.490796 
0.492285 
0.368827 
0.386219 
0.404777 
0.434054 
0.447802 
0.429580 
0.342040 
0.389680 
0.482680 
0.430581 
0.420744 
0.388325 
0.501024 
0.464483 
0.562233 
0.625119 
0.673061 
0.876491 
0.853630 
1.145984 
1.232354 
1.460257 
1.341507 
1.381128 
1.071375 
1.232394 
1.137599 
1.231880 
0.912259 
0.806225 
0.893037 
0.909086 
0.764880 
0.799649 
0.801375 
0.794673 
0.646858 
0.561567 
0.689273 
0.676855 
0.826724 
0.950382 
0.644314 
0.966201 
1.271456 
1.429758 
1.387075 
1.146682 
1.272882 
1.170571 
1.258411 
1.363491 
1.071193 
1.201418 
1.351353 
0.951387 
0.979997 
0.951144 
0.956797 
0.831790 
0.668985 
0.785700 
0.804885 
0.686818 
0.835849 
0.697938 
0.907984 
0.915405 
0.802851 
0.962314 
0.654790 
1.002452 
0.951824 
0.768077 
1.106266 
0.896464 
1.072347 
0.961931 
0.996645 
0.705294 
0.825276 
0.633415 
0.589107 
0.593764 
0.728802 
0.658069 
0.899767 
0.904701 
0.873677 
0.810972 
0.712878 
0.502605 
0.501469 
0.433602 
0.421672 
0.503268 
0.558034 
0.543106 
0.533653 
0.528539 
0.576350 
0.495103 
0.531319 
0.541085 
0.450682 
0.562212 
0.559172 
0.366222 
0.467205 
0.487104 
0.436573 
0.359221 
0.399109 
0.302493 
0.326568 
0.273340 
0.304260 
0.230832 
0.301677 
0.267216 
0.237003 
0.236048 
0.216483 
0.253728 
0.195113 
0.172973 
0.192059 
0.169236 
0.199692 
0.160768 
0.167458 
0.169985 
0.143524 
0.177008 
0.198208 
0.169197 
0.194989 
0.184222 
0.207755 
0.180217 
0.191583 
0.185727 
0.172957 
0.191833 
0.141125 
0.224294 
0.214470 
0.207730 
0.228608 
0.238533 
0.218263 
0.224547 
0.204584 
0.243532 
0.249976 
0.269155 
0.232992 
0.294077 
0.317014 
0.293205 
0.339512 
0.255061 
0.307009 
0.315334 
0.313200 
0.290189 
0.330184 
0.347357 
0.253149 
0.304346 
0.328326 
0.410343 
0.399119 
0.339083 
0.342853 
0.357185 
0.387045 
0.434260 
0.402436 
0.555704 
0.553276 
0.612571 
0.725106 
0.677509 
0.641290 
0.747421 
0.660529 
0.504881 
0.521028 
0.514478 
0.344908 
0.280976 
0.318936 
0.305565 
0.257612 
0.277395 
0.265679 
0.266333 
0.254566 
0.219282 
0.201305 
0.166855 
0.167269 
0.161870 
0.168029 
0.135030 
0.126049 
0.144880 
0.114706 
0.110740 
0.128077 
0.116029 
0.085192 
0.111859 
0.130504 
0.110561 
0.140390 
0.125539 
0.143894 
0.137735 
0.115920 
0.126997 
0.130341 
0.107665 
0.139486 
0.108169 
0.122223 
0.122437 
0.115913 
0.135582 
0.139564 
0.109217 
0.134710 
0.140234 
0.117610 
0.126877 
0.115791 
0.094156 
0.106181 
0.104990 
0.107757 
0.079395 
0.087726 
0.062231 
0.073210 
0.064772 
0.055907 
0.065158 
0.060838 
0.060752 
0.069266 
0.065803 
0.063487 
0.056377 
0.063978 
0.053388 
0.055493 
0.054797 
0.049330 
0.054395 
0.046059 
0.044576 
0.036750 
0.034737 
0.036073 
0.038293 
0.031686 
0.028820 
0.027700 
0.027608 
0.025573 
0.023660 
0.022670 
0.020410 
0.019914 
0.015412 
0.012228 
0.014447 
0.015561 
0.015154 
0.012040 
0.012439 
0.012760 
0.010320 
0.012210 
0.012656 
0.011732 
0.013056 
0.011139 
0.013012 
0.011359 
0.013862 
0.012664 
0.011844 
0.012723 
0.011331 
0.010585 
0.013216 
0.011854 
0.009038 
0.008051 
0.006270 
0.006007 
0.005472 
0.005041 
0.004834 
0.004774 
0.004440 
0.005068 
0.004191 
0.004634 
0.004693 
0.004398 
0.005485 
0.004908 
0.003939 
0.004217 
0.004018 
0.004258 
0.003828 
0.003373 
0.003207 
0.002572 
0.002312 
0.002056 
0.002342 
0.001378 
0.001343 
0.001110 
0.000885 
0.000435 
0.000323 
0.000116 
0.000076 
0.000048 
0.000027 
0.000006 
0.000000 
0.000000 
0.000000 
0.000000 
0.000000 
0.000000 
0.000000 
0.000000 
0.000000 
0.000000 
0.000000 
0.000000 
0.000000 
0.000000 
0.000000 
0.000000 
0.000000 
0.000000 
0.000000 
0.000000 
0.000000 
0.000000 
0.000000 
0.000000 
0.000000 
0.000000 
0.000000 
0.000000 
0.000000 
0.000000 
0.000000 
0.000000 
0.000000 
0.000000 
0.000000 
0.000000 
0.000000 
0.000000 
0.000000 
0.000000 
0.000000 
0.000000 
0.000000 
0.000000 
0.000000 
0.000000 
0.000000 
0.000000 
0.000000 
0.000000 
0.000000 
0.000000 
0.000000 
0.000000 
0.000000 
0.000000 
0.000000 
0.000000 
0.000000 
0.000000 
0.000000 
0.000000 
0.000000 
0.000000 
0.000000 
0.000000 
0.000000 
0.000000 
0.000000 
0.000000 
0.000000 
0.000000 
0.000000 
0.000000 
0.000000 
0.000000 
0.000000 
0.000000 
0.000000 
0.000000 
0.000000 
0.000000 
0.000000 
0.000000 
0.000000 
0.000000 
0.000000 
0.000000 
0.000000 
0.000000 
0.000000 
0.000000 
0.000000 
0.000000 
0.000000 
0.000000 
0.000000 
0.000000 
0.000000 
0.000000 
0.000000 
0.000000 
0.000000 
0.000000 
0.000000 
0.000000 
0.000000 
0.000000 
0.000000 
0.000000 
0.000000 
0.000000 
0.000000 
0.000000 
0.000000 
0.000000 
0.000000 
0.000000 
0.000000 
0.000000 
0.000000 
0.000000 
0.000000 
0.000000 
0.000000 
0.000000 
0.000000 
0.000000 
0.000000 
0.000000 
0.000000 
0.000000 
0.000000 
0.000000 
0.000000 
0.000000 
0.000000 
0.000000 
0.000000 
0.000000 
0.000000 
0.000000 
0.000000 
0.000000 
0.000000 
0.000000 
0.000000 
0.000000 
0.000000 
0.000000 
0.000000 
0.000000 
0.000000 
0.000000 
0.000000 
0.000000 
0.000000 
0.000000 
0.000000 
0.000000 
0.000000 
0.000000 
0.000000 
0.000000 
0.000000 
0.000000 
0.000000 
0.000000 
0.000000 
0.000000 
0.000000 
0.000000 
0.000000 
0.000000 
0.000000 
0.000000 
0.000000 
0.000000 
0.000000 
0.000000 
0.000000 
0.000000 
0.000000 
0.000000 
0.000000 
0.000000 
0.000000 
0.000000 
0.000000 
0.000000 
0.000000 
