0.036988 
0.057101 
0.076787 
0.096014 
0.114750 
0.132963 
0.150622 
0.167694 
0.184147 
0.199950 
0.217212 
0.236008 
0.253253 
0.265862 
0.270750 
0.267942 
0.261246 
0.253254 
0.246558 
0.243750 
0.250097 
0.265792 
0.285813 
0.305139 
0.318750 
0.326251 
0.331659 
0.336572 
0.342587 
0.351300 
0.370217 
0.401025 
0.436594 
0.469796 
0.493500 
0.507330 
0.517436 
0.526476 
0.537111 
0.552000 
0.583270 
0.631946 
0.684037 
0.725552 
0.742500 
0.739672 
0.732247 
0.721811 
0.709950 
0.698250 
0.683944 
0.665670 
0.647124 
0.632002 
0.624000 
0.621009 
0.618520 
0.616627 
0.615422 
0.615000 
0.616248 
0.619224 
0.622776 
0.625752 
0.627000 
0.617503 
0.593920 
0.563610 
0.533933 
0.512250 
0.496573 
0.481218 
0.468002 
0.458741 
0.455250 
0.869945 
1.858832 
3.039118 
4.028005 
4.442700 
4.037459 
3.071114 
1.917736 
0.951391 
0.546150 
0.552701 
0.569181 
0.590830 
0.612890 
0.630600 
0.645705 
0.661552 
0.675787 
0.686054 
0.690000 
0.681732 
0.662016 
0.638484 
0.618768 
0.610500 
0.611681 
0.615004 
0.620136 
0.626746 
0.634500 
0.654578 
0.690576 
0.730784 
0.763495 
0.777000 
0.771661 
0.757864 
0.738936 
0.718205 
0.699000 
0.683080 
0.668139 
0.651408 
0.630118 
0.601500 
0.522138 
0.380912 
0.223491 
0.095547 
0.042750 
0.042750 
0.042750 
0.042750 
0.042750 
0.042750 
0.042750 
0.042750 
0.042750 
0.042750 
0.042750 
0.042750 
0.042750 
0.042750 
0.042750 
0.042750 
0.042750 
0.042750 
0.042750 
0.042750 
0.042750 
0.042750 
0.042750 
0.042750 
0.042750 
0.042750 
0.042750 
0.042750 
0.042750 
0.042750 
0.042750 
0.042750 
0.042750 
0.042750 
0.042750 
0.042750 
0.042750 
0.042750 
0.042750 
0.042750 
0.042750 
0.042750 
0.042750 
0.042750 
0.042750 
0.042750 
0.042750 
0.042750 
0.042750 
0.042750 
0.042750 
0.046588 
0.056603 
0.070549 
0.086180 
0.101250 
0.119362 
0.142247 
0.164851 
0.182120 
0.189000 
0.189000 
0.189000 
0.189000 
0.189000 
0.189000 
0.182120 
0.164851 
0.142247 
0.119362 
0.101250 
0.086180 
0.070549 
0.056603 
0.046588 
0.042750 
0.042750 
0.042750 
0.042750 
0.042750 
0.042750 
0.042750 
0.042750 
0.042750 
0.042750 
0.042750 
0.042750 
0.042750 
0.042750 
0.042750 
0.042750 
0.058740 
0.096870 
0.142380 
0.180510 
0.196500 
0.196500 
0.196500 
0.196500 
0.196500 
0.196500 
0.196500 
0.196500 
0.196500 
0.196500 
0.196500 
0.196500 
0.196500 
0.196500 
0.196500 
0.196500 
0.188208 
0.167934 
0.142581 
0.119052 
0.104250 
0.096328 
0.089204 
0.083431 
0.079562 
0.078150 
0.083672 
0.096841 
0.112559 
0.125728 
0.131250 
0.131250 
0.131250 
0.131250 
0.131250 
0.131250 
0.131250 
0.131250 
0.131250 
0.131250 
0.131250 
0.124793 
0.109047 
0.089450 
0.071438 
0.060450 
0.054984 
0.050142 
0.046262 
0.043685 
0.042750 
0.042750 
0.042750 
0.042750 
0.042750 
0.042750 
0.049630 
0.066899 
0.089503 
0.112388 
0.130500 
0.145570 
0.161201 
0.175147 
0.185162 
0.189000 
0.189000 
0.189000 
0.189000 
0.189000 
0.189000 
0.176832 
0.147816 
0.113184 
0.084168 
0.072000 
0.084948 
0.115824 
0.152676 
0.183552 
0.196500 
0.196500 
0.196500 
0.196500 
0.196500 
0.196500 
0.196500 
0.196500 
0.196500 
0.196500 
0.196500 
0.196500 
0.196500 
0.196500 
0.196500 
0.196500 
0.189268 
0.171113 
0.147349 
0.123290 
0.104250 
0.088408 
0.071975 
0.057313 
0.046784 
0.042750 
0.042750 
0.042750 
0.042750 
0.042750 
0.042750 
0.042750 
0.042750 
0.042750 
0.042750 
0.042750 
0.042750 
0.042750 
0.042750 
0.042750 
0.042750 
0.042750 
0.042750 
0.042750 
0.042750 
0.042750 
0.046588 
0.056603 
0.070549 
0.086180 
0.101250 
0.116542 
0.133787 
0.152161 
0.170841 
0.189000 
0.209484 
0.232842 
0.254808 
0.271116 
0.277500 
0.270620 
0.253351 
0.230747 
0.207862 
0.189750 
0.174680 
0.159049 
0.145103 
0.135088 
0.131250 
0.143558 
0.172909 
0.207941 
0.237292 
0.249600 
0.244078 
0.230909 
0.215191 
0.202022 
0.196500 
0.196500 
0.196500 
0.196500 
0.196500 
0.196500 
0.196500 
0.196500 
0.196500 
0.196500 
0.196500 
0.189268 
0.171113 
0.147349 
0.123290 
0.104250 
0.088408 
0.071975 
0.057313 
0.046784 
0.042750 
0.057672 
0.093305 
0.135952 
0.171916 
0.187500 
0.188132 
0.188486 
0.188734 
0.189048 
0.189600 
0.191486 
0.194929 
0.198795 
0.201947 
0.203250 
0.203162 
0.202902 
0.202477 
0.201890 
0.201150 
0.193280 
0.175694 
0.154977 
0.137717 
0.130500 
0.136584 
0.151092 
0.168408 
0.182916 
0.189000 
0.189000 
0.189000 
0.189000 
0.189000 
0.189000 
0.176832 
0.147816 
0.113184 
0.084168 
0.072000 
0.084948 
0.115824 
0.152676 
0.183552 
0.196500 
0.196500 
0.196500 
0.196500 
0.196500 
0.196500 
0.196500 
0.196500 
0.196500 
0.196500 
0.196500 
0.196500 
0.196500 
0.196500 
0.196500 
0.196500 
0.197764 
0.200777 
0.204373 
0.207386 
0.208650 
0.201692 
0.185101 
0.165299 
0.148708 
0.141750 
0.144906 
0.153341 
0.165509 
0.179861 
0.194850 
0.215602 
0.244227 
0.274657 
0.300821 
0.316650 
0.324212 
0.330019 
0.334671 
0.338765 
0.342900 
0.347621 
0.352582 
0.357043 
0.360262 
0.361500 
0.352296 
0.330348 
0.304152 
0.282204 
0.273000 
0.285168 
0.314184 
0.348816 
0.377832 
0.390000 
0.369096 
0.319248 
0.259752 
0.209904 
0.189000 
0.189000 
0.189000 
0.189000 
0.189000 
0.189000 
0.189780 
0.191640 
0.193860 
0.195720 
0.196500 
0.196500 
0.196500 
0.196500 
0.196500 
0.196500 
0.196500 
0.196500 
0.196500 
0.196500 
0.196500 
0.202022 
0.215191 
0.230909 
0.244078 
0.249600 
0.245578 
0.235261 
0.221269 
0.206225 
0.192750 
0.178791 
0.162594 
0.147226 
0.135755 
0.131250 
0.155196 
0.212298 
0.280452 
0.337554 
0.361500 
0.352296 
0.330348 
0.304152 
0.282204 
0.273000 
0.273000 
0.273000 
0.273000 
0.273000 
0.273000 
0.271920 
0.268829 
0.263954 
0.257519 
0.249750 
0.222871 
0.170866 
0.111601 
0.062940 
0.042750 
0.042750 
0.042750 
0.042750 
0.042750 
0.042750 
0.042750 
0.042750 
0.042750 
0.042750 
0.042750 
0.046588 
0.056603 
0.070549 
0.086180 
0.101250 
0.119362 
0.142247 
0.164851 
0.182120 
0.189000 
0.189000 
0.189000 
0.189000 
0.189000 
0.189000 
0.186754 
0.181397 
0.175003 
0.169646 
0.167400 
0.179630 
0.208795 
0.243605 
0.272770 
0.285000 
0.285000 
0.285000 
0.285000 
0.285000 
0.285000 
0.285000 
0.285000 
0.285000 
0.285000 
0.285000 
0.280651 
0.269122 
0.252686 
0.233621 
0.214200 
0.189125 
0.155954 
0.121251 
0.091579 
0.073500 
0.063842 
0.055408 
0.048729 
0.044333 
0.042750 
0.042750 
0.042750 
0.042750 
0.042750 
0.042750 
0.042750 
0.042750 
0.042750 
0.042750 
0.042750 
0.042750 
0.042750 
0.042750 
0.042750 
0.042750 
0.042750 
0.042750 
0.042750 
0.042750 
0.042750 
0.042750 
0.042750 
0.042750 
0.042750 
0.042750 
0.042750 
0.042750 
0.042750 
0.042750 
0.042750 
0.042750 
0.042750 
0.042750 
0.042750 
0.042750 
0.053608 
0.080952 
0.116937 
0.153718 
0.183450 
0.209110 
0.236182 
0.260579 
0.278214 
0.285000 
0.285000 
0.285000 
0.285000 
0.285000 
0.285000 
0.285000 
0.285000 
0.285000 
0.285000 
0.285000 
0.276730 
0.256775 
0.232420 
0.210950 
0.199650 
0.196118 
0.193174 
0.190931 
0.189502 
0.189000 
0.189000 
0.189000 
0.189000 
0.189000 
0.189000 
0.185162 
0.175147 
0.161201 
0.145570 
0.130500 
0.112388 
0.089503 
0.066899 
0.049630 
0.042750 
0.042750 
0.042750 
0.042750 
0.042750 
0.042750 
0.042750 
0.042750 
0.042750 
0.042750 
0.042750 
0.042750 
0.042750 
0.042750 
0.042750 
0.042750 
0.042750 
0.042750 
0.042750 
0.042750 
0.042750 
0.042750 
0.042750 
0.042750 
0.042750 
0.042750 
0.042750 
0.042750 
0.042750 
0.042750 
0.042750 
0.042750 
0.042750 
0.042750 
0.042750 
0.042750 
0.042750 
0.042750 
0.042750 
0.042750 
0.042750 
0.042750 
0.042750 
0.042750 
0.042750 
0.042750 
0.044294 
0.048553 
0.054965 
0.062968 
0.072000 
0.090158 
0.119923 
0.152309 
0.178330 
0.189000 
0.189000 
0.189000 
0.189000 
0.189000 
0.189000 
0.184764 
0.173951 
0.159407 
0.143975 
0.130500 
0.117181 
0.102121 
0.088021 
0.077580 
0.073500 
0.084533 
0.111518 
0.145287 
0.176671 
0.196500 
0.205859 
0.212799 
0.218600 
0.224540 
0.231900 
0.242860 
0.256708 
0.270387 
0.280837 
0.285000 
0.285000 
0.285000 
0.285000 
0.285000 
0.285000 
0.275768 
0.252384 
0.221316 
0.189032 
0.162000 
0.138163 
0.113128 
0.089857 
0.071310 
0.060450 
0.054751 
0.049879 
0.046086 
0.043626 
0.042750 
0.042750 
0.042750 
0.042750 
0.042750 
0.042750 
0.042750 
0.042750 
0.042750 
0.042750 
0.042750 
0.042750 
0.042750 
0.042750 
0.042750 
0.042750 
0.044294 
0.048553 
0.054965 
0.062968 
0.072000 
0.090158 
0.119923 
0.152309 
0.178330 
0.189000 
0.189000 
0.189000 
0.189000 
0.189000 
0.189000 
0.216846 
0.283248 
0.362502 
0.428904 
0.456750 
0.455198 
0.451129 
0.445421 
0.438952 
0.432600 
0.425837 
0.417929 
0.409442 
0.400943 
0.393000 
0.385893 
0.379234 
0.372589 
0.365523 
0.357600 
0.348884 
0.339523 
0.329210 
0.317638 
0.304500 
0.284792 
0.258076 
0.230895 
0.209789 
0.201300 
0.205923 
0.217107 
0.230825 
0.243049 
0.249750 
0.251809 
0.253108 
0.254129 
0.255350 
0.257250 
0.261906 
0.269538 
0.277842 
0.284514 
0.287250 
0.287250 
0.287250 
0.287250 
0.287250 
0.287250 
0.287250 
0.287250 
0.287250 
0.287250 
0.287250 
0.287250 
0.287250 
0.287250 
0.287250 
0.287250 
0.261822 
0.201186 
0.128814 
0.068178 
0.042750 
0.042750 
0.042750 
0.042750 
0.042750 
0.042750 
0.054035 
0.082756 
0.121209 
0.161692 
0.196500 
0.226361 
0.256432 
0.285659 
0.312983 
0.337350 
0.361539 
0.386629 
0.409014 
0.425090 
0.431250 
0.431250 
0.431250 
0.431250 
0.431250 
0.431250 
0.415667 
0.376131 
0.323461 
0.268478 
0.222000 
0.178642 
0.131099 
0.087309 
0.055213 
0.042750 
0.042750 
0.042750 
0.042750 
0.042750 
0.042750 
0.042750 
0.042750 
0.042750 
0.042750 
0.042750 
0.042750 
0.042750 
0.042750 
0.042750 
0.042750 
0.042750 
0.042750 
0.042750 
0.042750 
0.042750 
0.042750 
0.042750 
0.042750 
0.042750 
0.042750 
0.042750 
0.042750 
0.042750 
0.042750 
0.042750 
0.042750 
0.042750 
0.042750 
0.042750 
0.042750 
0.042750 
0.042750 
0.042750 
0.042750 
0.042750 
0.059340 
0.100800 
0.154665 
0.208470 
0.249750 
0.280393 
0.309565 
0.335715 
0.357293 
0.372750 
0.383574 
0.392534 
0.399996 
0.406329 
0.411900 
0.416360 
0.419708 
0.422837 
0.426637 
0.432000 
0.439766 
0.450809 
0.466068 
0.486485 
0.513000 
0.631915 
0.872274 
1.149130 
1.377537 
1.472550 
1.377562 
1.151051 
0.880699 
0.654188 
0.559200 
0.566563 
0.584122 
0.605078 
0.622637 
0.630000 
0.587519 
0.484947 
0.359590 
0.248755 
0.189750 
0.172228 
0.159630 
0.149944 
0.141155 
0.131250 
0.119961 
0.108620 
0.097614 
0.087328 
0.078150 
0.069031 
0.059572 
0.051133 
0.045072 
0.042750 
0.042750 
0.042750 
0.042750 
0.042750 
0.042750 
0.042750 
0.042750 
0.042750 
0.042750 
0.042750 
0.042750 
0.042750 
0.042750 
0.042750 
0.042750 
0.042750 
0.042750 
0.042750 
0.042750 
0.042750 
0.042750 
0.042750 
0.042750 
0.042750 
0.042750 
0.042750 
0.042750 
0.042750 
0.042750 
0.042750 
0.042750 
0.042750 
0.042750 
0.042750 
0.042750 
0.047395 
0.060442 
0.080556 
0.106403 
0.136650 
0.208067 
0.334123 
0.478530 
0.605002 
0.677250 
0.708536 
0.735359 
0.756290 
0.769897 
0.774750 
0.765656 
0.742158 
0.709932 
0.674654 
0.642000 
0.608219 
0.569384 
0.530910 
0.498210 
0.476700 
0.465082 
0.456986 
0.450214 
0.442568 
0.431850 
0.411810 
0.382609 
0.351669 
0.326410 
0.314250 
0.311791 
0.310301 
0.309200 
0.307909 
0.305850 
0.300980 
0.293181 
0.284756 
0.278011 
0.275250 
0.277434 
0.282642 
0.288858 
0.294066 
0.296250 
0.295205 
0.292322 
0.287982 
0.282564 
0.276450 
0.264158 
0.244010 
0.222087 
0.204473 
0.197250 
0.197250 
0.197250 
0.197250 
0.197250 
0.197250 
0.197250 
0.197250 
0.197250 
0.197250 
0.197250 
0.197250 
0.197250 
0.197250 
0.197250 
0.197250 
0.200699 
0.210566 
0.226135 
0.246685 
0.271500 
0.328258 
0.436232 
0.582097 
0.752529 
0.934200 
1.204478 
1.584559 
1.976861 
2.283802 
2.407800 
2.406313 
2.402276 
2.396328 
2.389106 
2.381250 
2.372767 
2.362175 
2.347875 
2.328266 
2.301750 
2.087774 
1.621636 
1.075511 
0.621574 
0.432000 
0.444636 
0.474768 
0.510732 
0.540864 
0.553500 
0.546371 
0.529370 
0.509080 
0.492079 
0.484950 
0.490753 
0.504592 
0.521108 
0.534947 
0.540750 
0.540750 
0.540750 
0.540750 
0.540750 
0.540750 
0.542310 
0.546030 
0.550470 
0.554190 
0.555750 
0.554242 
0.550303 
0.544807 
0.538631 
0.532650 
0.525390 
0.516163 
0.507027 
0.500037 
0.497250 
0.497250 
0.497250 
0.497250 
0.497250 
0.497250 
0.497250 
0.497250 
0.497250 
0.497250 
0.497250 
0.508560 
0.535530 
0.567720 
0.594690 
0.606000 
0.606000 
0.606000 
0.606000 
0.606000 
0.606000 
0.617794 
0.645917 
0.679483 
0.707606 
0.719400 
0.706249 
0.674890 
0.637460 
0.606101 
0.592950 
0.595306 
0.600923 
0.607627 
0.613244 
0.615600 
0.608393 
0.591206 
0.570694 
0.553507 
0.546300 
0.555702 
0.578395 
0.606107 
0.630566 
0.643500 
0.647620 
0.651061 
0.653687 
0.655362 
0.655950 
0.654160 
0.649283 
0.642061 
0.633237 
0.623550 
0.606469 
0.580011 
0.551744 
0.529235 
0.520050 
0.526954 
0.543750 
0.564563 
0.583521 
0.594750 
0.599170 
0.602183 
0.604636 
0.607376 
0.611250 
0.618595 
0.629277 
0.640442 
0.649235 
0.652800 
0.646997 
0.633158 
0.616642 
0.602803 
0.597000 
0.666583 
0.841832 
1.072500 
1.308339 
1.499100 
1.663918 
1.837893 
1.994724 
2.108110 
2.151750 
2.151287 
2.149971 
2.147911 
2.145218 
2.142000 
2.136262 
2.125977 
2.111211 
2.092030 
2.068500 
2.020951 
1.936356 
1.824747 
1.696151 
1.560600 
1.367541 
1.103391 
0.833636 
0.623761 
0.539250 
0.541825 
0.548386 
0.557183 
0.566471 
0.574500 
0.582203 
0.590749 
0.598743 
0.604792 
0.607500 
0.608023 
0.608441 
0.608747 
0.608936 
0.609000 
0.606407 
0.599913 
0.591445 
0.582931 
0.576300 
0.570932 
0.565432 
0.560561 
0.557080 
0.555750 
0.558111 
0.564513 
0.573935 
0.585354 
0.597750 
0.615015 
0.639443 
0.667614 
0.696106 
0.721500 
0.746935 
0.774754 
0.800341 
0.819078 
0.826350 
0.823638 
0.816155 
0.804883 
0.790805 
0.774900 
0.744210 
0.694319 
0.639029 
0.592139 
0.567450 
0.559077 
0.552108 
0.546806 
0.543433 
0.542250 
0.558599 
0.597584 
0.644116 
0.683101 
0.699450 
0.690355 
0.668668 
0.642782 
0.621095 
0.612000 
0.617291 
0.630855 
0.649228 
0.668948 
0.686550 
0.704667 
0.725614 
0.745453 
0.760244 
0.766050 
0.758125 
0.739228 
0.716672 
0.697775 
0.689850 
0.707556 
0.749778 
0.800172 
0.842394 
0.860100 
0.858343 
0.853539 
0.846388 
0.837592 
0.827850 
0.809996 
0.781856 
0.751617 
0.727469 
0.717600 
0.734947 
0.776314 
0.825686 
0.867053 
0.884400 
0.871063 
0.838168 
0.796386 
0.756389 
0.728850 
0.711030 
0.694209 
0.680088 
0.670368 
0.666750 
0.667604 
0.670633 
0.676535 
0.686008 
0.699750 
