0.028500 
0.028500 
0.028500 
0.028500 
0.028500 
0.028500 
0.028500 
0.028500 
0.028500 
0.028500 
0.028500 
0.028500 
0.028500 
0.028500 
0.028500 
0.028500 
0.028500 
0.028500 
0.028500 
0.028500 
0.028500 
0.028500 
0.028500 
0.028500 
0.028500 
0.028500 
0.028500 
0.028500 
0.028500 
0.028500 
0.028500 
0.028500 
0.028500 
0.028500 
0.028500 
0.028500 
0.028500 
0.028500 
0.028500 
0.028500 
0.028500 
0.028500 
0.028500 
0.028500 
0.028500 
0.028500 
0.028500 
0.028500 
0.028500 
0.028500 
0.028500 
0.028500 
0.028500 
0.028500 
0.028500 
0.028500 
0.028500 
0.028500 
0.028500 
0.028500 
0.028500 
0.028500 
0.028500 
0.028500 
0.028500 
0.028500 
0.028500 
0.028500 
0.028500 
0.028500 
0.035732 
0.053887 
0.077651 
0.101710 
0.120750 
0.136592 
0.153025 
0.167687 
0.178216 
0.182250 
0.182250 
0.182250 
0.182250 
0.182250 
0.182250 
0.182250 
0.182250 
0.182250 
0.182250 
0.182250 
0.180626 
0.176149 
0.169409 
0.160996 
0.151500 
0.132410 
0.101119 
0.067073 
0.039718 
0.028500 
0.028500 
0.028500 
0.028500 
0.028500 
0.028500 
0.028500 
0.028500 
0.028500 
0.028500 
0.028500 
0.028500 
0.028500 
0.028500 
0.028500 
0.028500 
0.028500 
0.028500 
0.028500 
0.028500 
0.028500 
0.028500 
0.028500 
0.028500 
0.028500 
0.028500 
0.028500 
0.028500 
0.028500 
0.028500 
0.028500 
0.028500 
0.028500 
0.028500 
0.028500 
0.028500 
0.030124 
0.034601 
0.041341 
0.049754 
0.059250 
0.078340 
0.109631 
0.143677 
0.171032 
0.182250 
0.182250 
0.182250 
0.182250 
0.182250 
0.182250 
0.182250 
0.182250 
0.182250 
0.182250 
0.182250 
0.182250 
0.182250 
0.182250 
0.182250 
0.182250 
0.171032 
0.143677 
0.109631 
0.078340 
0.059250 
0.049754 
0.041341 
0.034601 
0.030124 
0.028500 
0.028500 
0.028500 
0.028500 
0.028500 
0.028500 
0.028500 
0.028500 
0.028500 
0.028500 
0.028500 
0.028500 
0.028500 
0.028500 
0.028500 
0.028500 
0.028500 
0.028500 
0.028500 
0.028500 
0.028500 
0.028500 
0.028500 
0.028500 
0.028500 
0.028500 
0.028500 
0.028500 
0.028500 
0.028500 
0.028500 
0.028500 
0.028500 
0.028500 
0.028500 
0.028500 
0.028500 
0.028500 
0.028500 
0.028500 
0.028500 
0.028500 
0.028500 
0.028500 
0.028500 
0.028500 
0.028500 
0.028500 
0.028500 
0.028500 
0.028500 
0.028500 
0.028500 
0.028500 
0.028500 
0.028500 
0.028500 
0.028500 
0.028500 
0.028500 
0.028500 
0.028500 
0.028500 
0.028500 
0.028500 
0.028500 
0.030124 
0.034601 
0.041341 
0.049754 
0.059250 
0.078340 
0.109631 
0.143677 
0.171032 
0.182250 
0.182250 
0.182250 
0.182250 
0.182250 
0.182250 
0.182250 
0.182250 
0.182250 
0.182250 
0.182250 
0.182250 
0.182250 
0.182250 
0.182250 
0.182250 
0.171032 
0.143677 
0.109631 
0.078340 
0.059250 
0.049754 
0.041341 
0.034601 
0.030124 
0.028500 
0.028500 
0.028500 
0.028500 
0.028500 
0.028500 
0.028500 
0.028500 
0.028500 
0.028500 
0.028500 
0.028500 
0.028500 
0.028500 
0.028500 
0.028500 
0.028500 
0.028500 
0.028500 
0.028500 
0.028500 
0.028500 
0.028500 
0.028500 
0.028500 
0.028500 
0.028500 
0.028500 
0.028500 
0.028500 
0.028500 
0.028500 
0.028500 
0.028500 
0.028500 
0.028500 
0.028500 
0.028500 
0.028500 
0.028500 
0.028500 
0.028500 
0.028500 
0.028500 
0.028500 
0.028500 
0.028500 
0.028500 
0.028500 
0.028500 
0.028500 
0.028500 
0.028500 
0.028500 
0.028500 
0.028500 
0.028500 
0.028500 
0.028500 
0.028500 
0.028500 
0.028500 
0.028500 
0.028500 
0.028500 
0.028500 
0.028500 
0.028500 
0.028500 
0.028500 
0.028500 
0.028500 
0.028500 
0.028500 
0.028500 
0.028500 
0.039718 
0.067073 
0.101119 
0.132410 
0.151500 
0.160996 
0.169409 
0.176149 
0.180626 
0.182250 
0.182250 
0.182250 
0.182250 
0.182250 
0.182250 
0.182250 
0.182250 
0.182250 
0.182250 
0.182250 
0.178216 
0.167687 
0.153025 
0.136592 
0.120750 
0.101710 
0.077651 
0.053887 
0.035732 
0.028500 
0.028500 
0.028500 
0.028500 
0.028500 
0.028500 
0.028500 
0.028500 
0.028500 
0.028500 
0.028500 
0.028500 
0.028500 
0.028500 
0.028500 
0.028500 
0.028500 
0.028500 
0.028500 
0.028500 
0.028500 
0.028500 
0.028500 
0.028500 
0.028500 
0.028500 
0.028500 
0.028500 
0.028500 
0.028500 
0.028500 
0.028500 
0.028500 
0.028500 
0.028500 
0.028500 
0.032534 
0.043063 
0.057725 
0.074158 
0.090000 
0.109040 
0.133099 
0.156863 
0.175018 
0.182250 
0.182250 
0.182250 
0.182250 
0.182250 
0.182250 
0.182250 
0.182250 
0.182250 
0.182250 
0.182250 
0.182250 
0.182250 
0.182250 
0.182250 
0.182250 
0.172500 
0.149250 
0.121500 
0.098250 
0.088500 
0.091900 
0.100500 
0.111900 
0.123700 
0.133500 
0.141903 
0.150550 
0.158594 
0.165193 
0.169500 
0.172279 
0.174742 
0.176714 
0.178025 
0.178500 
0.178500 
0.178500 
0.178500 
0.178500 
0.178500 
0.176679 
0.171958 
0.165447 
0.158258 
0.151500 
0.144794 
0.137347 
0.129653 
0.122206 
0.115500 
0.109606 
0.104145 
0.098930 
0.093777 
0.088500 
0.082236 
0.075108 
0.068412 
0.063444 
0.061500 
0.064132 
0.071136 
0.081174 
0.092908 
0.105000 
0.122162 
0.145986 
0.170454 
0.189548 
0.197250 
0.197250 
0.197250 
0.197250 
0.197250 
0.197250 
0.197250 
0.197250 
0.197250 
0.197250 
0.197250 
0.214060 
0.260219 
0.329324 
0.414969 
0.510750 
0.694530 
0.990021 
1.309586 
1.565591 
1.670400 
1.650733 
1.603623 
1.546906 
1.498420 
1.476000 
1.473434 
1.472071 
1.471091 
1.469674 
1.467000 
1.323843 
0.987641 
0.587567 
0.252796 
0.112500 
0.113904 
0.117252 
0.121248 
0.124596 
0.126000 
0.126000 
0.126000 
0.126000 
0.126000 
0.126000 
0.126000 
0.126000 
0.126000 
0.126000 
0.126000 
0.126000 
0.126000 
0.126000 
0.126000 
0.126000 
0.234685 
0.493858 
0.803192 
1.062365 
1.171050 
1.082850 
0.871608 
0.617360 
0.400145 
0.300000 
0.287885 
0.280014 
0.274300 
0.268657 
0.261000 
0.248926 
0.233669 
0.218599 
0.207086 
0.202500 
0.202500 
0.202500 
0.202500 
0.202500 
0.202500 
0.190447 
0.161422 
0.126123 
0.095249 
0.079500 
0.075829 
0.073521 
0.071774 
0.069785 
0.066750 
0.060324 
0.050532 
0.040128 
0.031866 
0.028500 
0.028500 
0.028500 
0.028500 
0.028500 
0.028500 
0.028500 
0.028500 
0.028500 
0.028500 
0.028500 
0.028500 
0.028500 
0.028500 
0.028500 
0.028500 
0.028500 
0.028500 
0.028500 
0.028500 
0.028500 
0.028500 
0.028500 
0.028500 
0.028500 
0.028500 
0.028500 
0.028500 
0.028500 
0.028500 
0.028500 
0.028500 
0.028500 
0.028500 
0.028500 
0.028500 
0.028500 
0.028500 
0.028500 
0.028500 
0.028500 
0.028500 
0.028500 
0.028500 
0.028500 
0.028500 
0.028500 
0.028500 
0.028500 
0.028500 
0.028500 
0.028500 
0.028500 
0.028500 
0.028500 
0.028500 
0.030606 
0.035628 
0.041622 
0.046644 
0.048750 
0.048750 
0.048750 
0.048750 
0.048750 
0.048750 
0.059968 
0.087323 
0.121369 
0.152660 
0.171750 
0.181246 
0.189659 
0.196399 
0.200876 
0.202500 
0.202500 
0.202500 
0.202500 
0.202500 
0.202500 
0.224711 
0.285838 
0.377620 
0.491794 
0.620100 
0.872301 
1.281918 
1.726324 
2.082893 
2.229000 
2.219257 
2.195758 
2.167094 
2.141861 
2.128650 
2.124612 
2.121252 
2.118696 
2.117070 
2.116500 
2.116500 
2.116500 
2.116500 
2.116500 
2.116500 
2.116500 
2.116500 
2.116500 
2.116500 
2.116500 
2.116500 
2.116500 
2.116500 
2.116500 
2.116500 
2.116500 
2.116500 
2.116500 
2.116500 
2.116500 
2.116500 
2.116500 
2.116500 
2.116500 
2.116500 
2.116500 
2.116500 
2.116500 
2.116500 
2.116500 
2.116500 
2.116500 
2.116500 
2.116500 
2.116500 
2.116500 
2.116500 
2.116500 
2.116500 
2.116500 
2.094451 
2.033648 
1.942110 
1.827855 
1.698900 
1.439654 
1.014704 
0.552337 
0.180840 
0.028500 
0.035732 
0.053887 
0.077651 
0.101710 
0.120750 
0.136592 
0.153025 
0.167687 
0.178216 
0.182250 
0.182250 
0.182250 
0.182250 
0.182250 
0.182250 
0.182250 
0.182250 
0.182250 
0.182250 
0.182250 
0.180626 
0.176149 
0.169409 
0.160996 
0.151500 
0.132410 
0.101119 
0.067073 
0.039718 
0.028500 
0.028500 
0.028500 
0.028500 
0.028500 
0.028500 
0.028500 
0.028500 
0.028500 
0.028500 
0.028500 
0.028500 
0.028500 
0.028500 
0.028500 
0.028500 
0.028500 
0.028500 
0.028500 
0.028500 
0.028500 
0.028500 
0.028500 
0.028500 
0.028500 
0.028500 
0.028500 
0.028500 
0.028500 
0.028500 
0.028500 
0.028500 
0.028500 
0.028500 
0.028500 
0.028500 
0.028500 
0.028500 
0.028500 
0.028500 
0.028500 
0.028500 
0.028500 
0.028500 
0.028500 
0.028500 
0.028500 
0.028500 
0.028500 
0.028500 
0.028500 
0.028500 
0.028500 
0.028500 
0.028500 
0.028500 
0.039718 
0.067073 
0.101119 
0.132410 
0.151500 
0.160996 
0.169409 
0.176149 
0.180626 
0.182250 
0.182250 
0.182250 
0.182250 
0.182250 
0.182250 
0.182250 
0.182250 
0.182250 
0.182250 
0.182250 
0.178216 
0.167687 
0.153025 
0.136592 
0.120750 
0.101710 
0.077651 
0.053887 
0.035732 
0.028500 
0.028500 
0.028500 
0.028500 
0.028500 
0.028500 
0.028500 
0.028500 
0.028500 
0.028500 
0.028500 
0.028500 
0.028500 
0.028500 
0.028500 
0.028500 
0.028500 
0.028500 
0.028500 
0.028500 
0.028500 
0.028500 
0.028500 
0.028500 
0.028500 
0.028500 
0.028500 
0.028500 
0.028500 
0.028500 
0.028500 
0.028500 
0.028500 
0.028500 
0.028500 
0.028500 
0.028628 
0.029005 
0.029618 
0.030453 
0.031500 
0.036636 
0.048171 
0.063738 
0.080970 
0.097500 
0.116943 
0.141052 
0.164665 
0.182618 
0.189750 
0.189750 
0.189750 
0.189750 
0.189750 
0.189750 
0.189750 
0.189750 
0.189750 
0.189750 
0.189750 
0.189750 
0.189750 
0.189750 
0.189750 
0.189750 
0.173760 
0.135630 
0.090120 
0.051990 
0.036000 
0.036000 
0.036000 
0.036000 
0.036000 
0.036000 
0.036000 
0.036000 
0.036000 
0.036000 
0.036000 
0.040586 
0.052099 
0.067169 
0.082426 
0.094500 
0.104546 
0.114967 
0.124265 
0.130942 
0.133500 
0.133500 
0.133500 
0.133500 
0.133500 
0.133500 
0.146371 
0.179888 
0.226410 
0.278294 
0.327900 
0.386445 
0.459645 
0.531608 
0.586441 
0.608250 
0.558876 
0.441138 
0.300612 
0.182874 
0.133500 
0.140205 
0.157066 
0.179199 
0.201722 
0.219750 
0.235048 
0.251061 
0.265424 
0.275775 
0.279750 
0.279750 
0.279750 
0.279750 
0.279750 
0.279750 
0.273594 
0.258162 
0.238008 
0.217686 
0.201750 
0.190984 
0.182110 
0.173595 
0.163903 
0.151500 
0.129575 
0.097930 
0.064946 
0.039009 
0.028500 
0.028500 
0.028500 
0.028500 
0.028500 
0.028500 
0.028500 
0.028500 
0.028500 
0.028500 
0.028500 
0.028500 
0.028500 
0.028500 
0.028500 
0.028500 
0.032872 
0.045504 
0.065671 
0.092645 
0.125700 
0.233807 
0.453063 
0.733436 
1.024893 
1.277400 
1.521931 
1.792162 
2.042113 
2.225802 
2.297250 
2.289746 
2.271853 
2.250497 
2.232604 
2.225100 
2.225662 
2.227001 
2.228599 
2.229938 
2.230500 
2.230500 
2.230500 
2.230500 
2.230500 
2.230500 
2.230500 
2.230500 
2.230500 
2.230500 
2.230500 
2.230500 
2.230500 
2.230500 
2.230500 
2.230500 
2.229642 
2.227596 
2.225154 
2.223108 
2.222250 
2.225761 
2.236011 
2.252576 
2.275030 
2.302950 
2.467198 
2.814743 
3.219319 
3.554660 
3.694500 
3.694500 
3.694500 
3.694500 
3.694500 
3.694500 
3.694500 
3.694500 
3.694500 
3.694500 
3.694500 
3.536341 
3.137296 
2.610510 
2.069129 
1.626300 
1.236214 
0.820607 
0.443937 
0.170665 
0.065250 
0.065250 
0.065250 
0.065250 
0.065250 
0.065250 
0.065250 
0.065250 
0.065250 
0.065250 
0.065250 
0.064703 
0.063368 
0.061708 
0.060181 
0.059250 
0.058787 
0.058376 
0.058048 
0.057829 
0.057750 
0.057750 
0.057750 
0.057750 
0.057750 
0.057750 
0.057750 
0.057750 
0.057750 
0.057750 
0.057750 
0.057750 
0.057750 
0.057750 
0.057750 
0.057750 
0.058915 
0.061874 
0.065825 
0.069968 
0.073500 
0.076845 
0.080541 
0.083960 
0.086473 
0.087450 
0.083581 
0.074356 
0.063344 
0.054119 
0.050250 
0.064426 
0.103667 
0.163046 
0.237633 
0.322500 
0.495416 
0.782071 
1.099418 
1.364410 
1.494000 
1.524347 
1.547684 
1.565072 
1.577573 
1.586250 
1.593099 
1.599137 
1.603955 
1.607146 
1.608300 
1.463813 
1.119266 
0.708034 
0.363487 
0.219000 
0.219000 
0.219000 
0.219000 
0.219000 
0.219000 
0.203010 
0.164880 
0.119370 
0.081240 
0.065250 
0.085468 
0.133679 
0.191221 
0.239432 
0.259650 
0.239432 
0.191221 
0.133679 
0.085468 
0.065250 
0.144311 
0.332840 
0.557860 
0.746389 
0.825450 
0.801593 
0.740624 
0.658450 
0.570973 
0.494100 
0.417417 
0.330321 
0.248432 
0.187368 
0.162750 
0.161792 
0.161183 
0.160754 
0.160333 
0.159750 
0.158821 
0.157648 
0.156488 
0.155603 
0.155250 
0.180874 
0.245556 
0.331011 
0.418954 
0.491100 
0.554978 
0.623205 
0.685128 
0.730094 
0.747450 
0.702631 
0.595756 
0.468194 
0.361319 
0.316500 
0.316500 
0.316500 
0.316500 
0.316500 
0.316500 
0.315618 
0.313368 
0.310343 
0.307139 
0.304350 
0.302276 
0.300521 
0.298633 
0.296160 
0.292650 
0.279820 
0.255268 
0.227367 
0.204487 
0.195000 
0.300409 
0.551770 
0.851780 
1.103141 
1.208550 
1.106105 
0.861812 
0.570238 
0.325945 
0.223500 
0.223922 
0.225097 
0.226885 
0.229149 
0.231750 
0.236359 
0.243868 
0.252973 
0.262369 
0.270750 
0.279208 
0.288620 
0.297357 
0.303793 
0.306300 
0.304865 
0.301442 
0.297358 
0.293935 
0.292500 
0.546109 
1.150870 
1.872680 
2.477441 
2.731050 
2.620277 
2.356088 
2.040681 
1.776253 
1.665000 
1.664556 
1.664328 
1.664172 
1.663944 
1.663500 
1.560524 
1.310950 
1.002014 
0.720953 
0.555000 
0.479120 
0.412882 
0.360435 
0.325925 
0.313500 
0.316650 
0.324750 
0.335775 
0.347700 
0.358500 
0.369659 
0.382543 
0.394947 
0.404667 
0.409500 
0.410757 
0.411466 
0.411997 
0.412718 
0.414000 
0.421942 
0.438445 
0.457577 
0.473406 
0.480000 
0.480000 
0.480000 
0.480000 
0.480000 
0.480000 
0.471912 
0.452135 
0.427403 
0.404447 
0.390000 
0.382261 
0.375301 
0.369661 
0.365880 
0.364500 
0.365124 
0.366612 
0.368388 
0.369876 
0.370500 
0.369837 
0.368031 
0.365357 
0.362089 
0.358500 
0.352526 
0.343431 
0.333483 
0.324950 
0.320100 
0.318267 
0.317040 
0.316070 
0.315006 
0.313500 
0.310728 
0.306786 
0.302700 
0.299496 
0.298200 
0.304807 
0.321092 
0.341753 
0.361490 
0.375000 
0.382923 
0.389613 
0.395342 
0.400381 
0.405000 
0.409291 
0.413194 
0.416750 
0.420005 
0.423000 
0.426091 
0.429298 
0.432158 
0.434213 
0.435000 
0.434016 
0.431412 
0.427710 
0.423432 
0.419100 
0.415044 
0.410730 
0.405385 
0.398233 
0.388500 
0.343840 
0.253658 
0.149805 
0.064135 
0.028500 
0.030124 
0.034601 
0.041341 
0.049754 
0.059250 
0.078340 
0.109631 
0.143677 
0.171032 
0.182250 
0.182250 
0.182250 
0.182250 
0.182250 
0.182250 
0.182250 
0.182250 
0.182250 
0.182250 
0.182250 
0.182250 
0.182250 
0.182250 
0.182250 
0.182250 
0.171032 
0.143677 
0.109631 
0.078340 
0.059250 
0.049754 
0.041341 
0.034601 
0.030124 
0.028500 
0.028500 
0.028500 
0.028500 
0.028500 
0.028500 
0.028500 
0.028500 
0.028500 
0.028500 
0.028500 
0.028500 
0.028500 
0.028500 
0.028500 
0.028500 
0.028500 
0.028500 
0.028500 
0.028500 
0.028500 
