0.000000 
0.000000 
0.000000 
0.000000 
0.000000 
0.000000 
0.000000 
0.000000 
0.000000 
0.000000 
0.000000 
0.000000 
0.000000 
0.000000 
0.000000 
0.000000 
0.000000 
0.000000 
0.000000 
0.000000 
0.000000 
0.000000 
0.000000 
0.000000 
0.000000 
0.000000 
0.000000 
0.000000 
0.000000 
0.000000 
0.000000 
0.000000 
0.000000 
0.000000 
0.000000 
0.000000 
0.000000 
0.000000 
0.000000 
0.000000 
0.000000 
0.000000 
0.000000 
0.000000 
0.000000 
0.000000 
0.000000 
0.000000 
0.000000 
0.000000 
0.000000 
0.000000 
0.000000 
0.000000 
0.000000 
0.000000 
0.000000 
0.000000 
0.000000 
0.000000 
0.000000 
0.000000 
0.000000 
0.000000 
0.000000 
0.000000 
0.000000 
0.000000 
0.000000 
0.000000 
0.000000 
0.000000 
0.000000 
0.000000 
0.000000 
0.000000 
0.000000 
0.000000 
0.000000 
0.000000 
0.000000 
0.000000 
0.000000 
0.000000 
0.000000 
0.000000 
0.000000 
0.000000 
0.000000 
0.000000 
0.000000 
0.000000 
0.000000 
0.000000 
0.000000 
0.000000 
0.000000 
0.000000 
0.000000 
0.000000 
0.000000 
0.000000 
0.000000 
0.000000 
0.000000 
0.000000 
0.000000 
0.000000 
0.000000 
0.000000 
0.000000 
0.000000 
0.000000 
0.000000 
0.000000 
0.000000 
0.000000 
0.000000 
0.000000 
0.000000 
0.000000 
0.000000 
0.000000 
0.000000 
0.000000 
0.000000 
0.000000 
0.000000 
0.000000 
0.000000 
0.000000 
0.000000 
0.000000 
0.000000 
0.000000 
0.000000 
0.000000 
0.000000 
0.000000 
0.000000 
0.000000 
0.000000 
0.000000 
0.000000 
0.000000 
0.000000 
0.000000 
0.000000 
0.000000 
0.000000 
0.000000 
0.000000 
0.000000 
0.000000 
0.000000 
0.000000 
0.000000 
0.000000 
0.000000 
0.000000 
0.000000 
0.000000 
0.000000 
0.000000 
0.000000 
0.000000 
0.000000 
0.000000 
0.000000 
0.000000 
0.000000 
0.000000 
0.000000 
0.000000 
0.000000 
0.000000 
0.000000 
0.000000 
0.000000 
0.000000 
0.000000 
0.000000 
0.000000 
0.000000 
0.000000 
0.000000 
0.000000 
0.000000 
0.000000 
0.000000 
0.000000 
0.000000 
0.000000 
0.000000 
0.000000 
0.000000 
0.000000 
0.000000 
0.000000 
0.000000 
0.000000 
0.000000 
0.000000 
0.000000 
0.000000 
0.000000 
0.000000 
0.000000 
0.000000 
0.000000 
0.000000 
0.000000 
0.000000 
0.000000 
0.000000 
0.000000 
0.000000 
0.000000 
0.000000 
0.000000 
0.000000 
0.000000 
0.000000 
0.000000 
0.000000 
0.000034 
0.000125 
0.000298 
0.000429 
0.000687 
0.000711 
0.001121 
0.001689 
0.001871 
0.002291 
0.002060 
0.003111 
0.004988 
0.004459 
0.007080 
0.007905 
0.008716 
0.011217 
0.010150 
0.014388 
0.013943 
0.016915 
0.018899 
0.016706 
0.017917 
0.018852 
0.022094 
0.018987 
0.022614 
0.021295 
0.018038 
0.020157 
0.022424 
0.020974 
0.018522 
0.020927 
0.016900 
0.020799 
0.019112 
0.017703 
0.017530 
0.022660 
0.024117 
0.025268 
0.027646 
0.024811 
0.034981 
0.026692 
0.028772 
0.033795 
0.038476 
0.043461 
0.041625 
0.038373 
0.047009 
0.040878 
0.048953 
0.046385 
0.043759 
0.039686 
0.047714 
0.042560 
0.050706 
0.056214 
0.050820 
0.055562 
0.049472 
0.052892 
0.045411 
0.067211 
0.061173 
0.066712 
0.058551 
0.059848 
0.065064 
0.057825 
0.054093 
0.065083 
0.067380 
0.068722 
0.067163 
0.062853 
0.069575 
0.074691 
0.077830 
0.069301 
0.061273 
0.070578 
0.083316 
0.086491 
0.075795 
0.067813 
0.080649 
0.081569 
0.083184 
0.096297 
0.076893 
0.090817 
0.098825 
0.099479 
0.112121 
0.124862 
0.102469 
0.106607 
0.143856 
0.131296 
0.161192 
0.165279 
0.168581 
0.161665 
0.203629 
0.181436 
0.197444 
0.237691 
0.260600 
0.191511 
0.215813 
0.174282 
0.150318 
0.172877 
0.151752 
0.168379 
0.161649 
0.215738 
0.237163 
0.213755 
0.243528 
0.266509 
0.210403 
0.232237 
0.229161 
0.257455 
0.278308 
0.221697 
0.234024 
0.241839 
0.236555 
0.396646 
0.345900 
0.411130 
0.370822 
0.405096 
0.332561 
0.388144 
0.463068 
0.455142 
0.433638 
0.529139 
0.647183 
0.593419 
0.639440 
0.582860 
0.548573 
0.495530 
0.575174 
0.470856 
0.489388 
0.482605 
0.449745 
0.494400 
0.493179 
0.538747 
0.566045 
0.567043 
0.430454 
0.481883 
0.518992 
0.527270 
0.478478 
0.410439 
0.472513 
0.475328 
0.463047 
0.511875 
0.494494 
0.439615 
0.508666 
0.649803 
0.608337 
0.696262 
0.642845 
0.629423 
0.663753 
0.630441 
0.615186 
0.610650 
0.535271 
0.528559 
0.482131 
0.527949 
0.525181 
0.490098 
0.555289 
0.676773 
0.639458 
0.718886 
0.714450 
0.831008 
0.778742 
0.737516 
0.766392 
0.896307 
0.746132 
0.720313 
0.745617 
0.668623 
0.636916 
0.766405 
0.826454 
1.096392 
0.742013 
0.863294 
0.758082 
0.851763 
0.904880 
1.009010 
0.894091 
1.147699 
0.919040 
1.034238 
1.004879 
1.093115 
1.167483 
0.919281 
1.189536 
1.210988 
1.015832 
1.126861 
0.993334 
1.147333 
1.077987 
1.259068 
1.282451 
1.126637 
1.374292 
1.369466 
1.011554 
1.066949 
1.138384 
0.931260 
0.835990 
0.743358 
0.751494 
0.484885 
0.397081 
0.452806 
0.555016 
0.646498 
0.735141 
1.123743 
1.071122 
1.195995 
1.054264 
1.197878 
0.985748 
1.311705 
1.063625 
1.140946 
1.215863 
0.982059 
1.321295 
1.122367 
1.195183 
1.008714 
1.157908 
1.134619 
1.176689 
0.981787 
1.123402 
1.227609 
1.204612 
0.947732 
1.184790 
1.150790 
1.169630 
1.275752 
1.117279 
0.976699 
1.042120 
0.934467 
0.927382 
1.112769 
1.082752 
1.085250 
1.377320 
1.278703 
1.107786 
0.915204 
0.755264 
0.521779 
0.433813 
0.331614 
0.250866 
0.255282 
0.200380 
0.206317 
0.416585 
0.525791 
0.761964 
0.830924 
1.086194 
1.172564 
1.291251 
1.246467 
1.108166 
1.300791 
1.472353 
1.563786 
1.706675 
1.151989 
1.384734 
1.430397 
1.483358 
1.542530 
1.518857 
1.449265 
1.331030 
1.326472 
1.424271 
1.469963 
1.382509 
1.178982 
1.291877 
1.408835 
1.171743 
1.521841 
1.645189 
1.542955 
1.730181 
1.357991 
1.264238 
1.403038 
1.581532 
1.628162 
1.794949 
1.535774 
1.353374 
1.644501 
1.710374 
1.624210 
1.661159 
1.552351 
1.349028 
1.630483 
1.311923 
1.344740 
1.401660 
1.223044 
1.333008 
1.286791 
1.461404 
1.440987 
1.459195 
1.744689 
1.732146 
1.649010 
1.316866 
1.591301 
1.711782 
1.671176 
1.824802 
1.299891 
1.480488 
1.455420 
1.728248 
1.488789 
1.597677 
1.695486 
1.680821 
1.950077 
1.776358 
1.294506 
1.219784 
0.852522 
1.009191 
0.817214 
1.118884 
1.184619 
1.143480 
1.385893 
1.214313 
1.620854 
1.225886 
1.818890 
1.876236 
1.945567 
1.637349 
1.765917 
1.485658 
1.730566 
1.482145 
1.464321 
1.508295 
1.182585 
1.099263 
1.015772 
0.894713 
0.845360 
0.796345 
0.567461 
0.977244 
0.975049 
1.202543 
1.889832 
1.560091 
1.841943 
1.873357 
2.127346 
1.766620 
1.601633 
1.342349 
1.400747 
1.338868 
1.166121 
0.927837 
1.094912 
1.410929 
1.705589 
1.523019 
1.980420 
1.852692 
1.684032 
1.993549 
1.272611 
1.736251 
2.005546 
1.833215 
1.663626 
1.459747 
1.539821 
1.570074 
1.513171 
1.507155 
1.640722 
1.944798 
1.782861 
1.936675 
1.692295 
1.567531 
1.226626 
1.097590 
0.786603 
0.701505 
0.459405 
0.423441 
0.331843 
0.413712 
0.293560 
0.333831 
0.339799 
0.337056 
0.799706 
0.984974 
1.212275 
1.409870 
1.750114 
1.627108 
2.094458 
1.789985 
1.906715 
1.586246 
1.570191 
1.781557 
1.674308 
1.840420 
2.067933 
1.845186 
1.941328 
2.235120 
2.052316 
1.914147 
2.059758 
1.866846 
2.044847 
1.740524 
2.018435 
1.682293 
1.824016 
1.818054 
2.198680 
1.377956 
1.263785 
0.865563 
0.579778 
0.451468 
0.642459 
0.675464 
0.577504 
0.828091 
0.823414 
0.945837 
0.795122 
1.061934 
1.001662 
1.173580 
0.981883 
1.093854 
0.775739 
0.661196 
0.674643 
0.571091 
0.766713 
0.902028 
1.145718 
1.140574 
1.463774 
1.336073 
1.635515 
1.320819 
1.636269 
1.294816 
1.141008 
1.144896 
0.753831 
0.881765 
0.787126 
0.815581 
0.753195 
0.875654 
0.691097 
0.758756 
0.770986 
0.764226 
0.699242 
0.705466 
0.717680 
0.814345 
0.703772 
0.776254 
1.028332 
0.938783 
1.030766 
1.074992 
1.346216 
1.208925 
1.432937 
1.400671 
1.486408 
1.467280 
1.929729 
2.031303 
2.139073 
1.396079 
1.590981 
1.397842 
1.478955 
1.296761 
0.974992 
0.769131 
0.732816 
0.619294 
0.474663 
0.586676 
0.578357 
0.536584 
0.479966 
0.702039 
0.799966 
0.956706 
1.038693 
1.374457 
1.584670 
1.639149 
2.028938 
2.178688 
1.848990 
1.546857 
2.259185 
1.564301 
2.107504 
1.787446 
2.225379 
2.075473 
2.166935 
1.996881 
1.643925 
1.733834 
2.094706 
1.634944 
1.745322 
1.652452 
1.721053 
1.894925 
1.724496 
2.090122 
1.789526 
1.593314 
1.790556 
1.727108 
1.999291 
2.134427 
1.852511 
1.978822 
1.717651 
1.712410 
1.970671 
1.644072 
1.828707 
1.699182 
1.910382 
1.756200 
1.574201 
1.621604 
1.378978 
1.252472 
1.490313 
1.479768 
1.696537 
2.003592 
1.603745 
1.534358 
2.087541 
1.454949 
1.889073 
1.849240 
1.816889 
1.688814 
1.638194 
1.785624 
1.786448 
1.808633 
1.450535 
1.484063 
1.565860 
1.934060 
1.649977 
1.653331 
1.136656 
1.355069 
1.386334 
1.252895 
1.113637 
1.250006 
1.104726 
1.151310 
1.177629 
1.416050 
1.162879 
1.463068 
1.871083 
1.541249 
1.762362 
1.845038 
1.557087 
1.798798 
1.513137 
1.746485 
1.509330 
1.415855 
1.642201 
1.493176 
1.537103 
1.802967 
1.744034 
1.947934 
1.553652 
1.630983 
1.426334 
1.295367 
1.593130 
1.380898 
1.302519 
1.269549 
1.139372 
1.047840 
1.176428 
1.304326 
1.263868 
1.055089 
0.983729 
1.048548 
1.308899 
1.470669 
1.274243 
1.374167 
1.484307 
1.549522 
1.316021 
1.338252 
1.275069 
1.345716 
1.218955 
0.811593 
0.690394 
0.420382 
0.464872 
0.491521 
0.442387 
0.334869 
0.350580 
0.382639 
0.452280 
0.358570 
0.411372 
0.444474 
0.417326 
0.428932 
0.406439 
0.442050 
0.432845 
0.533494 
0.618573 
0.661652 
0.732331 
0.845460 
0.989448 
1.088934 
1.202926 
1.117925 
1.247490 
1.288177 
1.162450 
1.297925 
1.200985 
0.931787 
1.163690 
0.869688 
0.954864 
0.783556 
0.669301 
0.820910 
0.834265 
0.723725 
0.574841 
0.709525 
0.725131 
0.824601 
0.860680 
0.828519 
0.870129 
0.960135 
0.948340 
1.017024 
1.345618 
1.312707 
1.370960 
1.279638 
1.208928 
1.282093 
1.208301 
1.073115 
1.257281 
0.991499 
0.897011 
0.805601 
0.794299 
0.825013 
0.702387 
0.818461 
0.693245 
0.904565 
0.910263 
0.814282 
0.859056 
0.677054 
0.828857 
0.931296 
1.067444 
1.047450 
0.839823 
0.756927 
0.959135 
0.900823 
0.700809 
0.995176 
0.973655 
0.856114 
0.718436 
0.649340 
0.643236 
0.713375 
0.671273 
0.789105 
0.688238 
0.628652 
0.726908 
0.719697 
0.626555 
0.571786 
0.493728 
0.440031 
0.505968 
0.520119 
0.602092 
0.597987 
0.645970 
0.500173 
0.586714 
0.512964 
0.526800 
0.460037 
0.477543 
0.454413 
0.503207 
0.427794 
0.526178 
0.428057 
0.400536 
0.379068 
0.395698 
0.349793 
0.317214 
0.283272 
0.305292 
0.248090 
0.267256 
0.254400 
0.252700 
0.224219 
0.186236 
0.221721 
0.185365 
0.161016 
0.172322 
0.173964 
0.158788 
0.175876 
0.156440 
0.163001 
0.153677 
0.161878 
0.166359 
0.159943 
0.168549 
0.149892 
0.174008 
0.167378 
0.180654 
0.180008 
0.224497 
0.164588 
0.251224 
0.258788 
0.251965 
0.214385 
0.205051 
0.235674 
0.279909 
0.231635 
0.228226 
0.257907 
0.255327 
0.274820 
0.281704 
0.347422 
0.300639 
0.263965 
0.294771 
0.309539 
0.344900 
0.283746 
0.260019 
0.271884 
0.281032 
0.235591 
0.337491 
0.323965 
0.375101 
0.309403 
0.304583 
0.401812 
0.268966 
0.438856 
0.353526 
0.422188 
0.503698 
0.441545 
0.559618 
0.652197 
0.697865 
0.668074 
0.658344 
0.600754 
0.550206 
0.635086 
0.501847 
0.384819 
0.350647 
0.304344 
0.330265 
0.265872 
0.267446 
0.289786 
0.259943 
0.275294 
0.278000 
0.214661 
0.228664 
0.179617 
0.166634 
0.153675 
0.146607 
0.137369 
0.138636 
0.147983 
0.117841 
0.120172 
0.126858 
0.115663 
0.102338 
0.125096 
0.133676 
0.127387 
0.122651 
0.144939 
0.149726 
0.144836 
0.137719 
0.116563 
0.120257 
0.102612 
0.123486 
0.122991 
0.116274 
0.086503 
0.128629 
0.133611 
0.125615 
0.142512 
0.138301 
0.148040 
0.149575 
0.128198 
0.120171 
0.126818 
0.106021 
0.111086 
0.100852 
0.086790 
0.095385 
0.067165 
0.074471 
0.066277 
0.071138 
0.061153 
0.063363 
0.055530 
0.058307 
0.058380 
0.058744 
0.043066 
0.063958 
0.049725 
0.055602 
0.048134 
0.054791 
0.054398 
0.051983 
0.035119 
0.041686 
0.035738 
0.039344 
0.033084 
0.035312 
0.033162 
0.026432 
0.027875 
0.023345 
0.024418 
0.018104 
0.021036 
0.019566 
0.014854 
0.014996 
0.011441 
0.015638 
0.012936 
0.012022 
0.011475 
0.012784 
0.011494 
0.011970 
0.010675 
0.012224 
0.012647 
0.011120 
0.013600 
0.014493 
0.014510 
0.013636 
0.012723 
0.011944 
0.012182 
0.011049 
0.011026 
0.010748 
0.008032 
0.008891 
0.006605 
0.005226 
0.005778 
0.005334 
0.005309 
0.004337 
0.003916 
0.004358 
0.005128 
0.004165 
0.004716 
0.004642 
0.003886 
0.003869 
0.004424 
0.004009 
0.004468 
0.004255 
0.004098 
0.003559 
0.003477 
0.002602 
0.002759 
0.002575 
0.002114 
0.001350 
0.001286 
0.001189 
0.000782 
0.000468 
0.000270 
0.000152 
0.000092 
0.000052 
0.000023 
0.000006 
0.000000 
0.000000 
0.000000 
0.000000 
0.000000 
0.000000 
0.000000 
0.000000 
0.000000 
0.000000 
0.000000 
0.000000 
0.000000 
0.000000 
0.000000 
0.000000 
0.000000 
0.000000 
0.000000 
0.000000 
0.000000 
0.000000 
0.000000 
0.000000 
0.000000 
0.000000 
0.000000 
0.000000 
0.000000 
0.000000 
0.000000 
0.000000 
0.000000 
0.000000 
0.000000 
0.000000 
0.000000 
0.000000 
0.000000 
0.000000 
0.000000 
0.000000 
0.000000 
0.000000 
0.000000 
0.000000 
0.000000 
0.000000 
0.000000 
0.000000 
0.000000 
0.000000 
0.000000 
0.000000 
0.000000 
0.000000 
0.000000 
0.000000 
0.000000 
0.000000 
0.000000 
0.000000 
0.000000 
0.000000 
0.000000 
0.000000 
0.000000 
0.000000 
0.000000 
0.000000 
0.000000 
0.000000 
0.000000 
0.000000 
0.000000 
0.000000 
0.000000 
0.000000 
0.000000 
0.000000 
0.000000 
0.000000 
0.000000 
0.000000 
0.000000 
0.000000 
0.000000 
0.000000 
0.000000 
0.000000 
0.000000 
0.000000 
0.000000 
0.000000 
0.000000 
0.000000 
0.000000 
0.000000 
0.000000 
0.000000 
0.000000 
0.000000 
0.000000 
0.000000 
0.000000 
0.000000 
0.000000 
0.000000 
0.000000 
0.000000 
0.000000 
0.000000 
0.000000 
0.000000 
0.000000 
0.000000 
0.000000 
0.000000 
0.000000 
0.000000 
0.000000 
0.000000 
0.000000 
0.000000 
0.000000 
0.000000 
0.000000 
0.000000 
0.000000 
0.000000 
0.000000 
0.000000 
0.000000 
0.000000 
0.000000 
0.000000 
0.000000 
0.000000 
0.000000 
0.000000 
0.000000 
0.000000 
0.000000 
0.000000 
0.000000 
0.000000 
0.000000 
0.000000 
0.000000 
0.000000 
0.000000 
0.000000 
0.000000 
0.000000 
0.000000 
0.000000 
0.000000 
0.000000 
0.000000 
0.000000 
0.000000 
0.000000 
0.000000 
0.000000 
0.000000 
0.000000 
0.000000 
0.000000 
0.000000 
0.000000 
0.000000 
0.000000 
0.000000 
0.000000 
0.000000 
0.000000 
0.000000 
0.000000 
0.000000 
0.000000 
0.000000 
0.000000 
0.000000 
0.000000 
0.000000 
0.000000 
0.000000 
0.000000 
0.000000 
0.000000 
0.000000 
