0.000000 
0.000000 
0.000000 
0.000000 
0.000000 
0.000000 
0.000000 
0.000000 
0.000000 
0.000000 
0.000000 
0.000000 
0.000000 
0.000000 
0.000000 
0.000000 
0.000000 
0.000000 
0.000000 
0.000000 
0.000000 
0.000000 
0.000000 
0.000000 
0.000000 
0.000000 
0.000000 
0.000000 
0.000000 
0.000000 
0.000000 
0.000000 
0.000000 
0.000000 
0.000000 
0.000000 
0.000000 
0.000000 
0.000000 
0.000000 
0.000000 
0.000000 
0.000000 
0.000000 
0.000000 
0.000000 
0.000000 
0.000000 
0.000000 
0.000000 
0.000000 
0.000000 
0.000000 
0.000000 
0.000000 
0.000000 
0.000000 
0.000000 
0.000000 
0.000000 
0.000000 
0.000000 
0.000000 
0.000000 
0.000000 
0.000000 
0.000000 
0.000000 
0.000000 
0.000000 
0.000000 
0.000000 
0.000000 
0.000000 
0.000000 
0.000000 
0.000000 
0.000000 
0.000000 
0.000000 
0.000000 
0.000000 
0.000000 
0.000000 
0.000000 
0.000000 
0.000000 
0.000000 
0.000000 
0.000000 
0.000000 
0.000000 
0.000000 
0.000000 
0.000000 
0.000000 
0.000000 
0.000000 
0.000000 
0.000000 
0.000000 
0.000000 
0.000000 
0.000000 
0.000000 
0.000000 
0.000000 
0.000000 
0.000000 
0.000000 
0.000000 
0.000000 
0.000000 
0.000000 
0.000000 
0.000000 
0.000000 
0.000000 
0.000000 
0.000000 
0.000000 
0.000000 
0.000000 
0.000000 
0.000000 
0.000000 
0.000000 
0.000000 
0.000000 
0.000000 
0.000000 
0.000000 
0.000000 
0.000000 
0.000000 
0.000000 
0.000000 
0.000000 
0.000000 
0.000000 
0.000000 
0.000000 
0.000000 
0.000000 
0.000000 
0.000000 
0.000000 
0.000000 
0.000000 
0.000000 
0.000000 
0.000000 
0.000000 
0.000000 
0.000000 
0.000000 
0.000000 
0.000000 
0.000000 
0.000000 
0.000000 
0.000000 
0.000000 
0.000000 
0.000000 
0.000000 
0.000000 
0.000000 
0.000000 
0.000000 
0.000000 
0.000000 
0.000000 
0.000000 
0.000000 
0.000000 
0.000000 
0.000000 
0.000000 
0.000000 
0.000000 
0.000000 
0.000000 
0.000000 
0.000000 
0.000000 
0.000000 
0.000000 
0.000000 
0.000000 
0.000000 
0.000000 
0.000000 
0.000000 
0.000000 
0.000000 
0.000000 
0.000000 
0.000000 
0.000000 
0.000000 
0.000000 
0.000000 
0.000000 
0.000000 
0.000000 
0.000000 
0.000000 
0.000000 
0.000000 
0.000000 
0.000000 
0.000000 
0.000000 
0.000000 
0.000000 
0.000000 
0.000000 
0.000000 
0.000000 
0.000000 
0.000000 
0.000000 
0.000000 
0.000000 
0.000035 
0.000111 
0.000249 
0.000475 
0.000729 
0.000719 
0.001220 
0.001372 
0.001953 
0.002189 
0.003023 
0.003263 
0.004143 
0.005179 
0.006603 
0.009409 
0.010307 
0.010108 
0.013232 
0.015123 
0.014974 
0.016006 
0.020166 
0.020536 
0.020752 
0.021280 
0.020280 
0.020473 
0.017989 
0.019001 
0.018369 
0.019519 
0.018501 
0.021159 
0.020270 
0.015805 
0.023486 
0.018206 
0.019731 
0.018791 
0.016546 
0.020390 
0.018142 
0.026735 
0.024051 
0.028884 
0.027455 
0.023206 
0.040606 
0.040055 
0.039922 
0.039219 
0.043638 
0.040108 
0.042214 
0.048999 
0.043858 
0.048955 
0.046628 
0.048283 
0.050897 
0.039292 
0.051286 
0.051242 
0.050342 
0.058049 
0.061308 
0.043369 
0.057165 
0.057587 
0.061536 
0.065274 
0.062806 
0.061988 
0.065386 
0.063483 
0.051642 
0.067274 
0.059276 
0.065588 
0.060946 
0.071725 
0.060333 
0.059907 
0.077830 
0.081356 
0.059281 
0.067243 
0.065803 
0.073791 
0.078615 
0.081703 
0.079073 
0.082015 
0.092796 
0.090241 
0.097519 
0.088610 
0.079871 
0.105262 
0.102765 
0.116375 
0.118480 
0.121691 
0.124086 
0.131394 
0.137135 
0.154248 
0.161668 
0.194528 
0.204538 
0.232123 
0.224768 
0.216850 
0.196904 
0.207599 
0.188011 
0.187070 
0.148639 
0.208366 
0.200977 
0.175728 
0.181230 
0.187577 
0.209642 
0.169927 
0.192994 
0.227718 
0.189004 
0.252702 
0.241364 
0.278562 
0.264472 
0.244765 
0.286341 
0.246596 
0.288322 
0.349104 
0.344282 
0.342467 
0.480103 
0.433872 
0.373632 
0.412359 
0.363372 
0.423122 
0.609609 
0.665967 
0.496004 
0.631854 
0.660867 
0.628269 
0.538867 
0.576359 
0.533924 
0.506633 
0.557233 
0.556264 
0.447660 
0.436092 
0.478059 
0.501886 
0.506739 
0.596040 
0.602678 
0.585473 
0.519931 
0.412883 
0.423569 
0.549335 
0.428016 
0.437523 
0.455715 
0.522778 
0.397865 
0.390263 
0.526905 
0.632938 
0.712134 
0.694466 
0.661034 
0.668826 
0.634195 
0.729722 
0.566217 
0.551745 
0.514977 
0.565338 
0.437753 
0.503723 
0.554077 
0.587165 
0.537954 
0.509472 
0.678557 
0.710652 
0.725992 
0.717392 
0.816732 
0.767740 
0.871438 
0.783917 
0.686858 
0.805448 
0.728422 
0.666806 
0.610740 
0.816327 
0.822861 
0.985648 
0.815398 
0.812770 
0.884591 
1.057916 
0.838421 
0.924155 
1.004541 
1.207597 
0.942387 
1.081977 
1.105517 
1.027103 
1.334391 
1.314771 
1.003868 
1.149971 
1.036092 
1.065173 
0.984581 
1.323234 
1.089396 
1.061544 
0.970048 
1.240530 
1.312632 
1.325580 
1.407174 
1.132130 
1.048544 
0.959559 
0.795745 
0.742514 
0.543516 
0.411195 
0.382129 
0.319933 
0.674175 
0.684950 
0.846867 
1.101143 
1.116931 
1.088464 
1.010305 
1.083063 
1.096825 
0.908554 
1.203800 
1.186320 
1.247888 
1.220859 
1.121340 
0.972092 
1.078630 
1.075342 
0.988012 
1.164821 
1.096830 
1.233428 
0.981281 
1.005171 
1.025545 
1.013372 
1.309838 
1.253908 
1.143952 
1.097640 
1.023508 
0.875067 
1.134136 
0.787960 
1.033909 
1.176000 
1.148358 
1.142512 
1.181116 
1.110167 
1.167710 
0.705911 
0.734120 
0.552295 
0.616655 
0.390474 
0.268884 
0.224639 
0.204795 
0.240224 
0.326257 
0.570721 
0.730023 
1.051168 
1.131282 
1.002012 
1.227935 
1.449995 
1.379933 
1.271864 
1.144105 
1.324410 
1.375874 
1.366684 
1.229500 
1.177184 
1.364021 
1.424474 
1.288092 
1.412060 
1.281138 
1.222945 
1.157675 
1.393757 
1.263690 
1.518340 
1.372072 
1.460157 
1.386941 
1.499265 
1.119992 
1.159228 
1.361094 
1.303727 
1.203365 
1.378631 
1.568026 
1.489119 
1.491673 
1.405530 
1.480624 
1.458305 
1.516436 
1.629812 
1.490531 
1.721926 
1.396630 
1.549673 
1.484662 
1.599618 
1.509820 
1.693975 
1.823764 
1.622703 
1.759666 
1.541683 
1.554886 
1.690383 
1.447832 
1.857669 
1.687875 
1.540980 
1.677221 
1.337246 
1.603699 
1.489274 
1.462616 
1.289733 
1.737447 
1.508069 
1.716007 
1.579508 
1.498739 
1.965339 
2.050108 
1.690718 
1.393978 
0.939260 
0.986441 
1.073558 
0.911575 
0.975094 
1.250693 
1.377234 
1.415552 
1.372841 
1.467506 
1.713141 
1.526135 
1.620883 
1.899021 
1.571441 
1.811762 
1.515408 
1.417394 
1.538406 
1.440348 
1.158015 
1.172385 
0.868113 
0.852005 
0.965577 
0.735838 
0.834423 
0.916344 
0.980482 
1.277307 
1.835232 
1.686902 
2.039451 
1.774897 
1.744081 
1.731833 
1.679690 
1.553596 
1.369588 
1.322342 
1.280936 
1.157003 
1.239045 
1.262102 
1.813161 
1.580621 
1.679560 
1.890990 
1.746287 
1.843177 
2.082178 
1.701501 
1.882472 
1.477324 
1.884495 
1.521398 
1.432012 
1.472398 
1.853460 
1.727257 
2.169753 
1.988682 
2.092684 
1.702262 
1.827717 
1.443149 
1.378397 
0.978575 
0.969444 
0.633619 
0.433949 
0.367655 
0.399348 
0.312340 
0.354552 
0.397913 
0.412538 
0.495795 
0.777323 
1.159754 
1.318852 
1.299084 
1.144875 
1.733083 
1.596446 
1.867313 
1.562314 
1.783118 
1.716464 
1.671810 
1.723850 
1.949569 
2.150387 
1.670389 
1.918022 
2.044498 
1.900670 
1.719846 
1.872560 
1.615877 
1.780228 
1.640149 
1.814647 
2.051946 
1.616703 
1.464616 
1.887023 
1.634271 
1.336044 
0.874050 
0.617346 
0.460476 
0.480320 
0.531830 
0.526276 
0.688084 
0.843010 
0.895649 
0.740635 
1.139114 
1.085763 
1.060231 
1.209217 
0.937880 
0.888579 
0.890663 
0.616972 
0.764702 
0.918101 
0.806276 
0.971888 
1.214919 
1.267671 
1.529430 
1.256827 
1.389633 
1.399022 
1.526486 
1.177264 
1.200668 
0.885988 
0.721235 
0.753945 
0.714604 
0.563196 
0.808964 
0.790480 
0.878705 
0.836201 
0.716919 
0.730098 
0.778916 
0.697420 
0.716132 
0.780277 
0.921839 
1.071228 
0.743497 
1.028111 
1.122505 
1.119930 
1.070815 
1.162074 
1.396146 
1.892836 
2.019159 
1.967719 
1.847910 
1.451368 
1.823528 
1.849662 
1.393755 
1.353479 
1.137651 
1.154658 
0.733195 
0.603531 
0.671473 
0.651012 
0.470617 
0.520279 
0.484378 
0.529812 
0.658371 
0.746489 
1.071261 
1.004353 
1.381092 
1.737784 
1.520939 
2.344324 
2.052351 
2.317434 
1.958950 
2.196242 
1.680459 
2.105251 
1.659282 
1.895521 
1.743578 
1.740178 
1.971004 
2.146322 
1.761344 
1.932087 
1.862759 
2.088784 
1.425166 
1.776444 
1.864090 
1.606628 
1.602972 
1.867728 
1.893312 
1.853819 
1.868665 
2.209349 
1.972091 
1.495576 
1.598788 
1.783579 
1.997476 
1.758413 
1.696031 
1.768523 
2.143142 
1.684725 
1.679185 
1.343926 
1.567236 
1.501419 
1.217059 
1.333611 
1.330859 
1.963044 
1.745337 
1.931053 
1.691002 
1.648386 
1.641608 
1.754300 
1.731115 
1.878161 
1.702236 
1.569875 
1.575723 
1.557975 
1.720068 
1.612573 
1.545965 
1.675857 
1.688162 
1.474126 
1.491008 
1.359439 
1.324621 
1.260453 
1.336785 
1.340763 
1.106784 
1.246775 
0.842130 
1.045700 
1.173389 
1.557195 
1.396901 
1.705161 
1.813251 
1.642422 
1.751449 
1.653992 
1.645336 
1.560379 
1.868392 
1.592812 
1.578930 
1.566374 
1.496557 
1.486420 
1.655158 
1.752736 
1.780777 
1.880115 
1.545967 
1.411524 
1.247915 
1.293616 
1.241439 
1.177366 
0.949492 
1.131024 
1.147058 
1.179498 
1.337095 
0.896826 
1.348680 
1.182816 
1.168071 
1.147375 
1.351160 
1.238919 
1.396652 
1.294728 
1.231005 
1.555026 
1.285506 
1.254759 
1.184982 
1.012398 
0.824086 
0.686015 
0.545608 
0.428193 
0.412909 
0.481936 
0.379111 
0.405657 
0.334709 
0.483705 
0.403366 
0.355065 
0.312461 
0.356501 
0.428500 
0.475623 
0.434312 
0.433652 
0.447676 
0.684367 
0.693374 
0.636885 
0.759841 
0.914134 
1.224823 
1.220346 
1.056255 
1.032745 
1.228824 
1.313930 
1.331329 
0.993326 
1.102963 
1.017007 
0.914739 
0.791402 
1.033458 
0.794692 
0.867190 
0.732079 
0.731610 
0.811458 
0.716989 
0.743259 
0.639869 
0.758815 
0.720023 
0.818264 
1.025493 
1.241592 
0.955214 
1.319427 
1.276234 
1.402517 
1.393572 
1.301383 
1.293269 
1.369820 
1.172507 
0.976956 
1.063916 
0.924291 
0.834253 
0.742468 
0.710828 
0.858787 
0.903413 
0.731713 
0.816240 
0.713752 
1.005859 
0.645693 
0.809460 
0.802978 
0.818126 
0.963023 
0.801212 
1.048256 
1.119491 
1.087564 
0.977729 
1.038690 
1.148879 
1.006802 
0.911182 
0.532488 
0.663006 
0.690902 
0.555001 
0.639800 
0.980641 
0.954422 
0.801465 
0.835643 
0.747134 
0.588746 
0.468912 
0.457134 
0.463439 
0.530414 
0.457608 
0.543649 
0.460482 
0.557984 
0.491854 
0.473534 
0.579309 
0.515109 
0.573370 
0.511681 
0.474490 
0.449523 
0.461858 
0.404070 
0.409648 
0.348479 
0.405177 
0.354198 
0.372697 
0.326014 
0.337633 
0.317973 
0.308398 
0.252390 
0.262794 
0.219437 
0.245956 
0.220291 
0.188010 
0.213971 
0.170461 
0.208835 
0.186032 
0.195816 
0.167883 
0.154962 
0.143848 
0.184305 
0.169181 
0.181575 
0.197462 
0.147958 
0.173575 
0.189065 
0.152822 
0.187256 
0.192373 
0.173479 
0.232770 
0.180312 
0.202602 
0.236795 
0.211744 
0.265227 
0.244897 
0.218099 
0.248818 
0.225137 
0.248701 
0.281886 
0.309783 
0.312925 
0.290825 
0.311724 
0.301365 
0.344345 
0.338222 
0.317503 
0.308183 
0.293145 
0.283300 
0.306090 
0.309983 
0.249049 
0.308889 
0.261990 
0.320395 
0.376219 
0.380116 
0.348211 
0.373093 
0.371697 
0.388737 
0.429637 
0.600735 
0.629972 
0.738887 
0.646042 
0.717621 
0.711028 
0.628167 
0.567903 
0.595186 
0.613951 
0.434651 
0.363512 
0.271718 
0.302510 
0.294029 
0.349506 
0.308288 
0.291421 
0.274349 
0.263470 
0.228654 
0.219413 
0.186283 
0.152812 
0.157355 
0.146846 
0.140485 
0.111577 
0.116993 
0.105288 
0.125906 
0.108672 
0.142939 
0.127433 
0.124734 
0.111070 
0.139640 
0.150687 
0.125864 
0.135418 
0.137333 
0.112776 
0.107815 
0.116611 
0.123218 
0.140580 
0.128536 
0.116806 
0.132399 
0.122633 
0.124757 
0.122055 
0.144508 
0.118757 
0.144069 
0.153760 
0.124980 
0.126740 
0.139446 
0.104409 
0.106263 
0.097155 
0.087229 
0.081144 
0.087120 
0.072509 
0.065598 
0.049091 
0.054362 
0.059620 
0.062905 
0.049218 
0.060433 
0.060351 
0.049875 
0.048775 
0.052623 
0.049081 
0.054616 
0.056046 
0.050423 
0.045079 
0.041871 
0.042188 
0.035077 
0.033554 
0.031455 
0.033742 
0.031708 
0.025575 
0.031911 
0.027257 
0.020379 
0.024908 
0.024937 
0.019711 
0.016160 
0.014977 
0.012762 
0.014573 
0.010678 
0.011644 
0.010152 
0.012450 
0.011594 
0.010981 
0.009569 
0.012007 
0.013817 
0.013035 
0.012903 
0.012827 
0.012652 
0.013627 
0.012566 
0.011252 
0.012553 
0.012216 
0.012043 
0.009367 
0.010786 
0.008609 
0.007383 
0.006002 
0.005925 
0.004929 
0.005380 
0.004065 
0.003344 
0.004692 
0.005218 
0.004450 
0.004230 
0.004478 
0.004221 
0.004370 
0.004225 
0.004743 
0.003951 
0.004120 
0.003823 
0.003231 
0.002934 
0.002869 
0.002478 
0.001995 
0.002114 
0.001442 
0.001411 
0.000998 
0.000851 
0.000509 
0.000235 
0.000121 
0.000085 
0.000042 
0.000023 
0.000007 
0.000000 
0.000000 
0.000000 
0.000000 
0.000000 
0.000000 
0.000000 
0.000000 
0.000000 
0.000000 
0.000000 
0.000000 
0.000000 
0.000000 
0.000000 
0.000000 
0.000000 
0.000000 
0.000000 
0.000000 
0.000000 
0.000000 
0.000000 
0.000000 
0.000000 
0.000000 
0.000000 
0.000000 
0.000000 
0.000000 
0.000000 
0.000000 
0.000000 
0.000000 
0.000000 
0.000000 
0.000000 
0.000000 
0.000000 
0.000000 
0.000000 
0.000000 
0.000000 
0.000000 
0.000000 
0.000000 
0.000000 
0.000000 
0.000000 
0.000000 
0.000000 
0.000000 
0.000000 
0.000000 
0.000000 
0.000000 
0.000000 
0.000000 
0.000000 
0.000000 
0.000000 
0.000000 
0.000000 
0.000000 
0.000000 
0.000000 
0.000000 
0.000000 
0.000000 
0.000000 
0.000000 
0.000000 
0.000000 
0.000000 
0.000000 
0.000000 
0.000000 
0.000000 
0.000000 
0.000000 
0.000000 
0.000000 
0.000000 
0.000000 
0.000000 
0.000000 
0.000000 
0.000000 
0.000000 
0.000000 
0.000000 
0.000000 
0.000000 
0.000000 
0.000000 
0.000000 
0.000000 
0.000000 
0.000000 
0.000000 
0.000000 
0.000000 
0.000000 
0.000000 
0.000000 
0.000000 
0.000000 
0.000000 
0.000000 
0.000000 
0.000000 
0.000000 
0.000000 
0.000000 
0.000000 
0.000000 
0.000000 
0.000000 
0.000000 
0.000000 
0.000000 
0.000000 
0.000000 
0.000000 
0.000000 
0.000000 
0.000000 
0.000000 
0.000000 
0.000000 
0.000000 
0.000000 
0.000000 
0.000000 
0.000000 
0.000000 
0.000000 
0.000000 
0.000000 
0.000000 
0.000000 
0.000000 
0.000000 
0.000000 
0.000000 
0.000000 
0.000000 
0.000000 
0.000000 
0.000000 
0.000000 
0.000000 
0.000000 
0.000000 
0.000000 
0.000000 
0.000000 
0.000000 
0.000000 
0.000000 
0.000000 
0.000000 
0.000000 
0.000000 
0.000000 
0.000000 
0.000000 
0.000000 
0.000000 
0.000000 
0.000000 
0.000000 
0.000000 
0.000000 
0.000000 
0.000000 
0.000000 
0.000000 
0.000000 
0.000000 
0.000000 
0.000000 
0.000000 
0.000000 
0.000000 
0.000000 
0.000000 
0.000000 
0.000000 
0.000000 
0.000000 
