0.044250 
0.044250 
0.044250 
0.044250 
0.044250 
0.044250 
0.044250 
0.044250 
0.044250 
0.044250 
0.044250 
0.044250 
0.044250 
0.044250 
0.044250 
0.044250 
0.044250 
0.044250 
0.044250 
0.044250 
0.044250 
0.044250 
0.044250 
0.044250 
0.044250 
0.044250 
0.044250 
0.044250 
0.044250 
0.044250 
0.044250 
0.044250 
0.044250 
0.044250 
0.044250 
0.044250 
0.044250 
0.044250 
0.044250 
0.044250 
0.044250 
0.044250 
0.044250 
0.044250 
0.044250 
0.044250 
0.044250 
0.044250 
0.044250 
0.044250 
0.044250 
0.044250 
0.044250 
0.044250 
0.044250 
0.044250 
0.044250 
0.044250 
0.044250 
0.044250 
0.044250 
0.044250 
0.044250 
0.044250 
0.044250 
0.044250 
0.044250 
0.044250 
0.044250 
0.044250 
0.044250 
0.044250 
0.044250 
0.044250 
0.044250 
0.044250 
0.044250 
0.044250 
0.044250 
0.044250 
0.044250 
0.044250 
0.044250 
0.044250 
0.044250 
0.044250 
0.044250 
0.044250 
0.044250 
0.044250 
0.044250 
0.044250 
0.044250 
0.044250 
0.044250 
0.044250 
0.044250 
0.044250 
0.044250 
0.044250 
0.044250 
0.044250 
0.044250 
0.044250 
0.044250 
0.049722 
0.063066 
0.079674 
0.094938 
0.104250 
0.108882 
0.112986 
0.116274 
0.118458 
0.119250 
0.119250 
0.119250 
0.119250 
0.119250 
0.119250 
0.118458 
0.116274 
0.112986 
0.108882 
0.104250 
0.094938 
0.079674 
0.063066 
0.049722 
0.044250 
0.044250 
0.044250 
0.044250 
0.044250 
0.044250 
0.044250 
0.044250 
0.044250 
0.044250 
0.044250 
0.044250 
0.044250 
0.044250 
0.044250 
0.044250 
0.044250 
0.044250 
0.044250 
0.044250 
0.044250 
0.044250 
0.044250 
0.044250 
0.044250 
0.044250 
0.044250 
0.044250 
0.044250 
0.044250 
0.044250 
0.052050 
0.070650 
0.092850 
0.111450 
0.119250 
0.119250 
0.119250 
0.119250 
0.119250 
0.119250 
0.119250 
0.119250 
0.119250 
0.119250 
0.119250 
0.117282 
0.112146 
0.104994 
0.096978 
0.089250 
0.079962 
0.068226 
0.056634 
0.047778 
0.044250 
0.044250 
0.044250 
0.044250 
0.044250 
0.044250 
0.044250 
0.044250 
0.044250 
0.044250 
0.044250 
0.044250 
0.044250 
0.044250 
0.044250 
0.044250 
0.044250 
0.044250 
0.044250 
0.044250 
0.044250 
0.044250 
0.044250 
0.044250 
0.044250 
0.044250 
0.044250 
0.044250 
0.044250 
0.044250 
0.044250 
0.044250 
0.044250 
0.044250 
0.044250 
0.044250 
0.044250 
0.044250 
0.044250 
0.044250 
0.044250 
0.044250 
0.044250 
0.044250 
0.044250 
0.044250 
0.052050 
0.070650 
0.092850 
0.111450 
0.119250 
0.119250 
0.119250 
0.119250 
0.119250 
0.119250 
0.119250 
0.119250 
0.119250 
0.119250 
0.119250 
0.117282 
0.112146 
0.104994 
0.096978 
0.089250 
0.079962 
0.068226 
0.056634 
0.047778 
0.044250 
0.044250 
0.044250 
0.044250 
0.044250 
0.044250 
0.044250 
0.044250 
0.044250 
0.044250 
0.044250 
0.044250 
0.044250 
0.044250 
0.044250 
0.044250 
0.044250 
0.044250 
0.044250 
0.044250 
0.044250 
0.044250 
0.044250 
0.044250 
0.044250 
0.044250 
0.044250 
0.044250 
0.044250 
0.044250 
0.044250 
0.044250 
0.044250 
0.044250 
0.044250 
0.044250 
0.044250 
0.044250 
0.044250 
0.044250 
0.044250 
0.044250 
0.044250 
0.044250 
0.044250 
0.044250 
0.044250 
0.044250 
0.044250 
0.044250 
0.044250 
0.044250 
0.044250 
0.044250 
0.044250 
0.044250 
0.044250 
0.044250 
0.044250 
0.044250 
0.044250 
0.044250 
0.044250 
0.044250 
0.044250 
0.044250 
0.044250 
0.044250 
0.044250 
0.044250 
0.044250 
0.044250 
0.044250 
0.044250 
0.044250 
0.044250 
0.044250 
0.044250 
0.044250 
0.044250 
0.044250 
0.044250 
0.044250 
0.044250 
0.044250 
0.044250 
0.044250 
0.044250 
0.044250 
0.044250 
0.044250 
0.044250 
0.044250 
0.044250 
0.044250 
0.044250 
0.044250 
0.044250 
0.044250 
0.044250 
0.044250 
0.052050 
0.070650 
0.092850 
0.111450 
0.119250 
0.119250 
0.119250 
0.119250 
0.119250 
0.119250 
0.119250 
0.119250 
0.119250 
0.119250 
0.119250 
0.117282 
0.112146 
0.104994 
0.096978 
0.089250 
0.079962 
0.068226 
0.056634 
0.047778 
0.044250 
0.044250 
0.044250 
0.044250 
0.044250 
0.044250 
0.044250 
0.044250 
0.044250 
0.044250 
0.044250 
0.044562 
0.045306 
0.046194 
0.046938 
0.047250 
0.046938 
0.046194 
0.045306 
0.044562 
0.044250 
0.044250 
0.044250 
0.044250 
0.044250 
0.044250 
0.045120 
0.047700 
0.051945 
0.057810 
0.065250 
0.166353 
0.395566 
0.666389 
0.892318 
0.986850 
0.905200 
0.710495 
0.478105 
0.283400 
0.201750 
0.201906 
0.202278 
0.202722 
0.203094 
0.203250 
0.202314 
0.200082 
0.197418 
0.195186 
0.194250 
0.272780 
0.460045 
0.683555 
0.870820 
0.949350 
0.864829 
0.663280 
0.422720 
0.221171 
0.136650 
0.142002 
0.155371 
0.172723 
0.190027 
0.203250 
0.213270 
0.223063 
0.231747 
0.238437 
0.242250 
0.244047 
0.245385 
0.246425 
0.247326 
0.248250 
0.249319 
0.250440 
0.251446 
0.252171 
0.252450 
0.244710 
0.225702 
0.201744 
0.179154 
0.164250 
0.155399 
0.147243 
0.140512 
0.135937 
0.134250 
0.134250 
0.134250 
0.134250 
0.134250 
0.134250 
0.134250 
0.134250 
0.134250 
0.134250 
0.134250 
0.124890 
0.102570 
0.075930 
0.053610 
0.044250 
0.044250 
0.044250 
0.044250 
0.044250 
0.044250 
0.044250 
0.044250 
0.044250 
0.044250 
0.044250 
0.044250 
0.044250 
0.044250 
0.044250 
0.044250 
0.044250 
0.044250 
0.044250 
0.044250 
0.044250 
0.044250 
0.044250 
0.044250 
0.044250 
0.044250 
0.044345 
0.044607 
0.045002 
0.045494 
0.046050 
0.047167 
0.048999 
0.050992 
0.052593 
0.053250 
0.053250 
0.053250 
0.053250 
0.053250 
0.053250 
0.053250 
0.053250 
0.053250 
0.053250 
0.053250 
0.054042 
0.056226 
0.059514 
0.063618 
0.068250 
0.077562 
0.092826 
0.109434 
0.122778 
0.128250 
0.128250 
0.128250 
0.128250 
0.128250 
0.128250 
0.128250 
0.128250 
0.128250 
0.128250 
0.128250 
0.124722 
0.115866 
0.104274 
0.092538 
0.083250 
0.075522 
0.067506 
0.060354 
0.055218 
0.053250 
0.053250 
0.053250 
0.053250 
0.053250 
0.053250 
0.054105 
0.056151 
0.058610 
0.060702 
0.061650 
0.061755 
0.061839 
0.061900 
0.061937 
0.061950 
0.061201 
0.059416 
0.057284 
0.055499 
0.054750 
0.054750 
0.054750 
0.054750 
0.054750 
0.054750 
0.054750 
0.054750 
0.054750 
0.054750 
0.054750 
0.057925 
0.066254 
0.077947 
0.091209 
0.104250 
0.120645 
0.141905 
0.163144 
0.179471 
0.186000 
0.182880 
0.175440 
0.166560 
0.159120 
0.156000 
0.160712 
0.174265 
0.195781 
0.224385 
0.259200 
0.347002 
0.519985 
0.755403 
1.030507 
1.322550 
1.754680 
2.361522 
2.987544 
3.477214 
3.675000 
3.658772 
3.619447 
3.571061 
3.527650 
3.503250 
3.493592 
3.485335 
3.478907 
3.474736 
3.473250 
3.473250 
3.473250 
3.473250 
3.473250 
3.473250 
3.318576 
2.949738 
2.509512 
2.140674 
1.986000 
1.986000 
1.986000 
1.986000 
1.986000 
1.986000 
1.986000 
1.986000 
1.986000 
1.986000 
1.986000 
1.986000 
1.986000 
1.986000 
1.986000 
1.986000 
1.986000 
1.986000 
1.986000 
1.986000 
1.986000 
1.986000 
1.986000 
1.986000 
1.986000 
1.986000 
1.986000 
1.986000 
1.986000 
1.986000 
1.986000 
1.936465 
1.807192 
1.627176 
1.425414 
1.230900 
0.997121 
0.701726 
0.409955 
0.187050 
0.098250 
0.098250 
0.098250 
0.098250 
0.098250 
0.098250 
0.098250 
0.098250 
0.098250 
0.098250 
0.098250 
0.098250 
0.098250 
0.098250 
0.098250 
0.098250 
0.103772 
0.116941 
0.132659 
0.145828 
0.151350 
0.145828 
0.132659 
0.116941 
0.103772 
0.098250 
0.098250 
0.098250 
0.098250 
0.098250 
0.098250 
0.103772 
0.116941 
0.132659 
0.145828 
0.151350 
0.145828 
0.132659 
0.116941 
0.103772 
0.098250 
0.101011 
0.107596 
0.115454 
0.122039 
0.124800 
0.124800 
0.124800 
0.124800 
0.124800 
0.124800 
0.122039 
0.115454 
0.107596 
0.101011 
0.098250 
0.105674 
0.125616 
0.154580 
0.189073 
0.225600 
0.281970 
0.363781 
0.449223 
0.516483 
0.543750 
0.512706 
0.438678 
0.350322 
0.276294 
0.245250 
0.245968 
0.247945 
0.250913 
0.254603 
0.258750 
0.266890 
0.280104 
0.294438 
0.305938 
0.310650 
0.309776 
0.307693 
0.305207 
0.303124 
0.302250 
0.302250 
0.302250 
0.302250 
0.302250 
0.302250 
0.305778 
0.314634 
0.326226 
0.337962 
0.347250 
0.354023 
0.360128 
0.365848 
0.371461 
0.377250 
0.383019 
0.388581 
0.394229 
0.400254 
0.406950 
0.416145 
0.427764 
0.439240 
0.448007 
0.451500 
0.443700 
0.425100 
0.402900 
0.384300 
0.376500 
0.376500 
0.376500 
0.376500 
0.376500 
0.376500 
0.376500 
0.376500 
0.376500 
0.376500 
0.376500 
0.376500 
0.376500 
0.376500 
0.376500 
0.376500 
0.375787 
0.373822 
0.370862 
0.367169 
0.363000 
0.356182 
0.345569 
0.332965 
0.320174 
0.309000 
0.299258 
0.289709 
0.280577 
0.272083 
0.264450 
0.256799 
0.248863 
0.241783 
0.236698 
0.234750 
0.234750 
0.234750 
0.234750 
0.234750 
0.234750 
0.234750 
0.234750 
0.234750 
0.234750 
0.234750 
0.234750 
0.234750 
0.234750 
0.234750 
0.234750 
0.298646 
0.451374 
0.634495 
0.789567 
0.858150 
0.863460 
0.867648 
0.870682 
0.872527 
0.873150 
0.873150 
0.873150 
0.873150 
0.873150 
0.873150 
0.816475 
0.679990 
0.514003 
0.368820 
0.294750 
0.274594 
0.257974 
0.245433 
0.237511 
0.234750 
0.322640 
0.532225 
0.782375 
0.991960 
1.079850 
0.992708 
0.784909 
0.536891 
0.329092 
0.241950 
0.242137 
0.242584 
0.243116 
0.243563 
0.243750 
0.243750 
0.243750 
0.243750 
0.243750 
0.243750 
0.243750 
0.243750 
0.243750 
0.243750 
0.243750 
0.243750 
0.243750 
0.243750 
0.243750 
0.243750 
0.251472 
0.269886 
0.291864 
0.310278 
0.318000 
0.318000 
0.318000 
0.318000 
0.318000 
0.318000 
0.318000 
0.318000 
0.318000 
0.318000 
0.318000 
0.405890 
0.615475 
0.865625 
1.075210 
1.163100 
1.075210 
0.865625 
0.615475 
0.405890 
0.318000 
0.350102 
0.434663 
0.554068 
0.690703 
0.826950 
1.004147 
1.238432 
1.474387 
1.656598 
1.729650 
1.708762 
1.655430 
1.583652 
1.507426 
1.440750 
1.374636 
1.299749 
1.229569 
1.177576 
1.157250 
1.157250 
1.157250 
1.157250 
1.157250 
1.157250 
1.159590 
1.165170 
1.171830 
1.177410 
1.179750 
1.140272 
1.041917 
0.914806 
0.789060 
0.694800 
0.623665 
0.552983 
0.491409 
0.447596 
0.430200 
0.429191 
0.428604 
0.428193 
0.427707 
0.426900 
0.424886 
0.421602 
0.418036 
0.415173 
0.414000 
0.414000 
0.414000 
0.414000 
0.414000 
0.414000 
0.404734 
0.382637 
0.356263 
0.334166 
0.324900 
0.325274 
0.326167 
0.327233 
0.328126 
0.328500 
0.328500 
0.328500 
0.328500 
0.328500 
0.328500 
0.328500 
0.328500 
0.328500 
0.328500 
0.328500 
0.319530 
0.298140 
0.272610 
0.251220 
0.242250 
0.242250 
0.242250 
0.242250 
0.242250 
0.242250 
0.242250 
0.242250 
0.242250 
0.242250 
0.242250 
0.284042 
0.383701 
0.502649 
0.602308 
0.644100 
0.594586 
0.476513 
0.335587 
0.217514 
0.168000 
0.173962 
0.188910 
0.208437 
0.228136 
0.243600 
0.254630 
0.264392 
0.273530 
0.282685 
0.292500 
0.304855 
0.319336 
0.333145 
0.343482 
0.347550 
0.342131 
0.328562 
0.310878 
0.293113 
0.279300 
0.269956 
0.262155 
0.254765 
0.246657 
0.236700 
0.221681 
0.201835 
0.181203 
0.163827 
0.153750 
0.148938 
0.144812 
0.141591 
0.139497 
0.138750 
0.138750 
0.138750 
0.138750 
0.138750 
0.138750 
0.138750 
0.138750 
0.138750 
0.138750 
0.138750 
0.138750 
0.138750 
0.138750 
0.138750 
0.138750 
0.139062 
0.139806 
0.140694 
0.141438 
0.141750 
0.141438 
0.140694 
0.139806 
0.139062 
0.138750 
0.138750 
0.138750 
0.138750 
0.138750 
0.138750 
0.143937 
0.156916 
0.173810 
0.190747 
0.203850 
0.214333 
0.225019 
0.234455 
0.241184 
0.243750 
0.235326 
0.215238 
0.191262 
0.171174 
0.162750 
0.165828 
0.174143 
0.186319 
0.200980 
0.216750 
0.234605 
0.257253 
0.285913 
0.321805 
0.366150 
0.467984 
0.640022 
0.829004 
0.981667 
1.044750 
1.045235 
1.045613 
1.045883 
1.046046 
1.046100 
1.040344 
1.026617 
1.010233 
0.996506 
0.990750 
0.992885 
0.998666 
1.007160 
1.017433 
1.028550 
1.047077 
1.075020 
1.104604 
1.128055 
1.137600 
1.132204 
1.117002 
1.093472 
1.063095 
1.027350 
0.934317 
0.766632 
0.577603 
0.420539 
0.348750 
0.339772 
0.334288 
0.330321 
0.325900 
0.319050 
0.304934 
0.283888 
0.261695 
0.244138 
0.237000 
0.240760 
0.249725 
0.260425 
0.269390 
0.273150 
0.270248 
0.263329 
0.255071 
0.248152 
0.245250 
0.252972 
0.271386 
0.293364 
0.311778 
0.319500 
0.319500 
0.319500 
0.319500 
0.319500 
0.319500 
0.319500 
0.319500 
0.319500 
0.319500 
0.319500 
0.318677 
0.316341 
0.312691 
0.307928 
0.302250 
0.285278 
0.253582 
0.217786 
0.188517 
0.176400 
0.189886 
0.222367 
0.261875 
0.296442 
0.314100 
0.318935 
0.322923 
0.325934 
0.327837 
0.328500 
0.328500 
0.328500 
0.328500 
0.328500 
0.328500 
0.325380 
0.317940 
0.309060 
0.301620 
0.298500 
0.300354 
0.305021 
0.311162 
0.317435 
0.322500 
0.326863 
0.331462 
0.335605 
0.338598 
0.339750 
0.333510 
0.318630 
0.300870 
0.285990 
0.279750 
0.282300 
0.288846 
0.297733 
0.307302 
0.315900 
0.324267 
0.333514 
0.342537 
0.350234 
0.355500 
0.359106 
0.362376 
0.365044 
0.366841 
0.367500 
0.366720 
0.364860 
0.362640 
0.360780 
0.360000 
0.369169 
0.391263 
0.418162 
0.441748 
0.453900 
0.457363 
0.460228 
0.462397 
0.463770 
0.464250 
0.457854 
0.442602 
0.424398 
0.409146 
0.402750 
0.490640 
0.700225 
0.950375 
1.159960 
1.247850 
1.150038 
0.916794 
0.638406 
0.405162 
0.307350 
0.308319 
0.311014 
0.315115 
0.320300 
0.326250 
0.337513 
0.356096 
0.377867 
0.398696 
0.414450 
0.426062 
0.436859 
0.446306 
0.453865 
0.459000 
0.461987 
0.463941 
0.465587 
0.467648 
0.470850 
0.480220 
0.496760 
0.515155 
0.530090 
0.536250 
0.536250 
0.536250 
0.536250 
0.536250 
0.536250 
0.539371 
0.547413 
0.558395 
0.570334 
0.581250 
0.592169 
0.604440 
0.616561 
0.627031 
0.634350 
0.639515 
0.644249 
0.648141 
0.650779 
0.651750 
0.651750 
0.651750 
0.651750 
0.651750 
0.651750 
0.652542 
0.654726 
0.658014 
0.662118 
0.666750 
0.673967 
0.685042 
0.698509 
0.712900 
0.726750 
0.740973 
0.756590 
0.772296 
0.786784 
0.798750 
0.809472 
0.820189 
0.829534 
0.836143 
0.838650 
0.835573 
0.827294 
0.815244 
0.800853 
0.785550 
0.766127 
0.740172 
0.710308 
0.679159 
0.649350 
0.617420 
0.581604 
0.547069 
0.518979 
0.502500 
0.495040 
0.489804 
0.485658 
0.481469 
0.476100 
0.467927 
0.457599 
0.447398 
0.439605 
0.436500 
0.436500 
0.436500 
0.436500 
0.436500 
0.436500 
0.436500 
0.436500 
0.436500 
0.436500 
0.436500 
0.436500 
0.436500 
0.436500 
0.436500 
0.436500 
0.449178 
0.480035 
0.518308 
0.553234 
0.574050 
0.581839 
0.586457 
0.590301 
0.595766 
0.605250 
0.824481 
1.329487 
1.928113 
2.428202 
2.637600 
2.629426 
2.609933 
2.586667 
2.567174 
2.559000 
2.566800 
2.585400 
2.607600 
2.626200 
2.634000 
2.481343 
2.109621 
1.648207 
1.226476 
0.973800 
0.856046 
0.755163 
0.674653 
0.618015 
0.588750 
0.577309 
0.570132 
0.564700 
0.558496 
0.549000 
0.528697 
0.497606 
0.464517 
0.438219 
0.427500 
0.479776 
0.604433 
0.753217 
0.877874 
0.930150 
0.922426 
0.895715 
0.844711 
0.764108 
0.648600 
