0.000000 
0.000000 
0.000000 
0.000000 
0.000000 
0.000000 
0.000000 
0.000000 
0.000000 
0.000000 
0.000000 
0.000000 
0.000000 
0.000000 
0.000000 
0.000000 
0.000000 
0.000000 
0.000000 
0.000000 
0.000000 
0.000000 
0.000000 
0.000000 
0.000000 
0.000000 
0.000000 
0.000000 
0.000000 
0.000000 
0.000000 
0.000000 
0.000000 
0.000000 
0.000000 
0.000000 
0.000000 
0.000000 
0.000000 
0.000000 
0.000000 
0.000000 
0.000000 
0.000000 
0.000000 
0.000000 
0.000000 
0.000000 
0.000000 
0.000000 
0.000000 
0.000000 
0.000000 
0.000000 
0.000000 
0.000000 
0.000000 
0.000000 
0.000000 
0.000000 
0.000000 
0.000000 
0.000000 
0.000000 
0.000000 
0.000000 
0.000000 
0.000000 
0.000000 
0.000000 
0.000000 
0.000000 
0.000000 
0.000000 
0.000000 
0.000000 
0.000000 
0.000000 
0.000000 
0.000000 
0.000000 
0.000000 
0.000000 
0.000000 
0.000000 
0.000000 
0.000000 
0.000000 
0.000000 
0.000000 
0.000000 
0.000000 
0.000000 
0.000000 
0.000000 
0.000000 
0.000000 
0.000000 
0.000000 
0.000000 
0.000000 
0.000000 
0.000000 
0.000000 
0.000000 
0.000000 
0.000000 
0.000000 
0.000000 
0.000000 
0.000000 
0.000000 
0.000000 
0.000000 
0.000000 
0.000000 
0.000000 
0.000000 
0.000000 
0.000000 
0.000000 
0.000000 
0.000000 
0.000000 
0.000000 
0.000000 
0.000000 
0.000000 
0.000000 
0.000000 
0.000000 
0.000000 
0.000000 
0.000000 
0.000000 
0.000000 
0.000000 
0.000000 
0.000000 
0.000000 
0.000000 
0.000000 
0.000000 
0.000000 
0.000000 
0.000000 
0.000000 
0.000000 
0.000000 
0.000000 
0.000000 
0.000000 
0.000000 
0.000000 
0.000000 
0.000000 
0.000000 
0.000000 
0.000000 
0.000000 
0.000000 
0.000000 
0.000000 
0.000000 
0.000000 
0.000000 
0.000000 
0.000000 
0.000000 
0.000000 
0.000000 
0.000000 
0.000000 
0.000000 
0.000000 
0.000000 
0.000000 
0.000000 
0.000000 
0.000000 
0.000000 
0.000000 
0.000000 
0.000000 
0.000000 
0.000000 
0.000000 
0.000000 
0.000000 
0.000000 
0.000000 
0.000000 
0.000000 
0.000000 
0.000000 
0.000000 
0.000000 
0.000000 
0.000000 
0.000000 
0.000000 
0.000000 
0.000000 
0.000000 
0.000000 
0.000000 
0.000000 
0.000000 
0.000000 
0.000000 
0.000000 
0.000000 
0.000000 
0.000000 
0.000000 
0.000000 
0.000000 
0.000000 
0.000000 
0.000000 
0.000000 
0.000000 
0.000000 
0.000000 
0.000000 
0.000025 
0.000088 
0.000212 
0.000312 
0.000444 
0.000674 
0.000952 
0.000879 
0.001435 
0.001866 
0.002314 
0.002298 
0.003109 
0.004228 
0.004710 
0.004769 
0.006831 
0.008119 
0.009485 
0.012590 
0.011759 
0.013030 
0.016212 
0.016289 
0.016512 
0.014535 
0.012985 
0.016408 
0.014115 
0.012459 
0.018457 
0.014403 
0.016216 
0.014892 
0.013490 
0.015388 
0.015179 
0.012899 
0.015185 
0.015583 
0.011534 
0.019452 
0.020144 
0.020950 
0.024879 
0.021397 
0.025674 
0.025025 
0.025001 
0.029492 
0.028713 
0.023539 
0.031816 
0.031349 
0.031247 
0.029219 
0.034798 
0.027468 
0.030543 
0.033856 
0.036782 
0.038123 
0.038611 
0.038182 
0.037813 
0.034683 
0.042367 
0.047941 
0.039342 
0.044382 
0.046219 
0.042358 
0.042762 
0.046266 
0.038004 
0.041655 
0.044709 
0.045964 
0.051973 
0.044575 
0.047094 
0.045041 
0.051801 
0.046783 
0.057324 
0.052398 
0.061232 
0.042103 
0.053901 
0.057961 
0.054749 
0.058251 
0.060460 
0.058407 
0.058539 
0.056269 
0.057294 
0.073773 
0.073965 
0.069076 
0.077461 
0.063336 
0.086838 
0.094901 
0.090489 
0.109982 
0.102948 
0.108532 
0.141906 
0.129751 
0.141156 
0.133230 
0.146906 
0.134517 
0.162649 
0.134446 
0.134131 
0.150955 
0.145685 
0.140933 
0.126514 
0.137172 
0.154329 
0.177870 
0.133007 
0.167786 
0.178377 
0.191168 
0.134850 
0.150695 
0.190023 
0.165313 
0.182834 
0.191040 
0.191445 
0.191819 
0.182105 
0.275254 
0.277938 
0.296921 
0.232791 
0.293789 
0.286514 
0.259007 
0.306339 
0.325174 
0.344011 
0.481495 
0.402164 
0.512473 
0.504776 
0.412169 
0.352342 
0.457916 
0.328257 
0.424674 
0.367764 
0.369505 
0.375116 
0.378844 
0.392057 
0.431403 
0.418703 
0.416390 
0.396023 
0.431451 
0.353256 
0.400943 
0.313505 
0.320704 
0.336490 
0.303045 
0.362570 
0.339964 
0.393964 
0.388657 
0.374886 
0.418282 
0.403851 
0.448857 
0.507425 
0.511168 
0.477003 
0.497679 
0.476105 
0.435475 
0.369983 
0.350511 
0.335308 
0.398180 
0.334155 
0.370354 
0.397054 
0.411343 
0.487146 
0.507093 
0.549017 
0.507851 
0.578902 
0.577027 
0.558060 
0.578607 
0.528119 
0.526958 
0.547764 
0.537959 
0.575686 
0.628676 
0.581212 
0.491209 
0.701131 
0.644607 
0.793717 
0.660928 
0.782567 
0.666159 
0.785941 
0.803532 
0.850380 
0.831585 
0.773263 
0.760483 
0.821849 
0.869734 
0.836905 
0.884712 
0.867403 
0.984702 
0.622654 
0.780461 
0.851650 
0.863532 
0.837178 
0.933858 
0.946460 
0.724890 
0.923989 
0.859069 
0.897685 
0.784080 
0.644851 
0.558197 
0.297706 
0.311917 
0.329271 
0.299129 
0.401640 
0.551638 
0.746901 
0.707189 
0.710288 
0.705187 
0.829241 
0.785874 
0.800254 
0.883938 
0.712150 
0.956863 
0.907719 
0.869600 
0.900221 
0.744200 
0.885940 
0.885438 
0.915493 
0.761905 
0.845965 
1.004856 
0.901005 
0.919600 
1.077036 
0.952359 
0.938801 
0.882704 
0.860608 
0.712851 
0.878893 
0.729187 
0.776653 
0.712927 
0.901217 
0.647253 
0.874804 
0.927695 
0.917694 
0.958858 
0.883923 
0.562012 
0.482543 
0.436938 
0.314217 
0.279841 
0.218254 
0.171964 
0.148229 
0.163778 
0.273187 
0.418584 
0.611280 
0.593436 
0.701985 
0.895823 
1.000166 
0.924802 
0.987371 
0.992167 
1.020282 
0.860670 
1.171098 
1.085889 
0.773485 
1.038545 
1.036455 
1.027202 
1.014591 
1.181738 
0.852542 
1.101075 
0.871190 
1.117387 
1.100219 
1.004155 
0.991144 
1.272510 
1.067006 
1.124541 
1.076989 
1.085806 
1.150210 
1.272540 
0.925432 
1.071902 
1.189616 
1.235261 
1.033389 
1.134203 
1.130471 
0.891471 
1.085600 
1.102136 
1.026100 
1.173895 
1.093272 
1.009767 
1.296973 
1.258495 
1.116965 
1.245319 
1.162644 
1.116154 
1.221079 
1.212481 
1.209824 
1.085745 
1.022045 
0.947498 
1.091505 
1.152655 
1.185710 
1.286842 
1.199166 
1.111495 
1.071359 
1.105734 
1.084738 
1.315512 
1.178829 
1.287701 
1.433008 
1.202662 
1.290831 
1.177204 
0.928461 
0.608406 
0.620084 
0.778462 
0.765444 
0.826692 
0.764344 
1.031628 
0.964086 
1.145023 
1.399960 
1.176536 
1.540575 
1.193815 
1.176804 
1.394453 
1.174553 
1.222565 
1.078108 
1.139522 
0.926412 
0.915203 
0.817634 
0.748948 
0.788651 
0.679462 
0.488113 
0.589613 
0.563372 
0.839593 
1.164206 
1.570066 
1.272533 
1.348936 
1.553751 
1.277386 
1.187925 
1.195590 
1.228191 
1.326374 
1.104704 
0.728629 
0.798123 
0.949019 
0.979812 
1.278081 
1.430256 
1.376353 
1.405993 
1.323605 
1.119458 
1.239567 
1.253919 
1.220659 
1.102920 
1.225305 
1.161116 
0.892746 
1.175883 
1.293214 
1.488559 
1.342587 
1.271877 
1.264198 
1.319002 
1.225732 
1.208672 
0.908313 
0.884937 
0.747862 
0.471302 
0.387543 
0.241811 
0.261033 
0.315525 
0.249409 
0.282974 
0.284807 
0.372813 
0.480394 
0.665711 
0.811041 
0.913853 
1.127735 
1.222824 
1.285748 
1.290851 
1.358212 
1.477612 
1.349906 
1.442098 
1.203798 
1.718833 
1.237369 
1.571066 
1.770021 
1.146269 
1.173903 
1.034424 
1.415589 
1.614012 
1.315393 
1.535055 
1.379852 
1.349309 
1.054652 
1.325619 
1.423637 
1.092133 
0.929983 
0.751831 
0.533278 
0.418498 
0.446835 
0.348213 
0.386690 
0.643360 
0.767506 
0.710891 
0.710328 
0.852465 
0.791682 
0.849209 
0.704733 
0.688674 
0.627421 
0.483418 
0.586406 
0.487687 
0.664206 
0.683351 
0.834365 
0.959508 
1.034904 
1.139254 
1.013361 
1.130333 
1.173577 
0.990665 
0.992182 
0.772880 
0.489769 
0.564150 
0.573231 
0.570384 
0.631712 
0.641568 
0.501864 
0.678307 
0.520112 
0.581842 
0.552915 
0.400900 
0.583837 
0.513996 
0.656254 
0.744507 
0.718824 
0.571450 
0.802326 
0.765139 
0.794562 
0.880749 
1.006101 
1.119121 
1.174513 
1.318004 
1.441337 
1.337467 
1.327070 
1.211368 
1.020823 
1.217900 
1.052702 
0.989200 
0.773594 
0.717936 
0.413935 
0.351528 
0.411812 
0.469334 
0.347180 
0.393391 
0.431989 
0.494051 
0.685680 
0.758873 
0.867723 
0.988448 
1.290576 
1.488863 
1.450092 
1.681971 
1.573679 
1.705442 
1.556169 
1.528132 
1.414515 
1.459562 
1.616775 
1.382601 
1.166589 
1.283106 
1.558034 
1.256658 
1.420439 
1.198885 
1.028198 
1.356846 
1.365341 
1.345611 
1.239508 
1.318527 
1.214110 
1.396149 
1.260413 
1.590097 
1.475451 
1.515044 
1.344884 
1.386938 
1.397165 
1.594302 
1.656118 
1.269253 
1.491683 
1.101940 
1.410801 
1.508520 
1.247309 
1.140305 
1.041695 
1.028733 
0.895410 
1.056319 
1.133352 
1.427084 
1.194752 
1.443793 
1.255159 
1.204330 
1.537085 
1.253249 
1.467047 
1.356385 
1.071893 
1.317489 
1.152695 
1.072094 
1.439234 
1.206304 
1.240947 
1.271906 
1.355048 
1.118935 
1.221518 
1.272093 
0.928742 
1.065440 
0.853048 
0.763676 
0.865423 
0.775513 
0.701310 
0.914370 
0.988157 
1.133545 
1.405170 
1.378525 
1.229867 
1.094036 
1.139071 
1.238113 
1.240053 
1.320023 
1.119444 
1.274936 
1.143090 
1.199695 
1.177584 
1.174786 
1.346765 
1.323759 
1.689707 
1.099195 
1.061473 
0.978937 
0.821060 
1.053610 
0.815523 
0.960281 
0.982845 
0.929197 
0.817161 
0.828835 
0.754243 
0.888994 
0.767091 
0.920233 
0.668998 
1.106510 
0.943394 
1.260729 
1.212966 
1.044141 
1.080557 
0.940516 
1.125456 
0.793343 
0.832484 
0.641630 
0.555676 
0.315760 
0.368503 
0.304182 
0.299646 
0.329795 
0.252702 
0.244152 
0.281064 
0.320780 
0.290568 
0.283945 
0.274393 
0.221281 
0.337792 
0.307933 
0.396758 
0.440370 
0.458013 
0.581894 
0.457817 
0.608454 
0.824987 
0.808578 
0.858679 
0.845263 
1.103765 
1.067326 
0.788440 
0.862587 
0.719683 
0.894633 
0.692836 
0.701544 
0.734697 
0.689006 
0.609918 
0.490554 
0.557251 
0.592302 
0.505336 
0.562440 
0.490900 
0.464430 
0.638549 
0.573380 
0.627793 
0.596523 
0.741180 
0.852885 
1.010287 
1.008967 
0.812071 
0.882093 
0.967503 
0.942609 
1.023789 
0.820078 
1.045385 
0.548840 
0.673196 
0.691016 
0.706053 
0.535482 
0.504149 
0.530593 
0.573414 
0.605692 
0.644112 
0.525035 
0.574515 
0.759741 
0.670933 
0.579223 
0.671537 
0.726697 
0.738230 
0.766854 
0.655727 
0.664103 
0.865867 
0.690886 
0.714326 
0.641177 
0.504687 
0.513661 
0.434746 
0.453934 
0.422170 
0.512142 
0.677930 
0.628196 
0.540187 
0.504444 
0.389253 
0.442775 
0.318987 
0.391210 
0.371509 
0.382533 
0.326165 
0.436920 
0.389680 
0.394036 
0.368132 
0.412043 
0.430640 
0.368381 
0.384355 
0.362744 
0.367083 
0.318841 
0.326061 
0.316904 
0.366863 
0.284731 
0.300941 
0.300620 
0.223218 
0.229566 
0.233412 
0.205237 
0.201976 
0.186682 
0.179681 
0.197589 
0.155992 
0.163148 
0.165662 
0.141556 
0.148002 
0.132217 
0.152636 
0.127402 
0.133927 
0.112077 
0.132474 
0.109563 
0.110450 
0.135157 
0.116960 
0.152697 
0.155057 
0.147759 
0.129695 
0.167568 
0.145829 
0.123897 
0.159763 
0.179417 
0.158910 
0.194285 
0.190889 
0.164372 
0.205181 
0.195895 
0.151416 
0.182806 
0.200168 
0.176434 
0.212341 
0.210988 
0.204602 
0.237903 
0.252982 
0.222564 
0.239219 
0.211207 
0.231512 
0.214727 
0.202227 
0.235205 
0.192521 
0.227625 
0.244535 
0.289323 
0.273027 
0.267828 
0.247190 
0.263199 
0.260100 
0.285374 
0.339374 
0.420618 
0.346916 
0.477924 
0.473356 
0.469482 
0.587248 
0.536569 
0.477693 
0.433022 
0.352087 
0.383292 
0.285466 
0.224246 
0.213079 
0.209070 
0.233938 
0.246791 
0.218445 
0.182670 
0.228656 
0.188792 
0.161226 
0.136813 
0.132387 
0.129261 
0.101742 
0.105008 
0.096244 
0.103739 
0.092561 
0.086299 
0.079938 
0.094289 
0.081245 
0.084892 
0.078647 
0.093944 
0.127903 
0.099944 
0.107640 
0.110257 
0.085540 
0.097091 
0.099876 
0.088988 
0.088150 
0.083201 
0.079064 
0.086092 
0.092522 
0.103302 
0.100663 
0.099690 
0.112610 
0.118256 
0.112487 
0.088862 
0.105999 
0.093075 
0.081053 
0.078612 
0.073224 
0.065275 
0.059541 
0.055213 
0.048273 
0.051021 
0.051981 
0.048809 
0.051942 
0.046540 
0.041604 
0.047858 
0.040086 
0.042713 
0.045895 
0.040527 
0.040539 
0.037047 
0.038449 
0.034756 
0.040945 
0.031526 
0.031278 
0.034857 
0.031898 
0.027737 
0.025463 
0.019747 
0.019899 
0.019791 
0.020616 
0.018281 
0.018054 
0.013064 
0.014669 
0.012111 
0.012277 
0.012177 
0.008237 
0.009910 
0.008744 
0.007761 
0.008248 
0.008960 
0.008744 
0.008687 
0.008231 
0.007239 
0.006801 
0.009681 
0.009566 
0.012740 
0.009231 
0.009797 
0.009475 
0.008357 
0.007918 
0.007755 
0.009090 
0.006768 
0.005869 
0.004877 
0.005084 
0.003967 
0.004379 
0.003592 
0.003872 
0.003583 
0.003414 
0.003377 
0.003560 
0.003612 
0.002948 
0.003387 
0.003015 
0.003750 
0.003372 
0.002755 
0.002949 
0.002460 
0.002375 
0.002202 
0.002089 
0.001741 
0.001511 
0.001585 
0.001282 
0.001201 
0.000701 
0.000609 
0.000373 
0.000175 
0.000082 
0.000064 
0.000041 
0.000015 
0.000004 
0.000000 
0.000000 
0.000000 
0.000000 
0.000000 
0.000000 
0.000000 
0.000000 
0.000000 
0.000000 
0.000000 
0.000000 
0.000000 
0.000000 
0.000000 
0.000000 
0.000000 
0.000000 
0.000000 
0.000000 
0.000000 
0.000000 
0.000000 
0.000000 
0.000000 
0.000000 
0.000000 
0.000000 
0.000000 
0.000000 
0.000000 
0.000000 
0.000000 
0.000000 
0.000000 
0.000000 
0.000000 
0.000000 
0.000000 
0.000000 
0.000000 
0.000000 
0.000000 
0.000000 
0.000000 
0.000000 
0.000000 
0.000000 
0.000000 
0.000000 
0.000000 
0.000000 
0.000000 
0.000000 
0.000000 
0.000000 
0.000000 
0.000000 
0.000000 
0.000000 
0.000000 
0.000000 
0.000000 
0.000000 
0.000000 
0.000000 
0.000000 
0.000000 
0.000000 
0.000000 
0.000000 
0.000000 
0.000000 
0.000000 
0.000000 
0.000000 
0.000000 
0.000000 
0.000000 
0.000000 
0.000000 
0.000000 
0.000000 
0.000000 
0.000000 
0.000000 
0.000000 
0.000000 
0.000000 
0.000000 
0.000000 
0.000000 
0.000000 
0.000000 
0.000000 
0.000000 
0.000000 
0.000000 
0.000000 
0.000000 
0.000000 
0.000000 
0.000000 
0.000000 
0.000000 
0.000000 
0.000000 
0.000000 
0.000000 
0.000000 
0.000000 
0.000000 
0.000000 
0.000000 
0.000000 
0.000000 
0.000000 
0.000000 
0.000000 
0.000000 
0.000000 
0.000000 
0.000000 
0.000000 
0.000000 
0.000000 
0.000000 
0.000000 
0.000000 
0.000000 
0.000000 
0.000000 
0.000000 
0.000000 
0.000000 
0.000000 
0.000000 
0.000000 
0.000000 
0.000000 
0.000000 
0.000000 
0.000000 
0.000000 
0.000000 
0.000000 
0.000000 
0.000000 
0.000000 
0.000000 
0.000000 
0.000000 
0.000000 
0.000000 
0.000000 
0.000000 
0.000000 
0.000000 
0.000000 
0.000000 
0.000000 
0.000000 
0.000000 
0.000000 
0.000000 
0.000000 
0.000000 
0.000000 
0.000000 
0.000000 
0.000000 
0.000000 
0.000000 
0.000000 
0.000000 
0.000000 
0.000000 
0.000000 
0.000000 
0.000000 
0.000000 
0.000000 
0.000000 
0.000000 
0.000000 
0.000000 
0.000000 
0.000000 
0.000000 
0.000000 
0.000000 
