0.000000 
0.000000 
0.000000 
0.000000 
0.000000 
0.000000 
0.000000 
0.000000 
0.000000 
0.000000 
0.000000 
0.000000 
0.000000 
0.000000 
0.000000 
0.000000 
0.000000 
0.000000 
0.000000 
0.000000 
0.000000 
0.000000 
0.000000 
0.000000 
0.000000 
0.000000 
0.000000 
0.000000 
0.000000 
0.000000 
0.000000 
0.000000 
0.000000 
0.000000 
0.000000 
0.000000 
0.000000 
0.000000 
0.000000 
0.000000 
0.000000 
0.000000 
0.000000 
0.000000 
0.000000 
0.000000 
0.000000 
0.000000 
0.000000 
0.000000 
0.000000 
0.000000 
0.000000 
0.000000 
0.000000 
0.000000 
0.000000 
0.000000 
0.000000 
0.000000 
0.000000 
0.000000 
0.000000 
0.000000 
0.000000 
0.000000 
0.000000 
0.000000 
0.000000 
0.000000 
0.000000 
0.000000 
0.000000 
0.000000 
0.000000 
0.000000 
0.000000 
0.000000 
0.000000 
0.000000 
0.000000 
0.000000 
0.000000 
0.000000 
0.000000 
0.000000 
0.000000 
0.000000 
0.000000 
0.000000 
0.000000 
0.000000 
0.000000 
0.000000 
0.000000 
0.000000 
0.000000 
0.000000 
0.000000 
0.000000 
0.000000 
0.000000 
0.000000 
0.000000 
0.000000 
0.000000 
0.000000 
0.000000 
0.000000 
0.000000 
0.000000 
0.000000 
0.000000 
0.000000 
0.000000 
0.000000 
0.000000 
0.000000 
0.000000 
0.000000 
0.000000 
0.000000 
0.000000 
0.000000 
0.000000 
0.000000 
0.000000 
0.000000 
0.000000 
0.000000 
0.000000 
0.000000 
0.000000 
0.000000 
0.000000 
0.000000 
0.000000 
0.000000 
0.000000 
0.000000 
0.000000 
0.000000 
0.000000 
0.000000 
0.000000 
0.000000 
0.000000 
0.000000 
0.000000 
0.000000 
0.000000 
0.000000 
0.000000 
0.000000 
0.000000 
0.000000 
0.000000 
0.000000 
0.000000 
0.000000 
0.000000 
0.000000 
0.000000 
0.000000 
0.000000 
0.000000 
0.000000 
0.000000 
0.000000 
0.000000 
0.000000 
0.000000 
0.000000 
0.000000 
0.000000 
0.000000 
0.000000 
0.000000 
0.000000 
0.000000 
0.000000 
0.000000 
0.000000 
0.000000 
0.000000 
0.000000 
0.000000 
0.000000 
0.000000 
0.000000 
0.000000 
0.000000 
0.000000 
0.000000 
0.000000 
0.000000 
0.000000 
0.000000 
0.000000 
0.000000 
0.000000 
0.000000 
0.000000 
0.000000 
0.000000 
0.000000 
0.000000 
0.000000 
0.000000 
0.000000 
0.000000 
0.000000 
0.000000 
0.000000 
0.000000 
0.000000 
0.000000 
0.000000 
0.000000 
0.000000 
0.000000 
0.000000 
0.000000 
0.000000 
0.000000 
0.000037 
0.000113 
0.000271 
0.000443 
0.000640 
0.000723 
0.001187 
0.001175 
0.001573 
0.002130 
0.002879 
0.003448 
0.004816 
0.005702 
0.006963 
0.007535 
0.009474 
0.011765 
0.011551 
0.014246 
0.016289 
0.017044 
0.021015 
0.023072 
0.022966 
0.018759 
0.022607 
0.019713 
0.019322 
0.021765 
0.021321 
0.023072 
0.021855 
0.021754 
0.017821 
0.016932 
0.016884 
0.019916 
0.018864 
0.018639 
0.019581 
0.020126 
0.024900 
0.025008 
0.029357 
0.024169 
0.026181 
0.028518 
0.038158 
0.036285 
0.040161 
0.036428 
0.040428 
0.038292 
0.045286 
0.044449 
0.041439 
0.046527 
0.033552 
0.044201 
0.037017 
0.051795 
0.050636 
0.043502 
0.048455 
0.042916 
0.058445 
0.060862 
0.059789 
0.052089 
0.050581 
0.054102 
0.046566 
0.054316 
0.072166 
0.055465 
0.068233 
0.066485 
0.064423 
0.060129 
0.068019 
0.079682 
0.072812 
0.067312 
0.068460 
0.072771 
0.078062 
0.075303 
0.068817 
0.073902 
0.073399 
0.081358 
0.080046 
0.083396 
0.090055 
0.090527 
0.090947 
0.112006 
0.114861 
0.100116 
0.118172 
0.103448 
0.104162 
0.106078 
0.115441 
0.157327 
0.150975 
0.153382 
0.142340 
0.150658 
0.174510 
0.210238 
0.196414 
0.180339 
0.190494 
0.232053 
0.155497 
0.212886 
0.166225 
0.142815 
0.160122 
0.170801 
0.175541 
0.205355 
0.188052 
0.213676 
0.232426 
0.240090 
0.269176 
0.219866 
0.233316 
0.241260 
0.185732 
0.275903 
0.287243 
0.276913 
0.271028 
0.334267 
0.383428 
0.301570 
0.407665 
0.354118 
0.489333 
0.440264 
0.394409 
0.489409 
0.535179 
0.557266 
0.575309 
0.657554 
0.691115 
0.623901 
0.568268 
0.530324 
0.503312 
0.504549 
0.513105 
0.559964 
0.536547 
0.474671 
0.566547 
0.599389 
0.563118 
0.587711 
0.556623 
0.572893 
0.471055 
0.496265 
0.453460 
0.372436 
0.445157 
0.456001 
0.474685 
0.456327 
0.512044 
0.529517 
0.507500 
0.586472 
0.615588 
0.694134 
0.568644 
0.528718 
0.634470 
0.657318 
0.604204 
0.552978 
0.539782 
0.497686 
0.534875 
0.452576 
0.492159 
0.344784 
0.582188 
0.705794 
0.661680 
0.667989 
0.656157 
0.837738 
0.720759 
0.856901 
0.823429 
0.637102 
0.749212 
0.746802 
0.657924 
0.787847 
0.705202 
0.749457 
0.856025 
0.880753 
1.000925 
1.013066 
0.913464 
1.059858 
1.047541 
0.836910 
0.905406 
0.954082 
1.168968 
0.894137 
0.936088 
1.309358 
0.971723 
1.242807 
0.974242 
1.016320 
1.205320 
1.102161 
1.346305 
1.223978 
1.047412 
1.627035 
1.199804 
1.182515 
1.138563 
1.096228 
0.857398 
1.345515 
1.152619 
1.089643 
0.652639 
0.698587 
0.554149 
0.490711 
0.380899 
0.446701 
0.449939 
0.767142 
0.863853 
1.020803 
0.943297 
0.905585 
1.031287 
0.990143 
1.122358 
0.990176 
1.036903 
1.095574 
0.943210 
1.183554 
1.075552 
1.300968 
0.981934 
0.933734 
1.219264 
1.237777 
1.138283 
1.046509 
1.341599 
1.246175 
1.302010 
1.004776 
1.173379 
1.343181 
1.293314 
1.052212 
1.039261 
1.064535 
0.874062 
1.049796 
1.051450 
1.353310 
1.046666 
1.119975 
0.989786 
1.131615 
0.968776 
0.959723 
0.578151 
0.595972 
0.425781 
0.357121 
0.280522 
0.187497 
0.212785 
0.269684 
0.359407 
0.531372 
0.831439 
0.821162 
0.985436 
1.205672 
1.280609 
1.228528 
1.510875 
1.213055 
1.271721 
1.346973 
1.435390 
1.414070 
1.508915 
1.346523 
1.268222 
1.405394 
1.251138 
1.507257 
1.376321 
1.409518 
1.636261 
1.452687 
1.475226 
1.326188 
1.290326 
1.644639 
1.523271 
1.375583 
1.412327 
1.340039 
1.340708 
1.371251 
1.531245 
1.854214 
1.549929 
1.467279 
1.413703 
1.351096 
1.587675 
1.391568 
1.534529 
1.403019 
1.365556 
1.257045 
1.354855 
1.745331 
1.540211 
1.457246 
1.558852 
1.590982 
1.742483 
1.572545 
1.568583 
1.627925 
1.815818 
1.820284 
1.662589 
1.599002 
1.396415 
1.491436 
1.694283 
1.465098 
1.708933 
1.460126 
1.647178 
1.415111 
1.614897 
1.681599 
1.354293 
1.692716 
1.514475 
1.503978 
1.783917 
1.563438 
1.207023 
1.075983 
0.947595 
1.033339 
1.099826 
1.144815 
1.269969 
1.264387 
1.458243 
1.551791 
1.506631 
1.464027 
1.416150 
1.784722 
1.914847 
1.771024 
1.972128 
1.536448 
1.452475 
1.537427 
1.336671 
1.197974 
1.245024 
1.010390 
0.981500 
0.879968 
0.866602 
0.762409 
1.090840 
1.114681 
1.248924 
1.596266 
1.862721 
1.577352 
1.755698 
1.857481 
1.714331 
1.486043 
1.603811 
1.402789 
1.455658 
0.935841 
1.239180 
1.450409 
1.379351 
1.431855 
1.296865 
1.951860 
1.756124 
1.531435 
2.020443 
1.837435 
1.995252 
1.780005 
1.477311 
1.580042 
1.526412 
1.629925 
1.571475 
1.699390 
1.683305 
1.831272 
2.184877 
2.077412 
1.700800 
1.552599 
1.375979 
1.508449 
0.741880 
0.769449 
0.703306 
0.352361 
0.406038 
0.315078 
0.363574 
0.348281 
0.314960 
0.376808 
0.388421 
0.734187 
0.998102 
1.213885 
1.524640 
1.644145 
1.648710 
1.796474 
1.740815 
1.767732 
1.660507 
2.117847 
1.886608 
1.630049 
1.819815 
1.610935 
1.648496 
1.751274 
1.961804 
1.376688 
1.837468 
1.975303 
2.108256 
1.989786 
1.865334 
2.065590 
2.098146 
1.799584 
1.684123 
2.039509 
1.592193 
1.530181 
0.767604 
0.640484 
0.394682 
0.533519 
0.598209 
0.645193 
0.747348 
0.738713 
0.642646 
1.173202 
1.008809 
1.073063 
1.015980 
0.989607 
0.928787 
0.826107 
0.650408 
0.709960 
0.749950 
0.847799 
0.897141 
1.239192 
1.125109 
1.382864 
1.305802 
1.547291 
1.438023 
1.407387 
1.417355 
1.409620 
1.059526 
0.846010 
0.844285 
0.812891 
0.766076 
0.712519 
0.765385 
0.774786 
0.703908 
0.637927 
0.635495 
0.657213 
0.593252 
0.726632 
0.660811 
0.977454 
0.886262 
1.025319 
0.957434 
0.975103 
0.998367 
1.158669 
1.007086 
1.302023 
1.667450 
1.563381 
1.715768 
1.798016 
1.834255 
1.982772 
1.544786 
1.873961 
1.749403 
1.860013 
1.303649 
0.837378 
0.750479 
0.711889 
0.650465 
0.659255 
0.599848 
0.450975 
0.536403 
0.488978 
0.637355 
0.749490 
0.929348 
1.243287 
1.428209 
1.360018 
1.491240 
2.156907 
1.787906 
1.993309 
1.641971 
2.172700 
2.063123 
1.934620 
1.806620 
2.198364 
1.961790 
1.885774 
1.764162 
1.628264 
1.391446 
1.774202 
1.961179 
1.878050 
1.606338 
1.810137 
1.742534 
1.815351 
1.563231 
1.962093 
1.926177 
1.786655 
1.783398 
2.117625 
1.879784 
2.005510 
1.664997 
1.675700 
2.067309 
1.964723 
1.668515 
1.695615 
1.534161 
1.818546 
1.393179 
1.618047 
1.255794 
1.431857 
1.352124 
1.422798 
1.472990 
1.526471 
1.527121 
2.067989 
1.806606 
1.942548 
1.581255 
1.777329 
2.003601 
1.819880 
1.687166 
1.772053 
1.635375 
1.394941 
1.702958 
1.915008 
1.706929 
1.640907 
1.913988 
1.625374 
1.721862 
1.565228 
1.231418 
1.170828 
1.359493 
1.263205 
1.301415 
0.889917 
1.141612 
1.081556 
1.236247 
1.281010 
1.631617 
1.705609 
1.636994 
1.675018 
1.662936 
1.578342 
1.622164 
1.723111 
1.657609 
1.504724 
1.650839 
1.669379 
1.650310 
1.887088 
1.589179 
1.645201 
1.563739 
1.752713 
1.597037 
1.360663 
1.296758 
1.182572 
1.473646 
1.277983 
1.150634 
1.330087 
1.442317 
1.003524 
1.093036 
0.943127 
1.100108 
1.418438 
1.064853 
1.430450 
1.176821 
1.342594 
1.310740 
1.613352 
1.282429 
1.264957 
1.315176 
1.358441 
1.285343 
1.123962 
0.914096 
0.595116 
0.503457 
0.504691 
0.548918 
0.435949 
0.331057 
0.498220 
0.407200 
0.403130 
0.427498 
0.384469 
0.474809 
0.403674 
0.393990 
0.384611 
0.479930 
0.521804 
0.503197 
0.535265 
0.676512 
0.890667 
0.895013 
0.951544 
1.112211 
1.392944 
1.322614 
1.227918 
1.685003 
1.376044 
1.293980 
1.141088 
1.013857 
0.935606 
0.975766 
0.830288 
0.710092 
0.819253 
0.809176 
0.785520 
0.622259 
0.644818 
0.754131 
0.702762 
0.721108 
0.777502 
1.052312 
0.704212 
0.767383 
0.974283 
1.551454 
1.213028 
1.449395 
1.183398 
1.143927 
1.304036 
1.219993 
1.406438 
1.368669 
1.038408 
0.890882 
0.939634 
0.892126 
0.775267 
0.805626 
0.790801 
0.715815 
0.797456 
0.835944 
0.674982 
0.833794 
0.820773 
0.850885 
0.920470 
0.966751 
0.883378 
0.965211 
0.992796 
1.036674 
1.021112 
0.987987 
0.806716 
0.954436 
1.047623 
0.793464 
0.795586 
0.563786 
0.662378 
0.644086 
0.582785 
0.735770 
0.808655 
0.864208 
0.649746 
0.757013 
0.644447 
0.484823 
0.351022 
0.433945 
0.526515 
0.495245 
0.525765 
0.469433 
0.553741 
0.500726 
0.513516 
0.551817 
0.533402 
0.538897 
0.466579 
0.408284 
0.520997 
0.380900 
0.413573 
0.449481 
0.446652 
0.333301 
0.378614 
0.350158 
0.272737 
0.317368 
0.295824 
0.244484 
0.271576 
0.295093 
0.241555 
0.188969 
0.202595 
0.164791 
0.185747 
0.186115 
0.192636 
0.181703 
0.190089 
0.202563 
0.155504 
0.179193 
0.172002 
0.183073 
0.152039 
0.160679 
0.172907 
0.152655 
0.195498 
0.177711 
0.171989 
0.182151 
0.164317 
0.206553 
0.194104 
0.211477 
0.221799 
0.220477 
0.228856 
0.225321 
0.261967 
0.216920 
0.238971 
0.254221 
0.260326 
0.308319 
0.360270 
0.300198 
0.273612 
0.270063 
0.306224 
0.303469 
0.290982 
0.255732 
0.289705 
0.298227 
0.267484 
0.281219 
0.283362 
0.270387 
0.307119 
0.332790 
0.336578 
0.351816 
0.375196 
0.422164 
0.423166 
0.396999 
0.390100 
0.529530 
0.654272 
0.587941 
0.645918 
0.554594 
0.695965 
0.656040 
0.520949 
0.477272 
0.438819 
0.411710 
0.384584 
0.282067 
0.273508 
0.286590 
0.298074 
0.257353 
0.292203 
0.285098 
0.265941 
0.268759 
0.179178 
0.190442 
0.155597 
0.146795 
0.137441 
0.121554 
0.103691 
0.120913 
0.101012 
0.128794 
0.102733 
0.113748 
0.114004 
0.115775 
0.118315 
0.125573 
0.110861 
0.123408 
0.128629 
0.105447 
0.096045 
0.129096 
0.118612 
0.136075 
0.137424 
0.137712 
0.118023 
0.115140 
0.118795 
0.123054 
0.147722 
0.131007 
0.138593 
0.115120 
0.128153 
0.119879 
0.115958 
0.105416 
0.106359 
0.102469 
0.097036 
0.096406 
0.092414 
0.078790 
0.085867 
0.069620 
0.062189 
0.072535 
0.068332 
0.065066 
0.056604 
0.075873 
0.055427 
0.056747 
0.058518 
0.052923 
0.053063 
0.051246 
0.053153 
0.039891 
0.037942 
0.048778 
0.048674 
0.044555 
0.042060 
0.036820 
0.030493 
0.030557 
0.031153 
0.025296 
0.028315 
0.026855 
0.020707 
0.022567 
0.017900 
0.017477 
0.014064 
0.013881 
0.012762 
0.013178 
0.013342 
0.007869 
0.011696 
0.009989 
0.011323 
0.012597 
0.011860 
0.012451 
0.009580 
0.013105 
0.013426 
0.017005 
0.012541 
0.014584 
0.010986 
0.012261 
0.010030 
0.011597 
0.010192 
0.008717 
0.008688 
0.007331 
0.005813 
0.006127 
0.005730 
0.004765 
0.004664 
0.005166 
0.004423 
0.004474 
0.003744 
0.004912 
0.004553 
0.004651 
0.004133 
0.003962 
0.004544 
0.003943 
0.003839 
0.004016 
0.003144 
0.003177 
0.002795 
0.002637 
0.002000 
0.001940 
0.001935 
0.001269 
0.001133 
0.000678 
0.000584 
0.000273 
0.000119 
0.000094 
0.000049 
0.000022 
0.000007 
0.000000 
0.000000 
0.000000 
0.000000 
0.000000 
0.000000 
0.000000 
0.000000 
0.000000 
0.000000 
0.000000 
0.000000 
0.000000 
0.000000 
0.000000 
0.000000 
0.000000 
0.000000 
0.000000 
0.000000 
0.000000 
0.000000 
0.000000 
0.000000 
0.000000 
0.000000 
0.000000 
0.000000 
0.000000 
0.000000 
0.000000 
0.000000 
0.000000 
0.000000 
0.000000 
0.000000 
0.000000 
0.000000 
0.000000 
0.000000 
0.000000 
0.000000 
0.000000 
0.000000 
0.000000 
0.000000 
0.000000 
0.000000 
0.000000 
0.000000 
0.000000 
0.000000 
0.000000 
0.000000 
0.000000 
0.000000 
0.000000 
0.000000 
0.000000 
0.000000 
0.000000 
0.000000 
0.000000 
0.000000 
0.000000 
0.000000 
0.000000 
0.000000 
0.000000 
0.000000 
0.000000 
0.000000 
0.000000 
0.000000 
0.000000 
0.000000 
0.000000 
0.000000 
0.000000 
0.000000 
0.000000 
0.000000 
0.000000 
0.000000 
0.000000 
0.000000 
0.000000 
0.000000 
0.000000 
0.000000 
0.000000 
0.000000 
0.000000 
0.000000 
0.000000 
0.000000 
0.000000 
0.000000 
0.000000 
0.000000 
0.000000 
0.000000 
0.000000 
0.000000 
0.000000 
0.000000 
0.000000 
0.000000 
0.000000 
0.000000 
0.000000 
0.000000 
0.000000 
0.000000 
0.000000 
0.000000 
0.000000 
0.000000 
0.000000 
0.000000 
0.000000 
0.000000 
0.000000 
0.000000 
0.000000 
0.000000 
0.000000 
0.000000 
0.000000 
0.000000 
0.000000 
0.000000 
0.000000 
0.000000 
0.000000 
0.000000 
0.000000 
0.000000 
0.000000 
0.000000 
0.000000 
0.000000 
0.000000 
0.000000 
0.000000 
0.000000 
0.000000 
0.000000 
0.000000 
0.000000 
0.000000 
0.000000 
0.000000 
0.000000 
0.000000 
0.000000 
0.000000 
0.000000 
0.000000 
0.000000 
0.000000 
0.000000 
0.000000 
0.000000 
0.000000 
0.000000 
0.000000 
0.000000 
0.000000 
0.000000 
0.000000 
0.000000 
0.000000 
0.000000 
0.000000 
0.000000 
0.000000 
0.000000 
0.000000 
0.000000 
0.000000 
0.000000 
0.000000 
0.000000 
0.000000 
0.000000 
0.000000 
0.000000 
0.000000 
0.000000 
0.000000 
