0.036000 
0.036000 
0.036000 
0.036000 
0.036000 
0.036000 
0.036000 
0.036000 
0.036000 
0.036000 
0.036000 
0.036000 
0.036000 
0.036000 
0.036000 
0.036000 
0.036000 
0.036000 
0.036000 
0.036000 
0.036000 
0.036000 
0.036000 
0.036000 
0.036000 
0.036000 
0.036000 
0.036000 
0.036000 
0.036000 
0.036000 
0.036000 
0.036000 
0.036000 
0.036000 
0.036000 
0.036000 
0.036000 
0.036000 
0.036000 
0.036000 
0.036000 
0.036000 
0.036000 
0.036000 
0.036000 
0.036000 
0.036000 
0.036000 
0.036000 
0.036000 
0.036000 
0.036000 
0.036000 
0.036000 
0.036000 
0.036000 
0.036000 
0.036000 
0.036000 
0.036000 
0.036000 
0.036000 
0.036000 
0.036000 
0.036000 
0.036000 
0.036000 
0.036000 
0.036000 
0.036000 
0.036000 
0.036000 
0.036000 
0.036000 
0.036000 
0.036000 
0.036000 
0.036000 
0.036000 
0.043488 
0.061344 
0.082656 
0.100512 
0.108000 
0.108000 
0.108000 
0.108000 
0.108000 
0.108000 
0.108000 
0.108000 
0.108000 
0.108000 
0.108000 
0.106111 
0.101180 
0.094314 
0.086619 
0.079200 
0.070284 
0.059017 
0.047889 
0.039387 
0.036000 
0.040113 
0.050847 
0.065795 
0.082548 
0.098700 
0.118112 
0.142640 
0.166867 
0.185376 
0.192750 
0.192750 
0.192750 
0.192750 
0.192750 
0.192750 
0.192750 
0.192750 
0.192750 
0.192750 
0.192750 
0.192750 
0.192750 
0.192750 
0.192750 
0.192750 
0.176448 
0.137574 
0.091176 
0.052302 
0.036000 
0.036000 
0.036000 
0.036000 
0.036000 
0.036000 
0.036000 
0.036000 
0.036000 
0.036000 
0.036000 
0.036000 
0.036000 
0.036000 
0.036000 
0.036000 
0.036000 
0.036000 
0.036000 
0.036000 
0.036000 
0.036000 
0.036000 
0.036000 
0.036000 
0.036000 
0.036000 
0.036000 
0.036000 
0.036000 
0.036000 
0.036000 
0.036000 
0.036000 
0.036000 
0.036000 
0.036000 
0.036000 
0.036000 
0.036000 
0.036000 
0.036000 
0.036000 
0.036000 
0.036000 
0.036000 
0.036000 
0.036000 
0.036000 
0.036000 
0.036000 
0.036000 
0.036000 
0.036000 
0.036000 
0.036000 
0.036000 
0.036000 
0.036000 
0.036000 
0.036000 
0.036000 
0.036000 
0.036000 
0.036000 
0.036000 
0.036000 
0.036000 
0.036000 
0.036000 
0.036000 
0.036000 
0.036000 
0.036000 
0.036000 
0.036000 
0.036000 
0.036000 
0.036000 
0.036000 
0.036000 
0.036000 
0.036000 
0.036000 
0.036000 
0.036000 
0.036000 
0.036000 
0.036000 
0.036000 
0.036000 
0.048821 
0.080630 
0.121448 
0.161298 
0.190200 
0.210818 
0.230915 
0.248157 
0.260213 
0.264750 
0.264750 
0.264750 
0.264750 
0.264750 
0.264750 
0.264750 
0.264750 
0.264750 
0.264750 
0.264750 
0.255889 
0.233355 
0.203221 
0.171562 
0.144450 
0.118570 
0.089850 
0.063224 
0.043629 
0.036000 
0.036000 
0.036000 
0.036000 
0.036000 
0.036000 
0.036000 
0.036000 
0.036000 
0.036000 
0.036000 
0.036000 
0.036000 
0.036000 
0.036000 
0.036000 
0.036000 
0.036000 
0.036000 
0.036000 
0.036000 
0.036000 
0.036000 
0.036000 
0.036000 
0.036000 
0.039387 
0.047889 
0.059017 
0.070284 
0.079200 
0.086619 
0.094314 
0.101180 
0.106111 
0.108000 
0.108000 
0.108000 
0.108000 
0.108000 
0.108000 
0.108000 
0.108000 
0.108000 
0.108000 
0.108000 
0.100512 
0.082656 
0.061344 
0.043488 
0.036000 
0.036000 
0.036000 
0.036000 
0.036000 
0.036000 
0.036000 
0.036000 
0.036000 
0.036000 
0.036000 
0.036000 
0.036000 
0.036000 
0.036000 
0.036000 
0.052302 
0.091176 
0.137574 
0.176448 
0.192750 
0.192750 
0.192750 
0.192750 
0.192750 
0.192750 
0.192750 
0.192750 
0.192750 
0.192750 
0.192750 
0.192750 
0.192750 
0.192750 
0.192750 
0.192750 
0.185376 
0.166867 
0.142640 
0.118112 
0.098700 
0.082548 
0.065795 
0.050847 
0.040113 
0.036000 
0.036000 
0.036000 
0.036000 
0.036000 
0.036000 
0.036000 
0.036000 
0.036000 
0.036000 
0.036000 
0.036000 
0.036000 
0.036000 
0.036000 
0.036000 
0.036000 
0.036000 
0.036000 
0.036000 
0.036000 
0.036000 
0.036000 
0.036000 
0.036000 
0.036000 
0.036000 
0.036000 
0.036000 
0.036000 
0.036000 
0.041253 
0.054063 
0.070007 
0.084660 
0.093600 
0.098047 
0.101987 
0.105143 
0.107240 
0.108000 
0.108000 
0.108000 
0.108000 
0.108000 
0.108000 
0.107240 
0.105143 
0.101987 
0.098047 
0.093600 
0.084660 
0.070007 
0.054063 
0.041253 
0.036000 
0.052302 
0.091176 
0.137574 
0.176448 
0.192750 
0.192750 
0.192750 
0.192750 
0.192750 
0.192750 
0.192750 
0.192750 
0.192750 
0.192750 
0.192750 
0.192750 
0.192750 
0.192750 
0.192750 
0.192750 
0.185376 
0.166867 
0.142640 
0.118112 
0.098700 
0.082548 
0.065795 
0.050847 
0.040113 
0.036000 
0.036000 
0.036000 
0.036000 
0.036000 
0.036000 
0.036000 
0.036000 
0.036000 
0.036000 
0.036000 
0.036000 
0.036000 
0.036000 
0.036000 
0.036000 
0.036000 
0.036000 
0.036000 
0.036000 
0.036000 
0.036000 
0.036000 
0.036000 
0.036000 
0.036000 
0.036000 
0.036000 
0.036000 
0.036000 
0.036000 
0.036000 
0.036000 
0.036000 
0.036000 
0.036000 
0.036000 
0.036000 
0.036000 
0.036000 
0.036000 
0.036000 
0.036000 
0.036000 
0.036000 
0.036000 
0.036000 
0.036000 
0.036000 
0.036000 
0.036000 
0.036000 
0.036000 
0.036000 
0.036000 
0.036000 
0.036000 
0.036000 
0.036000 
0.036000 
0.036000 
0.036000 
0.036000 
0.036000 
0.036000 
0.036000 
0.036000 
0.036000 
0.036000 
0.036000 
0.036000 
0.037421 
0.041415 
0.047578 
0.055508 
0.064800 
0.086940 
0.126156 
0.171162 
0.210673 
0.233400 
0.243428 
0.252048 
0.258790 
0.263181 
0.264750 
0.264750 
0.264750 
0.264750 
0.264750 
0.264750 
0.260870 
0.250805 
0.236920 
0.221581 
0.207150 
0.193403 
0.178650 
0.163061 
0.146805 
0.130050 
0.109423 
0.084742 
0.060971 
0.043070 
0.036000 
0.036000 
0.036000 
0.036000 
0.036000 
0.036000 
0.036000 
0.036000 
0.036000 
0.036000 
0.036000 
0.036000 
0.036000 
0.036000 
0.036000 
0.036000 
0.036000 
0.036000 
0.036000 
0.036000 
0.036000 
0.037889 
0.042820 
0.049686 
0.057381 
0.064800 
0.073716 
0.084983 
0.096111 
0.104613 
0.108000 
0.108000 
0.108000 
0.108000 
0.108000 
0.108000 
0.108000 
0.108000 
0.108000 
0.108000 
0.108000 
0.105270 
0.098760 
0.090990 
0.084480 
0.081750 
0.093294 
0.120822 
0.153678 
0.181206 
0.192750 
0.192750 
0.192750 
0.192750 
0.192750 
0.192750 
0.192750 
0.192750 
0.192750 
0.192750 
0.192750 
0.192750 
0.192750 
0.192750 
0.192750 
0.192750 
0.181314 
0.153425 
0.118714 
0.086812 
0.067350 
0.057669 
0.049092 
0.042220 
0.037655 
0.036000 
0.036000 
0.036000 
0.036000 
0.036000 
0.036000 
0.036000 
0.036000 
0.036000 
0.036000 
0.036000 
0.036000 
0.036000 
0.036000 
0.036000 
0.036000 
0.036000 
0.036000 
0.036000 
0.036000 
0.036000 
0.036000 
0.036000 
0.036000 
0.036000 
0.036000 
0.036000 
0.036000 
0.036000 
0.036000 
0.036000 
0.039387 
0.047889 
0.059017 
0.070284 
0.079200 
0.086619 
0.094314 
0.101180 
0.106111 
0.108000 
0.108000 
0.108000 
0.108000 
0.108000 
0.108000 
0.108000 
0.108000 
0.108000 
0.108000 
0.108000 
0.100512 
0.082656 
0.061344 
0.043488 
0.036000 
0.036000 
0.036000 
0.036000 
0.036000 
0.036000 
0.036000 
0.036000 
0.036000 
0.036000 
0.036000 
0.036000 
0.036000 
0.036000 
0.036000 
0.036000 
0.036000 
0.036000 
0.036000 
0.036000 
0.036000 
0.036000 
0.036000 
0.036000 
0.036000 
0.036000 
0.036000 
0.036000 
0.036000 
0.036000 
0.036000 
0.036000 
0.036000 
0.036000 
0.036000 
0.036000 
0.036000 
0.036000 
0.036000 
0.036000 
0.036000 
0.040113 
0.050847 
0.065795 
0.082548 
0.098700 
0.118112 
0.142640 
0.166867 
0.185376 
0.192750 
0.192750 
0.192750 
0.192750 
0.192750 
0.192750 
0.192750 
0.192750 
0.192750 
0.192750 
0.192750 
0.194248 
0.197819 
0.202081 
0.205652 
0.207150 
0.196838 
0.172249 
0.142901 
0.118312 
0.108000 
0.108000 
0.108000 
0.108000 
0.108000 
0.108000 
0.108000 
0.108000 
0.108000 
0.108000 
0.108000 
0.104613 
0.096111 
0.084983 
0.073716 
0.064800 
0.057381 
0.049686 
0.042820 
0.037889 
0.036000 
0.036000 
0.036000 
0.036000 
0.036000 
0.036000 
0.036000 
0.036000 
0.036000 
0.036000 
0.036000 
0.036000 
0.036000 
0.036000 
0.036000 
0.036000 
0.036000 
0.036000 
0.036000 
0.036000 
0.036000 
0.036000 
0.036000 
0.036000 
0.036000 
0.036000 
0.036000 
0.036000 
0.036000 
0.036000 
0.036000 
0.036000 
0.036000 
0.036000 
0.036000 
0.036000 
0.043488 
0.061344 
0.082656 
0.100512 
0.108000 
0.108000 
0.108000 
0.108000 
0.108000 
0.108000 
0.120882 
0.151661 
0.188539 
0.219719 
0.233400 
0.234305 
0.235017 
0.235532 
0.235845 
0.235950 
0.231457 
0.220744 
0.207956 
0.197243 
0.192750 
0.192750 
0.192750 
0.192750 
0.192750 
0.192750 
0.188637 
0.177903 
0.162955 
0.146202 
0.130050 
0.110638 
0.086110 
0.061883 
0.043374 
0.036000 
0.036000 
0.036000 
0.036000 
0.036000 
0.036000 
0.036000 
0.036000 
0.036000 
0.036000 
0.036000 
0.036000 
0.036000 
0.036000 
0.036000 
0.036000 
0.036000 
0.036000 
0.036000 
0.036000 
0.036000 
0.036000 
0.036000 
0.036000 
0.036000 
0.036000 
0.036000 
0.036000 
0.036000 
0.036000 
0.036000 
0.036000 
0.036000 
0.036000 
0.036000 
0.036000 
0.036000 
0.036000 
0.036000 
0.036000 
0.036000 
0.036000 
0.036000 
0.036000 
0.036000 
0.036000 
0.036000 
0.036000 
0.036000 
0.036000 
0.036000 
0.211645 
0.640664 
1.176186 
1.671339 
1.979250 
2.139663 
2.283090 
2.398810 
2.476103 
2.504250 
2.504250 
2.504250 
2.504250 
2.504250 
2.504250 
2.504250 
2.504250 
2.504250 
2.504250 
2.504250 
2.336247 
1.925020 
1.409739 
0.929575 
0.623700 
0.455277 
0.302882 
0.178809 
0.095351 
0.064800 
0.069293 
0.080006 
0.092794 
0.103507 
0.108000 
0.108000 
0.108000 
0.108000 
0.108000 
0.108000 
0.108000 
0.108000 
0.108000 
0.108000 
0.108000 
0.342406 
0.901373 
1.568527 
2.127494 
2.361900 
2.360402 
2.356831 
2.352569 
2.348998 
2.347500 
2.373925 
2.440256 
2.527080 
2.614983 
2.684550 
2.742433 
2.802473 
2.856041 
2.894510 
2.909250 
2.668854 
2.095602 
1.411398 
0.838146 
0.597750 
0.599405 
0.603970 
0.610842 
0.619419 
0.629100 
0.641740 
0.659998 
0.684476 
0.715776 
0.754500 
0.822337 
0.935275 
1.085364 
1.264656 
1.465200 
1.802093 
2.303900 
2.832875 
3.251274 
3.421350 
3.390326 
3.314063 
3.217778 
3.126685 
3.066000 
3.030835 
2.999980 
2.974167 
2.954130 
2.940600 
2.932898 
2.928278 
2.924374 
2.918820 
2.909250 
2.668490 
2.112253 
1.452507 
0.901217 
0.670350 
0.672238 
0.676739 
0.682111 
0.686612 
0.688500 
0.662075 
0.595744 
0.508920 
0.421017 
0.351450 
0.293567 
0.233527 
0.179959 
0.141490 
0.126750 
0.182605 
0.316784 
0.479211 
0.619809 
0.688500 
0.702156 
0.711942 
0.719219 
0.725351 
0.731700 
0.739119 
0.746814 
0.753680 
0.758611 
0.760500 
0.760500 
0.760500 
0.760500 
0.760500 
0.760500 
0.760500 
0.760500 
0.760500 
0.760500 
0.760500 
0.780552 
0.836334 
0.921286 
1.028845 
1.152450 
1.428296 
1.898890 
2.417140 
2.835957 
3.008250 
3.008250 
3.008250 
3.008250 
3.008250 
3.008250 
3.011510 
3.019285 
3.028565 
3.036340 
3.039600 
3.022801 
2.975727 
2.903363 
2.810693 
2.702700 
2.437428 
1.969707 
1.449702 
1.027578 
0.853500 
0.853500 
0.853500 
0.853500 
0.853500 
0.853500 
0.791527 
0.641152 
0.455688 
0.288450 
0.192750 
0.152727 
0.118255 
0.091255 
0.073646 
0.067350 
0.068045 
0.069909 
0.072611 
0.075818 
0.079200 
0.082917 
0.087472 
0.093049 
0.099831 
0.108000 
0.123688 
0.148316 
0.175000 
0.196856 
0.207000 
0.208822 
0.210284 
0.211359 
0.212023 
0.212250 
0.204762 
0.186906 
0.165594 
0.147738 
0.140250 
0.140250 
0.140250 
0.140250 
0.140250 
0.140250 
0.136475 
0.127472 
0.116728 
0.107725 
0.103950 
0.338512 
0.897851 
1.565449 
2.124788 
2.359350 
2.358664 
2.357027 
2.355073 
2.353436 
2.352750 
2.372051 
2.425275 
2.505404 
2.605418 
2.718300 
2.945233 
3.317217 
3.721954 
4.047147 
4.180500 
3.940104 
3.366852 
2.682648 
2.109396 
1.869000 
1.877018 
1.896139 
1.918961 
1.938082 
1.946100 
1.771786 
1.356113 
0.859987 
0.444314 
0.270000 
0.270000 
0.270000 
0.270000 
0.270000 
0.270000 
0.270000 
0.270000 
0.270000 
0.270000 
0.270000 
0.267710 
0.261403 
0.251921 
0.240106 
0.226800 
0.200359 
0.157221 
0.110354 
0.072725 
0.057300 
0.231610 
0.655525 
1.180520 
1.658070 
1.939650 
2.067882 
2.179756 
2.268299 
2.326538 
2.347500 
2.107104 
1.533852 
0.849648 
0.276396 
0.036000 
0.036000 
0.036000 
0.036000 
0.036000 
0.036000 
0.036000 
0.036000 
0.036000 
0.036000 
0.036000 
0.036000 
0.036000 
0.036000 
0.036000 
0.036000 
0.276185 
0.849015 
1.532903 
2.106260 
2.347500 
2.348687 
2.349611 
2.350271 
2.350668 
2.350800 
2.182452 
1.771986 
1.261269 
0.792168 
0.506550 
0.365169 
0.240019 
0.139825 
0.073310 
0.049200 
0.052172 
0.060163 
0.071783 
0.085642 
0.100350 
0.123151 
0.156332 
0.191072 
0.218552 
0.229950 
0.230262 
0.230429 
0.230545 
0.230703 
0.231000 
0.232151 
0.234697 
0.238468 
0.243292 
0.249000 
0.263195 
0.288234 
0.316076 
0.338679 
0.348000 
0.337766 
0.313363 
0.284237 
0.259834 
0.249600 
0.322124 
0.495067 
0.701483 
0.874426 
0.946950 
0.912255 
0.824618 
0.708713 
0.589216 
0.490800 
0.403070 
0.309055 
0.223564 
0.161409 
0.137400 
0.140863 
0.149122 
0.158978 
0.167237 
0.170700 
0.169249 
0.165790 
0.161660 
0.158201 
0.156750 
0.157175 
0.158416 
0.160418 
0.163131 
0.166500 
0.185812 
0.226543 
0.273923 
0.313182 
0.329550 
0.320981 
0.299499 
0.271441 
0.243146 
0.220950 
0.203370 
0.185847 
0.170109 
0.157884 
0.150900 
0.147337 
0.144318 
0.141986 
0.140483 
0.139950 
0.143257 
0.151144 
0.160556 
0.168443 
0.171750 
0.171247 
0.169844 
0.167703 
0.164985 
0.161850 
0.154690 
0.142374 
0.128778 
0.117778 
0.113250 
0.122688 
0.145194 
0.172056 
0.194562 
0.204000 
0.200946 
0.193519 
0.184318 
0.175945 
0.171000 
0.168738 
0.166763 
0.165200 
0.164171 
0.163800 
0.169790 
0.184075 
0.201125 
0.215410 
0.221400 
0.220838 
0.219499 
0.217901 
0.216562 
0.216000 
0.216000 
0.216000 
0.216000 
0.216000 
0.216000 
0.213270 
0.206760 
0.198990 
0.192480 
0.189750 
0.199648 
0.223597 
0.252977 
0.279167 
0.293550 
0.298822 
0.303288 
0.306738 
0.308962 
0.309750 
0.297582 
0.268566 
0.233934 
0.204918 
0.192750 
0.192750 
0.192750 
0.192750 
0.192750 
0.192750 
0.181314 
0.153425 
0.118714 
0.086812 
0.067350 
0.057669 
0.049092 
0.042220 
0.037655 
0.036000 
0.036000 
0.036000 
0.036000 
0.036000 
0.036000 
0.036000 
0.036000 
0.036000 
0.036000 
0.036000 
0.036000 
0.036000 
0.036000 
0.036000 
0.036000 
0.036000 
0.036000 
0.036000 
0.036000 
0.036000 
0.036000 
0.036000 
0.036000 
0.036000 
0.036000 
0.036000 
0.036000 
0.036000 
0.036000 
0.036000 
0.039387 
0.047889 
0.059017 
0.070284 
0.079200 
0.086619 
0.094314 
0.101180 
0.106111 
0.108000 
0.108000 
0.108000 
0.108000 
0.108000 
0.108000 
0.108000 
0.108000 
0.108000 
0.108000 
0.108000 
0.112289 
0.123004 
0.136914 
0.150790 
0.161400 
0.169067 
0.176173 
0.182581 
0.188152 
0.192750 
