0.033750 
0.033750 
0.033750 
0.033750 
0.033750 
0.033750 
0.033750 
0.033750 
0.033750 
0.033750 
0.033750 
0.033750 
0.033750 
0.033750 
0.033750 
0.033750 
0.033750 
0.033750 
0.033750 
0.033750 
0.033750 
0.033750 
0.033750 
0.033750 
0.033750 
0.033750 
0.033750 
0.033750 
0.033750 
0.033750 
0.033750 
0.033750 
0.033750 
0.033750 
0.033750 
0.033750 
0.033750 
0.033750 
0.033750 
0.033750 
0.033750 
0.033750 
0.033750 
0.033750 
0.033750 
0.033750 
0.033750 
0.033750 
0.033750 
0.033750 
0.033750 
0.033750 
0.033750 
0.033750 
0.033750 
0.033750 
0.033750 
0.033750 
0.033750 
0.033750 
0.033750 
0.033750 
0.033750 
0.033750 
0.033750 
0.033750 
0.033750 
0.033750 
0.033750 
0.033750 
0.033750 
0.033750 
0.033750 
0.033750 
0.033750 
0.033750 
0.033750 
0.033750 
0.033750 
0.033750 
0.033750 
0.033750 
0.033750 
0.033750 
0.033750 
0.033750 
0.033750 
0.033750 
0.033750 
0.033750 
0.033750 
0.033750 
0.033750 
0.033750 
0.033750 
0.033750 
0.033750 
0.033750 
0.033750 
0.033750 
0.033750 
0.033750 
0.033750 
0.033750 
0.033750 
0.033750 
0.033750 
0.033750 
0.033750 
0.033750 
0.033750 
0.033750 
0.033750 
0.033750 
0.033750 
0.033750 
0.033750 
0.033750 
0.033750 
0.033750 
0.033750 
0.033750 
0.033750 
0.033750 
0.033750 
0.033750 
0.033750 
0.033750 
0.033750 
0.033750 
0.033750 
0.033750 
0.033750 
0.033750 
0.033750 
0.033750 
0.033750 
0.033750 
0.033750 
0.033750 
0.033750 
0.033750 
0.033750 
0.033750 
0.033750 
0.033750 
0.033750 
0.033750 
0.033750 
0.033750 
0.033750 
0.033750 
0.033750 
0.033750 
0.033750 
0.033750 
0.033750 
0.033750 
0.033750 
0.033750 
0.033750 
0.033750 
0.033750 
0.033750 
0.033750 
0.033750 
0.033750 
0.033750 
0.033750 
0.033750 
0.033750 
0.033750 
0.033750 
0.033750 
0.033750 
0.033750 
0.033750 
0.033750 
0.033750 
0.033750 
0.033750 
0.033750 
0.033750 
0.033750 
0.033750 
0.033750 
0.033750 
0.033750 
0.033750 
0.033750 
0.033750 
0.033750 
0.033750 
0.033750 
0.033750 
0.033750 
0.033750 
0.033750 
0.033750 
0.033750 
0.033750 
0.033750 
0.033750 
0.033750 
0.033750 
0.033750 
0.033750 
0.033750 
0.033750 
0.033750 
0.033750 
0.033750 
0.033750 
0.033750 
0.033750 
0.033750 
0.033750 
0.033750 
0.033750 
0.033750 
0.033750 
0.033750 
0.033750 
0.033750 
0.033750 
0.033750 
0.033750 
0.033750 
0.033750 
0.033750 
0.033750 
0.033750 
0.033750 
0.033750 
0.033750 
0.033750 
0.033750 
0.033750 
0.033750 
0.033750 
0.033750 
0.033750 
0.033750 
0.033750 
0.033750 
0.033750 
0.033750 
0.033750 
0.033750 
0.033750 
0.033750 
0.033750 
0.033750 
0.033750 
0.033750 
0.033750 
0.033750 
0.033750 
0.033750 
0.033750 
0.033750 
0.033750 
0.033750 
0.033750 
0.033750 
0.033750 
0.033750 
0.033750 
0.033750 
0.033750 
0.033750 
0.033750 
0.033750 
0.033750 
0.033750 
0.033750 
0.033750 
0.033750 
0.033750 
0.033750 
0.033750 
0.033750 
0.033750 
0.033750 
0.033750 
0.033750 
0.033750 
0.033750 
0.033750 
0.033750 
0.033750 
0.033750 
0.033750 
0.033750 
0.033750 
0.033750 
0.033750 
0.033750 
0.033750 
0.033750 
0.033750 
0.033750 
0.033750 
0.033750 
0.033750 
0.033750 
0.033750 
0.033750 
0.033750 
0.033750 
0.033750 
0.033750 
0.033750 
0.033750 
0.033750 
0.033750 
0.033750 
0.033750 
0.033750 
0.033750 
0.033750 
0.033750 
0.033750 
0.033750 
0.033750 
0.033750 
0.033750 
0.033750 
0.033750 
0.033750 
0.033750 
0.033750 
0.033750 
0.033750 
0.033750 
0.033750 
0.033750 
0.033750 
0.033750 
0.033750 
0.033750 
0.033750 
0.033750 
0.033750 
0.033750 
0.033750 
0.033750 
0.033750 
0.033750 
0.033750 
0.033750 
0.033750 
0.033750 
0.033750 
0.033750 
0.033750 
0.033750 
0.033750 
0.033750 
0.033750 
0.114199 
0.306040 
0.535010 
0.726851 
0.807300 
0.729659 
0.544514 
0.323536 
0.138391 
0.060750 
0.062622 
0.067086 
0.072414 
0.076878 
0.078750 
0.078750 
0.078750 
0.078750 
0.078750 
0.078750 
0.105615 
0.179696 
0.291225 
0.430433 
0.587550 
0.902271 
1.417742 
1.979373 
2.432572 
2.622750 
2.628498 
2.632151 
2.634729 
2.637255 
2.640750 
2.646323 
2.653364 
2.660320 
2.665633 
2.667750 
2.640839 
2.566665 
2.455066 
2.315882 
2.158950 
1.845145 
1.331877 
0.773792 
0.325535 
0.141750 
0.144558 
0.151254 
0.159246 
0.165942 
0.168750 
0.168750 
0.168750 
0.168750 
0.168750 
0.168750 
0.170714 
0.175721 
0.182446 
0.189565 
0.195750 
0.201811 
0.208631 
0.215001 
0.219711 
0.221550 
0.221300 
0.220705 
0.219995 
0.219400 
0.219150 
0.243214 
0.310038 
0.411570 
0.539758 
0.686550 
1.006427 
1.547579 
2.142511 
2.623732 
2.823750 
2.826980 
2.829499 
2.831303 
2.832388 
2.832750 
2.829961 
2.821984 
2.809401 
2.792795 
2.772750 
2.703533 
2.569673 
2.417142 
2.291910 
2.239950 
2.466571 
3.006976 
3.651974 
4.192379 
4.419000 
3.976974 
2.922912 
1.664838 
0.610776 
0.168750 
0.168750 
0.168750 
0.168750 
0.168750 
0.168750 
0.165942 
0.159246 
0.151254 
0.144558 
0.141750 
0.581904 
1.631502 
2.884248 
3.933846 
4.374000 
3.931974 
2.877912 
1.619838 
0.565776 
0.123750 
0.123750 
0.123750 
0.123750 
0.123750 
0.123750 
0.123750 
0.123750 
0.123750 
0.123750 
0.123750 
0.123750 
0.123750 
0.123750 
0.123750 
0.123750 
0.150615 
0.224696 
0.336225 
0.475433 
0.632550 
0.948413 
1.466168 
2.029511 
2.482140 
2.667750 
2.667750 
2.667750 
2.667750 
2.667750 
2.667750 
2.393814 
1.740582 
0.960918 
0.307686 
0.033750 
0.033750 
0.033750 
0.033750 
0.033750 
0.033750 
0.033750 
0.033750 
0.033750 
0.033750 
0.033750 
0.033750 
0.033750 
0.033750 
0.033750 
0.033750 
0.033750 
0.033750 
0.033750 
0.033750 
0.033750 
0.033750 
0.033750 
0.033750 
0.033750 
0.033750 
0.033750 
0.033750 
0.033750 
0.033750 
0.033750 
0.033750 
0.033750 
0.033750 
0.033750 
0.033750 
0.298326 
0.929238 
1.682262 
2.313174 
2.577750 
2.550885 
2.476804 
2.365275 
2.226067 
2.068950 
1.753087 
1.235332 
0.671989 
0.219360 
0.033750 
0.256284 
0.786942 
1.420308 
1.950966 
2.173500 
2.128572 
2.021436 
1.893564 
1.786428 
1.741500 
1.741500 
1.741500 
1.741500 
1.741500 
1.741500 
1.751172 
1.774236 
1.801764 
1.824828 
1.834500 
1.710614 
1.408506 
1.032501 
0.686924 
0.476100 
0.371232 
0.278317 
0.203877 
0.154431 
0.136500 
0.322110 
0.774739 
1.338082 
1.855837 
2.171700 
2.328817 
2.468025 
2.579554 
2.653635 
2.680500 
2.680500 
2.680500 
2.680500 
2.680500 
2.680500 
2.680500 
2.680500 
2.680500 
2.680500 
2.680500 
2.494890 
2.042261 
1.478918 
0.961163 
0.645300 
0.488674 
0.350450 
0.239658 
0.165331 
0.136500 
0.133822 
0.131841 
0.130420 
0.129419 
0.128700 
0.128098 
0.127564 
0.127137 
0.126853 
0.126750 
0.126750 
0.126750 
0.126750 
0.126750 
0.126750 
0.126750 
0.126750 
0.126750 
0.126750 
0.126750 
0.126750 
0.126750 
0.126750 
0.126750 
0.126750 
0.126750 
0.126750 
0.126750 
0.126750 
0.126750 
0.126750 
0.126750 
0.126750 
0.126750 
0.126750 
0.126906 
0.127375 
0.128156 
0.129248 
0.130650 
0.396831 
1.029319 
1.783700 
2.415565 
2.680500 
2.680500 
2.680500 
2.680500 
2.680500 
2.680500 
2.680500 
2.680500 
2.680500 
2.680500 
2.680500 
2.680500 
2.680500 
2.680500 
2.680500 
2.680500 
2.680500 
2.680500 
2.680500 
2.680500 
2.680500 
2.680500 
2.680500 
2.680500 
2.680500 
2.680500 
2.680500 
2.680500 
2.680500 
2.680500 
2.680500 
2.680500 
2.680500 
2.680500 
2.680500 
2.680500 
2.415924 
1.785012 
1.031988 
0.401076 
0.136500 
0.136776 
0.137495 
0.138496 
0.139618 
0.140700 
0.142000 
0.143643 
0.145266 
0.146506 
0.147000 
0.146744 
0.146076 
0.145147 
0.144105 
0.143100 
0.141893 
0.140367 
0.138860 
0.137709 
0.137250 
0.137250 
0.137250 
0.137250 
0.137250 
0.137250 
0.137250 
0.137250 
0.137250 
0.137250 
0.137250 
0.141166 
0.150996 
0.163863 
0.176890 
0.187200 
0.195778 
0.204676 
0.212615 
0.218316 
0.220500 
0.220500 
0.220500 
0.220500 
0.220500 
0.220500 
0.220500 
0.220500 
0.220500 
0.220500 
0.220500 
0.247860 
0.314580 
0.397620 
0.473940 
0.520500 
0.543660 
0.564180 
0.580620 
0.591540 
0.595500 
0.595500 
0.595500 
0.595500 
0.595500 
0.595500 
0.595500 
0.595500 
0.595500 
0.595500 
0.595500 
0.595500 
0.595500 
0.595500 
0.595500 
0.595500 
0.594734 
0.592866 
0.590541 
0.588404 
0.587100 
0.586452 
0.585877 
0.585417 
0.585111 
0.585000 
0.585000 
0.585000 
0.585000 
0.585000 
0.585000 
0.585000 
0.585000 
0.585000 
0.585000 
0.585000 
0.586164 
0.589087 
0.592912 
0.596785 
0.599850 
0.601775 
0.603169 
0.604591 
0.606598 
0.609750 
0.692702 
0.884855 
1.112887 
1.303476 
1.383300 
1.305060 
1.116893 
0.888631 
0.690107 
0.591150 
0.567245 
0.547689 
0.533036 
0.523839 
0.520650 
0.521258 
0.522709 
0.524441 
0.525892 
0.526500 
0.526500 
0.526500 
0.526500 
0.526500 
0.526500 
0.526500 
0.526500 
0.526500 
0.526500 
0.526500 
0.526500 
0.526500 
0.526500 
0.526500 
0.526500 
0.526500 
0.526500 
0.526500 
0.526500 
0.526500 
0.529817 
0.538299 
0.549742 
0.561943 
0.572700 
0.583519 
0.595869 
0.607490 
0.616121 
0.619500 
0.619500 
0.619500 
0.619500 
0.619500 
0.619500 
0.619500 
0.619500 
0.619500 
0.619500 
0.619500 
0.739746 
1.041293 
1.435357 
1.833154 
2.145900 
2.403156 
2.668633 
2.904767 
3.073994 
3.138750 
3.138557 
3.138015 
3.137180 
3.136107 
3.134850 
3.133083 
3.130244 
3.126039 
3.120172 
3.112350 
2.915879 
2.454895 
1.895347 
1.403182 
1.144350 
1.075258 
1.031532 
0.997947 
0.959278 
0.900300 
0.773520 
0.578068 
0.368651 
0.199976 
0.126750 
0.121118 
0.117829 
0.115495 
0.112731 
0.108150 
0.096603 
0.077676 
0.057082 
0.040535 
0.033750 
0.034955 
0.038157 
0.042737 
0.048074 
0.053550 
0.058741 
0.064355 
0.071468 
0.081157 
0.094500 
0.182079 
0.368466 
0.585718 
0.765893 
0.841050 
0.759665 
0.565592 
0.333958 
0.139885 
0.058500 
0.058500 
0.058500 
0.058500 
0.058500 
0.058500 
0.058500 
0.058500 
0.058500 
0.058500 
0.058500 
0.060684 
0.066385 
0.074324 
0.083222 
0.091800 
0.102110 
0.115137 
0.128004 
0.137834 
0.141750 
0.141750 
0.141750 
0.141750 
0.141750 
0.141750 
0.141750 
0.141750 
0.141750 
0.141750 
0.141750 
0.141750 
0.141750 
0.141750 
0.141750 
0.141750 
0.141750 
0.141750 
0.141750 
0.141750 
0.141750 
0.222199 
0.414040 
0.643010 
0.834851 
0.915300 
0.831995 
0.632446 
0.392199 
0.186801 
0.091800 
0.079300 
0.070314 
0.063753 
0.058529 
0.053550 
0.048151 
0.042823 
0.038215 
0.034974 
0.033750 
0.036246 
0.042198 
0.049302 
0.055254 
0.057750 
0.055909 
0.051520 
0.046280 
0.041891 
0.040050 
0.048224 
0.067717 
0.090983 
0.110476 
0.118650 
0.117608 
0.114781 
0.110615 
0.105556 
0.100050 
0.090676 
0.076391 
0.061213 
0.049160 
0.044250 
0.044250 
0.044250 
0.044250 
0.044250 
0.044250 
0.044250 
0.044250 
0.044250 
0.044250 
0.044250 
0.044250 
0.044250 
0.044250 
0.044250 
0.044250 
0.044250 
0.044250 
0.044250 
0.044250 
0.044250 
0.044250 
0.044250 
0.044250 
0.044250 
0.044250 
0.044250 
0.044250 
0.044250 
0.044250 
0.044250 
0.044899 
0.046594 
0.048954 
0.051600 
0.054150 
0.057215 
0.061088 
0.064913 
0.067836 
0.069000 
0.069000 
0.069000 
0.069000 
0.069000 
0.069000 
0.074070 
0.088650 
0.111795 
0.142560 
0.180000 
0.310634 
0.568971 
0.876051 
1.152914 
1.320600 
1.403866 
1.476981 
1.535253 
1.573989 
1.588500 
1.589144 
1.589517 
1.589777 
1.590085 
1.590600 
1.591369 
1.592436 
1.593958 
1.596094 
1.599000 
1.777732 
2.199103 
2.700909 
3.120943 
3.297000 
3.260920 
3.166489 
3.034417 
2.885417 
2.740200 
2.561349 
2.332146 
2.104348 
1.929713 
1.860000 
1.860608 
1.862059 
1.863791 
1.865242 
1.865850 
1.689664 
1.269527 
0.768073 
0.347936 
0.171750 
0.171750 
0.171750 
0.171750 
0.171750 
0.171750 
0.171750 
0.171750 
0.171750 
0.171750 
0.171750 
0.169944 
0.165541 
0.160060 
0.155023 
0.151950 
0.150421 
0.149067 
0.147982 
0.147261 
0.147000 
0.147000 
0.147000 
0.147000 
0.147000 
0.147000 
0.147000 
0.147000 
0.147000 
0.147000 
0.147000 
0.147000 
0.147000 
0.147000 
0.147000 
0.147000 
0.140994 
0.126672 
0.109578 
0.095256 
0.089250 
0.212935 
0.523030 
0.928093 
1.336680 
1.657350 
1.892724 
2.108532 
2.307992 
2.494325 
2.670750 
2.859287 
3.059351 
3.240252 
3.371298 
3.421800 
3.363519 
3.213194 
3.007605 
2.783531 
2.577750 
2.354138 
2.087545 
1.831206 
1.638362 
1.562250 
1.668954 
1.923402 
2.227098 
2.481546 
2.588250 
2.588250 
2.588250 
2.588250 
2.588250 
2.588250 
2.588453 
2.589058 
2.590056 
2.591440 
2.593200 
2.624039 
2.694763 
2.778523 
2.848468 
2.877750 
2.595858 
1.923654 
1.121346 
0.449142 
0.167250 
0.173490 
0.188370 
0.206130 
0.221010 
0.227250 
0.227250 
0.227250 
0.227250 
0.227250 
0.227250 
0.227250 
0.227250 
0.227250 
0.227250 
0.227250 
0.227692 
0.228937 
0.230860 
0.233339 
0.236250 
0.243841 
0.257480 
0.272723 
0.285128 
0.290250 
0.285633 
0.274335 
0.260186 
0.247015 
0.238650 
0.234438 
0.231028 
0.228210 
0.225771 
0.223500 
0.221503 
0.219858 
0.218312 
0.216611 
0.214500 
0.211092 
0.206436 
0.201684 
0.197988 
0.196500 
0.197549 
0.200476 
0.204948 
0.210633 
0.217200 
0.229869 
0.251059 
0.276235 
0.300860 
0.320400 
0.333386 
0.343254 
0.352824 
0.364916 
0.382350 
0.418513 
0.479547 
0.557405 
0.644038 
0.731400 
0.815783 
0.904253 
1.004921 
1.125900 
1.275300 
1.565322 
2.016397 
2.498981 
2.883530 
3.040500 
3.033674 
3.017382 
2.997903 
2.981516 
2.974500 
2.974324 
2.974233 
2.974170 
2.974078 
2.973900 
2.948099 
2.877237 
2.770405 
2.636695 
2.485200 
2.174702 
1.661848 
1.102523 
0.652612 
0.468000 
0.476751 
0.499742 
0.532083 
0.568882 
0.605250 
0.646715 
0.697520 
0.750842 
0.799860 
0.837750 
0.868528 
0.898460 
0.924103 
0.942014 
0.948750 
0.916926 
0.841038 
0.750462 
0.674574 
0.642750 
0.755127 
1.037403 
1.407295 
1.782522 
2.080800 
2.325297 
2.574426 
2.798777 
2.968939 
3.055500 
3.087330 
3.112881 
3.132118 
3.145003 
3.151500 
3.154543 
3.157038 
3.158912 
3.160091 
3.160500 
3.037450 
2.728853 
2.325542 
1.918347 
1.598100 
1.334512 
1.062428 
0.820377 
0.646891 
0.580500 
0.580500 
0.580500 
0.580500 
0.580500 
0.580500 
0.580282 
0.579761 
0.579139 
0.578618 
0.578400 
0.581270 
0.588115 
0.596285 
0.603130 
0.606000 
0.604752 
0.601776 
0.598224 
0.595248 
0.594000 
0.610036 
0.651247 
0.707284 
0.767801 
0.822450 
0.879938 
0.947226 
1.011344 
1.059325 
1.078200 
1.025799 
0.900171 
0.748678 
0.618684 
0.557550 
0.548277 
0.541680 
0.536838 
0.532834 
0.528750 
0.524894 
0.521778 
0.518791 
0.515319 
0.510750 
0.503249 
0.492593 
0.480588 
0.469038 
0.459750 
0.451794 
0.443750 
0.436683 
0.431661 
0.429750 
0.496397 
0.670396 
0.912832 
1.184788 
1.447350 
1.763347 
2.162944 
2.558233 
2.861305 
2.984250 
2.987477 
2.989995 
2.991800 
2.992887 
2.993250 
2.987682 
2.972466 
2.949834 
2.922018 
2.891250 
