0.000000 
0.000000 
0.000000 
0.000000 
0.000000 
0.000000 
0.000000 
0.000000 
0.000000 
0.000000 
0.000000 
0.000000 
0.000000 
0.000000 
0.000000 
0.000000 
0.000000 
0.000000 
0.000000 
0.000000 
0.000000 
0.000000 
0.000000 
0.000000 
0.000000 
0.000000 
0.000000 
0.000000 
0.000000 
0.000000 
0.000000 
0.000000 
0.000000 
0.000000 
0.000000 
0.000000 
0.000000 
0.000000 
0.000000 
0.000000 
0.000000 
0.000000 
0.000000 
0.000000 
0.000000 
0.000000 
0.000000 
0.000000 
0.000000 
0.000000 
0.000000 
0.000000 
0.000000 
0.000000 
0.000000 
0.000000 
0.000000 
0.000000 
0.000000 
0.000000 
0.000000 
0.000000 
0.000000 
0.000000 
0.000000 
0.000000 
0.000000 
0.000000 
0.000000 
0.000000 
0.000000 
0.000000 
0.000000 
0.000000 
0.000000 
0.000000 
0.000000 
0.000000 
0.000000 
0.000000 
0.000000 
0.000000 
0.000000 
0.000000 
0.000000 
0.000000 
0.000000 
0.000000 
0.000000 
0.000000 
0.000000 
0.000000 
0.000000 
0.000000 
0.000000 
0.000000 
0.000000 
0.000000 
0.000000 
0.000000 
0.000000 
0.000000 
0.000000 
0.000000 
0.000000 
0.000000 
0.000000 
0.000000 
0.000000 
0.000000 
0.000000 
0.000000 
0.000000 
0.000000 
0.000000 
0.000000 
0.000000 
0.000000 
0.000000 
0.000000 
0.000000 
0.000000 
0.000000 
0.000000 
0.000000 
0.000000 
0.000000 
0.000000 
0.000000 
0.000000 
0.000000 
0.000000 
0.000000 
0.000000 
0.000000 
0.000000 
0.000000 
0.000000 
0.000000 
0.000000 
0.000000 
0.000000 
0.000000 
0.000000 
0.000000 
0.000000 
0.000000 
0.000000 
0.000000 
0.000000 
0.000000 
0.000000 
0.000000 
0.000000 
0.000000 
0.000000 
0.000000 
0.000000 
0.000000 
0.000000 
0.000000 
0.000000 
0.000000 
0.000000 
0.000000 
0.000000 
0.000000 
0.000000 
0.000000 
0.000000 
0.000000 
0.000000 
0.000000 
0.000000 
0.000000 
0.000000 
0.000000 
0.000000 
0.000000 
0.000000 
0.000000 
0.000000 
0.000000 
0.000000 
0.000000 
0.000000 
0.000000 
0.000000 
0.000000 
0.000000 
0.000000 
0.000000 
0.000000 
0.000000 
0.000000 
0.000000 
0.000000 
0.000000 
0.000000 
0.000000 
0.000000 
0.000000 
0.000000 
0.000000 
0.000000 
0.000000 
0.000000 
0.000000 
0.000000 
0.000000 
0.000000 
0.000000 
0.000000 
0.000000 
0.000000 
0.000000 
0.000000 
0.000000 
0.000000 
0.000000 
0.000000 
0.000000 
0.000000 
0.000000 
0.000000 
0.000037 
0.000125 
0.000306 
0.000431 
0.000516 
0.000705 
0.001174 
0.001431 
0.001769 
0.002248 
0.003000 
0.003455 
0.004781 
0.005430 
0.006808 
0.007711 
0.007663 
0.010882 
0.010403 
0.014758 
0.016957 
0.019554 
0.018986 
0.019726 
0.020080 
0.019722 
0.018194 
0.021545 
0.018373 
0.018297 
0.016773 
0.015946 
0.020902 
0.019236 
0.019331 
0.016486 
0.017208 
0.020846 
0.019484 
0.019540 
0.023867 
0.019911 
0.024829 
0.024426 
0.028837 
0.028958 
0.028167 
0.032330 
0.036738 
0.046123 
0.030921 
0.033377 
0.044145 
0.038548 
0.032094 
0.043936 
0.054763 
0.044430 
0.037795 
0.045404 
0.043408 
0.042439 
0.055586 
0.042635 
0.054014 
0.048476 
0.055660 
0.046196 
0.056394 
0.057536 
0.052543 
0.049719 
0.060955 
0.054788 
0.066462 
0.075908 
0.062441 
0.051150 
0.057210 
0.044140 
0.071402 
0.071422 
0.064606 
0.070865 
0.066860 
0.066893 
0.070612 
0.074507 
0.072711 
0.073649 
0.073510 
0.073983 
0.072706 
0.081546 
0.089478 
0.112630 
0.084212 
0.099374 
0.097107 
0.104096 
0.109577 
0.103814 
0.101957 
0.134438 
0.141498 
0.102493 
0.148985 
0.184173 
0.187502 
0.201959 
0.188479 
0.189968 
0.208366 
0.180049 
0.208852 
0.206619 
0.216375 
0.173461 
0.189767 
0.172783 
0.166910 
0.147993 
0.216907 
0.176369 
0.194384 
0.233974 
0.252097 
0.215730 
0.210555 
0.252487 
0.257147 
0.220037 
0.224505 
0.262085 
0.211126 
0.291798 
0.321089 
0.295976 
0.343639 
0.364574 
0.418074 
0.463965 
0.419338 
0.469400 
0.402299 
0.467875 
0.584325 
0.548150 
0.651362 
0.658924 
0.629217 
0.624599 
0.520859 
0.560424 
0.577950 
0.519468 
0.566169 
0.516372 
0.439287 
0.517926 
0.469765 
0.566987 
0.515368 
0.508833 
0.451494 
0.589138 
0.504929 
0.441355 
0.416200 
0.359469 
0.375140 
0.459901 
0.388845 
0.362296 
0.486790 
0.544870 
0.632524 
0.544359 
0.591528 
0.613466 
0.702909 
0.576766 
0.564234 
0.681626 
0.750449 
0.487869 
0.576718 
0.424401 
0.432419 
0.497248 
0.481854 
0.552961 
0.546926 
0.603411 
0.722221 
0.717656 
0.804908 
0.739033 
0.753561 
0.683991 
0.764748 
0.707676 
0.621382 
0.884077 
0.754732 
0.590692 
0.952195 
0.795627 
0.878373 
0.884076 
0.925740 
1.108555 
0.949276 
0.858330 
0.864653 
0.870432 
1.061280 
1.034977 
1.100916 
1.029091 
0.915353 
1.158116 
1.111234 
1.253296 
1.052337 
1.067339 
1.400590 
1.152178 
1.093184 
1.074043 
1.157086 
1.082479 
1.175184 
1.171530 
1.188756 
1.450045 
1.284283 
1.078923 
1.041444 
0.908972 
0.861000 
0.688213 
0.600795 
0.423719 
0.427766 
0.434365 
0.584379 
0.751168 
0.953358 
0.983015 
0.958982 
1.091011 
1.150122 
1.007775 
1.086072 
1.126119 
1.170579 
1.044555 
1.071064 
0.893079 
1.115124 
1.290474 
0.977769 
0.942662 
0.997005 
0.994331 
1.147749 
1.186456 
1.223782 
1.162800 
1.279364 
1.149855 
1.036907 
1.157824 
1.013039 
1.151684 
1.095315 
1.047397 
0.995059 
1.029758 
0.937899 
1.175467 
1.159814 
1.053124 
1.101432 
1.092586 
1.111245 
1.011579 
0.713324 
0.671076 
0.550615 
0.369602 
0.322627 
0.249341 
0.227293 
0.280544 
0.457907 
0.539001 
0.643407 
0.738892 
0.856677 
1.287070 
1.142509 
1.524561 
1.041462 
1.388848 
1.422043 
1.248987 
1.343988 
1.376855 
1.714181 
1.231449 
1.608474 
1.209125 
1.181352 
1.514802 
1.468449 
1.527740 
1.237479 
1.323447 
1.361020 
1.283329 
1.342964 
1.370581 
1.353876 
1.279781 
1.678133 
1.583180 
1.260124 
1.564542 
1.388458 
1.433529 
1.739006 
1.784333 
1.505235 
1.402764 
1.292174 
1.644331 
1.200469 
1.293429 
1.221934 
1.458861 
1.770267 
1.261628 
1.572105 
1.628205 
1.729341 
1.742940 
1.364997 
1.660846 
1.726910 
1.727845 
1.530792 
1.507307 
1.671341 
1.563035 
1.504728 
1.851525 
1.658205 
1.611542 
1.441785 
1.583238 
1.554909 
1.553754 
1.511205 
1.244536 
1.342872 
1.654041 
1.866033 
2.054230 
1.913190 
1.447895 
1.090810 
1.103763 
0.972640 
0.789157 
0.890835 
1.043800 
1.212585 
1.345924 
1.534256 
1.451001 
1.590367 
1.526811 
1.939835 
1.902034 
2.027836 
1.676236 
1.291185 
1.132145 
1.381037 
1.460281 
1.464220 
1.023832 
1.043521 
0.902956 
0.874690 
0.908577 
0.731187 
0.799647 
0.905811 
1.127697 
1.503454 
1.891603 
1.833740 
1.843477 
1.755733 
1.520448 
1.848647 
1.649775 
1.623517 
1.442612 
1.277983 
1.209901 
1.132577 
1.170193 
1.433145 
1.466792 
1.920056 
1.993008 
1.858453 
1.634933 
1.620307 
1.959521 
1.506581 
1.610258 
1.643572 
1.584340 
1.487213 
1.817846 
1.767418 
1.959607 
1.686583 
1.779649 
2.076254 
1.949284 
1.567102 
1.626058 
1.627588 
1.354376 
1.318491 
0.858794 
0.736963 
0.475519 
0.360515 
0.339397 
0.366107 
0.353010 
0.365510 
0.365649 
0.443042 
0.744809 
1.060212 
1.128759 
1.572365 
1.894452 
1.596377 
1.717759 
1.688352 
1.501343 
1.871397 
1.659866 
1.851523 
2.136377 
1.692928 
1.937424 
1.938810 
1.867680 
1.925469 
1.803254 
2.249493 
1.806651 
1.795147 
2.067235 
2.163600 
1.954536 
1.893589 
1.783199 
1.296648 
1.861828 
1.533782 
1.261429 
0.813863 
0.565286 
0.481309 
0.493303 
0.572845 
0.627040 
0.699392 
0.756776 
0.858247 
1.003345 
0.948414 
1.046539 
1.189660 
1.078674 
1.081510 
0.836197 
0.683893 
0.554937 
0.928049 
0.707728 
0.934882 
1.048765 
1.414718 
1.402419 
1.286541 
1.332810 
1.349090 
1.488483 
1.585618 
1.374438 
1.027931 
1.012470 
0.719438 
0.686836 
0.852887 
0.777021 
0.580425 
0.891475 
0.757995 
0.770445 
0.730615 
0.801862 
0.623105 
0.807207 
0.692049 
0.766443 
0.701597 
0.833889 
1.041066 
1.015518 
1.137619 
1.021968 
1.001077 
1.265613 
1.399847 
1.496811 
2.110582 
1.601044 
1.787028 
1.830452 
2.083794 
1.659358 
1.884201 
1.306710 
1.026195 
0.974162 
0.773237 
0.709952 
0.660665 
0.619920 
0.458741 
0.617768 
0.566682 
0.489718 
0.730459 
0.836627 
0.874578 
1.082553 
1.448551 
1.741469 
1.623941 
1.836575 
2.133084 
1.801675 
1.952084 
2.101318 
1.791623 
1.979997 
1.510632 
2.168098 
1.854221 
1.358886 
1.437011 
1.852550 
1.860987 
2.091480 
1.713793 
1.493341 
1.572411 
1.919345 
1.620623 
1.829910 
1.492045 
1.971855 
1.738356 
1.738075 
1.813244 
2.064254 
2.119237 
2.087394 
2.034597 
2.076039 
2.010408 
2.031629 
1.434712 
1.994769 
1.609016 
1.722922 
1.892108 
1.478247 
1.545043 
1.326305 
1.349735 
1.371054 
1.517944 
1.600892 
1.753179 
1.806844 
1.812301 
1.685337 
1.708699 
1.850550 
1.953045 
2.083247 
1.842719 
1.728876 
1.733210 
1.710927 
1.753872 
1.595407 
1.772911 
1.997684 
1.620426 
1.679873 
1.587642 
1.620560 
1.328176 
1.307178 
1.310488 
1.177605 
1.167149 
0.950788 
0.863748 
1.385663 
1.482323 
1.591895 
1.495774 
1.622086 
1.650210 
1.784766 
1.676483 
1.619675 
1.529992 
1.705072 
1.783715 
1.553669 
1.348800 
1.791038 
1.552520 
1.822009 
1.520425 
1.782279 
1.668704 
1.794611 
1.250746 
1.301394 
1.391236 
1.072833 
1.451884 
1.318203 
1.150855 
1.319892 
1.212948 
1.141496 
1.070436 
1.475900 
1.188572 
0.962820 
1.061353 
1.161632 
1.495433 
1.455227 
1.047515 
1.251764 
1.271286 
1.545607 
1.120453 
1.309595 
1.295948 
1.001438 
0.710962 
0.543728 
0.553360 
0.523395 
0.474652 
0.393290 
0.415395 
0.427824 
0.373357 
0.412905 
0.342531 
0.374184 
0.401128 
0.454316 
0.348834 
0.469044 
0.408062 
0.546252 
0.616066 
0.539572 
0.738030 
0.771687 
0.794577 
0.947526 
1.036354 
1.262425 
1.170073 
1.348725 
1.142244 
1.307385 
1.297476 
1.107074 
0.997580 
1.165129 
0.764093 
0.762436 
0.814527 
0.585770 
0.622105 
0.672168 
0.712103 
0.679509 
0.631506 
0.703427 
0.724714 
0.833144 
0.806201 
0.956723 
0.935736 
1.142622 
1.392862 
1.326804 
1.478285 
1.635337 
1.565883 
1.286561 
1.319267 
1.118661 
1.176117 
0.956398 
0.984547 
0.902846 
0.830369 
0.746374 
0.653863 
0.755887 
0.858147 
0.805012 
0.645825 
0.968152 
0.873411 
0.774932 
0.788757 
0.870318 
0.809092 
0.850939 
0.965238 
0.923206 
0.840241 
0.921898 
0.803885 
0.953089 
1.014530 
0.795291 
0.933641 
0.809126 
0.668501 
0.623815 
0.668345 
0.784718 
0.772755 
0.812108 
0.979986 
0.842395 
0.647929 
0.627062 
0.416748 
0.440245 
0.489484 
0.493753 
0.512312 
0.540069 
0.579814 
0.641619 
0.635506 
0.432174 
0.562525 
0.489751 
0.565717 
0.433620 
0.494135 
0.503056 
0.450797 
0.508534 
0.488167 
0.431957 
0.412778 
0.422742 
0.414460 
0.380353 
0.389988 
0.305771 
0.262721 
0.259512 
0.291969 
0.270790 
0.259728 
0.245140 
0.230604 
0.203876 
0.193708 
0.194153 
0.133708 
0.164880 
0.147962 
0.178362 
0.170639 
0.169359 
0.148706 
0.149217 
0.176498 
0.196150 
0.192132 
0.198008 
0.169609 
0.161428 
0.199926 
0.195438 
0.214289 
0.184393 
0.222316 
0.172902 
0.221474 
0.223670 
0.243032 
0.205705 
0.238838 
0.274368 
0.242487 
0.314291 
0.289815 
0.270943 
0.248798 
0.296931 
0.276214 
0.329265 
0.352329 
0.316919 
0.292166 
0.255018 
0.306846 
0.259434 
0.297549 
0.332976 
0.378923 
0.354644 
0.385076 
0.286486 
0.310707 
0.368190 
0.372203 
0.384199 
0.365773 
0.407113 
0.424439 
0.605079 
0.740314 
0.669591 
0.763394 
0.718887 
0.756638 
0.603154 
0.611085 
0.643369 
0.442198 
0.400121 
0.348729 
0.285185 
0.278092 
0.258013 
0.302009 
0.252578 
0.238469 
0.237722 
0.207612 
0.229622 
0.169189 
0.159282 
0.156074 
0.120319 
0.144375 
0.128002 
0.135111 
0.135619 
0.118128 
0.103552 
0.105793 
0.091362 
0.109103 
0.127982 
0.140343 
0.140218 
0.126319 
0.112812 
0.117282 
0.144900 
0.115715 
0.101174 
0.120534 
0.123201 
0.124223 
0.113274 
0.126382 
0.117447 
0.124477 
0.136687 
0.112797 
0.120850 
0.113811 
0.150948 
0.121100 
0.145091 
0.111134 
0.090054 
0.102733 
0.090069 
0.096715 
0.094833 
0.083610 
0.082979 
0.076600 
0.065078 
0.072256 
0.060860 
0.051090 
0.065099 
0.059573 
0.059853 
0.056204 
0.057904 
0.046914 
0.049140 
0.058848 
0.050291 
0.053636 
0.044017 
0.046048 
0.044327 
0.041656 
0.034072 
0.031317 
0.034170 
0.030602 
0.022131 
0.025290 
0.025038 
0.022909 
0.023293 
0.022956 
0.018516 
0.018682 
0.014009 
0.015237 
0.016635 
0.013683 
0.012417 
0.011850 
0.012880 
0.010773 
0.011839 
0.012482 
0.009535 
0.011553 
0.010808 
0.012114 
0.013661 
0.012746 
0.011434 
0.012180 
0.011318 
0.010978 
0.013100 
0.011664 
0.009839 
0.009227 
0.009583 
0.008094 
0.006018 
0.005388 
0.005005 
0.005395 
0.003846 
0.003906 
0.004176 
0.004464 
0.004051 
0.004932 
0.003863 
0.005371 
0.003452 
0.004186 
0.004469 
0.003579 
0.003675 
0.003521 
0.003988 
0.002824 
0.002820 
0.002610 
0.002600 
0.001657 
0.001494 
0.001736 
0.001239 
0.000882 
0.000430 
0.000294 
0.000137 
0.000102 
0.000052 
0.000025 
0.000006 
0.000000 
0.000000 
0.000000 
0.000000 
0.000000 
0.000000 
0.000000 
0.000000 
0.000000 
0.000000 
0.000000 
0.000000 
0.000000 
0.000000 
0.000000 
0.000000 
0.000000 
0.000000 
0.000000 
0.000000 
0.000000 
0.000000 
0.000000 
0.000000 
0.000000 
0.000000 
0.000000 
0.000000 
0.000000 
0.000000 
0.000000 
0.000000 
0.000000 
0.000000 
0.000000 
0.000000 
0.000000 
0.000000 
0.000000 
0.000000 
0.000000 
0.000000 
0.000000 
0.000000 
0.000000 
0.000000 
0.000000 
0.000000 
0.000000 
0.000000 
0.000000 
0.000000 
0.000000 
0.000000 
0.000000 
0.000000 
0.000000 
0.000000 
0.000000 
0.000000 
0.000000 
0.000000 
0.000000 
0.000000 
0.000000 
0.000000 
0.000000 
0.000000 
0.000000 
0.000000 
0.000000 
0.000000 
0.000000 
0.000000 
0.000000 
0.000000 
0.000000 
0.000000 
0.000000 
0.000000 
0.000000 
0.000000 
0.000000 
0.000000 
0.000000 
0.000000 
0.000000 
0.000000 
0.000000 
0.000000 
0.000000 
0.000000 
0.000000 
0.000000 
0.000000 
0.000000 
0.000000 
0.000000 
0.000000 
0.000000 
0.000000 
0.000000 
0.000000 
0.000000 
0.000000 
0.000000 
0.000000 
0.000000 
0.000000 
0.000000 
0.000000 
0.000000 
0.000000 
0.000000 
0.000000 
0.000000 
0.000000 
0.000000 
0.000000 
0.000000 
0.000000 
0.000000 
0.000000 
0.000000 
0.000000 
0.000000 
0.000000 
0.000000 
0.000000 
0.000000 
0.000000 
0.000000 
0.000000 
0.000000 
0.000000 
0.000000 
0.000000 
0.000000 
0.000000 
0.000000 
0.000000 
0.000000 
0.000000 
0.000000 
0.000000 
0.000000 
0.000000 
0.000000 
0.000000 
0.000000 
0.000000 
0.000000 
0.000000 
0.000000 
0.000000 
0.000000 
0.000000 
0.000000 
0.000000 
0.000000 
0.000000 
0.000000 
0.000000 
0.000000 
0.000000 
0.000000 
0.000000 
0.000000 
0.000000 
0.000000 
0.000000 
0.000000 
0.000000 
0.000000 
0.000000 
0.000000 
0.000000 
0.000000 
0.000000 
0.000000 
0.000000 
0.000000 
0.000000 
0.000000 
0.000000 
0.000000 
0.000000 
0.000000 
0.000000 
0.000000 
0.000000 
