0.039750 
0.039750 
0.039750 
0.039750 
0.039750 
0.039750 
0.039750 
0.039750 
0.039750 
0.039750 
0.041128 
0.044928 
0.050649 
0.057790 
0.065850 
0.082053 
0.108612 
0.137510 
0.160729 
0.170250 
0.170250 
0.170250 
0.170250 
0.170250 
0.170250 
0.170250 
0.170250 
0.170250 
0.170250 
0.170250 
0.170250 
0.170250 
0.170250 
0.170250 
0.170250 
0.160729 
0.137510 
0.108612 
0.082053 
0.065850 
0.057790 
0.050649 
0.044928 
0.041128 
0.039750 
0.039750 
0.039750 
0.039750 
0.039750 
0.039750 
0.039750 
0.039750 
0.039750 
0.039750 
0.039750 
0.039750 
0.039750 
0.039750 
0.039750 
0.039750 
0.039750 
0.039750 
0.039750 
0.039750 
0.039750 
0.039750 
0.039750 
0.039750 
0.039750 
0.039750 
0.046864 
0.064211 
0.085801 
0.105644 
0.117750 
0.123772 
0.129107 
0.133381 
0.136220 
0.137250 
0.137250 
0.137250 
0.137250 
0.137250 
0.137250 
0.137250 
0.137250 
0.137250 
0.137250 
0.137250 
0.130136 
0.112789 
0.091199 
0.071356 
0.059250 
0.053228 
0.047893 
0.043619 
0.040780 
0.039750 
0.039750 
0.039750 
0.039750 
0.039750 
0.039750 
0.041128 
0.044928 
0.050649 
0.057790 
0.065850 
0.082053 
0.108612 
0.137510 
0.160729 
0.170250 
0.170250 
0.170250 
0.170250 
0.170250 
0.170250 
0.170250 
0.170250 
0.170250 
0.170250 
0.170250 
0.170250 
0.170250 
0.170250 
0.170250 
0.170250 
0.161420 
0.140365 
0.115235 
0.094180 
0.085350 
0.090748 
0.103619 
0.118981 
0.131852 
0.137250 
0.137250 
0.137250 
0.137250 
0.137250 
0.137250 
0.137250 
0.137250 
0.137250 
0.137250 
0.137250 
0.136220 
0.133381 
0.129107 
0.123772 
0.117750 
0.105644 
0.085801 
0.064211 
0.046864 
0.039750 
0.039750 
0.039750 
0.039750 
0.039750 
0.039750 
0.039750 
0.039750 
0.039750 
0.039750 
0.039750 
0.039750 
0.039750 
0.039750 
0.039750 
0.039750 
0.039750 
0.039750 
0.039750 
0.039750 
0.039750 
0.039750 
0.039750 
0.039750 
0.039750 
0.039750 
0.045889 
0.061298 
0.081468 
0.101889 
0.118050 
0.131497 
0.145445 
0.157889 
0.166826 
0.170250 
0.170250 
0.170250 
0.170250 
0.170250 
0.170250 
0.170250 
0.170250 
0.170250 
0.170250 
0.170250 
0.168872 
0.165072 
0.159351 
0.152210 
0.144150 
0.127947 
0.101388 
0.072490 
0.049271 
0.039750 
0.039750 
0.039750 
0.039750 
0.039750 
0.039750 
0.049890 
0.074070 
0.102930 
0.127110 
0.137250 
0.137250 
0.137250 
0.137250 
0.137250 
0.137250 
0.137250 
0.137250 
0.137250 
0.137250 
0.137250 
0.137250 
0.137250 
0.137250 
0.137250 
0.137250 
0.127110 
0.102930 
0.074070 
0.049890 
0.039750 
0.039750 
0.039750 
0.039750 
0.039750 
0.039750 
0.039750 
0.039750 
0.039750 
0.039750 
0.039750 
0.039750 
0.039750 
0.039750 
0.039750 
0.039750 
0.039750 
0.039750 
0.039750 
0.039750 
0.039750 
0.039750 
0.039750 
0.039750 
0.039750 
0.039750 
0.039750 
0.039750 
0.039750 
0.039750 
0.039750 
0.049271 
0.072490 
0.101388 
0.127947 
0.144150 
0.152210 
0.159351 
0.165072 
0.168872 
0.170250 
0.170250 
0.170250 
0.170250 
0.170250 
0.170250 
0.170250 
0.170250 
0.170250 
0.170250 
0.170250 
0.172933 
0.179332 
0.186968 
0.193367 
0.196050 
0.189935 
0.175352 
0.157948 
0.143365 
0.137250 
0.137250 
0.137250 
0.137250 
0.137250 
0.137250 
0.137250 
0.137250 
0.137250 
0.137250 
0.137250 
0.130136 
0.112789 
0.091199 
0.071356 
0.059250 
0.053228 
0.047893 
0.043619 
0.040780 
0.039750 
0.039750 
0.039750 
0.039750 
0.039750 
0.039750 
0.039750 
0.039750 
0.039750 
0.039750 
0.039750 
0.039750 
0.039750 
0.039750 
0.039750 
0.039750 
0.039750 
0.039750 
0.039750 
0.039750 
0.039750 
0.039750 
0.039750 
0.039750 
0.039750 
0.039750 
0.049271 
0.072490 
0.101388 
0.127947 
0.144150 
0.152210 
0.159351 
0.165072 
0.168872 
0.170250 
0.170250 
0.170250 
0.170250 
0.170250 
0.170250 
0.173959 
0.182937 
0.193960 
0.203805 
0.209250 
0.211294 
0.213030 
0.214374 
0.215242 
0.215550 
0.207407 
0.187988 
0.164812 
0.145393 
0.137250 
0.137250 
0.137250 
0.137250 
0.137250 
0.137250 
0.134692 
0.128015 
0.118717 
0.108296 
0.098250 
0.086176 
0.070919 
0.055849 
0.044336 
0.039750 
0.039750 
0.039750 
0.039750 
0.039750 
0.039750 
0.039750 
0.039750 
0.039750 
0.039750 
0.039750 
0.039750 
0.039750 
0.039750 
0.039750 
0.039750 
0.039750 
0.039750 
0.039750 
0.039750 
0.039750 
0.039750 
0.039750 
0.039750 
0.039750 
0.039750 
0.039750 
0.039750 
0.039750 
0.039750 
0.039750 
0.039750 
0.039750 
0.039750 
0.039750 
0.039750 
0.039750 
0.039750 
0.039750 
0.039750 
0.039750 
0.040651 
0.043232 
0.047312 
0.052712 
0.059250 
0.081268 
0.124144 
0.174252 
0.217963 
0.241650 
0.250210 
0.257413 
0.262947 
0.266497 
0.267750 
0.267750 
0.267750 
0.267750 
0.267750 
0.267750 
0.266807 
0.264142 
0.259998 
0.254620 
0.248250 
0.233497 
0.206923 
0.174706 
0.143023 
0.118050 
0.097390 
0.076407 
0.057924 
0.044764 
0.039750 
0.039750 
0.039750 
0.039750 
0.039750 
0.039750 
0.039750 
0.039750 
0.039750 
0.039750 
0.039750 
0.039750 
0.039750 
0.039750 
0.039750 
0.039750 
0.039750 
0.039750 
0.039750 
0.039750 
0.039750 
0.039750 
0.039750 
0.039750 
0.039750 
0.039750 
0.039750 
0.039750 
0.039750 
0.039750 
0.039750 
0.039750 
0.039750 
0.039750 
0.039750 
0.039750 
0.039750 
0.039750 
0.039750 
0.039750 
0.039750 
0.046864 
0.064211 
0.085801 
0.105644 
0.117750 
0.122548 
0.125435 
0.127874 
0.131325 
0.137250 
0.239917 
0.475463 
0.758150 
1.002241 
1.122000 
1.148712 
1.170451 
1.186665 
1.196799 
1.200300 
1.198328 
1.193351 
1.186780 
1.180026 
1.174500 
1.169629 
1.164437 
1.159732 
1.156317 
1.155000 
1.155000 
1.155000 
1.155000 
1.155000 
1.155000 
1.153622 
1.149822 
1.144101 
1.136960 
1.128900 
1.112697 
1.086138 
1.057240 
1.034021 
1.024500 
1.024500 
1.024500 
1.024500 
1.024500 
1.024500 
1.024500 
1.024500 
1.024500 
1.024500 
1.024500 
1.024500 
1.024500 
1.024500 
1.024500 
1.024500 
1.024500 
1.024500 
1.024500 
1.024500 
1.024500 
1.024500 
1.024500 
1.024500 
1.024500 
1.024500 
0.922086 
0.677868 
0.386382 
0.142164 
0.039750 
0.039750 
0.039750 
0.039750 
0.039750 
0.039750 
0.041895 
0.047744 
0.056421 
0.067049 
0.078750 
0.095306 
0.119184 
0.147534 
0.177505 
0.206250 
0.238778 
0.277037 
0.313581 
0.340967 
0.351750 
0.351750 
0.351750 
0.351750 
0.351750 
0.351750 
0.349192 
0.342515 
0.333217 
0.322796 
0.312750 
0.302971 
0.292305 
0.280679 
0.268018 
0.254250 
0.235427 
0.211290 
0.187294 
0.168895 
0.161550 
0.167447 
0.181508 
0.198292 
0.212353 
0.218250 
0.218250 
0.218250 
0.218250 
0.218250 
0.218250 
0.218250 
0.218250 
0.218250 
0.218250 
0.218250 
0.218250 
0.218250 
0.218250 
0.218250 
0.218250 
0.218250 
0.218250 
0.218250 
0.218250 
0.218250 
0.218250 
0.218250 
0.218250 
0.218250 
0.218250 
0.219342 
0.221946 
0.225054 
0.227658 
0.228750 
0.228750 
0.228750 
0.228750 
0.228750 
0.228750 
0.228750 
0.228750 
0.228750 
0.228750 
0.228750 
0.238716 
0.263857 
0.297035 
0.331112 
0.358950 
0.383419 
0.409460 
0.433047 
0.450153 
0.456750 
0.456750 
0.456750 
0.456750 
0.456750 
0.456750 
0.456750 
0.456750 
0.456750 
0.456750 
0.456750 
0.451922 
0.439147 
0.420985 
0.399999 
0.378750 
0.350013 
0.311171 
0.271697 
0.241066 
0.228750 
0.231678 
0.239029 
0.248650 
0.258391 
0.266100 
0.272514 
0.279168 
0.285104 
0.289367 
0.291000 
0.291000 
0.291000 
0.291000 
0.291000 
0.291000 
0.290314 
0.288677 
0.286723 
0.285086 
0.284400 
0.286022 
0.289891 
0.294509 
0.298378 
0.300000 
0.300000 
0.300000 
0.300000 
0.300000 
0.300000 
0.300000 
0.300000 
0.300000 
0.300000 
0.300000 
0.300000 
0.300000 
0.300000 
0.300000 
0.300000 
0.321686 
0.377107 
0.451805 
0.531322 
0.601200 
0.671078 
0.750595 
0.825293 
0.880714 
0.902400 
0.849890 
0.724675 
0.575225 
0.450010 
0.397500 
0.397500 
0.397500 
0.397500 
0.397500 
0.397500 
0.397079 
0.396074 
0.394876 
0.393871 
0.393450 
0.399500 
0.416165 
0.441221 
0.472441 
0.507600 
0.577469 
0.691459 
0.815305 
0.914740 
0.955500 
0.955500 
0.955500 
0.955500 
0.955500 
0.955500 
0.955500 
0.955500 
0.955500 
0.955500 
0.955500 
0.942615 
0.911626 
0.874028 
0.841321 
0.825000 
0.821727 
0.819867 
0.818473 
0.816600 
0.813300 
0.802835 
0.781334 
0.750650 
0.712637 
0.669150 
0.583240 
0.444333 
0.293840 
0.173175 
0.123750 
0.123750 
0.123750 
0.123750 
0.123750 
0.123750 
0.131684 
0.151033 
0.175115 
0.197248 
0.210750 
0.217466 
0.223417 
0.228185 
0.231352 
0.232500 
0.232500 
0.232500 
0.232500 
0.232500 
0.232500 
0.242640 
0.266820 
0.295680 
0.319860 
0.330000 
0.330000 
0.330000 
0.330000 
0.330000 
0.330000 
0.332645 
0.339736 
0.350004 
0.362182 
0.375000 
0.394402 
0.422277 
0.451282 
0.474071 
0.483300 
0.478954 
0.467849 
0.452887 
0.436970 
0.423000 
0.409061 
0.393218 
0.378346 
0.367315 
0.363000 
0.363000 
0.363000 
0.363000 
0.363000 
0.363000 
0.361622 
0.357822 
0.352101 
0.344960 
0.336900 
0.325031 
0.307140 
0.284743 
0.259358 
0.232500 
0.195118 
0.145149 
0.094596 
0.055462 
0.039750 
0.039750 
0.039750 
0.039750 
0.039750 
0.039750 
0.059796 
0.107598 
0.164652 
0.212454 
0.232500 
0.232500 
0.232500 
0.232500 
0.232500 
0.232500 
0.232094 
0.231127 
0.229973 
0.229006 
0.228600 
0.231293 
0.238304 
0.248034 
0.258882 
0.269250 
0.281474 
0.296749 
0.311763 
0.323201 
0.327750 
0.326509 
0.323116 
0.318063 
0.311844 
0.304950 
0.294306 
0.278358 
0.259888 
0.241676 
0.226500 
0.212783 
0.198485 
0.185689 
0.176482 
0.172950 
0.229516 
0.364403 
0.525397 
0.660284 
0.716850 
0.704847 
0.673551 
0.630032 
0.581358 
0.534600 
0.478840 
0.408703 
0.339564 
0.286804 
0.265800 
0.266237 
0.267278 
0.268522 
0.269563 
0.270000 
0.270000 
0.270000 
0.270000 
0.270000 
0.270000 
0.434158 
0.828336 
1.305090 
1.716976 
1.916550 
1.950623 
1.970390 
1.984986 
2.003545 
2.035200 
2.143530 
2.342204 
2.565493 
2.747668 
2.823000 
2.700558 
2.402875 
2.034413 
1.699634 
1.503000 
1.418732 
1.350235 
1.295747 
1.253506 
1.221750 
1.195124 
1.170822 
1.150908 
1.137446 
1.132500 
1.132500 
1.132500 
1.132500 
1.132500 
1.132500 
1.129942 
1.123265 
1.113967 
1.103546 
1.093500 
1.081790 
1.067261 
1.052737 
1.041042 
1.035000 
1.033050 
1.031628 
1.030551 
1.029636 
1.028700 
1.027618 
1.026496 
1.025495 
1.024776 
1.024500 
1.028770 
1.040167 
1.056568 
1.075853 
1.095900 
1.125089 
1.166173 
1.208592 
1.241788 
1.255200 
1.249537 
1.233464 
1.208357 
1.175594 
1.136550 
1.021235 
0.806142 
0.562365 
0.361002 
0.273150 
0.266450 
0.261171 
0.257352 
0.255032 
0.254250 
0.254250 
0.254250 
0.254250 
0.254250 
0.254250 
0.240678 
0.208314 
0.169686 
0.137322 
0.123750 
0.123750 
0.123750 
0.123750 
0.123750 
0.123750 
0.124842 
0.127446 
0.130554 
0.133158 
0.134250 
0.134250 
0.134250 
0.134250 
0.134250 
0.134250 
0.138836 
0.150349 
0.165419 
0.180676 
0.192750 
0.200395 
0.206014 
0.211711 
0.219588 
0.231750 
0.343768 
0.589186 
0.877071 
1.116487 
1.216500 
1.216500 
1.216500 
1.216500 
1.216500 
1.216500 
1.210416 
1.195908 
1.178592 
1.164084 
1.158000 
1.162346 
1.174698 
1.194027 
1.219304 
1.249500 
1.315425 
1.436086 
1.592756 
1.766703 
1.939200 
2.151991 
2.420320 
2.685710 
2.889680 
2.973750 
2.977929 
2.981200 
2.983553 
2.984974 
2.985450 
2.980242 
2.967006 
2.949324 
2.930778 
2.914950 
2.899934 
2.883322 
2.867949 
2.856647 
2.852250 
2.946224 
3.170317 
3.437783 
3.661876 
3.755850 
3.482554 
2.830847 
2.053003 
1.401296 
1.128000 
1.145394 
1.186872 
1.236378 
1.277856 
1.295250 
1.194864 
0.955482 
0.669768 
0.430386 
0.330000 
0.330095 
0.330357 
0.330752 
0.331244 
0.331800 
0.332917 
0.334749 
0.336742 
0.338343 
0.339000 
0.331886 
0.314539 
0.292949 
0.273106 
0.261000 
0.254978 
0.249643 
0.245369 
0.242530 
0.241500 
0.241500 
0.241500 
0.241500 
0.241500 
0.241500 
0.241500 
0.241500 
0.241500 
0.241500 
0.241500 
0.241500 
0.241500 
0.241500 
0.241500 
0.241500 
0.241500 
0.241500 
0.241500 
0.241500 
0.241500 
0.239472 
0.234636 
0.228864 
0.224028 
0.222000 
0.222206 
0.222774 
0.223629 
0.224696 
0.225900 
0.228321 
0.232290 
0.236608 
0.240077 
0.241500 
0.241500 
0.241500 
0.241500 
0.241500 
0.241500 
0.241500 
0.241500 
0.241500 
0.241500 
0.241500 
0.249957 
0.270772 
0.297108 
0.322129 
0.339000 
0.349475 
0.359244 
0.367376 
0.372939 
0.375000 
0.373502 
0.369931 
0.365669 
0.362098 
0.360600 
0.368275 
0.386578 
0.408422 
0.426725 
0.434400 
0.429314 
0.417187 
0.402713 
0.390586 
0.385500 
0.479100 
0.702300 
0.968700 
1.191900 
1.285500 
1.202531 
1.003472 
0.763098 
0.556183 
0.457500 
0.441274 
0.430305 
0.422229 
0.414682 
0.405300 
0.392058 
0.376514 
0.361681 
0.350572 
0.346200 
0.347074 
0.349157 
0.351643 
0.353726 
0.354600 
0.352927 
0.348476 
0.342103 
0.334659 
0.327000 
0.316764 
0.302948 
0.288445 
0.276148 
0.268950 
0.265453 
0.262442 
0.260086 
0.258549 
0.258000 
0.258475 
0.259642 
0.261110 
0.262493 
0.263400 
0.263826 
0.264101 
0.264344 
0.264671 
0.265200 
0.268077 
0.273971 
0.280781 
0.286408 
0.288750 
0.288282 
0.287166 
0.285834 
0.284718 
0.284250 
0.291219 
0.308252 
0.329542 
0.349277 
0.361650 
0.366856 
0.370027 
0.372754 
0.376631 
0.383250 
0.547341 
0.927326 
1.380335 
1.763499 
1.933950 
1.947847 
1.957567 
1.964569 
1.970310 
1.976250 
1.982396 
1.987922 
1.993029 
1.997920 
2.002800 
2.008365 
2.014489 
2.020140 
2.024288 
2.025900 
1.921264 
1.665505 
1.345843 
1.049501 
0.863700 
0.765025 
0.676445 
0.604757 
0.556760 
0.539250 
0.539250 
0.539250 
0.539250 
0.539250 
0.539250 
0.538935 
0.538017 
0.536537 
0.534534 
0.532050 
0.518271 
0.489336 
0.455710 
0.427859 
0.416250 
0.417174 
0.419591 
0.422971 
0.426785 
0.430500 
0.435073 
0.440933 
0.446755 
0.451218 
0.453000 
0.453000 
0.453000 
0.453000 
0.453000 
0.453000 
0.453000 
0.453000 
0.453000 
0.453000 
0.453000 
0.446488 
0.430609 
0.410845 
0.392681 
0.381600 
0.376088 
0.371204 
0.367291 
0.364692 
0.363750 
0.363762 
0.363798 
0.363859 
0.363943 
0.364050 
0.367948 
0.377072 
0.387921 
0.396997 
0.400800 
0.400800 
0.400800 
0.400800 
0.400800 
0.400800 
0.399528 
0.395922 
0.390298 
0.382968 
0.374250 
0.348699 
0.301231 
0.247699 
0.203954 
0.185850 
0.186412 
0.187751 
0.189349 
0.190688 
0.191250 
0.191250 
0.191250 
0.191250 
0.191250 
0.191250 
0.196772 
0.209941 
0.225659 
0.238828 
0.244350 
0.234772 
0.211931 
0.184669 
0.161828 
0.152250 
0.159514 
0.179045 
0.207455 
0.241353 
0.277350 
0.333425 
0.415199 
0.500751 
0.568159 
0.595500 
0.551274 
0.445812 
0.319938 
0.214476 
0.170250 
0.170250 
0.170250 
0.170250 
0.170250 
0.170250 
0.164111 
0.148702 
0.128532 
0.108111 
0.091950 
0.078503 
0.064555 
0.052111 
0.043174 
0.039750 
0.039750 
0.039750 
0.039750 
0.039750 
0.039750 
