0.059841 
0.051251 
0.045221 
0.041666 
0.040500 
0.041637 
0.044992 
0.050478 
0.058009 
0.067500 
0.156130 
0.352377 
0.583104 
0.775174 
0.855450 
0.839290 
0.797088 
0.738261 
0.672226 
0.608400 
0.531252 
0.433448 
0.336703 
0.262732 
0.233250 
0.236370 
0.243810 
0.252690 
0.260130 
0.263250 
0.261398 
0.256535 
0.249703 
0.241945 
0.234300 
0.224643 
0.212085 
0.199526 
0.189865 
0.186000 
0.189610 
0.198510 
0.209804 
0.220599 
0.228000 
0.232749 
0.237220 
0.240966 
0.243542 
0.244500 
0.241224 
0.233412 
0.224088 
0.216276 
0.213000 
0.249520 
0.336605 
0.440545 
0.527630 
0.564150 
0.509690 
0.379825 
0.224825 
0.094960 
0.040500 
0.040500 
0.040500 
0.040500 
0.040500 
0.040500 
0.054930 
0.089340 
0.130410 
0.164820 
0.179250 
0.179250 
0.179250 
0.179250 
0.179250 
0.179250 
0.179250 
0.179250 
0.179250 
0.179250 
0.179250 
0.179250 
0.179250 
0.179250 
0.179250 
0.179250 
0.172723 
0.156340 
0.134894 
0.113183 
0.096000 
0.081703 
0.066874 
0.053642 
0.044141 
0.040500 
0.040500 
0.040500 
0.040500 
0.040500 
0.040500 
0.040500 
0.040500 
0.040500 
0.040500 
0.040500 
0.040500 
0.040500 
0.040500 
0.040500 
0.040500 
0.045122 
0.056723 
0.071909 
0.087283 
0.099450 
0.109574 
0.120075 
0.129444 
0.136172 
0.138750 
0.138750 
0.138750 
0.138750 
0.138750 
0.138750 
0.138750 
0.138750 
0.138750 
0.138750 
0.138750 
0.137190 
0.133470 
0.129030 
0.125310 
0.123750 
0.129522 
0.143286 
0.159714 
0.173478 
0.179250 
0.179250 
0.179250 
0.179250 
0.179250 
0.179250 
0.179250 
0.179250 
0.179250 
0.179250 
0.179250 
0.177785 
0.173744 
0.167662 
0.160069 
0.151500 
0.134273 
0.106034 
0.075310 
0.050623 
0.040500 
0.040500 
0.040500 
0.040500 
0.040500 
0.040500 
0.040500 
0.040500 
0.040500 
0.040500 
0.040500 
0.043078 
0.049806 
0.059175 
0.069676 
0.079800 
0.091967 
0.107341 
0.122527 
0.134128 
0.138750 
0.138750 
0.138750 
0.138750 
0.138750 
0.138750 
0.138750 
0.138750 
0.138750 
0.138750 
0.138750 
0.131582 
0.114101 
0.092345 
0.072349 
0.060150 
0.054082 
0.048706 
0.044399 
0.041538 
0.040500 
0.040500 
0.040500 
0.040500 
0.040500 
0.040500 
0.040500 
0.040500 
0.040500 
0.040500 
0.040500 
0.054930 
0.089340 
0.130410 
0.164820 
0.179250 
0.179250 
0.179250 
0.179250 
0.179250 
0.179250 
0.179250 
0.179250 
0.179250 
0.179250 
0.179250 
0.179250 
0.179250 
0.179250 
0.179250 
0.179250 
0.172723 
0.156340 
0.134894 
0.113183 
0.096000 
0.081703 
0.066874 
0.053642 
0.044141 
0.040500 
0.040500 
0.040500 
0.040500 
0.040500 
0.040500 
0.040500 
0.040500 
0.040500 
0.040500 
0.040500 
0.040500 
0.040500 
0.040500 
0.040500 
0.040500 
0.040500 
0.040500 
0.040500 
0.040500 
0.040500 
0.040500 
0.040500 
0.040500 
0.040500 
0.040500 
0.040500 
0.040500 
0.040500 
0.040500 
0.040500 
0.041538 
0.044399 
0.048706 
0.054082 
0.060150 
0.069137 
0.082711 
0.099650 
0.118737 
0.138750 
0.166025 
0.202041 
0.238294 
0.266281 
0.277500 
0.277500 
0.277500 
0.277500 
0.277500 
0.277500 
0.272878 
0.261277 
0.246091 
0.230717 
0.218550 
0.210135 
0.203051 
0.196245 
0.188663 
0.179250 
0.165889 
0.148651 
0.129769 
0.111474 
0.096000 
0.081703 
0.066874 
0.053642 
0.044141 
0.040500 
0.040500 
0.040500 
0.040500 
0.040500 
0.040500 
0.040500 
0.040500 
0.040500 
0.040500 
0.040500 
0.040500 
0.040500 
0.040500 
0.040500 
0.040500 
0.040500 
0.040500 
0.040500 
0.040500 
0.040500 
0.040500 
0.040500 
0.040500 
0.040500 
0.040500 
0.040500 
0.040500 
0.040500 
0.040500 
0.040500 
0.050718 
0.075084 
0.104166 
0.128532 
0.138750 
0.138750 
0.138750 
0.138750 
0.138750 
0.138750 
0.138750 
0.138750 
0.138750 
0.138750 
0.138750 
0.136172 
0.129444 
0.120075 
0.109574 
0.099450 
0.087283 
0.071909 
0.056723 
0.045122 
0.040500 
0.050623 
0.075310 
0.106034 
0.134273 
0.151500 
0.160069 
0.167662 
0.173744 
0.177785 
0.179250 
0.179250 
0.179250 
0.179250 
0.179250 
0.179250 
0.179250 
0.179250 
0.179250 
0.179250 
0.179250 
0.175609 
0.166108 
0.152876 
0.138047 
0.123750 
0.106567 
0.084856 
0.063410 
0.047027 
0.040500 
0.040500 
0.040500 
0.040500 
0.040500 
0.040500 
0.040500 
0.040500 
0.040500 
0.040500 
0.040500 
0.040500 
0.040500 
0.040500 
0.040500 
0.040500 
0.041538 
0.044399 
0.048706 
0.054082 
0.060150 
0.072349 
0.092345 
0.114101 
0.131582 
0.138750 
0.138750 
0.138750 
0.138750 
0.138750 
0.138750 
0.138750 
0.138750 
0.138750 
0.138750 
0.138750 
0.134128 
0.122527 
0.107341 
0.091967 
0.079800 
0.069676 
0.059175 
0.049806 
0.043078 
0.040500 
0.040500 
0.040500 
0.040500 
0.040500 
0.040500 
0.040500 
0.040500 
0.040500 
0.040500 
0.040500 
0.047027 
0.063410 
0.084856 
0.106567 
0.123750 
0.138047 
0.152876 
0.166108 
0.175609 
0.179250 
0.179250 
0.179250 
0.179250 
0.179250 
0.179250 
0.179250 
0.179250 
0.179250 
0.179250 
0.179250 
0.177785 
0.173744 
0.167662 
0.160069 
0.151500 
0.134273 
0.106034 
0.075310 
0.050623 
0.040500 
0.040500 
0.040500 
0.040500 
0.040500 
0.040500 
0.040500 
0.040500 
0.040500 
0.040500 
0.040500 
0.040500 
0.040500 
0.040500 
0.040500 
0.040500 
0.040500 
0.040500 
0.040500 
0.040500 
0.040500 
0.040500 
0.040500 
0.040500 
0.040500 
0.040500 
0.040500 
0.040500 
0.040500 
0.040500 
0.040500 
0.040500 
0.040500 
0.040500 
0.040500 
0.040500 
0.040500 
0.040500 
0.040500 
0.040500 
0.040500 
0.041668 
0.045114 
0.050751 
0.058492 
0.068250 
0.160485 
0.364902 
0.605282 
0.805405 
0.889050 
0.821034 
0.658842 
0.465258 
0.303066 
0.235050 
0.244925 
0.268472 
0.296578 
0.320125 
0.330000 
0.328028 
0.322645 
0.314647 
0.304833 
0.294000 
0.278144 
0.254925 
0.227634 
0.199562 
0.174000 
0.148600 
0.121159 
0.095183 
0.074177 
0.061650 
0.054894 
0.049079 
0.044527 
0.041560 
0.040500 
0.040500 
0.040500 
0.040500 
0.040500 
0.040500 
0.040500 
0.040500 
0.040500 
0.040500 
0.040500 
0.040500 
0.040500 
0.040500 
0.040500 
0.040500 
0.040500 
0.040500 
0.040500 
0.040500 
0.040500 
0.040500 
0.040500 
0.040500 
0.040500 
0.040500 
0.040500 
0.040500 
0.040500 
0.040500 
0.040500 
0.040500 
0.040500 
0.040500 
0.040500 
0.040500 
0.040500 
0.040500 
0.040500 
0.040500 
0.040500 
0.040500 
0.040500 
0.040500 
0.040500 
0.040500 
0.045122 
0.056723 
0.071909 
0.087283 
0.099450 
0.109574 
0.120075 
0.129444 
0.136172 
0.138750 
0.138750 
0.138750 
0.138750 
0.138750 
0.138750 
0.138750 
0.138750 
0.138750 
0.138750 
0.138750 
0.142962 
0.153006 
0.164994 
0.175038 
0.179250 
0.179250 
0.179250 
0.179250 
0.179250 
0.179250 
0.179250 
0.179250 
0.179250 
0.179250 
0.179250 
0.179250 
0.179250 
0.179250 
0.179250 
0.179250 
0.172723 
0.156340 
0.134894 
0.113183 
0.096000 
0.081703 
0.066874 
0.053642 
0.044141 
0.040500 
0.040500 
0.040500 
0.040500 
0.040500 
0.040500 
0.040500 
0.040500 
0.040500 
0.040500 
0.040500 
0.040500 
0.040500 
0.040500 
0.040500 
0.040500 
0.040500 
0.040500 
0.040500 
0.040500 
0.040500 
0.043078 
0.049806 
0.059175 
0.069676 
0.079800 
0.091967 
0.107341 
0.122527 
0.134128 
0.138750 
0.138750 
0.138750 
0.138750 
0.138750 
0.138750 
0.138750 
0.138750 
0.138750 
0.138750 
0.138750 
0.138970 
0.139597 
0.140578 
0.141863 
0.143400 
0.148182 
0.157205 
0.167421 
0.175785 
0.179250 
0.179250 
0.179250 
0.179250 
0.179250 
0.179250 
0.179250 
0.179250 
0.179250 
0.179250 
0.179250 
0.177785 
0.173744 
0.167662 
0.160069 
0.151500 
0.134273 
0.106034 
0.075310 
0.050623 
0.040500 
0.040500 
0.040500 
0.040500 
0.040500 
0.040500 
0.040500 
0.040500 
0.040500 
0.040500 
0.040500 
0.040500 
0.040500 
0.040500 
0.040500 
0.040500 
0.040500 
0.040500 
0.040500 
0.040500 
0.040500 
0.040500 
0.040500 
0.040500 
0.040500 
0.040500 
0.040500 
0.040500 
0.040500 
0.040500 
0.040500 
0.040500 
0.040500 
0.040500 
0.040500 
0.040500 
0.040500 
0.040500 
0.040500 
0.040500 
0.040500 
0.040500 
0.040500 
0.040500 
0.040500 
0.040500 
0.040500 
0.040500 
0.040500 
0.040500 
0.040500 
0.040500 
0.040500 
0.040500 
0.040500 
0.040500 
0.044141 
0.053642 
0.066874 
0.081703 
0.096000 
0.113183 
0.134894 
0.156340 
0.172723 
0.179250 
0.179250 
0.179250 
0.179250 
0.179250 
0.179250 
0.179250 
0.179250 
0.179250 
0.179250 
0.179250 
0.179250 
0.179250 
0.179250 
0.179250 
0.179250 
0.164820 
0.130410 
0.089340 
0.054930 
0.040500 
0.040500 
0.040500 
0.040500 
0.040500 
0.040500 
0.040500 
0.040500 
0.040500 
0.040500 
0.040500 
0.040500 
0.040500 
0.040500 
0.040500 
0.040500 
0.040500 
0.040500 
0.040500 
0.040500 
0.040500 
0.040500 
0.040500 
0.040500 
0.040500 
0.040500 
0.040500 
0.040500 
0.040500 
0.040500 
0.040500 
0.040500 
0.040500 
0.040500 
0.040500 
0.040500 
0.043078 
0.049806 
0.059175 
0.069676 
0.079800 
0.091967 
0.107341 
0.122527 
0.134128 
0.138750 
0.138750 
0.138750 
0.138750 
0.138750 
0.138750 
0.150294 
0.177822 
0.210678 
0.238206 
0.249750 
0.245369 
0.234572 
0.220881 
0.207817 
0.198900 
0.193228 
0.187901 
0.183446 
0.180387 
0.179250 
0.179250 
0.179250 
0.179250 
0.179250 
0.179250 
0.175609 
0.166108 
0.152876 
0.138047 
0.123750 
0.106567 
0.084856 
0.063410 
0.047027 
0.040500 
0.040500 
0.040500 
0.040500 
0.040500 
0.040500 
0.040500 
0.040500 
0.040500 
0.040500 
0.040500 
0.040500 
0.040500 
0.040500 
0.040500 
0.040500 
0.040500 
0.040500 
0.040500 
0.040500 
0.040500 
0.040500 
0.040500 
0.040500 
0.040500 
0.040500 
0.040500 
0.040500 
0.040500 
0.040500 
0.040500 
0.040500 
0.040500 
0.040500 
0.040500 
0.040500 
0.045702 
0.059435 
0.078892 
0.101266 
0.123750 
0.153566 
0.193424 
0.233749 
0.264966 
0.277500 
0.277500 
0.277500 
0.277500 
0.277500 
0.277500 
0.277500 
0.277500 
0.277500 
0.277500 
0.277500 
0.273604 
0.263130 
0.247899 
0.229732 
0.210450 
0.180467 
0.136780 
0.091091 
0.055098 
0.040500 
0.040500 
0.040500 
0.040500 
0.040500 
0.040500 
0.040500 
0.040500 
0.040500 
0.040500 
0.040500 
0.040500 
0.040500 
0.040500 
0.040500 
0.040500 
0.040500 
0.040500 
0.040500 
0.040500 
0.040500 
0.040500 
0.040500 
0.040500 
0.040500 
0.040500 
0.040500 
0.040500 
0.040500 
0.040500 
0.040500 
0.040500 
0.040500 
0.040500 
0.040500 
0.040500 
0.040994 
0.042234 
0.043857 
0.045500 
0.046800 
0.047639 
0.048276 
0.048913 
0.049753 
0.051000 
0.054549 
0.061399 
0.070404 
0.080419 
0.090300 
0.102467 
0.117841 
0.133027 
0.144628 
0.149250 
0.149250 
0.149250 
0.149250 
0.149250 
0.149250 
0.149250 
0.149250 
0.149250 
0.149250 
0.149250 
0.142841 
0.127179 
0.107611 
0.089486 
0.078150 
0.072165 
0.066799 
0.062461 
0.059558 
0.058500 
0.061344 
0.069643 
0.083045 
0.101198 
0.123750 
0.253599 
0.527613 
0.846398 
1.110559 
1.220700 
1.111141 
0.849886 
0.538064 
0.276809 
0.167250 
0.181602 
0.215826 
0.256674 
0.290898 
0.305250 
0.303082 
0.297911 
0.291739 
0.286568 
0.284400 
0.287886 
0.296891 
0.309238 
0.322751 
0.335250 
0.347946 
0.362344 
0.376708 
0.389305 
0.398400 
0.405132 
0.411402 
0.416616 
0.420180 
0.421500 
0.412842 
0.392196 
0.367554 
0.346908 
0.338250 
0.338250 
0.338250 
0.338250 
0.338250 
0.338250 
0.330432 
0.310699 
0.284630 
0.257804 
0.235800 
0.217297 
0.198446 
0.181030 
0.166836 
0.157650 
0.152021 
0.147312 
0.143527 
0.140672 
0.138750 
0.137352 
0.136119 
0.135136 
0.134485 
0.134250 
0.134250 
0.134250 
0.134250 
0.134250 
0.134250 
0.134435 
0.134956 
0.135759 
0.136791 
0.138000 
0.141081 
0.146577 
0.152708 
0.157693 
0.159750 
0.159750 
0.159750 
0.159750 
0.159750 
0.159750 
0.159750 
0.159750 
0.159750 
0.159750 
0.159750 
0.159750 
0.159750 
0.159750 
0.159750 
0.159750 
0.266509 
0.526850 
0.850872 
1.148673 
1.330350 
1.417580 
1.491369 
1.550807 
1.594987 
1.623000 
1.640183 
1.653354 
1.663829 
1.672923 
1.681950 
1.692074 
1.702575 
1.711944 
1.718672 
1.721250 
1.721250 
1.721250 
1.721250 
1.721250 
1.721250 
1.683729 
1.585276 
1.447053 
1.290223 
1.135950 
0.941803 
0.689890 
0.438181 
0.244644 
0.167250 
0.167250 
0.167250 
0.167250 
0.167250 
0.167250 
0.176904 
0.205092 
0.250653 
0.312426 
0.389250 
0.843687 
1.805924 
2.926231 
3.854882 
4.242150 
3.838724 
2.874221 
1.717306 
0.736644 
0.300900 
0.267221 
0.244193 
0.227640 
0.213385 
0.197250 
0.176773 
0.154650 
0.134440 
0.119703 
0.114000 
0.120831 
0.138536 
0.162936 
0.189850 
0.215100 
0.243735 
0.278722 
0.312757 
0.338534 
0.348750 
0.347876 
0.345793 
0.343307 
0.341224 
0.340350 
0.344297 
0.353834 
0.365508 
0.375865 
0.381450 
0.383369 
0.384984 
0.386224 
0.387019 
0.387300 
0.383213 
0.373466 
0.361834 
0.352087 
0.348000 
0.349464 
0.353472 
0.359448 
0.366816 
0.375000 
0.387449 
0.406048 
0.427871 
0.449997 
0.469500 
0.488740 
0.509722 
0.528989 
0.543084 
0.548550 
0.546725 
0.542372 
0.537178 
0.532825 
0.531000 
0.532999 
0.538376 
0.546204 
0.555554 
0.565500 
0.577807 
0.594047 
0.612999 
0.633440 
0.654150 
0.676809 
0.702426 
0.728774 
0.753625 
0.774750 
0.789918 
0.801035 
0.812084 
0.827045 
0.849900 
0.981736 
1.255434 
1.572670 
1.835117 
1.944450 
1.834708 
1.571766 
1.255050 
0.983986 
0.858000 
0.842158 
0.832709 
0.825856 
0.817803 
0.804750 
0.776005 
0.730704 
0.679796 
0.634228 
0.604950 
0.589919 
0.578599 
0.569200 
0.559931 
0.549000 
0.533914 
0.515814 
0.498356 
0.485199 
0.480000 
0.487068 
0.504203 
0.525305 
0.544271 
0.555000 
0.559333 
0.563047 
0.565945 
0.567828 
0.568500 
0.565848 
0.559524 
0.551976 
0.545652 
0.543000 
0.547056 
0.556728 
0.568272 
0.577944 
0.582000 
0.525684 
0.391392 
0.231108 
0.096816 
0.040500 
0.040500 
0.040500 
0.040500 
0.040500 
0.040500 
0.044141 
0.053642 
0.066874 
0.081703 
0.096000 
0.111474 
0.129769 
0.148651 
0.165889 
0.179250 
0.188663 
0.196245 
0.203051 
0.210135 
0.218550 
0.230717 
0.246091 
0.261277 
0.272878 
0.277500 
0.277500 
0.277500 
0.277500 
0.277500 
0.277500 
0.266281 
0.238294 
0.202041 
0.166025 
0.138750 
0.118737 
0.099650 
0.082711 
0.069137 
0.060150 
0.054082 
0.048706 
0.044399 
0.041538 
0.040500 
0.040500 
0.040500 
0.040500 
0.040500 
0.040500 
0.040500 
0.040500 
0.040500 
0.040500 
0.040500 
0.040500 
0.040500 
0.040500 
0.040500 
0.040500 
0.040500 
0.040500 
0.040500 
0.040500 
0.040500 
0.040500 
0.040500 
0.040500 
0.040500 
0.040500 
0.040500 
0.040500 
0.040500 
0.040500 
0.040500 
0.040500 
0.040500 
0.040500 
0.040500 
0.040500 
0.040500 
0.040500 
0.040500 
0.040500 
0.040500 
0.040500 
0.040500 
0.040500 
0.040500 
0.040500 
0.040500 
0.040500 
0.040500 
0.040500 
0.040500 
0.040500 
0.040500 
0.040500 
0.040500 
0.040500 
0.044141 
0.053642 
0.066874 
0.081703 
0.096000 
0.113183 
0.134894 
0.156340 
0.172723 
0.179250 
0.179250 
0.179250 
0.179250 
0.179250 
0.179250 
