0.000000 
0.000000 
0.000000 
0.000000 
0.000000 
0.000000 
0.000000 
0.000000 
0.000000 
0.000000 
0.000000 
0.000000 
0.000000 
0.000000 
0.000000 
0.000000 
0.000000 
0.000000 
0.000000 
0.000000 
0.000000 
0.000000 
0.000000 
0.000000 
0.000000 
0.000000 
0.000000 
0.000000 
0.000000 
0.000000 
0.000000 
0.000000 
0.000000 
0.000000 
0.000000 
0.000000 
0.000000 
0.000000 
0.000000 
0.000000 
0.000000 
0.000000 
0.000000 
0.000000 
0.000000 
0.000000 
0.000000 
0.000000 
0.000000 
0.000000 
0.000000 
0.000000 
0.000000 
0.000000 
0.000000 
0.000000 
0.000000 
0.000000 
0.000000 
0.000000 
0.000000 
0.000000 
0.000000 
0.000000 
0.000000 
0.000000 
0.000000 
0.000000 
0.000000 
0.000000 
0.000000 
0.000000 
0.000000 
0.000000 
0.000000 
0.000000 
0.000000 
0.000000 
0.000000 
0.000000 
0.000000 
0.000000 
0.000000 
0.000000 
0.000000 
0.000000 
0.000000 
0.000000 
0.000000 
0.000000 
0.000000 
0.000000 
0.000000 
0.000000 
0.000000 
0.000000 
0.000000 
0.000000 
0.000000 
0.000000 
0.000000 
0.000000 
0.000000 
0.000000 
0.000000 
0.000000 
0.000000 
0.000000 
0.000000 
0.000000 
0.000000 
0.000000 
0.000000 
0.000000 
0.000000 
0.000000 
0.000000 
0.000000 
0.000000 
0.000000 
0.000000 
0.000000 
0.000000 
0.000000 
0.000000 
0.000000 
0.000000 
0.000000 
0.000000 
0.000000 
0.000000 
0.000000 
0.000000 
0.000000 
0.000000 
0.000000 
0.000000 
0.000000 
0.000000 
0.000000 
0.000000 
0.000000 
0.000000 
0.000000 
0.000000 
0.000000 
0.000000 
0.000000 
0.000000 
0.000000 
0.000000 
0.000000 
0.000000 
0.000000 
0.000000 
0.000000 
0.000000 
0.000000 
0.000000 
0.000000 
0.000000 
0.000000 
0.000000 
0.000000 
0.000000 
0.000000 
0.000000 
0.000000 
0.000000 
0.000000 
0.000000 
0.000000 
0.000000 
0.000000 
0.000000 
0.000000 
0.000000 
0.000000 
0.000000 
0.000000 
0.000000 
0.000000 
0.000000 
0.000000 
0.000000 
0.000000 
0.000000 
0.000000 
0.000000 
0.000000 
0.000000 
0.000000 
0.000000 
0.000000 
0.000000 
0.000000 
0.000000 
0.000000 
0.000000 
0.000000 
0.000000 
0.000000 
0.000000 
0.000000 
0.000000 
0.000000 
0.000000 
0.000000 
0.000000 
0.000000 
0.000000 
0.000000 
0.000000 
0.000000 
0.000000 
0.000000 
0.000000 
0.000000 
0.000000 
0.000000 
0.000000 
0.000000 
0.000000 
0.000000 
0.000000 
0.000021 
0.000085 
0.000171 
0.000317 
0.000324 
0.000515 
0.000736 
0.000942 
0.001141 
0.001395 
0.001826 
0.002305 
0.002560 
0.003086 
0.004107 
0.005245 
0.005335 
0.006119 
0.007961 
0.007645 
0.010462 
0.010698 
0.011808 
0.011633 
0.012129 
0.011809 
0.013859 
0.011655 
0.012119 
0.013502 
0.012861 
0.013748 
0.012233 
0.011210 
0.012411 
0.011431 
0.010837 
0.012694 
0.011857 
0.011167 
0.013170 
0.013204 
0.012628 
0.014951 
0.015195 
0.016948 
0.017878 
0.019355 
0.024938 
0.023919 
0.025585 
0.026474 
0.026493 
0.028618 
0.026773 
0.025993 
0.026300 
0.024340 
0.028823 
0.026519 
0.026548 
0.026077 
0.028891 
0.033133 
0.025490 
0.029764 
0.028483 
0.041434 
0.033391 
0.032663 
0.034719 
0.038591 
0.042412 
0.033891 
0.035515 
0.040682 
0.037593 
0.041233 
0.036096 
0.037327 
0.031307 
0.044609 
0.035241 
0.048580 
0.045398 
0.047879 
0.045874 
0.041738 
0.040928 
0.040318 
0.056309 
0.052881 
0.049905 
0.049523 
0.052232 
0.041288 
0.053296 
0.057881 
0.059304 
0.061066 
0.058603 
0.064001 
0.069303 
0.084512 
0.081706 
0.078716 
0.090280 
0.093770 
0.124218 
0.122666 
0.149772 
0.131400 
0.136690 
0.145127 
0.131524 
0.126593 
0.117306 
0.102461 
0.119005 
0.127998 
0.121821 
0.130817 
0.118007 
0.132108 
0.133901 
0.143635 
0.136439 
0.135218 
0.176165 
0.125572 
0.136865 
0.179797 
0.180662 
0.157030 
0.143251 
0.142980 
0.196546 
0.253552 
0.230807 
0.245962 
0.249967 
0.226679 
0.255814 
0.274505 
0.285967 
0.285475 
0.266337 
0.387564 
0.403370 
0.463937 
0.358471 
0.402121 
0.393855 
0.300429 
0.322266 
0.336845 
0.299722 
0.311505 
0.329609 
0.321543 
0.275634 
0.340707 
0.371495 
0.310810 
0.292017 
0.299075 
0.332257 
0.357928 
0.293051 
0.312970 
0.264223 
0.316643 
0.334239 
0.287340 
0.281788 
0.261392 
0.362698 
0.403317 
0.309519 
0.452355 
0.409155 
0.364951 
0.364821 
0.368812 
0.329871 
0.346780 
0.358029 
0.336916 
0.358938 
0.276878 
0.290475 
0.288772 
0.301038 
0.474837 
0.371884 
0.370243 
0.419178 
0.322599 
0.447120 
0.375530 
0.475765 
0.463384 
0.577992 
0.455336 
0.480303 
0.509037 
0.512636 
0.458489 
0.492926 
0.467242 
0.613591 
0.599567 
0.582781 
0.543257 
0.602159 
0.707234 
0.518198 
0.561900 
0.563009 
0.567863 
0.595865 
0.754805 
0.656304 
0.617878 
0.672343 
0.685487 
0.674281 
0.743991 
0.805051 
0.857288 
0.693264 
0.587366 
0.766362 
0.812857 
0.691358 
0.831124 
0.684874 
0.645830 
0.604472 
0.630614 
0.504092 
0.513338 
0.417054 
0.295064 
0.236521 
0.251010 
0.352299 
0.412022 
0.599176 
0.593774 
0.652374 
0.600400 
0.709438 
0.689648 
0.613040 
0.638499 
0.637888 
0.611400 
0.512749 
0.673731 
0.662749 
0.700262 
0.656437 
0.534349 
0.684457 
0.793530 
0.715813 
0.715558 
0.801519 
0.713224 
0.676103 
0.732429 
0.695403 
0.768494 
0.752265 
0.679980 
0.584723 
0.697978 
0.601361 
0.626321 
0.608949 
0.564887 
0.607219 
0.813352 
0.744546 
0.830980 
0.670172 
0.533502 
0.442573 
0.332477 
0.306164 
0.226394 
0.148329 
0.146355 
0.108783 
0.175259 
0.270211 
0.312230 
0.520421 
0.493479 
0.636088 
0.612994 
0.714011 
0.736760 
0.792427 
0.770182 
0.752925 
0.983353 
0.815624 
0.830030 
0.882605 
0.819745 
0.922985 
0.809991 
0.773693 
0.805860 
0.963895 
0.909117 
0.926525 
0.782456 
0.752880 
0.935159 
0.888120 
0.897938 
0.933026 
0.718892 
0.756206 
0.934326 
0.907958 
0.869314 
0.828242 
0.777399 
0.885642 
0.840236 
0.919880 
0.834378 
0.897894 
0.975200 
0.705559 
1.053851 
1.071253 
0.962495 
1.012618 
0.697284 
0.917877 
0.838570 
0.969165 
0.971123 
0.909673 
0.910491 
1.108150 
1.076591 
1.001087 
1.120328 
0.951619 
1.096373 
0.945793 
1.148732 
0.894475 
0.962537 
1.011407 
0.894782 
0.855201 
0.854013 
0.923743 
0.840059 
1.025676 
1.027259 
1.191308 
1.222005 
1.024888 
0.788650 
0.814704 
0.616492 
0.621309 
0.615191 
0.672556 
0.613081 
0.703166 
0.892897 
0.747671 
0.891983 
1.114531 
1.019193 
1.035598 
1.158075 
1.194172 
1.056397 
1.086443 
0.939596 
1.079088 
0.782777 
0.813722 
0.654289 
0.794692 
0.690261 
0.482974 
0.604914 
0.552522 
0.559503 
0.604889 
0.881391 
0.862024 
1.149101 
1.048288 
1.220297 
0.892100 
0.971408 
1.130101 
0.980606 
0.866537 
0.886552 
0.771636 
0.803368 
0.585500 
0.621584 
0.973796 
0.899792 
1.070166 
1.102738 
1.050679 
1.281386 
1.205378 
1.140472 
1.024342 
1.125927 
1.134547 
0.789494 
0.977877 
0.910983 
0.754046 
1.101202 
1.101291 
1.034698 
1.281647 
1.287575 
1.081899 
1.070354 
0.834959 
0.928981 
0.660155 
0.573032 
0.373812 
0.267889 
0.244318 
0.235529 
0.206419 
0.278068 
0.280759 
0.203409 
0.256777 
0.476518 
0.576836 
0.768897 
0.979757 
1.043917 
1.202141 
1.224498 
1.294077 
1.266088 
1.052158 
1.166732 
1.175551 
1.170965 
1.353771 
1.230073 
1.012289 
0.973964 
1.247265 
1.222465 
1.376964 
1.145709 
1.340482 
1.116640 
1.218128 
1.080912 
1.370033 
1.207288 
1.148627 
0.918586 
0.848262 
0.751406 
0.552230 
0.399302 
0.319123 
0.282466 
0.375657 
0.410143 
0.537232 
0.548646 
0.576611 
0.732409 
0.572632 
0.616807 
0.623040 
0.588921 
0.604862 
0.396129 
0.458973 
0.442760 
0.426928 
0.420844 
0.745280 
0.714894 
0.778404 
0.855969 
0.880273 
0.954088 
1.050770 
0.826322 
0.852518 
0.890372 
0.650959 
0.494102 
0.481036 
0.416025 
0.546527 
0.461324 
0.493577 
0.538980 
0.463900 
0.417682 
0.537178 
0.478658 
0.505040 
0.381910 
0.522402 
0.565792 
0.565221 
0.606178 
0.537651 
0.555497 
0.741241 
0.714763 
0.724162 
0.781093 
0.901138 
1.177289 
1.054121 
1.170382 
1.176216 
1.171409 
1.047695 
1.027971 
0.834326 
0.726438 
0.681880 
0.644649 
0.494032 
0.366266 
0.464056 
0.348048 
0.344953 
0.280270 
0.319865 
0.382864 
0.384432 
0.448489 
0.437679 
0.664215 
0.954785 
0.890158 
1.003836 
1.277492 
1.499161 
1.274055 
1.198025 
1.225670 
0.830957 
1.259132 
1.154326 
1.051765 
1.119231 
1.071874 
0.947129 
1.184699 
1.068017 
0.887492 
1.211445 
1.107647 
1.064792 
1.012424 
1.255238 
0.983804 
1.085108 
1.143128 
0.994780 
1.136758 
1.236922 
1.174146 
1.136695 
1.250276 
1.020290 
1.048087 
1.027126 
1.051207 
1.079114 
1.141407 
1.033959 
1.313928 
0.900043 
1.180737 
0.845596 
0.903134 
0.807887 
0.935792 
0.833494 
1.068233 
0.949582 
1.181178 
1.111488 
1.108000 
1.171813 
1.069574 
0.994473 
1.073237 
0.960415 
1.005434 
1.029292 
1.088525 
0.888576 
1.032054 
0.972642 
1.113898 
1.262396 
1.263944 
1.055536 
0.872200 
0.879831 
0.765834 
0.817821 
0.701759 
0.751832 
0.654570 
0.644292 
0.641761 
0.813886 
1.064558 
1.071480 
0.978587 
1.287874 
1.196291 
1.173484 
1.043428 
0.982935 
1.102241 
0.980915 
1.040931 
1.036036 
0.959090 
1.008122 
1.104235 
1.048546 
1.036268 
0.793404 
0.920996 
0.878263 
0.922899 
0.751918 
0.896616 
0.721643 
0.809328 
0.661117 
0.867058 
0.803488 
0.849681 
0.824677 
0.593638 
0.831593 
0.717170 
0.686245 
0.815033 
0.944148 
0.822081 
0.910752 
0.898062 
0.870850 
0.864200 
0.792508 
0.733769 
0.809431 
0.667768 
0.474521 
0.404675 
0.350770 
0.315369 
0.283608 
0.268495 
0.269680 
0.239073 
0.262799 
0.231832 
0.257045 
0.256765 
0.297888 
0.242326 
0.256320 
0.282938 
0.248057 
0.313224 
0.323809 
0.388210 
0.403665 
0.448890 
0.603770 
0.638863 
0.648318 
0.759979 
0.798063 
0.680419 
0.857670 
0.784796 
0.738322 
0.745536 
0.515543 
0.509195 
0.581033 
0.568746 
0.469011 
0.448767 
0.443943 
0.352755 
0.457222 
0.527286 
0.410779 
0.509529 
0.411316 
0.472829 
0.523295 
0.531667 
0.427497 
0.736431 
0.796064 
0.858884 
0.984325 
0.737751 
0.897344 
0.755219 
0.653287 
0.862313 
0.785581 
0.697580 
0.668083 
0.701238 
0.576665 
0.497179 
0.487143 
0.579366 
0.545250 
0.502286 
0.491604 
0.500764 
0.477399 
0.476365 
0.616241 
0.456878 
0.383587 
0.490021 
0.648121 
0.708937 
0.657822 
0.612851 
0.637389 
0.695232 
0.699332 
0.649405 
0.560596 
0.360715 
0.382954 
0.415128 
0.469245 
0.425647 
0.500150 
0.601274 
0.441955 
0.577983 
0.469609 
0.350504 
0.273928 
0.337146 
0.296949 
0.269052 
0.314433 
0.293562 
0.416725 
0.342116 
0.338822 
0.334867 
0.341060 
0.311185 
0.308226 
0.338136 
0.367389 
0.247558 
0.288735 
0.266971 
0.265058 
0.235678 
0.271295 
0.235602 
0.225832 
0.196537 
0.210655 
0.196684 
0.190646 
0.156459 
0.177933 
0.135368 
0.169066 
0.113618 
0.122353 
0.109135 
0.123371 
0.117007 
0.104996 
0.094509 
0.110101 
0.114812 
0.088398 
0.105128 
0.097160 
0.103158 
0.104715 
0.106264 
0.113580 
0.106198 
0.093632 
0.106209 
0.130870 
0.113124 
0.105418 
0.122949 
0.131399 
0.124791 
0.132199 
0.125398 
0.128488 
0.166738 
0.153889 
0.158199 
0.157805 
0.152519 
0.143841 
0.183334 
0.184292 
0.171061 
0.184605 
0.206405 
0.187038 
0.188253 
0.163856 
0.146685 
0.192416 
0.190098 
0.189355 
0.162531 
0.185897 
0.210730 
0.221446 
0.237121 
0.210454 
0.243245 
0.217326 
0.208284 
0.248981 
0.285542 
0.335429 
0.401713 
0.423290 
0.411678 
0.391694 
0.429162 
0.273402 
0.357182 
0.398094 
0.283421 
0.310471 
0.232227 
0.225306 
0.173832 
0.198629 
0.182035 
0.150814 
0.158303 
0.189779 
0.177455 
0.158040 
0.139530 
0.095681 
0.127811 
0.085857 
0.097066 
0.094733 
0.099966 
0.098006 
0.089443 
0.066786 
0.072264 
0.077662 
0.051503 
0.070207 
0.072121 
0.078220 
0.081121 
0.070315 
0.081596 
0.080355 
0.088507 
0.074484 
0.073647 
0.077224 
0.071592 
0.074683 
0.078796 
0.064754 
0.080610 
0.079301 
0.082334 
0.084452 
0.080674 
0.102833 
0.077435 
0.074101 
0.084022 
0.070551 
0.066582 
0.069000 
0.058346 
0.052483 
0.052820 
0.052770 
0.048851 
0.044106 
0.046434 
0.036271 
0.039954 
0.038132 
0.037618 
0.033796 
0.033093 
0.031547 
0.034172 
0.033771 
0.033936 
0.037057 
0.031042 
0.034511 
0.030984 
0.030207 
0.024879 
0.025987 
0.024150 
0.019040 
0.017848 
0.019036 
0.017006 
0.017326 
0.014580 
0.016056 
0.012801 
0.012634 
0.012447 
0.011698 
0.010476 
0.009092 
0.009100 
0.008326 
0.008852 
0.005725 
0.007008 
0.006938 
0.008326 
0.007899 
0.007339 
0.008791 
0.007712 
0.008045 
0.009296 
0.007408 
0.008343 
0.009404 
0.008765 
0.007101 
0.007079 
0.008871 
0.005862 
0.005871 
0.005632 
0.004262 
0.003994 
0.003586 
0.002651 
0.003496 
0.002776 
0.002981 
0.002629 
0.002795 
0.003408 
0.002505 
0.002925 
0.003202 
0.002646 
0.002409 
0.002487 
0.002761 
0.002681 
0.002694 
0.002017 
0.002148 
0.001587 
0.001520 
0.001180 
0.001213 
0.001033 
0.000917 
0.000738 
0.000479 
0.000341 
0.000184 
0.000094 
0.000051 
0.000035 
0.000016 
0.000004 
0.000000 
0.000000 
0.000000 
0.000000 
0.000000 
0.000000 
0.000000 
0.000000 
0.000000 
0.000000 
0.000000 
0.000000 
0.000000 
0.000000 
0.000000 
0.000000 
0.000000 
0.000000 
0.000000 
0.000000 
0.000000 
0.000000 
0.000000 
0.000000 
0.000000 
0.000000 
0.000000 
0.000000 
0.000000 
0.000000 
0.000000 
0.000000 
0.000000 
0.000000 
0.000000 
0.000000 
0.000000 
0.000000 
0.000000 
0.000000 
0.000000 
0.000000 
0.000000 
0.000000 
0.000000 
0.000000 
0.000000 
0.000000 
0.000000 
0.000000 
0.000000 
0.000000 
0.000000 
0.000000 
0.000000 
0.000000 
0.000000 
0.000000 
0.000000 
0.000000 
0.000000 
0.000000 
0.000000 
0.000000 
0.000000 
0.000000 
0.000000 
0.000000 
0.000000 
0.000000 
0.000000 
0.000000 
0.000000 
0.000000 
0.000000 
0.000000 
0.000000 
0.000000 
0.000000 
0.000000 
0.000000 
0.000000 
0.000000 
0.000000 
0.000000 
0.000000 
0.000000 
0.000000 
0.000000 
0.000000 
0.000000 
0.000000 
0.000000 
0.000000 
0.000000 
0.000000 
0.000000 
0.000000 
0.000000 
0.000000 
0.000000 
0.000000 
0.000000 
0.000000 
0.000000 
0.000000 
0.000000 
0.000000 
0.000000 
0.000000 
0.000000 
0.000000 
0.000000 
0.000000 
0.000000 
0.000000 
0.000000 
0.000000 
0.000000 
0.000000 
0.000000 
0.000000 
0.000000 
0.000000 
0.000000 
0.000000 
0.000000 
0.000000 
0.000000 
0.000000 
0.000000 
0.000000 
0.000000 
0.000000 
0.000000 
0.000000 
0.000000 
0.000000 
0.000000 
0.000000 
0.000000 
0.000000 
0.000000 
0.000000 
0.000000 
0.000000 
0.000000 
0.000000 
0.000000 
0.000000 
0.000000 
0.000000 
0.000000 
0.000000 
0.000000 
0.000000 
0.000000 
0.000000 
0.000000 
0.000000 
0.000000 
0.000000 
0.000000 
0.000000 
0.000000 
0.000000 
0.000000 
0.000000 
0.000000 
0.000000 
0.000000 
0.000000 
0.000000 
0.000000 
0.000000 
0.000000 
0.000000 
0.000000 
0.000000 
0.000000 
0.000000 
0.000000 
0.000000 
0.000000 
0.000000 
0.000000 
0.000000 
0.000000 
0.000000 
0.000000 
0.000000 
