0.034500 
0.034500 
0.034500 
0.034500 
0.034500 
0.034500 
0.034500 
0.034500 
0.034500 
0.034500 
0.034500 
0.034500 
0.034500 
0.034500 
0.034500 
0.034500 
0.034500 
0.034500 
0.034500 
0.034500 
0.034500 
0.034500 
0.034500 
0.034500 
0.034500 
0.034500 
0.034500 
0.034500 
0.034500 
0.034500 
0.034500 
0.034500 
0.034500 
0.034500 
0.034500 
0.034500 
0.034500 
0.034500 
0.034500 
0.034500 
0.034500 
0.034500 
0.034500 
0.034500 
0.034500 
0.034500 
0.034500 
0.034500 
0.034500 
0.034500 
0.034500 
0.034500 
0.034500 
0.034500 
0.034500 
0.034500 
0.034500 
0.034500 
0.034500 
0.034500 
0.034500 
0.034500 
0.034500 
0.034500 
0.034500 
0.034500 
0.034500 
0.034500 
0.034500 
0.034500 
0.034500 
0.034500 
0.034500 
0.034500 
0.034500 
0.034500 
0.034500 
0.034500 
0.034500 
0.034500 
0.034500 
0.034500 
0.034500 
0.034500 
0.034500 
0.034500 
0.034500 
0.034500 
0.034500 
0.034500 
0.034500 
0.034500 
0.034500 
0.034500 
0.034500 
0.034500 
0.034500 
0.034500 
0.034500 
0.034500 
0.034500 
0.034500 
0.034500 
0.034500 
0.034500 
0.034500 
0.034500 
0.034500 
0.034500 
0.034500 
0.034500 
0.034500 
0.034500 
0.034500 
0.034500 
0.034500 
0.034500 
0.034500 
0.034500 
0.034500 
0.034500 
0.034500 
0.034500 
0.034500 
0.034500 
0.034500 
0.034500 
0.034500 
0.034500 
0.034500 
0.034500 
0.034500 
0.034500 
0.034500 
0.034500 
0.034500 
0.034500 
0.034500 
0.034500 
0.034500 
0.034500 
0.034500 
0.034500 
0.034500 
0.034500 
0.034500 
0.034500 
0.034500 
0.034500 
0.034500 
0.034500 
0.034500 
0.034500 
0.034500 
0.034500 
0.034500 
0.034500 
0.034500 
0.034500 
0.034500 
0.034500 
0.034500 
0.034500 
0.034500 
0.034500 
0.034500 
0.034500 
0.034500 
0.034500 
0.034500 
0.034500 
0.034500 
0.034500 
0.034500 
0.034500 
0.034500 
0.034500 
0.034500 
0.034500 
0.034500 
0.034500 
0.034500 
0.034500 
0.034500 
0.034500 
0.034500 
0.034500 
0.034500 
0.034500 
0.034500 
0.034500 
0.034500 
0.034500 
0.034500 
0.034500 
0.034500 
0.034500 
0.034500 
0.034500 
0.034500 
0.034500 
0.034500 
0.034500 
0.034500 
0.034500 
0.034500 
0.034500 
0.034500 
0.034500 
0.034500 
0.034500 
0.034500 
0.034500 
0.034500 
0.034500 
0.034500 
0.034500 
0.034500 
0.034500 
0.034500 
0.034500 
0.034500 
0.034500 
0.034500 
0.034500 
0.034500 
0.034500 
0.034500 
0.034500 
0.034500 
0.034500 
0.034500 
0.034500 
0.034500 
0.034500 
0.034500 
0.034500 
0.034500 
0.034500 
0.034500 
0.034500 
0.034500 
0.034500 
0.034500 
0.034500 
0.034500 
0.034500 
0.034500 
0.034500 
0.034500 
0.034500 
0.034500 
0.034500 
0.034500 
0.034500 
0.034500 
0.034500 
0.034500 
0.034500 
0.034500 
0.034500 
0.034500 
0.034500 
0.034500 
0.034500 
0.034500 
0.034500 
0.034500 
0.034500 
0.034500 
0.034500 
0.034500 
0.034500 
0.034500 
0.034500 
0.034500 
0.034500 
0.034500 
0.034500 
0.034500 
0.034500 
0.034500 
0.034500 
0.034500 
0.034500 
0.034500 
0.034500 
0.034500 
0.034500 
0.034500 
0.034500 
0.034500 
0.034500 
0.034500 
0.034500 
0.034500 
0.034500 
0.034500 
0.034500 
0.034500 
0.034500 
0.034500 
0.034500 
0.034500 
0.034500 
0.034500 
0.034500 
0.034500 
0.034500 
0.034500 
0.034500 
0.034500 
0.034500 
0.034500 
0.034500 
0.034500 
0.034500 
0.034500 
0.034500 
0.034500 
0.034500 
0.034500 
0.034500 
0.034500 
0.034500 
0.034500 
0.034500 
0.034500 
0.034500 
0.034500 
0.034500 
0.034500 
0.034500 
0.034500 
0.034500 
0.034500 
0.034500 
0.034500 
0.034500 
0.034500 
0.034500 
0.034500 
0.034500 
0.034500 
0.034500 
0.034500 
0.034500 
0.034500 
0.034500 
0.034500 
0.034500 
0.034500 
0.034500 
0.034500 
0.034500 
0.034500 
0.034500 
0.034500 
0.034500 
0.034500 
0.034500 
0.034500 
0.034500 
0.034500 
0.034500 
0.034500 
0.034500 
0.034500 
0.034500 
0.034500 
0.034500 
0.034500 
0.034500 
0.034500 
0.034500 
0.034500 
0.034500 
0.034500 
0.034500 
0.034500 
0.034500 
0.034500 
0.034500 
0.034500 
0.034500 
0.034500 
0.034500 
0.034500 
0.034500 
0.034500 
0.034500 
0.034500 
0.034500 
0.034500 
0.034500 
0.034500 
0.034500 
0.034500 
0.034500 
0.034500 
0.034500 
0.034500 
0.034500 
0.034500 
0.034500 
0.034500 
0.034500 
0.034500 
0.034500 
0.034500 
0.034500 
0.034500 
0.034500 
0.034500 
0.034500 
0.034500 
0.034500 
0.034500 
0.034500 
0.034500 
0.039586 
0.052277 
0.068726 
0.085083 
0.097500 
0.106121 
0.113808 
0.120783 
0.127272 
0.133500 
0.139112 
0.144011 
0.148803 
0.154097 
0.160500 
0.170605 
0.184346 
0.198345 
0.209223 
0.213600 
0.206948 
0.190441 
0.169249 
0.148545 
0.133500 
0.123927 
0.115812 
0.108583 
0.101670 
0.094500 
0.085964 
0.076437 
0.067578 
0.061046 
0.058500 
0.443758 
1.362449 
2.458951 
3.377642 
3.762900 
3.376706 
2.455783 
1.356617 
0.435694 
0.049500 
0.053244 
0.062172 
0.072828 
0.081756 
0.085500 
0.081756 
0.072828 
0.062172 
0.053244 
0.049500 
0.049500 
0.049500 
0.049500 
0.049500 
0.049500 
0.048794 
0.047023 
0.044705 
0.042358 
0.040500 
0.038954 
0.037351 
0.035921 
0.034894 
0.034500 
0.034500 
0.034500 
0.034500 
0.034500 
0.034500 
0.034500 
0.034500 
0.034500 
0.034500 
0.034500 
0.034500 
0.034500 
0.034500 
0.034500 
0.034500 
0.034500 
0.034500 
0.034500 
0.034500 
0.034500 
0.034500 
0.034500 
0.034500 
0.034500 
0.034500 
0.034500 
0.034500 
0.034500 
0.034500 
0.034500 
0.034500 
0.034500 
0.034500 
0.034500 
0.034500 
0.034500 
0.034500 
0.034500 
0.034500 
0.034500 
0.034500 
0.034500 
0.034500 
0.034500 
0.034500 
0.034500 
0.034500 
0.034500 
0.034500 
0.034500 
0.034500 
0.034500 
0.034500 
0.034500 
0.034500 
0.034500 
0.034500 
0.034500 
0.034500 
0.034500 
0.034500 
0.034500 
0.034500 
0.034500 
0.034500 
0.034500 
0.034500 
0.034500 
0.034500 
0.034500 
0.034500 
0.034500 
0.034500 
0.034500 
0.034500 
0.034500 
0.034500 
0.034500 
0.034500 
0.034500 
0.034500 
0.034500 
0.034500 
0.034500 
0.034500 
0.034500 
0.034500 
0.034500 
0.034500 
0.034500 
0.034500 
0.034500 
0.034500 
0.034500 
0.034500 
0.034500 
0.034500 
0.034500 
0.034500 
0.034500 
0.034500 
0.034500 
0.034500 
0.034500 
0.034500 
0.125900 
0.343855 
0.603995 
0.821950 
0.913350 
0.892258 
0.838355 
0.765703 
0.688364 
0.620400 
0.561810 
0.503220 
0.444630 
0.386040 
0.327450 
0.259486 
0.182147 
0.109495 
0.055592 
0.034500 
0.034500 
0.034500 
0.034500 
0.034500 
0.034500 
0.125900 
0.343855 
0.603995 
0.821950 
0.913350 
0.821950 
0.603995 
0.343855 
0.125900 
0.034500 
0.034500 
0.034500 
0.034500 
0.034500 
0.034500 
0.034500 
0.034500 
0.034500 
0.034500 
0.034500 
0.034500 
0.034500 
0.034500 
0.034500 
0.034500 
0.034500 
0.034500 
0.034500 
0.034500 
0.034500 
0.034500 
0.034500 
0.034500 
0.034500 
0.034500 
0.034500 
0.034500 
0.034500 
0.034500 
0.034500 
0.035031 
0.036418 
0.038349 
0.040513 
0.042600 
0.045108 
0.048276 
0.051406 
0.053797 
0.054750 
0.054750 
0.054750 
0.054750 
0.054750 
0.054750 
0.054750 
0.054750 
0.054750 
0.054750 
0.054750 
0.054750 
0.054750 
0.054750 
0.054750 
0.054750 
0.054750 
0.054750 
0.054750 
0.054750 
0.054750 
0.054750 
0.054750 
0.054750 
0.054750 
0.054750 
0.054750 
0.054750 
0.054750 
0.054750 
0.054750 
0.062737 
0.082288 
0.106786 
0.129612 
0.144150 
0.151826 
0.158414 
0.163818 
0.167945 
0.170700 
0.172659 
0.174384 
0.175760 
0.176671 
0.177000 
0.177000 
0.177000 
0.177000 
0.177000 
0.177000 
0.177000 
0.177000 
0.177000 
0.177000 
0.177000 
0.177000 
0.177000 
0.177000 
0.177000 
0.177000 
0.177000 
0.177000 
0.177000 
0.177000 
0.177000 
0.175523 
0.171920 
0.167436 
0.163314 
0.160800 
0.159549 
0.158441 
0.157554 
0.156964 
0.156750 
0.157067 
0.157940 
0.159256 
0.160897 
0.162750 
0.165942 
0.170982 
0.176826 
0.182430 
0.186750 
0.189593 
0.191791 
0.193843 
0.196247 
0.199500 
0.206016 
0.215995 
0.226617 
0.235059 
0.238500 
0.236628 
0.232164 
0.226836 
0.222372 
0.220500 
0.220500 
0.220500 
0.220500 
0.220500 
0.220500 
0.220500 
0.220500 
0.220500 
0.220500 
0.220500 
0.219734 
0.217866 
0.215541 
0.213404 
0.212100 
0.211452 
0.210877 
0.210417 
0.210111 
0.210000 
0.210000 
0.210000 
0.210000 
0.210000 
0.210000 
0.270934 
0.416237 
0.589663 
0.734966 
0.795900 
0.777241 
0.729164 
0.663522 
0.592167 
0.526950 
0.456741 
0.373482 
0.293632 
0.233651 
0.210000 
0.210000 
0.210000 
0.210000 
0.210000 
0.210000 
0.209327 
0.207470 
0.204676 
0.201187 
0.197250 
0.189335 
0.176360 
0.162244 
0.150901 
0.146250 
0.146250 
0.146250 
0.146250 
0.146250 
0.146250 
0.146250 
0.146250 
0.146250 
0.146250 
0.146250 
0.146250 
0.146250 
0.146250 
0.146250 
0.146250 
0.145040 
0.141727 
0.136783 
0.130683 
0.123900 
0.111236 
0.091111 
0.069429 
0.052091 
0.045000 
0.045000 
0.045000 
0.045000 
0.045000 
0.045000 
0.045000 
0.045000 
0.045000 
0.045000 
0.045000 
0.045000 
0.045000 
0.045000 
0.045000 
0.045000 
0.045000 
0.045000 
0.045000 
0.045000 
0.045000 
0.045000 
0.045000 
0.045000 
0.045000 
0.045000 
0.045000 
0.045000 
0.045000 
0.045000 
0.045000 
0.105934 
0.251237 
0.424663 
0.569966 
0.630900 
0.609808 
0.555905 
0.483253 
0.405914 
0.337950 
0.269986 
0.192647 
0.119995 
0.066092 
0.045000 
0.045000 
0.045000 
0.045000 
0.045000 
0.045000 
0.045000 
0.045000 
0.045000 
0.045000 
0.045000 
0.045000 
0.045000 
0.045000 
0.045000 
0.045000 
0.045000 
0.045000 
0.045000 
0.045000 
0.045000 
0.044724 
0.044005 
0.043004 
0.041882 
0.040800 
0.039500 
0.037857 
0.036234 
0.034994 
0.034500 
0.034500 
0.034500 
0.034500 
0.034500 
0.034500 
0.034500 
0.034500 
0.034500 
0.034500 
0.034500 
0.034500 
0.034500 
0.034500 
0.034500 
0.034500 
0.034500 
0.034500 
0.034500 
0.034500 
0.034500 
0.034500 
0.034500 
0.034500 
0.034500 
0.034500 
0.034500 
0.034500 
0.034500 
0.034500 
0.034500 
0.034500 
0.034500 
0.034500 
0.034500 
0.034500 
0.034500 
0.034500 
0.034500 
0.034500 
0.034500 
0.034500 
0.034500 
0.034500 
0.034500 
0.034500 
0.034500 
0.034500 
0.034500 
0.034500 
0.034500 
0.034500 
0.034500 
0.034500 
0.034500 
0.034500 
0.034500 
0.034500 
0.034500 
0.034500 
0.034500 
0.034500 
0.034500 
0.034500 
0.034500 
0.034500 
0.034500 
0.034500 
0.034500 
0.034500 
0.034500 
0.034500 
0.034500 
0.034500 
0.034500 
0.034500 
0.034500 
0.034500 
0.034500 
0.034500 
0.034500 
0.034500 
0.034500 
0.034500 
0.034500 
0.034500 
0.034500 
0.034500 
0.034500 
0.034500 
0.034500 
0.034500 
0.034500 
0.034500 
0.034500 
0.034500 
0.034500 
0.034500 
0.034500 
0.034500 
0.034500 
0.034500 
0.034500 
0.034500 
0.034500 
0.034500 
0.036606 
0.041628 
0.047622 
0.052644 
0.054750 
0.054750 
0.054750 
0.054750 
0.054750 
0.054750 
0.054750 
0.054750 
0.054750 
0.054750 
0.054750 
0.054750 
0.054750 
0.054750 
0.054750 
0.054750 
0.054750 
0.054750 
0.054750 
0.054750 
0.054750 
0.054750 
0.054750 
0.054750 
0.054750 
0.054750 
0.075842 
0.129745 
0.202397 
0.279736 
0.347700 
0.415664 
0.493003 
0.565655 
0.619558 
0.640650 
0.591744 
0.475122 
0.335928 
0.219306 
0.170400 
0.171632 
0.174571 
0.178079 
0.181018 
0.182250 
0.180612 
0.176706 
0.172044 
0.168138 
0.166500 
0.166500 
0.166500 
0.166500 
0.166500 
0.166500 
0.183910 
0.225425 
0.274975 
0.316490 
0.333900 
0.316985 
0.276459 
0.227650 
0.185887 
0.166500 
0.163991 
0.162357 
0.161167 
0.159992 
0.158400 
0.155892 
0.152724 
0.149594 
0.147203 
0.146250 
0.146250 
0.146250 
0.146250 
0.146250 
0.146250 
0.146250 
0.146250 
0.146250 
0.146250 
0.146250 
0.146250 
0.146250 
0.146250 
0.146250 
0.146250 
0.237650 
0.455605 
0.715745 
0.933700 
1.025100 
0.933700 
0.715745 
0.455605 
0.237650 
0.146250 
0.146250 
0.146250 
0.146250 
0.146250 
0.146250 
0.146250 
0.146250 
0.146250 
0.146250 
0.146250 
0.146250 
0.146250 
0.146250 
0.146250 
0.146250 
0.146250 
0.146250 
0.146250 
0.146250 
0.146250 
0.146250 
0.146250 
0.146250 
0.146250 
0.146250 
0.146250 
0.146250 
0.146250 
0.146250 
0.146250 
0.146250 
0.146250 
0.146250 
0.146250 
0.146250 
0.146689 
0.147928 
0.149848 
0.152328 
0.155250 
0.163086 
0.177284 
0.193190 
0.206147 
0.211500 
0.211500 
0.211500 
0.211500 
0.211500 
0.211500 
0.211500 
0.211500 
0.211500 
0.211500 
0.211500 
0.199878 
0.172164 
0.139086 
0.111372 
0.099750 
0.099750 
0.099750 
0.099750 
0.099750 
0.099750 
0.099750 
0.099750 
0.099750 
0.099750 
0.099750 
0.099750 
0.099750 
0.099750 
0.099750 
0.099750 
0.099750 
0.099750 
0.099750 
0.099750 
0.099750 
0.099750 
0.099750 
0.099750 
0.099750 
0.099750 
0.099750 
0.099750 
0.099750 
0.099750 
0.099750 
0.099750 
0.099750 
0.099750 
0.099750 
0.099750 
0.099750 
0.099750 
0.099750 
0.099750 
0.099750 
0.105366 
0.118758 
0.134742 
0.148134 
0.153750 
0.148134 
0.134742 
0.118758 
0.105366 
0.099750 
0.101245 
0.105082 
0.110285 
0.115883 
0.120900 
0.124965 
0.128729 
0.132756 
0.137609 
0.143850 
0.154595 
0.170718 
0.189418 
0.207895 
0.223350 
0.237273 
0.251707 
0.264685 
0.274239 
0.278400 
0.279022 
0.279379 
0.279634 
0.279954 
0.280500 
0.282052 
0.284778 
0.287928 
0.290752 
0.292500 
0.293426 
0.294247 
0.294905 
0.295342 
0.295500 
0.289757 
0.275823 
0.258641 
0.243152 
0.234300 
0.230611 
0.227436 
0.224950 
0.223329 
0.222750 
0.222750 
0.222750 
0.222750 
0.222750 
0.222750 
0.224076 
0.227238 
0.231012 
0.234174 
0.235500 
0.233004 
0.227052 
0.219948 
0.213996 
0.211500 
0.214219 
0.221506 
0.232054 
0.244554 
0.257700 
0.277538 
0.305998 
0.335592 
0.358838 
0.368250 
0.366378 
0.361914 
0.356586 
0.352122 
0.350250 
0.352668 
0.358434 
0.365316 
0.371082 
0.373500 
0.371707 
0.367112 
0.360894 
0.354231 
0.348300 
0.343358 
0.338616 
0.333692 
0.328198 
0.321750 
0.311776 
0.298192 
0.284344 
0.273581 
0.269250 
0.269250 
0.269250 
0.269250 
0.269250 
0.269250 
0.269250 
0.269250 
0.269250 
0.269250 
0.269250 
0.275568 
0.290634 
0.308616 
0.323682 
0.330000 
0.327570 
0.321011 
0.311423 
0.299903 
0.287550 
0.267647 
0.238122 
0.207044 
0.182481 
0.172500 
0.178740 
0.193620 
0.211380 
0.226260 
0.232500 
0.211908 
0.162804 
0.104196 
0.055092 
0.034500 
0.034500 
0.034500 
0.034500 
0.034500 
0.034500 
0.034500 
0.034500 
0.034500 
0.034500 
0.034500 
0.034500 
0.034500 
0.034500 
0.034500 
0.034500 
0.034500 
0.034500 
0.034500 
0.034500 
0.034500 
0.034500 
0.034500 
0.034500 
0.034500 
0.034500 
0.034500 
0.034500 
0.034500 
0.034500 
0.034500 
0.034500 
0.034500 
0.034500 
0.034500 
0.034500 
0.034500 
0.034500 
0.034500 
0.034500 
0.034500 
0.034500 
0.034500 
0.034500 
0.034500 
0.034500 
0.034500 
0.034500 
0.034500 
0.034500 
0.034500 
0.034500 
0.034500 
0.034500 
0.034500 
0.034500 
0.034500 
0.034500 
0.034500 
0.034500 
0.034500 
0.034500 
0.034500 
0.034500 
0.034500 
0.034500 
