0.033750 
0.033750 
0.033750 
0.033750 
0.033750 
0.033750 
0.033750 
0.033750 
0.033750 
0.033750 
0.033750 
0.033750 
0.033750 
0.033750 
0.033750 
0.033750 
0.033750 
0.033750 
0.033750 
0.033750 
0.033750 
0.033750 
0.033750 
0.033750 
0.033750 
0.033750 
0.033750 
0.033750 
0.033750 
0.033750 
0.033750 
0.033750 
0.033750 
0.033750 
0.033750 
0.033750 
0.033750 
0.033750 
0.033750 
0.033750 
0.033750 
0.033750 
0.033750 
0.033750 
0.033750 
0.041630 
0.060845 
0.084761 
0.106741 
0.120150 
0.126820 
0.132730 
0.137465 
0.140610 
0.141750 
0.141750 
0.141750 
0.141750 
0.141750 
0.141750 
0.141750 
0.141750 
0.141750 
0.141750 
0.141750 
0.133870 
0.114655 
0.090739 
0.068759 
0.055350 
0.048680 
0.042770 
0.038035 
0.034890 
0.033750 
0.033750 
0.033750 
0.033750 
0.033750 
0.033750 
0.033750 
0.033750 
0.033750 
0.033750 
0.033750 
0.033750 
0.033750 
0.033750 
0.033750 
0.033750 
0.033750 
0.033750 
0.033750 
0.033750 
0.033750 
0.044420 
0.070441 
0.102827 
0.132592 
0.150750 
0.159782 
0.167785 
0.174197 
0.178456 
0.180000 
0.180000 
0.180000 
0.180000 
0.180000 
0.180000 
0.180000 
0.180000 
0.180000 
0.180000 
0.180000 
0.176162 
0.166147 
0.152201 
0.136570 
0.121500 
0.103388 
0.080503 
0.057899 
0.040630 
0.033750 
0.033750 
0.033750 
0.033750 
0.033750 
0.033750 
0.044982 
0.071766 
0.103734 
0.130518 
0.141750 
0.141750 
0.141750 
0.141750 
0.141750 
0.141750 
0.141750 
0.141750 
0.141750 
0.141750 
0.141750 
0.141750 
0.141750 
0.141750 
0.141750 
0.141750 
0.130518 
0.103734 
0.071766 
0.044982 
0.033750 
0.033750 
0.033750 
0.033750 
0.033750 
0.033750 
0.037588 
0.047603 
0.061549 
0.077180 
0.092250 
0.110362 
0.133247 
0.155851 
0.173120 
0.180000 
0.180000 
0.180000 
0.180000 
0.180000 
0.180000 
0.180000 
0.180000 
0.180000 
0.180000 
0.180000 
0.180000 
0.180000 
0.180000 
0.180000 
0.180000 
0.164790 
0.128520 
0.085230 
0.048960 
0.033750 
0.033750 
0.033750 
0.033750 
0.033750 
0.033750 
0.033750 
0.033750 
0.033750 
0.033750 
0.033750 
0.033750 
0.033750 
0.033750 
0.033750 
0.033750 
0.033750 
0.033750 
0.033750 
0.033750 
0.033750 
0.033750 
0.033750 
0.033750 
0.033750 
0.033750 
0.033750 
0.033750 
0.033750 
0.033750 
0.033750 
0.033750 
0.033750 
0.033750 
0.033750 
0.033750 
0.033750 
0.033750 
0.033750 
0.033750 
0.033750 
0.041630 
0.060845 
0.084761 
0.106741 
0.120150 
0.126820 
0.132730 
0.137465 
0.140610 
0.141750 
0.141750 
0.141750 
0.141750 
0.141750 
0.141750 
0.141750 
0.141750 
0.141750 
0.141750 
0.141750 
0.133870 
0.114655 
0.090739 
0.068759 
0.055350 
0.048680 
0.042770 
0.038035 
0.034890 
0.033750 
0.033750 
0.033750 
0.033750 
0.033750 
0.033750 
0.033750 
0.033750 
0.033750 
0.033750 
0.033750 
0.033750 
0.033750 
0.033750 
0.033750 
0.033750 
0.044420 
0.070441 
0.102827 
0.132592 
0.150750 
0.159782 
0.167785 
0.174197 
0.178456 
0.180000 
0.180000 
0.180000 
0.180000 
0.180000 
0.180000 
0.180000 
0.180000 
0.180000 
0.180000 
0.180000 
0.176162 
0.166147 
0.152201 
0.136570 
0.121500 
0.103388 
0.080503 
0.057899 
0.040630 
0.033750 
0.036584 
0.043980 
0.054279 
0.065822 
0.076950 
0.090325 
0.107225 
0.123917 
0.136670 
0.141750 
0.141750 
0.141750 
0.141750 
0.141750 
0.141750 
0.141750 
0.141750 
0.141750 
0.141750 
0.141750 
0.138916 
0.131520 
0.121221 
0.109678 
0.098550 
0.085175 
0.068275 
0.051583 
0.038830 
0.033750 
0.033750 
0.033750 
0.033750 
0.033750 
0.033750 
0.033750 
0.033750 
0.033750 
0.033750 
0.033750 
0.048960 
0.085230 
0.128520 
0.164790 
0.180000 
0.180000 
0.180000 
0.180000 
0.180000 
0.180000 
0.180000 
0.180000 
0.180000 
0.180000 
0.180000 
0.180000 
0.180000 
0.180000 
0.180000 
0.180000 
0.180905 
0.183062 
0.185638 
0.187795 
0.188700 
0.183817 
0.172174 
0.158276 
0.146633 
0.141750 
0.141750 
0.141750 
0.141750 
0.141750 
0.141750 
0.145135 
0.153706 
0.165084 
0.176891 
0.186750 
0.195751 
0.205512 
0.214448 
0.220973 
0.223500 
0.216663 
0.199444 
0.176778 
0.153602 
0.134850 
0.118744 
0.101837 
0.086563 
0.075356 
0.070650 
0.070067 
0.069606 
0.069272 
0.069069 
0.069000 
0.069000 
0.069000 
0.069000 
0.069000 
0.069000 
0.074566 
0.089389 
0.110654 
0.135546 
0.161250 
0.196285 
0.244068 
0.294133 
0.336016 
0.359250 
0.369039 
0.377313 
0.383692 
0.387797 
0.389250 
0.385194 
0.375522 
0.363978 
0.354306 
0.350250 
0.351030 
0.352890 
0.355110 
0.356970 
0.357750 
0.348412 
0.324990 
0.294371 
0.263445 
0.239100 
0.219029 
0.198296 
0.179843 
0.166614 
0.161550 
0.162578 
0.165395 
0.169603 
0.174804 
0.180600 
0.191528 
0.208968 
0.227784 
0.242840 
0.249000 
0.248736 
0.247992 
0.246841 
0.245353 
0.243600 
0.238915 
0.230433 
0.220934 
0.213197 
0.210000 
0.210000 
0.210000 
0.210000 
0.210000 
0.210000 
0.275582 
0.431971 
0.618629 
0.775018 
0.840600 
0.825027 
0.784726 
0.729321 
0.668438 
0.611700 
0.549136 
0.474009 
0.400793 
0.343965 
0.318000 
0.313625 
0.311124 
0.309312 
0.306999 
0.303000 
0.291462 
0.270545 
0.245076 
0.219885 
0.199800 
0.182871 
0.165526 
0.150167 
0.139192 
0.135000 
0.150210 
0.186480 
0.229770 
0.266040 
0.281250 
0.281250 
0.281250 
0.281250 
0.281250 
0.281250 
0.281250 
0.281250 
0.281250 
0.281250 
0.281250 
0.281250 
0.281250 
0.281250 
0.281250 
0.281250 
0.264453 
0.223299 
0.171644 
0.123342 
0.092250 
0.074730 
0.058792 
0.045765 
0.036975 
0.033750 
0.033750 
0.033750 
0.033750 
0.033750 
0.033750 
0.036584 
0.043980 
0.054279 
0.065822 
0.076950 
0.090325 
0.107225 
0.123917 
0.136670 
0.141750 
0.141750 
0.141750 
0.141750 
0.141750 
0.141750 
0.141750 
0.141750 
0.141750 
0.141750 
0.141750 
0.137257 
0.126544 
0.113756 
0.103043 
0.098550 
0.281867 
0.734486 
1.310411 
1.863648 
2.248200 
2.501634 
2.742205 
2.944948 
3.084901 
3.137100 
3.057634 
2.868137 
2.641963 
2.452466 
2.373000 
2.376042 
2.383296 
2.391954 
2.399208 
2.402250 
2.299113 
2.039984 
1.700290 
1.355453 
1.080900 
0.853589 
0.620056 
0.410088 
0.253473 
0.180000 
0.162100 
0.150327 
0.141654 
0.133054 
0.121500 
0.103388 
0.080503 
0.057899 
0.040630 
0.033750 
0.033750 
0.033750 
0.033750 
0.033750 
0.033750 
0.033750 
0.033750 
0.033750 
0.033750 
0.033750 
0.033750 
0.033750 
0.033750 
0.033750 
0.033750 
0.033750 
0.033750 
0.033750 
0.033750 
0.033750 
0.033750 
0.033750 
0.033750 
0.033750 
0.033750 
0.044982 
0.071766 
0.103734 
0.130518 
0.141750 
0.141750 
0.141750 
0.141750 
0.141750 
0.141750 
0.141750 
0.141750 
0.141750 
0.141750 
0.141750 
0.141750 
0.141750 
0.141750 
0.141750 
0.141750 
0.130518 
0.103734 
0.071766 
0.044982 
0.033750 
0.033750 
0.033750 
0.033750 
0.033750 
0.033750 
0.033750 
0.033750 
0.033750 
0.033750 
0.033750 
0.033750 
0.033750 
0.033750 
0.033750 
0.033750 
0.033750 
0.033750 
0.033750 
0.033750 
0.033750 
0.033750 
0.033750 
0.033750 
0.033750 
0.033750 
0.033750 
0.033750 
0.033750 
0.033750 
0.033750 
0.033750 
0.033750 
0.033750 
0.033750 
0.033750 
0.033750 
0.033750 
0.033750 
0.033750 
0.033750 
0.033750 
0.033750 
0.033750 
0.033750 
0.033750 
0.033750 
0.033750 
0.033750 
0.033750 
0.033750 
0.042553 
0.064480 
0.092806 
0.120804 
0.141750 
0.155302 
0.166531 
0.176835 
0.187609 
0.200250 
0.218362 
0.241247 
0.263851 
0.281120 
0.288000 
0.288000 
0.288000 
0.288000 
0.288000 
0.288000 
0.276768 
0.249984 
0.218016 
0.191232 
0.180000 
0.180000 
0.180000 
0.180000 
0.180000 
0.180000 
0.164790 
0.128520 
0.085230 
0.048960 
0.033750 
0.033750 
0.033750 
0.033750 
0.033750 
0.033750 
0.033750 
0.033750 
0.033750 
0.033750 
0.033750 
0.033750 
0.033750 
0.033750 
0.033750 
0.033750 
0.033750 
0.033750 
0.033750 
0.033750 
0.033750 
0.033750 
0.033750 
0.033750 
0.033750 
0.033750 
0.033750 
0.033750 
0.033750 
0.033750 
0.033750 
0.033750 
0.033750 
0.033750 
0.033750 
0.033750 
0.033750 
0.033750 
0.033750 
0.033750 
0.033750 
0.037588 
0.047603 
0.061549 
0.077180 
0.092250 
0.110362 
0.133247 
0.155851 
0.173120 
0.180000 
0.180000 
0.180000 
0.180000 
0.180000 
0.180000 
0.180000 
0.180000 
0.180000 
0.180000 
0.180000 
0.180000 
0.180000 
0.180000 
0.180000 
0.180000 
0.164790 
0.128520 
0.085230 
0.048960 
0.033750 
0.033750 
0.033750 
0.033750 
0.033750 
0.033750 
0.041630 
0.060845 
0.084761 
0.106741 
0.120150 
0.126820 
0.132730 
0.137465 
0.140610 
0.141750 
0.141750 
0.141750 
0.141750 
0.141750 
0.141750 
0.141750 
0.141750 
0.141750 
0.141750 
0.141750 
0.133870 
0.114655 
0.090739 
0.068759 
0.055350 
0.048680 
0.042770 
0.038035 
0.034890 
0.033750 
0.033750 
0.033750 
0.033750 
0.033750 
0.033750 
0.033750 
0.033750 
0.033750 
0.033750 
0.033750 
0.033750 
0.033750 
0.033750 
0.033750 
0.033750 
0.033750 
0.033750 
0.033750 
0.033750 
0.033750 
0.033750 
0.033750 
0.033750 
0.033750 
0.033750 
0.033750 
0.033750 
0.033750 
0.033750 
0.033750 
0.046601 
0.079822 
0.125412 
0.175371 
0.221700 
0.271212 
0.329459 
0.386544 
0.432573 
0.457650 
0.468222 
0.477087 
0.483876 
0.488220 
0.489750 
0.484304 
0.470203 
0.450799 
0.429447 
0.409500 
0.387073 
0.359806 
0.333343 
0.313326 
0.305400 
0.344883 
0.449770 
0.599715 
0.774374 
0.953400 
1.203703 
1.548328 
1.901137 
2.175990 
2.286750 
2.286750 
2.286750 
2.286750 
2.286750 
2.286750 
2.286750 
2.286750 
2.286750 
2.286750 
2.286750 
2.228438 
2.076258 
1.864345 
1.626831 
1.397850 
1.122647 
0.774909 
0.431438 
0.169035 
0.064500 
0.064595 
0.064857 
0.065252 
0.065744 
0.066300 
0.067048 
0.068140 
0.069578 
0.071364 
0.073500 
0.076563 
0.081087 
0.087004 
0.094247 
0.102750 
0.119078 
0.144916 
0.172881 
0.195588 
0.205650 
0.206812 
0.207732 
0.208402 
0.208811 
0.208950 
0.206875 
0.201928 
0.196022 
0.191075 
0.189000 
0.189000 
0.189000 
0.189000 
0.189000 
0.189000 
0.224207 
0.320085 
0.462020 
0.635396 
0.825600 
1.160244 
1.678055 
2.231090 
2.671403 
2.851050 
2.782654 
2.613210 
2.396334 
2.185642 
2.034750 
1.948858 
1.885746 
1.827901 
1.757807 
1.657950 
1.424033 
1.040601 
0.623408 
0.288207 
0.150750 
0.218074 
0.386561 
0.605987 
0.826125 
0.996750 
1.106626 
1.192305 
1.275247 
1.376909 
1.518750 
1.858077 
2.422722 
3.039928 
3.536939 
3.741000 
3.741000 
3.741000 
3.741000 
3.741000 
3.741000 
3.741000 
3.741000 
3.741000 
3.741000 
3.741000 
3.370656 
2.487528 
1.433472 
0.550344 
0.180000 
0.180000 
0.180000 
0.180000 
0.180000 
0.180000 
0.180000 
0.180000 
0.180000 
0.180000 
0.180000 
0.180000 
0.180000 
0.180000 
0.180000 
0.180000 
0.178201 
0.173684 
0.167772 
0.161787 
0.157050 
0.153109 
0.149021 
0.145373 
0.142754 
0.141750 
0.141750 
0.141750 
0.141750 
0.141750 
0.141750 
0.141750 
0.141750 
0.141750 
0.141750 
0.141750 
0.136670 
0.123917 
0.107225 
0.090325 
0.076950 
0.065822 
0.054279 
0.043980 
0.036584 
0.033750 
0.033750 
0.033750 
0.033750 
0.033750 
0.033750 
0.033750 
0.033750 
0.033750 
0.033750 
0.033750 
0.033750 
0.033750 
0.033750 
0.033750 
0.033750 
0.033750 
0.033750 
0.033750 
0.033750 
0.033750 
0.044420 
0.070441 
0.102827 
0.132592 
0.150750 
0.159782 
0.167785 
0.174197 
0.178456 
0.180000 
0.180000 
0.180000 
0.180000 
0.180000 
0.180000 
0.180000 
0.180000 
0.180000 
0.180000 
0.180000 
0.176162 
0.166147 
0.152201 
0.136570 
0.121500 
0.103388 
0.080503 
0.057899 
0.040630 
0.033750 
0.384672 
1.221486 
2.220264 
3.057078 
3.408000 
3.057983 
2.223326 
1.227124 
0.392467 
0.042450 
0.047974 
0.062136 
0.081321 
0.101914 
0.120300 
0.137006 
0.154447 
0.171846 
0.188423 
0.203400 
0.218531 
0.234487 
0.248863 
0.259252 
0.263250 
0.263250 
0.263250 
0.263250 
0.263250 
0.263250 
0.258170 
0.245417 
0.228725 
0.211825 
0.198450 
0.187322 
0.175779 
0.165480 
0.158084 
0.155250 
0.155250 
0.155250 
0.155250 
0.155250 
0.155250 
0.155250 
0.155250 
0.155250 
0.155250 
0.155250 
0.213444 
0.371059 
0.602641 
0.882739 
1.185900 
1.691362 
2.453869 
3.261231 
3.901255 
4.161750 
4.161750 
4.161750 
4.161750 
4.161750 
4.161750 
4.115019 
3.992614 
3.821214 
3.627499 
3.438150 
3.252163 
3.047700 
2.820191 
2.565065 
2.277750 
1.852584 
1.279282 
0.696337 
0.242245 
0.055500 
0.049271 
0.044403 
0.040910 
0.038805 
0.038100 
0.049133 
0.076880 
0.113316 
0.150415 
0.180150 
0.201809 
0.221044 
0.239381 
0.258342 
0.279450 
0.306636 
0.339071 
0.371144 
0.397241 
0.411750 
0.418173 
0.423594 
0.427768 
0.430451 
0.431400 
0.419201 
0.390110 
0.355390 
0.326299 
0.314100 
0.332171 
0.378027 
0.439133 
0.502952 
0.556950 
0.607407 
0.662782 
0.713808 
0.751220 
0.765750 
0.709855 
0.576568 
0.417482 
0.284195 
0.228300 
0.233214 
0.245490 
0.261430 
0.277333 
0.289500 
0.298911 
0.308293 
0.316570 
0.322665 
0.325500 
0.326276 
0.326902 
0.327365 
0.327652 
0.327750 
0.321900 
0.307950 
0.291300 
0.277350 
0.271500 
0.302356 
0.386503 
0.511306 
0.664133 
0.832350 
1.132496 
1.599923 
2.100218 
2.498965 
2.661750 
2.659792 
2.654671 
2.647514 
2.639447 
2.631600 
2.624774 
2.618066 
2.610046 
2.599284 
2.584350 
2.540282 
2.449575 
2.321982 
2.167256 
1.995150 
1.694384 
1.233929 
0.743917 
0.354480 
0.195750 
0.198625 
0.206126 
0.216571 
0.228273 
0.239550 
0.253089 
0.270185 
0.287068 
0.299963 
0.305100 
0.304333 
0.302204 
0.298974 
0.294903 
0.290250 
0.281281 
0.266507 
0.249557 
0.234062 
0.223650 
0.217079 
0.211040 
0.206068 
0.202693 
0.201450 
0.205513 
0.217221 
0.235853 
0.260686 
0.291000 
0.376469 
0.547125 
0.772788 
1.023274 
1.268400 
1.566091 
1.939905 
2.308108 
2.588967 
2.700750 
2.697764 
2.690592 
2.681913 
2.674406 
2.670750 
2.670124 
2.669786 
2.669537 
2.669175 
2.668500 
2.607753 
2.451299 
2.235129 
1.995233 
1.767600 
1.503474 
1.176582 
0.856638 
0.613356 
0.516450 
0.516018 
0.515682 
0.515442 
0.515298 
0.515250 
0.520127 
0.532282 
0.547998 
0.563560 
0.575250 
0.584132 
0.592998 
0.600722 
0.606181 
0.608250 
0.607929 
0.607052 
0.605751 
0.604156 
0.602400 
0.600185 
0.597140 
0.593281 
0.588629 
0.583200 
0.575593 
0.564965 
0.552170 
0.538063 
0.523500 
0.509333 
0.494711 
0.477933 
0.457297 
0.431100 
0.373909 
0.280257 
0.178390 
0.096555 
0.063000 
0.075168 
0.104184 
0.138816 
0.167832 
0.180000 
0.180000 
0.180000 
0.180000 
0.180000 
0.180000 
0.180000 
0.180000 
0.180000 
0.180000 
0.180000 
0.180000 
0.180000 
0.180000 
0.180000 
0.180000 
0.174571 
0.161626 
0.146174 
0.133229 
0.127800 
0.150467 
0.204518 
0.269032 
0.323083 
0.345750 
0.344732 
0.341825 
0.337252 
0.331236 
0.324000 
0.303131 
0.263430 
0.215939 
0.171698 
0.141750 
0.124432 
0.110150 
0.098046 
0.087265 
0.076950 
0.065822 
0.054279 
0.043980 
0.036584 
0.033750 
0.033750 
0.033750 
0.033750 
0.033750 
0.033750 
