0.062547 
0.075088 
0.088246 
0.101605 
0.114750 
0.127267 
0.138740 
0.148755 
0.156896 
0.162750 
0.166455 
0.168979 
0.171150 
0.173798 
0.177750 
0.186838 
0.201773 
0.218705 
0.233781 
0.243150 
0.248199 
0.252672 
0.256256 
0.258637 
0.259500 
0.257534 
0.252847 
0.247253 
0.242566 
0.240600 
0.268460 
0.340632 
0.440004 
0.549464 
0.651900 
0.767487 
0.908307 
1.045108 
1.148639 
1.189650 
1.070372 
0.785941 
0.446459 
0.162028 
0.042750 
0.042750 
0.042750 
0.042750 
0.042750 
0.042750 
0.042750 
0.042750 
0.042750 
0.042750 
0.042750 
0.047830 
0.060583 
0.077275 
0.094175 
0.107550 
0.118678 
0.130221 
0.140520 
0.147916 
0.150750 
0.150750 
0.150750 
0.150750 
0.150750 
0.150750 
0.150750 
0.150750 
0.150750 
0.150750 
0.150750 
0.145670 
0.132917 
0.116225 
0.099325 
0.085950 
0.074822 
0.063279 
0.052980 
0.045584 
0.042750 
0.042750 
0.042750 
0.042750 
0.042750 
0.042750 
0.042750 
0.042750 
0.042750 
0.042750 
0.042750 
0.042750 
0.042750 
0.042750 
0.042750 
0.042750 
0.042750 
0.042750 
0.042750 
0.042750 
0.042750 
0.042750 
0.042750 
0.042750 
0.042750 
0.042750 
0.042750 
0.042750 
0.042750 
0.042750 
0.042750 
0.042750 
0.042750 
0.042750 
0.042750 
0.042750 
0.047830 
0.060583 
0.077275 
0.094175 
0.107550 
0.118678 
0.130221 
0.140520 
0.147916 
0.150750 
0.150750 
0.150750 
0.150750 
0.150750 
0.150750 
0.150750 
0.150750 
0.150750 
0.150750 
0.150750 
0.145670 
0.132917 
0.116225 
0.099325 
0.085950 
0.074822 
0.063279 
0.052980 
0.045584 
0.042750 
0.042750 
0.042750 
0.042750 
0.042750 
0.042750 
0.042750 
0.042750 
0.042750 
0.042750 
0.042750 
0.042750 
0.042750 
0.042750 
0.042750 
0.042750 
0.042750 
0.042750 
0.042750 
0.042750 
0.042750 
0.042750 
0.042750 
0.042750 
0.042750 
0.042750 
0.042750 
0.042750 
0.042750 
0.042750 
0.042750 
0.042750 
0.042750 
0.042750 
0.042750 
0.042750 
0.042750 
0.042750 
0.042750 
0.042750 
0.042750 
0.042750 
0.042750 
0.042750 
0.042750 
0.042750 
0.042750 
0.042750 
0.042750 
0.042750 
0.042750 
0.042750 
0.042750 
0.042750 
0.042750 
0.042750 
0.042750 
0.042750 
0.042750 
0.042750 
0.042750 
0.042750 
0.042750 
0.042750 
0.042750 
0.042750 
0.042750 
0.042750 
0.042750 
0.042750 
0.042750 
0.047830 
0.060583 
0.077275 
0.094175 
0.107550 
0.118678 
0.130221 
0.140520 
0.147916 
0.150750 
0.150750 
0.150750 
0.150750 
0.150750 
0.150750 
0.150750 
0.150750 
0.150750 
0.150750 
0.150750 
0.145670 
0.132917 
0.116225 
0.099325 
0.085950 
0.074822 
0.063279 
0.052980 
0.045584 
0.042750 
0.042750 
0.042750 
0.042750 
0.042750 
0.042750 
0.042750 
0.042750 
0.042750 
0.042750 
0.042750 
0.042750 
0.042750 
0.042750 
0.042750 
0.042750 
0.042750 
0.042750 
0.042750 
0.042750 
0.042750 
0.042750 
0.042750 
0.042750 
0.042750 
0.042750 
0.042750 
0.042750 
0.042750 
0.042750 
0.042750 
0.043890 
0.047035 
0.051770 
0.057680 
0.064350 
0.077759 
0.099739 
0.123655 
0.142870 
0.150750 
0.150750 
0.150750 
0.150750 
0.150750 
0.150750 
0.150750 
0.150750 
0.150750 
0.150750 
0.150750 
0.149610 
0.146465 
0.141730 
0.135820 
0.129150 
0.115741 
0.093761 
0.069845 
0.050630 
0.042750 
0.042750 
0.042750 
0.042750 
0.042750 
0.042750 
0.042750 
0.042750 
0.042750 
0.042750 
0.042750 
0.042750 
0.042750 
0.042750 
0.042750 
0.042750 
0.042750 
0.042750 
0.042750 
0.042750 
0.042750 
0.042750 
0.042750 
0.042750 
0.042750 
0.042750 
0.042750 
0.042750 
0.042750 
0.042750 
0.042750 
0.042750 
0.042750 
0.042750 
0.042750 
0.042750 
0.042750 
0.042750 
0.042750 
0.042750 
0.042750 
0.042750 
0.042750 
0.042750 
0.042750 
0.042750 
0.042750 
0.042750 
0.042750 
0.042750 
0.042750 
0.042750 
0.042750 
0.042750 
0.042750 
0.042750 
0.042750 
0.042750 
0.042750 
0.042750 
0.042750 
0.042750 
0.042750 
0.042750 
0.042750 
0.042750 
0.042750 
0.042750 
0.042750 
0.042750 
0.042750 
0.042750 
0.042750 
0.042750 
0.042750 
0.042750 
0.045399 
0.052424 
0.062444 
0.074080 
0.085950 
0.101011 
0.120763 
0.141640 
0.160075 
0.172500 
0.179589 
0.184969 
0.189504 
0.194059 
0.199500 
0.207194 
0.216615 
0.225790 
0.232743 
0.235500 
0.231943 
0.223462 
0.213338 
0.204857 
0.201300 
0.204233 
0.211226 
0.219574 
0.226567 
0.229500 
0.226823 
0.220269 
0.212054 
0.204392 
0.199500 
0.196792 
0.194338 
0.192339 
0.190993 
0.190500 
0.191436 
0.193668 
0.196332 
0.198564 
0.199500 
0.199500 
0.199500 
0.199500 
0.199500 
0.199500 
0.203104 
0.211697 
0.221953 
0.230546 
0.234150 
0.231716 
0.225913 
0.218987 
0.213184 
0.210750 
0.213461 
0.220708 
0.231158 
0.243483 
0.256350 
0.269298 
0.284135 
0.302938 
0.327784 
0.360750 
0.486212 
0.730843 
1.010169 
1.239713 
1.335000 
1.239307 
1.009672 
0.732258 
0.493230 
0.378750 
0.358850 
0.344730 
0.334304 
0.325489 
0.316200 
0.306625 
0.298013 
0.289868 
0.281695 
0.273000 
0.262139 
0.249431 
0.237323 
0.228264 
0.224700 
0.232334 
0.251641 
0.277226 
0.303694 
0.325650 
0.345469 
0.366840 
0.386342 
0.400553 
0.406050 
0.382931 
0.327800 
0.262000 
0.206869 
0.183750 
0.183750 
0.183750 
0.183750 
0.183750 
0.183750 
0.183750 
0.183750 
0.183750 
0.183750 
0.183750 
0.182697 
0.179992 
0.176312 
0.172339 
0.168750 
0.164974 
0.160554 
0.156342 
0.153190 
0.151950 
0.158689 
0.174760 
0.193940 
0.210011 
0.216750 
0.216750 
0.216750 
0.216750 
0.216750 
0.216750 
0.216750 
0.216750 
0.216750 
0.216750 
0.216750 
0.212735 
0.202258 
0.187668 
0.171315 
0.155550 
0.136602 
0.112661 
0.089013 
0.070947 
0.063750 
0.063750 
0.063750 
0.063750 
0.063750 
0.063750 
0.063750 
0.063750 
0.063750 
0.063750 
0.063750 
0.064178 
0.065394 
0.067296 
0.069782 
0.072750 
0.077645 
0.086313 
0.099253 
0.116966 
0.139950 
0.321220 
0.716190 
1.178954 
1.563609 
1.724250 
1.724250 
1.724250 
1.724250 
1.724250 
1.724250 
1.724250 
1.724250 
1.724250 
1.724250 
1.724250 
1.735482 
1.762266 
1.794234 
1.821018 
1.832250 
1.667670 
1.275210 
0.806790 
0.414330 
0.249750 
0.317173 
0.477952 
0.669848 
0.830627 
0.898050 
0.826370 
0.653118 
0.440976 
0.252626 
0.150750 
0.115361 
0.085558 
0.062648 
0.047943 
0.042750 
0.042750 
0.042750 
0.042750 
0.042750 
0.042750 
0.042750 
0.042750 
0.042750 
0.042750 
0.042750 
0.042750 
0.042750 
0.042750 
0.042750 
0.042750 
0.042750 
0.042750 
0.042750 
0.042750 
0.042750 
0.042750 
0.042750 
0.042750 
0.042750 
0.042750 
0.042750 
0.042750 
0.042750 
0.042750 
0.042750 
0.042750 
0.042750 
0.042750 
0.042750 
0.042750 
0.042750 
0.042750 
0.042750 
0.042750 
0.042750 
0.042750 
0.042750 
0.042750 
0.042750 
0.042750 
0.042750 
0.042750 
0.042750 
0.042750 
0.042750 
0.042750 
0.042750 
0.042750 
0.042750 
0.042750 
0.042750 
0.042750 
0.042750 
0.042750 
0.042750 
0.042750 
0.042750 
0.042750 
0.042750 
0.042750 
0.042750 
0.042750 
0.042750 
0.042750 
0.042750 
0.042750 
0.042750 
0.042750 
0.042750 
0.042750 
0.042750 
0.042750 
0.042750 
0.042750 
0.042750 
0.042750 
0.042750 
0.042750 
0.042750 
0.042750 
0.042750 
0.042750 
0.042750 
0.042750 
0.042750 
0.053982 
0.080766 
0.112734 
0.139518 
0.150750 
0.150750 
0.150750 
0.150750 
0.150750 
0.150750 
0.150750 
0.150750 
0.150750 
0.150750 
0.150750 
0.150750 
0.150750 
0.150750 
0.150750 
0.150750 
0.139518 
0.112734 
0.080766 
0.053982 
0.042750 
0.042750 
0.042750 
0.042750 
0.042750 
0.042750 
0.042750 
0.042750 
0.042750 
0.042750 
0.042750 
0.042750 
0.042750 
0.042750 
0.042750 
0.042750 
0.042750 
0.042750 
0.042750 
0.042750 
0.042750 
0.042750 
0.042750 
0.042750 
0.042750 
0.042750 
0.042750 
0.042750 
0.042750 
0.042750 
0.042750 
0.042750 
0.042750 
0.042750 
0.042750 
0.042750 
0.042750 
0.042750 
0.042750 
0.042750 
0.042750 
0.042750 
0.042750 
0.042750 
0.042750 
0.042750 
0.042750 
0.042750 
0.042750 
0.042750 
0.042750 
0.042750 
0.042750 
0.042750 
0.042750 
0.042750 
0.042750 
0.042750 
0.042750 
0.042750 
0.042750 
0.042750 
0.042750 
0.042750 
0.042750 
0.042750 
0.042750 
0.042750 
0.042750 
0.042750 
0.042750 
0.042750 
0.042750 
0.042750 
0.042750 
0.042750 
0.042750 
0.042750 
0.042750 
0.042750 
0.042750 
0.042750 
0.042750 
0.042750 
0.042750 
0.042750 
0.042750 
0.042750 
0.042750 
0.042750 
0.042750 
0.043890 
0.047035 
0.051770 
0.057680 
0.064350 
0.077759 
0.099739 
0.123655 
0.142870 
0.150750 
0.150750 
0.150750 
0.150750 
0.150750 
0.150750 
0.150750 
0.150750 
0.150750 
0.150750 
0.150750 
0.149610 
0.146465 
0.141730 
0.135820 
0.129150 
0.115741 
0.093761 
0.069845 
0.050630 
0.042750 
0.042750 
0.042750 
0.042750 
0.042750 
0.042750 
0.042750 
0.042750 
0.042750 
0.042750 
0.042750 
0.042750 
0.042750 
0.042750 
0.042750 
0.042750 
0.042750 
0.042750 
0.042750 
0.042750 
0.042750 
0.042750 
0.042750 
0.042750 
0.042750 
0.042750 
0.042750 
0.042750 
0.042750 
0.042750 
0.042750 
0.042750 
0.042750 
0.042750 
0.042750 
0.042750 
0.042750 
0.042750 
0.042750 
0.042750 
0.042750 
0.042750 
0.042750 
0.042750 
0.042750 
0.042750 
0.042750 
0.042750 
0.042750 
0.042750 
0.042750 
0.042750 
0.042750 
0.042750 
0.042750 
0.042750 
0.043890 
0.047035 
0.051770 
0.057680 
0.064350 
0.077759 
0.099739 
0.123655 
0.142870 
0.150750 
0.150750 
0.150750 
0.150750 
0.150750 
0.150750 
0.150750 
0.150750 
0.150750 
0.150750 
0.150750 
0.149610 
0.146465 
0.141730 
0.135820 
0.129150 
0.115741 
0.093761 
0.069845 
0.050630 
0.042750 
0.042750 
0.042750 
0.042750 
0.042750 
0.042750 
0.042750 
0.042750 
0.042750 
0.042750 
0.042750 
0.042750 
0.042750 
0.042750 
0.042750 
0.042750 
0.042750 
0.042750 
0.042750 
0.042750 
0.042750 
0.042750 
0.042750 
0.042750 
0.042750 
0.042750 
0.042750 
0.042750 
0.042750 
0.042750 
0.042750 
0.042750 
0.042750 
0.042750 
0.042750 
0.042750 
0.042750 
0.042750 
0.042750 
0.042750 
0.042750 
0.042750 
0.042750 
0.042750 
0.042750 
0.042750 
0.042750 
0.042750 
0.042750 
0.042750 
0.042750 
0.042750 
0.042750 
0.042750 
0.042750 
0.042750 
0.042750 
0.042750 
0.042750 
0.042750 
0.042750 
0.042750 
0.042750 
0.042750 
0.042750 
0.042750 
0.047830 
0.060583 
0.077275 
0.094175 
0.107550 
0.118678 
0.130221 
0.140520 
0.147916 
0.150750 
0.150750 
0.150750 
0.150750 
0.150750 
0.150750 
0.150750 
0.150750 
0.150750 
0.150750 
0.150750 
0.144011 
0.127940 
0.108760 
0.092689 
0.085950 
0.115169 
0.184844 
0.268006 
0.337681 
0.366900 
0.333532 
0.253961 
0.158989 
0.079418 
0.046050 
0.046761 
0.048742 
0.051761 
0.055591 
0.060000 
0.069963 
0.087035 
0.105862 
0.121085 
0.127350 
0.122920 
0.112355 
0.099745 
0.089180 
0.084750 
0.084750 
0.084750 
0.084750 
0.084750 
0.084750 
0.084750 
0.084750 
0.084750 
0.084750 
0.084750 
0.084750 
0.084750 
0.084750 
0.084750 
0.084750 
0.084750 
0.084750 
0.084750 
0.084750 
0.084750 
0.084750 
0.084750 
0.084750 
0.084750 
0.084750 
0.084750 
0.084750 
0.084750 
0.084750 
0.084750 
0.185885 
0.427052 
0.714898 
0.956065 
1.057200 
0.956276 
0.715529 
0.428000 
0.186727 
0.084750 
0.083692 
0.083021 
0.082550 
0.082090 
0.081450 
0.080428 
0.079137 
0.077862 
0.076888 
0.076500 
0.099839 
0.159482 
0.239872 
0.325447 
0.400650 
0.475853 
0.561428 
0.641818 
0.701461 
0.724800 
0.659873 
0.505046 
0.320254 
0.165427 
0.100500 
0.103377 
0.110331 
0.118846 
0.126407 
0.130500 
0.131702 
0.132457 
0.133046 
0.133750 
0.134850 
0.137550 
0.141977 
0.146793 
0.150663 
0.152250 
0.152250 
0.152250 
0.152250 
0.152250 
0.152250 
0.181516 
0.251303 
0.334597 
0.404384 
0.433650 
0.413261 
0.364640 
0.306610 
0.257989 
0.237600 
0.243076 
0.256133 
0.271717 
0.284774 
0.290250 
0.290250 
0.290250 
0.290250 
0.290250 
0.290250 
0.285170 
0.272417 
0.255725 
0.238825 
0.225450 
0.214322 
0.202779 
0.192480 
0.185084 
0.182250 
0.182250 
0.182250 
0.182250 
0.182250 
0.182250 
0.182250 
0.182250 
0.182250 
0.182250 
0.182250 
0.182250 
0.182250 
0.182250 
0.182250 
0.182250 
0.182250 
0.182250 
0.182250 
0.182250 
0.182250 
0.182250 
0.182250 
0.182250 
0.182250 
0.182250 
0.182250 
0.182250 
0.182250 
0.182250 
0.182250 
0.181335 
0.178984 
0.175785 
0.172327 
0.169200 
0.165901 
0.162035 
0.158347 
0.155586 
0.154500 
0.155549 
0.158415 
0.162676 
0.167911 
0.173700 
0.184231 
0.200775 
0.218534 
0.232709 
0.238500 
0.238500 
0.238500 
0.238500 
0.238500 
0.238500 
0.238999 
0.240190 
0.241610 
0.242801 
0.243300 
0.242566 
0.240527 
0.237430 
0.233522 
0.229050 
0.219320 
0.202876 
0.184817 
0.170242 
0.164250 
0.164250 
0.164250 
0.164250 
0.164250 
0.164250 
0.229848 
0.386274 
0.572976 
0.729402 
0.795000 
0.786513 
0.763995 
0.731861 
0.694524 
0.656400 
0.603659 
0.531466 
0.457729 
0.400354 
0.377250 
0.379122 
0.383586 
0.388914 
0.393378 
0.395250 
0.388308 
0.371754 
0.351996 
0.335442 
0.328500 
0.330473 
0.335738 
0.343317 
0.352230 
0.361500 
0.371535 
0.383611 
0.398050 
0.415173 
0.435300 
0.466531 
0.511153 
0.560769 
0.606984 
0.641400 
0.667579 
0.692812 
0.714301 
0.729246 
0.734850 
0.724233 
0.698296 
0.665908 
0.635936 
0.617250 
0.609028 
0.603405 
0.598683 
0.593164 
0.585150 
0.567972 
0.541220 
0.512587 
0.489766 
0.480450 
0.486346 
0.501432 
0.521805 
0.543562 
0.562800 
0.582256 
0.604534 
0.625529 
0.641136 
0.647250 
0.644723 
0.638696 
0.631504 
0.625477 
0.622950 
0.624307 
0.627544 
0.631406 
0.634643 
0.636000 
0.636000 
0.636000 
0.636000 
0.636000 
0.636000 
0.635208 
0.633024 
0.629736 
0.625632 
0.621000 
0.615130 
0.606749 
0.595303 
0.580238 
0.561000 
0.493336 
0.363089 
0.214849 
0.093206 
0.042750 
0.042750 
0.042750 
0.042750 
0.042750 
0.042750 
0.042750 
0.042750 
0.042750 
0.042750 
0.042750 
0.042750 
0.042750 
0.042750 
0.042750 
0.042750 
0.042750 
0.042750 
0.042750 
0.042750 
0.042750 
0.042750 
0.042750 
0.042750 
0.042750 
0.042750 
0.047830 
0.060583 
0.077275 
0.094175 
0.107550 
0.118678 
0.130221 
0.140520 
0.147916 
0.150750 
0.150750 
0.150750 
0.150750 
0.150750 
0.150750 
0.150750 
0.150750 
0.150750 
0.150750 
0.150750 
0.145670 
0.132917 
0.116225 
0.099325 
0.085950 
0.074822 
0.063279 
0.052980 
0.045584 
0.042750 
0.042750 
0.042750 
0.042750 
0.042750 
0.042750 
0.042750 
0.042750 
0.042750 
0.042750 
0.042750 
0.042750 
0.042750 
0.042750 
0.042750 
0.042750 
0.042750 
0.042750 
0.042750 
0.042750 
0.042750 
0.042750 
0.042750 
0.042750 
0.042750 
0.042750 
0.042750 
0.042750 
0.042750 
0.042750 
0.042750 
0.042750 
0.042750 
0.042750 
0.042750 
0.042750 
0.042750 
0.042750 
0.042750 
0.042750 
0.042750 
0.042750 
0.042750 
0.042750 
0.042750 
0.042750 
0.042750 
0.042750 
0.042750 
0.042750 
0.042750 
0.043890 
0.047035 
0.051770 
0.057680 
0.064350 
0.073958 
0.088335 
0.106548 
0.127664 
0.150750 
