0.038250 
0.038250 
0.038250 
0.038250 
0.038250 
0.038250 
0.038250 
0.038250 
0.038250 
0.038250 
0.038250 
0.038250 
0.038250 
0.038250 
0.038250 
0.038250 
0.038250 
0.038250 
0.038250 
0.038250 
0.038250 
0.038250 
0.038250 
0.038250 
0.038250 
0.038250 
0.038250 
0.038250 
0.038250 
0.038250 
0.038250 
0.038250 
0.038250 
0.038250 
0.038250 
0.038250 
0.038250 
0.038250 
0.038250 
0.038250 
0.038250 
0.038250 
0.038250 
0.038250 
0.038250 
0.038250 
0.038250 
0.038250 
0.038250 
0.038250 
0.038250 
0.038250 
0.038250 
0.038250 
0.038250 
0.038250 
0.038250 
0.038250 
0.038250 
0.038250 
0.038250 
0.038250 
0.038250 
0.038250 
0.038250 
0.038250 
0.038250 
0.038250 
0.038250 
0.038250 
0.038250 
0.038250 
0.038250 
0.038250 
0.038250 
0.038250 
0.038250 
0.038250 
0.038250 
0.038250 
0.038250 
0.038250 
0.038250 
0.038250 
0.038250 
0.038250 
0.038250 
0.038250 
0.038250 
0.038250 
0.038250 
0.038250 
0.038250 
0.038250 
0.038250 
0.038250 
0.038250 
0.038250 
0.038250 
0.038250 
0.038250 
0.038250 
0.038250 
0.038250 
0.038250 
0.038250 
0.038250 
0.038250 
0.038250 
0.038250 
0.038250 
0.038250 
0.038250 
0.038250 
0.038250 
0.038250 
0.038250 
0.038250 
0.038250 
0.038250 
0.038250 
0.038250 
0.038250 
0.038250 
0.038250 
0.038250 
0.038250 
0.038250 
0.038250 
0.038250 
0.038250 
0.038250 
0.038250 
0.038250 
0.038250 
0.038250 
0.038250 
0.038250 
0.038250 
0.038250 
0.038250 
0.038250 
0.038250 
0.038250 
0.038250 
0.038250 
0.038250 
0.038250 
0.038250 
0.038250 
0.038250 
0.038250 
0.038250 
0.038250 
0.038250 
0.038250 
0.038250 
0.038250 
0.038250 
0.038250 
0.038250 
0.038250 
0.038250 
0.038250 
0.038250 
0.038250 
0.038250 
0.038250 
0.038250 
0.038250 
0.038250 
0.038250 
0.038250 
0.038250 
0.038250 
0.038250 
0.038250 
0.038250 
0.038250 
0.038250 
0.038250 
0.038250 
0.038250 
0.038250 
0.038250 
0.038250 
0.038250 
0.038250 
0.038250 
0.038250 
0.038250 
0.038250 
0.038250 
0.038250 
0.038250 
0.038250 
0.038250 
0.038250 
0.038250 
0.038250 
0.038250 
0.038250 
0.038250 
0.038250 
0.038250 
0.038250 
0.038250 
0.038250 
0.038250 
0.038250 
0.038250 
0.038250 
0.038250 
0.038250 
0.038250 
0.038250 
0.038250 
0.038250 
0.038250 
0.038250 
0.038250 
0.038250 
0.038250 
0.038250 
0.038250 
0.038250 
0.038250 
0.038250 
0.038250 
0.038250 
0.038250 
0.038250 
0.038250 
0.038250 
0.038250 
0.038250 
0.038250 
0.038250 
0.038250 
0.038250 
0.038250 
0.038250 
0.038250 
0.038250 
0.038250 
0.038250 
0.038250 
0.038250 
0.038250 
0.038250 
0.038250 
0.038250 
0.038250 
0.038250 
0.038250 
0.038250 
0.038250 
0.038250 
0.038250 
0.038250 
0.038250 
0.038250 
0.038250 
0.038250 
0.038250 
0.038250 
0.038250 
0.038250 
0.038250 
0.038250 
0.038250 
0.038250 
0.038250 
0.038250 
0.038250 
0.038250 
0.038250 
0.038250 
0.038250 
0.038250 
0.038250 
0.038250 
0.038250 
0.038250 
0.038250 
0.038250 
0.038250 
0.038250 
0.038250 
0.038250 
0.038250 
0.038250 
0.038250 
0.038250 
0.038250 
0.038250 
0.038250 
0.038250 
0.038250 
0.038250 
0.038250 
0.038250 
0.038250 
0.038250 
0.038250 
0.038250 
0.038250 
0.038250 
0.038250 
0.038250 
0.038250 
0.038250 
0.038250 
0.038250 
0.038250 
0.038250 
0.038250 
0.038250 
0.038250 
0.038250 
0.038250 
0.038250 
0.038250 
0.038250 
0.038250 
0.038250 
0.038250 
0.038250 
0.038250 
0.038250 
0.038250 
0.038250 
0.038250 
0.038250 
0.038250 
0.038250 
0.038250 
0.038250 
0.038250 
0.038250 
0.038250 
0.038250 
0.038250 
0.038250 
0.038250 
0.038250 
0.038250 
0.038250 
0.038250 
0.038250 
0.038250 
0.038250 
0.038250 
0.038250 
0.038250 
0.038250 
0.038250 
0.038250 
0.038250 
0.038250 
0.038250 
0.038250 
0.038250 
0.038250 
0.038250 
0.038250 
0.038250 
0.038250 
0.038250 
0.038250 
0.038250 
0.038250 
0.038250 
0.038250 
0.038250 
0.038250 
0.038250 
0.038250 
0.038250 
0.038250 
0.038250 
0.038250 
0.038250 
0.038250 
0.038250 
0.038250 
0.038250 
0.038250 
0.038250 
0.038250 
0.038250 
0.038250 
0.038250 
0.038250 
0.038250 
0.038250 
0.038250 
0.038250 
0.038250 
0.038250 
0.038250 
0.038250 
0.038250 
0.038250 
0.038250 
0.038250 
0.038250 
0.038250 
0.038250 
0.038250 
0.038250 
0.038250 
0.038250 
0.038250 
0.038250 
0.038250 
0.038250 
0.038250 
0.038250 
0.038250 
0.046489 
0.066207 
0.089905 
0.110085 
0.119250 
0.120130 
0.120620 
0.120971 
0.121431 
0.122250 
0.124527 
0.128875 
0.134816 
0.141867 
0.149550 
0.161404 
0.178483 
0.196580 
0.211488 
0.219000 
0.221145 
0.222806 
0.224054 
0.224961 
0.225600 
0.226008 
0.226255 
0.226464 
0.226755 
0.227250 
0.231185 
0.240092 
0.251532 
0.263064 
0.272250 
0.279978 
0.287994 
0.295146 
0.300282 
0.302250 
0.301933 
0.301060 
0.299744 
0.298103 
0.296250 
0.292525 
0.286420 
0.279776 
0.274439 
0.272250 
0.272250 
0.272250 
0.272250 
0.272250 
0.272250 
0.272250 
0.272250 
0.272250 
0.272250 
0.272250 
0.272250 
0.272250 
0.272250 
0.272250 
0.272250 
0.272250 
0.272250 
0.272250 
0.272250 
0.272250 
0.271069 
0.267988 
0.263696 
0.258887 
0.254250 
0.249017 
0.242654 
0.236208 
0.230725 
0.227250 
0.225290 
0.223653 
0.222335 
0.221335 
0.220650 
0.220140 
0.219689 
0.219327 
0.219087 
0.219000 
0.219000 
0.219000 
0.219000 
0.219000 
0.219000 
0.219000 
0.219000 
0.219000 
0.219000 
0.219000 
0.218213 
0.216158 
0.213298 
0.210091 
0.207000 
0.203285 
0.198590 
0.193954 
0.190411 
0.189000 
0.190058 
0.192715 
0.196193 
0.199714 
0.202500 
0.204818 
0.207223 
0.209369 
0.210910 
0.211500 
0.211500 
0.211500 
0.211500 
0.211500 
0.211500 
0.211500 
0.211500 
0.211500 
0.211500 
0.211500 
0.211500 
0.211500 
0.211500 
0.211500 
0.211500 
0.213689 
0.219026 
0.225670 
0.231775 
0.235500 
0.237353 
0.238994 
0.240310 
0.241183 
0.241500 
0.241500 
0.241500 
0.241500 
0.241500 
0.241500 
0.241500 
0.241500 
0.241500 
0.241500 
0.241500 
0.241500 
0.241500 
0.241500 
0.241500 
0.241500 
0.239916 
0.236028 
0.231132 
0.226524 
0.223500 
0.221724 
0.220092 
0.218748 
0.217836 
0.217500 
0.218358 
0.220404 
0.222846 
0.224892 
0.225750 
0.225750 
0.225750 
0.225750 
0.225750 
0.225750 
0.225750 
0.225750 
0.225750 
0.225750 
0.225750 
0.223410 
0.217830 
0.211170 
0.205590 
0.203250 
0.203250 
0.203250 
0.203250 
0.203250 
0.203250 
0.203250 
0.203250 
0.203250 
0.203250 
0.203250 
0.203250 
0.203250 
0.203250 
0.203250 
0.203250 
0.203250 
0.203250 
0.203250 
0.203250 
0.203250 
0.203250 
0.203250 
0.203250 
0.203250 
0.203250 
0.203250 
0.203250 
0.203250 
0.203250 
0.203250 
0.203250 
0.203250 
0.203250 
0.203250 
0.203250 
0.203250 
0.203250 
0.203250 
0.203250 
0.203250 
0.202218 
0.199463 
0.195500 
0.190841 
0.186000 
0.179170 
0.169687 
0.159779 
0.151674 
0.147600 
0.146383 
0.145385 
0.144635 
0.144164 
0.144000 
0.144000 
0.144000 
0.144000 
0.144000 
0.144000 
0.144000 
0.144000 
0.144000 
0.144000 
0.144000 
0.144000 
0.144000 
0.144000 
0.144000 
0.144000 
0.144000 
0.144000 
0.144000 
0.144000 
0.144000 
0.144000 
0.144000 
0.144000 
0.144000 
0.144000 
0.144000 
0.144000 
0.144000 
0.144000 
0.144000 
0.144000 
0.144000 
0.144000 
0.144000 
0.144000 
0.144000 
0.144000 
0.144000 
0.144000 
0.144000 
0.144000 
0.144000 
0.144000 
0.144000 
0.144000 
0.144000 
0.144000 
0.144000 
0.144000 
0.144000 
0.144858 
0.146904 
0.149346 
0.151392 
0.152250 
0.140394 
0.112122 
0.078378 
0.050106 
0.038250 
0.038250 
0.038250 
0.038250 
0.038250 
0.038250 
0.038250 
0.038250 
0.038250 
0.038250 
0.038250 
0.038250 
0.038250 
0.038250 
0.038250 
0.038250 
0.038250 
0.038250 
0.038250 
0.038250 
0.038250 
0.038250 
0.038250 
0.038250 
0.038250 
0.038250 
0.038250 
0.038250 
0.038250 
0.038250 
0.038250 
0.038250 
0.038250 
0.038250 
0.038250 
0.038250 
0.038250 
0.038250 
0.038250 
0.038250 
0.038250 
0.038250 
0.038250 
0.038250 
0.038250 
0.038250 
0.050106 
0.078378 
0.112122 
0.140394 
0.152250 
0.152250 
0.152250 
0.152250 
0.152250 
0.152250 
0.149475 
0.142233 
0.132149 
0.120846 
0.109950 
0.096854 
0.080306 
0.063961 
0.051474 
0.046500 
0.046500 
0.046500 
0.046500 
0.046500 
0.046500 
0.046500 
0.046500 
0.046500 
0.046500 
0.046500 
0.046500 
0.046500 
0.046500 
0.046500 
0.046500 
0.046500 
0.046500 
0.046500 
0.046500 
0.046500 
0.046500 
0.046500 
0.046500 
0.046500 
0.046500 
0.046500 
0.046500 
0.046500 
0.046500 
0.046500 
0.046500 
0.046500 
0.046500 
0.046500 
0.046500 
0.045642 
0.043596 
0.041154 
0.039108 
0.038250 
0.038250 
0.038250 
0.038250 
0.038250 
0.038250 
0.038250 
0.038250 
0.038250 
0.038250 
0.038250 
0.038250 
0.038250 
0.038250 
0.038250 
0.038250 
0.038250 
0.038250 
0.038250 
0.038250 
0.038250 
0.038250 
0.038250 
0.038250 
0.038250 
0.038250 
0.038250 
0.038250 
0.038250 
0.038250 
0.038250 
0.038250 
0.038250 
0.038250 
0.038250 
0.038250 
0.038250 
0.038250 
0.038250 
0.038250 
0.038250 
0.038250 
0.038250 
0.038250 
0.038250 
0.038250 
0.038250 
0.038250 
0.038250 
0.038250 
0.038250 
0.038250 
0.038250 
0.038250 
0.038250 
0.038250 
0.038250 
0.038250 
0.038250 
0.038250 
0.038250 
0.038250 
0.038250 
0.038250 
0.038250 
0.038250 
0.038250 
0.038250 
0.038250 
0.038250 
0.038250 
0.038250 
0.038250 
0.038250 
0.038250 
0.038250 
0.038250 
0.038250 
0.038250 
0.038250 
0.038250 
0.038250 
0.038250 
0.038250 
0.038250 
0.038250 
0.038250 
0.038250 
0.038250 
0.038250 
0.038250 
0.038250 
0.038250 
0.038250 
0.038250 
0.038250 
0.038250 
0.038250 
0.038250 
0.038250 
0.038250 
0.038250 
0.038250 
0.038250 
0.038250 
0.038250 
0.038250 
0.038250 
0.038250 
0.038250 
0.038250 
0.038250 
0.038250 
0.038250 
0.038250 
0.038250 
0.038250 
0.038250 
0.038250 
0.038250 
0.038250 
0.038250 
0.038250 
0.038250 
0.038250 
0.038250 
0.038250 
0.038250 
0.038250 
0.038250 
0.038250 
0.038250 
0.038250 
0.038250 
0.038250 
0.038250 
0.038250 
0.038250 
0.038250 
0.038250 
0.038250 
0.038250 
0.038250 
0.038250 
0.038250 
0.038250 
0.038250 
0.038250 
0.038250 
0.038250 
0.038250 
0.038250 
0.038250 
0.038250 
0.038250 
0.038250 
0.038250 
0.038250 
0.038250 
0.038250 
0.038250 
0.038852 
0.040320 
0.042147 
0.043826 
0.044850 
0.045360 
0.045811 
0.046173 
0.046413 
0.046500 
0.046500 
0.046500 
0.046500 
0.046500 
0.046500 
0.046500 
0.046500 
0.046500 
0.046500 
0.046500 
0.046938 
0.048005 
0.049334 
0.050555 
0.051300 
0.051595 
0.051772 
0.051921 
0.052133 
0.052500 
0.061203 
0.081641 
0.106727 
0.129376 
0.142500 
0.147155 
0.149986 
0.152290 
0.155362 
0.160500 
0.185443 
0.235373 
0.292751 
0.340040 
0.359700 
0.338983 
0.289582 
0.230618 
0.181217 
0.160500 
0.160500 
0.160500 
0.160500 
0.160500 
0.160500 
0.160500 
0.160500 
0.160500 
0.160500 
0.160500 
0.159898 
0.158430 
0.156603 
0.154924 
0.153900 
0.153390 
0.152939 
0.152577 
0.152337 
0.152250 
0.152250 
0.152250 
0.152250 
0.152250 
0.152250 
0.152250 
0.152250 
0.152250 
0.152250 
0.152250 
0.235788 
0.434994 
0.672756 
0.871962 
0.955500 
0.872039 
0.672986 
0.435339 
0.236095 
0.152250 
0.151880 
0.151667 
0.151519 
0.151344 
0.151050 
0.150305 
0.149084 
0.147755 
0.146688 
0.146250 
0.146250 
0.146250 
0.146250 
0.146250 
0.146250 
0.145192 
0.142535 
0.139057 
0.135536 
0.132750 
0.130432 
0.128027 
0.125881 
0.124340 
0.123750 
0.123750 
0.123750 
0.123750 
0.123750 
0.123750 
0.123750 
0.123750 
0.123750 
0.123750 
0.123750 
0.124352 
0.125820 
0.127647 
0.129326 
0.130350 
0.130860 
0.131311 
0.131673 
0.131913 
0.132000 
0.132000 
0.132000 
0.132000 
0.132000 
0.132000 
0.133968 
0.139104 
0.146256 
0.154272 
0.162000 
0.171288 
0.183024 
0.194616 
0.203472 
0.207000 
0.200762 
0.185550 
0.166617 
0.149216 
0.138600 
0.133320 
0.128641 
0.124893 
0.122403 
0.121500 
0.205038 
0.404244 
0.642006 
0.841212 
0.924750 
0.846641 
0.660380 
0.438070 
0.251809 
0.173700 
0.179503 
0.193342 
0.209858 
0.223697 
0.229500 
0.229500 
0.229500 
0.229500 
0.229500 
0.229500 
0.229500 
0.229500 
0.229500 
0.229500 
0.229500 
0.228814 
0.227177 
0.225223 
0.223586 
0.222900 
0.223034 
0.223380 
0.223854 
0.224372 
0.224850 
0.225375 
0.226005 
0.226612 
0.227069 
0.227250 
0.227250 
0.227250 
0.227250 
0.227250 
0.227250 
0.227250 
0.227250 
0.227250 
0.227250 
0.227250 
0.225282 
0.220146 
0.212994 
0.204978 
0.197250 
0.187962 
0.176226 
0.164634 
0.155778 
0.152250 
0.152250 
0.152250 
0.152250 
0.152250 
0.152250 
0.152250 
0.152250 
0.152250 
0.152250 
0.152250 
0.152250 
0.152250 
0.152250 
0.152250 
0.152250 
0.152012 
0.151357 
0.150371 
0.149140 
0.147750 
0.144956 
0.140377 
0.135395 
0.131392 
0.129750 
0.132870 
0.140310 
0.149190 
0.156630 
0.159750 
0.156630 
0.149190 
0.140310 
0.132870 
0.129750 
0.132870 
0.140310 
0.149190 
0.156630 
0.159750 
0.147114 
0.116982 
0.081018 
0.050886 
0.038250 
0.038250 
0.038250 
0.038250 
0.038250 
0.038250 
0.038250 
0.038250 
0.038250 
0.038250 
0.038250 
0.038250 
0.038250 
0.038250 
0.038250 
0.038250 
0.038250 
0.038250 
0.038250 
0.038250 
0.038250 
0.038250 
0.038250 
0.038250 
0.038250 
0.038250 
0.038250 
0.038250 
0.038250 
0.038250 
0.038250 
0.038250 
0.038250 
0.038250 
0.038250 
0.038250 
0.038250 
0.038250 
0.038250 
0.038250 
0.038250 
0.038250 
0.038250 
0.038250 
0.038250 
0.038250 
0.038250 
0.038250 
0.038250 
0.038250 
0.038250 
0.038250 
0.038250 
0.038250 
0.038250 
0.038250 
0.038250 
0.038250 
0.038250 
0.038250 
0.038250 
0.038250 
0.038250 
0.038250 
0.038250 
0.038250 
0.038250 
0.038250 
0.038250 
0.038250 
0.038250 
0.038250 
0.038250 
0.038250 
0.038250 
0.038250 
0.038250 
0.038250 
0.038250 
0.038250 
0.038250 
0.038250 
0.038250 
0.038250 
0.038250 
0.038250 
0.038250 
0.038250 
0.038250 
0.038250 
0.038250 
0.038250 
0.038250 
0.038250 
0.038250 
0.038250 
0.038250 
0.038250 
0.038250 
0.038250 
0.038250 
0.038250 
0.038250 
0.038250 
0.038250 
0.038250 
0.038250 
0.038250 
0.038250 
0.038250 
0.038250 
0.038250 
0.038250 
0.038250 
0.038250 
0.038250 
0.038250 
0.038250 
0.038250 
0.038250 
0.038250 
0.038250 
0.038250 
0.038250 
0.038250 
0.038250 
0.038250 
0.038250 
0.038250 
0.038250 
0.038250 
0.038250 
0.038250 
0.038250 
0.038250 
0.038250 
0.038250 
0.038250 
0.038250 
0.038250 
0.038250 
0.038250 
0.038250 
0.038250 
0.038250 
0.038250 
0.038250 
0.038250 
0.038250 
0.038250 
0.038250 
0.038250 
0.038250 
0.038250 
0.038250 
0.038250 
0.038250 
0.038250 
0.038250 
0.038250 
0.038250 
0.038250 
0.038250 
0.038250 
0.038250 
0.038250 
0.038250 
0.038250 
0.038250 
0.038250 
0.038250 
0.038250 
0.038250 
0.038250 
0.038250 
0.038250 
0.038250 
0.038250 
0.038250 
0.038250 
0.038250 
0.038250 
0.038250 
0.038250 
0.038250 
0.038250 
