0.940812 
0.859560 
0.758597 
0.645313 
0.527100 
0.411347 
0.305445 
0.216784 
0.152756 
0.120750 
0.108252 
0.098019 
0.090344 
0.085523 
0.083850 
0.087532 
0.096311 
0.106789 
0.115568 
0.119250 
0.119250 
0.119250 
0.119250 
0.119250 
0.119250 
0.119250 
0.119250 
0.119250 
0.119250 
0.119250 
0.110046 
0.088098 
0.061902 
0.039954 
0.030750 
0.030750 
0.030750 
0.030750 
0.030750 
0.030750 
0.030750 
0.030750 
0.030750 
0.030750 
0.030750 
0.030750 
0.030750 
0.030750 
0.030750 
0.030750 
0.030750 
0.030750 
0.030750 
0.030750 
0.030750 
0.030750 
0.030750 
0.030750 
0.030750 
0.030750 
0.030750 
0.030750 
0.030750 
0.030750 
0.030750 
0.030750 
0.030750 
0.030750 
0.030750 
0.030750 
0.037207 
0.052953 
0.072550 
0.090562 
0.101550 
0.107016 
0.111858 
0.115738 
0.118315 
0.119250 
0.119250 
0.119250 
0.119250 
0.119250 
0.119250 
0.118315 
0.115738 
0.111858 
0.107016 
0.101550 
0.090562 
0.072550 
0.052953 
0.037207 
0.030750 
0.030750 
0.030750 
0.030750 
0.030750 
0.030750 
0.030750 
0.030750 
0.030750 
0.030750 
0.030750 
0.030750 
0.030750 
0.030750 
0.030750 
0.030750 
0.030750 
0.030750 
0.030750 
0.030750 
0.030750 
0.030750 
0.030750 
0.030750 
0.030750 
0.030750 
0.030750 
0.030750 
0.030750 
0.030750 
0.030750 
0.033072 
0.039133 
0.047572 
0.057031 
0.066150 
0.077110 
0.090958 
0.104637 
0.115087 
0.119250 
0.119250 
0.119250 
0.119250 
0.119250 
0.119250 
0.119250 
0.119250 
0.119250 
0.119250 
0.119250 
0.112793 
0.097047 
0.077450 
0.059438 
0.048450 
0.042984 
0.038142 
0.034262 
0.031685 
0.030750 
0.030750 
0.030750 
0.030750 
0.030750 
0.030750 
0.030750 
0.030750 
0.030750 
0.030750 
0.030750 
0.030750 
0.030750 
0.030750 
0.030750 
0.030750 
0.030750 
0.030750 
0.030750 
0.030750 
0.030750 
0.030750 
0.030750 
0.030750 
0.030750 
0.030750 
0.030750 
0.030750 
0.030750 
0.030750 
0.030750 
0.030750 
0.030750 
0.030750 
0.030750 
0.030750 
0.030750 
0.030750 
0.030750 
0.030750 
0.030750 
0.030750 
0.030750 
0.030750 
0.030750 
0.030750 
0.030750 
0.030750 
0.030750 
0.030750 
0.030750 
0.030750 
0.030750 
0.030750 
0.030750 
0.030750 
0.030750 
0.030750 
0.030750 
0.030750 
0.030750 
0.030750 
0.030750 
0.030750 
0.030750 
0.030750 
0.030750 
0.030750 
0.030750 
0.030750 
0.030750 
0.030750 
0.030750 
0.030750 
0.030750 
0.030750 
0.030750 
0.030750 
0.030750 
0.030750 
0.030750 
0.030750 
0.030750 
0.030750 
0.030750 
0.030750 
0.030750 
0.030750 
0.030750 
0.030750 
0.030750 
0.030750 
0.030750 
0.030750 
0.030750 
0.030750 
0.030750 
0.030750 
0.030750 
0.030750 
0.030750 
0.030750 
0.030750 
0.030750 
0.030750 
0.030750 
0.033072 
0.039133 
0.047572 
0.057031 
0.066150 
0.077110 
0.090958 
0.104637 
0.115087 
0.119250 
0.119250 
0.119250 
0.119250 
0.119250 
0.119250 
0.119250 
0.119250 
0.119250 
0.119250 
0.119250 
0.112793 
0.097047 
0.077450 
0.059438 
0.048450 
0.042984 
0.038142 
0.034262 
0.031685 
0.030750 
0.030750 
0.030750 
0.030750 
0.030750 
0.030750 
0.034494 
0.043422 
0.054078 
0.063006 
0.066750 
0.063630 
0.056190 
0.047310 
0.039870 
0.036750 
0.043068 
0.058134 
0.076116 
0.091182 
0.097500 
0.096408 
0.093804 
0.090696 
0.088092 
0.087000 
0.087000 
0.087000 
0.087000 
0.087000 
0.087000 
0.087000 
0.087000 
0.087000 
0.087000 
0.087000 
0.087000 
0.087000 
0.087000 
0.087000 
0.087000 
0.087232 
0.087907 
0.088990 
0.090449 
0.092250 
0.099678 
0.115146 
0.134309 
0.152825 
0.166350 
0.176164 
0.185710 
0.193889 
0.199602 
0.201750 
0.201750 
0.201750 
0.201750 
0.201750 
0.201750 
0.195903 
0.180908 
0.160587 
0.138761 
0.119250 
0.099115 
0.075801 
0.053704 
0.037221 
0.030750 
0.030750 
0.030750 
0.030750 
0.030750 
0.030750 
0.030750 
0.030750 
0.030750 
0.030750 
0.030750 
0.030750 
0.030750 
0.030750 
0.030750 
0.030750 
0.030750 
0.030750 
0.030750 
0.030750 
0.030750 
0.030750 
0.030750 
0.030750 
0.030750 
0.030750 
0.030750 
0.030750 
0.030750 
0.030750 
0.030750 
0.030750 
0.030750 
0.030750 
0.030750 
0.030750 
0.030750 
0.030750 
0.030750 
0.030750 
0.030750 
0.030750 
0.030750 
0.030750 
0.030750 
0.030750 
0.030750 
0.030750 
0.030750 
0.030750 
0.030750 
0.030750 
0.030750 
0.030750 
0.030750 
0.030750 
0.030750 
0.030750 
0.030750 
0.030750 
0.030750 
0.030750 
0.030750 
0.030750 
0.030750 
0.030750 
0.030750 
0.030750 
0.030750 
0.030750 
0.030750 
0.034913 
0.045363 
0.059042 
0.072890 
0.083850 
0.092969 
0.102428 
0.110867 
0.116928 
0.119250 
0.119250 
0.119250 
0.119250 
0.119250 
0.119250 
0.119250 
0.119250 
0.119250 
0.119250 
0.119250 
0.110046 
0.088098 
0.061902 
0.039954 
0.030750 
0.030750 
0.030750 
0.030750 
0.030750 
0.030750 
0.030750 
0.030750 
0.030750 
0.030750 
0.030750 
0.030750 
0.030750 
0.030750 
0.030750 
0.030750 
0.030750 
0.030750 
0.030750 
0.030750 
0.030750 
0.030750 
0.030750 
0.030750 
0.030750 
0.030750 
0.030750 
0.030750 
0.030750 
0.030750 
0.030750 
0.030750 
0.030750 
0.030750 
0.030750 
0.030750 
0.030750 
0.030750 
0.030750 
0.030750 
0.030750 
0.030750 
0.030750 
0.030750 
0.030750 
0.030750 
0.030750 
0.030750 
0.030750 
0.030750 
0.030750 
0.030750 
0.030750 
0.030750 
0.030750 
0.030750 
0.030750 
0.030750 
0.030750 
0.030750 
0.030750 
0.030750 
0.030750 
0.030750 
0.030750 
0.030750 
0.030750 
0.030750 
0.030750 
0.030750 
0.030750 
0.030750 
0.030750 
0.030750 
0.030750 
0.030750 
0.030750 
0.030750 
0.030750 
0.030750 
0.030750 
0.030750 
0.030750 
0.030750 
0.030750 
0.030750 
0.030750 
0.030750 
0.030750 
0.030750 
0.030750 
0.030750 
0.030750 
0.030750 
0.030750 
0.030750 
0.033072 
0.039133 
0.047572 
0.057031 
0.066150 
0.077110 
0.090958 
0.104637 
0.115087 
0.119250 
0.119250 
0.119250 
0.119250 
0.119250 
0.119250 
0.119250 
0.119250 
0.119250 
0.119250 
0.119250 
0.112793 
0.097047 
0.077450 
0.059438 
0.048450 
0.042984 
0.038142 
0.034262 
0.031685 
0.030750 
0.030750 
0.030750 
0.030750 
0.030750 
0.030750 
0.030750 
0.030750 
0.030750 
0.030750 
0.030750 
0.030750 
0.030750 
0.030750 
0.030750 
0.030750 
0.030750 
0.030750 
0.030750 
0.030750 
0.030750 
0.030750 
0.030750 
0.030750 
0.030750 
0.030750 
0.030750 
0.030750 
0.030750 
0.030750 
0.030750 
0.030750 
0.030750 
0.030750 
0.030750 
0.030750 
0.030750 
0.030750 
0.030750 
0.030750 
0.030750 
0.030750 
0.030750 
0.030750 
0.030750 
0.030750 
0.030750 
0.030750 
0.030750 
0.030750 
0.030750 
0.033072 
0.039133 
0.047572 
0.057031 
0.066150 
0.077110 
0.090958 
0.104637 
0.115087 
0.119250 
0.119250 
0.119250 
0.119250 
0.119250 
0.119250 
0.119250 
0.119250 
0.119250 
0.119250 
0.119250 
0.112793 
0.097047 
0.077450 
0.059438 
0.048450 
0.042984 
0.038142 
0.034262 
0.031685 
0.030750 
0.030750 
0.030750 
0.030750 
0.030750 
0.030750 
0.030750 
0.030750 
0.030750 
0.030750 
0.030750 
0.036122 
0.049511 
0.066829 
0.083988 
0.096900 
0.106739 
0.116569 
0.125141 
0.131202 
0.133500 
0.133500 
0.133500 
0.133500 
0.133500 
0.133500 
0.133500 
0.133500 
0.133500 
0.133500 
0.133500 
0.133500 
0.133500 
0.133500 
0.133500 
0.133500 
0.133500 
0.133500 
0.133500 
0.133500 
0.133500 
0.133500 
0.133500 
0.133500 
0.133500 
0.133500 
0.133500 
0.133500 
0.133500 
0.133500 
0.133500 
0.132330 
0.129540 
0.126210 
0.123420 
0.122250 
0.122250 
0.122250 
0.122250 
0.122250 
0.122250 
0.122250 
0.122250 
0.122250 
0.122250 
0.122250 
0.122250 
0.122250 
0.122250 
0.122250 
0.122250 
0.122250 
0.122250 
0.122250 
0.122250 
0.122250 
0.122250 
0.122250 
0.122250 
0.122250 
0.122250 
0.124122 
0.128586 
0.133914 
0.138378 
0.140250 
0.138378 
0.133914 
0.128586 
0.124122 
0.122250 
0.122250 
0.122250 
0.122250 
0.122250 
0.122250 
0.122250 
0.122250 
0.122250 
0.122250 
0.122250 
0.169190 
0.281125 
0.414725 
0.526660 
0.573600 
0.526660 
0.414725 
0.281125 
0.169190 
0.122250 
0.122250 
0.122250 
0.122250 
0.122250 
0.122250 
0.122250 
0.122250 
0.122250 
0.122250 
0.122250 
0.122250 
0.122250 
0.122250 
0.122250 
0.122250 
0.122250 
0.122250 
0.122250 
0.122250 
0.122250 
0.122250 
0.122250 
0.122250 
0.122250 
0.122250 
0.125439 
0.134032 
0.146566 
0.161576 
0.177600 
0.203015 
0.240420 
0.279682 
0.310669 
0.323250 
0.323250 
0.323250 
0.323250 
0.323250 
0.323250 
0.323250 
0.323250 
0.323250 
0.323250 
0.323250 
0.315372 
0.296586 
0.274164 
0.255378 
0.247500 
0.247500 
0.247500 
0.247500 
0.247500 
0.247500 
0.247500 
0.247500 
0.247500 
0.247500 
0.247500 
0.247500 
0.247500 
0.247500 
0.247500 
0.247500 
0.247500 
0.247500 
0.247500 
0.247500 
0.247500 
0.224958 
0.171204 
0.107046 
0.053292 
0.030750 
0.030750 
0.030750 
0.030750 
0.030750 
0.030750 
0.030750 
0.030750 
0.030750 
0.030750 
0.030750 
0.033072 
0.039133 
0.047572 
0.057031 
0.066150 
0.077110 
0.090958 
0.104637 
0.115087 
0.119250 
0.119250 
0.119250 
0.119250 
0.119250 
0.119250 
0.119250 
0.119250 
0.119250 
0.119250 
0.119250 
0.112793 
0.097047 
0.077450 
0.059438 
0.048450 
0.042984 
0.038142 
0.034262 
0.031685 
0.030750 
0.030750 
0.030750 
0.030750 
0.030750 
0.030750 
0.030750 
0.030750 
0.030750 
0.030750 
0.030750 
0.030750 
0.030750 
0.030750 
0.030750 
0.030750 
0.053292 
0.107046 
0.171204 
0.224958 
0.247500 
0.236970 
0.211860 
0.181890 
0.156780 
0.146250 
0.146250 
0.146250 
0.146250 
0.146250 
0.146250 
0.146016 
0.145458 
0.144792 
0.144234 
0.144000 
0.166616 
0.224568 
0.303012 
0.387104 
0.462000 
0.538768 
0.627324 
0.711096 
0.773512 
0.798000 
0.736895 
0.591182 
0.417268 
0.271555 
0.210450 
0.215707 
0.228244 
0.243206 
0.255743 
0.261000 
0.261000 
0.261000 
0.261000 
0.261000 
0.261000 
0.260735 
0.260102 
0.259348 
0.258715 
0.258450 
0.258715 
0.259348 
0.260102 
0.260735 
0.261000 
0.261000 
0.261000 
0.261000 
0.261000 
0.261000 
0.261000 
0.261000 
0.261000 
0.261000 
0.261000 
0.261000 
0.261000 
0.261000 
0.261000 
0.261000 
0.261000 
0.261000 
0.261000 
0.261000 
0.261000 
0.261000 
0.261000 
0.261000 
0.261000 
0.261000 
0.261936 
0.264168 
0.266832 
0.269064 
0.270000 
0.268256 
0.264048 
0.258912 
0.254384 
0.252000 
0.251392 
0.251047 
0.250781 
0.250410 
0.249750 
0.243362 
0.229380 
0.212982 
0.199346 
0.193650 
0.199172 
0.212341 
0.228059 
0.241228 
0.246750 
0.246168 
0.244710 
0.242807 
0.240894 
0.239400 
0.238467 
0.237781 
0.237097 
0.236168 
0.234750 
0.227464 
0.212156 
0.193410 
0.175813 
0.163950 
0.156807 
0.150466 
0.145162 
0.141129 
0.138600 
0.137281 
0.136478 
0.135824 
0.134953 
0.133500 
0.128001 
0.117048 
0.103353 
0.089633 
0.078600 
0.069172 
0.059392 
0.050667 
0.044401 
0.042000 
0.042000 
0.042000 
0.042000 
0.042000 
0.042000 
0.042000 
0.042000 
0.042000 
0.042000 
0.042000 
0.051757 
0.075440 
0.104671 
0.131067 
0.146250 
0.152697 
0.158261 
0.162628 
0.165479 
0.166500 
0.166500 
0.166500 
0.166500 
0.166500 
0.166500 
0.165330 
0.162540 
0.159210 
0.156420 
0.155250 
0.155250 
0.155250 
0.155250 
0.155250 
0.155250 
0.163421 
0.184060 
0.211352 
0.239487 
0.262650 
0.282439 
0.302852 
0.321681 
0.336716 
0.345750 
0.350778 
0.355107 
0.358498 
0.360709 
0.361500 
0.360565 
0.357988 
0.354108 
0.349266 
0.343800 
0.332812 
0.314800 
0.295203 
0.279457 
0.273000 
0.273000 
0.273000 
0.273000 
0.273000 
0.273000 
0.267290 
0.253675 
0.237425 
0.223810 
0.218100 
0.221126 
0.228641 
0.238303 
0.247770 
0.254700 
0.259726 
0.264655 
0.268901 
0.271878 
0.273000 
0.272486 
0.271086 
0.269013 
0.266480 
0.263700 
0.259295 
0.252695 
0.245329 
0.238621 
0.234000 
0.230922 
0.228070 
0.225707 
0.224096 
0.223500 
0.226287 
0.233468 
0.243276 
0.253943 
0.263700 
0.274084 
0.286299 
0.298076 
0.307149 
0.311250 
0.311919 
0.312315 
0.312602 
0.312943 
0.313500 
0.314897 
0.317186 
0.319678 
0.321679 
0.322500 
0.322500 
0.322500 
0.322500 
0.322500 
0.322500 
0.331704 
0.353652 
0.379848 
0.401796 
0.411000 
0.411000 
0.411000 
0.411000 
0.411000 
0.411000 
0.827270 
1.819915 
3.004685 
3.997330 
4.413600 
3.976122 
2.932596 
1.686384 
0.640848 
0.199350 
0.194824 
0.191297 
0.188773 
0.187256 
0.186750 
0.193068 
0.208134 
0.226116 
0.241182 
0.247500 
0.236970 
0.211860 
0.181890 
0.156780 
0.146250 
0.146250 
0.146250 
0.146250 
0.146250 
0.146250 
0.146250 
0.146250 
0.146250 
0.146250 
0.146250 
0.145785 
0.144663 
0.143293 
0.142086 
0.141450 
0.141251 
0.141085 
0.140959 
0.140878 
0.140850 
0.146856 
0.161178 
0.178272 
0.192594 
0.198600 
0.197386 
0.194179 
0.189628 
0.184385 
0.179100 
0.172037 
0.162553 
0.152941 
0.145492 
0.142500 
0.153420 
0.179460 
0.210540 
0.236580 
0.247500 
0.242976 
0.232188 
0.219312 
0.208524 
0.204000 
0.206103 
0.211389 
0.218324 
0.225373 
0.231000 
0.234881 
0.238100 
0.241239 
0.244879 
0.249600 
0.256363 
0.265388 
0.276147 
0.288110 
0.300750 
0.316440 
0.335879 
0.356022 
0.373827 
0.386250 
0.394871 
0.402823 
0.409388 
0.413853 
0.415500 
0.412485 
0.404895 
0.394912 
0.384720 
0.376500 
0.369435 
0.361995 
0.355298 
0.350461 
0.348600 
0.360082 
0.387461 
0.420139 
0.447518 
0.459000 
0.453691 
0.440488 
0.423474 
0.406734 
0.394350 
0.386498 
0.380062 
0.374193 
0.368039 
0.360750 
0.350174 
0.336726 
0.323406 
0.313214 
0.309150 
0.311876 
0.319721 
0.332188 
0.348780 
0.369000 
0.425019 
0.536076 
0.682273 
0.843714 
1.000500 
1.187773 
1.420567 
1.648825 
1.822488 
1.891500 
1.889238 
1.883844 
1.877406 
1.872012 
1.869750 
1.869750 
1.869750 
1.869750 
1.869750 
1.869750 
1.831499 
1.731446 
1.591645 
1.434145 
1.281000 
1.093379 
0.853667 
0.615742 
0.433477 
0.360750 
0.364710 
0.374430 
0.386670 
0.398190 
0.405750 
0.410190 
0.414270 
0.417630 
0.419910 
0.420750 
0.418987 
0.414532 
0.408633 
0.402539 
0.397500 
0.392975 
0.388109 
0.383676 
0.380448 
0.379200 
0.381006 
0.385591 
0.391702 
0.398089 
0.403500 
0.408568 
0.414136 
0.419271 
0.423037 
0.424500 
0.422684 
0.417744 
0.410442 
0.401540 
0.391800 
0.374853 
0.348765 
0.320950 
0.298823 
0.289800 
0.290071 
0.290800 
0.291858 
0.293118 
0.294450 
0.296500 
0.299470 
0.302571 
0.305011 
0.306000 
0.305033 
0.302726 
0.299974 
0.297667 
0.296700 
0.393342 
0.623796 
0.898854 
1.129308 
1.225950 
1.127194 
0.891264 
0.608667 
0.369910 
0.265500 
0.259105 
0.254075 
0.250444 
0.248241 
0.247500 
0.247500 
0.247500 
0.247500 
0.247500 
0.247500 
0.252180 
0.263340 
0.276660 
0.287820 
0.292500 
0.289692 
0.282996 
0.275004 
0.268308 
0.265500 
0.269938 
0.281693 
0.298429 
0.317811 
0.337500 
0.356866 
0.378359 
0.404270 
0.436887 
0.478500 
0.580649 
0.756449 
0.950549 
1.107600 
1.172250 
1.140406 
1.059497 
0.951460 
0.838232 
0.741750 
0.661841 
0.583757 
0.507574 
0.433363 
0.361200 
