0.041250 
0.041250 
0.041250 
0.041250 
0.041250 
0.041250 
0.041250 
0.041250 
0.041250 
0.041250 
0.041250 
0.041250 
0.041250 
0.041250 
0.041250 
0.041250 
0.041250 
0.041250 
0.041250 
0.041250 
0.041250 
0.041250 
0.041250 
0.041250 
0.041250 
0.041250 
0.041250 
0.041250 
0.041250 
0.041250 
0.041250 
0.041250 
0.041250 
0.041250 
0.041250 
0.041250 
0.041250 
0.041250 
0.041250 
0.041250 
0.041250 
0.041250 
0.041250 
0.041250 
0.041250 
0.041250 
0.041250 
0.041250 
0.041250 
0.041250 
0.051428 
0.076248 
0.107139 
0.135530 
0.152850 
0.161466 
0.169099 
0.175215 
0.179277 
0.180750 
0.180750 
0.180750 
0.180750 
0.180750 
0.180750 
0.180750 
0.180750 
0.180750 
0.180750 
0.180750 
0.177090 
0.167537 
0.154234 
0.139324 
0.124950 
0.107674 
0.085845 
0.064284 
0.047812 
0.041250 
0.041250 
0.041250 
0.041250 
0.041250 
0.041250 
0.041250 
0.041250 
0.041250 
0.041250 
0.041250 
0.041250 
0.041250 
0.041250 
0.041250 
0.041250 
0.041250 
0.041250 
0.041250 
0.041250 
0.041250 
0.041250 
0.041250 
0.041250 
0.041250 
0.041250 
0.041250 
0.041250 
0.041250 
0.041250 
0.041250 
0.041250 
0.041250 
0.041250 
0.041250 
0.041250 
0.041250 
0.041250 
0.041250 
0.041250 
0.041250 
0.047812 
0.064284 
0.085845 
0.107674 
0.124950 
0.139324 
0.154234 
0.167537 
0.177090 
0.180750 
0.180750 
0.180750 
0.180750 
0.180750 
0.180750 
0.180750 
0.180750 
0.180750 
0.180750 
0.180750 
0.179277 
0.175215 
0.169099 
0.161466 
0.152850 
0.135530 
0.107139 
0.076248 
0.051428 
0.041250 
0.041250 
0.041250 
0.041250 
0.041250 
0.041250 
0.041250 
0.041250 
0.041250 
0.041250 
0.041250 
0.041250 
0.041250 
0.041250 
0.041250 
0.041250 
0.041250 
0.041250 
0.041250 
0.041250 
0.041250 
0.041250 
0.041250 
0.041250 
0.041250 
0.041250 
0.041250 
0.041250 
0.041250 
0.041250 
0.041250 
0.041250 
0.041250 
0.041250 
0.041250 
0.041250 
0.041250 
0.041250 
0.041250 
0.041250 
0.041250 
0.047812 
0.064284 
0.085845 
0.107674 
0.124950 
0.139324 
0.154234 
0.167537 
0.177090 
0.180750 
0.180750 
0.180750 
0.180750 
0.180750 
0.180750 
0.180750 
0.180750 
0.180750 
0.180750 
0.180750 
0.179277 
0.175215 
0.169099 
0.161466 
0.152850 
0.135530 
0.107139 
0.076248 
0.051428 
0.041250 
0.041250 
0.041250 
0.041250 
0.041250 
0.041250 
0.041250 
0.041250 
0.041250 
0.041250 
0.041250 
0.041250 
0.041250 
0.041250 
0.041250 
0.041250 
0.041250 
0.041250 
0.041250 
0.041250 
0.041250 
0.041250 
0.041250 
0.041250 
0.041250 
0.041250 
0.041250 
0.041250 
0.041250 
0.041250 
0.041250 
0.041250 
0.041250 
0.041250 
0.041250 
0.041250 
0.041250 
0.041250 
0.041250 
0.041250 
0.041250 
0.041250 
0.041250 
0.041250 
0.041250 
0.041250 
0.041250 
0.041250 
0.041250 
0.041250 
0.041250 
0.051428 
0.076248 
0.107139 
0.135530 
0.152850 
0.161466 
0.169099 
0.175215 
0.179277 
0.180750 
0.180750 
0.180750 
0.180750 
0.180750 
0.180750 
0.180750 
0.180750 
0.180750 
0.180750 
0.180750 
0.177090 
0.167537 
0.154234 
0.139324 
0.124950 
0.107674 
0.085845 
0.064284 
0.047812 
0.041250 
0.041250 
0.041250 
0.041250 
0.041250 
0.041250 
0.041250 
0.041250 
0.041250 
0.041250 
0.041250 
0.041250 
0.041250 
0.041250 
0.041250 
0.041250 
0.041250 
0.041250 
0.041250 
0.041250 
0.041250 
0.041250 
0.041250 
0.041250 
0.041250 
0.041250 
0.041250 
0.041250 
0.041250 
0.041250 
0.041250 
0.041250 
0.041250 
0.041250 
0.041250 
0.041250 
0.041250 
0.041250 
0.041250 
0.041250 
0.041250 
0.055758 
0.090354 
0.131646 
0.166242 
0.180750 
0.180750 
0.180750 
0.180750 
0.180750 
0.180750 
0.180750 
0.180750 
0.180750 
0.180750 
0.180750 
0.180750 
0.180750 
0.180750 
0.180750 
0.180750 
0.174188 
0.157716 
0.136155 
0.114326 
0.097050 
0.082676 
0.067766 
0.054463 
0.044910 
0.041250 
0.041250 
0.041250 
0.041250 
0.041250 
0.041250 
0.041250 
0.041250 
0.041250 
0.041250 
0.041250 
0.041250 
0.041250 
0.041250 
0.041250 
0.041250 
0.041250 
0.041250 
0.041250 
0.041250 
0.041250 
0.053789 
0.084778 
0.124272 
0.162327 
0.189000 
0.202964 
0.212212 
0.220778 
0.232696 
0.252000 
0.402962 
0.747206 
1.194800 
1.655809 
2.040300 
2.390091 
2.766857 
3.110447 
3.360712 
3.457500 
3.455940 
3.452220 
3.447780 
3.444060 
3.442500 
3.452094 
3.474972 
3.502278 
3.525156 
3.534750 
3.482620 
3.346381 
3.156257 
2.942471 
2.735250 
2.516003 
2.260916 
1.992378 
1.732776 
1.504500 
1.286284 
1.060863 
0.856619 
0.701937 
0.625200 
0.599083 
0.577735 
0.561751 
0.551724 
0.548250 
0.559295 
0.585632 
0.617068 
0.643405 
0.654450 
0.634992 
0.586663 
0.524527 
0.463651 
0.419100 
0.387160 
0.356217 
0.329483 
0.310173 
0.301500 
0.299744 
0.298731 
0.297997 
0.297075 
0.295500 
0.290439 
0.281347 
0.271185 
0.262915 
0.259500 
0.276276 
0.319301 
0.377624 
0.440291 
0.496350 
0.554281 
0.621412 
0.685063 
0.732552 
0.751200 
0.690391 
0.545386 
0.372314 
0.227309 
0.166500 
0.166500 
0.166500 
0.166500 
0.166500 
0.166500 
0.166500 
0.166500 
0.166500 
0.166500 
0.166500 
0.317801 
0.686762 
1.145974 
1.568023 
1.825500 
1.938940 
2.023145 
2.092105 
2.159811 
2.240250 
2.351799 
2.485523 
2.614441 
2.711576 
2.749950 
2.737789 
2.703272 
2.649351 
2.578977 
2.495100 
2.262474 
1.830472 
1.328978 
0.887877 
0.637050 
0.530688 
0.439596 
0.368580 
0.322446 
0.306000 
0.306000 
0.306000 
0.306000 
0.306000 
0.306000 
0.306000 
0.306000 
0.306000 
0.306000 
0.306000 
0.306000 
0.306000 
0.306000 
0.306000 
0.306000 
0.291492 
0.256896 
0.215604 
0.181008 
0.166500 
0.302922 
0.628236 
1.016514 
1.341828 
1.478250 
1.428876 
1.311138 
1.170612 
1.052874 
1.003500 
1.003500 
1.003500 
1.003500 
1.003500 
1.003500 
1.003500 
1.003500 
1.003500 
1.003500 
1.003500 
1.004064 
1.005481 
1.007336 
1.009214 
1.010700 
1.011630 
1.012300 
1.012984 
1.013959 
1.015500 
1.213520 
1.682951 
2.242597 
2.711262 
2.907750 
2.907750 
2.907750 
2.907750 
2.907750 
2.907750 
2.906562 
2.903286 
2.898354 
2.892198 
2.885250 
2.871282 
2.848386 
2.823474 
2.803458 
2.795250 
2.800621 
2.815754 
2.839182 
2.869437 
2.905050 
2.997945 
3.165514 
3.354496 
3.511629 
3.583650 
3.594328 
3.602854 
3.609101 
3.612942 
3.614250 
3.614250 
3.614250 
3.614250 
3.614250 
3.614250 
3.614250 
3.614250 
3.614250 
3.614250 
3.614250 
3.589261 
3.521804 
3.423147 
3.304556 
3.177300 
2.971747 
2.666450 
2.344949 
2.090786 
1.987500 
1.987500 
1.987500 
1.987500 
1.987500 
1.987500 
1.790706 
1.321428 
0.761322 
0.292044 
0.095250 
0.095250 
0.095250 
0.095250 
0.095250 
0.095250 
0.095250 
0.095250 
0.095250 
0.095250 
0.095250 
0.095250 
0.095250 
0.095250 
0.095250 
0.095250 
0.095250 
0.095250 
0.095250 
0.095250 
0.095250 
0.095250 
0.095250 
0.095250 
0.095250 
0.095250 
0.193004 
0.439513 
0.764644 
1.098267 
1.370250 
1.608459 
1.861544 
2.090549 
2.256520 
2.320500 
2.320500 
2.320500 
2.320500 
2.320500 
2.320500 
2.320500 
2.320500 
2.320500 
2.320500 
2.320500 
2.266659 
2.125402 
1.927125 
1.702225 
1.481100 
1.203144 
0.842725 
0.482698 
0.205921 
0.095250 
0.098188 
0.105865 
0.116573 
0.128603 
0.140250 
0.154377 
0.172323 
0.190090 
0.203681 
0.209100 
0.201862 
0.184601 
0.163999 
0.146738 
0.139500 
0.143150 
0.151855 
0.162245 
0.170950 
0.174600 
0.169078 
0.155909 
0.140191 
0.127022 
0.121500 
0.121500 
0.121500 
0.121500 
0.121500 
0.121500 
0.132496 
0.162745 
0.208135 
0.264557 
0.327900 
0.424381 
0.570366 
0.746965 
0.935290 
1.116450 
1.316716 
1.549190 
1.775237 
1.956219 
2.053500 
2.093213 
2.126377 
2.151684 
2.167828 
2.173500 
2.173500 
2.173500 
2.173500 
2.173500 
2.173500 
2.389170 
2.903460 
3.517290 
4.031580 
4.247250 
4.245146 
4.239821 
4.232758 
4.225440 
4.219350 
4.215247 
4.212121 
4.208795 
4.204097 
4.196850 
3.953886 
3.387398 
2.714257 
2.151334 
1.915500 
1.915500 
1.915500 
1.915500 
1.915500 
1.915500 
1.915500 
1.915500 
1.915500 
1.915500 
1.915500 
1.915500 
1.915500 
1.915500 
1.915500 
1.915500 
1.915500 
1.915500 
1.915500 
1.915500 
1.915500 
1.866320 
1.737971 
1.559243 
1.358923 
1.165800 
0.933693 
0.640410 
0.350726 
0.129415 
0.041250 
0.041250 
0.041250 
0.041250 
0.041250 
0.041250 
0.041250 
0.041250 
0.041250 
0.041250 
0.041250 
0.041250 
0.041250 
0.041250 
0.041250 
0.041250 
0.041250 
0.041250 
0.041250 
0.041250 
0.041250 
0.041250 
0.041250 
0.041250 
0.041250 
0.041250 
0.041250 
0.041250 
0.041250 
0.041250 
0.041250 
0.051428 
0.076248 
0.107139 
0.135530 
0.152850 
0.161466 
0.169099 
0.175215 
0.179277 
0.180750 
0.180750 
0.180750 
0.180750 
0.180750 
0.180750 
0.180750 
0.180750 
0.180750 
0.180750 
0.180750 
0.177090 
0.167537 
0.154234 
0.139324 
0.124950 
0.107674 
0.085845 
0.064284 
0.047812 
0.041250 
0.041250 
0.041250 
0.041250 
0.041250 
0.041250 
0.041250 
0.041250 
0.041250 
0.041250 
0.041250 
0.041250 
0.041250 
0.041250 
0.041250 
0.041250 
0.041250 
0.041250 
0.041250 
0.041250 
0.041250 
0.041250 
0.041250 
0.041250 
0.041250 
0.041250 
0.041250 
0.041250 
0.041250 
0.041250 
0.041250 
0.041250 
0.041250 
0.041250 
0.041250 
0.041250 
0.041250 
0.041250 
0.041250 
0.041250 
0.041250 
0.055758 
0.090354 
0.131646 
0.166242 
0.180750 
0.180750 
0.180750 
0.180750 
0.180750 
0.180750 
0.180750 
0.180750 
0.180750 
0.180750 
0.180750 
0.180750 
0.180750 
0.180750 
0.180750 
0.180750 
0.174188 
0.157716 
0.136155 
0.114326 
0.097050 
0.082676 
0.067766 
0.054463 
0.044910 
0.041250 
0.041250 
0.041250 
0.041250 
0.041250 
0.041250 
0.041250 
0.041250 
0.041250 
0.041250 
0.041250 
0.041250 
0.041250 
0.041250 
0.041250 
0.041250 
0.041250 
0.041250 
0.041250 
0.041250 
0.041250 
0.041250 
0.041250 
0.041250 
0.041250 
0.041250 
0.041250 
0.041250 
0.041250 
0.041250 
0.041250 
0.041250 
0.041250 
0.041250 
0.041250 
0.041250 
0.051428 
0.076248 
0.107139 
0.135530 
0.152850 
0.161466 
0.169099 
0.175215 
0.179277 
0.180750 
0.180750 
0.180750 
0.180750 
0.180750 
0.180750 
0.180750 
0.180750 
0.180750 
0.180750 
0.180750 
0.177090 
0.167537 
0.154234 
0.139324 
0.124950 
0.107674 
0.085845 
0.064284 
0.047812 
0.041250 
0.041250 
0.041250 
0.041250 
0.041250 
0.041250 
0.041250 
0.041250 
0.041250 
0.041250 
0.041250 
0.041250 
0.041250 
0.041250 
0.041250 
0.041250 
0.041250 
0.041250 
0.041250 
0.041250 
0.041250 
0.041250 
0.041250 
0.041250 
0.041250 
0.041250 
0.041250 
0.041250 
0.041250 
0.041250 
0.041250 
0.278510 
0.844285 
1.519565 
2.085340 
2.322600 
2.099323 
1.566256 
0.928543 
0.391326 
0.159750 
0.150381 
0.143041 
0.137760 
0.134570 
0.133500 
0.143629 
0.168352 
0.199169 
0.227585 
0.245100 
0.254035 
0.261991 
0.268388 
0.272651 
0.274200 
0.273451 
0.271666 
0.269534 
0.267749 
0.267000 
0.267000 
0.267000 
0.267000 
0.267000 
0.267000 
0.265325 
0.260792 
0.254141 
0.246114 
0.237450 
0.223154 
0.201698 
0.179019 
0.161057 
0.153750 
0.153750 
0.153750 
0.153750 
0.153750 
0.153750 
0.153750 
0.153750 
0.153750 
0.153750 
0.153750 
0.153750 
0.153750 
0.153750 
0.153750 
0.153750 
0.153750 
0.153750 
0.153750 
0.153750 
0.153750 
0.153750 
0.153750 
0.153750 
0.153750 
0.153750 
0.158322 
0.171031 
0.190364 
0.214808 
0.242850 
0.283763 
0.346974 
0.431204 
0.535173 
0.657600 
0.899771 
1.289434 
1.715000 
2.064885 
2.227500 
2.254461 
2.273588 
2.287606 
2.299235 
2.311200 
2.325099 
2.339386 
2.352063 
2.361133 
2.364600 
2.342427 
2.281347 
2.189518 
2.075099 
1.946250 
1.693735 
1.283078 
0.834580 
0.468537 
0.305250 
0.285426 
0.269694 
0.258234 
0.251226 
0.248850 
0.278006 
0.347533 
0.430517 
0.500044 
0.529200 
0.486799 
0.385690 
0.265010 
0.163901 
0.121500 
0.121500 
0.121500 
0.121500 
0.121500 
0.121500 
0.121500 
0.121500 
0.121500 
0.121500 
0.121500 
0.121645 
0.122079 
0.122801 
0.123808 
0.125100 
0.208900 
0.406659 
0.642212 
0.839397 
0.922050 
0.838990 
0.639805 
0.399485 
0.193020 
0.095400 
0.078744 
0.065347 
0.055463 
0.049346 
0.047250 
0.047250 
0.047250 
0.047250 
0.047250 
0.047250 
0.049980 
0.056490 
0.064260 
0.070770 
0.073500 
0.073500 
0.073500 
0.073500 
0.073500 
0.073500 
0.073500 
0.073500 
0.073500 
0.073500 
0.073500 
0.073500 
0.073500 
0.073500 
0.073500 
0.073500 
0.079955 
0.096214 
0.117614 
0.139497 
0.157200 
0.172089 
0.187419 
0.201364 
0.212100 
0.217800 
0.219737 
0.220811 
0.221636 
0.222828 
0.225000 
0.378297 
0.748453 
1.209465 
1.635331 
1.900050 
2.037931 
2.161163 
2.260560 
2.326934 
2.351100 
2.340723 
2.314863 
2.281427 
2.248320 
2.223450 
2.208865 
2.198627 
2.188661 
2.174894 
2.153250 
1.983461 
1.609850 
1.155234 
0.742429 
0.494250 
0.374283 
0.268870 
0.184967 
0.129526 
0.109500 
0.113502 
0.123786 
0.137769 
0.152868 
0.166500 
0.177052 
0.186262 
0.196571 
0.210420 
0.230250 
0.298036 
0.437556 
0.623958 
0.832390 
1.038000 
1.289037 
1.605783 
1.921435 
2.169192 
2.282250 
2.301200 
2.313430 
2.322335 
2.331310 
2.343750 
2.364075 
2.390409 
2.416706 
2.436919 
2.445000 
2.360916 
2.160408 
1.921092 
1.720584 
1.636500 
1.720457 
1.924635 
2.177495 
2.407496 
2.543100 
2.604838 
2.658697 
2.701323 
2.729359 
2.739450 
2.685661 
2.557396 
2.404304 
2.276039 
2.222250 
2.225994 
2.234922 
2.245578 
2.254506 
2.258250 
2.049716 
1.549337 
0.944951 
0.424393 
0.175500 
0.129251 
0.091921 
0.064291 
0.047140 
0.041250 
0.041250 
0.041250 
0.041250 
0.041250 
0.041250 
0.041250 
0.041250 
0.041250 
0.041250 
0.041250 
0.041250 
0.041250 
0.041250 
0.041250 
0.041250 
0.041250 
0.041250 
0.041250 
0.041250 
0.041250 
0.041250 
0.041250 
0.041250 
0.041250 
0.041250 
0.041250 
0.041250 
0.041250 
0.041250 
0.041250 
0.041250 
0.041250 
0.041250 
0.041250 
0.041250 
0.041250 
0.041250 
0.041250 
0.041250 
0.041250 
0.047812 
0.064284 
0.085845 
0.107674 
0.124950 
0.139324 
0.154234 
0.167537 
0.177090 
0.180750 
0.180750 
0.180750 
0.180750 
0.180750 
0.180750 
0.180750 
0.180750 
0.180750 
0.180750 
0.180750 
0.179277 
0.175215 
0.169099 
0.161466 
0.152850 
0.135530 
0.107139 
0.076248 
0.051428 
0.041250 
0.041250 
0.041250 
0.041250 
0.041250 
0.041250 
0.041250 
0.041250 
0.041250 
0.041250 
0.041250 
0.041250 
0.041250 
0.041250 
0.041250 
0.041250 
0.041250 
0.041250 
0.041250 
0.041250 
0.041250 
0.041250 
0.041250 
0.041250 
0.041250 
0.041250 
0.041250 
0.041250 
0.041250 
0.041250 
0.041250 
0.041250 
0.041250 
0.041250 
0.041250 
0.041250 
0.041250 
0.041250 
0.041250 
0.041250 
0.041250 
0.047812 
0.064284 
0.085845 
0.107674 
0.124950 
0.139324 
0.154234 
0.167537 
0.177090 
0.180750 
0.180750 
0.180750 
0.180750 
0.180750 
0.180750 
0.180750 
0.180750 
0.180750 
0.180750 
0.180750 
0.179188 
0.174947 
0.168697 
0.161108 
0.152850 
