0.000000 
0.000000 
0.000000 
0.000000 
0.000000 
0.000000 
0.000000 
0.000000 
0.000000 
0.000000 
0.000000 
0.000000 
0.000000 
0.000000 
0.000000 
0.000000 
0.000000 
0.000000 
0.000000 
0.000000 
0.000000 
0.000000 
0.000000 
0.000000 
0.000000 
0.000000 
0.000000 
0.000000 
0.000000 
0.000000 
0.000000 
0.000000 
0.000000 
0.000000 
0.000000 
0.000000 
0.000000 
0.000000 
0.000000 
0.000000 
0.000000 
0.000000 
0.000000 
0.000000 
0.000000 
0.000000 
0.000000 
0.000000 
0.000000 
0.000000 
0.000000 
0.000000 
0.000000 
0.000000 
0.000000 
0.000000 
0.000000 
0.000000 
0.000000 
0.000000 
0.000000 
0.000000 
0.000000 
0.000000 
0.000000 
0.000000 
0.000000 
0.000000 
0.000000 
0.000000 
0.000000 
0.000000 
0.000000 
0.000000 
0.000000 
0.000000 
0.000000 
0.000000 
0.000000 
0.000000 
0.000000 
0.000000 
0.000000 
0.000000 
0.000000 
0.000000 
0.000000 
0.000000 
0.000000 
0.000000 
0.000000 
0.000000 
0.000000 
0.000000 
0.000000 
0.000000 
0.000000 
0.000000 
0.000000 
0.000000 
0.000000 
0.000000 
0.000000 
0.000000 
0.000000 
0.000000 
0.000000 
0.000000 
0.000000 
0.000000 
0.000000 
0.000000 
0.000000 
0.000000 
0.000000 
0.000000 
0.000000 
0.000000 
0.000000 
0.000000 
0.000000 
0.000000 
0.000000 
0.000000 
0.000000 
0.000000 
0.000000 
0.000000 
0.000000 
0.000000 
0.000000 
0.000000 
0.000000 
0.000000 
0.000000 
0.000000 
0.000000 
0.000000 
0.000000 
0.000000 
0.000000 
0.000000 
0.000000 
0.000000 
0.000000 
0.000000 
0.000000 
0.000000 
0.000000 
0.000000 
0.000000 
0.000000 
0.000000 
0.000000 
0.000000 
0.000000 
0.000000 
0.000000 
0.000000 
0.000000 
0.000000 
0.000000 
0.000000 
0.000000 
0.000000 
0.000000 
0.000000 
0.000000 
0.000000 
0.000000 
0.000000 
0.000000 
0.000000 
0.000000 
0.000000 
0.000000 
0.000000 
0.000000 
0.000000 
0.000000 
0.000000 
0.000000 
0.000000 
0.000000 
0.000000 
0.000000 
0.000000 
0.000000 
0.000000 
0.000000 
0.000000 
0.000000 
0.000000 
0.000000 
0.000000 
0.000000 
0.000000 
0.000000 
0.000000 
0.000000 
0.000000 
0.000000 
0.000000 
0.000000 
0.000000 
0.000000 
0.000000 
0.000000 
0.000000 
0.000000 
0.000000 
0.000000 
0.000000 
0.000000 
0.000000 
0.000000 
0.000000 
0.000000 
0.000000 
0.000000 
0.000000 
0.000000 
0.000000 
0.000000 
0.000000 
0.000026 
0.000111 
0.000137 
0.000350 
0.000484 
0.000518 
0.000827 
0.001062 
0.001500 
0.001698 
0.001930 
0.002735 
0.003381 
0.003935 
0.004676 
0.005333 
0.007370 
0.007660 
0.010868 
0.008797 
0.011135 
0.014285 
0.013286 
0.015149 
0.013635 
0.015761 
0.014716 
0.013144 
0.014686 
0.012559 
0.016126 
0.015425 
0.013321 
0.015387 
0.013750 
0.011383 
0.016149 
0.016028 
0.014606 
0.014098 
0.017413 
0.015924 
0.017003 
0.018978 
0.017956 
0.021125 
0.018593 
0.022945 
0.026274 
0.029019 
0.029660 
0.025368 
0.032639 
0.028214 
0.033855 
0.029975 
0.033892 
0.036095 
0.032675 
0.038429 
0.033331 
0.041149 
0.037063 
0.036232 
0.044501 
0.039523 
0.038011 
0.039856 
0.039356 
0.048882 
0.042100 
0.043371 
0.042751 
0.051774 
0.049403 
0.046700 
0.049190 
0.058123 
0.050998 
0.053907 
0.048118 
0.051674 
0.050763 
0.049390 
0.060153 
0.048154 
0.054139 
0.059075 
0.054752 
0.058405 
0.053621 
0.061861 
0.065404 
0.058220 
0.072130 
0.054171 
0.066298 
0.068340 
0.060026 
0.074273 
0.077032 
0.084722 
0.094043 
0.082577 
0.074905 
0.124856 
0.119304 
0.128423 
0.131235 
0.146234 
0.149009 
0.164991 
0.138237 
0.151597 
0.180305 
0.162228 
0.141067 
0.137464 
0.125669 
0.112931 
0.145281 
0.132070 
0.145569 
0.174936 
0.144745 
0.193370 
0.180261 
0.176758 
0.177547 
0.171936 
0.164366 
0.168495 
0.181706 
0.160086 
0.208557 
0.203257 
0.256747 
0.242145 
0.312028 
0.281882 
0.312658 
0.316923 
0.324646 
0.339679 
0.320233 
0.377815 
0.360276 
0.397532 
0.457954 
0.497808 
0.446554 
0.435235 
0.458660 
0.398537 
0.426118 
0.411983 
0.344214 
0.382948 
0.452023 
0.346651 
0.362763 
0.360230 
0.332252 
0.439923 
0.473734 
0.439829 
0.382486 
0.356562 
0.323769 
0.280786 
0.301408 
0.384153 
0.364299 
0.304491 
0.373562 
0.416216 
0.429634 
0.381488 
0.480537 
0.387509 
0.464902 
0.514228 
0.477910 
0.392894 
0.469985 
0.416439 
0.429969 
0.374814 
0.326860 
0.365596 
0.354224 
0.383794 
0.381470 
0.404439 
0.410176 
0.463404 
0.613015 
0.504620 
0.611920 
0.596182 
0.557454 
0.567355 
0.531697 
0.611963 
0.464364 
0.722067 
0.571545 
0.590433 
0.670848 
0.572873 
0.705452 
0.607580 
0.734081 
0.717181 
0.685738 
0.768880 
0.900693 
0.654884 
0.685107 
0.729944 
0.769903 
0.662333 
0.716435 
0.895849 
0.837784 
0.851712 
0.978530 
0.852600 
0.883862 
0.783494 
0.764679 
0.878543 
0.927107 
0.955386 
1.030592 
0.982531 
0.836390 
0.867789 
0.852139 
0.592878 
0.569984 
0.525095 
0.425578 
0.365481 
0.319920 
0.386800 
0.393932 
0.595957 
0.693447 
0.737663 
0.904906 
0.749170 
0.767408 
0.858521 
0.911039 
0.663565 
0.883484 
0.786027 
0.736126 
0.893354 
0.807940 
0.830155 
0.774229 
0.808166 
0.969979 
0.925249 
0.961895 
0.981066 
0.898864 
0.912737 
0.824915 
0.768997 
0.914771 
0.948578 
0.828627 
0.825762 
0.784652 
0.665842 
0.727757 
0.679742 
0.773404 
0.929371 
0.837509 
0.998142 
0.936073 
0.779134 
0.818045 
0.717402 
0.546925 
0.479652 
0.404853 
0.256607 
0.243170 
0.157251 
0.160001 
0.217747 
0.270069 
0.491227 
0.610235 
0.746721 
0.777303 
0.829958 
1.108732 
0.929382 
0.981747 
1.006919 
0.898972 
1.065454 
1.038198 
1.155983 
1.109740 
0.997774 
1.036636 
1.108379 
1.095230 
1.144324 
1.088989 
0.960558 
1.004305 
1.003925 
1.286541 
1.069091 
1.270808 
1.140764 
1.109602 
1.182086 
0.992545 
1.042983 
1.070416 
1.086606 
1.073397 
1.094056 
1.147763 
1.244088 
0.985808 
1.048533 
0.936738 
1.148560 
1.186692 
1.081127 
1.113833 
1.287416 
1.103901 
1.123942 
1.120077 
1.009630 
1.243260 
1.246073 
1.098667 
1.220856 
1.356147 
1.191011 
1.221035 
1.398625 
1.176783 
1.263163 
1.196330 
1.270112 
1.013661 
1.293740 
1.389737 
1.276161 
0.881309 
0.978504 
1.158542 
1.185025 
1.201752 
1.266310 
1.239691 
1.175164 
1.475905 
1.114050 
0.955906 
0.841302 
0.561735 
0.760680 
0.710661 
0.971274 
1.044565 
1.046117 
1.083405 
1.114628 
1.343348 
1.518536 
1.488265 
1.129693 
1.383787 
1.218359 
1.344160 
1.115838 
1.160882 
1.120862 
1.016305 
0.899230 
0.746957 
0.643136 
0.660254 
0.616916 
0.583435 
0.627687 
0.648006 
0.693871 
1.138268 
1.656884 
1.379458 
1.312437 
1.304308 
1.452516 
1.431852 
1.391499 
1.092406 
1.098423 
0.817382 
0.945263 
0.817303 
0.856198 
0.971588 
1.195011 
1.413324 
1.138572 
1.265312 
1.011272 
1.252754 
1.344480 
1.293338 
1.261280 
1.340303 
1.176641 
1.109802 
1.273422 
0.961790 
1.077736 
1.463280 
1.420629 
1.194595 
1.660899 
1.479954 
1.346104 
1.072251 
1.028030 
0.747124 
0.598638 
0.456941 
0.380429 
0.302113 
0.276808 
0.281066 
0.298695 
0.293653 
0.221167 
0.308671 
0.492788 
0.781812 
0.964855 
1.142785 
1.158083 
1.073187 
1.297015 
1.460785 
1.247650 
1.297756 
1.217683 
1.346276 
1.698221 
1.499722 
1.346570 
1.268988 
1.523636 
1.279948 
1.247523 
1.489631 
1.249325 
1.374024 
1.254680 
1.573879 
1.415349 
1.466753 
1.138876 
1.231401 
1.392108 
1.093367 
0.868930 
0.698077 
0.381635 
0.402046 
0.481015 
0.497600 
0.556530 
0.546113 
0.701362 
0.709299 
0.641220 
0.753189 
0.826861 
0.794733 
0.804483 
0.674770 
0.650732 
0.534080 
0.458050 
0.474763 
0.668575 
0.732325 
0.923409 
0.903629 
1.045905 
1.086221 
1.133862 
1.108467 
1.257624 
0.971215 
0.895511 
0.910405 
0.576567 
0.495517 
0.693598 
0.545797 
0.632759 
0.598121 
0.620476 
0.553899 
0.550436 
0.506760 
0.450489 
0.542667 
0.579899 
0.633162 
0.535458 
0.622410 
0.744395 
0.658812 
0.691214 
0.823882 
0.918506 
0.949478 
0.993124 
1.154855 
1.195719 
1.184897 
1.499542 
1.298442 
1.303101 
1.177362 
1.191650 
1.019978 
1.156598 
0.728359 
0.743523 
0.699556 
0.435325 
0.488120 
0.371369 
0.469501 
0.352192 
0.408030 
0.419813 
0.516545 
0.698287 
0.625131 
0.854982 
1.183588 
1.169882 
1.474058 
1.433661 
1.364724 
1.526662 
1.639468 
1.513247 
1.279305 
1.471921 
1.458897 
1.285496 
1.380485 
1.609559 
1.451814 
1.374742 
1.306106 
1.428170 
1.313579 
1.478024 
1.247926 
1.290415 
1.172013 
1.205476 
1.055694 
1.368470 
1.466111 
1.355189 
1.293160 
1.202238 
1.289824 
1.124219 
1.564650 
1.516214 
1.406340 
1.327180 
1.415298 
1.106777 
1.281698 
1.238343 
1.027434 
1.313643 
1.115367 
1.037916 
0.968193 
1.014065 
1.008902 
1.186797 
1.469501 
1.321825 
1.373802 
1.231963 
1.347872 
1.083928 
1.344058 
1.256665 
1.182147 
1.298437 
1.139143 
1.147248 
1.302251 
1.220028 
1.469616 
1.037840 
1.289176 
1.016896 
1.126184 
1.072084 
0.867468 
0.932819 
0.701670 
0.751578 
0.698416 
0.813346 
0.792316 
0.882403 
1.013016 
1.171786 
1.121418 
1.308991 
1.275439 
1.364446 
1.251331 
1.180317 
1.266511 
0.961981 
1.150488 
1.190499 
1.131894 
1.212364 
1.312531 
1.135074 
1.046275 
1.296275 
1.580505 
1.115584 
1.326529 
1.173301 
0.724006 
0.939890 
1.029882 
1.003077 
0.843263 
0.700018 
0.997345 
0.876734 
0.862275 
0.770303 
0.897252 
0.729770 
1.043584 
0.807131 
0.918650 
0.795745 
1.101968 
0.979053 
0.990865 
0.862562 
1.085898 
1.040283 
0.902531 
0.803180 
0.642111 
0.404135 
0.369054 
0.350928 
0.331010 
0.343711 
0.312105 
0.280117 
0.293944 
0.315209 
0.260863 
0.271360 
0.292357 
0.294835 
0.331527 
0.350321 
0.368052 
0.421424 
0.494355 
0.528160 
0.472956 
0.498244 
0.575406 
0.751684 
0.774395 
0.805364 
0.942149 
0.844602 
1.031551 
0.883749 
0.876412 
0.864420 
0.659959 
0.683910 
0.698940 
0.697852 
0.583888 
0.590431 
0.522443 
0.627198 
0.598541 
0.704635 
0.511608 
0.462663 
0.524221 
0.607814 
0.588207 
0.412317 
0.798907 
0.854853 
0.958071 
0.850879 
1.095697 
1.037042 
1.163666 
1.053394 
1.060850 
0.936621 
0.996877 
0.846529 
0.744674 
0.666601 
0.750619 
0.590798 
0.538059 
0.662139 
0.604967 
0.581741 
0.570204 
0.598724 
0.590253 
0.669498 
0.622029 
0.582526 
0.573257 
0.544484 
0.643031 
0.801350 
0.675926 
0.638363 
0.703227 
0.833107 
0.730022 
0.685181 
0.588534 
0.571220 
0.507793 
0.400620 
0.517273 
0.502281 
0.610794 
0.591393 
0.622585 
0.697349 
0.568135 
0.485141 
0.370602 
0.346320 
0.333276 
0.376671 
0.393025 
0.350791 
0.366137 
0.407911 
0.409449 
0.321032 
0.395577 
0.428173 
0.341575 
0.331932 
0.324427 
0.333874 
0.380033 
0.356063 
0.296850 
0.308576 
0.323469 
0.273752 
0.310740 
0.229823 
0.219517 
0.225629 
0.202547 
0.184084 
0.204983 
0.156180 
0.172716 
0.134350 
0.156297 
0.157376 
0.150044 
0.123241 
0.135892 
0.144830 
0.117699 
0.107179 
0.122678 
0.134780 
0.127115 
0.115896 
0.108497 
0.104738 
0.125028 
0.128288 
0.134288 
0.128564 
0.146859 
0.142156 
0.145798 
0.142753 
0.158472 
0.160299 
0.155820 
0.176851 
0.138406 
0.200628 
0.206945 
0.191181 
0.207407 
0.218270 
0.201353 
0.205585 
0.228875 
0.179995 
0.219843 
0.213774 
0.221051 
0.203564 
0.213634 
0.188413 
0.226560 
0.239481 
0.189507 
0.244910 
0.215478 
0.251623 
0.248102 
0.274571 
0.302973 
0.252928 
0.291532 
0.323865 
0.298317 
0.366156 
0.364386 
0.369971 
0.550569 
0.565308 
0.525886 
0.522293 
0.418963 
0.419379 
0.446122 
0.374115 
0.414184 
0.253910 
0.255491 
0.223369 
0.178005 
0.227867 
0.191361 
0.195169 
0.195944 
0.201521 
0.182866 
0.150260 
0.152997 
0.126148 
0.091005 
0.130222 
0.088934 
0.101904 
0.085838 
0.071105 
0.091336 
0.082367 
0.085589 
0.076835 
0.083125 
0.087629 
0.099848 
0.099668 
0.097437 
0.108948 
0.110589 
0.099537 
0.099346 
0.099624 
0.095532 
0.092034 
0.101154 
0.095056 
0.083368 
0.089514 
0.080425 
0.086408 
0.096773 
0.103082 
0.104620 
0.099607 
0.106735 
0.091455 
0.085818 
0.086628 
0.089505 
0.068930 
0.064554 
0.061727 
0.052459 
0.055812 
0.039725 
0.048620 
0.043329 
0.042419 
0.045091 
0.037978 
0.051598 
0.043763 
0.037365 
0.042409 
0.044142 
0.040452 
0.029310 
0.039902 
0.042182 
0.030932 
0.030165 
0.027511 
0.028827 
0.027723 
0.025259 
0.026161 
0.024636 
0.021424 
0.020910 
0.018044 
0.017722 
0.015309 
0.016012 
0.015642 
0.011839 
0.011909 
0.011849 
0.008135 
0.009380 
0.007629 
0.010192 
0.009680 
0.007751 
0.008700 
0.009895 
0.009575 
0.007567 
0.008528 
0.009757 
0.008889 
0.008861 
0.010082 
0.011259 
0.009048 
0.009886 
0.008476 
0.008484 
0.008851 
0.007081 
0.006147 
0.004628 
0.005136 
0.003684 
0.003960 
0.003956 
0.003533 
0.003797 
0.003050 
0.003474 
0.003189 
0.003644 
0.002998 
0.002947 
0.003179 
0.002404 
0.003186 
0.003263 
0.003152 
0.002726 
0.002744 
0.002122 
0.002270 
0.001988 
0.001801 
0.001449 
0.001357 
0.000990 
0.001017 
0.000535 
0.000380 
0.000196 
0.000102 
0.000074 
0.000043 
0.000016 
0.000005 
0.000000 
0.000000 
0.000000 
0.000000 
0.000000 
0.000000 
0.000000 
0.000000 
0.000000 
0.000000 
0.000000 
0.000000 
0.000000 
0.000000 
0.000000 
0.000000 
0.000000 
0.000000 
0.000000 
0.000000 
0.000000 
0.000000 
0.000000 
0.000000 
0.000000 
0.000000 
0.000000 
0.000000 
0.000000 
0.000000 
0.000000 
0.000000 
0.000000 
0.000000 
0.000000 
0.000000 
0.000000 
0.000000 
0.000000 
0.000000 
0.000000 
0.000000 
0.000000 
0.000000 
0.000000 
0.000000 
0.000000 
0.000000 
0.000000 
0.000000 
0.000000 
0.000000 
0.000000 
0.000000 
0.000000 
0.000000 
0.000000 
0.000000 
0.000000 
0.000000 
0.000000 
0.000000 
0.000000 
0.000000 
0.000000 
0.000000 
0.000000 
0.000000 
0.000000 
0.000000 
0.000000 
0.000000 
0.000000 
0.000000 
0.000000 
0.000000 
0.000000 
0.000000 
0.000000 
0.000000 
0.000000 
0.000000 
0.000000 
0.000000 
0.000000 
0.000000 
0.000000 
0.000000 
0.000000 
0.000000 
0.000000 
0.000000 
0.000000 
0.000000 
0.000000 
0.000000 
0.000000 
0.000000 
0.000000 
0.000000 
0.000000 
0.000000 
0.000000 
0.000000 
0.000000 
0.000000 
0.000000 
0.000000 
0.000000 
0.000000 
0.000000 
0.000000 
0.000000 
0.000000 
0.000000 
0.000000 
0.000000 
0.000000 
0.000000 
0.000000 
0.000000 
0.000000 
0.000000 
0.000000 
0.000000 
0.000000 
0.000000 
0.000000 
0.000000 
0.000000 
0.000000 
0.000000 
0.000000 
0.000000 
0.000000 
0.000000 
0.000000 
0.000000 
0.000000 
0.000000 
0.000000 
0.000000 
0.000000 
0.000000 
0.000000 
0.000000 
0.000000 
0.000000 
0.000000 
0.000000 
0.000000 
0.000000 
0.000000 
0.000000 
0.000000 
0.000000 
0.000000 
0.000000 
0.000000 
0.000000 
0.000000 
0.000000 
0.000000 
0.000000 
0.000000 
0.000000 
0.000000 
0.000000 
0.000000 
0.000000 
0.000000 
0.000000 
0.000000 
0.000000 
0.000000 
0.000000 
0.000000 
0.000000 
0.000000 
0.000000 
0.000000 
0.000000 
0.000000 
0.000000 
0.000000 
0.000000 
0.000000 
0.000000 
0.000000 
0.000000 
0.000000 
