0.000000 
0.000000 
0.000000 
0.000000 
0.000000 
0.000000 
0.000000 
0.000000 
0.000000 
0.000000 
0.000000 
0.000000 
0.000000 
0.000000 
0.000000 
0.000000 
0.000000 
0.000000 
0.000000 
0.000000 
0.000000 
0.000000 
0.000000 
0.000000 
0.000000 
0.000000 
0.000000 
0.000000 
0.000000 
0.000000 
0.000000 
0.000000 
0.000000 
0.000000 
0.000000 
0.000000 
0.000000 
0.000000 
0.000000 
0.000000 
0.000000 
0.000000 
0.000000 
0.000000 
0.000000 
0.000000 
0.000000 
0.000000 
0.000000 
0.000000 
0.000000 
0.000000 
0.000000 
0.000000 
0.000000 
0.000000 
0.000000 
0.000000 
0.000000 
0.000000 
0.000000 
0.000000 
0.000000 
0.000000 
0.000000 
0.000000 
0.000000 
0.000000 
0.000000 
0.000000 
0.000000 
0.000000 
0.000000 
0.000000 
0.000000 
0.000000 
0.000000 
0.000000 
0.000000 
0.000000 
0.000000 
0.000000 
0.000000 
0.000000 
0.000000 
0.000000 
0.000000 
0.000000 
0.000000 
0.000000 
0.000000 
0.000000 
0.000000 
0.000000 
0.000000 
0.000000 
0.000000 
0.000000 
0.000000 
0.000000 
0.000000 
0.000000 
0.000000 
0.000000 
0.000000 
0.000000 
0.000000 
0.000000 
0.000000 
0.000000 
0.000000 
0.000000 
0.000000 
0.000000 
0.000000 
0.000000 
0.000000 
0.000000 
0.000000 
0.000000 
0.000000 
0.000000 
0.000000 
0.000000 
0.000000 
0.000000 
0.000000 
0.000000 
0.000000 
0.000000 
0.000000 
0.000000 
0.000000 
0.000000 
0.000000 
0.000000 
0.000000 
0.000000 
0.000000 
0.000000 
0.000000 
0.000000 
0.000000 
0.000000 
0.000000 
0.000000 
0.000000 
0.000000 
0.000000 
0.000000 
0.000000 
0.000000 
0.000000 
0.000000 
0.000000 
0.000000 
0.000000 
0.000000 
0.000000 
0.000000 
0.000000 
0.000000 
0.000000 
0.000000 
0.000000 
0.000000 
0.000000 
0.000000 
0.000000 
0.000000 
0.000000 
0.000000 
0.000000 
0.000000 
0.000000 
0.000000 
0.000000 
0.000000 
0.000000 
0.000000 
0.000000 
0.000000 
0.000000 
0.000000 
0.000000 
0.000000 
0.000000 
0.000000 
0.000000 
0.000000 
0.000000 
0.000000 
0.000000 
0.000000 
0.000000 
0.000000 
0.000000 
0.000000 
0.000000 
0.000000 
0.000000 
0.000000 
0.000000 
0.000000 
0.000000 
0.000000 
0.000000 
0.000000 
0.000000 
0.000000 
0.000000 
0.000000 
0.000000 
0.000000 
0.000000 
0.000000 
0.000000 
0.000000 
0.000000 
0.000000 
0.000000 
0.000000 
0.000000 
0.000000 
0.000000 
0.000032 
0.000140 
0.000304 
0.000455 
0.000515 
0.000712 
0.001015 
0.001409 
0.001771 
0.002523 
0.003316 
0.003327 
0.004826 
0.004885 
0.006460 
0.006479 
0.009551 
0.010309 
0.012209 
0.014117 
0.016917 
0.016874 
0.019134 
0.018883 
0.020461 
0.020733 
0.022330 
0.020070 
0.015361 
0.019684 
0.016301 
0.022669 
0.018289 
0.019655 
0.019075 
0.017934 
0.021336 
0.018498 
0.019463 
0.016434 
0.019036 
0.023460 
0.025858 
0.022500 
0.025401 
0.035129 
0.031105 
0.030233 
0.030948 
0.037316 
0.039195 
0.038747 
0.039755 
0.039587 
0.045492 
0.040661 
0.044621 
0.035900 
0.048351 
0.041885 
0.043597 
0.045780 
0.049946 
0.053506 
0.049193 
0.055753 
0.046175 
0.052409 
0.058801 
0.056893 
0.060405 
0.059939 
0.064738 
0.052973 
0.061854 
0.062461 
0.072018 
0.063452 
0.063439 
0.059969 
0.068949 
0.072125 
0.073160 
0.075745 
0.072083 
0.065196 
0.088772 
0.059632 
0.075327 
0.078693 
0.071919 
0.079943 
0.080053 
0.070507 
0.080898 
0.088051 
0.079696 
0.092964 
0.084145 
0.081592 
0.086295 
0.100454 
0.127031 
0.137295 
0.117324 
0.132528 
0.161739 
0.149738 
0.173123 
0.139210 
0.222025 
0.175845 
0.219299 
0.193859 
0.192857 
0.221836 
0.204469 
0.200109 
0.196751 
0.135415 
0.165332 
0.153353 
0.200332 
0.237435 
0.218687 
0.209360 
0.215716 
0.223537 
0.258201 
0.237231 
0.268015 
0.232124 
0.247088 
0.239870 
0.270923 
0.251672 
0.345661 
0.380800 
0.385608 
0.415241 
0.441394 
0.417009 
0.446765 
0.362372 
0.424598 
0.436520 
0.577944 
0.551247 
0.573402 
0.594575 
0.637001 
0.707174 
0.487223 
0.518095 
0.557822 
0.527393 
0.529967 
0.591264 
0.511011 
0.424316 
0.492478 
0.508768 
0.477421 
0.559639 
0.596512 
0.499878 
0.546209 
0.535802 
0.445663 
0.368964 
0.386426 
0.415778 
0.421124 
0.416026 
0.389508 
0.460330 
0.529081 
0.607830 
0.629221 
0.618513 
0.641060 
0.603788 
0.587929 
0.638446 
0.708350 
0.684349 
0.540170 
0.539251 
0.443944 
0.505754 
0.481983 
0.548407 
0.623604 
0.657227 
0.640673 
0.728208 
0.662389 
0.806492 
0.638242 
0.626279 
0.753835 
0.734499 
0.621625 
0.775725 
0.620316 
0.712655 
0.845340 
0.864070 
0.805541 
0.902405 
0.741541 
0.916288 
0.832050 
0.878587 
0.969038 
1.039867 
0.976650 
0.832402 
1.209827 
0.964759 
0.895233 
0.976675 
1.000550 
1.044320 
1.128381 
0.955890 
1.095893 
1.124397 
0.938338 
1.055230 
1.195100 
1.229889 
1.174265 
1.189088 
1.101190 
1.283171 
1.291406 
1.162678 
1.118244 
0.890928 
0.819112 
0.689542 
0.477084 
0.422353 
0.379292 
0.461692 
0.661828 
0.777278 
0.818026 
1.133839 
1.032546 
1.082165 
0.955659 
1.057156 
1.071595 
1.006991 
1.189287 
0.983681 
1.048877 
0.940610 
1.103846 
1.146985 
1.260558 
1.113390 
0.987738 
1.233758 
1.063244 
1.064476 
1.147252 
1.099433 
1.286960 
0.864969 
1.232527 
1.167428 
1.421186 
1.092810 
1.146674 
1.162362 
1.069054 
1.059283 
1.036234 
1.172226 
1.077688 
1.029860 
1.295978 
1.318979 
1.046425 
0.838004 
0.786084 
0.604398 
0.474922 
0.351317 
0.351181 
0.185187 
0.177106 
0.228606 
0.407396 
0.581150 
0.797987 
0.799489 
0.993273 
1.323393 
1.336718 
1.059762 
1.258511 
1.227478 
1.212860 
1.372656 
1.309126 
1.524781 
1.316122 
1.457131 
1.497523 
1.342889 
1.283491 
1.234588 
1.062704 
1.521261 
1.526773 
1.325600 
1.451683 
1.348332 
1.325569 
1.145974 
1.227461 
1.243799 
1.407122 
1.443846 
1.519070 
1.672579 
1.551535 
1.506595 
1.643556 
1.540510 
1.432171 
1.616271 
1.427906 
1.727137 
1.433955 
1.461684 
1.345536 
1.344245 
1.502875 
1.327509 
1.420699 
1.372846 
1.197633 
1.525837 
1.581172 
1.611384 
1.521908 
1.511589 
1.570929 
1.647557 
1.637563 
1.681225 
1.690982 
1.325748 
1.930571 
1.765338 
1.393674 
1.610481 
1.671728 
1.495754 
1.502929 
1.459808 
1.583958 
1.661354 
1.818710 
1.595963 
1.530180 
1.453834 
1.182618 
0.954823 
0.949252 
0.825365 
0.944608 
0.997571 
1.209305 
1.352394 
1.485947 
1.390099 
1.852480 
1.576364 
1.799448 
1.829872 
1.646247 
1.758717 
1.875229 
1.618563 
1.537236 
1.451564 
1.331368 
1.429856 
1.122079 
1.016470 
0.795691 
0.928755 
0.918305 
0.768774 
1.067224 
0.828017 
1.466080 
1.738525 
1.834318 
1.868071 
1.899556 
1.554442 
1.564050 
1.834275 
1.678033 
1.218684 
1.256362 
1.074536 
1.213197 
1.217971 
1.359948 
1.556789 
1.534120 
1.953446 
1.763826 
1.883062 
1.889017 
2.043307 
2.112713 
1.663841 
1.619051 
1.612516 
1.788418 
1.433834 
1.571781 
1.768885 
1.671381 
1.829153 
1.761562 
1.620886 
1.636207 
1.606176 
1.512889 
1.226177 
0.901344 
0.809086 
0.500660 
0.553799 
0.412646 
0.330404 
0.352685 
0.402809 
0.336818 
0.311352 
0.415977 
0.699361 
1.087826 
1.266244 
1.605673 
1.498234 
1.856129 
1.334397 
1.846547 
1.673729 
1.692341 
1.743316 
1.986532 
1.720625 
1.866634 
1.922046 
1.923465 
2.147452 
1.823939 
1.914272 
1.716082 
1.785546 
1.583933 
1.890813 
1.927879 
1.736532 
2.137778 
1.870904 
1.852754 
1.390618 
1.612548 
0.945179 
0.819066 
0.607733 
0.479010 
0.488498 
0.605024 
0.602007 
0.808988 
0.807228 
0.878690 
0.897111 
1.161585 
1.042158 
1.141668 
0.883652 
1.049912 
0.724034 
0.792775 
0.650082 
0.683551 
0.807148 
1.027308 
1.083298 
1.038098 
1.327916 
1.207362 
1.460408 
1.743120 
1.652939 
1.276415 
1.174739 
0.982421 
0.793287 
0.715769 
0.778396 
0.758763 
0.939150 
0.858514 
0.570898 
0.737109 
0.843199 
0.762095 
0.596859 
0.726046 
0.645669 
0.787024 
0.773719 
0.911738 
1.028502 
0.950290 
0.964075 
1.236683 
1.124311 
1.331434 
1.275048 
1.325041 
1.398009 
2.058215 
1.739905 
1.994560 
1.602943 
1.960426 
1.491989 
1.482307 
1.451124 
1.049625 
0.935112 
0.789872 
0.702062 
0.723781 
0.670729 
0.580795 
0.584852 
0.499629 
0.590544 
0.677504 
0.885341 
0.807450 
0.964688 
1.261440 
1.598468 
1.692541 
2.248129 
2.215776 
1.711550 
2.074931 
1.712867 
1.703620 
1.668745 
1.984139 
2.024901 
1.701279 
1.485237 
1.766045 
1.681781 
1.669338 
1.676343 
1.949773 
1.965748 
1.829988 
1.870645 
1.716329 
1.685715 
2.046402 
1.662912 
1.546231 
1.864837 
1.767820 
1.989383 
1.710044 
1.861216 
1.927581 
1.508622 
2.091481 
1.745345 
1.672341 
1.777490 
1.908763 
1.890202 
1.356381 
1.500497 
1.408821 
1.584396 
1.365376 
1.350401 
1.519488 
1.596414 
1.871079 
1.794307 
1.903638 
1.729374 
1.621282 
1.885222 
1.506634 
1.825590 
1.811065 
1.671324 
1.584197 
1.900518 
1.813631 
1.731407 
1.781809 
1.521167 
1.316094 
1.737019 
1.667433 
1.664505 
1.442900 
1.613909 
1.325815 
1.183870 
0.957723 
1.119744 
1.136899 
1.124037 
1.257977 
1.490218 
1.752873 
1.715589 
1.819674 
1.489323 
1.512045 
1.403808 
1.615600 
1.689715 
1.419619 
1.558308 
1.620310 
1.481945 
1.634548 
1.674493 
1.812679 
1.777213 
1.940326 
1.737615 
1.636298 
1.382024 
1.140465 
1.356069 
1.453164 
1.320793 
1.374045 
1.120831 
1.245667 
1.376875 
1.316208 
1.047673 
1.124428 
1.141949 
1.289839 
1.077286 
1.226743 
1.343860 
1.296459 
1.052352 
1.265718 
1.306310 
1.347648 
1.225005 
1.163926 
0.834549 
0.892879 
0.587803 
0.532780 
0.490987 
0.378950 
0.496994 
0.363108 
0.508217 
0.343097 
0.385923 
0.412353 
0.488792 
0.337078 
0.357158 
0.490546 
0.403026 
0.453632 
0.524484 
0.537439 
0.557271 
0.649030 
0.802150 
0.887456 
1.008309 
0.980713 
0.878685 
1.344558 
1.447266 
1.319135 
1.202624 
1.376290 
1.274889 
0.951375 
1.056945 
0.879639 
0.929810 
0.807964 
0.888227 
0.831710 
0.786725 
0.734449 
0.750886 
0.781109 
0.738832 
0.775137 
0.741517 
0.832463 
0.783603 
1.009996 
1.005086 
1.301173 
1.179938 
1.504074 
1.514519 
1.126552 
1.344109 
1.253594 
1.373547 
1.163472 
1.036907 
1.089701 
0.903370 
0.712796 
0.814892 
0.823131 
0.792109 
0.852583 
0.690161 
0.832263 
0.733071 
0.724638 
0.796281 
0.752725 
1.008075 
0.926913 
0.846112 
1.055689 
0.993020 
1.061137 
1.036193 
0.917277 
1.048280 
0.909450 
0.967296 
1.055788 
0.547603 
0.556953 
0.560009 
0.617815 
0.705651 
0.799891 
0.681693 
0.914601 
0.886826 
0.673894 
0.572870 
0.526107 
0.380518 
0.475473 
0.519237 
0.552167 
0.469325 
0.586970 
0.540249 
0.542589 
0.419931 
0.410099 
0.486994 
0.472510 
0.500785 
0.474297 
0.503688 
0.474838 
0.458213 
0.373481 
0.484293 
0.466225 
0.339527 
0.375247 
0.353276 
0.295443 
0.294903 
0.320270 
0.345643 
0.267684 
0.255730 
0.236218 
0.185903 
0.176312 
0.154297 
0.187012 
0.200535 
0.176740 
0.175596 
0.180047 
0.165170 
0.155879 
0.184253 
0.172050 
0.186754 
0.145817 
0.204544 
0.185163 
0.141140 
0.180657 
0.160062 
0.172001 
0.196819 
0.214996 
0.234333 
0.198200 
0.192405 
0.176536 
0.181373 
0.197534 
0.277493 
0.249318 
0.292134 
0.257884 
0.224071 
0.301658 
0.284882 
0.268644 
0.296615 
0.250976 
0.321555 
0.290640 
0.328939 
0.290024 
0.307346 
0.309817 
0.294097 
0.286516 
0.311807 
0.314721 
0.270338 
0.330083 
0.332843 
0.342927 
0.344691 
0.447404 
0.397080 
0.418657 
0.498040 
0.506879 
0.558701 
0.642437 
0.613746 
0.630149 
0.517096 
0.621212 
0.676673 
0.543952 
0.519621 
0.516989 
0.436197 
0.292029 
0.283928 
0.296451 
0.233374 
0.364312 
0.306258 
0.243023 
0.264520 
0.250358 
0.240715 
0.194801 
0.127817 
0.149258 
0.159316 
0.115809 
0.123891 
0.121563 
0.126911 
0.143578 
0.102531 
0.116133 
0.109526 
0.113311 
0.113065 
0.092487 
0.150001 
0.125766 
0.133385 
0.136169 
0.120663 
0.130711 
0.105056 
0.109305 
0.115361 
0.117345 
0.108702 
0.115803 
0.117208 
0.121834 
0.100603 
0.117190 
0.140838 
0.140469 
0.146398 
0.135303 
0.131773 
0.129680 
0.103451 
0.115373 
0.096862 
0.089899 
0.080486 
0.079013 
0.073360 
0.069073 
0.066997 
0.069344 
0.062822 
0.069017 
0.051030 
0.063649 
0.056833 
0.067649 
0.061042 
0.051999 
0.062321 
0.055117 
0.043880 
0.055820 
0.045300 
0.048952 
0.040872 
0.038900 
0.038367 
0.038070 
0.031175 
0.029310 
0.030575 
0.024880 
0.029166 
0.028169 
0.022443 
0.018103 
0.019839 
0.019400 
0.015448 
0.013275 
0.012053 
0.013256 
0.014005 
0.012656 
0.010563 
0.011885 
0.010543 
0.009436 
0.010612 
0.012182 
0.012689 
0.012144 
0.014763 
0.011025 
0.013653 
0.012820 
0.012704 
0.011300 
0.012511 
0.009648 
0.010243 
0.011346 
0.008469 
0.006445 
0.006114 
0.005395 
0.005416 
0.004326 
0.004141 
0.004731 
0.004337 
0.004791 
0.004022 
0.005060 
0.004401 
0.003329 
0.004142 
0.004780 
0.004089 
0.004306 
0.003884 
0.003750 
0.003690 
0.003224 
0.002687 
0.002799 
0.001930 
0.001866 
0.001713 
0.001809 
0.001077 
0.000951 
0.000550 
0.000180 
0.000125 
0.000086 
0.000053 
0.000025 
0.000007 
0.000000 
0.000000 
0.000000 
0.000000 
0.000000 
0.000000 
0.000000 
0.000000 
0.000000 
0.000000 
0.000000 
0.000000 
0.000000 
0.000000 
0.000000 
0.000000 
0.000000 
0.000000 
0.000000 
0.000000 
0.000000 
0.000000 
0.000000 
0.000000 
0.000000 
0.000000 
0.000000 
0.000000 
0.000000 
0.000000 
0.000000 
0.000000 
0.000000 
0.000000 
0.000000 
0.000000 
0.000000 
0.000000 
0.000000 
0.000000 
0.000000 
0.000000 
0.000000 
0.000000 
0.000000 
0.000000 
0.000000 
0.000000 
0.000000 
0.000000 
0.000000 
0.000000 
0.000000 
0.000000 
0.000000 
0.000000 
0.000000 
0.000000 
0.000000 
0.000000 
0.000000 
0.000000 
0.000000 
0.000000 
0.000000 
0.000000 
0.000000 
0.000000 
0.000000 
0.000000 
0.000000 
0.000000 
0.000000 
0.000000 
0.000000 
0.000000 
0.000000 
0.000000 
0.000000 
0.000000 
0.000000 
0.000000 
0.000000 
0.000000 
0.000000 
0.000000 
0.000000 
0.000000 
0.000000 
0.000000 
0.000000 
0.000000 
0.000000 
0.000000 
0.000000 
0.000000 
0.000000 
0.000000 
0.000000 
0.000000 
0.000000 
0.000000 
0.000000 
0.000000 
0.000000 
0.000000 
0.000000 
0.000000 
0.000000 
0.000000 
0.000000 
0.000000 
0.000000 
0.000000 
0.000000 
0.000000 
0.000000 
0.000000 
0.000000 
0.000000 
0.000000 
0.000000 
0.000000 
0.000000 
0.000000 
0.000000 
0.000000 
0.000000 
0.000000 
0.000000 
0.000000 
0.000000 
0.000000 
0.000000 
0.000000 
0.000000 
0.000000 
0.000000 
0.000000 
0.000000 
0.000000 
0.000000 
0.000000 
0.000000 
0.000000 
0.000000 
0.000000 
0.000000 
0.000000 
0.000000 
0.000000 
0.000000 
0.000000 
0.000000 
0.000000 
0.000000 
0.000000 
0.000000 
0.000000 
0.000000 
0.000000 
0.000000 
0.000000 
0.000000 
0.000000 
0.000000 
0.000000 
0.000000 
0.000000 
0.000000 
0.000000 
0.000000 
0.000000 
0.000000 
0.000000 
0.000000 
0.000000 
0.000000 
0.000000 
0.000000 
0.000000 
0.000000 
0.000000 
0.000000 
0.000000 
0.000000 
0.000000 
0.000000 
0.000000 
0.000000 
0.000000 
