0.000000 
0.000000 
0.000000 
0.000000 
0.000000 
0.000000 
0.000000 
0.000000 
0.000000 
0.000000 
0.000000 
0.000000 
0.000000 
0.000000 
0.000000 
0.000000 
0.000000 
0.000000 
0.000000 
0.000000 
0.000000 
0.000000 
0.000000 
0.000000 
0.000000 
0.000000 
0.000000 
0.000000 
0.000000 
0.000000 
0.000000 
0.000000 
0.000000 
0.000000 
0.000000 
0.000000 
0.000000 
0.000000 
0.000000 
0.000000 
0.000000 
0.000000 
0.000000 
0.000000 
0.000000 
0.000000 
0.000000 
0.000000 
0.000000 
0.000000 
0.000000 
0.000000 
0.000000 
0.000000 
0.000000 
0.000000 
0.000000 
0.000000 
0.000000 
0.000000 
0.000000 
0.000000 
0.000000 
0.000000 
0.000000 
0.000000 
0.000000 
0.000000 
0.000000 
0.000000 
0.000000 
0.000000 
0.000000 
0.000000 
0.000000 
0.000000 
0.000000 
0.000000 
0.000000 
0.000000 
0.000000 
0.000000 
0.000000 
0.000000 
0.000000 
0.000000 
0.000000 
0.000000 
0.000000 
0.000000 
0.000000 
0.000000 
0.000000 
0.000000 
0.000000 
0.000000 
0.000000 
0.000000 
0.000000 
0.000000 
0.000000 
0.000000 
0.000000 
0.000000 
0.000000 
0.000000 
0.000000 
0.000000 
0.000000 
0.000000 
0.000000 
0.000000 
0.000000 
0.000000 
0.000000 
0.000000 
0.000000 
0.000000 
0.000000 
0.000000 
0.000000 
0.000000 
0.000000 
0.000000 
0.000000 
0.000000 
0.000000 
0.000000 
0.000000 
0.000000 
0.000000 
0.000000 
0.000000 
0.000000 
0.000000 
0.000000 
0.000000 
0.000000 
0.000000 
0.000000 
0.000000 
0.000000 
0.000000 
0.000000 
0.000000 
0.000000 
0.000000 
0.000000 
0.000000 
0.000000 
0.000000 
0.000000 
0.000000 
0.000000 
0.000000 
0.000000 
0.000000 
0.000000 
0.000000 
0.000000 
0.000000 
0.000000 
0.000000 
0.000000 
0.000000 
0.000000 
0.000000 
0.000000 
0.000000 
0.000000 
0.000000 
0.000000 
0.000000 
0.000000 
0.000000 
0.000000 
0.000000 
0.000000 
0.000000 
0.000000 
0.000000 
0.000000 
0.000000 
0.000000 
0.000000 
0.000000 
0.000000 
0.000000 
0.000000 
0.000000 
0.000000 
0.000000 
0.000000 
0.000000 
0.000000 
0.000000 
0.000000 
0.000000 
0.000000 
0.000000 
0.000000 
0.000000 
0.000000 
0.000000 
0.000000 
0.000000 
0.000000 
0.000000 
0.000000 
0.000000 
0.000000 
0.000000 
0.000000 
0.000000 
0.000000 
0.000000 
0.000000 
0.000000 
0.000000 
0.000000 
0.000000 
0.000000 
0.000000 
0.000000 
0.000000 
0.000020 
0.000101 
0.000177 
0.000363 
0.000418 
0.000641 
0.000802 
0.001210 
0.001494 
0.001820 
0.002059 
0.002628 
0.004060 
0.004479 
0.004125 
0.005051 
0.006775 
0.007992 
0.010543 
0.009019 
0.009989 
0.010802 
0.013864 
0.012816 
0.016052 
0.014678 
0.014143 
0.016026 
0.016761 
0.013790 
0.014846 
0.013262 
0.013752 
0.016222 
0.014063 
0.017271 
0.012182 
0.012645 
0.014599 
0.017617 
0.015760 
0.016984 
0.017321 
0.016603 
0.021342 
0.019784 
0.024246 
0.024197 
0.023011 
0.028522 
0.022136 
0.033560 
0.032301 
0.027268 
0.033687 
0.035039 
0.034757 
0.041568 
0.030893 
0.035502 
0.030871 
0.033189 
0.038356 
0.038416 
0.040914 
0.038319 
0.041103 
0.041455 
0.038407 
0.050590 
0.036340 
0.040596 
0.045371 
0.045437 
0.048260 
0.043362 
0.048053 
0.044279 
0.045372 
0.051964 
0.054192 
0.052500 
0.053840 
0.057821 
0.041940 
0.056240 
0.057392 
0.060453 
0.058323 
0.055302 
0.055826 
0.060231 
0.061080 
0.074004 
0.076392 
0.077464 
0.071381 
0.064464 
0.064245 
0.067886 
0.078494 
0.085720 
0.072659 
0.075194 
0.093833 
0.087569 
0.119206 
0.100715 
0.123211 
0.132349 
0.134886 
0.130667 
0.141329 
0.148513 
0.179803 
0.145996 
0.153770 
0.124486 
0.151424 
0.126215 
0.160355 
0.146961 
0.139486 
0.136601 
0.158318 
0.160962 
0.191225 
0.142626 
0.197086 
0.175820 
0.195978 
0.201362 
0.171913 
0.169973 
0.166851 
0.232397 
0.220655 
0.185274 
0.282587 
0.229800 
0.335994 
0.276873 
0.283638 
0.306163 
0.306204 
0.341081 
0.358556 
0.500154 
0.474377 
0.486967 
0.379249 
0.400973 
0.427165 
0.387247 
0.371667 
0.304495 
0.363938 
0.404837 
0.353133 
0.451388 
0.370150 
0.388049 
0.337847 
0.349812 
0.423420 
0.466176 
0.375690 
0.356542 
0.328407 
0.367531 
0.310974 
0.355435 
0.299449 
0.321596 
0.358316 
0.368547 
0.413969 
0.500131 
0.475109 
0.555239 
0.437167 
0.473148 
0.413962 
0.452174 
0.497896 
0.395269 
0.376398 
0.401068 
0.399892 
0.282534 
0.402114 
0.396379 
0.481476 
0.426191 
0.432568 
0.572312 
0.554398 
0.568352 
0.603852 
0.539524 
0.483805 
0.627763 
0.600298 
0.611631 
0.558230 
0.638496 
0.647412 
0.590568 
0.604732 
0.639924 
0.663782 
0.622601 
0.684994 
0.800310 
0.696435 
0.599066 
0.688836 
0.870685 
0.724287 
0.762483 
0.767686 
0.934986 
0.706520 
0.951441 
1.021376 
0.893741 
0.901562 
0.758163 
0.767326 
0.738456 
0.778943 
0.773356 
0.846279 
0.746267 
0.927597 
0.838493 
0.953312 
0.967559 
0.752754 
0.635354 
0.783432 
0.611897 
0.486946 
0.329547 
0.319470 
0.344989 
0.349808 
0.577046 
0.750372 
0.820980 
0.726754 
0.756232 
0.833454 
0.736119 
0.703495 
0.847506 
0.774582 
0.756528 
0.767193 
0.997477 
0.896609 
0.848247 
0.688073 
0.856097 
0.845073 
0.876279 
0.920928 
0.897314 
0.920947 
0.871644 
0.760063 
1.003407 
0.907150 
0.787710 
0.902158 
0.841532 
0.753511 
0.731420 
0.929963 
0.754915 
0.756450 
0.721915 
0.713198 
0.865266 
1.041726 
0.951956 
0.762078 
0.664445 
0.512357 
0.384431 
0.387588 
0.327978 
0.193356 
0.149389 
0.136518 
0.205758 
0.279741 
0.394903 
0.561436 
0.608700 
0.810587 
0.891300 
0.861699 
0.937128 
0.930984 
0.890099 
0.948596 
0.976005 
0.935778 
1.171249 
0.908207 
1.089688 
1.111100 
0.918934 
1.032718 
1.042248 
1.057672 
1.149352 
1.130416 
0.904913 
0.980050 
1.169226 
1.162925 
1.100907 
1.126962 
0.955762 
1.147162 
1.006665 
1.206374 
1.191715 
1.119031 
1.100028 
1.166901 
1.099328 
1.077634 
1.152307 
1.142308 
1.023113 
1.219251 
1.232230 
1.101401 
0.989056 
1.141613 
1.216327 
1.025399 
1.168855 
1.173311 
1.385317 
1.257149 
1.203308 
1.259656 
1.179606 
1.203566 
1.181487 
1.141844 
1.148750 
1.046523 
1.085602 
1.180089 
1.291844 
1.346843 
1.222678 
1.344180 
1.116292 
1.037711 
1.218666 
1.314292 
1.256722 
1.277284 
1.319332 
1.016070 
1.279910 
0.882276 
0.830696 
0.828967 
0.653201 
0.759862 
0.786141 
0.848635 
0.886290 
1.002040 
1.170983 
1.219868 
1.343926 
1.485877 
1.205743 
1.225725 
1.141040 
1.125765 
1.363587 
1.084844 
1.159243 
1.035321 
0.834362 
0.788416 
0.762254 
0.717156 
0.540732 
0.453847 
0.570183 
0.604113 
0.719040 
1.113302 
1.325563 
1.339218 
1.237110 
1.320181 
1.376996 
1.244729 
1.144712 
1.064233 
1.013991 
0.904631 
0.737212 
0.875745 
1.098521 
1.129696 
1.110398 
1.404105 
1.415570 
1.409694 
1.198750 
1.387976 
0.953907 
1.309394 
1.284702 
1.213197 
1.140750 
1.468577 
1.244467 
1.063367 
1.241689 
1.361875 
1.350998 
1.350089 
1.420205 
1.428744 
1.364297 
0.993255 
1.017435 
0.859068 
0.656016 
0.502512 
0.315665 
0.287582 
0.272340 
0.296013 
0.323397 
0.262434 
0.244919 
0.388001 
0.464171 
0.751653 
0.992897 
1.095656 
1.262127 
1.297996 
1.141566 
1.426786 
1.331285 
1.466300 
1.337478 
1.442744 
1.541095 
1.442691 
1.467212 
1.410144 
1.412998 
1.422456 
1.495122 
1.494871 
1.359901 
1.420999 
1.381502 
1.425739 
1.403047 
1.380918 
1.485961 
1.326340 
1.328066 
1.262894 
0.965005 
0.725158 
0.495986 
0.366689 
0.311058 
0.470353 
0.512979 
0.631008 
0.572373 
0.623104 
0.620963 
0.935900 
1.022337 
0.842145 
0.830358 
0.618410 
0.618842 
0.424849 
0.541040 
0.536308 
0.539478 
0.695447 
0.824383 
0.730829 
1.088723 
1.071504 
1.186348 
1.389157 
1.423257 
1.130449 
0.957259 
0.680933 
0.686493 
0.499970 
0.489413 
0.628133 
0.574755 
0.559110 
0.662827 
0.547582 
0.487225 
0.581817 
0.507279 
0.502820 
0.505936 
0.541434 
0.547375 
0.684419 
0.710062 
0.679991 
0.810532 
0.857984 
0.730585 
1.086581 
0.925738 
1.111105 
1.417053 
1.331595 
1.533784 
1.279816 
1.244346 
1.235028 
1.203955 
1.134250 
1.085620 
0.924271 
0.791726 
0.510164 
0.600912 
0.395728 
0.379559 
0.421062 
0.346240 
0.380648 
0.437633 
0.462294 
0.605745 
0.656156 
0.793323 
0.870515 
1.452179 
1.305077 
1.343687 
1.517606 
1.563764 
1.522277 
1.526946 
1.453308 
1.569641 
1.718893 
1.366285 
1.407309 
1.552123 
1.497508 
1.351494 
1.222864 
1.344749 
1.314282 
1.205407 
1.602197 
1.406327 
1.311877 
1.409773 
1.338196 
1.204393 
1.425988 
1.275377 
1.580657 
1.258394 
1.050800 
1.194594 
1.534821 
1.432635 
1.327787 
1.480533 
1.500430 
1.211835 
1.472796 
1.200194 
1.305070 
0.988519 
1.258164 
0.967083 
0.926514 
1.109465 
1.106808 
0.963769 
1.323901 
1.366042 
1.308649 
1.394275 
1.480374 
1.385821 
1.509807 
1.416622 
1.487183 
1.181476 
1.191520 
1.142909 
1.251784 
1.105420 
1.162635 
1.205919 
1.345955 
1.283288 
1.311598 
1.279274 
1.050273 
1.004370 
0.928167 
0.880423 
1.052895 
0.727413 
0.685496 
0.837068 
0.902893 
0.986053 
1.248434 
1.359682 
1.184785 
1.048122 
1.016716 
1.269916 
1.221950 
1.227502 
1.004902 
1.198971 
1.246284 
0.927447 
0.985272 
1.232627 
1.143800 
1.125894 
1.245592 
1.409540 
1.160383 
1.195132 
1.183302 
1.038872 
0.912498 
1.099792 
0.886810 
0.857225 
1.061975 
0.897192 
0.968358 
0.774329 
0.795244 
0.862550 
0.751294 
0.703022 
0.938925 
1.048717 
1.070746 
1.049219 
1.045113 
0.990432 
1.130039 
1.023779 
0.899183 
0.817596 
0.594285 
0.466549 
0.318333 
0.402053 
0.378961 
0.397482 
0.353747 
0.275330 
0.344397 
0.257808 
0.300359 
0.347545 
0.360105 
0.276444 
0.305494 
0.311144 
0.310262 
0.371793 
0.365655 
0.387109 
0.530275 
0.534120 
0.708342 
0.752534 
0.636228 
1.011375 
1.028449 
0.874303 
1.030535 
0.978355 
1.027541 
0.893067 
0.843635 
0.640105 
0.687566 
0.686373 
0.482523 
0.706817 
0.639584 
0.564319 
0.674265 
0.586992 
0.530769 
0.516579 
0.618851 
0.578659 
0.584469 
0.754620 
0.721571 
0.810173 
0.916955 
0.793256 
1.199921 
1.098757 
1.074650 
1.037863 
0.899668 
0.973633 
0.836734 
0.888080 
0.864753 
0.643094 
0.613434 
0.616323 
0.606445 
0.591120 
0.637659 
0.527474 
0.609172 
0.455033 
0.512602 
0.591738 
0.637907 
0.594034 
0.658274 
0.654174 
0.740060 
0.656244 
0.755310 
0.797147 
0.721269 
0.653542 
0.861941 
0.841769 
0.633980 
0.543896 
0.416029 
0.438710 
0.469705 
0.584538 
0.473052 
0.533920 
0.608238 
0.557890 
0.497441 
0.432421 
0.374412 
0.351919 
0.333905 
0.318155 
0.385916 
0.430288 
0.417417 
0.420523 
0.413065 
0.341130 
0.370461 
0.319864 
0.357027 
0.420852 
0.353157 
0.384421 
0.346020 
0.370365 
0.363713 
0.292253 
0.296397 
0.251853 
0.241719 
0.285655 
0.232021 
0.222082 
0.209233 
0.194232 
0.185528 
0.213691 
0.161539 
0.128377 
0.163904 
0.157109 
0.139937 
0.135915 
0.137031 
0.126479 
0.119919 
0.155685 
0.129260 
0.121593 
0.136773 
0.135323 
0.122080 
0.142771 
0.138328 
0.136272 
0.129772 
0.134201 
0.156499 
0.136790 
0.151463 
0.128897 
0.149108 
0.155893 
0.165325 
0.183813 
0.180306 
0.189293 
0.152861 
0.192665 
0.169171 
0.214283 
0.237064 
0.201504 
0.200242 
0.197910 
0.218303 
0.189548 
0.213662 
0.207600 
0.226097 
0.248853 
0.224573 
0.204914 
0.210488 
0.194539 
0.199082 
0.239028 
0.296102 
0.298408 
0.302038 
0.256769 
0.235067 
0.275176 
0.278595 
0.326735 
0.389538 
0.441915 
0.460218 
0.490150 
0.518796 
0.595526 
0.521241 
0.417903 
0.470652 
0.422951 
0.404751 
0.275607 
0.237936 
0.248035 
0.239999 
0.228613 
0.179526 
0.204056 
0.226429 
0.222725 
0.166533 
0.152086 
0.133789 
0.108198 
0.116333 
0.107514 
0.092769 
0.097371 
0.089696 
0.113925 
0.086539 
0.089485 
0.086800 
0.080498 
0.080901 
0.104410 
0.097946 
0.106545 
0.095934 
0.105451 
0.094754 
0.093433 
0.081615 
0.101751 
0.091666 
0.086876 
0.068988 
0.092728 
0.089821 
0.101008 
0.092822 
0.106166 
0.094640 
0.120521 
0.088137 
0.104835 
0.097945 
0.085213 
0.086289 
0.080233 
0.078140 
0.070887 
0.067935 
0.061316 
0.065218 
0.051683 
0.046721 
0.066899 
0.047864 
0.045464 
0.046630 
0.050871 
0.047640 
0.034845 
0.046337 
0.046345 
0.043706 
0.040140 
0.041112 
0.034819 
0.035965 
0.039403 
0.035706 
0.029944 
0.030226 
0.028809 
0.028773 
0.023118 
0.025443 
0.021378 
0.021153 
0.015857 
0.017504 
0.015297 
0.016090 
0.015542 
0.012873 
0.010344 
0.011538 
0.009843 
0.010055 
0.009658 
0.009585 
0.008768 
0.009571 
0.008091 
0.007365 
0.008248 
0.009459 
0.008924 
0.008577 
0.010266 
0.009795 
0.010150 
0.009277 
0.008429 
0.008364 
0.008464 
0.007854 
0.008795 
0.006403 
0.006340 
0.004608 
0.005006 
0.003774 
0.004187 
0.002807 
0.003400 
0.002733 
0.002896 
0.002859 
0.002918 
0.003277 
0.003511 
0.003324 
0.003606 
0.003713 
0.003057 
0.002998 
0.003182 
0.002636 
0.002528 
0.002377 
0.001789 
0.002143 
0.001482 
0.001661 
0.001004 
0.001012 
0.001017 
0.000560 
0.000341 
0.000176 
0.000106 
0.000068 
0.000036 
0.000017 
0.000006 
0.000000 
0.000000 
0.000000 
0.000000 
0.000000 
0.000000 
0.000000 
0.000000 
0.000000 
0.000000 
0.000000 
0.000000 
0.000000 
0.000000 
0.000000 
0.000000 
0.000000 
0.000000 
0.000000 
0.000000 
0.000000 
0.000000 
0.000000 
0.000000 
0.000000 
0.000000 
0.000000 
0.000000 
0.000000 
0.000000 
0.000000 
0.000000 
0.000000 
0.000000 
0.000000 
0.000000 
0.000000 
0.000000 
0.000000 
0.000000 
0.000000 
0.000000 
0.000000 
0.000000 
0.000000 
0.000000 
0.000000 
0.000000 
0.000000 
0.000000 
0.000000 
0.000000 
0.000000 
0.000000 
0.000000 
0.000000 
0.000000 
0.000000 
0.000000 
0.000000 
0.000000 
0.000000 
0.000000 
0.000000 
0.000000 
0.000000 
0.000000 
0.000000 
0.000000 
0.000000 
0.000000 
0.000000 
0.000000 
0.000000 
0.000000 
0.000000 
0.000000 
0.000000 
0.000000 
0.000000 
0.000000 
0.000000 
0.000000 
0.000000 
0.000000 
0.000000 
0.000000 
0.000000 
0.000000 
0.000000 
0.000000 
0.000000 
0.000000 
0.000000 
0.000000 
0.000000 
0.000000 
0.000000 
0.000000 
0.000000 
0.000000 
0.000000 
0.000000 
0.000000 
0.000000 
0.000000 
0.000000 
0.000000 
0.000000 
0.000000 
0.000000 
0.000000 
0.000000 
0.000000 
0.000000 
0.000000 
0.000000 
0.000000 
0.000000 
0.000000 
0.000000 
0.000000 
0.000000 
0.000000 
0.000000 
0.000000 
0.000000 
0.000000 
0.000000 
0.000000 
0.000000 
0.000000 
0.000000 
0.000000 
0.000000 
0.000000 
0.000000 
0.000000 
0.000000 
0.000000 
0.000000 
0.000000 
0.000000 
0.000000 
0.000000 
0.000000 
0.000000 
0.000000 
0.000000 
0.000000 
0.000000 
0.000000 
0.000000 
0.000000 
0.000000 
0.000000 
0.000000 
0.000000 
0.000000 
0.000000 
0.000000 
0.000000 
0.000000 
0.000000 
0.000000 
0.000000 
0.000000 
0.000000 
0.000000 
0.000000 
0.000000 
0.000000 
0.000000 
0.000000 
0.000000 
0.000000 
0.000000 
0.000000 
0.000000 
0.000000 
0.000000 
0.000000 
0.000000 
0.000000 
0.000000 
0.000000 
0.000000 
0.000000 
0.000000 
0.000000 
0.000000 
