0.036750 
0.036750 
0.036750 
0.036750 
0.036750 
0.036750 
0.036750 
0.036750 
0.036750 
0.036750 
0.036750 
0.036750 
0.036750 
0.036750 
0.036750 
0.036750 
0.036750 
0.036750 
0.036750 
0.036750 
0.036750 
0.036750 
0.036750 
0.036750 
0.036750 
0.036750 
0.036750 
0.036750 
0.036750 
0.036750 
0.036750 
0.036750 
0.036750 
0.036750 
0.036750 
0.036750 
0.036750 
0.036750 
0.036750 
0.036750 
0.036750 
0.036750 
0.036750 
0.036750 
0.036750 
0.036750 
0.036750 
0.036750 
0.036750 
0.036750 
0.036750 
0.036750 
0.036750 
0.036750 
0.036750 
0.042029 
0.055862 
0.075246 
0.097177 
0.118650 
0.142994 
0.172688 
0.203455 
0.231018 
0.251100 
0.266043 
0.280108 
0.291891 
0.299989 
0.303000 
0.303000 
0.303000 
0.303000 
0.303000 
0.303000 
0.301685 
0.297964 
0.292171 
0.284638 
0.275700 
0.252748 
0.210798 
0.161618 
0.116979 
0.088650 
0.072852 
0.058681 
0.047218 
0.039547 
0.036750 
0.036750 
0.036750 
0.036750 
0.036750 
0.036750 
0.036750 
0.036750 
0.036750 
0.036750 
0.036750 
0.036750 
0.036750 
0.036750 
0.036750 
0.036750 
0.036750 
0.036750 
0.036750 
0.036750 
0.036750 
0.036750 
0.036750 
0.036750 
0.036750 
0.036750 
0.036750 
0.036750 
0.036750 
0.036750 
0.036750 
0.036750 
0.036750 
0.036750 
0.036750 
0.036750 
0.043171 
0.059289 
0.080386 
0.101746 
0.118650 
0.132715 
0.147304 
0.160321 
0.169668 
0.173250 
0.173250 
0.173250 
0.173250 
0.173250 
0.173250 
0.173250 
0.173250 
0.173250 
0.173250 
0.173250 
0.171809 
0.167834 
0.161850 
0.154380 
0.145950 
0.129002 
0.101222 
0.070995 
0.046709 
0.036750 
0.042853 
0.058174 
0.078228 
0.098532 
0.114600 
0.127969 
0.141837 
0.154210 
0.163095 
0.166500 
0.166500 
0.166500 
0.166500 
0.166500 
0.166500 
0.166500 
0.166500 
0.166500 
0.166500 
0.166500 
0.160397 
0.145076 
0.125022 
0.104718 
0.088650 
0.075281 
0.061413 
0.049040 
0.040155 
0.036750 
0.036750 
0.036750 
0.036750 
0.036750 
0.036750 
0.040332 
0.049679 
0.062696 
0.077285 
0.091350 
0.108254 
0.129614 
0.150711 
0.166829 
0.173250 
0.173250 
0.173250 
0.173250 
0.173250 
0.173250 
0.173250 
0.173250 
0.173250 
0.173250 
0.173250 
0.173250 
0.173250 
0.173250 
0.173250 
0.173250 
0.159054 
0.125202 
0.084798 
0.050946 
0.036750 
0.036750 
0.036750 
0.036750 
0.036750 
0.036750 
0.036750 
0.036750 
0.036750 
0.036750 
0.036750 
0.036750 
0.036750 
0.036750 
0.036750 
0.036750 
0.036750 
0.036750 
0.036750 
0.036750 
0.036750 
0.036750 
0.036750 
0.036750 
0.036750 
0.036750 
0.040155 
0.049040 
0.061413 
0.075281 
0.088650 
0.104718 
0.125022 
0.145076 
0.160397 
0.166500 
0.166500 
0.166500 
0.166500 
0.166500 
0.166500 
0.166500 
0.166500 
0.166500 
0.166500 
0.166500 
0.161102 
0.148231 
0.132869 
0.119998 
0.114600 
0.114780 
0.115302 
0.116139 
0.117264 
0.118650 
0.125294 
0.138955 
0.154755 
0.167813 
0.173250 
0.173250 
0.173250 
0.173250 
0.173250 
0.173250 
0.173250 
0.173250 
0.173250 
0.173250 
0.173250 
0.171809 
0.167834 
0.161850 
0.154380 
0.145950 
0.129002 
0.101222 
0.070995 
0.046709 
0.036750 
0.036750 
0.036750 
0.036750 
0.036750 
0.036750 
0.036750 
0.036750 
0.036750 
0.036750 
0.036750 
0.036750 
0.036750 
0.036750 
0.036750 
0.036750 
0.036750 
0.036750 
0.036750 
0.036750 
0.036750 
0.036750 
0.036750 
0.036750 
0.036750 
0.036750 
0.036750 
0.036750 
0.036750 
0.036750 
0.036750 
0.036750 
0.036750 
0.036750 
0.036750 
0.036750 
0.036750 
0.036750 
0.036750 
0.036750 
0.036750 
0.036750 
0.036750 
0.036750 
0.036750 
0.036750 
0.036750 
0.036750 
0.036750 
0.036750 
0.036750 
0.036750 
0.036750 
0.036750 
0.036750 
0.036750 
0.036750 
0.036750 
0.036750 
0.036750 
0.036750 
0.036750 
0.036750 
0.036750 
0.036750 
0.036750 
0.036750 
0.036750 
0.036750 
0.036750 
0.036750 
0.036750 
0.036750 
0.036750 
0.036750 
0.036750 
0.046709 
0.070995 
0.101222 
0.129002 
0.145950 
0.154380 
0.161850 
0.167834 
0.171809 
0.173250 
0.173250 
0.173250 
0.173250 
0.173250 
0.173250 
0.173250 
0.173250 
0.173250 
0.173250 
0.173250 
0.169168 
0.158819 
0.145051 
0.130712 
0.118650 
0.107493 
0.095311 
0.084119 
0.075928 
0.072750 
0.073326 
0.074838 
0.076962 
0.079374 
0.081750 
0.084174 
0.086922 
0.089958 
0.093246 
0.096750 
0.100213 
0.103719 
0.107743 
0.112762 
0.119250 
0.131615 
0.151590 
0.175643 
0.200241 
0.221850 
0.241266 
0.260890 
0.279596 
0.296258 
0.309750 
0.319770 
0.327688 
0.334886 
0.342746 
0.352650 
0.368736 
0.390627 
0.412936 
0.430273 
0.437250 
0.435486 
0.431058 
0.425262 
0.419394 
0.414750 
0.410886 
0.406878 
0.403302 
0.400734 
0.399750 
0.399750 
0.399750 
0.399750 
0.399750 
0.399750 
0.413946 
0.447798 
0.488202 
0.522054 
0.536250 
0.498498 
0.408474 
0.301026 
0.211002 
0.173250 
0.173250 
0.173250 
0.173250 
0.173250 
0.173250 
0.173250 
0.173250 
0.173250 
0.173250 
0.173250 
0.166829 
0.150711 
0.129614 
0.108254 
0.091350 
0.077285 
0.062696 
0.049679 
0.040332 
0.036750 
0.036750 
0.036750 
0.036750 
0.036750 
0.036750 
0.038120 
0.041898 
0.047587 
0.054687 
0.062700 
0.078810 
0.105216 
0.133948 
0.157033 
0.166500 
0.166500 
0.166500 
0.166500 
0.166500 
0.166500 
0.166500 
0.166500 
0.166500 
0.166500 
0.166500 
0.165130 
0.161352 
0.155663 
0.148563 
0.140550 
0.124440 
0.098034 
0.069302 
0.046217 
0.036750 
0.036750 
0.036750 
0.036750 
0.036750 
0.036750 
0.036750 
0.036750 
0.036750 
0.036750 
0.036750 
0.041086 
0.053929 
0.075029 
0.104135 
0.141000 
0.591046 
1.605432 
2.802510 
3.800632 
4.218150 
3.808322 
2.831041 
1.664609 
0.687328 
0.277500 
0.277500 
0.277500 
0.277500 
0.277500 
0.277500 
0.277500 
0.277500 
0.277500 
0.277500 
0.277500 
0.270473 
0.253143 
0.231137 
0.210081 
0.195600 
0.186252 
0.177434 
0.170035 
0.164944 
0.163050 
0.172553 
0.195476 
0.223443 
0.248076 
0.261000 
0.264227 
0.266030 
0.267419 
0.269406 
0.273000 
0.366885 
0.583916 
0.841366 
1.056503 
1.146600 
1.057763 
0.843627 
0.582754 
0.353707 
0.235050 
0.200399 
0.171674 
0.149895 
0.136081 
0.131250 
0.135930 
0.147090 
0.160410 
0.171570 
0.176250 
0.176250 
0.176250 
0.176250 
0.176250 
0.176250 
0.175069 
0.171988 
0.167696 
0.162887 
0.158250 
0.152677 
0.145636 
0.138680 
0.133367 
0.131250 
0.131250 
0.131250 
0.131250 
0.131250 
0.131250 
0.131250 
0.131250 
0.131250 
0.131250 
0.131250 
0.131250 
0.131250 
0.131250 
0.131250 
0.131250 
0.223352 
0.442981 
0.705119 
0.924748 
1.016850 
0.924748 
0.705119 
0.442981 
0.223352 
0.131250 
0.140717 
0.163802 
0.192534 
0.218940 
0.235050 
0.243063 
0.250163 
0.255852 
0.259630 
0.261000 
0.261000 
0.261000 
0.261000 
0.261000 
0.261000 
0.261000 
0.261000 
0.261000 
0.261000 
0.261000 
0.251141 
0.227630 
0.199570 
0.176059 
0.166200 
0.167245 
0.169738 
0.172712 
0.175205 
0.176250 
0.176250 
0.176250 
0.176250 
0.176250 
0.176250 
0.176250 
0.176250 
0.176250 
0.176250 
0.176250 
0.175775 
0.174464 
0.172492 
0.170029 
0.167250 
0.161663 
0.152504 
0.142540 
0.134533 
0.131250 
0.131250 
0.131250 
0.131250 
0.131250 
0.131250 
0.131250 
0.131250 
0.131250 
0.131250 
0.131250 
0.131250 
0.131250 
0.131250 
0.131250 
0.131250 
0.131250 
0.131250 
0.131250 
0.131250 
0.131250 
0.137671 
0.153789 
0.174886 
0.196246 
0.213150 
0.227215 
0.241804 
0.254821 
0.264168 
0.267750 
0.267750 
0.267750 
0.267750 
0.267750 
0.267750 
0.307413 
0.411154 
0.556098 
0.719372 
0.878100 
1.072474 
1.320750 
1.567148 
1.755891 
1.831200 
1.819843 
1.792762 
1.760438 
1.733357 
1.722000 
1.814102 
2.033731 
2.295869 
2.515498 
2.607600 
2.518763 
2.304627 
2.043754 
1.814707 
1.696050 
1.667601 
1.651282 
1.638807 
1.621891 
1.592250 
1.415496 
1.050067 
0.626914 
0.276991 
0.131250 
0.131250 
0.131250 
0.131250 
0.131250 
0.131250 
0.131250 
0.131250 
0.131250 
0.131250 
0.131250 
0.131250 
0.131250 
0.131250 
0.131250 
0.131250 
0.131250 
0.131250 
0.131250 
0.131250 
0.131250 
0.131250 
0.131250 
0.131250 
0.131250 
0.131250 
0.131250 
0.131250 
0.131250 
0.131250 
0.131250 
0.132552 
0.136194 
0.141779 
0.148913 
0.157200 
0.176571 
0.210331 
0.248146 
0.279681 
0.294600 
0.297500 
0.299837 
0.301563 
0.302633 
0.303000 
0.303000 
0.303000 
0.303000 
0.303000 
0.303000 
0.301728 
0.298147 
0.292606 
0.285457 
0.277050 
0.258323 
0.225237 
0.185674 
0.147517 
0.118650 
0.096312 
0.074273 
0.055213 
0.041812 
0.036750 
0.036750 
0.036750 
0.036750 
0.036750 
0.036750 
0.036750 
0.036750 
0.036750 
0.036750 
0.036750 
0.036750 
0.036750 
0.036750 
0.036750 
0.036750 
0.036750 
0.036750 
0.036750 
0.036750 
0.036750 
0.036750 
0.036750 
0.036750 
0.036750 
0.036750 
0.036750 
0.036750 
0.036750 
0.036750 
0.036750 
0.036750 
0.036750 
0.036750 
0.036750 
0.036750 
0.043171 
0.059289 
0.080386 
0.101746 
0.118650 
0.132715 
0.147304 
0.160321 
0.169668 
0.173250 
0.173250 
0.173250 
0.173250 
0.173250 
0.173250 
0.173250 
0.173250 
0.173250 
0.173250 
0.173250 
0.171727 
0.167588 
0.161480 
0.154052 
0.145950 
0.132029 
0.110725 
0.088057 
0.070042 
0.062700 
0.073495 
0.099238 
0.129962 
0.155705 
0.166500 
0.166500 
0.166500 
0.166500 
0.166500 
0.166500 
0.166500 
0.166500 
0.166500 
0.166500 
0.166500 
0.165130 
0.161352 
0.155663 
0.148563 
0.140550 
0.124440 
0.098034 
0.069302 
0.046217 
0.036750 
0.036750 
0.036750 
0.036750 
0.036750 
0.036750 
0.043043 
0.058388 
0.077488 
0.095041 
0.105750 
0.110797 
0.114958 
0.118319 
0.120971 
0.123000 
0.124376 
0.125266 
0.126052 
0.127119 
0.128850 
0.137040 
0.154222 
0.175890 
0.197535 
0.214650 
0.228870 
0.243479 
0.256437 
0.265707 
0.269250 
0.269250 
0.269250 
0.269250 
0.269250 
0.269250 
0.269250 
0.269250 
0.269250 
0.269250 
0.269250 
0.267809 
0.263834 
0.257850 
0.250380 
0.241950 
0.225002 
0.197222 
0.166995 
0.142709 
0.132750 
0.132750 
0.132750 
0.132750 
0.132750 
0.132750 
0.132750 
0.132750 
0.132750 
0.132750 
0.132750 
0.148178 
0.190722 
0.254773 
0.334719 
0.424950 
0.603486 
0.895104 
1.214335 
1.475707 
1.593750 
1.610035 
1.622998 
1.632468 
1.638276 
1.640250 
1.636054 
1.626047 
1.614103 
1.604096 
1.599900 
1.600080 
1.600596 
1.601413 
1.602492 
1.603800 
1.608493 
1.617645 
1.628096 
1.636685 
1.640250 
1.538809 
1.291246 
0.982699 
0.698304 
0.523200 
0.437707 
0.365617 
0.307279 
0.263041 
0.233250 
0.211643 
0.192586 
0.177373 
0.167296 
0.163650 
0.171624 
0.191155 
0.215653 
0.238531 
0.253200 
0.259680 
0.263691 
0.267191 
0.272141 
0.280500 
0.393450 
0.664222 
1.022849 
1.399364 
1.723800 
2.036457 
2.384223 
2.707016 
2.944753 
3.037350 
2.763539 
2.108650 
1.322497 
0.654892 
0.355650 
0.330001 
0.313573 
0.301780 
0.290035 
0.273750 
0.250490 
0.222881 
0.193926 
0.166631 
0.144000 
0.124645 
0.106021 
0.089394 
0.076032 
0.067200 
0.061271 
0.056018 
0.051809 
0.049014 
0.048000 
0.048000 
0.048000 
0.048000 
0.048000 
0.048000 
0.048000 
0.048000 
0.048000 
0.048000 
0.048000 
0.049248 
0.052224 
0.055776 
0.058752 
0.060000 
0.059028 
0.056605 
0.053468 
0.050354 
0.048000 
0.046365 
0.044898 
0.043574 
0.042367 
0.041250 
0.040091 
0.038888 
0.037816 
0.037045 
0.036750 
0.036750 
0.036750 
0.036750 
0.036750 
0.036750 
0.036750 
0.036750 
0.036750 
0.036750 
0.036750 
0.042645 
0.057548 
0.077288 
0.097696 
0.114600 
0.128866 
0.143348 
0.156864 
0.168226 
0.176250 
0.181303 
0.185043 
0.188222 
0.191590 
0.195900 
0.202523 
0.211128 
0.219917 
0.227091 
0.230850 
0.232200 
0.233321 
0.234171 
0.234711 
0.234900 
0.229502 
0.216631 
0.201269 
0.188398 
0.183000 
0.183000 
0.183000 
0.183000 
0.183000 
0.183000 
0.184872 
0.189336 
0.194664 
0.199128 
0.201000 
0.190998 
0.166615 
0.136282 
0.108433 
0.091500 
0.083838 
0.077832 
0.072956 
0.068687 
0.064500 
0.059863 
0.055054 
0.050762 
0.047681 
0.046500 
0.046500 
0.046500 
0.046500 
0.046500 
0.046500 
0.047565 
0.050482 
0.054831 
0.060193 
0.066150 
0.077224 
0.094788 
0.113700 
0.128818 
0.135000 
0.135000 
0.135000 
0.135000 
0.135000 
0.135000 
0.135911 
0.138422 
0.142204 
0.146923 
0.152250 
0.159532 
0.170233 
0.184192 
0.201251 
0.221250 
0.258239 
0.316076 
0.379313 
0.432504 
0.460200 
0.469311 
0.476866 
0.482595 
0.486229 
0.487500 
0.487500 
0.487500 
0.487500 
0.487500 
0.487500 
0.487500 
0.487500 
0.487500 
0.487500 
0.487500 
0.472661 
0.435920 
0.388944 
0.343399 
0.310950 
0.290558 
0.272991 
0.257624 
0.243835 
0.231000 
0.218900 
0.207711 
0.197396 
0.187921 
0.179250 
0.170363 
0.161144 
0.152920 
0.147013 
0.144750 
0.144750 
0.144750 
0.144750 
0.144750 
0.144750 
0.148678 
0.158604 
0.171741 
0.185302 
0.196500 
0.205193 
0.213293 
0.221096 
0.228900 
0.237000 
0.245072 
0.252920 
0.261038 
0.269917 
0.280050 
0.291162 
0.303264 
0.317280 
0.334134 
0.354750 
0.388050 
0.436915 
0.493204 
0.548779 
0.595500 
0.638303 
0.683134 
0.723362 
0.752361 
0.763500 
0.760854 
0.753942 
0.744302 
0.733475 
0.723000 
0.712729 
0.701458 
0.689143 
0.675739 
0.661200 
0.645097 
0.627141 
0.607502 
0.586349 
0.563850 
0.534267 
0.497153 
0.460609 
0.432740 
0.421650 
0.428504 
0.445596 
0.467722 
0.489675 
0.506250 
0.518957 
0.531684 
0.542798 
0.550665 
0.553650 
0.552845 
0.550660 
0.547437 
0.543520 
0.539250 
0.531938 
0.520767 
0.508886 
0.499447 
0.495600 
0.499011 
0.507346 
0.517754 
0.527389 
0.533400 
0.536556 
0.539383 
0.541667 
0.543194 
0.543750 
0.531816 
0.503358 
0.469392 
0.440934 
0.429000 
0.438282 
0.460416 
0.486834 
0.508968 
0.518250 
0.481668 
0.394434 
0.290316 
0.203082 
0.166500 
0.167716 
0.171241 
0.176887 
0.184469 
0.193800 
0.237389 
0.326662 
0.429811 
0.515026 
0.550500 
0.540282 
0.515916 
0.486834 
0.462468 
0.452250 
0.455850 
0.464850 
0.476550 
0.488250 
0.497250 
0.504378 
0.511614 
0.517986 
0.522522 
0.524250 
0.511021 
0.479476 
0.441824 
0.410279 
0.397050 
0.397171 
0.397520 
0.398078 
0.398828 
0.399750 
0.403802 
0.412085 
0.421792 
0.430116 
0.434250 
0.435269 
0.436101 
0.436724 
0.437115 
0.437250 
0.434910 
0.429330 
0.422670 
0.417090 
0.414750 
0.418494 
0.427422 
0.438078 
0.447006 
0.450750 
0.449302 
0.445687 
0.440996 
0.436320 
0.432750 
0.430614 
0.429107 
0.427617 
0.425534 
0.422250 
0.379541 
0.283610 
0.170483 
0.076188 
0.036750 
0.036750 
0.036750 
0.036750 
0.036750 
0.036750 
0.042853 
0.058174 
0.078228 
0.098532 
0.114600 
0.126824 
0.138402 
0.149058 
0.158516 
0.166500 
0.172521 
0.177069 
0.181335 
0.186515 
0.193800 
0.210748 
0.238528 
0.268755 
0.293041 
0.303000 
0.296897 
0.281576 
0.261522 
0.241218 
0.225150 
0.211781 
0.197913 
0.185540 
0.176655 
0.173250 
0.173250 
0.173250 
0.173250 
0.173250 
0.173250 
0.167135 
0.150536 
0.126076 
0.096373 
0.064050 
