0.036000 
0.036000 
0.036000 
0.036000 
0.036000 
0.036000 
0.036000 
0.036000 
0.036000 
0.036000 
0.036000 
0.036000 
0.036000 
0.036000 
0.036000 
0.036000 
0.036000 
0.036000 
0.036000 
0.036000 
0.036000 
0.036000 
0.036000 
0.036000 
0.036000 
0.036000 
0.036000 
0.036000 
0.036000 
0.036000 
0.036000 
0.036000 
0.036000 
0.036000 
0.036000 
0.036000 
0.036000 
0.036000 
0.036000 
0.036000 
0.036000 
0.036000 
0.036000 
0.036000 
0.036000 
0.036000 
0.036000 
0.036000 
0.036000 
0.036000 
0.036000 
0.036000 
0.036000 
0.036000 
0.036000 
0.036000 
0.036000 
0.036000 
0.036000 
0.036000 
0.036000 
0.036000 
0.036000 
0.036000 
0.036000 
0.036000 
0.036000 
0.036000 
0.036000 
0.036000 
0.036000 
0.036000 
0.036000 
0.036000 
0.036000 
0.036000 
0.036000 
0.036000 
0.036000 
0.036000 
0.036000 
0.036000 
0.036000 
0.036000 
0.036000 
0.036000 
0.036000 
0.036000 
0.036000 
0.036000 
0.037243 
0.040672 
0.045834 
0.052278 
0.059550 
0.074170 
0.098134 
0.124209 
0.145159 
0.153750 
0.153750 
0.153750 
0.153750 
0.153750 
0.153750 
0.153750 
0.153750 
0.153750 
0.153750 
0.153750 
0.152507 
0.149078 
0.143916 
0.137472 
0.130200 
0.115580 
0.091616 
0.065541 
0.044591 
0.036000 
0.036000 
0.036000 
0.036000 
0.036000 
0.036000 
0.036000 
0.036000 
0.036000 
0.036000 
0.036000 
0.036000 
0.036000 
0.036000 
0.036000 
0.036000 
0.036000 
0.036000 
0.036000 
0.036000 
0.036000 
0.036000 
0.036000 
0.036000 
0.036000 
0.036000 
0.136433 
0.375926 
0.661774 
0.901267 
1.001700 
0.902437 
0.665734 
0.383216 
0.146513 
0.047250 
0.047709 
0.048988 
0.050937 
0.053407 
0.056250 
0.060808 
0.068078 
0.077389 
0.088070 
0.099450 
0.115769 
0.138042 
0.160766 
0.178437 
0.185550 
0.169997 
0.132908 
0.088642 
0.051553 
0.036000 
0.036000 
0.036000 
0.036000 
0.036000 
0.036000 
0.046696 
0.072468 
0.103841 
0.131343 
0.145500 
0.148871 
0.150903 
0.152449 
0.154364 
0.157500 
0.166632 
0.182579 
0.200259 
0.214593 
0.220500 
0.217998 
0.211193 
0.201139 
0.188890 
0.175500 
0.152282 
0.116597 
0.078571 
0.048330 
0.036000 
0.036000 
0.036000 
0.036000 
0.036000 
0.036000 
0.036000 
0.036000 
0.036000 
0.036000 
0.036000 
0.036000 
0.036000 
0.036000 
0.036000 
0.036000 
0.036000 
0.036000 
0.036000 
0.036000 
0.036000 
0.036000 
0.036000 
0.036000 
0.036000 
0.036000 
0.036000 
0.036000 
0.036000 
0.036000 
0.036000 
0.036000 
0.036000 
0.036000 
0.036000 
0.036000 
0.041539 
0.055443 
0.073642 
0.092068 
0.106650 
0.118783 
0.131368 
0.142597 
0.150660 
0.153750 
0.153750 
0.153750 
0.153750 
0.153750 
0.153750 
0.153750 
0.153750 
0.153750 
0.153750 
0.153750 
0.148211 
0.134307 
0.116108 
0.097682 
0.083100 
0.070967 
0.058382 
0.047153 
0.039090 
0.036000 
0.036000 
0.036000 
0.036000 
0.036000 
0.036000 
0.036000 
0.036000 
0.036000 
0.036000 
0.036000 
0.036000 
0.036000 
0.036000 
0.036000 
0.036000 
0.036000 
0.036000 
0.036000 
0.036000 
0.036000 
0.036000 
0.036000 
0.036000 
0.036000 
0.036000 
0.036000 
0.036000 
0.036000 
0.036000 
0.036000 
0.039090 
0.047153 
0.058382 
0.070967 
0.083100 
0.097682 
0.116108 
0.134307 
0.148211 
0.153750 
0.153750 
0.153750 
0.153750 
0.153750 
0.153750 
0.153750 
0.153750 
0.153750 
0.153750 
0.153750 
0.150660 
0.142597 
0.131368 
0.118783 
0.106650 
0.092068 
0.073642 
0.055443 
0.041539 
0.036000 
0.036000 
0.036000 
0.036000 
0.036000 
0.036000 
0.036000 
0.036000 
0.036000 
0.036000 
0.036000 
0.036000 
0.036000 
0.036000 
0.036000 
0.036000 
0.036000 
0.036000 
0.036000 
0.036000 
0.036000 
0.036000 
0.036000 
0.036000 
0.036000 
0.036000 
0.036000 
0.036000 
0.036000 
0.036000 
0.036000 
0.036000 
0.036000 
0.036000 
0.036000 
0.036000 
0.036000 
0.036000 
0.036000 
0.036000 
0.036000 
0.036000 
0.036000 
0.036000 
0.036000 
0.036000 
0.036000 
0.036000 
0.036000 
0.036000 
0.036000 
0.036000 
0.036000 
0.036000 
0.036000 
0.036000 
0.036000 
0.036000 
0.036000 
0.036000 
0.036000 
0.044591 
0.065541 
0.091616 
0.115580 
0.130200 
0.137472 
0.143916 
0.149078 
0.152507 
0.153750 
0.153750 
0.153750 
0.153750 
0.153750 
0.153750 
0.153750 
0.153750 
0.153750 
0.153750 
0.153750 
0.145159 
0.124209 
0.098134 
0.074170 
0.059550 
0.052278 
0.045834 
0.040672 
0.037243 
0.036000 
0.036000 
0.036000 
0.036000 
0.036000 
0.036000 
0.036000 
0.036000 
0.036000 
0.036000 
0.036000 
0.036000 
0.036000 
0.036000 
0.036000 
0.036000 
0.036000 
0.036000 
0.036000 
0.036000 
0.036000 
0.036000 
0.036000 
0.036000 
0.036000 
0.036000 
0.036000 
0.036000 
0.036000 
0.036000 
0.036000 
0.036000 
0.036000 
0.036000 
0.036000 
0.036000 
0.036000 
0.036000 
0.036000 
0.036000 
0.036000 
0.036000 
0.036000 
0.036000 
0.036000 
0.036000 
0.036000 
0.036000 
0.036000 
0.036000 
0.036000 
0.036000 
0.036000 
0.036000 
0.036000 
0.036000 
0.036000 
0.036000 
0.036000 
0.036000 
0.036000 
0.036000 
0.036000 
0.036000 
0.036000 
0.036000 
0.036000 
0.036000 
0.036000 
0.036000 
0.036000 
0.036000 
0.036000 
0.036000 
0.036000 
0.036000 
0.036000 
0.036000 
0.036000 
0.036000 
0.036000 
0.036000 
0.036000 
0.036000 
0.036000 
0.036000 
0.036000 
0.036000 
0.036000 
0.036000 
0.036000 
0.036000 
0.036000 
0.036000 
0.036000 
0.036000 
0.036000 
0.036000 
0.036000 
0.036000 
0.036000 
0.036000 
0.036000 
0.036000 
0.036000 
0.036000 
0.036000 
0.036000 
0.036000 
0.036000 
0.036000 
0.036000 
0.036000 
0.036000 
0.036000 
0.036000 
0.036000 
0.036000 
0.036000 
0.036000 
0.036000 
0.046148 
0.070823 
0.101374 
0.129150 
0.145500 
0.151705 
0.155754 
0.159056 
0.163018 
0.169050 
0.183670 
0.207634 
0.233709 
0.254659 
0.263250 
0.262080 
0.259290 
0.255960 
0.253170 
0.252000 
0.252000 
0.252000 
0.252000 
0.252000 
0.252000 
0.626572 
1.519781 
2.585869 
3.479078 
3.853650 
3.456614 
2.509837 
1.379813 
0.433036 
0.036000 
0.036000 
0.036000 
0.036000 
0.036000 
0.036000 
0.036000 
0.036000 
0.036000 
0.036000 
0.036000 
0.036000 
0.036000 
0.036000 
0.036000 
0.036000 
0.036000 
0.036000 
0.036000 
0.036000 
0.036000 
0.036000 
0.036000 
0.036000 
0.036000 
0.036000 
0.036000 
0.036000 
0.036000 
0.036000 
0.036000 
0.036000 
0.036000 
0.036000 
0.036000 
0.036000 
0.044591 
0.065541 
0.091616 
0.115580 
0.130200 
0.137472 
0.143916 
0.149078 
0.152507 
0.153750 
0.153750 
0.153750 
0.153750 
0.153750 
0.153750 
0.153750 
0.153750 
0.153750 
0.153750 
0.153750 
0.145159 
0.124209 
0.098134 
0.074170 
0.059550 
0.052278 
0.045834 
0.040672 
0.037243 
0.036000 
0.036000 
0.036000 
0.036000 
0.036000 
0.036000 
0.036000 
0.036000 
0.036000 
0.036000 
0.036000 
0.036000 
0.036000 
0.036000 
0.036000 
0.036000 
0.036000 
0.036000 
0.036000 
0.036000 
0.036000 
0.036000 
0.036000 
0.036000 
0.036000 
0.036000 
0.036000 
0.036000 
0.036000 
0.036000 
0.036000 
0.036000 
0.036000 
0.036000 
0.036000 
0.036000 
0.036000 
0.036000 
0.036000 
0.036000 
0.036000 
0.036000 
0.036000 
0.036000 
0.036000 
0.036000 
0.036000 
0.036000 
0.036000 
0.036000 
0.036000 
0.037243 
0.040672 
0.045834 
0.052278 
0.059550 
0.074170 
0.098134 
0.124209 
0.145159 
0.153750 
0.153750 
0.153750 
0.153750 
0.153750 
0.153750 
0.153750 
0.153750 
0.153750 
0.153750 
0.153750 
0.152507 
0.149078 
0.143916 
0.137472 
0.130200 
0.115580 
0.091616 
0.065541 
0.044591 
0.036000 
0.036000 
0.036000 
0.036000 
0.036000 
0.036000 
0.036000 
0.036000 
0.036000 
0.036000 
0.036000 
0.036000 
0.036000 
0.036000 
0.036000 
0.036000 
0.036000 
0.036000 
0.036000 
0.036000 
0.036000 
0.036000 
0.036000 
0.036000 
0.036000 
0.036000 
0.036000 
0.036000 
0.036000 
0.036000 
0.036000 
0.036000 
0.036000 
0.036000 
0.036000 
0.036000 
0.036000 
0.036000 
0.036000 
0.036000 
0.036000 
0.044591 
0.065541 
0.091616 
0.115580 
0.130200 
0.137472 
0.143916 
0.149078 
0.152507 
0.153750 
0.153750 
0.153750 
0.153750 
0.153750 
0.153750 
0.153750 
0.153750 
0.153750 
0.153750 
0.153750 
0.145159 
0.124209 
0.098134 
0.074170 
0.059550 
0.052278 
0.045834 
0.040672 
0.037243 
0.036000 
0.036000 
0.036000 
0.036000 
0.036000 
0.036000 
0.036000 
0.036000 
0.036000 
0.036000 
0.036000 
0.036000 
0.036000 
0.036000 
0.036000 
0.036000 
0.036000 
0.036000 
0.036000 
0.036000 
0.036000 
0.036000 
0.036000 
0.036000 
0.036000 
0.036000 
0.036000 
0.036000 
0.036000 
0.036000 
0.036000 
0.036000 
0.036000 
0.036000 
0.036000 
0.036000 
0.036000 
0.036000 
0.036000 
0.036000 
0.036000 
0.036000 
0.036000 
0.036000 
0.036000 
0.036000 
0.036000 
0.036000 
0.036000 
0.036000 
0.036000 
0.041539 
0.055443 
0.073642 
0.092068 
0.106650 
0.118783 
0.131368 
0.142597 
0.150660 
0.153750 
0.153750 
0.153750 
0.153750 
0.153750 
0.153750 
0.153750 
0.153750 
0.153750 
0.153750 
0.153750 
0.148211 
0.134307 
0.116108 
0.097682 
0.083100 
0.070967 
0.058382 
0.047153 
0.039090 
0.036000 
0.036000 
0.036000 
0.036000 
0.036000 
0.036000 
0.036000 
0.036000 
0.036000 
0.036000 
0.036000 
0.036000 
0.036000 
0.036000 
0.036000 
0.036000 
0.036000 
0.036000 
0.036000 
0.036000 
0.036000 
0.046218 
0.070584 
0.099666 
0.124032 
0.134250 
0.134250 
0.134250 
0.134250 
0.134250 
0.134250 
0.136472 
0.142297 
0.150460 
0.159699 
0.168750 
0.178283 
0.189345 
0.201234 
0.213252 
0.224700 
0.235302 
0.245526 
0.255790 
0.266509 
0.278100 
0.291983 
0.307977 
0.324095 
0.338348 
0.348750 
0.356559 
0.363880 
0.369997 
0.374192 
0.375750 
0.374040 
0.369541 
0.363197 
0.355951 
0.348750 
0.341267 
0.332654 
0.323073 
0.312685 
0.301650 
0.287068 
0.268642 
0.250443 
0.236539 
0.231000 
0.231000 
0.231000 
0.231000 
0.231000 
0.231000 
0.231000 
0.231000 
0.231000 
0.231000 
0.231000 
0.231000 
0.231000 
0.231000 
0.231000 
0.231000 
0.232129 
0.234963 
0.238672 
0.242428 
0.245400 
0.247873 
0.250438 
0.252727 
0.254370 
0.255000 
0.255000 
0.255000 
0.255000 
0.255000 
0.255000 
0.256394 
0.260125 
0.265514 
0.271882 
0.278550 
0.288479 
0.302621 
0.317289 
0.328795 
0.333450 
0.326576 
0.310134 
0.290394 
0.273626 
0.266100 
0.265484 
0.265144 
0.264903 
0.264582 
0.264000 
0.262263 
0.258772 
0.253795 
0.247599 
0.240450 
0.225830 
0.201866 
0.175791 
0.154841 
0.146250 
0.146250 
0.146250 
0.146250 
0.146250 
0.146250 
0.146250 
0.146250 
0.146250 
0.146250 
0.146250 
0.146250 
0.146250 
0.146250 
0.146250 
0.146250 
0.146250 
0.146250 
0.146250 
0.146250 
0.146250 
0.148439 
0.153776 
0.160420 
0.166525 
0.170250 
0.171752 
0.172692 
0.173481 
0.174530 
0.176250 
0.184268 
0.200216 
0.218515 
0.233586 
0.239850 
0.234502 
0.221250 
0.204282 
0.187786 
0.175950 
0.167671 
0.159656 
0.152811 
0.148041 
0.146250 
0.146696 
0.147907 
0.149690 
0.151852 
0.154200 
0.158171 
0.164201 
0.170602 
0.175681 
0.177750 
0.177750 
0.177750 
0.177750 
0.177750 
0.177750 
0.177750 
0.177750 
0.177750 
0.177750 
0.177750 
0.169159 
0.148209 
0.122134 
0.098170 
0.083550 
0.076278 
0.069834 
0.064672 
0.061243 
0.060000 
0.060000 
0.060000 
0.060000 
0.060000 
0.060000 
0.060000 
0.060000 
0.060000 
0.060000 
0.060000 
0.162383 
0.406526 
0.697924 
0.942067 
1.044450 
0.945187 
0.708484 
0.425966 
0.189263 
0.090000 
0.090000 
0.090000 
0.090000 
0.090000 
0.090000 
0.090000 
0.090000 
0.090000 
0.090000 
0.090000 
0.091321 
0.094904 
0.100182 
0.106586 
0.113550 
0.125365 
0.143339 
0.162425 
0.177578 
0.183750 
0.183750 
0.183750 
0.183750 
0.183750 
0.183750 
0.185248 
0.188819 
0.193081 
0.196652 
0.198150 
0.197477 
0.195573 
0.192610 
0.188761 
0.184200 
0.171293 
0.147542 
0.120825 
0.099019 
0.090000 
0.090000 
0.090000 
0.090000 
0.090000 
0.090000 
0.090000 
0.090000 
0.090000 
0.090000 
0.090000 
0.090000 
0.090000 
0.090000 
0.090000 
0.090000 
0.094990 
0.109069 
0.130897 
0.159137 
0.192450 
0.257872 
0.372247 
0.518952 
0.681361 
0.842850 
1.042842 
1.294886 
1.543549 
1.733398 
1.809000 
1.801426 
1.783134 
1.760768 
1.740975 
1.730400 
1.726891 
1.723950 
1.721698 
1.720257 
1.719750 
1.719984 
1.720542 
1.721208 
1.721766 
1.722000 
1.722000 
1.722000 
1.722000 
1.722000 
1.722000 
1.554534 
1.155192 
0.678558 
0.279216 
0.111750 
0.211013 
0.447716 
0.730234 
0.966937 
1.066200 
0.974238 
0.754944 
0.493206 
0.273912 
0.181950 
0.184399 
0.190240 
0.197210 
0.203051 
0.205500 
0.205500 
0.205500 
0.205500 
0.205500 
0.205500 
0.205500 
0.205500 
0.205500 
0.205500 
0.205500 
0.196909 
0.175959 
0.149884 
0.125920 
0.111300 
0.104028 
0.097584 
0.092422 
0.088993 
0.087750 
0.088837 
0.092054 
0.097338 
0.104625 
0.113850 
0.223851 
0.471450 
0.763558 
1.007087 
1.108950 
1.009013 
0.769491 
0.480817 
0.233425 
0.117750 
0.099777 
0.085370 
0.074773 
0.068234 
0.066000 
0.066882 
0.069247 
0.072671 
0.076729 
0.081000 
0.087199 
0.095953 
0.105209 
0.112910 
0.117000 
0.118268 
0.119064 
0.119676 
0.120392 
0.121500 
0.124034 
0.128052 
0.132378 
0.135836 
0.137250 
0.136314 
0.134082 
0.131418 
0.129186 
0.128250 
0.139171 
0.166323 
0.201290 
0.235655 
0.261000 
0.279367 
0.297195 
0.312665 
0.323956 
0.329250 
0.330532 
0.331251 
0.331778 
0.332487 
0.333750 
0.340588 
0.354485 
0.370513 
0.383744 
0.389250 
0.377004 
0.347802 
0.312948 
0.283746 
0.271500 
0.272202 
0.273876 
0.275874 
0.277548 
0.278250 
0.277839 
0.276778 
0.275322 
0.273727 
0.272250 
0.270617 
0.268650 
0.266750 
0.265317 
0.264750 
0.264750 
0.264750 
0.264750 
0.264750 
0.264750 
0.265091 
0.266108 
0.267795 
0.270145 
0.273150 
0.372969 
0.606181 
0.883415 
1.115296 
1.212450 
1.107883 
0.858532 
0.560918 
0.311567 
0.207000 
0.207156 
0.207587 
0.208240 
0.209062 
0.210000 
0.211325 
0.213330 
0.215992 
0.219290 
0.223200 
0.229197 
0.238214 
0.249424 
0.261996 
0.275100 
0.290232 
0.308329 
0.327725 
0.346754 
0.363750 
0.380720 
0.398880 
0.415380 
0.427370 
0.432000 
0.429659 
0.423538 
0.414987 
0.405358 
0.396000 
0.386553 
0.375941 
0.364443 
0.352336 
0.339900 
0.324547 
0.306025 
0.288115 
0.274596 
0.269250 
0.269250 
0.269250 
0.269250 
0.269250 
0.269250 
0.271439 
0.276776 
0.283420 
0.289525 
0.293250 
0.295103 
0.296744 
0.298060 
0.298933 
0.299250 
0.299165 
0.298911 
0.298489 
0.297902 
0.297150 
0.269457 
0.204625 
0.127525 
0.063026 
0.036000 
0.036000 
0.036000 
0.036000 
0.036000 
0.036000 
0.036000 
0.036000 
0.036000 
0.036000 
0.036000 
0.037243 
0.040672 
0.045834 
0.052278 
0.059550 
0.074170 
0.098134 
0.124209 
0.145159 
0.153750 
0.153750 
0.153750 
0.153750 
0.153750 
0.153750 
0.153750 
0.153750 
0.153750 
0.153750 
0.153750 
0.152507 
0.149078 
0.143916 
0.137472 
0.130200 
0.115580 
0.091616 
0.065541 
0.044591 
0.036000 
0.036000 
0.036000 
0.036000 
0.036000 
0.036000 
