0.000000 
0.000000 
0.000000 
0.000000 
0.000000 
0.000000 
0.000000 
0.000000 
0.000000 
0.000000 
0.000000 
0.000000 
0.000000 
0.000000 
0.000000 
0.000000 
0.000000 
0.000000 
0.000000 
0.000000 
0.000000 
0.000000 
0.000000 
0.000000 
0.000000 
0.000000 
0.000000 
0.000000 
0.000000 
0.000000 
0.000000 
0.000000 
0.000000 
0.000000 
0.000000 
0.000000 
0.000000 
0.000000 
0.000000 
0.000000 
0.000000 
0.000000 
0.000000 
0.000000 
0.000000 
0.000000 
0.000000 
0.000000 
0.000000 
0.000000 
0.000000 
0.000000 
0.000000 
0.000000 
0.000000 
0.000000 
0.000000 
0.000000 
0.000000 
0.000000 
0.000000 
0.000000 
0.000000 
0.000000 
0.000000 
0.000000 
0.000000 
0.000000 
0.000000 
0.000000 
0.000000 
0.000000 
0.000000 
0.000000 
0.000000 
0.000000 
0.000000 
0.000000 
0.000000 
0.000000 
0.000000 
0.000000 
0.000000 
0.000000 
0.000000 
0.000000 
0.000000 
0.000000 
0.000000 
0.000000 
0.000000 
0.000000 
0.000000 
0.000000 
0.000000 
0.000000 
0.000000 
0.000000 
0.000000 
0.000000 
0.000000 
0.000000 
0.000000 
0.000000 
0.000000 
0.000000 
0.000000 
0.000000 
0.000000 
0.000000 
0.000000 
0.000000 
0.000000 
0.000000 
0.000000 
0.000000 
0.000000 
0.000000 
0.000000 
0.000000 
0.000000 
0.000000 
0.000000 
0.000000 
0.000000 
0.000000 
0.000000 
0.000000 
0.000000 
0.000000 
0.000000 
0.000000 
0.000000 
0.000000 
0.000000 
0.000000 
0.000000 
0.000000 
0.000000 
0.000000 
0.000000 
0.000000 
0.000000 
0.000000 
0.000000 
0.000000 
0.000000 
0.000000 
0.000000 
0.000000 
0.000000 
0.000000 
0.000000 
0.000000 
0.000000 
0.000000 
0.000000 
0.000000 
0.000000 
0.000000 
0.000000 
0.000000 
0.000000 
0.000000 
0.000000 
0.000000 
0.000000 
0.000000 
0.000000 
0.000000 
0.000000 
0.000000 
0.000000 
0.000000 
0.000000 
0.000000 
0.000000 
0.000000 
0.000000 
0.000000 
0.000000 
0.000000 
0.000000 
0.000000 
0.000000 
0.000000 
0.000000 
0.000000 
0.000000 
0.000000 
0.000000 
0.000000 
0.000000 
0.000000 
0.000000 
0.000000 
0.000000 
0.000000 
0.000000 
0.000000 
0.000000 
0.000000 
0.000000 
0.000000 
0.000000 
0.000000 
0.000000 
0.000000 
0.000000 
0.000000 
0.000000 
0.000000 
0.000000 
0.000000 
0.000000 
0.000000 
0.000000 
0.000000 
0.000000 
0.000000 
0.000000 
0.000000 
0.000000 
0.000000 
0.000000 
0.000036 
0.000136 
0.000260 
0.000438 
0.000602 
0.000830 
0.001197 
0.001599 
0.001474 
0.002757 
0.003056 
0.003247 
0.004927 
0.005534 
0.005389 
0.008232 
0.008562 
0.012129 
0.009755 
0.013071 
0.012373 
0.017971 
0.018699 
0.015969 
0.020713 
0.021327 
0.020549 
0.021065 
0.018419 
0.019912 
0.020457 
0.020330 
0.019978 
0.014051 
0.023203 
0.020071 
0.016159 
0.019443 
0.018756 
0.021600 
0.024622 
0.020054 
0.021713 
0.025294 
0.026821 
0.026099 
0.037547 
0.033393 
0.034713 
0.032125 
0.038575 
0.029609 
0.037354 
0.039149 
0.038599 
0.049444 
0.045376 
0.036779 
0.046248 
0.047701 
0.041924 
0.041954 
0.050672 
0.056082 
0.053219 
0.056266 
0.051016 
0.056121 
0.058466 
0.049354 
0.052641 
0.062605 
0.060745 
0.054273 
0.054316 
0.069937 
0.069995 
0.071457 
0.056361 
0.067102 
0.054245 
0.064801 
0.057826 
0.057276 
0.073966 
0.074107 
0.067271 
0.072073 
0.072690 
0.081653 
0.068524 
0.062748 
0.093734 
0.081942 
0.090698 
0.091995 
0.098134 
0.104402 
0.094743 
0.090813 
0.079597 
0.109401 
0.126960 
0.117731 
0.105522 
0.147224 
0.130877 
0.198104 
0.193613 
0.150322 
0.199681 
0.201572 
0.201831 
0.176189 
0.162053 
0.230179 
0.199299 
0.194982 
0.160221 
0.168961 
0.193760 
0.186476 
0.171191 
0.198647 
0.210576 
0.202753 
0.210155 
0.237104 
0.259907 
0.202428 
0.202044 
0.270204 
0.218877 
0.277032 
0.309147 
0.222870 
0.342003 
0.362866 
0.309977 
0.417122 
0.334892 
0.345576 
0.391395 
0.412771 
0.371064 
0.469251 
0.534986 
0.543409 
0.541559 
0.572286 
0.667456 
0.552751 
0.551909 
0.450188 
0.520703 
0.452570 
0.516683 
0.458609 
0.461884 
0.434501 
0.472641 
0.450984 
0.621724 
0.527866 
0.545469 
0.589123 
0.513313 
0.486992 
0.411057 
0.389110 
0.461521 
0.438175 
0.411361 
0.523203 
0.506459 
0.496467 
0.600091 
0.594755 
0.541986 
0.695986 
0.581300 
0.575199 
0.647880 
0.584872 
0.679917 
0.667046 
0.657069 
0.571111 
0.500981 
0.518510 
0.568724 
0.529254 
0.551643 
0.672711 
0.663602 
0.604708 
0.757033 
0.755588 
0.822072 
0.868207 
0.906962 
0.777241 
0.817409 
0.668002 
0.927547 
0.798790 
0.812517 
0.679509 
0.834354 
0.806850 
0.955753 
0.856435 
0.974512 
0.955474 
0.849892 
0.897391 
1.024586 
1.049831 
0.881430 
0.949243 
0.939876 
1.050123 
0.989784 
1.066510 
1.174055 
1.031646 
1.135409 
0.985652 
1.157708 
0.997071 
1.152052 
0.960456 
0.999202 
1.239109 
1.212673 
1.221548 
1.265450 
1.175459 
1.133390 
1.009665 
0.751820 
0.707755 
0.552243 
0.491408 
0.445929 
0.478984 
0.586772 
0.879972 
1.026195 
1.033342 
1.052375 
0.934377 
1.073458 
1.201810 
1.184664 
1.163616 
1.200845 
1.034064 
1.202427 
1.123446 
0.900048 
1.044557 
1.088917 
1.284934 
1.042695 
1.165445 
1.167675 
1.051634 
1.223295 
1.181125 
1.174648 
1.238084 
0.942771 
1.130819 
1.052981 
1.084348 
1.161497 
1.147752 
1.071797 
0.996373 
1.035613 
1.003531 
0.993819 
1.049731 
1.285819 
1.211553 
1.027482 
0.879144 
0.716121 
0.563146 
0.529769 
0.350600 
0.332018 
0.201586 
0.223303 
0.240637 
0.303498 
0.496383 
0.573139 
0.899307 
1.066604 
1.085047 
1.200138 
1.212847 
1.102075 
1.274984 
1.446215 
1.369250 
1.256848 
1.476484 
1.251912 
1.321753 
1.357127 
1.453860 
1.376039 
1.432373 
1.562191 
1.492815 
1.257417 
1.570493 
1.336034 
1.460971 
1.415826 
1.357567 
1.518807 
1.321702 
1.243075 
1.523712 
1.367639 
1.613139 
1.478550 
1.656084 
1.464298 
1.376671 
1.493962 
1.581350 
1.487607 
1.630350 
1.507139 
1.660414 
1.382538 
1.705449 
1.316592 
1.324505 
1.358700 
1.293914 
1.596351 
1.531441 
1.667542 
1.739188 
1.426728 
1.784351 
1.878738 
1.743580 
1.470807 
1.313239 
1.671872 
1.752984 
1.408694 
1.843231 
1.661494 
1.521904 
1.551228 
1.672134 
1.672484 
1.779938 
1.653379 
1.764526 
2.144786 
1.769926 
1.864816 
1.265478 
1.401372 
1.056269 
1.109726 
0.818253 
0.951357 
1.048830 
1.364807 
1.215557 
1.362120 
1.406553 
1.575387 
1.596204 
1.775096 
1.814030 
1.738330 
1.864167 
1.416428 
1.527691 
1.537991 
1.774062 
1.378588 
1.009719 
1.094941 
1.039889 
0.875094 
0.863152 
0.787008 
0.807330 
0.938421 
1.127362 
1.470891 
1.754084 
1.845550 
2.171320 
1.497752 
1.695383 
1.775313 
1.659337 
1.404946 
1.532699 
1.198111 
1.092025 
0.981409 
1.270858 
1.351203 
1.615267 
1.266229 
2.102864 
2.317409 
2.017426 
1.670034 
1.768354 
1.556623 
1.660409 
1.654367 
1.781096 
1.496627 
1.576794 
1.797804 
1.590399 
2.015130 
1.601000 
2.036546 
1.768322 
1.697074 
1.570267 
1.545369 
1.193451 
1.058653 
0.818285 
0.546923 
0.444273 
0.396012 
0.401738 
0.364172 
0.372196 
0.371841 
0.409789 
0.478561 
0.795338 
1.024731 
1.184169 
1.375052 
1.693437 
1.788108 
1.967777 
1.674213 
1.767682 
1.969423 
1.647618 
2.134150 
1.884492 
1.578550 
1.685632 
2.259559 
2.064674 
2.042570 
1.674709 
1.930726 
2.211758 
1.887269 
1.867254 
1.880612 
1.931006 
1.950774 
1.831204 
1.973766 
1.711689 
1.327006 
1.228715 
0.819040 
0.624465 
0.585276 
0.490399 
0.428475 
0.563092 
0.613209 
0.905917 
0.881340 
0.940839 
1.085167 
1.033726 
1.039334 
1.020311 
1.106021 
0.927329 
0.687077 
0.528387 
0.684788 
0.806899 
0.919853 
1.066772 
1.136374 
1.230799 
1.588024 
1.586879 
1.738021 
1.553296 
1.523091 
1.229503 
1.138609 
0.790785 
0.729861 
0.831015 
0.767057 
0.742091 
0.761431 
0.789012 
0.733358 
0.732640 
0.729698 
0.657015 
0.616442 
0.696869 
0.715946 
0.638461 
0.814335 
0.866796 
1.132468 
0.904732 
0.966389 
1.012680 
0.927987 
1.402090 
1.543158 
1.400453 
1.844293 
1.827139 
2.011670 
1.782991 
1.914761 
1.908797 
1.710687 
1.553318 
1.131254 
0.893476 
0.868313 
0.697027 
0.549875 
0.636039 
0.575142 
0.543051 
0.512479 
0.567146 
0.674683 
0.718705 
0.877297 
1.119762 
1.360315 
1.235052 
1.682669 
1.922826 
2.052712 
1.868049 
2.109982 
1.741401 
1.716508 
1.800203 
2.055318 
1.797896 
1.716613 
1.826638 
1.495695 
1.750133 
1.986519 
1.948444 
1.623733 
2.160298 
1.865944 
1.580087 
2.231255 
1.896931 
1.958356 
1.787707 
1.678858 
1.891165 
1.427759 
2.084010 
1.964828 
1.839037 
1.827351 
1.658075 
1.963642 
1.959770 
1.973960 
1.887265 
1.929671 
1.779201 
1.630995 
1.694789 
1.703410 
1.162342 
1.403173 
1.627077 
1.336463 
1.866601 
1.518790 
1.781858 
1.656092 
1.691936 
1.581552 
1.533210 
1.598231 
1.640086 
1.901657 
1.493368 
1.685462 
1.707495 
1.656822 
1.509881 
1.404688 
1.663505 
1.456284 
1.413789 
1.696545 
1.490119 
1.144712 
1.426252 
1.298006 
0.970305 
1.141340 
1.079553 
1.127001 
0.987709 
1.485439 
1.449722 
1.242013 
1.620598 
1.557328 
1.964490 
1.866022 
1.794930 
1.664757 
1.501024 
1.775740 
1.439277 
1.398163 
1.431645 
1.461449 
1.409077 
1.533678 
1.692925 
1.477350 
1.710951 
1.470865 
1.651340 
1.282640 
1.527047 
1.349143 
1.198774 
1.413071 
1.376331 
1.478249 
1.054888 
1.216420 
1.182420 
1.091197 
1.115151 
1.157434 
1.234306 
1.190977 
1.612086 
1.061114 
1.263498 
1.229152 
1.008605 
1.268205 
1.417584 
1.282709 
0.823583 
0.776241 
0.682075 
0.465382 
0.536617 
0.549639 
0.388916 
0.445602 
0.415814 
0.354372 
0.417126 
0.394048 
0.400132 
0.355464 
0.380463 
0.385612 
0.464737 
0.417192 
0.506342 
0.480257 
0.695803 
0.629402 
0.773261 
0.899991 
0.972328 
1.055104 
1.281447 
1.153792 
1.439371 
1.426098 
1.296228 
1.350943 
1.242405 
0.894688 
1.091625 
1.011004 
0.868929 
0.832747 
0.826534 
0.859871 
0.746879 
0.727554 
0.730059 
0.694945 
0.739541 
0.723498 
0.939657 
0.819944 
0.854282 
0.848979 
1.149991 
1.292749 
1.545176 
1.379459 
1.468985 
1.398443 
1.131050 
1.272884 
1.184811 
1.048786 
1.265450 
1.010796 
0.851511 
0.739239 
0.866158 
0.835273 
0.674004 
0.714132 
0.822823 
0.857524 
0.713700 
0.916301 
0.826249 
0.792684 
0.915172 
0.883966 
0.955348 
0.812687 
0.715172 
0.929022 
1.069522 
0.981515 
1.211389 
0.915148 
0.932501 
0.782237 
0.791702 
0.631427 
0.501193 
0.552605 
0.679037 
0.804144 
0.882894 
0.872129 
0.740825 
0.844593 
0.511427 
0.367969 
0.456321 
0.451860 
0.546648 
0.570710 
0.447368 
0.448477 
0.506877 
0.570736 
0.476905 
0.540175 
0.580840 
0.504788 
0.634767 
0.503488 
0.465640 
0.504657 
0.399281 
0.496602 
0.472342 
0.381639 
0.469716 
0.327925 
0.302156 
0.328210 
0.250111 
0.273570 
0.253955 
0.241001 
0.246150 
0.211061 
0.241142 
0.183118 
0.155244 
0.212145 
0.181393 
0.180427 
0.159571 
0.152670 
0.157158 
0.153851 
0.163989 
0.176503 
0.146652 
0.170498 
0.172914 
0.162584 
0.167387 
0.146516 
0.201803 
0.154049 
0.188335 
0.199255 
0.198983 
0.218392 
0.204133 
0.222584 
0.200538 
0.215614 
0.250017 
0.255352 
0.258867 
0.268591 
0.296760 
0.288165 
0.324130 
0.305228 
0.275280 
0.228236 
0.265592 
0.329062 
0.311903 
0.284837 
0.263830 
0.313476 
0.260501 
0.281435 
0.260484 
0.335239 
0.353949 
0.325365 
0.363255 
0.359551 
0.328623 
0.396534 
0.368839 
0.420710 
0.404896 
0.592539 
0.616655 
0.530511 
0.631874 
0.584388 
0.701366 
0.710211 
0.694366 
0.690867 
0.491212 
0.374730 
0.411173 
0.287111 
0.348769 
0.267079 
0.265382 
0.277678 
0.278699 
0.317514 
0.256809 
0.210046 
0.202234 
0.186980 
0.192658 
0.180184 
0.172813 
0.114509 
0.118563 
0.152428 
0.097732 
0.104953 
0.116868 
0.115825 
0.115347 
0.095182 
0.140493 
0.133461 
0.121487 
0.146989 
0.119628 
0.132281 
0.133929 
0.126325 
0.120503 
0.119825 
0.127646 
0.133625 
0.142302 
0.122078 
0.118853 
0.123974 
0.155642 
0.136293 
0.161820 
0.124031 
0.148128 
0.139693 
0.107110 
0.111978 
0.109866 
0.094331 
0.111341 
0.089484 
0.081230 
0.074969 
0.082175 
0.069102 
0.060900 
0.061793 
0.053673 
0.058229 
0.062923 
0.054540 
0.055313 
0.059049 
0.048527 
0.055993 
0.057489 
0.050790 
0.039870 
0.050964 
0.048673 
0.045504 
0.049506 
0.044298 
0.040150 
0.034826 
0.031075 
0.034457 
0.026594 
0.026470 
0.026255 
0.020484 
0.018296 
0.017015 
0.019500 
0.015025 
0.015635 
0.013581 
0.018997 
0.014619 
0.013068 
0.011332 
0.009740 
0.011611 
0.011516 
0.011468 
0.011871 
0.010040 
0.012668 
0.013182 
0.011609 
0.010888 
0.013510 
0.014180 
0.012732 
0.014483 
0.012445 
0.011654 
0.012301 
0.008385 
0.006678 
0.005579 
0.004849 
0.005502 
0.005104 
0.004950 
0.005427 
0.004453 
0.004890 
0.004413 
0.004823 
0.004442 
0.004136 
0.004338 
0.004155 
0.004234 
0.003850 
0.004548 
0.003816 
0.002612 
0.003612 
0.003136 
0.002934 
0.002024 
0.002339 
0.001990 
0.001720 
0.001290 
0.001192 
0.000771 
0.000465 
0.000279 
0.000127 
0.000087 
0.000046 
0.000026 
0.000007 
0.000000 
0.000000 
0.000000 
0.000000 
0.000000 
0.000000 
0.000000 
0.000000 
0.000000 
0.000000 
0.000000 
0.000000 
0.000000 
0.000000 
0.000000 
0.000000 
0.000000 
0.000000 
0.000000 
0.000000 
0.000000 
0.000000 
0.000000 
0.000000 
0.000000 
0.000000 
0.000000 
0.000000 
0.000000 
0.000000 
0.000000 
0.000000 
0.000000 
0.000000 
0.000000 
0.000000 
0.000000 
0.000000 
0.000000 
0.000000 
0.000000 
0.000000 
0.000000 
0.000000 
0.000000 
0.000000 
0.000000 
0.000000 
0.000000 
0.000000 
0.000000 
0.000000 
0.000000 
0.000000 
0.000000 
0.000000 
0.000000 
0.000000 
0.000000 
0.000000 
0.000000 
0.000000 
0.000000 
0.000000 
0.000000 
0.000000 
0.000000 
0.000000 
0.000000 
0.000000 
0.000000 
0.000000 
0.000000 
0.000000 
0.000000 
0.000000 
0.000000 
0.000000 
0.000000 
0.000000 
0.000000 
0.000000 
0.000000 
0.000000 
0.000000 
0.000000 
0.000000 
0.000000 
0.000000 
0.000000 
0.000000 
0.000000 
0.000000 
0.000000 
0.000000 
0.000000 
0.000000 
0.000000 
0.000000 
0.000000 
0.000000 
0.000000 
0.000000 
0.000000 
0.000000 
0.000000 
0.000000 
0.000000 
0.000000 
0.000000 
0.000000 
0.000000 
0.000000 
0.000000 
0.000000 
0.000000 
0.000000 
0.000000 
0.000000 
0.000000 
0.000000 
0.000000 
0.000000 
0.000000 
0.000000 
0.000000 
0.000000 
0.000000 
0.000000 
0.000000 
0.000000 
0.000000 
0.000000 
0.000000 
0.000000 
0.000000 
0.000000 
0.000000 
0.000000 
0.000000 
0.000000 
0.000000 
0.000000 
0.000000 
0.000000 
0.000000 
0.000000 
0.000000 
0.000000 
0.000000 
0.000000 
0.000000 
0.000000 
0.000000 
0.000000 
0.000000 
0.000000 
0.000000 
0.000000 
0.000000 
0.000000 
0.000000 
0.000000 
0.000000 
0.000000 
0.000000 
0.000000 
0.000000 
0.000000 
0.000000 
0.000000 
0.000000 
0.000000 
0.000000 
0.000000 
0.000000 
0.000000 
0.000000 
0.000000 
0.000000 
0.000000 
0.000000 
0.000000 
0.000000 
0.000000 
0.000000 
0.000000 
0.000000 
0.000000 
0.000000 
0.000000 
