0.034872 
0.050070 
0.071502 
0.097026 
0.124500 
0.151782 
0.176730 
0.197202 
0.211056 
0.216150 
0.216036 
0.215712 
0.215205 
0.214542 
0.213750 
0.211336 
0.206804 
0.201679 
0.197486 
0.195750 
0.195750 
0.195750 
0.195750 
0.195750 
0.195750 
0.206401 
0.235504 
0.278781 
0.331955 
0.390750 
0.497749 
0.665871 
0.846344 
0.990395 
1.049250 
1.030697 
0.982881 
0.917566 
0.846518 
0.781500 
0.715524 
0.640581 
0.566899 
0.504712 
0.464250 
0.442213 
0.426267 
0.413089 
0.399358 
0.381750 
0.354180 
0.318304 
0.282413 
0.254798 
0.243750 
0.247465 
0.257056 
0.270188 
0.284531 
0.297750 
0.310897 
0.325576 
0.340280 
0.353507 
0.363750 
0.371144 
0.377233 
0.382624 
0.387927 
0.393750 
0.400752 
0.408534 
0.416115 
0.422513 
0.426750 
0.428976 
0.430394 
0.431599 
0.433186 
0.435750 
0.443880 
0.459593 
0.479625 
0.500715 
0.519600 
0.536861 
0.554672 
0.572164 
0.588464 
0.602700 
0.616456 
0.630584 
0.643113 
0.652075 
0.655500 
0.655500 
0.655500 
0.655500 
0.655500 
0.655500 
0.651013 
0.639303 
0.622996 
0.604720 
0.587100 
0.565923 
0.539165 
0.512736 
0.492544 
0.484500 
0.489180 
0.500340 
0.513660 
0.524820 
0.529500 
0.528284 
0.525011 
0.520247 
0.514555 
0.508500 
0.500741 
0.490321 
0.478381 
0.466060 
0.454500 
0.443421 
0.432064 
0.420846 
0.410185 
0.400500 
0.390647 
0.380250 
0.370880 
0.364107 
0.361500 
0.368052 
0.383676 
0.402324 
0.417948 
0.424500 
0.424500 
0.424500 
0.424500 
0.424500 
0.424500 
0.433423 
0.454702 
0.480098 
0.501377 
0.510300 
0.505994 
0.495727 
0.483473 
0.473206 
0.468900 
0.474509 
0.488799 
0.507964 
0.528200 
0.545700 
0.561115 
0.576987 
0.592352 
0.606245 
0.617700 
0.627977 
0.638144 
0.646953 
0.653155 
0.655500 
0.655500 
0.655500 
0.655500 
0.655500 
0.655500 
0.655500 
0.655500 
0.655500 
0.655500 
0.655500 
0.591540 
0.439020 
0.256980 
0.104460 
0.040500 
0.040500 
0.040500 
0.040500 
0.040500 
0.040500 
0.040500 
0.040500 
0.040500 
0.040500 
0.040500 
0.040500 
0.040500 
0.040500 
0.040500 
0.040500 
0.040500 
0.040500 
0.040500 
0.040500 
0.040500 
0.040500 
0.040500 
0.040500 
0.040500 
0.040500 
0.040500 
0.040500 
0.040500 
0.040500 
0.040500 
0.040500 
0.040500 
0.040500 
0.040500 
0.040500 
0.040500 
0.040500 
0.040500 
0.040500 
0.040500 
0.040500 
0.040500 
0.040500 
0.040500 
0.040500 
0.040500 
0.040500 
0.040500 
0.040500 
0.040500 
0.040500 
0.040500 
0.040500 
0.040500 
0.040500 
0.040500 
0.040500 
0.040500 
0.040500 
0.040500 
0.040500 
0.040500 
0.040500 
0.040500 
0.040500 
0.040500 
0.040500 
0.040500 
0.040500 
0.040500 
0.043806 
0.052435 
0.064450 
0.077917 
0.090900 
0.106504 
0.126220 
0.145695 
0.160573 
0.166500 
0.166500 
0.166500 
0.166500 
0.166500 
0.166500 
0.166500 
0.166500 
0.166500 
0.166500 
0.166500 
0.166500 
0.166500 
0.166500 
0.166500 
0.166500 
0.153396 
0.122148 
0.084852 
0.053604 
0.040500 
0.040500 
0.040500 
0.040500 
0.040500 
0.040500 
0.040500 
0.040500 
0.040500 
0.040500 
0.040500 
0.040500 
0.040500 
0.040500 
0.040500 
0.040500 
0.040500 
0.040500 
0.040500 
0.040500 
0.040500 
0.040500 
0.040500 
0.040500 
0.040500 
0.040500 
0.040500 
0.040500 
0.040500 
0.040500 
0.040500 
0.040500 
0.040500 
0.040500 
0.040500 
0.040500 
0.040500 
0.040500 
0.040500 
0.040500 
0.040500 
0.040500 
0.040500 
0.040500 
0.040500 
0.040500 
0.040500 
0.040500 
0.040500 
0.040500 
0.040500 
0.040500 
0.040500 
0.040500 
0.040500 
0.040500 
0.040500 
0.040500 
0.040500 
0.040500 
0.040500 
0.040500 
0.040500 
0.040500 
0.040500 
0.040500 
0.046427 
0.061305 
0.080780 
0.100496 
0.116100 
0.129083 
0.142550 
0.154565 
0.163194 
0.166500 
0.166500 
0.166500 
0.166500 
0.166500 
0.166500 
0.166500 
0.166500 
0.166500 
0.166500 
0.166500 
0.165169 
0.161500 
0.155976 
0.149082 
0.141300 
0.125656 
0.100012 
0.072111 
0.049693 
0.040500 
0.040500 
0.040500 
0.040500 
0.040500 
0.040500 
0.040500 
0.040500 
0.040500 
0.040500 
0.040500 
0.040500 
0.040500 
0.040500 
0.040500 
0.040500 
0.040500 
0.040500 
0.040500 
0.040500 
0.040500 
0.040500 
0.040500 
0.040500 
0.040500 
0.040500 
0.040500 
0.040500 
0.040500 
0.040500 
0.040500 
0.040500 
0.040500 
0.040500 
0.040500 
0.040500 
0.040500 
0.040500 
0.040500 
0.040500 
0.040500 
0.042224 
0.047041 
0.054416 
0.063814 
0.074700 
0.093410 
0.124121 
0.163056 
0.206441 
0.250500 
0.306300 
0.377295 
0.448290 
0.504090 
0.529500 
0.533479 
0.535797 
0.537476 
0.539536 
0.543000 
0.552967 
0.570216 
0.589292 
0.604739 
0.611100 
0.603161 
0.583288 
0.557394 
0.531393 
0.511200 
0.496949 
0.484345 
0.472656 
0.461151 
0.449100 
0.435832 
0.421835 
0.408112 
0.395666 
0.385500 
0.377456 
0.370478 
0.364221 
0.358343 
0.352500 
0.345890 
0.338719 
0.332153 
0.327358 
0.325500 
0.325500 
0.325500 
0.325500 
0.325500 
0.325500 
0.325769 
0.326547 
0.327791 
0.329456 
0.331500 
0.340244 
0.357999 
0.378701 
0.396289 
0.404700 
0.406089 
0.406897 
0.407490 
0.408236 
0.409500 
0.412586 
0.417934 
0.424619 
0.431717 
0.438300 
0.445427 
0.453721 
0.461601 
0.467487 
0.469800 
0.438257 
0.363038 
0.273262 
0.198043 
0.166500 
0.166500 
0.166500 
0.166500 
0.166500 
0.166500 
0.163194 
0.154565 
0.142550 
0.129083 
0.116100 
0.100496 
0.080780 
0.061305 
0.046427 
0.040500 
0.040500 
0.040500 
0.040500 
0.040500 
0.040500 
0.040500 
0.040500 
0.040500 
0.040500 
0.040500 
0.040500 
0.040500 
0.040500 
0.040500 
0.040500 
0.040500 
0.040500 
0.040500 
0.040500 
0.040500 
0.040500 
0.040500 
0.040500 
0.040500 
0.040500 
0.040500 
0.040500 
0.040500 
0.040500 
0.040500 
0.040500 
0.040500 
0.040500 
0.040500 
0.040500 
0.040500 
0.040500 
0.040500 
0.040500 
0.040500 
0.040500 
0.040500 
0.040500 
0.040500 
0.040500 
0.040500 
0.040500 
0.040500 
0.040500 
0.040500 
0.040500 
0.040500 
0.040500 
0.040500 
0.040500 
0.040500 
0.040500 
0.040500 
0.040500 
0.040500 
0.040500 
0.040500 
0.040500 
0.040500 
0.040500 
0.040500 
0.040500 
0.040500 
0.040500 
0.040500 
0.041831 
0.045500 
0.051024 
0.057918 
0.065700 
0.081344 
0.106988 
0.134889 
0.157307 
0.166500 
0.166500 
0.166500 
0.166500 
0.166500 
0.166500 
0.166500 
0.166500 
0.166500 
0.166500 
0.166500 
0.166500 
0.166500 
0.166500 
0.166500 
0.166500 
0.157307 
0.134889 
0.106988 
0.081344 
0.065700 
0.057918 
0.051024 
0.045500 
0.041831 
0.040500 
0.040500 
0.040500 
0.040500 
0.040500 
0.040500 
0.040500 
0.040500 
0.040500 
0.040500 
0.040500 
0.040500 
0.040500 
0.040500 
0.040500 
0.040500 
0.040500 
0.040500 
0.040500 
0.040500 
0.040500 
0.040500 
0.040500 
0.040500 
0.040500 
0.040500 
0.040500 
0.040500 
0.040500 
0.040500 
0.040500 
0.040500 
0.040500 
0.040500 
0.040500 
0.040500 
0.040500 
0.040500 
0.040500 
0.040500 
0.040500 
0.040500 
0.040500 
0.040500 
0.040500 
0.040500 
0.040500 
0.040500 
0.040500 
0.040500 
0.040500 
0.040500 
0.040500 
0.040500 
0.040500 
0.040500 
0.040500 
0.040500 
0.040500 
0.040500 
0.040500 
0.040500 
0.040500 
0.040500 
0.040500 
0.040500 
0.040500 
0.040500 
0.040500 
0.040500 
0.040500 
0.040500 
0.040500 
0.040500 
0.040500 
0.040500 
0.040500 
0.040500 
0.040500 
0.040500 
0.040500 
0.049693 
0.072111 
0.100012 
0.125656 
0.141300 
0.149082 
0.155976 
0.161500 
0.165169 
0.166500 
0.166500 
0.166500 
0.166500 
0.166500 
0.166500 
0.166500 
0.166500 
0.166500 
0.166500 
0.166500 
0.163194 
0.154565 
0.142550 
0.129083 
0.116100 
0.100496 
0.080780 
0.061305 
0.046427 
0.040500 
0.040500 
0.040500 
0.040500 
0.040500 
0.040500 
0.040500 
0.040500 
0.040500 
0.040500 
0.040500 
0.040500 
0.040500 
0.040500 
0.040500 
0.040500 
0.040500 
0.040500 
0.040500 
0.040500 
0.040500 
0.040500 
0.040500 
0.040500 
0.040500 
0.040500 
0.040500 
0.040500 
0.040500 
0.040500 
0.040500 
0.040500 
0.040500 
0.040500 
0.040500 
0.040500 
0.040500 
0.040500 
0.040500 
0.040500 
0.040500 
0.040500 
0.040500 
0.040500 
0.040500 
0.040500 
0.040500 
0.040500 
0.040500 
0.040500 
0.040500 
0.040500 
0.040500 
0.040500 
0.040500 
0.040500 
0.040500 
0.040500 
0.040500 
0.040500 
0.040500 
0.040500 
0.040500 
0.040500 
0.040500 
0.040500 
0.040500 
0.040500 
0.040500 
0.040500 
0.040500 
0.053604 
0.084852 
0.122148 
0.153396 
0.166500 
0.166500 
0.166500 
0.166500 
0.166500 
0.166500 
0.166500 
0.166500 
0.166500 
0.166500 
0.166500 
0.166500 
0.166500 
0.166500 
0.166500 
0.166500 
0.160573 
0.145695 
0.126220 
0.106504 
0.090900 
0.077917 
0.064450 
0.052435 
0.043806 
0.040500 
0.040500 
0.040500 
0.040500 
0.040500 
0.040500 
0.040500 
0.040500 
0.040500 
0.040500 
0.040500 
0.040500 
0.040500 
0.040500 
0.040500 
0.040500 
0.040500 
0.040500 
0.040500 
0.040500 
0.040500 
0.040500 
0.040500 
0.040500 
0.040500 
0.040500 
0.040500 
0.040500 
0.040500 
0.040500 
0.040500 
0.040500 
0.040500 
0.040500 
0.040500 
0.040500 
0.040500 
0.040500 
0.040500 
0.040500 
0.040500 
0.040500 
0.040500 
0.040500 
0.040500 
0.040500 
0.040500 
0.040500 
0.040500 
0.040500 
0.040500 
0.040500 
0.040500 
0.040500 
0.040500 
0.040500 
0.040500 
0.040500 
0.040500 
0.040500 
0.040500 
0.040500 
0.040500 
0.040500 
0.040500 
0.040500 
0.040500 
0.040500 
0.040500 
0.040500 
0.040500 
0.040500 
0.040500 
0.040500 
0.040500 
0.040500 
0.040500 
0.040500 
0.040500 
0.040500 
0.040500 
0.041636 
0.044915 
0.050146 
0.057138 
0.065700 
0.088102 
0.133507 
0.197067 
0.273931 
0.359250 
0.506551 
0.730647 
0.968618 
1.157543 
1.234500 
1.123428 
0.858564 
0.542436 
0.277572 
0.166500 
0.166500 
0.166500 
0.166500 
0.166500 
0.166500 
0.176063 
0.198866 
0.226084 
0.248887 
0.258450 
0.255829 
0.249580 
0.242120 
0.235871 
0.233250 
0.233250 
0.233250 
0.233250 
0.233250 
0.233250 
0.233250 
0.233250 
0.233250 
0.233250 
0.233250 
0.233250 
0.233250 
0.233250 
0.233250 
0.233250 
0.233250 
0.233250 
0.233250 
0.233250 
0.233250 
0.233250 
0.233250 
0.233250 
0.233250 
0.233250 
0.233250 
0.233250 
0.233250 
0.233250 
0.233250 
0.233250 
0.233250 
0.233250 
0.233250 
0.233250 
0.233250 
0.233250 
0.233250 
0.233250 
0.233250 
0.233250 
0.233250 
0.233250 
0.233250 
0.233250 
0.233250 
0.233250 
0.233250 
0.233250 
0.233250 
0.233250 
0.233250 
0.233250 
0.233250 
0.233250 
0.233250 
0.233250 
0.233250 
0.233250 
0.233250 
0.233345 
0.233607 
0.234002 
0.234494 
0.235050 
0.236167 
0.237999 
0.239992 
0.241593 
0.242250 
0.242250 
0.242250 
0.242250 
0.242250 
0.242250 
0.242250 
0.242250 
0.242250 
0.242250 
0.242250 
0.251443 
0.273861 
0.301762 
0.327406 
0.343050 
0.350211 
0.355866 
0.360459 
0.364438 
0.368250 
0.371966 
0.375376 
0.378503 
0.381370 
0.384000 
0.386705 
0.389510 
0.392014 
0.393811 
0.394500 
0.391194 
0.382565 
0.370550 
0.357083 
0.344100 
0.328496 
0.308780 
0.289305 
0.274427 
0.268500 
0.315300 
0.426900 
0.560100 
0.671700 
0.718500 
0.671815 
0.560444 
0.427416 
0.315759 
0.268500 
0.267946 
0.267627 
0.267404 
0.267141 
0.266700 
0.265583 
0.263751 
0.261758 
0.260157 
0.259500 
0.259500 
0.259500 
0.259500 
0.259500 
0.259500 
0.259500 
0.259500 
0.259500 
0.259500 
0.259500 
0.260263 
0.262120 
0.264420 
0.266514 
0.267750 
0.268203 
0.268472 
0.268694 
0.269008 
0.269550 
0.276263 
0.291714 
0.310979 
0.329132 
0.341250 
0.347692 
0.352635 
0.356876 
0.361215 
0.366450 
0.374033 
0.383511 
0.392828 
0.399927 
0.402750 
0.401437 
0.397760 
0.392115 
0.384896 
0.376500 
0.359305 
0.329893 
0.294964 
0.261216 
0.235350 
0.214884 
0.194560 
0.176909 
0.164462 
0.159750 
0.159750 
0.159750 
0.159750 
0.159750 
0.159750 
0.160708 
0.163351 
0.167329 
0.172295 
0.177900 
0.189168 
0.207637 
0.227733 
0.243879 
0.250500 
0.250500 
0.250500 
0.250500 
0.250500 
0.250500 
0.250500 
0.250500 
0.250500 
0.250500 
0.250500 
0.250411 
0.250161 
0.249776 
0.249281 
0.248700 
0.247215 
0.244561 
0.241601 
0.239194 
0.238200 
0.238724 
0.240125 
0.242149 
0.244543 
0.247050 
0.250790 
0.256122 
0.261654 
0.265994 
0.267750 
0.267750 
0.267750 
0.267750 
0.267750 
0.267750 
0.273088 
0.286860 
0.305704 
0.326255 
0.345150 
0.365730 
0.390299 
0.413937 
0.431727 
0.438750 
0.438750 
0.438750 
0.438750 
0.438750 
0.438750 
0.438750 
0.438750 
0.438750 
0.438750 
0.438750 
0.438750 
0.438750 
0.438750 
0.438750 
0.438750 
0.433028 
0.418345 
0.398422 
0.376983 
0.357750 
0.340026 
0.321317 
0.302650 
0.285052 
0.269550 
0.254403 
0.238692 
0.224674 
0.214607 
0.210750 
0.210750 
0.210750 
0.210750 
0.210750 
0.210750 
0.210750 
0.210750 
0.210750 
0.210750 
0.210750 
0.211657 
0.214190 
0.218071 
0.223017 
0.228750 
0.238533 
0.254579 
0.275034 
0.298042 
0.321750 
0.352819 
0.393166 
0.433819 
0.465805 
0.480150 
0.482458 
0.484298 
0.485643 
0.486469 
0.486750 
0.482224 
0.471311 
0.458011 
0.446325 
0.440250 
0.438726 
0.437785 
0.437066 
0.436208 
0.434850 
0.432539 
0.429127 
0.424711 
0.419386 
0.413250 
0.403446 
0.389010 
0.372876 
0.357978 
0.347250 
0.339537 
0.332228 
0.326075 
0.321832 
0.320250 
0.324990 
0.336787 
0.352004 
0.367003 
0.378150 
0.384972 
0.390232 
0.395140 
0.400909 
0.408750 
0.421003 
0.438212 
0.458894 
0.481567 
0.504750 
0.533720 
0.569829 
0.605703 
0.633968 
0.647250 
0.650304 
0.652765 
0.654585 
0.655713 
0.656100 
0.634198 
0.581969 
0.519631 
0.467402 
0.445500 
0.542797 
0.774814 
1.051736 
1.283753 
1.381050 
1.298027 
1.100048 
0.863752 
0.665773 
0.582750 
0.588850 
0.603395 
0.620755 
0.635300 
0.641400 
0.640064 
0.636637 
0.631988 
0.626986 
0.622500 
0.617842 
0.612431 
0.607293 
0.603457 
0.601950 
0.605103 
0.614181 
0.628613 
0.647826 
0.671250 
0.762474 
0.944005 
1.153649 
1.329212 
1.408500 
1.417976 
1.425505 
1.430997 
1.434359 
1.435500 
1.432692 
1.425996 
1.418004 
1.411308 
1.408500 
1.425388 
1.465895 
1.514789 
1.556835 
1.576800 
1.580323 
1.583160 
1.585256 
1.586555 
1.587000 
1.585806 
1.582277 
1.576496 
1.568543 
1.558500 
1.461999 
1.245100 
0.983527 
0.753002 
0.629250 
0.588056 
0.554683 
0.529066 
0.511143 
0.500850 
0.494756 
0.489624 
0.485678 
0.483145 
0.482250 
0.482250 
0.482250 
0.482250 
0.482250 
0.482250 
0.491454 
0.513402 
0.539598 
0.561546 
0.570750 
0.568488 
0.563094 
0.556656 
0.551262 
0.549000 
0.551028 
0.555864 
0.561636 
0.566472 
0.568500 
0.557532 
0.530688 
0.497058 
0.465732 
0.445800 
0.434854 
0.424955 
0.416899 
0.411482 
0.409500 
0.409990 
0.411451 
0.413866 
0.417221 
0.421500 
0.517429 
0.739334 
1.002599 
1.222610 
1.314750 
1.222788 
1.003494 
0.741756 
0.522462 
0.430500 
0.431421 
0.433816 
0.437130 
0.440809 
0.444300 
0.448352 
0.453371 
0.458283 
0.462017 
0.463500 
0.462463 
0.459430 
0.454514 
0.447833 
0.439500 
