0.000000 
0.000000 
0.000000 
0.000000 
0.000000 
0.000000 
0.000000 
0.000000 
0.000000 
0.000000 
0.000000 
0.000000 
0.000000 
0.000000 
0.000000 
0.000000 
0.000000 
0.000000 
0.000000 
0.000000 
0.000000 
0.000000 
0.000000 
0.000000 
0.000000 
0.000000 
0.000000 
0.000000 
0.000000 
0.000000 
0.000000 
0.000000 
0.000000 
0.000000 
0.000000 
0.000000 
0.000000 
0.000000 
0.000000 
0.000000 
0.000000 
0.000000 
0.000000 
0.000000 
0.000000 
0.000000 
0.000000 
0.000000 
0.000000 
0.000000 
0.000000 
0.000000 
0.000000 
0.000000 
0.000000 
0.000000 
0.000000 
0.000000 
0.000000 
0.000000 
0.000000 
0.000000 
0.000000 
0.000000 
0.000000 
0.000000 
0.000000 
0.000000 
0.000000 
0.000000 
0.000000 
0.000000 
0.000000 
0.000000 
0.000000 
0.000000 
0.000000 
0.000000 
0.000000 
0.000000 
0.000000 
0.000000 
0.000000 
0.000000 
0.000000 
0.000000 
0.000000 
0.000000 
0.000000 
0.000000 
0.000000 
0.000000 
0.000000 
0.000000 
0.000000 
0.000000 
0.000000 
0.000000 
0.000000 
0.000000 
0.000000 
0.000000 
0.000000 
0.000000 
0.000000 
0.000000 
0.000000 
0.000000 
0.000000 
0.000000 
0.000000 
0.000000 
0.000000 
0.000000 
0.000000 
0.000000 
0.000000 
0.000000 
0.000000 
0.000000 
0.000000 
0.000000 
0.000000 
0.000000 
0.000000 
0.000000 
0.000000 
0.000000 
0.000000 
0.000000 
0.000000 
0.000000 
0.000000 
0.000000 
0.000000 
0.000000 
0.000000 
0.000000 
0.000000 
0.000000 
0.000000 
0.000000 
0.000000 
0.000000 
0.000000 
0.000000 
0.000000 
0.000000 
0.000000 
0.000000 
0.000000 
0.000000 
0.000000 
0.000000 
0.000000 
0.000000 
0.000000 
0.000000 
0.000000 
0.000000 
0.000000 
0.000000 
0.000000 
0.000000 
0.000000 
0.000000 
0.000000 
0.000000 
0.000000 
0.000000 
0.000000 
0.000000 
0.000000 
0.000000 
0.000000 
0.000000 
0.000000 
0.000000 
0.000000 
0.000000 
0.000000 
0.000000 
0.000000 
0.000000 
0.000000 
0.000000 
0.000000 
0.000000 
0.000000 
0.000000 
0.000000 
0.000000 
0.000000 
0.000000 
0.000000 
0.000000 
0.000000 
0.000000 
0.000000 
0.000000 
0.000000 
0.000000 
0.000000 
0.000000 
0.000000 
0.000000 
0.000000 
0.000000 
0.000000 
0.000000 
0.000000 
0.000000 
0.000000 
0.000000 
0.000000 
0.000000 
0.000000 
0.000000 
0.000000 
0.000000 
0.000000 
0.000000 
0.000000 
0.000000 
0.000000 
0.000030 
0.000079 
0.000228 
0.000313 
0.000452 
0.000580 
0.000768 
0.001250 
0.001278 
0.001688 
0.002065 
0.002585 
0.003407 
0.003203 
0.004577 
0.005412 
0.008215 
0.006691 
0.008815 
0.010489 
0.013390 
0.012128 
0.015610 
0.014935 
0.015679 
0.012445 
0.015223 
0.015504 
0.015701 
0.014070 
0.014380 
0.014937 
0.012762 
0.015458 
0.013916 
0.014387 
0.012695 
0.013292 
0.014421 
0.012367 
0.014057 
0.014371 
0.016099 
0.020687 
0.022388 
0.023025 
0.021988 
0.026527 
0.028203 
0.024724 
0.030697 
0.034841 
0.024898 
0.031125 
0.027573 
0.041993 
0.035060 
0.038244 
0.031645 
0.031314 
0.033961 
0.038430 
0.033041 
0.036538 
0.036601 
0.036300 
0.039492 
0.044991 
0.043397 
0.042481 
0.047983 
0.042934 
0.039655 
0.049159 
0.040861 
0.054685 
0.048964 
0.047719 
0.051644 
0.052390 
0.041517 
0.052052 
0.043308 
0.051312 
0.048013 
0.049572 
0.057492 
0.055679 
0.061558 
0.057147 
0.054771 
0.062039 
0.060943 
0.075511 
0.054974 
0.050685 
0.071751 
0.068944 
0.063185 
0.073863 
0.086389 
0.089932 
0.077474 
0.076306 
0.091284 
0.095631 
0.110479 
0.128597 
0.133629 
0.147774 
0.138527 
0.144714 
0.173509 
0.153400 
0.145041 
0.173768 
0.138991 
0.141587 
0.155566 
0.153900 
0.118180 
0.132121 
0.125104 
0.185233 
0.143926 
0.152293 
0.139361 
0.166110 
0.183094 
0.209459 
0.178416 
0.176830 
0.215730 
0.159721 
0.160078 
0.197481 
0.208757 
0.225945 
0.262325 
0.268642 
0.289643 
0.284219 
0.292709 
0.335596 
0.298883 
0.325011 
0.390836 
0.398918 
0.455992 
0.493196 
0.497699 
0.408279 
0.342767 
0.337606 
0.409938 
0.405081 
0.344856 
0.335124 
0.366926 
0.407813 
0.403692 
0.427814 
0.352938 
0.420663 
0.393436 
0.445742 
0.390815 
0.375080 
0.315473 
0.357402 
0.349738 
0.316821 
0.301818 
0.371552 
0.292576 
0.394185 
0.483130 
0.388722 
0.476621 
0.514339 
0.435273 
0.448831 
0.410654 
0.497858 
0.475185 
0.505320 
0.412980 
0.425153 
0.376229 
0.319290 
0.353681 
0.377747 
0.423999 
0.427337 
0.491669 
0.510924 
0.476912 
0.469002 
0.624378 
0.609193 
0.567266 
0.496892 
0.646017 
0.535841 
0.552373 
0.570129 
0.654810 
0.526309 
0.544247 
0.598126 
0.644817 
0.702669 
0.652721 
0.745642 
0.894164 
0.738652 
0.618720 
0.879056 
0.845646 
0.779884 
0.783752 
0.717615 
0.802740 
0.851464 
0.850379 
0.854161 
0.706368 
0.857566 
0.792733 
1.004577 
0.644829 
0.919905 
0.954335 
0.769016 
0.943090 
0.912788 
0.921111 
0.845345 
0.783772 
0.770557 
0.557115 
0.508750 
0.369512 
0.323257 
0.307091 
0.399336 
0.405113 
0.652440 
0.728400 
0.720188 
0.693897 
0.828110 
0.720800 
0.791990 
0.800854 
0.791903 
0.789660 
0.932353 
0.771168 
0.829979 
0.748723 
0.689213 
0.886719 
0.782816 
0.924415 
1.003053 
0.804020 
0.784548 
0.834911 
0.926265 
0.784786 
0.762793 
0.942067 
0.763708 
0.804677 
0.805680 
0.750615 
0.624241 
0.677123 
0.822619 
0.850750 
0.860319 
0.818932 
0.914698 
0.830158 
0.789394 
0.832118 
0.761529 
0.584698 
0.438238 
0.394702 
0.293179 
0.229924 
0.188174 
0.142979 
0.185956 
0.262350 
0.408045 
0.560582 
0.668054 
0.705419 
0.861589 
0.847710 
1.099367 
0.994840 
0.872626 
0.871857 
1.005308 
0.911832 
0.787995 
0.974854 
1.069151 
0.984245 
0.982151 
0.973715 
1.076729 
1.156299 
1.185434 
1.045822 
1.068478 
1.075835 
0.862722 
0.888026 
0.927364 
1.144635 
1.020399 
1.090947 
1.019598 
1.002333 
1.240547 
1.037426 
1.245022 
0.915690 
0.993749 
1.191993 
1.103185 
1.093666 
0.877543 
1.048377 
1.174522 
1.157816 
1.321687 
1.233762 
1.049386 
1.219380 
1.308454 
1.162415 
1.111010 
0.872238 
1.164492 
1.221642 
1.282798 
1.213833 
1.153909 
1.055664 
1.294249 
1.250422 
1.183261 
1.361873 
1.315319 
1.014323 
1.340145 
1.338145 
1.274280 
1.210722 
0.860913 
1.293172 
1.428100 
1.357872 
1.144829 
1.235189 
1.170862 
0.908074 
0.864922 
0.813278 
0.767701 
0.602305 
0.791750 
0.812806 
0.870654 
0.993307 
1.039049 
1.146531 
1.179789 
1.288671 
1.260652 
1.574511 
1.170525 
1.081511 
1.152238 
0.990561 
1.079813 
0.994399 
0.889521 
0.851765 
0.745238 
0.659049 
0.606733 
0.578089 
0.582219 
0.539176 
0.853768 
1.085320 
1.396691 
1.440710 
1.215402 
1.297853 
1.463797 
1.427940 
1.215122 
1.057647 
1.094243 
0.888446 
0.782506 
0.822615 
0.672760 
1.066185 
1.299889 
1.372923 
1.290444 
1.333265 
1.405383 
1.321515 
1.487746 
1.285593 
1.304911 
1.254400 
1.340354 
1.130723 
1.318890 
1.134092 
1.169409 
1.353996 
1.361033 
1.552080 
1.350558 
1.125393 
1.222075 
1.091528 
1.039265 
0.834818 
0.615248 
0.518880 
0.381985 
0.263190 
0.260742 
0.288462 
0.266395 
0.251295 
0.230066 
0.254290 
0.519016 
0.897416 
1.175142 
1.139440 
1.223778 
1.392094 
1.465726 
1.366102 
1.104244 
1.413423 
1.385603 
1.610643 
1.519214 
1.512616 
1.392575 
1.526527 
1.409959 
1.592836 
1.627862 
1.211419 
1.422811 
1.193977 
1.304927 
1.275270 
1.637195 
1.324000 
1.067864 
1.165577 
1.246179 
1.204862 
1.016929 
0.699545 
0.415527 
0.383271 
0.402115 
0.420854 
0.466410 
0.506801 
0.581484 
0.636872 
0.685403 
0.857076 
0.738945 
0.768202 
0.896627 
0.673950 
0.637031 
0.478660 
0.565739 
0.603597 
0.625355 
0.751101 
0.765805 
0.820731 
1.056109 
0.933800 
1.118471 
1.085269 
1.231977 
1.225212 
0.935529 
0.745102 
0.610177 
0.670612 
0.580113 
0.598908 
0.629829 
0.530592 
0.577603 
0.553270 
0.518219 
0.449370 
0.528641 
0.453024 
0.635759 
0.589434 
0.630615 
0.685866 
0.795252 
0.680480 
0.681695 
0.807092 
0.930711 
0.878260 
0.983412 
1.127407 
1.349376 
1.407276 
1.308607 
1.286483 
1.224832 
1.195723 
1.401302 
1.222595 
0.971119 
0.868779 
0.888691 
0.689110 
0.509096 
0.391196 
0.443507 
0.463830 
0.363691 
0.436418 
0.428749 
0.477660 
0.664798 
0.720887 
0.822441 
0.942209 
1.070261 
1.331850 
1.375650 
1.489137 
1.644795 
1.429160 
1.533216 
1.457899 
1.444840 
1.329155 
1.448194 
1.566806 
1.309315 
1.361951 
1.381150 
1.427476 
1.274010 
1.549012 
1.105452 
1.385442 
1.473404 
1.312698 
1.356744 
1.576128 
1.314363 
1.088874 
1.441646 
1.219963 
1.433436 
1.643153 
1.317195 
1.512097 
1.559890 
1.510741 
1.221988 
1.181743 
1.486595 
1.456327 
1.332660 
1.198198 
1.141174 
1.027784 
0.795550 
1.117876 
1.057359 
1.106815 
1.440551 
1.250520 
1.125828 
1.207743 
1.421595 
1.372753 
1.093455 
1.634598 
1.550922 
1.179678 
1.285890 
1.369026 
1.375656 
1.384334 
1.293528 
1.287634 
1.621963 
1.501514 
1.228673 
1.125785 
1.145179 
0.980705 
1.097732 
1.037052 
0.986204 
0.761965 
0.849702 
0.887151 
0.828490 
0.780935 
1.240343 
1.279945 
1.269051 
1.482409 
1.381261 
1.266510 
1.052140 
1.378877 
1.207893 
1.200969 
1.331286 
1.395287 
1.071131 
1.004617 
1.195810 
1.249577 
1.212286 
1.349560 
1.326525 
1.201729 
1.022085 
1.034180 
0.881339 
0.764633 
0.960106 
1.049735 
1.126497 
0.840434 
0.783280 
0.892960 
0.897141 
0.726262 
0.750197 
0.850262 
0.954259 
1.113488 
0.957657 
0.978593 
0.900465 
1.004587 
1.026360 
1.094607 
0.882171 
0.773474 
0.900474 
0.569908 
0.373595 
0.438251 
0.355083 
0.299312 
0.325781 
0.354861 
0.260430 
0.320697 
0.296909 
0.353649 
0.301953 
0.335317 
0.289871 
0.341340 
0.359351 
0.365456 
0.335626 
0.426733 
0.470525 
0.493763 
0.612647 
0.575557 
0.587496 
0.881057 
0.947735 
1.058727 
0.951798 
0.961669 
0.728495 
0.775926 
0.883796 
0.838351 
0.944921 
0.621076 
0.531546 
0.676187 
0.609815 
0.701475 
0.491317 
0.613446 
0.475628 
0.609782 
0.508319 
0.583994 
0.646219 
0.679661 
0.684703 
0.760139 
0.774271 
0.762113 
0.856400 
0.852596 
0.917283 
1.057153 
0.851728 
0.739325 
0.894299 
0.923669 
0.822410 
0.661691 
0.711263 
0.644704 
0.621548 
0.530868 
0.664568 
0.520286 
0.615004 
0.531203 
0.547777 
0.648581 
0.631591 
0.492150 
0.590334 
0.775000 
0.657116 
0.819672 
0.797246 
0.707021 
0.724662 
0.862682 
0.793807 
0.805764 
0.808774 
0.659841 
0.531330 
0.513317 
0.512509 
0.458012 
0.508525 
0.514539 
0.623301 
0.716169 
0.597551 
0.499338 
0.498771 
0.344944 
0.336591 
0.345096 
0.324224 
0.425669 
0.507076 
0.425597 
0.413399 
0.412486 
0.396638 
0.460506 
0.411260 
0.373983 
0.340249 
0.363449 
0.325142 
0.339264 
0.372592 
0.304741 
0.339886 
0.298653 
0.283514 
0.250899 
0.248093 
0.247410 
0.186340 
0.194725 
0.183561 
0.210886 
0.171703 
0.177777 
0.173441 
0.165015 
0.147287 
0.127417 
0.098573 
0.144363 
0.119343 
0.132316 
0.135405 
0.121298 
0.122804 
0.128926 
0.102741 
0.133545 
0.136436 
0.128679 
0.112675 
0.121779 
0.137234 
0.127892 
0.131120 
0.149575 
0.153075 
0.159225 
0.131313 
0.179309 
0.198706 
0.193868 
0.187213 
0.170648 
0.176412 
0.202101 
0.170781 
0.230920 
0.210691 
0.205428 
0.238915 
0.230011 
0.244333 
0.222797 
0.249439 
0.230294 
0.212736 
0.193156 
0.229252 
0.205101 
0.209375 
0.219949 
0.220260 
0.261579 
0.286611 
0.287204 
0.310498 
0.215110 
0.299558 
0.327785 
0.282191 
0.378870 
0.480675 
0.385207 
0.545915 
0.538057 
0.565773 
0.462009 
0.505120 
0.389351 
0.439175 
0.359216 
0.254608 
0.238718 
0.209471 
0.212685 
0.230986 
0.194642 
0.244250 
0.223325 
0.185857 
0.219152 
0.175494 
0.138826 
0.147682 
0.117790 
0.113715 
0.094494 
0.096995 
0.106401 
0.094052 
0.105133 
0.080232 
0.090667 
0.086705 
0.091902 
0.089774 
0.093230 
0.096797 
0.077838 
0.120772 
0.109016 
0.096025 
0.113115 
0.100807 
0.093055 
0.081851 
0.080981 
0.095609 
0.083029 
0.084502 
0.091739 
0.094732 
0.105237 
0.097324 
0.099355 
0.103098 
0.100479 
0.086184 
0.104291 
0.087243 
0.085515 
0.077518 
0.070900 
0.061112 
0.044175 
0.055160 
0.056492 
0.047308 
0.045537 
0.051584 
0.043259 
0.048288 
0.043823 
0.046815 
0.039811 
0.035994 
0.045694 
0.038896 
0.041209 
0.044265 
0.036300 
0.030035 
0.039988 
0.022922 
0.034071 
0.032631 
0.026940 
0.022575 
0.023872 
0.023358 
0.020902 
0.018054 
0.018453 
0.012018 
0.015806 
0.014026 
0.012457 
0.008170 
0.009085 
0.009770 
0.009413 
0.010272 
0.008400 
0.008026 
0.008582 
0.009341 
0.008600 
0.009454 
0.008816 
0.010621 
0.008595 
0.008632 
0.007956 
0.010841 
0.010749 
0.010047 
0.009329 
0.008232 
0.008816 
0.007706 
0.005718 
0.004460 
0.004535 
0.005233 
0.004206 
0.003919 
0.003199 
0.003474 
0.003243 
0.002695 
0.003010 
0.003221 
0.003809 
0.003402 
0.003305 
0.003210 
0.002893 
0.003314 
0.003765 
0.003061 
0.002750 
0.002570 
0.002588 
0.002246 
0.001961 
0.001539 
0.001458 
0.001225 
0.000971 
0.000900 
0.000540 
0.000422 
0.000180 
0.000105 
0.000063 
0.000039 
0.000016 
0.000005 
0.000000 
0.000000 
0.000000 
0.000000 
0.000000 
0.000000 
0.000000 
0.000000 
0.000000 
0.000000 
0.000000 
0.000000 
0.000000 
0.000000 
0.000000 
0.000000 
0.000000 
0.000000 
0.000000 
0.000000 
0.000000 
0.000000 
0.000000 
0.000000 
0.000000 
0.000000 
0.000000 
0.000000 
0.000000 
0.000000 
0.000000 
0.000000 
0.000000 
0.000000 
0.000000 
0.000000 
0.000000 
0.000000 
0.000000 
0.000000 
0.000000 
0.000000 
0.000000 
0.000000 
0.000000 
0.000000 
0.000000 
0.000000 
0.000000 
0.000000 
0.000000 
0.000000 
0.000000 
0.000000 
0.000000 
0.000000 
0.000000 
0.000000 
0.000000 
0.000000 
0.000000 
0.000000 
0.000000 
0.000000 
0.000000 
0.000000 
0.000000 
0.000000 
0.000000 
0.000000 
0.000000 
0.000000 
0.000000 
0.000000 
0.000000 
0.000000 
0.000000 
0.000000 
0.000000 
0.000000 
0.000000 
0.000000 
0.000000 
0.000000 
0.000000 
0.000000 
0.000000 
0.000000 
0.000000 
0.000000 
0.000000 
0.000000 
0.000000 
0.000000 
0.000000 
0.000000 
0.000000 
0.000000 
0.000000 
0.000000 
0.000000 
0.000000 
0.000000 
0.000000 
0.000000 
0.000000 
0.000000 
0.000000 
0.000000 
0.000000 
0.000000 
0.000000 
0.000000 
0.000000 
0.000000 
0.000000 
0.000000 
0.000000 
0.000000 
0.000000 
0.000000 
0.000000 
0.000000 
0.000000 
0.000000 
0.000000 
0.000000 
0.000000 
0.000000 
0.000000 
0.000000 
0.000000 
0.000000 
0.000000 
0.000000 
0.000000 
0.000000 
0.000000 
0.000000 
0.000000 
0.000000 
0.000000 
0.000000 
0.000000 
0.000000 
0.000000 
0.000000 
0.000000 
0.000000 
0.000000 
0.000000 
0.000000 
0.000000 
0.000000 
0.000000 
0.000000 
0.000000 
0.000000 
0.000000 
0.000000 
0.000000 
0.000000 
0.000000 
0.000000 
0.000000 
0.000000 
0.000000 
0.000000 
0.000000 
0.000000 
0.000000 
0.000000 
0.000000 
0.000000 
0.000000 
0.000000 
0.000000 
0.000000 
0.000000 
0.000000 
0.000000 
0.000000 
0.000000 
0.000000 
0.000000 
0.000000 
0.000000 
0.000000 
0.000000 
0.000000 
0.000000 
