0.000000 
0.000000 
0.000000 
0.000000 
0.000000 
0.000000 
0.000000 
0.000000 
0.000000 
0.000000 
0.000000 
0.000000 
0.000000 
0.000000 
0.000000 
0.000000 
0.000000 
0.000000 
0.000000 
0.000000 
0.000000 
0.000000 
0.000000 
0.000000 
0.000000 
0.000000 
0.000000 
0.000000 
0.000000 
0.000000 
0.000000 
0.000000 
0.000000 
0.000000 
0.000000 
0.000000 
0.000000 
0.000000 
0.000000 
0.000000 
0.000000 
0.000000 
0.000000 
0.000000 
0.000000 
0.000000 
0.000000 
0.000000 
0.000000 
0.000000 
0.000000 
0.000000 
0.000000 
0.000000 
0.000000 
0.000000 
0.000000 
0.000000 
0.000000 
0.000000 
0.000000 
0.000000 
0.000000 
0.000000 
0.000000 
0.000000 
0.000000 
0.000000 
0.000000 
0.000000 
0.000000 
0.000000 
0.000000 
0.000000 
0.000000 
0.000000 
0.000000 
0.000000 
0.000000 
0.000000 
0.000000 
0.000000 
0.000000 
0.000000 
0.000000 
0.000000 
0.000000 
0.000000 
0.000000 
0.000000 
0.000000 
0.000000 
0.000000 
0.000000 
0.000000 
0.000000 
0.000000 
0.000000 
0.000000 
0.000000 
0.000000 
0.000000 
0.000000 
0.000000 
0.000000 
0.000000 
0.000000 
0.000000 
0.000000 
0.000000 
0.000000 
0.000000 
0.000000 
0.000000 
0.000000 
0.000000 
0.000000 
0.000000 
0.000000 
0.000000 
0.000000 
0.000000 
0.000000 
0.000000 
0.000000 
0.000000 
0.000000 
0.000000 
0.000000 
0.000000 
0.000000 
0.000000 
0.000000 
0.000000 
0.000000 
0.000000 
0.000000 
0.000000 
0.000000 
0.000000 
0.000000 
0.000000 
0.000000 
0.000000 
0.000000 
0.000000 
0.000000 
0.000000 
0.000000 
0.000000 
0.000000 
0.000000 
0.000000 
0.000000 
0.000000 
0.000000 
0.000000 
0.000000 
0.000000 
0.000000 
0.000000 
0.000000 
0.000000 
0.000000 
0.000000 
0.000000 
0.000000 
0.000000 
0.000000 
0.000000 
0.000000 
0.000000 
0.000000 
0.000000 
0.000000 
0.000000 
0.000000 
0.000000 
0.000000 
0.000000 
0.000000 
0.000000 
0.000000 
0.000000 
0.000000 
0.000000 
0.000000 
0.000000 
0.000000 
0.000000 
0.000000 
0.000000 
0.000000 
0.000000 
0.000000 
0.000000 
0.000000 
0.000000 
0.000000 
0.000000 
0.000000 
0.000000 
0.000000 
0.000000 
0.000000 
0.000000 
0.000000 
0.000000 
0.000000 
0.000000 
0.000000 
0.000000 
0.000000 
0.000000 
0.000000 
0.000000 
0.000000 
0.000000 
0.000000 
0.000000 
0.000000 
0.000000 
0.000000 
0.000000 
0.000000 
0.000026 
0.000088 
0.000194 
0.000315 
0.000414 
0.000694 
0.000933 
0.001039 
0.001247 
0.001652 
0.002267 
0.002746 
0.003083 
0.003760 
0.004433 
0.005642 
0.006303 
0.006338 
0.009933 
0.008817 
0.012893 
0.012053 
0.016295 
0.017297 
0.013890 
0.014461 
0.013894 
0.013928 
0.015065 
0.014043 
0.015432 
0.015069 
0.015615 
0.014689 
0.014238 
0.013186 
0.013771 
0.014049 
0.013107 
0.015942 
0.015136 
0.015499 
0.015590 
0.016993 
0.017130 
0.024533 
0.021627 
0.025899 
0.026760 
0.027469 
0.026619 
0.028940 
0.032587 
0.035533 
0.034945 
0.033353 
0.035657 
0.033720 
0.032885 
0.029826 
0.030301 
0.038326 
0.030921 
0.038633 
0.033817 
0.036552 
0.039333 
0.043344 
0.037908 
0.042848 
0.041766 
0.051372 
0.037134 
0.045920 
0.040135 
0.049437 
0.046069 
0.049066 
0.053757 
0.049467 
0.044092 
0.055710 
0.040299 
0.045851 
0.041330 
0.044343 
0.052763 
0.052458 
0.047342 
0.047912 
0.060934 
0.059196 
0.057887 
0.055449 
0.058241 
0.063695 
0.062792 
0.062257 
0.065530 
0.080424 
0.074467 
0.074242 
0.096317 
0.094182 
0.101427 
0.080324 
0.110838 
0.142876 
0.130588 
0.153703 
0.133397 
0.154552 
0.163453 
0.169825 
0.157529 
0.131526 
0.142367 
0.147264 
0.103157 
0.120967 
0.111462 
0.154161 
0.142129 
0.140644 
0.160792 
0.125294 
0.152635 
0.190228 
0.183712 
0.177952 
0.204853 
0.189281 
0.191424 
0.179775 
0.210314 
0.201964 
0.226418 
0.232847 
0.253826 
0.263068 
0.305278 
0.298746 
0.282566 
0.264935 
0.301758 
0.369816 
0.358364 
0.434045 
0.497435 
0.520754 
0.569673 
0.490148 
0.480791 
0.345783 
0.332001 
0.381937 
0.389947 
0.431960 
0.322355 
0.406970 
0.412327 
0.366094 
0.399384 
0.378416 
0.365144 
0.367383 
0.356360 
0.322035 
0.331309 
0.320697 
0.364735 
0.353738 
0.348553 
0.328966 
0.384353 
0.317437 
0.441481 
0.448839 
0.482255 
0.425320 
0.438353 
0.474812 
0.421383 
0.472653 
0.427691 
0.444220 
0.400843 
0.439107 
0.370269 
0.370793 
0.356919 
0.388842 
0.495049 
0.392976 
0.389992 
0.517197 
0.500340 
0.529712 
0.614329 
0.499439 
0.526916 
0.544280 
0.420389 
0.444448 
0.569278 
0.500751 
0.565992 
0.581416 
0.621713 
0.664633 
0.710568 
0.645971 
0.772954 
0.674409 
0.706579 
0.653539 
0.787875 
0.662678 
0.632558 
0.784602 
0.818842 
0.835881 
0.854168 
0.765414 
0.962321 
0.924747 
0.916236 
0.924444 
0.849240 
0.939608 
0.795108 
0.693447 
0.843759 
0.770131 
0.869448 
0.855995 
0.840491 
0.837516 
0.639716 
0.778822 
0.729253 
0.543949 
0.392230 
0.222671 
0.301645 
0.298155 
0.452324 
0.526662 
0.709006 
0.867695 
0.760438 
0.664991 
0.968100 
0.876270 
0.837610 
0.964109 
0.896351 
0.942144 
0.853608 
0.827301 
0.910951 
0.700636 
0.824080 
0.795091 
0.699567 
0.772107 
0.826191 
0.743920 
0.861384 
0.988705 
0.908265 
0.914382 
0.828160 
0.806708 
0.793967 
0.790710 
0.736102 
0.841054 
0.661051 
0.752293 
0.592260 
0.689628 
0.788753 
0.946068 
0.926250 
0.988566 
0.780699 
0.717755 
0.619013 
0.390309 
0.399034 
0.306392 
0.188542 
0.156894 
0.157764 
0.164882 
0.276845 
0.425468 
0.566507 
0.646917 
0.685660 
0.923177 
0.872996 
1.100509 
0.919828 
1.021657 
0.986164 
1.173119 
1.026569 
1.038329 
1.056359 
1.220651 
0.896728 
1.060622 
1.023574 
1.117153 
1.105375 
1.030530 
1.046218 
0.958073 
0.963134 
1.115141 
1.238561 
1.083914 
1.106349 
1.016357 
1.071625 
1.085315 
1.290328 
1.049798 
1.118382 
1.212893 
0.943644 
1.256333 
1.240908 
1.155281 
0.933629 
1.229782 
1.183582 
1.096057 
1.168877 
1.105300 
1.137478 
1.069021 
1.109689 
1.205017 
1.077053 
1.225678 
1.045506 
1.192428 
1.225978 
1.309431 
1.146701 
1.204277 
1.198493 
1.169005 
1.046853 
1.492791 
1.206393 
1.005716 
1.309538 
1.465893 
1.115923 
1.029033 
1.243820 
1.021285 
1.123891 
0.910819 
1.495875 
1.244366 
1.294704 
1.025076 
0.873472 
0.781614 
0.770893 
0.667185 
0.774246 
0.924260 
1.001867 
0.909171 
0.964392 
1.246082 
1.247778 
1.349744 
1.231750 
1.454082 
1.253828 
1.283783 
1.207370 
1.356938 
1.082494 
1.204639 
0.947729 
0.751074 
0.778212 
0.799714 
0.708789 
0.713535 
0.611776 
0.599741 
0.687208 
0.812378 
0.947878 
1.322117 
1.741701 
1.439403 
1.518345 
1.352601 
1.336505 
1.206870 
1.321940 
1.281573 
0.910639 
0.782166 
0.906595 
0.904475 
1.136623 
1.350386 
1.375749 
1.574717 
1.593097 
1.279598 
1.294344 
1.371890 
1.379220 
1.339201 
1.466755 
1.160462 
1.250243 
1.153923 
1.344088 
1.168369 
1.256426 
1.397926 
1.607107 
1.565941 
1.499989 
1.324404 
0.825987 
0.769495 
0.852768 
0.676205 
0.485322 
0.306175 
0.278358 
0.296376 
0.307320 
0.288679 
0.272039 
0.263803 
0.364346 
0.494075 
0.774887 
1.020119 
1.132410 
1.105424 
1.110613 
1.309123 
1.126069 
1.373259 
1.239113 
1.068214 
1.324765 
1.256198 
1.357161 
1.359806 
1.436541 
1.364185 
1.432840 
1.397014 
1.350059 
1.272330 
1.381415 
1.375710 
1.428780 
1.585286 
1.359552 
1.510871 
1.239264 
1.469374 
1.241023 
1.063691 
0.723065 
0.441652 
0.378104 
0.341910 
0.404589 
0.419529 
0.605887 
0.560081 
0.620199 
0.717730 
0.894906 
1.021698 
0.903515 
0.953782 
0.669664 
0.721741 
0.509517 
0.510808 
0.516215 
0.578093 
0.778482 
0.745255 
0.779678 
1.083545 
1.128762 
1.048488 
1.105993 
1.098225 
1.049459 
0.812065 
0.792423 
0.672741 
0.537848 
0.432270 
0.601438 
0.579943 
0.596341 
0.627063 
0.563456 
0.570500 
0.599243 
0.548417 
0.512280 
0.539359 
0.599593 
0.593362 
0.618950 
0.524967 
0.742267 
0.826076 
0.724912 
0.848765 
0.750968 
0.784315 
1.024810 
1.143858 
1.055448 
1.312658 
1.192999 
1.108209 
1.307731 
1.152778 
1.058876 
1.365739 
0.992270 
0.740293 
0.596943 
0.536509 
0.482717 
0.443244 
0.330091 
0.367930 
0.440534 
0.402862 
0.465896 
0.588278 
0.686612 
0.897323 
1.050157 
0.949803 
1.222538 
1.418833 
1.345177 
1.509114 
1.501105 
1.283302 
1.304071 
1.506147 
1.499490 
1.357058 
1.487929 
1.347683 
1.441704 
1.371895 
1.337149 
1.159072 
1.175368 
1.492385 
1.256044 
1.349628 
1.357899 
1.624642 
1.187403 
1.325450 
1.465518 
1.446475 
1.622606 
1.523426 
1.299746 
1.284254 
1.322584 
1.449788 
1.301065 
1.352697 
1.433248 
1.401850 
1.286027 
1.371098 
1.472352 
1.271405 
1.014605 
0.894560 
0.880605 
1.019748 
1.050539 
1.099086 
1.136013 
1.315366 
1.259097 
1.237547 
1.332591 
1.397337 
1.293669 
1.135562 
1.218332 
1.223198 
1.085024 
1.307660 
1.439651 
1.337124 
1.384028 
1.063005 
1.236059 
1.215956 
0.869194 
1.300122 
1.052673 
1.029135 
0.786827 
0.834433 
0.896425 
0.800568 
0.753697 
0.759580 
1.001470 
1.017579 
1.041346 
1.178792 
1.424782 
1.307274 
1.114068 
1.236882 
1.101157 
1.179387 
1.417210 
1.283546 
1.158417 
1.112468 
1.054898 
1.106036 
1.347583 
1.278275 
1.319704 
1.252285 
1.318261 
1.130761 
0.880085 
0.956892 
1.022652 
0.949852 
0.958280 
0.958421 
0.900086 
0.841904 
0.717130 
0.813904 
0.830171 
0.747853 
0.872522 
0.886388 
0.890681 
1.095065 
1.044465 
0.792734 
1.019163 
1.025006 
1.178014 
0.933362 
0.819748 
0.760615 
0.643843 
0.478975 
0.376941 
0.367260 
0.340618 
0.319489 
0.333859 
0.330853 
0.319187 
0.294158 
0.293339 
0.305679 
0.313841 
0.268138 
0.258596 
0.341645 
0.358207 
0.312514 
0.319561 
0.412953 
0.532255 
0.573217 
0.677489 
0.720454 
0.850144 
0.852172 
1.075525 
1.021950 
1.042879 
0.865303 
0.887423 
0.873563 
0.788365 
0.719290 
0.616268 
0.637448 
0.500207 
0.606916 
0.583123 
0.600608 
0.601186 
0.512970 
0.434155 
0.558814 
0.507686 
0.561302 
0.720512 
0.737871 
0.702066 
0.786773 
0.852304 
0.958976 
1.024108 
1.009122 
0.975366 
0.846633 
0.864428 
0.915810 
0.880512 
0.904615 
0.749172 
0.658390 
0.710385 
0.566403 
0.557114 
0.589405 
0.564336 
0.645649 
0.639558 
0.539604 
0.537863 
0.518734 
0.594479 
0.586580 
0.630395 
0.648051 
0.814274 
0.608634 
0.749105 
0.715852 
0.733244 
0.704528 
0.726257 
0.900370 
0.647639 
0.525354 
0.491601 
0.524614 
0.459894 
0.487189 
0.617869 
0.660061 
0.653101 
0.599419 
0.533893 
0.455870 
0.335259 
0.391254 
0.399884 
0.334389 
0.361325 
0.367192 
0.448248 
0.387225 
0.467545 
0.326779 
0.376741 
0.403369 
0.396492 
0.416429 
0.374970 
0.335614 
0.316096 
0.337071 
0.354583 
0.356084 
0.280822 
0.267034 
0.302429 
0.246039 
0.243648 
0.218344 
0.223952 
0.213385 
0.179163 
0.160088 
0.160118 
0.140328 
0.148334 
0.136949 
0.143710 
0.131143 
0.128175 
0.153732 
0.135185 
0.144280 
0.120332 
0.127173 
0.124882 
0.111205 
0.135454 
0.113152 
0.146581 
0.116713 
0.131976 
0.150710 
0.129117 
0.139427 
0.143254 
0.140578 
0.164576 
0.162645 
0.185650 
0.126434 
0.146507 
0.163990 
0.177346 
0.191601 
0.190457 
0.192656 
0.204537 
0.193153 
0.199327 
0.211067 
0.236807 
0.229685 
0.221245 
0.200115 
0.236406 
0.200513 
0.194637 
0.254349 
0.189016 
0.143712 
0.238484 
0.264212 
0.274207 
0.281258 
0.289807 
0.256289 
0.232269 
0.276406 
0.351781 
0.332946 
0.328229 
0.412508 
0.481526 
0.475345 
0.502126 
0.497827 
0.542504 
0.434771 
0.381860 
0.421681 
0.374857 
0.271068 
0.237201 
0.256207 
0.192596 
0.254064 
0.192831 
0.230783 
0.205658 
0.222384 
0.191586 
0.143071 
0.150881 
0.125114 
0.119662 
0.108718 
0.096022 
0.093021 
0.076490 
0.098664 
0.079247 
0.074849 
0.087073 
0.085578 
0.088448 
0.096747 
0.097108 
0.103332 
0.092637 
0.098370 
0.088772 
0.093982 
0.090383 
0.087275 
0.086482 
0.091901 
0.084507 
0.084966 
0.093114 
0.103062 
0.106144 
0.103049 
0.100918 
0.101220 
0.105203 
0.084803 
0.094204 
0.081387 
0.079776 
0.085006 
0.073712 
0.073366 
0.058811 
0.071868 
0.054133 
0.057015 
0.069818 
0.048783 
0.048459 
0.051258 
0.043297 
0.042249 
0.041678 
0.045499 
0.045437 
0.038186 
0.041181 
0.039604 
0.041667 
0.039783 
0.039459 
0.034060 
0.038999 
0.035826 
0.034827 
0.029344 
0.027417 
0.025516 
0.022319 
0.020642 
0.019217 
0.017699 
0.018717 
0.017976 
0.014306 
0.015933 
0.013518 
0.011165 
0.010704 
0.009088 
0.008409 
0.009096 
0.008921 
0.008290 
0.011187 
0.009008 
0.010805 
0.008102 
0.009239 
0.008615 
0.009479 
0.008808 
0.008220 
0.010123 
0.011064 
0.008856 
0.010813 
0.009385 
0.009211 
0.007653 
0.006157 
0.005149 
0.006147 
0.004097 
0.004700 
0.004164 
0.004088 
0.003566 
0.003062 
0.003087 
0.003933 
0.003523 
0.003275 
0.003285 
0.003522 
0.003228 
0.003107 
0.003325 
0.002842 
0.002820 
0.002610 
0.002391 
0.002278 
0.002110 
0.001814 
0.001712 
0.001370 
0.001444 
0.001225 
0.000673 
0.000603 
0.000395 
0.000216 
0.000111 
0.000067 
0.000039 
0.000020 
0.000004 
0.000000 
0.000000 
0.000000 
0.000000 
0.000000 
0.000000 
0.000000 
0.000000 
0.000000 
0.000000 
0.000000 
0.000000 
0.000000 
0.000000 
0.000000 
0.000000 
0.000000 
0.000000 
0.000000 
0.000000 
0.000000 
0.000000 
0.000000 
0.000000 
0.000000 
0.000000 
0.000000 
0.000000 
0.000000 
0.000000 
0.000000 
0.000000 
0.000000 
0.000000 
0.000000 
0.000000 
0.000000 
0.000000 
0.000000 
0.000000 
0.000000 
0.000000 
0.000000 
0.000000 
0.000000 
0.000000 
0.000000 
0.000000 
0.000000 
0.000000 
0.000000 
0.000000 
0.000000 
0.000000 
0.000000 
0.000000 
0.000000 
0.000000 
0.000000 
0.000000 
0.000000 
0.000000 
0.000000 
0.000000 
0.000000 
0.000000 
0.000000 
0.000000 
0.000000 
0.000000 
0.000000 
0.000000 
0.000000 
0.000000 
0.000000 
0.000000 
0.000000 
0.000000 
0.000000 
0.000000 
0.000000 
0.000000 
0.000000 
0.000000 
0.000000 
0.000000 
0.000000 
0.000000 
0.000000 
0.000000 
0.000000 
0.000000 
0.000000 
0.000000 
0.000000 
0.000000 
0.000000 
0.000000 
0.000000 
0.000000 
0.000000 
0.000000 
0.000000 
0.000000 
0.000000 
0.000000 
0.000000 
0.000000 
0.000000 
0.000000 
0.000000 
0.000000 
0.000000 
0.000000 
0.000000 
0.000000 
0.000000 
0.000000 
0.000000 
0.000000 
0.000000 
0.000000 
0.000000 
0.000000 
0.000000 
0.000000 
0.000000 
0.000000 
0.000000 
0.000000 
0.000000 
0.000000 
0.000000 
0.000000 
0.000000 
0.000000 
0.000000 
0.000000 
0.000000 
0.000000 
0.000000 
0.000000 
0.000000 
0.000000 
0.000000 
0.000000 
0.000000 
0.000000 
0.000000 
0.000000 
0.000000 
0.000000 
0.000000 
0.000000 
0.000000 
0.000000 
0.000000 
0.000000 
0.000000 
0.000000 
0.000000 
0.000000 
0.000000 
0.000000 
0.000000 
0.000000 
0.000000 
0.000000 
0.000000 
0.000000 
0.000000 
0.000000 
0.000000 
0.000000 
0.000000 
0.000000 
0.000000 
0.000000 
0.000000 
0.000000 
0.000000 
0.000000 
0.000000 
0.000000 
0.000000 
0.000000 
0.000000 
0.000000 
0.000000 
0.000000 
0.000000 
