0.035250 
0.035250 
0.035250 
0.035250 
0.035250 
0.035250 
0.035250 
0.035250 
0.035250 
0.035250 
0.035250 
0.035250 
0.035250 
0.035250 
0.035250 
0.035250 
0.035250 
0.035250 
0.035250 
0.035250 
0.035250 
0.035250 
0.035250 
0.035250 
0.035250 
0.035250 
0.035250 
0.035250 
0.035250 
0.035250 
0.035250 
0.035250 
0.035250 
0.035250 
0.035250 
0.035250 
0.035250 
0.035250 
0.035250 
0.035250 
0.035250 
0.035250 
0.035250 
0.035250 
0.035250 
0.035250 
0.035250 
0.035250 
0.035250 
0.035250 
0.035250 
0.035250 
0.035250 
0.035250 
0.035250 
0.035250 
0.035250 
0.035250 
0.035250 
0.035250 
0.035250 
0.035250 
0.035250 
0.035250 
0.035250 
0.036129 
0.038553 
0.042203 
0.046758 
0.051900 
0.062236 
0.079179 
0.097614 
0.112426 
0.118500 
0.118500 
0.118500 
0.118500 
0.118500 
0.118500 
0.118500 
0.118500 
0.118500 
0.118500 
0.118500 
0.114584 
0.104754 
0.091887 
0.078860 
0.068550 
0.059972 
0.051074 
0.043135 
0.037434 
0.035250 
0.046872 
0.074586 
0.107664 
0.135378 
0.147000 
0.147000 
0.147000 
0.147000 
0.147000 
0.147000 
0.147000 
0.147000 
0.147000 
0.147000 
0.147000 
0.147000 
0.147000 
0.147000 
0.147000 
0.147000 
0.135378 
0.107664 
0.074586 
0.046872 
0.035250 
0.035250 
0.035250 
0.035250 
0.035250 
0.035250 
0.035250 
0.035250 
0.035250 
0.035250 
0.035250 
0.035250 
0.035250 
0.035250 
0.035250 
0.035250 
0.035250 
0.035250 
0.035250 
0.035250 
0.035250 
0.035250 
0.035250 
0.035250 
0.035250 
0.035250 
0.035250 
0.035250 
0.035250 
0.035250 
0.035250 
0.035250 
0.035250 
0.035250 
0.035250 
0.035250 
0.043403 
0.063286 
0.088032 
0.110775 
0.124650 
0.131552 
0.137667 
0.142566 
0.145820 
0.147000 
0.147000 
0.147000 
0.147000 
0.147000 
0.147000 
0.147000 
0.147000 
0.147000 
0.147000 
0.147000 
0.138847 
0.118964 
0.094218 
0.071475 
0.057600 
0.050698 
0.044583 
0.039684 
0.036430 
0.035250 
0.035250 
0.035250 
0.035250 
0.035250 
0.035250 
0.035250 
0.035250 
0.035250 
0.035250 
0.035250 
0.035250 
0.035250 
0.035250 
0.035250 
0.035250 
0.035250 
0.035250 
0.035250 
0.035250 
0.035250 
0.035250 
0.035250 
0.035250 
0.035250 
0.035250 
0.036129 
0.038553 
0.042203 
0.046758 
0.051900 
0.062236 
0.079179 
0.097614 
0.112426 
0.118500 
0.118500 
0.118500 
0.118500 
0.118500 
0.118500 
0.118500 
0.118500 
0.118500 
0.118500 
0.118500 
0.124927 
0.140254 
0.158546 
0.173873 
0.180300 
0.176837 
0.168578 
0.158722 
0.150463 
0.147000 
0.147000 
0.147000 
0.147000 
0.147000 
0.147000 
0.147000 
0.147000 
0.147000 
0.147000 
0.147000 
0.135378 
0.107664 
0.074586 
0.046872 
0.035250 
0.035250 
0.035250 
0.035250 
0.035250 
0.035250 
0.035250 
0.035250 
0.035250 
0.035250 
0.035250 
0.035250 
0.035250 
0.035250 
0.035250 
0.035250 
0.035250 
0.035250 
0.035250 
0.035250 
0.035250 
0.035250 
0.035250 
0.035250 
0.035250 
0.035250 
0.035250 
0.035250 
0.035250 
0.035250 
0.035250 
0.035250 
0.035250 
0.035250 
0.035250 
0.035250 
0.035250 
0.035250 
0.035250 
0.035250 
0.035250 
0.039370 
0.050273 
0.065777 
0.083697 
0.101850 
0.126430 
0.159677 
0.193473 
0.219703 
0.230250 
0.230250 
0.230250 
0.230250 
0.230250 
0.230250 
0.229371 
0.226947 
0.223297 
0.218742 
0.213600 
0.205934 
0.194333 
0.179904 
0.163757 
0.147000 
0.124695 
0.095646 
0.066574 
0.044201 
0.035250 
0.035250 
0.035250 
0.035250 
0.035250 
0.035250 
0.035250 
0.035250 
0.035250 
0.035250 
0.035250 
0.035250 
0.035250 
0.035250 
0.035250 
0.035250 
0.035250 
0.035250 
0.035250 
0.035250 
0.035250 
0.035250 
0.035250 
0.035250 
0.035250 
0.035250 
0.035250 
0.035250 
0.035250 
0.035250 
0.035250 
0.035250 
0.035250 
0.035250 
0.035250 
0.035250 
0.040507 
0.053702 
0.070974 
0.088461 
0.102300 
0.113815 
0.125759 
0.136415 
0.144068 
0.147000 
0.147000 
0.147000 
0.147000 
0.147000 
0.147000 
0.147000 
0.147000 
0.147000 
0.147000 
0.147000 
0.141743 
0.128548 
0.111276 
0.093789 
0.079950 
0.068435 
0.056491 
0.045835 
0.038182 
0.035250 
0.035250 
0.035250 
0.035250 
0.035250 
0.035250 
0.035250 
0.035250 
0.035250 
0.035250 
0.035250 
0.035250 
0.035250 
0.035250 
0.035250 
0.035250 
0.035250 
0.035250 
0.035250 
0.035250 
0.035250 
0.035250 
0.035250 
0.035250 
0.035250 
0.035250 
0.035250 
0.035250 
0.035250 
0.035250 
0.035250 
0.035250 
0.035250 
0.035250 
0.035250 
0.035250 
0.035250 
0.035250 
0.035250 
0.035250 
0.035250 
0.035250 
0.035250 
0.035250 
0.035250 
0.035250 
0.040507 
0.053702 
0.070974 
0.088461 
0.102300 
0.113815 
0.125759 
0.136415 
0.144068 
0.147000 
0.147000 
0.147000 
0.147000 
0.147000 
0.147000 
0.147000 
0.147000 
0.147000 
0.147000 
0.147000 
0.141743 
0.128548 
0.111276 
0.093789 
0.079950 
0.068435 
0.056491 
0.045835 
0.038182 
0.035250 
0.035250 
0.035250 
0.035250 
0.035250 
0.035250 
0.035250 
0.035250 
0.035250 
0.035250 
0.035250 
0.035250 
0.035250 
0.035250 
0.035250 
0.035250 
0.035250 
0.035250 
0.035250 
0.035250 
0.035250 
0.035250 
0.035250 
0.035250 
0.035250 
0.035250 
0.035250 
0.035250 
0.035250 
0.035250 
0.035250 
0.035250 
0.035250 
0.035250 
0.035250 
0.035250 
0.035250 
0.035250 
0.035250 
0.035250 
0.035250 
0.035250 
0.035250 
0.035250 
0.035250 
0.035250 
0.035250 
0.035250 
0.035250 
0.035250 
0.035250 
0.041449 
0.057423 
0.079238 
0.102959 
0.124650 
0.148026 
0.175764 
0.202374 
0.222366 
0.230250 
0.230250 
0.230250 
0.230250 
0.230250 
0.230250 
0.230250 
0.230250 
0.230250 
0.230250 
0.230250 
0.220401 
0.195794 
0.163842 
0.131957 
0.107550 
0.088384 
0.068998 
0.051965 
0.039858 
0.035250 
0.035250 
0.035250 
0.035250 
0.035250 
0.035250 
0.035250 
0.035250 
0.035250 
0.035250 
0.035250 
0.035250 
0.035250 
0.035250 
0.035250 
0.035250 
0.035250 
0.035250 
0.035250 
0.035250 
0.035250 
0.035250 
0.035250 
0.035250 
0.035250 
0.035250 
0.035250 
0.035250 
0.035250 
0.035250 
0.035250 
0.035250 
0.035250 
0.035250 
0.035250 
0.035250 
0.036323 
0.039364 
0.044103 
0.050271 
0.057600 
0.077866 
0.115254 
0.158109 
0.194776 
0.213600 
0.219183 
0.223794 
0.227278 
0.229481 
0.230250 
0.230250 
0.230250 
0.230250 
0.230250 
0.230250 
0.253304 
0.310913 
0.385751 
0.460489 
0.517800 
0.554956 
0.584703 
0.612927 
0.645514 
0.688350 
0.768691 
0.888079 
1.013827 
1.113246 
1.153650 
1.079550 
0.897713 
0.668837 
0.453617 
0.312750 
0.230477 
0.154980 
0.092870 
0.050757 
0.035250 
0.035250 
0.035250 
0.035250 
0.035250 
0.035250 
0.035673 
0.036736 
0.038127 
0.039535 
0.040650 
0.041577 
0.042539 
0.043398 
0.044014 
0.044250 
0.043314 
0.041082 
0.038418 
0.036186 
0.035250 
0.035250 
0.035250 
0.035250 
0.035250 
0.035250 
0.046872 
0.074586 
0.107664 
0.135378 
0.147000 
0.147000 
0.147000 
0.147000 
0.147000 
0.147000 
0.147000 
0.147000 
0.147000 
0.147000 
0.147000 
0.147000 
0.147000 
0.147000 
0.147000 
0.147000 
0.142304 
0.131107 
0.117743 
0.106546 
0.101850 
0.103582 
0.107711 
0.112639 
0.116768 
0.118500 
0.118500 
0.118500 
0.118500 
0.118500 
0.118500 
0.117621 
0.115197 
0.111547 
0.106992 
0.101850 
0.091514 
0.074571 
0.056136 
0.041324 
0.035250 
0.035250 
0.035250 
0.035250 
0.035250 
0.035250 
0.035250 
0.035250 
0.035250 
0.035250 
0.035250 
0.035250 
0.035250 
0.035250 
0.035250 
0.035250 
0.035250 
0.035250 
0.035250 
0.035250 
0.035250 
0.035250 
0.035250 
0.035250 
0.035250 
0.035250 
0.038034 
0.045390 
0.055824 
0.067842 
0.079950 
0.093741 
0.110683 
0.129101 
0.147315 
0.163650 
0.180071 
0.197775 
0.213928 
0.225697 
0.230250 
0.230250 
0.230250 
0.230250 
0.230250 
0.230250 
0.227671 
0.220725 
0.210599 
0.198479 
0.185550 
0.166761 
0.140028 
0.110990 
0.085284 
0.068550 
0.058451 
0.049363 
0.041995 
0.037054 
0.035250 
0.035250 
0.035250 
0.035250 
0.035250 
0.035250 
0.035250 
0.035250 
0.035250 
0.035250 
0.035250 
0.035250 
0.035250 
0.035250 
0.035250 
0.035250 
0.035250 
0.035250 
0.035250 
0.035250 
0.035250 
0.035250 
0.035250 
0.035250 
0.035250 
0.035250 
0.035250 
0.035250 
0.035250 
0.035250 
0.035250 
0.035250 
0.035250 
0.035250 
0.035250 
0.035250 
0.035250 
0.035250 
0.035250 
0.035250 
0.035250 
0.035250 
0.035250 
0.035250 
0.035250 
0.035250 
0.046872 
0.074586 
0.107664 
0.135378 
0.147000 
0.147000 
0.147000 
0.147000 
0.147000 
0.147000 
0.147000 
0.147000 
0.147000 
0.147000 
0.147000 
0.147000 
0.147000 
0.147000 
0.147000 
0.147000 
0.142304 
0.131107 
0.117743 
0.106546 
0.101850 
0.103582 
0.107711 
0.112639 
0.116768 
0.118500 
0.118500 
0.118500 
0.118500 
0.118500 
0.118500 
0.117621 
0.115197 
0.111547 
0.106992 
0.101850 
0.091514 
0.074571 
0.056136 
0.041324 
0.035250 
0.035250 
0.035250 
0.035250 
0.035250 
0.035250 
0.035250 
0.035250 
0.035250 
0.035250 
0.035250 
0.035250 
0.035250 
0.035250 
0.035250 
0.035250 
0.035250 
0.035250 
0.035250 
0.035250 
0.035250 
0.035250 
0.035250 
0.035250 
0.035250 
0.035250 
0.035666 
0.036859 
0.038743 
0.041235 
0.044250 
0.054987 
0.075893 
0.099755 
0.119362 
0.127500 
0.127500 
0.127500 
0.127500 
0.127500 
0.127500 
0.127500 
0.127500 
0.127500 
0.127500 
0.127500 
0.124037 
0.115778 
0.105922 
0.097663 
0.094200 
0.094535 
0.095476 
0.096925 
0.098782 
0.100950 
0.104558 
0.110537 
0.118492 
0.128028 
0.138750 
0.155703 
0.180483 
0.207527 
0.231271 
0.246150 
0.254010 
0.260493 
0.265732 
0.269857 
0.273000 
0.275216 
0.276774 
0.278123 
0.279715 
0.282000 
0.286963 
0.294774 
0.303164 
0.309863 
0.312600 
0.304081 
0.283324 
0.257526 
0.233885 
0.219600 
0.212663 
0.206543 
0.201657 
0.198421 
0.197250 
0.197250 
0.197250 
0.197250 
0.197250 
0.197250 
0.201166 
0.210996 
0.223863 
0.236890 
0.247200 
0.255778 
0.264676 
0.272615 
0.278316 
0.280500 
0.280500 
0.280500 
0.280500 
0.280500 
0.280500 
0.281249 
0.283034 
0.285166 
0.286951 
0.287700 
0.279229 
0.259030 
0.234920 
0.214721 
0.206250 
0.209813 
0.218758 
0.230466 
0.242319 
0.251700 
0.259505 
0.267601 
0.274825 
0.280012 
0.282000 
0.278825 
0.270854 
0.260422 
0.249859 
0.241500 
0.234545 
0.227330 
0.220894 
0.216271 
0.214500 
0.226122 
0.253836 
0.286914 
0.314628 
0.326250 
0.320712 
0.307506 
0.291744 
0.278538 
0.273000 
0.273236 
0.273852 
0.274711 
0.275673 
0.276600 
0.277715 
0.279123 
0.280514 
0.281577 
0.282000 
0.272110 
0.248525 
0.220375 
0.196790 
0.186900 
0.193826 
0.210343 
0.230057 
0.246574 
0.253500 
0.252843 
0.251242 
0.249249 
0.247417 
0.246300 
0.245855 
0.245585 
0.245357 
0.245040 
0.244500 
0.240916 
0.232585 
0.221050 
0.207857 
0.194550 
0.178670 
0.158730 
0.137729 
0.118669 
0.104550 
0.093804 
0.083578 
0.074945 
0.068978 
0.066750 
0.066750 
0.066750 
0.066750 
0.066750 
0.066750 
0.066750 
0.066750 
0.066750 
0.066750 
0.066750 
0.066750 
0.066750 
0.066750 
0.066750 
0.066750 
0.066750 
0.066750 
0.066750 
0.066750 
0.066750 
0.066160 
0.064619 
0.062473 
0.060068 
0.057750 
0.055034 
0.051654 
0.048283 
0.045591 
0.044250 
0.043843 
0.043510 
0.043261 
0.043104 
0.043050 
0.043350 
0.044237 
0.045694 
0.047705 
0.050250 
0.080907 
0.149951 
0.231417 
0.299339 
0.327750 
0.317760 
0.292230 
0.257820 
0.221190 
0.189000 
0.156810 
0.120180 
0.085770 
0.060240 
0.050250 
0.050250 
0.050250 
0.050250 
0.050250 
0.050250 
0.050250 
0.050250 
0.050250 
0.050250 
0.050250 
0.050996 
0.053065 
0.056201 
0.060148 
0.064650 
0.071926 
0.083382 
0.097545 
0.112942 
0.128100 
0.144255 
0.162518 
0.181223 
0.198705 
0.213300 
0.226556 
0.239951 
0.251713 
0.260070 
0.263250 
0.263250 
0.263250 
0.263250 
0.263250 
0.263250 
0.328053 
0.490610 
0.703147 
0.917885 
1.087050 
1.226684 
1.371003 
1.499490 
1.591628 
1.626900 
1.625168 
1.621039 
1.616111 
1.611982 
1.610250 
1.610250 
1.610250 
1.610250 
1.610250 
1.610250 
1.610250 
1.610250 
1.610250 
1.610250 
1.610250 
1.595377 
1.554290 
1.492289 
1.414676 
1.326750 
1.146394 
0.848371 
0.523300 
0.261803 
0.154500 
0.158259 
0.169100 
0.186372 
0.209423 
0.237600 
0.329505 
0.514026 
0.745940 
0.980022 
1.171050 
1.338351 
1.513976 
1.671785 
1.785640 
1.829400 
1.829400 
1.829400 
1.829400 
1.829400 
1.829400 
1.829774 
1.830667 
1.831733 
1.832626 
1.833000 
1.798556 
1.707865 
1.579885 
1.433577 
1.287900 
1.099136 
0.850081 
0.599469 
0.406031 
0.328500 
0.328575 
0.328796 
0.329160 
0.329663 
0.330300 
0.337556 
0.354175 
0.374547 
0.393059 
0.404100 
0.409309 
0.413873 
0.417498 
0.419888 
0.420750 
0.413746 
0.396707 
0.375595 
0.356372 
0.345000 
0.340627 
0.337766 
0.335426 
0.332618 
0.328350 
0.318014 
0.301071 
0.282636 
0.267824 
0.261750 
0.261750 
0.261750 
0.261750 
0.261750 
0.261750 
0.262934 
0.266022 
0.270318 
0.275126 
0.279750 
0.284057 
0.288578 
0.293616 
0.299473 
0.306450 
0.316183 
0.329165 
0.343986 
0.359234 
0.373500 
0.386857 
0.400245 
0.413555 
0.426677 
0.439500 
0.453890 
0.469930 
0.484835 
0.495820 
0.500100 
0.495670 
0.485105 
0.472495 
0.461930 
0.457500 
0.464707 
0.481894 
0.502406 
0.519593 
0.526800 
0.523524 
0.515712 
0.506388 
0.498576 
0.495300 
0.592301 
0.823610 
1.099690 
1.330999 
1.428000 
1.342926 
1.139802 
0.896775 
0.691992 
0.603600 
0.599854 
0.596918 
0.594805 
0.593528 
0.593100 
0.596217 
0.604918 
0.618225 
0.635161 
0.654750 
0.700360 
0.779346 
0.866712 
0.937462 
0.966600 
0.949624 
0.905839 
0.845956 
0.780689 
0.720750 
0.655616 
0.577961 
0.503294 
0.447121 
0.424950 
0.425184 
0.425845 
0.426869 
0.428191 
0.429750 
0.433755 
0.440978 
0.449199 
0.456197 
0.459750 
0.460760 
0.461591 
0.462218 
0.462613 
0.462750 
0.459630 
0.452190 
0.443310 
0.435870 
0.432750 
0.434579 
0.439485 
0.446596 
0.455042 
0.463950 
0.476573 
0.494240 
0.513202 
0.529706 
0.540000 
0.544937 
0.548422 
0.551283 
0.554350 
0.558450 
0.565357 
0.574751 
0.584321 
0.591758 
0.594750 
0.588104 
0.572257 
0.553343 
0.537496 
0.530850 
0.566460 
0.659995 
0.791510 
0.941059 
1.088700 
1.276089 
1.520425 
1.765071 
1.953391 
2.028750 
2.028093 
2.026492 
2.024499 
2.022667 
2.021550 
2.021109 
2.020846 
2.020624 
2.020305 
2.019750 
1.977964 
1.870186 
1.720631 
1.553514 
1.393050 
1.202036 
0.962112 
0.725760 
0.545462 
0.473700 
0.474211 
0.475666 
0.477945 
0.480929 
0.484500 
0.495165 
0.515236 
0.538300 
0.557943 
0.567750 
0.569822 
0.570964 
0.571820 
0.573034 
0.575250 
0.610588 
0.690617 
0.785151 
0.864007 
0.897000 
0.889452 
0.869999 
0.843430 
0.814534 
0.788100 
0.760044 
0.727108 
0.695315 
0.670688 
0.659250 
0.657105 
0.655918 
0.655053 
0.653876 
0.651750 
0.638329 
0.610390 
0.577987 
0.551172 
0.540000 
0.540792 
0.542976 
0.546264 
0.550368 
0.555000 
0.564312 
0.579576 
0.596184 
0.609528 
0.615000 
0.615000 
0.615000 
0.615000 
0.615000 
0.615000 
