0.030750 
0.030750 
0.030750 
0.030750 
0.030750 
0.030750 
0.030750 
0.030750 
0.030750 
0.030750 
0.031946 
0.035244 
0.040209 
0.046406 
0.053400 
0.067461 
0.090510 
0.115588 
0.135737 
0.144000 
0.144000 
0.144000 
0.144000 
0.144000 
0.144000 
0.144000 
0.144000 
0.144000 
0.144000 
0.144000 
0.142804 
0.139506 
0.134541 
0.128344 
0.121350 
0.107289 
0.084240 
0.059162 
0.039013 
0.030750 
0.030750 
0.030750 
0.030750 
0.030750 
0.030750 
0.030750 
0.030750 
0.030750 
0.030750 
0.030750 
0.030750 
0.030750 
0.030750 
0.030750 
0.030750 
0.030750 
0.030750 
0.030750 
0.030750 
0.030750 
0.030750 
0.030750 
0.030750 
0.030750 
0.030750 
0.030750 
0.030750 
0.030750 
0.030750 
0.030750 
0.030750 
0.030750 
0.030750 
0.030750 
0.030750 
0.030750 
0.030750 
0.030750 
0.030750 
0.030750 
0.034384 
0.043506 
0.055445 
0.067533 
0.077100 
0.083461 
0.088520 
0.093489 
0.099578 
0.108000 
0.123647 
0.148166 
0.177896 
0.209178 
0.238350 
0.270010 
0.306609 
0.341268 
0.367108 
0.377250 
0.369216 
0.350058 
0.327192 
0.308034 
0.300000 
0.300000 
0.300000 
0.300000 
0.300000 
0.300000 
0.296185 
0.285836 
0.270599 
0.252122 
0.232050 
0.198110 
0.146562 
0.091854 
0.048434 
0.030750 
0.030750 
0.030750 
0.030750 
0.030750 
0.030750 
0.030750 
0.030750 
0.030750 
0.030750 
0.030750 
0.030750 
0.030750 
0.030750 
0.030750 
0.030750 
0.030750 
0.030750 
0.030750 
0.030750 
0.030750 
0.031566 
0.033815 
0.037202 
0.041429 
0.046200 
0.055791 
0.071513 
0.088620 
0.102364 
0.108000 
0.108000 
0.108000 
0.108000 
0.108000 
0.108000 
0.108000 
0.108000 
0.108000 
0.108000 
0.108000 
0.104366 
0.095244 
0.083305 
0.071217 
0.061650 
0.053690 
0.045434 
0.038067 
0.032777 
0.030750 
0.030750 
0.030750 
0.030750 
0.030750 
0.030750 
0.030750 
0.030750 
0.030750 
0.030750 
0.030750 
0.030750 
0.030750 
0.030750 
0.030750 
0.030750 
0.039444 
0.061824 
0.092338 
0.125431 
0.155550 
0.187713 
0.225679 
0.262009 
0.289262 
0.300000 
0.300000 
0.300000 
0.300000 
0.300000 
0.300000 
0.300000 
0.300000 
0.300000 
0.300000 
0.300000 
0.296578 
0.287239 
0.273371 
0.256362 
0.237600 
0.203815 
0.150983 
0.094357 
0.049194 
0.030750 
0.030750 
0.030750 
0.030750 
0.030750 
0.030750 
0.032777 
0.038067 
0.045434 
0.053690 
0.061650 
0.071217 
0.083305 
0.095244 
0.104366 
0.108000 
0.108000 
0.108000 
0.108000 
0.108000 
0.108000 
0.108000 
0.108000 
0.108000 
0.108000 
0.108000 
0.102364 
0.088620 
0.071513 
0.055791 
0.046200 
0.041429 
0.037202 
0.033815 
0.031566 
0.030750 
0.030750 
0.030750 
0.030750 
0.030750 
0.030750 
0.030750 
0.030750 
0.030750 
0.030750 
0.030750 
0.030750 
0.030750 
0.030750 
0.030750 
0.030750 
0.042132 
0.069887 
0.104432 
0.136181 
0.155550 
0.163619 
0.169024 
0.173515 
0.178841 
0.186750 
0.204790 
0.233659 
0.264833 
0.289788 
0.300000 
0.300000 
0.300000 
0.300000 
0.300000 
0.300000 
0.295907 
0.285224 
0.270348 
0.253674 
0.237600 
0.221561 
0.203709 
0.184518 
0.164457 
0.144000 
0.119103 
0.089377 
0.060775 
0.039248 
0.030750 
0.030750 
0.030750 
0.030750 
0.030750 
0.030750 
0.030750 
0.030750 
0.030750 
0.030750 
0.030750 
0.030750 
0.030750 
0.030750 
0.030750 
0.030750 
0.030750 
0.030750 
0.030750 
0.030750 
0.030750 
0.030750 
0.030750 
0.030750 
0.030750 
0.030750 
0.030750 
0.030750 
0.030750 
0.030750 
0.030750 
0.033130 
0.039744 
0.049802 
0.062518 
0.077100 
0.105332 
0.152095 
0.206253 
0.256667 
0.292200 
0.316648 
0.339691 
0.359015 
0.372306 
0.377250 
0.377250 
0.377250 
0.377250 
0.377250 
0.377250 
0.372241 
0.359134 
0.340806 
0.320135 
0.300000 
0.279501 
0.256319 
0.231208 
0.204918 
0.178200 
0.145790 
0.107088 
0.069846 
0.041816 
0.030750 
0.030750 
0.030750 
0.030750 
0.030750 
0.030750 
0.030966 
0.031531 
0.032318 
0.033200 
0.034050 
0.034823 
0.035617 
0.036520 
0.037618 
0.039000 
0.040985 
0.043813 
0.047448 
0.051855 
0.057000 
0.065297 
0.077622 
0.091634 
0.104990 
0.115350 
0.123735 
0.132045 
0.139252 
0.144329 
0.146250 
0.146250 
0.146250 
0.146250 
0.146250 
0.146250 
0.155672 
0.178141 
0.204959 
0.227428 
0.236850 
0.229300 
0.211295 
0.189805 
0.171800 
0.164250 
0.167317 
0.175418 
0.186906 
0.200133 
0.213450 
0.227247 
0.243138 
0.261310 
0.281951 
0.305250 
0.340373 
0.388527 
0.437960 
0.476918 
0.493650 
0.495191 
0.496406 
0.497285 
0.497820 
0.498000 
0.494815 
0.486764 
0.476106 
0.465099 
0.456000 
0.449528 
0.444135 
0.438678 
0.432014 
0.423000 
0.406195 
0.379966 
0.348878 
0.317500 
0.290400 
0.264479 
0.236564 
0.211109 
0.192570 
0.185400 
0.188348 
0.195379 
0.203771 
0.210802 
0.213750 
0.213750 
0.213750 
0.213750 
0.213750 
0.213750 
0.213750 
0.213750 
0.213750 
0.213750 
0.213750 
0.221784 
0.240942 
0.263808 
0.282966 
0.291000 
0.283200 
0.264600 
0.242400 
0.223800 
0.216000 
0.216000 
0.216000 
0.216000 
0.216000 
0.216000 
0.221376 
0.235409 
0.254959 
0.276886 
0.298050 
0.323550 
0.355819 
0.387713 
0.412088 
0.421800 
0.420365 
0.416942 
0.412858 
0.409435 
0.408000 
0.408874 
0.410957 
0.413443 
0.415526 
0.416400 
0.412167 
0.401067 
0.385498 
0.367860 
0.350550 
0.332093 
0.310486 
0.287337 
0.264255 
0.242850 
0.220296 
0.195480 
0.172582 
0.155779 
0.149250 
0.149250 
0.149250 
0.149250 
0.149250 
0.149250 
0.149250 
0.149250 
0.149250 
0.149250 
0.149250 
0.152533 
0.160540 
0.170504 
0.179663 
0.185250 
0.188029 
0.190492 
0.192464 
0.193775 
0.194250 
0.194250 
0.194250 
0.194250 
0.194250 
0.194250 
0.194250 
0.194250 
0.194250 
0.194250 
0.194250 
0.194250 
0.194250 
0.194250 
0.194250 
0.194250 
0.191442 
0.184746 
0.176754 
0.170058 
0.167250 
0.230399 
0.380984 
0.560716 
0.711301 
0.774450 
0.713329 
0.567580 
0.393620 
0.247871 
0.186750 
0.192077 
0.205450 
0.222954 
0.240675 
0.254700 
0.266369 
0.278473 
0.289273 
0.297028 
0.300000 
0.300000 
0.300000 
0.300000 
0.300000 
0.300000 
0.290557 
0.266679 
0.235042 
0.202324 
0.175200 
0.152734 
0.130356 
0.109297 
0.090785 
0.076050 
0.063379 
0.051149 
0.040726 
0.033471 
0.030750 
0.030750 
0.030750 
0.030750 
0.030750 
0.030750 
0.030750 
0.030750 
0.030750 
0.030750 
0.030750 
0.030750 
0.030750 
0.030750 
0.030750 
0.030750 
0.030750 
0.030750 
0.030750 
0.030750 
0.030750 
0.030750 
0.030750 
0.030750 
0.030750 
0.030750 
0.030750 
0.030750 
0.030750 
0.030750 
0.030750 
0.031946 
0.035244 
0.040209 
0.046406 
0.053400 
0.067461 
0.090510 
0.115588 
0.135737 
0.144000 
0.144000 
0.144000 
0.144000 
0.144000 
0.144000 
0.144000 
0.144000 
0.144000 
0.144000 
0.144000 
0.157868 
0.190939 
0.230411 
0.263482 
0.277350 
0.267928 
0.245459 
0.218641 
0.196172 
0.186750 
0.194784 
0.213942 
0.236808 
0.255966 
0.264000 
0.264000 
0.264000 
0.264000 
0.264000 
0.264000 
0.257256 
0.240024 
0.216804 
0.192096 
0.170400 
0.150717 
0.130047 
0.109889 
0.091740 
0.077100 
0.064352 
0.051866 
0.041120 
0.033589 
0.030750 
0.030750 
0.030750 
0.030750 
0.030750 
0.030750 
0.030750 
0.030750 
0.030750 
0.030750 
0.030750 
0.033722 
0.041477 
0.052277 
0.064381 
0.076050 
0.090075 
0.107796 
0.125300 
0.138673 
0.144000 
0.144000 
0.144000 
0.144000 
0.144000 
0.144000 
0.144653 
0.146576 
0.149718 
0.154027 
0.159450 
0.207539 
0.313590 
0.438166 
0.541831 
0.585150 
0.546758 
0.455209 
0.345941 
0.254392 
0.216000 
0.218884 
0.226452 
0.237078 
0.249136 
0.261000 
0.273331 
0.287506 
0.302971 
0.319170 
0.335550 
0.355301 
0.378850 
0.401493 
0.418527 
0.425250 
0.425250 
0.425250 
0.425250 
0.425250 
0.425250 
0.425250 
0.425250 
0.425250 
0.425250 
0.425250 
0.423380 
0.418199 
0.410354 
0.400489 
0.389250 
0.365453 
0.325642 
0.282055 
0.246928 
0.232500 
0.232500 
0.232500 
0.232500 
0.232500 
0.232500 
0.232500 
0.232500 
0.232500 
0.232500 
0.232500 
0.233911 
0.237454 
0.242090 
0.246785 
0.250500 
0.253130 
0.255415 
0.257585 
0.259870 
0.262500 
0.265247 
0.268004 
0.271189 
0.275215 
0.280500 
0.292619 
0.313391 
0.337599 
0.360024 
0.375450 
0.384092 
0.390545 
0.396156 
0.402275 
0.410250 
0.423645 
0.442064 
0.460909 
0.475586 
0.481500 
0.480139 
0.476457 
0.471056 
0.464536 
0.457500 
0.445893 
0.428474 
0.410063 
0.395482 
0.389550 
0.397849 
0.417640 
0.441260 
0.461051 
0.469350 
0.464530 
0.453035 
0.439315 
0.427820 
0.423000 
0.423000 
0.423000 
0.423000 
0.423000 
0.423000 
0.430691 
0.449030 
0.470920 
0.489259 
0.496950 
0.481316 
0.443017 
0.394954 
0.350031 
0.321150 
0.304920 
0.290166 
0.278112 
0.269982 
0.267000 
0.275119 
0.295629 
0.322760 
0.350741 
0.373800 
0.394379 
0.416445 
0.436516 
0.451111 
0.456750 
0.456750 
0.456750 
0.456750 
0.456750 
0.456750 
0.445050 
0.417150 
0.383850 
0.355950 
0.344250 
0.355469 
0.382744 
0.416499 
0.447159 
0.465150 
0.473235 
0.480273 
0.485834 
0.489487 
0.490800 
0.489664 
0.486623 
0.482230 
0.477039 
0.471600 
0.465157 
0.456931 
0.447441 
0.437207 
0.426750 
0.414461 
0.399885 
0.385273 
0.372878 
0.364950 
0.361024 
0.358486 
0.356367 
0.353695 
0.349500 
0.336699 
0.313807 
0.288257 
0.267478 
0.258900 
0.272768 
0.305839 
0.345311 
0.378382 
0.392250 
0.392250 
0.392250 
0.392250 
0.392250 
0.392250 
0.392034 
0.391469 
0.390682 
0.389800 
0.388950 
0.388229 
0.387540 
0.386716 
0.385592 
0.384000 
0.375458 
0.356887 
0.333227 
0.309418 
0.290400 
0.274326 
0.257652 
0.242776 
0.232093 
0.228000 
0.228000 
0.228000 
0.228000 
0.228000 
0.228000 
0.236034 
0.255192 
0.278058 
0.297216 
0.305250 
0.301967 
0.293960 
0.283996 
0.274837 
0.269250 
0.266471 
0.264008 
0.262036 
0.260725 
0.260250 
0.268814 
0.289237 
0.313613 
0.334036 
0.342600 
0.338945 
0.329782 
0.317810 
0.305733 
0.296250 
0.289844 
0.284573 
0.279506 
0.273709 
0.266250 
0.255580 
0.241524 
0.225213 
0.207778 
0.190350 
0.169331 
0.143861 
0.119181 
0.100531 
0.093150 
0.108412 
0.145153 
0.189802 
0.228791 
0.248550 
0.252811 
0.255205 
0.257014 
0.259519 
0.264000 
0.284244 
0.330525 
0.398860 
0.485263 
0.585750 
0.811669 
1.196815 
1.620877 
1.963542 
2.104500 
2.088276 
2.049588 
2.003412 
1.964724 
1.948500 
1.948500 
1.948500 
1.948500 
1.948500 
1.948500 
1.758695 
1.306082 
0.765868 
0.313255 
0.123450 
0.129877 
0.145204 
0.163496 
0.178823 
0.185250 
0.185250 
0.185250 
0.185250 
0.185250 
0.185250 
0.185593 
0.186412 
0.187388 
0.188207 
0.188550 
0.182638 
0.168539 
0.151711 
0.137612 
0.131700 
0.138402 
0.154811 
0.175385 
0.194579 
0.206850 
0.212395 
0.216038 
0.219173 
0.223195 
0.229500 
0.242273 
0.264566 
0.296072 
0.336485 
0.385500 
0.513531 
0.741881 
0.996575 
1.203640 
1.289100 
1.285276 
1.274256 
1.256718 
1.233340 
1.204800 
1.094572 
0.874309 
0.616954 
0.395453 
0.282750 
0.252347 
0.228585 
0.210664 
0.197786 
0.189150 
0.182658 
0.176982 
0.172482 
0.169518 
0.168450 
0.174955 
0.190468 
0.208982 
0.224495 
0.231000 
0.231000 
0.231000 
0.231000 
0.231000 
0.231000 
0.231000 
0.231000 
0.231000 
0.231000 
0.231000 
0.226180 
0.214685 
0.200965 
0.189470 
0.184650 
0.187819 
0.196011 
0.207254 
0.219574 
0.231000 
0.240038 
0.248058 
0.257379 
0.270320 
0.289200 
0.507951 
0.998489 
1.580112 
2.072116 
2.293800 
2.317692 
2.336646 
2.350450 
2.358889 
2.361750 
2.361496 
2.360737 
2.359475 
2.357711 
2.355450 
2.210747 
1.863434 
1.436177 
1.051644 
0.832500 
0.745242 
0.674064 
0.618180 
0.576804 
0.549150 
0.529749 
0.513627 
0.500741 
0.491047 
0.484500 
0.480484 
0.477819 
0.475618 
0.472991 
0.469050 
0.462142 
0.451847 
0.439125 
0.424939 
0.410250 
0.393273 
0.372999 
0.351554 
0.331062 
0.313650 
0.297455 
0.280767 
0.265936 
0.255313 
0.251250 
0.251250 
0.251250 
0.251250 
0.251250 
0.251250 
0.251250 
0.251250 
0.251250 
0.251250 
0.251250 
0.251250 
0.251250 
0.251250 
0.251250 
0.251250 
0.258194 
0.275705 
0.298804 
0.322513 
0.341850 
0.358801 
0.376817 
0.393123 
0.404943 
0.409500 
0.409500 
0.409500 
0.409500 
0.409500 
0.409500 
0.409500 
0.409500 
0.409500 
0.409500 
0.409500 
0.407964 
0.403739 
0.397403 
0.389531 
0.380700 
0.363492 
0.335644 
0.305464 
0.281263 
0.271350 
0.271366 
0.271403 
0.271447 
0.271484 
0.271500 
0.255829 
0.217329 
0.168770 
0.122920 
0.092550 
0.074363 
0.057567 
0.043684 
0.034237 
0.030750 
0.030750 
0.030750 
0.030750 
0.030750 
0.030750 
0.030750 
0.030750 
0.030750 
0.030750 
0.030750 
0.034843 
0.045526 
0.060402 
0.077076 
0.093150 
0.110515 
0.131019 
0.152200 
0.171597 
0.186750 
0.197536 
0.206269 
0.214138 
0.222334 
0.232050 
0.246075 
0.263796 
0.281300 
0.294673 
0.300000 
0.300000 
0.300000 
0.300000 
0.300000 
0.300000 
0.286023 
0.251828 
0.209022 
0.169211 
0.144000 
0.132041 
0.123162 
0.115733 
0.108123 
0.098700 
0.084675 
0.066954 
0.049450 
0.036077 
0.030750 
0.030750 
0.030750 
0.030750 
0.030750 
0.030750 
0.030750 
0.030750 
0.030750 
0.030750 
0.030750 
0.030750 
0.030750 
0.030750 
0.030750 
0.030750 
0.034384 
0.043506 
0.055445 
0.067533 
0.077100 
0.085060 
0.093316 
0.100683 
0.105973 
0.108000 
0.108000 
0.108000 
0.108000 
0.108000 
0.108000 
0.108000 
0.108000 
0.108000 
0.108000 
0.108000 
0.099966 
0.080808 
0.057942 
0.038784 
0.030750 
0.030750 
0.030750 
0.030750 
0.030750 
0.030750 
0.046974 
0.085662 
0.131838 
0.170526 
0.186750 
0.186750 
0.186750 
0.186750 
0.186750 
0.186750 
0.186750 
0.186750 
0.186750 
0.186750 
0.186750 
0.199074 
0.228462 
0.263538 
0.292926 
0.305250 
0.300700 
0.288474 
0.270708 
0.249538 
0.227100 
0.192369 
0.141885 
0.089132 
0.047593 
0.030750 
0.042528 
0.070614 
0.104136 
0.132222 
0.144000 
0.144000 
0.144000 
0.144000 
0.144000 
0.144000 
0.144000 
0.144000 
0.144000 
0.144000 
0.144000 
0.144000 
0.144000 
0.144000 
0.144000 
0.144000 
0.132222 
0.104136 
0.070614 
0.042528 
0.030750 
0.030750 
0.030750 
0.030750 
0.030750 
0.030750 
0.034384 
0.043506 
0.055445 
0.067533 
0.077100 
0.085060 
0.093316 
0.100683 
0.105973 
0.108000 
0.108000 
0.108000 
0.108000 
0.108000 
0.108000 
0.108000 
0.108000 
0.108000 
0.108000 
0.108000 
0.099966 
0.080808 
0.057942 
0.038784 
0.030750 
0.030750 
0.030750 
0.030750 
0.030750 
0.030750 
0.030750 
0.030750 
0.030750 
0.030750 
0.030750 
0.030750 
0.030750 
0.030750 
0.030750 
0.030750 
0.035871 
0.049516 
0.069105 
0.092060 
0.115800 
0.149852 
0.197396 
0.246333 
0.284567 
0.300000 
0.300000 
0.300000 
0.300000 
0.300000 
0.300000 
0.300000 
0.300000 
0.300000 
0.300000 
0.300000 
0.298972 
0.296010 
0.291297 
0.285016 
0.277350 
0.246393 
0.184572 
0.113570 
0.055069 
0.030750 
0.030750 
0.030750 
0.030750 
0.030750 
0.030750 
0.030750 
0.030750 
0.030750 
0.030750 
0.030750 
0.030750 
0.030750 
0.030750 
0.030750 
0.030750 
