0.042000 
0.042000 
0.042000 
0.042000 
0.042000 
0.042000 
0.042000 
0.042000 
0.042000 
0.042000 
0.042000 
0.042000 
0.042000 
0.042000 
0.042000 
0.042000 
0.042000 
0.042000 
0.042000 
0.042000 
0.042000 
0.042000 
0.042000 
0.042000 
0.042000 
0.042000 
0.042000 
0.042000 
0.042000 
0.042000 
0.042000 
0.042000 
0.042000 
0.042000 
0.042000 
0.042000 
0.042000 
0.042000 
0.042000 
0.042000 
0.042000 
0.042000 
0.042000 
0.042000 
0.042000 
0.042000 
0.042000 
0.042000 
0.042000 
0.042000 
0.042000 
0.042000 
0.042000 
0.042000 
0.042000 
0.042000 
0.042000 
0.042000 
0.042000 
0.042000 
0.042000 
0.042000 
0.042000 
0.042000 
0.042000 
0.042000 
0.042000 
0.042000 
0.042000 
0.042000 
0.042000 
0.042000 
0.042000 
0.042000 
0.042000 
0.042000 
0.042000 
0.042000 
0.042000 
0.042000 
0.042000 
0.042000 
0.042000 
0.042000 
0.042000 
0.057912 
0.095856 
0.141144 
0.179088 
0.195000 
0.195000 
0.195000 
0.195000 
0.195000 
0.195000 
0.195000 
0.195000 
0.195000 
0.195000 
0.195000 
0.195000 
0.195000 
0.195000 
0.195000 
0.195000 
0.187803 
0.169737 
0.146089 
0.122148 
0.103200 
0.087435 
0.071082 
0.056492 
0.046015 
0.042000 
0.042000 
0.042000 
0.042000 
0.042000 
0.042000 
0.042000 
0.042000 
0.042000 
0.042000 
0.042000 
0.042000 
0.042000 
0.042000 
0.042000 
0.042000 
0.042000 
0.042000 
0.042000 
0.042000 
0.042000 
0.042000 
0.042000 
0.042000 
0.042000 
0.042000 
0.042000 
0.042000 
0.042000 
0.042000 
0.042000 
0.042000 
0.042000 
0.042000 
0.042000 
0.042000 
0.046015 
0.056492 
0.071082 
0.087435 
0.103200 
0.122148 
0.146089 
0.169737 
0.187803 
0.195000 
0.195000 
0.195000 
0.195000 
0.195000 
0.195000 
0.195000 
0.195000 
0.195000 
0.195000 
0.195000 
0.195000 
0.195000 
0.195000 
0.195000 
0.195000 
0.179088 
0.141144 
0.095856 
0.057912 
0.042000 
0.042000 
0.042000 
0.042000 
0.042000 
0.042000 
0.042000 
0.042000 
0.042000 
0.042000 
0.042000 
0.042000 
0.042000 
0.042000 
0.042000 
0.042000 
0.042000 
0.042000 
0.042000 
0.042000 
0.042000 
0.042000 
0.042000 
0.042000 
0.042000 
0.042000 
0.042000 
0.042000 
0.042000 
0.042000 
0.042000 
0.042000 
0.042000 
0.042000 
0.042000 
0.042000 
0.042000 
0.042000 
0.042000 
0.042000 
0.042000 
0.042000 
0.042000 
0.042000 
0.042000 
0.042000 
0.042000 
0.042000 
0.042000 
0.042000 
0.042000 
0.042000 
0.042000 
0.042000 
0.042000 
0.042000 
0.042000 
0.042000 
0.042000 
0.042000 
0.042000 
0.042000 
0.042000 
0.042000 
0.042000 
0.042000 
0.043616 
0.048071 
0.054779 
0.063151 
0.072600 
0.091596 
0.122735 
0.156615 
0.183837 
0.195000 
0.195000 
0.195000 
0.195000 
0.195000 
0.195000 
0.195000 
0.195000 
0.195000 
0.195000 
0.195000 
0.195000 
0.195000 
0.195000 
0.195000 
0.195000 
0.183837 
0.156615 
0.122735 
0.091596 
0.072600 
0.063151 
0.054779 
0.048071 
0.043616 
0.042000 
0.042000 
0.042000 
0.042000 
0.042000 
0.042000 
0.042000 
0.042000 
0.042000 
0.042000 
0.042000 
0.042000 
0.042000 
0.042000 
0.042000 
0.042000 
0.042000 
0.042000 
0.042000 
0.042000 
0.042000 
0.042000 
0.042000 
0.042000 
0.042000 
0.042000 
0.042000 
0.042000 
0.042000 
0.042000 
0.042000 
0.042000 
0.042000 
0.042000 
0.042000 
0.042000 
0.042000 
0.042000 
0.042000 
0.042000 
0.042000 
0.042000 
0.042000 
0.042000 
0.042000 
0.042000 
0.042000 
0.042000 
0.042000 
0.042000 
0.042000 
0.049197 
0.067263 
0.090911 
0.114852 
0.133800 
0.149565 
0.165918 
0.180508 
0.190985 
0.195000 
0.195000 
0.195000 
0.195000 
0.195000 
0.195000 
0.195000 
0.195000 
0.195000 
0.195000 
0.195000 
0.193384 
0.188929 
0.182221 
0.173849 
0.164400 
0.145404 
0.114265 
0.080385 
0.053163 
0.042000 
0.042000 
0.042000 
0.042000 
0.042000 
0.042000 
0.042000 
0.042000 
0.042000 
0.042000 
0.042000 
0.042000 
0.042000 
0.042000 
0.042000 
0.042000 
0.042000 
0.042000 
0.042000 
0.042000 
0.042000 
0.042000 
0.042000 
0.042000 
0.042000 
0.042000 
0.042000 
0.042000 
0.042000 
0.042000 
0.042000 
0.042000 
0.042000 
0.042000 
0.042000 
0.042000 
0.042000 
0.042000 
0.042000 
0.042000 
0.042000 
0.042000 
0.042000 
0.042000 
0.042000 
0.042000 
0.042000 
0.042000 
0.042000 
0.042000 
0.042000 
0.042000 
0.042000 
0.042000 
0.042000 
0.042000 
0.053163 
0.080385 
0.114265 
0.145404 
0.164400 
0.173849 
0.182221 
0.188929 
0.193384 
0.195000 
0.195000 
0.195000 
0.195000 
0.195000 
0.195000 
0.195000 
0.195000 
0.195000 
0.195000 
0.195000 
0.190985 
0.180508 
0.165918 
0.149565 
0.133800 
0.114852 
0.090911 
0.067263 
0.049197 
0.042000 
0.042000 
0.042000 
0.042000 
0.042000 
0.042000 
0.042000 
0.042000 
0.042000 
0.042000 
0.042000 
0.042000 
0.042000 
0.042000 
0.042000 
0.042000 
0.042000 
0.042000 
0.042000 
0.042000 
0.042000 
0.042000 
0.042000 
0.042000 
0.042000 
0.042000 
0.042000 
0.042000 
0.042000 
0.042000 
0.042000 
0.042000 
0.042000 
0.042000 
0.042000 
0.042000 
0.049197 
0.067263 
0.090911 
0.114852 
0.133800 
0.149565 
0.165918 
0.180508 
0.190985 
0.195000 
0.195000 
0.195000 
0.195000 
0.195000 
0.195000 
0.195000 
0.195000 
0.195000 
0.195000 
0.195000 
0.193384 
0.188929 
0.182221 
0.173849 
0.164400 
0.145404 
0.114265 
0.080385 
0.053163 
0.042000 
0.042000 
0.042000 
0.042000 
0.042000 
0.042000 
0.042000 
0.042000 
0.042000 
0.042000 
0.042000 
0.042000 
0.042000 
0.042000 
0.042000 
0.042000 
0.042000 
0.042000 
0.042000 
0.042000 
0.042000 
0.042000 
0.042000 
0.042000 
0.042000 
0.042000 
0.042000 
0.042000 
0.042000 
0.042000 
0.042000 
0.042000 
0.042000 
0.042000 
0.042000 
0.042000 
0.042000 
0.042000 
0.042000 
0.042000 
0.042000 
0.053163 
0.080385 
0.114265 
0.145404 
0.164400 
0.173849 
0.182221 
0.188929 
0.193384 
0.195000 
0.195000 
0.195000 
0.195000 
0.195000 
0.195000 
0.195000 
0.195000 
0.195000 
0.195000 
0.195000 
0.190985 
0.180508 
0.165918 
0.149565 
0.133800 
0.114852 
0.090911 
0.067263 
0.049197 
0.042000 
0.042000 
0.042000 
0.042000 
0.042000 
0.042000 
0.042000 
0.042000 
0.042000 
0.042000 
0.042000 
0.042000 
0.042000 
0.042000 
0.042000 
0.042000 
0.042000 
0.042000 
0.042000 
0.042000 
0.042000 
0.042000 
0.042000 
0.042000 
0.042000 
0.042000 
0.042000 
0.042000 
0.042000 
0.042000 
0.042000 
0.042000 
0.042000 
0.042000 
0.042000 
0.042000 
0.043616 
0.048071 
0.054779 
0.063151 
0.072600 
0.091596 
0.122735 
0.156615 
0.183837 
0.195000 
0.195000 
0.195000 
0.195000 
0.195000 
0.195000 
0.195000 
0.195000 
0.195000 
0.195000 
0.195000 
0.195000 
0.195000 
0.195000 
0.195000 
0.195000 
0.183837 
0.156615 
0.122735 
0.091596 
0.072600 
0.063151 
0.054779 
0.048071 
0.043616 
0.042000 
0.042000 
0.042000 
0.042000 
0.042000 
0.042000 
0.042000 
0.042000 
0.042000 
0.042000 
0.042000 
0.042000 
0.042000 
0.042000 
0.042000 
0.042000 
0.042000 
0.042000 
0.042000 
0.042000 
0.042000 
0.042000 
0.042000 
0.042000 
0.042000 
0.042000 
0.042000 
0.042000 
0.042000 
0.042000 
0.042000 
0.042000 
0.042000 
0.042000 
0.042000 
0.042000 
0.042000 
0.042000 
0.042000 
0.042000 
0.042000 
0.042000 
0.042000 
0.042000 
0.042000 
0.042000 
0.042000 
0.042000 
0.042000 
0.042000 
0.042000 
0.042000 
0.042000 
0.042000 
0.042000 
0.042000 
0.042000 
0.042000 
0.042000 
0.042000 
0.042000 
0.057912 
0.095856 
0.141144 
0.179088 
0.195000 
0.195000 
0.195000 
0.195000 
0.195000 
0.195000 
0.195000 
0.195000 
0.195000 
0.195000 
0.195000 
0.195000 
0.195000 
0.195000 
0.195000 
0.195000 
0.187803 
0.169737 
0.146089 
0.122148 
0.103200 
0.087435 
0.071082 
0.056492 
0.046015 
0.042000 
0.042000 
0.042000 
0.042000 
0.042000 
0.042000 
0.042000 
0.042000 
0.042000 
0.042000 
0.042000 
0.042000 
0.042000 
0.042000 
0.042000 
0.042000 
0.042000 
0.042000 
0.042000 
0.042000 
0.042000 
0.042000 
0.042000 
0.042000 
0.042000 
0.042000 
0.042000 
0.042000 
0.042000 
0.042000 
0.042000 
0.042000 
0.042000 
0.042000 
0.042000 
0.042000 
0.042000 
0.042000 
0.042000 
0.042000 
0.042000 
0.057912 
0.095856 
0.141144 
0.179088 
0.195000 
0.195000 
0.195000 
0.195000 
0.195000 
0.195000 
0.195000 
0.195000 
0.195000 
0.195000 
0.195000 
0.195000 
0.195000 
0.195000 
0.195000 
0.195000 
0.187803 
0.169737 
0.146089 
0.122148 
0.103200 
0.087435 
0.071082 
0.056492 
0.046015 
0.042000 
0.042000 
0.042000 
0.042000 
0.042000 
0.042000 
0.042000 
0.042000 
0.042000 
0.042000 
0.042000 
0.042000 
0.042000 
0.042000 
0.042000 
0.042000 
0.042000 
0.042000 
0.042000 
0.042000 
0.042000 
0.042000 
0.042000 
0.042000 
0.042000 
0.042000 
0.042000 
0.042000 
0.042000 
0.042000 
0.042000 
0.042000 
0.042000 
0.042000 
0.042000 
0.042000 
0.042000 
0.042000 
0.042000 
0.042000 
0.042000 
0.057912 
0.095856 
0.141144 
0.179088 
0.195000 
0.195000 
0.195000 
0.195000 
0.195000 
0.195000 
0.195000 
0.195000 
0.195000 
0.195000 
0.195000 
0.195000 
0.195000 
0.195000 
0.195000 
0.195000 
0.187803 
0.169737 
0.146089 
0.122148 
0.103200 
0.087435 
0.071082 
0.056492 
0.046015 
0.042000 
0.042000 
0.042000 
0.042000 
0.042000 
0.042000 
0.042000 
0.042000 
0.042000 
0.042000 
0.042000 
0.042000 
0.042000 
0.042000 
0.042000 
0.042000 
0.042000 
0.042000 
0.042000 
0.042000 
0.042000 
0.042000 
0.042000 
0.042000 
0.042000 
0.042000 
0.042000 
0.042000 
0.042000 
0.042000 
0.042000 
0.042000 
0.042000 
0.042000 
0.042000 
0.042000 
0.043616 
0.048071 
0.054779 
0.063151 
0.072600 
0.091596 
0.122735 
0.156615 
0.183837 
0.195000 
0.195000 
0.195000 
0.195000 
0.195000 
0.195000 
0.195000 
0.195000 
0.195000 
0.195000 
0.195000 
0.286088 
0.503299 
0.762551 
0.979762 
1.070850 
0.969946 
0.728597 
0.438850 
0.192752 
0.082350 
0.071569 
0.063031 
0.056822 
0.053033 
0.051750 
0.051750 
0.051750 
0.051750 
0.051750 
0.051750 
0.051750 
0.051750 
0.051750 
0.051750 
0.051750 
0.053564 
0.058271 
0.064771 
0.071964 
0.078750 
0.084964 
0.091398 
0.098385 
0.106258 
0.115350 
0.129368 
0.148604 
0.168271 
0.183582 
0.189750 
0.189750 
0.189750 
0.189750 
0.189750 
0.189750 
0.186843 
0.179540 
0.169971 
0.160265 
0.152550 
0.146083 
0.139353 
0.133336 
0.129009 
0.127350 
0.520735 
1.458808 
2.578442 
3.516515 
3.909900 
3.534532 
2.639231 
1.570205 
0.673659 
0.295800 
0.292996 
0.290813 
0.289251 
0.288313 
0.288000 
0.288000 
0.288000 
0.288000 
0.288000 
0.288000 
0.277548 
0.252061 
0.220340 
0.191186 
0.173400 
0.164553 
0.156714 
0.150434 
0.146263 
0.144750 
0.144750 
0.144750 
0.144750 
0.144750 
0.144750 
0.145006 
0.145674 
0.146603 
0.147645 
0.148650 
0.149857 
0.151383 
0.152890 
0.154041 
0.154500 
0.154500 
0.154500 
0.154500 
0.154500 
0.154500 
0.154500 
0.154500 
0.154500 
0.154500 
0.154500 
0.154500 
0.154500 
0.154500 
0.154500 
0.154500 
0.154500 
0.154500 
0.154500 
0.154500 
0.154500 
0.154500 
0.154500 
0.154500 
0.154500 
0.154500 
0.184296 
0.255348 
0.340152 
0.411204 
0.441000 
0.421843 
0.375566 
0.318963 
0.268827 
0.241950 
0.232920 
0.225340 
0.219531 
0.215811 
0.214500 
0.214500 
0.214500 
0.214500 
0.214500 
0.214500 
0.214404 
0.214135 
0.213718 
0.213181 
0.212550 
0.211574 
0.209956 
0.207657 
0.204635 
0.200850 
0.188020 
0.163468 
0.135567 
0.112687 
0.103200 
0.141529 
0.232930 
0.342020 
0.433421 
0.471750 
0.427056 
0.320478 
0.193272 
0.086694 
0.042000 
0.042000 
0.042000 
0.042000 
0.042000 
0.042000 
0.043164 
0.046375 
0.051208 
0.057241 
0.064050 
0.077404 
0.099174 
0.123087 
0.142869 
0.152250 
0.153880 
0.154855 
0.155570 
0.156420 
0.157800 
0.161245 
0.166893 
0.173038 
0.177975 
0.180000 
0.180000 
0.180000 
0.180000 
0.180000 
0.180000 
0.183976 
0.194375 
0.208907 
0.225279 
0.241200 
0.260356 
0.284579 
0.308793 
0.327925 
0.336900 
0.338920 
0.340547 
0.341749 
0.342494 
0.342750 
0.342750 
0.342750 
0.342750 
0.342750 
0.342750 
0.342750 
0.342750 
0.342750 
0.342750 
0.342750 
0.326838 
0.288894 
0.243606 
0.205662 
0.189750 
0.189750 
0.189750 
0.189750 
0.189750 
0.189750 
0.190649 
0.193167 
0.197036 
0.201986 
0.207750 
0.219127 
0.238497 
0.261958 
0.285609 
0.305550 
0.322356 
0.338765 
0.354122 
0.367769 
0.379050 
0.389242 
0.399258 
0.407898 
0.413962 
0.416250 
0.416250 
0.416250 
0.416250 
0.416250 
0.416250 
0.415404 
0.413046 
0.409446 
0.404874 
0.399600 
0.387540 
0.366786 
0.343872 
0.325332 
0.317700 
0.322723 
0.335732 
0.353640 
0.373359 
0.391800 
0.410608 
0.431959 
0.453567 
0.473143 
0.488400 
0.501006 
0.513227 
0.523675 
0.530962 
0.533700 
0.533615 
0.533366 
0.532964 
0.532422 
0.531750 
0.529665 
0.525151 
0.518619 
0.510482 
0.501150 
0.482154 
0.451015 
0.417135 
0.389913 
0.378750 
0.378750 
0.378750 
0.378750 
0.378750 
0.378750 
0.380483 
0.384982 
0.391194 
0.398067 
0.404550 
0.411985 
0.421127 
0.430047 
0.436815 
0.439500 
0.437501 
0.432118 
0.424269 
0.414873 
0.404850 
0.389641 
0.367629 
0.344146 
0.324526 
0.314100 
0.310787 
0.308567 
0.306863 
0.305100 
0.302700 
0.299049 
0.294434 
0.289635 
0.285430 
0.282600 
0.280755 
0.279079 
0.277711 
0.276788 
0.276450 
0.282252 
0.296689 
0.315305 
0.333644 
0.347250 
0.355933 
0.363082 
0.369610 
0.376428 
0.384450 
0.393302 
0.402525 
0.412901 
0.425215 
0.440250 
0.466029 
0.504164 
0.545819 
0.582160 
0.604350 
0.616023 
0.626260 
0.634394 
0.639763 
0.641700 
0.639625 
0.634678 
0.628772 
0.623825 
0.621750 
0.625432 
0.634211 
0.644689 
0.653468 
0.657150 
0.650276 
0.632921 
0.609989 
0.586381 
0.567000 
0.553654 
0.542962 
0.532044 
0.518017 
0.498000 
0.435234 
0.320228 
0.191005 
0.085588 
0.042000 
0.042000 
0.042000 
0.042000 
0.042000 
0.042000 
0.042000 
0.042000 
0.042000 
0.042000 
0.042000 
0.042000 
0.042000 
0.042000 
0.042000 
0.042000 
0.042000 
0.042000 
0.042000 
0.042000 
0.042000 
0.042000 
0.042000 
0.042000 
0.042000 
0.042000 
0.042000 
0.042000 
0.042000 
0.042000 
0.042000 
0.042000 
0.042000 
0.042000 
0.042000 
0.042000 
0.046015 
0.056492 
0.071082 
0.087435 
0.103200 
0.122148 
0.146089 
0.169737 
0.187803 
0.195000 
0.195000 
0.195000 
0.195000 
0.195000 
0.195000 
0.195000 
0.195000 
0.195000 
0.195000 
0.195000 
0.195000 
0.195000 
0.195000 
0.195000 
0.195000 
0.179088 
0.141144 
0.095856 
0.057912 
0.042000 
0.042000 
0.042000 
0.042000 
0.042000 
0.042000 
0.042000 
0.042000 
0.042000 
0.042000 
0.042000 
0.042000 
0.042000 
0.042000 
0.042000 
0.042000 
0.042000 
0.042000 
0.042000 
0.042000 
0.042000 
0.042000 
0.042000 
0.042000 
0.042000 
0.042000 
0.042000 
0.042000 
0.042000 
0.042000 
0.042000 
0.042000 
0.042000 
0.042000 
0.042000 
0.042000 
0.042000 
0.042000 
0.042000 
0.042000 
0.042000 
0.042000 
0.042000 
0.042000 
0.042000 
0.042000 
0.042000 
0.042000 
0.042000 
0.042000 
0.042000 
