0.000000 
0.000000 
0.000000 
0.000000 
0.000000 
0.000000 
0.000000 
0.000000 
0.000000 
0.000000 
0.000000 
0.000000 
0.000000 
0.000000 
0.000000 
0.000000 
0.000000 
0.000000 
0.000000 
0.000000 
0.000000 
0.000000 
0.000000 
0.000000 
0.000000 
0.000000 
0.000000 
0.000000 
0.000000 
0.000000 
0.000000 
0.000000 
0.000000 
0.000000 
0.000000 
0.000000 
0.000000 
0.000000 
0.000000 
0.000000 
0.000000 
0.000000 
0.000000 
0.000000 
0.000000 
0.000000 
0.000000 
0.000000 
0.000000 
0.000000 
0.000000 
0.000000 
0.000000 
0.000000 
0.000000 
0.000000 
0.000000 
0.000000 
0.000000 
0.000000 
0.000000 
0.000000 
0.000000 
0.000000 
0.000000 
0.000000 
0.000000 
0.000000 
0.000000 
0.000000 
0.000000 
0.000000 
0.000000 
0.000000 
0.000000 
0.000000 
0.000000 
0.000000 
0.000000 
0.000000 
0.000000 
0.000000 
0.000000 
0.000000 
0.000000 
0.000000 
0.000000 
0.000000 
0.000000 
0.000000 
0.000000 
0.000000 
0.000000 
0.000000 
0.000000 
0.000000 
0.000000 
0.000000 
0.000000 
0.000000 
0.000000 
0.000000 
0.000000 
0.000000 
0.000000 
0.000000 
0.000000 
0.000000 
0.000000 
0.000000 
0.000000 
0.000000 
0.000000 
0.000000 
0.000000 
0.000000 
0.000000 
0.000000 
0.000000 
0.000000 
0.000000 
0.000000 
0.000000 
0.000000 
0.000000 
0.000000 
0.000000 
0.000000 
0.000000 
0.000000 
0.000000 
0.000000 
0.000000 
0.000000 
0.000000 
0.000000 
0.000000 
0.000000 
0.000000 
0.000000 
0.000000 
0.000000 
0.000000 
0.000000 
0.000000 
0.000000 
0.000000 
0.000000 
0.000000 
0.000000 
0.000000 
0.000000 
0.000000 
0.000000 
0.000000 
0.000000 
0.000000 
0.000000 
0.000000 
0.000000 
0.000000 
0.000000 
0.000000 
0.000000 
0.000000 
0.000000 
0.000000 
0.000000 
0.000000 
0.000000 
0.000000 
0.000000 
0.000000 
0.000000 
0.000000 
0.000000 
0.000000 
0.000000 
0.000000 
0.000000 
0.000000 
0.000000 
0.000000 
0.000000 
0.000000 
0.000000 
0.000000 
0.000000 
0.000000 
0.000000 
0.000000 
0.000000 
0.000000 
0.000000 
0.000000 
0.000000 
0.000000 
0.000000 
0.000000 
0.000000 
0.000000 
0.000000 
0.000000 
0.000000 
0.000000 
0.000000 
0.000000 
0.000000 
0.000000 
0.000000 
0.000000 
0.000000 
0.000000 
0.000000 
0.000000 
0.000000 
0.000000 
0.000000 
0.000000 
0.000000 
0.000000 
0.000000 
0.000000 
0.000000 
0.000000 
0.000027 
0.000113 
0.000191 
0.000304 
0.000448 
0.000697 
0.000981 
0.001138 
0.001281 
0.001723 
0.002422 
0.002353 
0.003158 
0.004463 
0.005393 
0.004972 
0.007230 
0.009077 
0.008789 
0.010274 
0.010875 
0.014623 
0.015637 
0.016351 
0.015359 
0.014339 
0.014356 
0.014816 
0.015925 
0.013106 
0.016600 
0.014158 
0.014920 
0.014938 
0.015129 
0.016239 
0.015740 
0.014978 
0.015044 
0.014245 
0.014212 
0.017401 
0.016905 
0.019311 
0.015838 
0.020197 
0.021529 
0.023405 
0.026045 
0.028577 
0.029254 
0.022943 
0.031136 
0.026673 
0.037372 
0.028559 
0.040717 
0.034817 
0.038111 
0.038653 
0.031636 
0.037041 
0.030846 
0.036666 
0.040281 
0.034849 
0.040073 
0.040946 
0.043960 
0.045340 
0.039028 
0.047502 
0.053062 
0.052894 
0.039189 
0.042524 
0.054587 
0.056696 
0.049666 
0.048629 
0.051747 
0.046345 
0.052674 
0.049947 
0.055402 
0.055934 
0.057254 
0.052097 
0.047867 
0.064320 
0.048786 
0.058308 
0.068543 
0.050929 
0.056150 
0.068687 
0.060152 
0.059376 
0.057137 
0.069887 
0.078186 
0.084739 
0.088285 
0.100608 
0.101766 
0.100667 
0.107723 
0.112800 
0.126646 
0.147429 
0.138374 
0.134223 
0.152518 
0.170403 
0.129899 
0.134464 
0.145397 
0.114063 
0.121718 
0.146400 
0.134254 
0.138576 
0.163050 
0.135192 
0.154483 
0.187048 
0.164944 
0.191712 
0.183031 
0.145842 
0.175406 
0.189373 
0.182371 
0.183428 
0.192069 
0.226886 
0.183800 
0.271127 
0.285684 
0.326247 
0.263819 
0.312974 
0.392005 
0.331132 
0.303517 
0.372111 
0.361156 
0.349655 
0.410433 
0.440447 
0.465968 
0.420907 
0.411554 
0.334678 
0.337198 
0.419292 
0.324453 
0.392208 
0.275397 
0.383062 
0.427298 
0.382303 
0.366425 
0.375214 
0.410954 
0.361138 
0.387989 
0.363356 
0.331161 
0.307389 
0.313719 
0.337320 
0.339963 
0.312347 
0.390269 
0.375674 
0.487677 
0.556278 
0.499438 
0.403982 
0.465957 
0.398283 
0.468906 
0.526285 
0.369526 
0.406207 
0.378397 
0.373526 
0.349852 
0.355881 
0.439278 
0.418507 
0.499662 
0.435405 
0.529795 
0.545028 
0.514689 
0.581546 
0.614957 
0.616404 
0.484630 
0.638184 
0.603577 
0.549375 
0.542789 
0.543801 
0.598167 
0.580422 
0.625282 
0.644628 
0.640110 
0.701919 
0.841662 
0.801042 
0.730529 
0.682619 
0.775811 
0.693538 
0.727160 
0.869493 
0.723645 
0.829457 
0.983369 
0.849862 
0.866404 
0.723490 
0.925665 
0.659096 
0.837294 
0.896770 
0.821557 
0.844539 
0.837569 
0.870765 
1.063792 
0.967421 
0.814716 
0.848229 
0.704766 
0.837591 
0.636468 
0.561313 
0.425019 
0.297599 
0.288914 
0.376213 
0.387966 
0.572431 
0.751114 
0.702313 
0.747718 
0.761122 
0.774499 
0.869954 
0.948445 
0.914988 
0.875715 
0.766944 
0.926575 
0.911249 
0.843570 
0.804199 
0.775742 
0.803979 
0.781630 
0.834670 
0.879195 
0.660157 
0.974541 
0.860862 
0.740912 
0.830530 
0.967528 
0.919107 
0.937730 
0.715667 
0.846134 
0.782835 
0.617891 
0.740248 
0.602483 
0.729490 
0.886524 
0.878297 
0.944620 
0.858923 
0.697757 
0.683919 
0.415919 
0.445919 
0.388130 
0.296052 
0.242386 
0.172012 
0.174596 
0.178828 
0.314301 
0.392695 
0.550437 
0.711300 
0.774892 
0.915885 
0.931346 
1.019196 
1.102407 
0.732943 
0.912986 
1.048820 
0.834233 
0.890692 
0.931789 
1.042230 
1.146402 
0.952061 
0.901356 
0.965411 
0.904754 
1.120600 
1.090088 
1.144456 
0.926635 
1.212925 
1.069008 
1.118651 
1.036785 
1.066055 
0.905569 
1.226340 
1.083215 
1.099588 
0.984956 
1.034686 
1.150429 
1.318641 
0.951605 
1.127445 
1.142587 
1.263367 
1.038560 
0.990414 
1.026190 
1.498046 
0.950661 
1.149797 
1.194678 
1.212147 
1.123148 
1.078168 
1.204262 
1.364534 
1.383467 
1.390324 
1.165692 
1.154274 
1.215199 
1.095093 
1.323177 
0.966189 
1.354303 
1.198001 
1.206056 
1.168977 
1.138174 
1.140876 
1.086178 
1.222582 
1.256870 
1.201743 
1.288922 
1.433380 
1.210710 
0.889230 
1.002286 
0.636009 
0.714582 
0.651353 
0.749913 
0.883246 
0.999807 
1.043588 
1.064539 
1.274664 
1.100861 
1.565290 
1.317505 
1.098577 
1.246740 
1.490760 
1.300050 
1.287186 
1.010071 
0.941935 
0.901457 
0.839808 
0.793954 
0.592077 
0.721706 
0.573532 
0.608290 
0.571462 
0.721176 
0.812094 
1.043284 
1.395336 
1.218910 
1.421839 
1.292352 
1.291962 
1.241449 
1.387703 
1.209421 
0.867729 
0.871387 
0.728262 
0.860703 
0.840705 
1.219593 
1.367824 
1.426679 
1.404100 
1.548216 
1.603610 
1.486983 
1.495997 
1.322643 
1.317166 
1.234251 
1.174657 
1.125318 
1.190652 
1.192961 
1.387570 
1.300908 
1.398502 
1.521285 
1.452783 
1.148633 
1.379321 
1.194546 
1.100515 
0.859495 
0.588544 
0.438212 
0.376400 
0.325208 
0.273472 
0.277856 
0.268835 
0.305841 
0.292696 
0.380346 
0.451608 
0.699804 
1.091448 
1.057514 
1.194591 
1.178525 
1.482677 
1.002573 
1.224943 
1.339416 
1.394658 
1.460764 
1.506246 
1.602189 
1.291442 
1.504073 
1.607817 
1.379123 
1.406293 
1.377640 
1.586888 
1.431590 
1.251422 
1.242126 
1.498412 
1.364496 
1.343806 
1.491966 
1.193121 
1.142429 
1.089480 
0.716244 
0.470406 
0.300822 
0.325870 
0.456685 
0.563804 
0.543585 
0.652001 
0.685996 
0.766599 
0.686302 
0.834804 
0.812454 
0.827715 
0.703732 
0.664303 
0.538868 
0.483569 
0.493392 
0.688232 
0.760819 
0.766000 
1.016866 
1.061921 
1.138555 
1.182751 
1.156219 
1.172624 
1.059726 
0.959779 
0.863274 
0.662145 
0.589914 
0.541908 
0.612835 
0.606615 
0.707146 
0.654816 
0.707727 
0.432503 
0.633171 
0.473735 
0.501290 
0.428018 
0.465874 
0.622552 
0.646165 
0.795986 
0.666562 
0.698812 
0.702425 
1.001477 
0.803465 
1.117816 
0.936334 
1.271423 
1.333152 
1.269847 
1.172225 
1.478283 
1.519421 
1.153884 
1.126040 
1.167865 
0.607599 
0.864878 
0.667266 
0.457379 
0.514028 
0.447641 
0.376370 
0.358259 
0.385834 
0.473088 
0.540774 
0.525238 
0.901754 
0.927219 
1.032725 
1.114847 
1.356006 
1.173616 
1.638837 
1.614838 
1.240292 
1.418934 
1.470791 
1.316066 
1.304025 
1.505870 
0.923359 
1.574987 
1.436684 
1.303873 
1.426172 
1.224054 
1.286460 
1.661831 
1.409133 
1.242163 
1.055929 
1.410782 
1.350141 
1.364006 
1.515490 
1.458206 
1.600880 
1.496315 
1.517168 
1.353267 
1.500994 
1.263161 
1.368946 
1.394624 
1.299256 
1.293488 
1.433590 
1.385118 
1.547888 
1.136865 
1.091142 
1.098762 
1.100432 
1.025542 
1.048728 
1.181994 
1.328238 
1.218311 
1.261654 
1.209230 
1.401292 
1.298180 
1.384022 
1.382625 
1.333777 
1.251315 
1.381651 
1.146879 
1.180556 
1.371715 
1.240445 
1.347053 
1.476917 
1.323143 
1.251730 
0.985722 
0.908512 
0.951805 
1.024246 
0.836386 
0.836200 
0.926612 
0.867307 
0.796385 
1.011043 
1.093017 
1.201937 
1.158568 
1.079332 
1.215686 
1.226000 
1.275714 
1.557842 
1.175776 
1.121243 
1.140409 
1.201556 
1.060018 
1.192863 
1.079085 
0.998583 
1.344383 
1.269989 
1.054791 
1.014728 
0.978289 
1.029689 
0.887660 
0.834656 
0.985228 
0.844297 
0.858828 
0.855393 
1.049541 
0.953603 
0.880596 
0.755365 
0.685198 
0.819576 
0.937949 
1.013732 
1.051685 
0.926023 
1.137651 
1.112330 
0.997619 
1.020295 
1.044947 
0.859888 
0.708427 
0.585109 
0.413780 
0.347861 
0.403978 
0.353356 
0.356166 
0.337537 
0.328274 
0.284598 
0.328215 
0.336522 
0.286662 
0.364727 
0.313880 
0.303261 
0.311173 
0.345742 
0.432797 
0.371448 
0.463861 
0.588228 
0.566277 
0.587962 
0.775738 
0.802573 
0.817709 
0.973623 
0.985829 
0.814903 
0.889151 
0.806452 
0.955424 
0.800471 
0.725765 
0.733675 
0.757835 
0.668979 
0.664711 
0.555863 
0.563190 
0.652837 
0.572101 
0.483515 
0.599467 
0.564997 
0.615368 
0.641612 
0.788738 
0.622639 
0.786873 
0.878559 
0.947730 
0.980144 
1.051406 
0.810156 
0.992736 
0.851971 
1.011430 
0.875736 
0.778553 
0.904498 
0.792842 
0.640174 
0.624107 
0.633804 
0.581742 
0.625999 
0.627265 
0.579147 
0.607350 
0.598378 
0.573570 
0.604095 
0.577996 
0.704949 
0.677804 
0.703849 
0.720450 
0.560492 
0.810013 
0.673142 
0.864400 
0.778465 
0.746410 
0.713812 
0.513127 
0.470813 
0.357781 
0.535074 
0.507379 
0.604804 
0.701682 
0.620776 
0.660180 
0.575749 
0.450717 
0.306527 
0.327402 
0.366299 
0.364756 
0.365600 
0.424829 
0.429293 
0.414906 
0.451950 
0.450523 
0.428327 
0.406897 
0.366264 
0.432298 
0.346202 
0.327040 
0.435198 
0.338585 
0.320240 
0.292431 
0.301810 
0.245987 
0.273099 
0.254262 
0.234279 
0.217961 
0.216121 
0.208859 
0.167043 
0.182098 
0.193402 
0.182404 
0.158935 
0.176482 
0.156114 
0.122920 
0.146589 
0.117921 
0.149456 
0.126225 
0.108057 
0.121436 
0.133140 
0.140849 
0.127894 
0.123819 
0.121067 
0.098704 
0.128719 
0.121528 
0.148914 
0.131535 
0.149508 
0.118583 
0.155353 
0.158775 
0.130285 
0.168648 
0.164611 
0.171246 
0.170300 
0.181986 
0.189137 
0.186118 
0.244980 
0.185894 
0.203673 
0.188459 
0.238658 
0.255018 
0.233657 
0.227222 
0.218500 
0.233033 
0.214552 
0.194084 
0.220908 
0.241313 
0.202551 
0.242088 
0.242542 
0.289099 
0.301981 
0.265960 
0.338946 
0.247046 
0.269101 
0.328103 
0.377185 
0.350728 
0.504793 
0.484928 
0.501651 
0.475704 
0.443767 
0.420407 
0.386751 
0.410336 
0.351078 
0.289200 
0.274970 
0.230184 
0.243992 
0.210405 
0.192486 
0.237418 
0.216065 
0.207756 
0.171188 
0.150271 
0.122976 
0.127516 
0.120336 
0.113470 
0.104809 
0.110109 
0.094741 
0.093437 
0.100029 
0.089689 
0.103783 
0.083697 
0.083543 
0.087541 
0.092406 
0.080717 
0.087695 
0.086776 
0.105609 
0.083149 
0.093441 
0.080986 
0.087592 
0.079812 
0.100905 
0.096033 
0.092246 
0.097371 
0.090549 
0.095114 
0.089681 
0.085461 
0.130251 
0.101639 
0.098027 
0.092591 
0.104319 
0.089960 
0.085675 
0.070365 
0.058535 
0.051459 
0.059885 
0.052080 
0.050779 
0.048840 
0.051093 
0.053907 
0.047263 
0.045562 
0.038261 
0.034633 
0.041239 
0.043329 
0.044807 
0.035818 
0.036685 
0.039615 
0.039354 
0.033208 
0.030217 
0.027596 
0.029522 
0.026963 
0.025351 
0.020507 
0.023597 
0.018714 
0.019658 
0.020188 
0.020476 
0.015155 
0.017308 
0.013506 
0.013553 
0.012799 
0.010487 
0.009936 
0.009306 
0.009346 
0.009470 
0.008471 
0.008670 
0.008799 
0.008839 
0.009542 
0.007551 
0.010041 
0.010579 
0.009517 
0.009697 
0.010328 
0.009913 
0.011280 
0.009677 
0.007809 
0.007730 
0.008489 
0.005811 
0.005854 
0.005610 
0.004532 
0.004155 
0.004342 
0.004338 
0.003515 
0.003467 
0.003790 
0.003852 
0.003573 
0.003289 
0.003501 
0.003140 
0.003763 
0.003255 
0.002781 
0.002908 
0.003238 
0.002397 
0.002361 
0.002556 
0.002016 
0.001774 
0.001738 
0.001156 
0.001482 
0.000902 
0.000835 
0.000577 
0.000363 
0.000185 
0.000105 
0.000068 
0.000027 
0.000018 
0.000005 
0.000000 
0.000000 
0.000000 
0.000000 
0.000000 
0.000000 
0.000000 
0.000000 
0.000000 
0.000000 
0.000000 
0.000000 
0.000000 
0.000000 
0.000000 
0.000000 
0.000000 
0.000000 
0.000000 
0.000000 
0.000000 
0.000000 
0.000000 
0.000000 
0.000000 
0.000000 
0.000000 
0.000000 
0.000000 
0.000000 
0.000000 
0.000000 
0.000000 
0.000000 
0.000000 
0.000000 
0.000000 
0.000000 
0.000000 
0.000000 
0.000000 
0.000000 
0.000000 
0.000000 
0.000000 
0.000000 
0.000000 
0.000000 
0.000000 
0.000000 
0.000000 
0.000000 
0.000000 
0.000000 
0.000000 
0.000000 
0.000000 
0.000000 
0.000000 
0.000000 
0.000000 
0.000000 
0.000000 
0.000000 
0.000000 
0.000000 
0.000000 
0.000000 
0.000000 
0.000000 
0.000000 
0.000000 
0.000000 
0.000000 
0.000000 
0.000000 
0.000000 
0.000000 
0.000000 
0.000000 
0.000000 
0.000000 
0.000000 
0.000000 
0.000000 
0.000000 
0.000000 
0.000000 
0.000000 
0.000000 
0.000000 
0.000000 
0.000000 
0.000000 
0.000000 
0.000000 
0.000000 
0.000000 
0.000000 
0.000000 
0.000000 
0.000000 
0.000000 
0.000000 
0.000000 
0.000000 
0.000000 
0.000000 
0.000000 
0.000000 
0.000000 
0.000000 
0.000000 
0.000000 
0.000000 
0.000000 
0.000000 
0.000000 
0.000000 
0.000000 
0.000000 
0.000000 
0.000000 
0.000000 
0.000000 
0.000000 
0.000000 
0.000000 
0.000000 
0.000000 
0.000000 
0.000000 
0.000000 
0.000000 
0.000000 
0.000000 
0.000000 
0.000000 
0.000000 
0.000000 
0.000000 
0.000000 
0.000000 
0.000000 
0.000000 
0.000000 
0.000000 
0.000000 
0.000000 
0.000000 
0.000000 
0.000000 
0.000000 
0.000000 
0.000000 
0.000000 
0.000000 
0.000000 
0.000000 
0.000000 
0.000000 
0.000000 
0.000000 
0.000000 
0.000000 
0.000000 
0.000000 
0.000000 
0.000000 
0.000000 
0.000000 
0.000000 
0.000000 
0.000000 
0.000000 
0.000000 
0.000000 
0.000000 
0.000000 
0.000000 
0.000000 
0.000000 
0.000000 
0.000000 
0.000000 
0.000000 
0.000000 
0.000000 
0.000000 
0.000000 
0.000000 
