0.000000 
0.000000 
0.000000 
0.000000 
0.000000 
0.000000 
0.000000 
0.000000 
0.000000 
0.000000 
0.000000 
0.000000 
0.000000 
0.000000 
0.000000 
0.000000 
0.000000 
0.000000 
0.000000 
0.000000 
0.000000 
0.000000 
0.000000 
0.000000 
0.000000 
0.000000 
0.000000 
0.000000 
0.000000 
0.000000 
0.000000 
0.000000 
0.000000 
0.000000 
0.000000 
0.000000 
0.000000 
0.000000 
0.000000 
0.000000 
0.000000 
0.000000 
0.000000 
0.000000 
0.000000 
0.000000 
0.000000 
0.000000 
0.000000 
0.000000 
0.000000 
0.000000 
0.000000 
0.000000 
0.000000 
0.000000 
0.000000 
0.000000 
0.000000 
0.000000 
0.000000 
0.000000 
0.000000 
0.000000 
0.000000 
0.000000 
0.000000 
0.000000 
0.000000 
0.000000 
0.000000 
0.000000 
0.000000 
0.000000 
0.000000 
0.000000 
0.000000 
0.000000 
0.000000 
0.000000 
0.000000 
0.000000 
0.000000 
0.000000 
0.000000 
0.000000 
0.000000 
0.000000 
0.000000 
0.000000 
0.000000 
0.000000 
0.000000 
0.000000 
0.000000 
0.000000 
0.000000 
0.000000 
0.000000 
0.000000 
0.000000 
0.000000 
0.000000 
0.000000 
0.000000 
0.000000 
0.000000 
0.000000 
0.000000 
0.000000 
0.000000 
0.000000 
0.000000 
0.000000 
0.000000 
0.000000 
0.000000 
0.000000 
0.000000 
0.000000 
0.000000 
0.000000 
0.000000 
0.000000 
0.000000 
0.000000 
0.000000 
0.000000 
0.000000 
0.000000 
0.000000 
0.000000 
0.000000 
0.000000 
0.000000 
0.000000 
0.000000 
0.000000 
0.000000 
0.000000 
0.000000 
0.000000 
0.000000 
0.000000 
0.000000 
0.000000 
0.000000 
0.000000 
0.000000 
0.000000 
0.000000 
0.000000 
0.000000 
0.000000 
0.000000 
0.000000 
0.000000 
0.000000 
0.000000 
0.000000 
0.000000 
0.000000 
0.000000 
0.000000 
0.000000 
0.000000 
0.000000 
0.000000 
0.000000 
0.000000 
0.000000 
0.000000 
0.000000 
0.000000 
0.000000 
0.000000 
0.000000 
0.000000 
0.000000 
0.000000 
0.000000 
0.000000 
0.000000 
0.000000 
0.000000 
0.000000 
0.000000 
0.000000 
0.000000 
0.000000 
0.000000 
0.000000 
0.000000 
0.000000 
0.000000 
0.000000 
0.000000 
0.000000 
0.000000 
0.000000 
0.000000 
0.000000 
0.000000 
0.000000 
0.000000 
0.000000 
0.000000 
0.000000 
0.000000 
0.000000 
0.000000 
0.000000 
0.000000 
0.000000 
0.000000 
0.000000 
0.000000 
0.000000 
0.000000 
0.000000 
0.000000 
0.000000 
0.000000 
0.000000 
0.000000 
0.000020 
0.000091 
0.000187 
0.000281 
0.000325 
0.000542 
0.000548 
0.000767 
0.001332 
0.001530 
0.001789 
0.001995 
0.002725 
0.002695 
0.003694 
0.004724 
0.005750 
0.006276 
0.007667 
0.008739 
0.011085 
0.009790 
0.013595 
0.014500 
0.012730 
0.013151 
0.015447 
0.013058 
0.012810 
0.011754 
0.011493 
0.012249 
0.013301 
0.012981 
0.012701 
0.009768 
0.011990 
0.012547 
0.010744 
0.013574 
0.014974 
0.013255 
0.012819 
0.019445 
0.016394 
0.017982 
0.017682 
0.022219 
0.019792 
0.021509 
0.025551 
0.019326 
0.025218 
0.024689 
0.025474 
0.021636 
0.028040 
0.025326 
0.026584 
0.024204 
0.026451 
0.023340 
0.027857 
0.028636 
0.033930 
0.032839 
0.026943 
0.037514 
0.027713 
0.025797 
0.037145 
0.041964 
0.040030 
0.034418 
0.042136 
0.038825 
0.036918 
0.031441 
0.041451 
0.037125 
0.043241 
0.036578 
0.043215 
0.047034 
0.043181 
0.043230 
0.057093 
0.042792 
0.047424 
0.055973 
0.058705 
0.052753 
0.050515 
0.047833 
0.054959 
0.055911 
0.056427 
0.060594 
0.056147 
0.057367 
0.053543 
0.067944 
0.077655 
0.079543 
0.083290 
0.085100 
0.102734 
0.101495 
0.092487 
0.121585 
0.119805 
0.124559 
0.146243 
0.118351 
0.103072 
0.130412 
0.113505 
0.113821 
0.118127 
0.089523 
0.105618 
0.110178 
0.116447 
0.119877 
0.144817 
0.125106 
0.156467 
0.133371 
0.136436 
0.168746 
0.169507 
0.193648 
0.181171 
0.151112 
0.150838 
0.178698 
0.187232 
0.166277 
0.226781 
0.271262 
0.213041 
0.241230 
0.278475 
0.252972 
0.235926 
0.299530 
0.346266 
0.368954 
0.388729 
0.392502 
0.336283 
0.381400 
0.396074 
0.347968 
0.335741 
0.297708 
0.329328 
0.315742 
0.297738 
0.318895 
0.259264 
0.271902 
0.377331 
0.309998 
0.350508 
0.323796 
0.264864 
0.329602 
0.277618 
0.243470 
0.311324 
0.262671 
0.246012 
0.334537 
0.285680 
0.367762 
0.340695 
0.395717 
0.354248 
0.444492 
0.330617 
0.430687 
0.379790 
0.432003 
0.377445 
0.406147 
0.361175 
0.360732 
0.293532 
0.253777 
0.341999 
0.372116 
0.344773 
0.421647 
0.432719 
0.347346 
0.463020 
0.428768 
0.361941 
0.488295 
0.474991 
0.465275 
0.460984 
0.455974 
0.440039 
0.436470 
0.548885 
0.522225 
0.499789 
0.540567 
0.597532 
0.645210 
0.597497 
0.626170 
0.541262 
0.674961 
0.671691 
0.572067 
0.738927 
0.669620 
0.604488 
0.622291 
0.559638 
0.699325 
0.684124 
0.749120 
0.543490 
0.596531 
0.787984 
0.639960 
0.714504 
0.730917 
0.569085 
0.659554 
0.793745 
0.773410 
0.732866 
0.717862 
0.581581 
0.634786 
0.458047 
0.405563 
0.429806 
0.326025 
0.216656 
0.308936 
0.401036 
0.473480 
0.528141 
0.617572 
0.705901 
0.677081 
0.661138 
0.686586 
0.712227 
0.760130 
0.815084 
0.662048 
0.673922 
0.895818 
0.640873 
0.830532 
0.720939 
0.656236 
0.817843 
0.744883 
0.793397 
0.675047 
0.737084 
0.688446 
0.766574 
0.528322 
0.681532 
0.695251 
0.788795 
0.811905 
0.663586 
0.656273 
0.610151 
0.604882 
0.570294 
0.589264 
0.748577 
0.671862 
0.623212 
0.704869 
0.565878 
0.674528 
0.422314 
0.280599 
0.283531 
0.242371 
0.215333 
0.145699 
0.146635 
0.173157 
0.216910 
0.342141 
0.517588 
0.499368 
0.652022 
0.785909 
0.768621 
0.707852 
0.816156 
0.903709 
0.911411 
0.745472 
0.943749 
0.911027 
0.726568 
0.811868 
0.965499 
0.896003 
0.718209 
0.780707 
0.907014 
0.872838 
0.751220 
0.932217 
0.869590 
1.000233 
0.986367 
0.914259 
1.088126 
0.795544 
0.715440 
0.925722 
0.865951 
0.846277 
0.791189 
0.816728 
0.972168 
0.951154 
1.004951 
0.904570 
1.109772 
0.851266 
0.955998 
0.961861 
0.900263 
1.058848 
0.958686 
1.075112 
0.836864 
0.780402 
0.995961 
0.952554 
1.005552 
0.944614 
0.951295 
1.124071 
1.013567 
0.924653 
1.013898 
0.862294 
1.051367 
1.005991 
1.096559 
1.026867 
0.855879 
1.044556 
0.916038 
0.926797 
1.062708 
0.806197 
0.965908 
1.205171 
1.106219 
1.045471 
1.096594 
1.031857 
0.874206 
0.628083 
0.597429 
0.544134 
0.525532 
0.548300 
0.816818 
0.799421 
0.854777 
0.838500 
1.154294 
1.137552 
1.045814 
1.103872 
1.117995 
1.182310 
1.112599 
1.153829 
0.839878 
0.903868 
0.797700 
0.757664 
0.531205 
0.661345 
0.591781 
0.554856 
0.466514 
0.504647 
0.561282 
0.682433 
0.795406 
1.114808 
1.132245 
1.177555 
1.179256 
1.129610 
1.196593 
1.045980 
1.130131 
0.972756 
0.837299 
0.777328 
0.583284 
0.639368 
0.892008 
0.949692 
1.244790 
1.167640 
1.268749 
0.987168 
1.139358 
1.066931 
1.061642 
1.161124 
1.134430 
1.077272 
0.977869 
0.971197 
0.883880 
0.959563 
1.176321 
1.156063 
1.217508 
1.019272 
1.012298 
1.092559 
0.875190 
0.850491 
0.684928 
0.588933 
0.355262 
0.287799 
0.294714 
0.279500 
0.219644 
0.222286 
0.221773 
0.189043 
0.296009 
0.417034 
0.625931 
0.969279 
0.909754 
0.994022 
0.982518 
1.157479 
1.050091 
1.244578 
1.271984 
1.064158 
0.955274 
1.035774 
0.974957 
1.222094 
1.287870 
1.228262 
1.325331 
1.161802 
1.354084 
1.205220 
1.228200 
1.152161 
1.271407 
1.008107 
1.056431 
0.780435 
1.165960 
1.044187 
1.153012 
0.848224 
0.629637 
0.400309 
0.297843 
0.309920 
0.374721 
0.457790 
0.515355 
0.449676 
0.526993 
0.582126 
0.652819 
0.684684 
0.733623 
0.747747 
0.639797 
0.472663 
0.424597 
0.447823 
0.426142 
0.543828 
0.619533 
0.717182 
0.787490 
0.965844 
0.841559 
0.730579 
0.871127 
0.982290 
0.840762 
0.664344 
0.671726 
0.547923 
0.470887 
0.479256 
0.445718 
0.476433 
0.507811 
0.434083 
0.500230 
0.451581 
0.414321 
0.431477 
0.368306 
0.421015 
0.489714 
0.564591 
0.515372 
0.573587 
0.627248 
0.638960 
0.662679 
0.695961 
0.728411 
0.604029 
0.889388 
1.147024 
1.170087 
1.083381 
1.156708 
0.988230 
1.268055 
1.166047 
1.001131 
0.956282 
0.725335 
0.650047 
0.408155 
0.476539 
0.411603 
0.336926 
0.306329 
0.351498 
0.301646 
0.340662 
0.489520 
0.543823 
0.537058 
0.612264 
0.708437 
0.870439 
1.165458 
1.171443 
1.330613 
1.175687 
1.150846 
1.082464 
1.275594 
1.280114 
1.410389 
1.225654 
1.143858 
1.053919 
1.289452 
1.200698 
0.972122 
1.002984 
1.275703 
1.244123 
1.052779 
1.205775 
1.136593 
0.894114 
1.162795 
0.897275 
1.033327 
1.002168 
1.248131 
1.268432 
1.358350 
1.139683 
1.323354 
1.231496 
1.030628 
1.229057 
1.353698 
1.346003 
1.142738 
1.187798 
0.960406 
0.695962 
1.006302 
0.811945 
0.746413 
0.935711 
0.899548 
1.138230 
1.069895 
1.096392 
1.178652 
0.967414 
0.993675 
0.841098 
1.149775 
1.249124 
1.189753 
1.002505 
1.059946 
1.064166 
0.833974 
1.065650 
0.872580 
1.006036 
1.205796 
1.100418 
1.101456 
0.789584 
0.656337 
0.736107 
0.690569 
0.783729 
0.691052 
0.619137 
0.665748 
0.626432 
0.739598 
0.920395 
0.903907 
0.976768 
0.872919 
1.163014 
1.029099 
1.139932 
1.112192 
1.079294 
1.058413 
1.019913 
1.044935 
0.704356 
0.926323 
1.117962 
1.218673 
1.009968 
0.955522 
1.113965 
1.038592 
0.852911 
0.896009 
0.686267 
0.788165 
0.800002 
0.842824 
0.881468 
0.815043 
0.813491 
0.697978 
0.774868 
0.623190 
0.719695 
0.701951 
0.644982 
0.695760 
0.830344 
0.805116 
0.818911 
0.918780 
0.856810 
0.830009 
0.737742 
0.789078 
0.625807 
0.473365 
0.362566 
0.346940 
0.284779 
0.294241 
0.252005 
0.283438 
0.277151 
0.284539 
0.243933 
0.208770 
0.271193 
0.234410 
0.229243 
0.274308 
0.307237 
0.325582 
0.314394 
0.408833 
0.384430 
0.480554 
0.517853 
0.491555 
0.631146 
0.725306 
0.681709 
0.668362 
0.977716 
0.752557 
0.852557 
0.788737 
0.725724 
0.673303 
0.630384 
0.621067 
0.515866 
0.463535 
0.532212 
0.515838 
0.458515 
0.390660 
0.471072 
0.438078 
0.484986 
0.542155 
0.542455 
0.517375 
0.521850 
0.603787 
0.803518 
0.815712 
0.903570 
0.809405 
0.716444 
0.838380 
0.773395 
0.932999 
0.781372 
0.786505 
0.708254 
0.645454 
0.479784 
0.550510 
0.553311 
0.574231 
0.448449 
0.509374 
0.454765 
0.496638 
0.532756 
0.484492 
0.510938 
0.451295 
0.435758 
0.570925 
0.555374 
0.654294 
0.574555 
0.584017 
0.588780 
0.704640 
0.682547 
0.532781 
0.573580 
0.526468 
0.495875 
0.404347 
0.454568 
0.460216 
0.453133 
0.481079 
0.554790 
0.563315 
0.559121 
0.426003 
0.429199 
0.335198 
0.257569 
0.254298 
0.294023 
0.297660 
0.286253 
0.343779 
0.313802 
0.289792 
0.304581 
0.290874 
0.347332 
0.347131 
0.299549 
0.311879 
0.248395 
0.283953 
0.260829 
0.268505 
0.280889 
0.269889 
0.217573 
0.262414 
0.210439 
0.193228 
0.194337 
0.196293 
0.151310 
0.172627 
0.125124 
0.146858 
0.139364 
0.128705 
0.131048 
0.108041 
0.121948 
0.110992 
0.095357 
0.103022 
0.101804 
0.083981 
0.105099 
0.108583 
0.110560 
0.084615 
0.105629 
0.106053 
0.110486 
0.098909 
0.110415 
0.100315 
0.124085 
0.130060 
0.106772 
0.125846 
0.128237 
0.153609 
0.136133 
0.149171 
0.137354 
0.156780 
0.150385 
0.161367 
0.174579 
0.147824 
0.174888 
0.204816 
0.168451 
0.202835 
0.158562 
0.165936 
0.189019 
0.166405 
0.180632 
0.203150 
0.174586 
0.158417 
0.179082 
0.263114 
0.227894 
0.219165 
0.195312 
0.213301 
0.200859 
0.235545 
0.209890 
0.252194 
0.229650 
0.339363 
0.386080 
0.326446 
0.467443 
0.373108 
0.537855 
0.390738 
0.383704 
0.367607 
0.315475 
0.289083 
0.243038 
0.249888 
0.205731 
0.162866 
0.153891 
0.160266 
0.164494 
0.161702 
0.187635 
0.150866 
0.155063 
0.121325 
0.138203 
0.098933 
0.104904 
0.087815 
0.085962 
0.077819 
0.067897 
0.074811 
0.071274 
0.070562 
0.068256 
0.069320 
0.081570 
0.082149 
0.086326 
0.079775 
0.075280 
0.080977 
0.075037 
0.082303 
0.074799 
0.077417 
0.083120 
0.077222 
0.071704 
0.069064 
0.069139 
0.078210 
0.092349 
0.081535 
0.075932 
0.075346 
0.083296 
0.080329 
0.082366 
0.068417 
0.083874 
0.075002 
0.061600 
0.063784 
0.042107 
0.051550 
0.048432 
0.042554 
0.040714 
0.042893 
0.037462 
0.042314 
0.041187 
0.033236 
0.034872 
0.033144 
0.032227 
0.033762 
0.034500 
0.030611 
0.028920 
0.031213 
0.024471 
0.026912 
0.027957 
0.022074 
0.023287 
0.022053 
0.022692 
0.019242 
0.017744 
0.015913 
0.015366 
0.015065 
0.016050 
0.013135 
0.011002 
0.010246 
0.008701 
0.008507 
0.009272 
0.008835 
0.007087 
0.008404 
0.007220 
0.007563 
0.007138 
0.007647 
0.008017 
0.007456 
0.007469 
0.008159 
0.007950 
0.006756 
0.007464 
0.009977 
0.007774 
0.007869 
0.007507 
0.006254 
0.007548 
0.005320 
0.005588 
0.003616 
0.003911 
0.003405 
0.003374 
0.003167 
0.002813 
0.002917 
0.003239 
0.003184 
0.003307 
0.003012 
0.002967 
0.003211 
0.002507 
0.002603 
0.002298 
0.002632 
0.002410 
0.002147 
0.001963 
0.001818 
0.001661 
0.001498 
0.001185 
0.001198 
0.000975 
0.000899 
0.000817 
0.000581 
0.000309 
0.000160 
0.000072 
0.000058 
0.000033 
0.000014 
0.000004 
0.000000 
0.000000 
0.000000 
0.000000 
0.000000 
0.000000 
0.000000 
0.000000 
0.000000 
0.000000 
0.000000 
0.000000 
0.000000 
0.000000 
0.000000 
0.000000 
0.000000 
0.000000 
0.000000 
0.000000 
0.000000 
0.000000 
0.000000 
0.000000 
0.000000 
0.000000 
0.000000 
0.000000 
0.000000 
0.000000 
0.000000 
0.000000 
0.000000 
0.000000 
0.000000 
0.000000 
0.000000 
0.000000 
0.000000 
0.000000 
0.000000 
0.000000 
0.000000 
0.000000 
0.000000 
0.000000 
0.000000 
0.000000 
0.000000 
0.000000 
0.000000 
0.000000 
0.000000 
0.000000 
0.000000 
0.000000 
0.000000 
0.000000 
0.000000 
0.000000 
0.000000 
0.000000 
0.000000 
0.000000 
0.000000 
0.000000 
0.000000 
0.000000 
0.000000 
0.000000 
0.000000 
0.000000 
0.000000 
0.000000 
0.000000 
0.000000 
0.000000 
0.000000 
0.000000 
0.000000 
0.000000 
0.000000 
0.000000 
0.000000 
0.000000 
0.000000 
0.000000 
0.000000 
0.000000 
0.000000 
0.000000 
0.000000 
0.000000 
0.000000 
0.000000 
0.000000 
0.000000 
0.000000 
0.000000 
0.000000 
0.000000 
0.000000 
0.000000 
0.000000 
0.000000 
0.000000 
0.000000 
0.000000 
0.000000 
0.000000 
0.000000 
0.000000 
0.000000 
0.000000 
0.000000 
0.000000 
0.000000 
0.000000 
0.000000 
0.000000 
0.000000 
0.000000 
0.000000 
0.000000 
0.000000 
0.000000 
0.000000 
0.000000 
0.000000 
0.000000 
0.000000 
0.000000 
0.000000 
0.000000 
0.000000 
0.000000 
0.000000 
0.000000 
0.000000 
0.000000 
0.000000 
0.000000 
0.000000 
0.000000 
0.000000 
0.000000 
0.000000 
0.000000 
0.000000 
0.000000 
0.000000 
0.000000 
0.000000 
0.000000 
0.000000 
0.000000 
0.000000 
0.000000 
0.000000 
0.000000 
0.000000 
0.000000 
0.000000 
0.000000 
0.000000 
0.000000 
0.000000 
0.000000 
0.000000 
0.000000 
0.000000 
0.000000 
0.000000 
0.000000 
0.000000 
0.000000 
0.000000 
0.000000 
0.000000 
0.000000 
0.000000 
0.000000 
0.000000 
0.000000 
0.000000 
0.000000 
0.000000 
0.000000 
0.000000 
0.000000 
0.000000 
