0.028344 
0.031992 
0.037368 
0.043896 
0.051000 
0.058104 
0.064632 
0.070008 
0.073656 
0.075000 
0.075000 
0.075000 
0.075000 
0.075000 
0.075000 
0.076400 
0.079800 
0.084000 
0.087800 
0.090000 
0.090952 
0.091776 
0.092424 
0.092848 
0.093000 
0.092924 
0.092701 
0.092336 
0.091833 
0.091200 
0.085013 
0.071268 
0.055096 
0.041629 
0.036000 
0.036000 
0.036000 
0.036000 
0.036000 
0.036000 
0.036000 
0.036000 
0.036000 
0.036000 
0.036000 
0.036000 
0.036000 
0.036000 
0.036000 
0.036000 
0.036000 
0.036000 
0.036000 
0.036000 
0.036000 
0.044992 
0.067799 
0.098170 
0.129854 
0.156600 
0.180502 
0.205785 
0.229392 
0.248266 
0.259350 
0.265186 
0.270181 
0.274073 
0.276600 
0.277500 
0.277500 
0.277500 
0.277500 
0.277500 
0.277500 
0.272731 
0.260055 
0.241919 
0.220768 
0.199050 
0.168534 
0.126402 
0.083224 
0.049567 
0.036000 
0.036000 
0.036000 
0.036000 
0.036000 
0.036000 
0.036000 
0.036000 
0.036000 
0.036000 
0.036000 
0.047856 
0.076128 
0.109872 
0.138144 
0.150000 
0.150000 
0.150000 
0.150000 
0.150000 
0.150000 
0.148796 
0.145476 
0.140479 
0.134241 
0.127200 
0.113046 
0.089844 
0.064600 
0.044317 
0.036000 
0.036000 
0.036000 
0.036000 
0.036000 
0.036000 
0.036000 
0.036000 
0.036000 
0.036000 
0.036000 
0.036000 
0.036000 
0.036000 
0.036000 
0.036000 
0.039546 
0.049050 
0.062811 
0.079128 
0.096300 
0.120412 
0.153995 
0.190011 
0.221424 
0.241200 
0.252406 
0.262338 
0.270296 
0.275583 
0.277500 
0.277500 
0.277500 
0.277500 
0.277500 
0.277500 
0.277500 
0.277500 
0.277500 
0.277500 
0.277500 
0.252384 
0.192492 
0.121008 
0.061116 
0.036000 
0.036000 
0.036000 
0.036000 
0.036000 
0.036000 
0.036000 
0.036000 
0.036000 
0.036000 
0.036000 
0.036000 
0.036000 
0.036000 
0.036000 
0.036000 
0.037204 
0.040524 
0.045521 
0.051759 
0.058800 
0.072954 
0.096156 
0.121400 
0.141683 
0.150000 
0.150000 
0.150000 
0.150000 
0.150000 
0.150000 
0.147009 
0.139202 
0.128331 
0.116147 
0.104400 
0.090282 
0.072444 
0.054824 
0.041363 
0.036000 
0.036000 
0.036000 
0.036000 
0.036000 
0.036000 
0.046999 
0.073820 
0.107202 
0.137883 
0.156600 
0.165910 
0.174159 
0.180768 
0.185158 
0.186750 
0.186750 
0.186750 
0.186750 
0.186750 
0.186750 
0.186750 
0.186750 
0.186750 
0.186750 
0.186750 
0.182794 
0.172471 
0.158095 
0.141983 
0.126450 
0.107781 
0.084192 
0.060892 
0.043091 
0.036000 
0.036000 
0.036000 
0.036000 
0.036000 
0.036000 
0.042621 
0.058767 
0.078863 
0.097332 
0.108600 
0.114205 
0.119171 
0.123149 
0.125792 
0.126750 
0.126750 
0.126750 
0.126750 
0.126750 
0.126750 
0.125792 
0.123149 
0.119171 
0.114205 
0.108600 
0.097332 
0.078863 
0.058767 
0.042621 
0.036000 
0.044317 
0.064600 
0.089844 
0.113046 
0.127200 
0.134241 
0.140479 
0.145476 
0.148796 
0.150000 
0.150000 
0.150000 
0.150000 
0.150000 
0.150000 
0.138144 
0.109872 
0.076128 
0.047856 
0.036000 
0.051678 
0.089064 
0.133686 
0.171072 
0.186750 
0.186750 
0.186750 
0.186750 
0.186750 
0.186750 
0.186750 
0.186750 
0.186750 
0.186750 
0.186750 
0.186750 
0.186750 
0.186750 
0.186750 
0.186750 
0.179659 
0.161858 
0.138558 
0.114969 
0.096300 
0.080767 
0.064655 
0.050279 
0.039956 
0.036000 
0.036000 
0.036000 
0.036000 
0.036000 
0.036000 
0.045438 
0.067944 
0.094806 
0.117312 
0.126750 
0.126750 
0.126750 
0.126750 
0.126750 
0.126750 
0.126750 
0.126750 
0.126750 
0.126750 
0.126750 
0.124369 
0.118154 
0.109500 
0.099801 
0.090450 
0.079212 
0.065011 
0.050985 
0.040269 
0.036000 
0.038991 
0.046798 
0.057669 
0.069853 
0.081600 
0.095718 
0.113556 
0.131176 
0.144637 
0.150000 
0.150000 
0.150000 
0.150000 
0.150000 
0.150000 
0.144637 
0.131176 
0.113556 
0.095718 
0.081600 
0.069853 
0.057669 
0.046798 
0.038991 
0.036000 
0.036000 
0.036000 
0.036000 
0.036000 
0.036000 
0.036000 
0.036000 
0.036000 
0.036000 
0.036000 
0.036000 
0.036000 
0.036000 
0.036000 
0.036000 
0.046652 
0.073506 
0.108908 
0.145207 
0.174750 
0.200549 
0.227920 
0.252666 
0.270592 
0.277500 
0.277500 
0.277500 
0.277500 
0.277500 
0.277500 
0.277500 
0.277500 
0.277500 
0.277500 
0.277500 
0.269420 
0.248671 
0.220487 
0.190102 
0.162750 
0.134150 
0.100789 
0.069053 
0.045328 
0.036000 
0.038933 
0.046623 
0.057406 
0.069620 
0.081600 
0.094781 
0.110547 
0.127164 
0.142894 
0.156000 
0.167645 
0.179276 
0.189584 
0.197261 
0.201000 
0.202228 
0.203227 
0.203973 
0.204439 
0.204600 
0.203794 
0.201677 
0.198703 
0.195326 
0.192000 
0.188716 
0.185089 
0.181004 
0.176345 
0.171000 
0.163935 
0.154876 
0.144851 
0.134884 
0.126000 
0.117377 
0.108290 
0.099915 
0.093427 
0.090000 
0.088600 
0.087438 
0.086556 
0.085996 
0.085800 
0.093153 
0.111051 
0.133252 
0.153515 
0.165600 
0.170147 
0.172869 
0.175133 
0.178304 
0.183750 
0.248158 
0.391570 
0.560376 
0.700972 
0.759750 
0.736521 
0.677816 
0.600111 
0.519880 
0.453600 
0.394199 
0.330374 
0.272249 
0.229950 
0.213600 
0.216736 
0.224213 
0.233137 
0.240614 
0.243750 
0.243750 
0.243750 
0.243750 
0.243750 
0.243750 
0.243750 
0.243750 
0.243750 
0.243750 
0.243750 
0.239794 
0.229471 
0.215095 
0.198983 
0.183450 
0.164781 
0.141192 
0.117892 
0.100091 
0.093000 
0.093000 
0.093000 
0.093000 
0.093000 
0.093000 
0.095676 
0.102661 
0.112388 
0.123290 
0.133800 
0.146432 
0.162393 
0.178158 
0.190202 
0.195000 
0.195000 
0.195000 
0.195000 
0.195000 
0.195000 
0.189637 
0.176176 
0.158556 
0.140718 
0.126600 
0.114853 
0.102669 
0.091798 
0.083991 
0.081000 
0.081000 
0.081000 
0.081000 
0.081000 
0.081000 
0.082592 
0.086982 
0.093591 
0.101840 
0.111150 
0.129365 
0.159040 
0.191668 
0.218741 
0.231750 
0.234526 
0.236646 
0.238217 
0.239349 
0.240150 
0.240798 
0.241373 
0.241833 
0.242139 
0.242250 
0.242250 
0.242250 
0.242250 
0.242250 
0.242250 
0.230117 
0.201123 
0.166375 
0.136982 
0.124050 
0.123146 
0.122434 
0.121918 
0.121605 
0.121500 
0.124308 
0.131004 
0.138996 
0.145692 
0.148500 
0.148500 
0.148500 
0.148500 
0.148500 
0.148500 
0.148500 
0.148500 
0.148500 
0.148500 
0.148500 
0.148500 
0.148500 
0.148500 
0.148500 
0.148500 
0.150163 
0.154594 
0.160953 
0.168402 
0.176100 
0.185027 
0.196212 
0.208887 
0.222289 
0.235650 
0.251576 
0.270627 
0.288976 
0.302793 
0.308250 
0.302887 
0.289426 
0.271806 
0.253968 
0.239850 
0.229719 
0.220766 
0.212318 
0.203704 
0.194250 
0.181906 
0.167074 
0.152759 
0.141966 
0.137700 
0.144736 
0.161513 
0.181537 
0.198314 
0.205350 
0.203416 
0.198803 
0.193297 
0.188684 
0.186750 
0.186750 
0.186750 
0.186750 
0.186750 
0.186750 
0.186750 
0.186750 
0.186750 
0.186750 
0.186750 
0.200525 
0.235978 
0.284298 
0.336676 
0.384300 
0.435060 
0.494914 
0.552159 
0.595089 
0.612000 
0.552096 
0.409248 
0.238752 
0.095904 
0.036000 
0.036000 
0.036000 
0.036000 
0.036000 
0.036000 
0.041024 
0.053975 
0.071674 
0.090942 
0.108600 
0.125797 
0.144702 
0.163664 
0.181030 
0.195150 
0.207538 
0.219802 
0.230433 
0.237919 
0.240750 
0.239908 
0.237498 
0.233695 
0.228671 
0.222600 
0.202663 
0.164079 
0.119084 
0.079913 
0.058800 
0.051305 
0.045010 
0.040183 
0.037090 
0.036000 
0.036000 
0.036000 
0.036000 
0.036000 
0.036000 
0.036000 
0.036000 
0.036000 
0.036000 
0.036000 
0.036000 
0.036000 
0.036000 
0.036000 
0.036000 
0.036000 
0.036000 
0.036000 
0.036000 
0.036000 
0.036000 
0.036000 
0.036000 
0.036000 
0.036000 
0.037466 
0.041605 
0.048026 
0.056338 
0.066150 
0.091857 
0.138482 
0.191573 
0.236679 
0.259350 
0.265485 
0.270517 
0.274297 
0.276674 
0.277500 
0.277500 
0.277500 
0.277500 
0.277500 
0.277500 
0.276662 
0.274261 
0.270463 
0.265437 
0.259350 
0.237429 
0.194645 
0.145781 
0.105622 
0.088950 
0.095299 
0.110440 
0.128510 
0.143651 
0.150000 
0.150000 
0.150000 
0.150000 
0.150000 
0.150000 
0.147009 
0.139202 
0.128331 
0.116147 
0.104400 
0.090282 
0.072444 
0.054824 
0.041363 
0.036000 
0.036000 
0.036000 
0.036000 
0.036000 
0.036000 
0.036000 
0.036000 
0.036000 
0.036000 
0.036000 
0.036000 
0.036000 
0.036000 
0.036000 
0.036000 
0.036000 
0.036000 
0.036000 
0.036000 
0.036000 
0.036000 
0.036000 
0.036000 
0.036000 
0.036000 
0.036000 
0.036000 
0.036000 
0.036000 
0.036000 
0.036000 
0.036000 
0.036000 
0.036000 
0.036000 
0.036000 
0.036000 
0.036000 
0.036000 
0.036000 
0.036000 
0.036000 
0.036000 
0.036000 
0.036000 
0.036000 
0.036000 
0.036000 
0.036000 
0.036000 
0.036000 
0.036000 
0.036000 
0.036000 
0.036000 
0.046999 
0.073820 
0.107202 
0.137883 
0.156600 
0.165910 
0.174159 
0.180768 
0.185158 
0.186750 
0.186750 
0.186750 
0.186750 
0.186750 
0.186750 
0.204269 
0.246044 
0.295906 
0.337681 
0.355200 
0.353971 
0.350554 
0.345351 
0.338766 
0.331200 
0.317586 
0.295332 
0.268561 
0.241393 
0.217950 
0.198444 
0.180032 
0.162253 
0.144646 
0.126750 
0.105667 
0.081706 
0.059210 
0.042527 
0.036000 
0.036000 
0.036000 
0.036000 
0.036000 
0.036000 
0.036000 
0.036000 
0.036000 
0.036000 
0.036000 
0.036000 
0.036000 
0.036000 
0.036000 
0.036000 
0.036000 
0.036000 
0.036000 
0.036000 
0.036000 
0.036000 
0.036000 
0.036000 
0.036000 
0.036000 
0.036000 
0.036000 
0.036000 
0.036000 
0.036000 
0.039956 
0.050279 
0.064655 
0.080767 
0.096300 
0.114969 
0.138558 
0.161858 
0.179659 
0.186750 
0.186750 
0.186750 
0.186750 
0.186750 
0.186750 
0.186750 
0.186750 
0.186750 
0.186750 
0.186750 
0.186750 
0.186750 
0.186750 
0.186750 
0.186750 
0.178622 
0.159241 
0.136109 
0.116728 
0.108600 
0.110488 
0.114989 
0.120361 
0.124862 
0.126750 
0.126750 
0.126750 
0.126750 
0.126750 
0.126750 
0.125792 
0.123149 
0.119171 
0.114205 
0.108600 
0.097332 
0.078863 
0.058767 
0.042621 
0.036000 
0.036000 
0.036000 
0.036000 
0.036000 
0.036000 
0.036000 
0.036000 
0.036000 
0.036000 
0.036000 
0.036000 
0.036000 
0.036000 
0.036000 
0.036000 
0.036000 
0.036000 
0.036000 
0.036000 
0.036000 
0.039956 
0.050279 
0.064655 
0.080767 
0.096300 
0.111264 
0.127444 
0.145186 
0.164839 
0.186750 
0.218293 
0.260023 
0.302063 
0.334532 
0.347550 
0.343432 
0.333611 
0.321889 
0.312068 
0.307950 
0.312880 
0.324635 
0.338665 
0.350420 
0.355350 
0.346654 
0.324667 
0.295538 
0.265416 
0.240450 
0.217949 
0.193705 
0.171590 
0.155481 
0.149250 
0.149250 
0.149250 
0.149250 
0.149250 
0.149250 
0.142629 
0.126483 
0.106387 
0.087918 
0.076650 
0.071045 
0.066079 
0.062101 
0.059458 
0.058500 
0.058500 
0.058500 
0.058500 
0.058500 
0.058500 
0.060606 
0.065628 
0.071622 
0.076644 
0.078750 
0.076644 
0.071622 
0.065628 
0.060606 
0.058500 
0.080390 
0.136410 
0.212085 
0.292940 
0.364500 
0.436996 
0.520083 
0.598422 
0.656674 
0.679500 
0.618847 
0.474214 
0.301586 
0.156953 
0.096300 
0.111479 
0.147674 
0.190876 
0.227071 
0.242250 
0.242250 
0.242250 
0.242250 
0.242250 
0.242250 
0.240378 
0.235914 
0.230586 
0.226122 
0.224250 
0.227464 
0.235127 
0.244273 
0.251936 
0.255150 
0.252132 
0.244301 
0.233495 
0.221549 
0.210300 
0.199768 
0.188637 
0.176742 
0.163918 
0.150000 
0.132390 
0.110945 
0.089186 
0.070631 
0.058800 
0.051759 
0.045521 
0.040524 
0.037204 
0.036000 
0.037954 
0.042941 
0.049652 
0.056775 
0.063000 
0.069038 
0.075764 
0.082110 
0.087011 
0.089400 
0.090116 
0.090699 
0.091134 
0.091406 
0.091500 
0.086820 
0.075660 
0.062340 
0.051180 
0.046500 
0.046500 
0.046500 
0.046500 
0.046500 
0.046500 
0.046500 
0.046500 
0.046500 
0.046500 
0.046500 
0.046500 
0.046500 
0.046500 
0.046500 
0.046500 
0.047458 
0.050101 
0.054079 
0.059045 
0.064650 
0.073809 
0.088062 
0.104996 
0.122196 
0.137250 
0.149638 
0.161016 
0.172229 
0.184125 
0.197550 
0.216219 
0.239808 
0.263108 
0.280909 
0.288000 
0.283731 
0.273015 
0.258989 
0.244788 
0.233550 
0.224199 
0.214500 
0.205846 
0.199631 
0.197250 
0.197250 
0.197250 
0.197250 
0.197250 
0.197250 
0.191057 
0.176288 
0.158662 
0.143893 
0.137700 
0.143388 
0.157968 
0.177715 
0.198900 
0.217800 
0.237230 
0.259681 
0.280936 
0.296781 
0.303000 
0.278820 
0.221160 
0.152340 
0.094680 
0.070500 
0.070500 
0.070500 
0.070500 
0.070500 
0.070500 
0.075263 
0.087218 
0.102868 
0.118711 
0.131250 
0.141683 
0.152504 
0.162160 
0.169093 
0.171750 
0.171750 
0.171750 
0.171750 
0.171750 
0.171750 
0.173622 
0.178086 
0.183414 
0.187878 
0.189750 
0.187878 
0.183414 
0.178086 
0.173622 
0.171750 
0.171750 
0.171750 
0.171750 
0.171750 
0.171750 
0.172016 
0.172787 
0.174025 
0.175692 
0.177750 
0.184672 
0.199199 
0.218695 
0.240524 
0.262050 
0.284508 
0.310055 
0.337438 
0.365404 
0.392700 
0.422367 
0.455243 
0.486770 
0.512392 
0.527550 
0.535520 
0.542368 
0.547721 
0.551206 
0.552450 
0.551914 
0.550375 
0.547934 
0.544692 
0.540750 
0.530948 
0.511732 
0.485611 
0.455097 
0.422700 
0.374786 
0.307532 
0.238165 
0.183912 
0.162000 
0.249204 
0.457152 
0.705348 
0.913296 
1.000500 
0.915480 
0.712740 
0.470760 
0.268020 
0.183000 
0.183065 
0.183255 
0.183563 
0.183980 
0.184500 
0.185994 
0.189379 
0.194718 
0.202071 
0.211500 
0.312436 
0.537963 
0.803622 
1.024954 
1.117500 
1.052198 
0.892955 
0.694769 
0.512635 
0.401550 
0.347493 
0.300901 
0.263457 
0.236845 
0.222750 
0.216944 
0.213252 
0.210439 
0.207267 
0.202500 
0.192747 
0.178133 
0.162695 
0.150472 
0.145500 
0.147620 
0.153624 
0.162979 
0.175149 
0.189600 
0.221338 
0.278532 
0.350397 
0.426149 
0.495000 
0.567082 
0.649589 
0.727329 
0.785113 
0.807750 
0.755216 
0.629556 
0.478683 
0.350510 
0.292950 
0.287245 
0.282724 
0.279437 
0.277430 
0.276750 
0.276750 
0.276750 
0.276750 
0.276750 
0.276750 
0.276986 
0.277674 
0.278784 
0.280286 
0.282150 
0.292563 
0.314450 
0.339891 
0.360965 
0.369750 
0.369750 
0.369750 
0.369750 
0.369750 
0.369750 
0.363855 
0.348272 
0.326157 
0.300664 
0.274950 
0.240515 
0.194228 
0.147293 
0.110916 
0.096300 
0.102808 
0.119441 
0.141865 
0.165746 
0.186750 
0.207785 
0.231740 
0.254254 
0.270961 
0.277500 
0.277500 
0.277500 
0.277500 
0.277500 
0.277500 
0.277500 
0.277500 
0.277500 
0.277500 
0.277500 
0.260746 
0.219756 
0.168438 
0.120700 
0.090450 
0.073991 
0.059138 
0.047069 
0.038964 
0.036000 
0.036000 
0.036000 
0.036000 
0.036000 
0.036000 
0.036000 
0.036000 
0.036000 
0.036000 
0.036000 
0.036000 
0.036000 
0.036000 
0.036000 
0.036000 
0.036000 
0.036000 
0.036000 
0.036000 
0.036000 
0.036000 
0.036000 
0.036000 
0.036000 
0.036000 
0.037204 
0.040524 
0.045521 
0.051759 
0.058800 
0.072954 
0.096156 
0.121400 
0.141683 
0.150000 
0.150000 
0.150000 
0.150000 
0.150000 
0.150000 
0.145698 
0.135269 
0.122432 
0.110903 
0.104400 
0.101797 
0.099568 
0.097831 
0.096702 
0.096300 
0.101236 
0.114725 
0.134791 
0.159458 
0.186750 
