0.000000 
0.000000 
0.000000 
0.000000 
0.000000 
0.000000 
0.000000 
0.000000 
0.000000 
0.000000 
0.000000 
0.000000 
0.000000 
0.000000 
0.000000 
0.000000 
0.000000 
0.000000 
0.000000 
0.000000 
0.000000 
0.000000 
0.000000 
0.000000 
0.000000 
0.000000 
0.000000 
0.000000 
0.000000 
0.000000 
0.000000 
0.000000 
0.000000 
0.000000 
0.000000 
0.000000 
0.000000 
0.000000 
0.000000 
0.000000 
0.000000 
0.000000 
0.000000 
0.000000 
0.000000 
0.000000 
0.000000 
0.000000 
0.000000 
0.000000 
0.000000 
0.000000 
0.000000 
0.000000 
0.000000 
0.000000 
0.000000 
0.000000 
0.000000 
0.000000 
0.000000 
0.000000 
0.000000 
0.000000 
0.000000 
0.000000 
0.000000 
0.000000 
0.000000 
0.000000 
0.000000 
0.000000 
0.000000 
0.000000 
0.000000 
0.000000 
0.000000 
0.000000 
0.000000 
0.000000 
0.000000 
0.000000 
0.000000 
0.000000 
0.000000 
0.000000 
0.000000 
0.000000 
0.000000 
0.000000 
0.000000 
0.000000 
0.000000 
0.000000 
0.000000 
0.000000 
0.000000 
0.000000 
0.000000 
0.000000 
0.000000 
0.000000 
0.000000 
0.000000 
0.000000 
0.000000 
0.000000 
0.000000 
0.000000 
0.000000 
0.000000 
0.000000 
0.000000 
0.000000 
0.000000 
0.000000 
0.000000 
0.000000 
0.000000 
0.000000 
0.000000 
0.000000 
0.000000 
0.000000 
0.000000 
0.000000 
0.000000 
0.000000 
0.000000 
0.000000 
0.000000 
0.000000 
0.000000 
0.000000 
0.000000 
0.000000 
0.000000 
0.000000 
0.000000 
0.000000 
0.000000 
0.000000 
0.000000 
0.000000 
0.000000 
0.000000 
0.000000 
0.000000 
0.000000 
0.000000 
0.000000 
0.000000 
0.000000 
0.000000 
0.000000 
0.000000 
0.000000 
0.000000 
0.000000 
0.000000 
0.000000 
0.000000 
0.000000 
0.000000 
0.000000 
0.000000 
0.000000 
0.000000 
0.000000 
0.000000 
0.000000 
0.000000 
0.000000 
0.000000 
0.000000 
0.000000 
0.000000 
0.000000 
0.000000 
0.000000 
0.000000 
0.000000 
0.000000 
0.000000 
0.000000 
0.000000 
0.000000 
0.000000 
0.000000 
0.000000 
0.000000 
0.000000 
0.000000 
0.000000 
0.000000 
0.000000 
0.000000 
0.000000 
0.000000 
0.000000 
0.000000 
0.000000 
0.000000 
0.000000 
0.000000 
0.000000 
0.000000 
0.000000 
0.000000 
0.000000 
0.000000 
0.000000 
0.000000 
0.000000 
0.000000 
0.000000 
0.000000 
0.000000 
0.000000 
0.000000 
0.000000 
0.000000 
0.000000 
0.000000 
0.000000 
0.000030 
0.000145 
0.000234 
0.000398 
0.000662 
0.000827 
0.001187 
0.001273 
0.002297 
0.002084 
0.002814 
0.003379 
0.004480 
0.005729 
0.005705 
0.007460 
0.009001 
0.009435 
0.012735 
0.015086 
0.016556 
0.016282 
0.016405 
0.017146 
0.020040 
0.016066 
0.021076 
0.017966 
0.019615 
0.018709 
0.016466 
0.018353 
0.021517 
0.019809 
0.022172 
0.018723 
0.020498 
0.019527 
0.018718 
0.021419 
0.021427 
0.019329 
0.026650 
0.022323 
0.025199 
0.025309 
0.025366 
0.032462 
0.031760 
0.036250 
0.039424 
0.042762 
0.032540 
0.042206 
0.044015 
0.044435 
0.054722 
0.041718 
0.047572 
0.044358 
0.043203 
0.048113 
0.042400 
0.052907 
0.053601 
0.053979 
0.061172 
0.052976 
0.051651 
0.049259 
0.046320 
0.062782 
0.058775 
0.070092 
0.061470 
0.063099 
0.055071 
0.068548 
0.064418 
0.070509 
0.071428 
0.071845 
0.062986 
0.068667 
0.053986 
0.073504 
0.068314 
0.084580 
0.069637 
0.074889 
0.079864 
0.091916 
0.104085 
0.066520 
0.092378 
0.080147 
0.091641 
0.108924 
0.099714 
0.090158 
0.104738 
0.098186 
0.099696 
0.127470 
0.142174 
0.153410 
0.162118 
0.156741 
0.177314 
0.230974 
0.198241 
0.209293 
0.174706 
0.199056 
0.201722 
0.189416 
0.207346 
0.167187 
0.201295 
0.172139 
0.159988 
0.163998 
0.198890 
0.177857 
0.220995 
0.225844 
0.211870 
0.242969 
0.220227 
0.237944 
0.223232 
0.253998 
0.282961 
0.239117 
0.285481 
0.339584 
0.294415 
0.321960 
0.335337 
0.375957 
0.404212 
0.404742 
0.394796 
0.447211 
0.349480 
0.419811 
0.595505 
0.580077 
0.702681 
0.650995 
0.604755 
0.599629 
0.554034 
0.516117 
0.570296 
0.558535 
0.551406 
0.553489 
0.511486 
0.520319 
0.554661 
0.494247 
0.612673 
0.612518 
0.584049 
0.547417 
0.489078 
0.456320 
0.498581 
0.355120 
0.446821 
0.486402 
0.503473 
0.493761 
0.468194 
0.487579 
0.520342 
0.570991 
0.572342 
0.584346 
0.716686 
0.629421 
0.613812 
0.725860 
0.627548 
0.599995 
0.467582 
0.601191 
0.548044 
0.457042 
0.548225 
0.578412 
0.597035 
0.592678 
0.796139 
0.752638 
0.589970 
0.735040 
0.745531 
0.557904 
0.613355 
0.631920 
0.771401 
0.688525 
0.740804 
0.633388 
0.733208 
0.736464 
0.865345 
0.795841 
0.911837 
0.929274 
0.943126 
1.042844 
0.964190 
0.899324 
0.950393 
1.023525 
0.807510 
1.092795 
1.198991 
0.896565 
0.928074 
1.177257 
1.079967 
1.000195 
1.266107 
1.320464 
1.107413 
1.031241 
1.082499 
1.206243 
1.350115 
1.199866 
1.164822 
1.457356 
1.129758 
1.072148 
0.900937 
1.047036 
1.015267 
0.742498 
0.555890 
0.443176 
0.469348 
0.404042 
0.642367 
0.921374 
0.944594 
0.804581 
0.963634 
0.981832 
0.835973 
1.085400 
1.036471 
1.037963 
1.282352 
0.928927 
1.230366 
1.010229 
1.088112 
1.207971 
1.227143 
1.107641 
1.162638 
1.146768 
1.455367 
1.109356 
1.332764 
1.344556 
1.195484 
1.313841 
1.177337 
1.108272 
1.222790 
1.038022 
1.075548 
1.047869 
1.007570 
0.885226 
0.926996 
0.972440 
1.026618 
1.118896 
1.171820 
1.148753 
1.036185 
0.994686 
0.851240 
0.470341 
0.441431 
0.393129 
0.300552 
0.225525 
0.210600 
0.199713 
0.340847 
0.554437 
0.730762 
0.988899 
1.015767 
0.900708 
1.196928 
0.980684 
1.270730 
1.363603 
1.390205 
1.249191 
1.216235 
1.284361 
1.541742 
1.339649 
1.495073 
1.378377 
1.356465 
1.425789 
1.346487 
1.513769 
1.481987 
1.504949 
1.175321 
1.472800 
1.474262 
1.341615 
1.359234 
1.475148 
1.334042 
1.503522 
1.613680 
1.698221 
1.294938 
1.409850 
1.425261 
1.302277 
1.434622 
1.588795 
1.572503 
1.404954 
1.645999 
1.422671 
1.643631 
1.557774 
1.370980 
1.574895 
1.400914 
1.207699 
1.513760 
1.601078 
1.480802 
1.855468 
1.978207 
1.825879 
1.348573 
1.865988 
1.727593 
1.603221 
1.558926 
1.404964 
1.590724 
1.461303 
1.633468 
1.674716 
1.852509 
1.549122 
1.517593 
1.656557 
1.533279 
1.740685 
1.801756 
1.529760 
1.645745 
1.627989 
1.243171 
1.055890 
0.943454 
0.927285 
1.277767 
1.130665 
1.292932 
1.415473 
1.368175 
1.437375 
1.729137 
1.503992 
1.821840 
2.206184 
1.753322 
1.464867 
1.807721 
1.287342 
1.532103 
1.256369 
1.191110 
1.227824 
1.137265 
1.005153 
0.833606 
0.673904 
0.911352 
0.838159 
1.010101 
1.192290 
1.355466 
1.608798 
1.717774 
1.694930 
1.653874 
1.559401 
1.753780 
1.385379 
1.437299 
1.385834 
1.148283 
0.956597 
1.096489 
1.072119 
1.362240 
1.676054 
1.845892 
2.215658 
1.866942 
2.025057 
1.768509 
1.604232 
1.718827 
1.783972 
2.062172 
1.849366 
1.352595 
1.293156 
1.674816 
1.550230 
1.820078 
1.675360 
2.033398 
1.805862 
1.762421 
1.591788 
1.227365 
1.187038 
0.864642 
0.747956 
0.617689 
0.459182 
0.357535 
0.287796 
0.399510 
0.332708 
0.322486 
0.409056 
0.440951 
0.652828 
0.925679 
1.292982 
1.678401 
1.455212 
1.746202 
1.803618 
1.712377 
1.693461 
1.923227 
1.779153 
1.527708 
1.891177 
1.870306 
1.913094 
2.189433 
2.249848 
1.830375 
1.815046 
2.041123 
1.961171 
1.965869 
1.937248 
1.736802 
1.885889 
1.861188 
1.522025 
1.895251 
1.363794 
1.524595 
1.068775 
0.916065 
0.642321 
0.500553 
0.459315 
0.588787 
0.620886 
0.732199 
0.899603 
0.936805 
0.935113 
1.085154 
1.042936 
1.152498 
1.229796 
0.837685 
0.986674 
0.846901 
0.550687 
0.790942 
0.795640 
0.940535 
1.071187 
1.252007 
1.267953 
1.489080 
1.423180 
1.530057 
1.532423 
1.887761 
1.353258 
0.918222 
0.778664 
0.660215 
0.786466 
0.775589 
0.820497 
0.718387 
0.621619 
0.648580 
0.808372 
0.820808 
0.828722 
0.797134 
0.682164 
0.851397 
0.842660 
0.735965 
0.985450 
0.867588 
0.926293 
1.034866 
1.046232 
1.129929 
1.144065 
1.448331 
1.862196 
1.838885 
1.762417 
1.775293 
1.659813 
1.826486 
1.940987 
1.522455 
1.392547 
1.233011 
0.996905 
0.811999 
0.664342 
0.561197 
0.610775 
0.497963 
0.536927 
0.482196 
0.669748 
0.560926 
0.697626 
0.830656 
1.118174 
1.391943 
1.657686 
1.850646 
2.107049 
1.984103 
1.873347 
1.881305 
1.693462 
1.746957 
1.628946 
2.160192 
1.789019 
1.852210 
1.715580 
1.498976 
1.770999 
1.464231 
2.125849 
1.822380 
2.211395 
2.032505 
1.798957 
1.914603 
1.690272 
1.531882 
1.687522 
1.964834 
2.040332 
1.887449 
1.691536 
2.056884 
1.613009 
1.841585 
1.568834 
1.746711 
1.561174 
1.753220 
1.899644 
1.942004 
1.413145 
1.755618 
1.567597 
1.717317 
1.330891 
1.166489 
1.441599 
1.662798 
1.792717 
2.032422 
1.510264 
1.595145 
1.880242 
1.831983 
1.699790 
1.826277 
1.772459 
1.801169 
1.859919 
1.514969 
1.616401 
1.975640 
1.553934 
1.859855 
1.663473 
1.207433 
1.697255 
1.562356 
1.525910 
1.286151 
1.406632 
1.361375 
1.176893 
1.164567 
1.209564 
1.083935 
1.000678 
1.207871 
1.616264 
1.785150 
1.527658 
1.604196 
1.402382 
1.767691 
1.984211 
1.603837 
1.841322 
1.509977 
1.733395 
1.593396 
1.822716 
1.444887 
1.917904 
1.546985 
1.657366 
1.782927 
1.606834 
1.525661 
1.571943 
1.534775 
1.151793 
1.344753 
1.088438 
1.570027 
1.463916 
1.204442 
1.285997 
1.074759 
1.244399 
1.177063 
1.274538 
1.157484 
1.166773 
1.254136 
1.415835 
1.397121 
1.600387 
1.388007 
1.455876 
1.332627 
1.396380 
1.215362 
1.137288 
0.787280 
0.587591 
0.545625 
0.445116 
0.423392 
0.413709 
0.452959 
0.388149 
0.443136 
0.407010 
0.399175 
0.411930 
0.410153 
0.380976 
0.389496 
0.436057 
0.387449 
0.491459 
0.512891 
0.552105 
0.676519 
0.853419 
0.942901 
0.869134 
1.039544 
1.107921 
1.166520 
1.333575 
1.475801 
1.207633 
0.956955 
1.192300 
0.979809 
1.054527 
0.906239 
0.863280 
0.882849 
0.733613 
0.866021 
0.760733 
0.732556 
0.687528 
0.800020 
0.734020 
0.781006 
0.768084 
0.874983 
0.773689 
1.012690 
1.154129 
1.172366 
1.415756 
1.416446 
1.408568 
1.363924 
1.306800 
1.163929 
1.187319 
1.298296 
1.131712 
0.820704 
0.888883 
0.927367 
0.765052 
0.915094 
0.729276 
0.788060 
0.772411 
0.797814 
0.807186 
0.727225 
0.811954 
0.762475 
0.906341 
0.744736 
1.000611 
1.012285 
0.816907 
1.011510 
0.678987 
0.811336 
1.083870 
1.191338 
0.979346 
0.971328 
0.724400 
0.605054 
0.683912 
0.641924 
0.624973 
0.783941 
0.797121 
0.951794 
0.848757 
0.711826 
0.587384 
0.538199 
0.407255 
0.498208 
0.418510 
0.531888 
0.526491 
0.499388 
0.589031 
0.539572 
0.571222 
0.487789 
0.555038 
0.554475 
0.521731 
0.483145 
0.448820 
0.421001 
0.477807 
0.440890 
0.396115 
0.455808 
0.400390 
0.309061 
0.336912 
0.317581 
0.329285 
0.296775 
0.220917 
0.234074 
0.254100 
0.196063 
0.189928 
0.185524 
0.231795 
0.175618 
0.217762 
0.196926 
0.184142 
0.163520 
0.169068 
0.189677 
0.162033 
0.154556 
0.147319 
0.146981 
0.172546 
0.176966 
0.171423 
0.187484 
0.177627 
0.203253 
0.207460 
0.178012 
0.187508 
0.198348 
0.205043 
0.184608 
0.193866 
0.211211 
0.201964 
0.222272 
0.248722 
0.234151 
0.271050 
0.262287 
0.306240 
0.251576 
0.312215 
0.288036 
0.308080 
0.335365 
0.260530 
0.257326 
0.303289 
0.227002 
0.296171 
0.319099 
0.285804 
0.284968 
0.374062 
0.363598 
0.376874 
0.393515 
0.443283 
0.373607 
0.366480 
0.388860 
0.365679 
0.492063 
0.650253 
0.647784 
0.645771 
0.685988 
0.710687 
0.665584 
0.560971 
0.541822 
0.484387 
0.426584 
0.365309 
0.287103 
0.277091 
0.279284 
0.275483 
0.292247 
0.282598 
0.241859 
0.291963 
0.275052 
0.206517 
0.178428 
0.167814 
0.153615 
0.135338 
0.125229 
0.138806 
0.113306 
0.117974 
0.123462 
0.136501 
0.099201 
0.107774 
0.119230 
0.119387 
0.124563 
0.121634 
0.144895 
0.103361 
0.140936 
0.117978 
0.117993 
0.132565 
0.130658 
0.128513 
0.118820 
0.134523 
0.102068 
0.115095 
0.121065 
0.121142 
0.143751 
0.144487 
0.122954 
0.132786 
0.136000 
0.120232 
0.134214 
0.098174 
0.108315 
0.098507 
0.103246 
0.074679 
0.077313 
0.041339 
0.070093 
0.054291 
0.049682 
0.056672 
0.059916 
0.050821 
0.054600 
0.057074 
0.060981 
0.046620 
0.051340 
0.045418 
0.049525 
0.055137 
0.053604 
0.042101 
0.041920 
0.040947 
0.043887 
0.038317 
0.034717 
0.034187 
0.031413 
0.026233 
0.023698 
0.025997 
0.019544 
0.023077 
0.017279 
0.017213 
0.017575 
0.012507 
0.014681 
0.014211 
0.013852 
0.010654 
0.011475 
0.009756 
0.010770 
0.009965 
0.012710 
0.011576 
0.011473 
0.011680 
0.013048 
0.012050 
0.013453 
0.012740 
0.012119 
0.011161 
0.010441 
0.011807 
0.010246 
0.010628 
0.007604 
0.007192 
0.007049 
0.005628 
0.005546 
0.005225 
0.004924 
0.004852 
0.004722 
0.005003 
0.004124 
0.004282 
0.004655 
0.004433 
0.004134 
0.003734 
0.003924 
0.004371 
0.004815 
0.003381 
0.003508 
0.003966 
0.003560 
0.002586 
0.002293 
0.002550 
0.001923 
0.001614 
0.001297 
0.001262 
0.000788 
0.000506 
0.000312 
0.000126 
0.000090 
0.000048 
0.000024 
0.000007 
0.000000 
0.000000 
0.000000 
0.000000 
0.000000 
0.000000 
0.000000 
0.000000 
0.000000 
0.000000 
0.000000 
0.000000 
0.000000 
0.000000 
0.000000 
0.000000 
0.000000 
0.000000 
0.000000 
0.000000 
0.000000 
0.000000 
0.000000 
0.000000 
0.000000 
0.000000 
0.000000 
0.000000 
0.000000 
0.000000 
0.000000 
0.000000 
0.000000 
0.000000 
0.000000 
0.000000 
0.000000 
0.000000 
0.000000 
0.000000 
0.000000 
0.000000 
0.000000 
0.000000 
0.000000 
0.000000 
0.000000 
0.000000 
0.000000 
0.000000 
0.000000 
0.000000 
0.000000 
0.000000 
0.000000 
0.000000 
0.000000 
0.000000 
0.000000 
0.000000 
0.000000 
0.000000 
0.000000 
0.000000 
0.000000 
0.000000 
0.000000 
0.000000 
0.000000 
0.000000 
0.000000 
0.000000 
0.000000 
0.000000 
0.000000 
0.000000 
0.000000 
0.000000 
0.000000 
0.000000 
0.000000 
0.000000 
0.000000 
0.000000 
0.000000 
0.000000 
0.000000 
0.000000 
0.000000 
0.000000 
0.000000 
0.000000 
0.000000 
0.000000 
0.000000 
0.000000 
0.000000 
0.000000 
0.000000 
0.000000 
0.000000 
0.000000 
0.000000 
0.000000 
0.000000 
0.000000 
0.000000 
0.000000 
0.000000 
0.000000 
0.000000 
0.000000 
0.000000 
0.000000 
0.000000 
0.000000 
0.000000 
0.000000 
0.000000 
0.000000 
0.000000 
0.000000 
0.000000 
0.000000 
0.000000 
0.000000 
0.000000 
0.000000 
0.000000 
0.000000 
0.000000 
0.000000 
0.000000 
0.000000 
0.000000 
0.000000 
0.000000 
0.000000 
0.000000 
0.000000 
0.000000 
0.000000 
0.000000 
0.000000 
0.000000 
0.000000 
0.000000 
0.000000 
0.000000 
0.000000 
0.000000 
0.000000 
0.000000 
0.000000 
0.000000 
0.000000 
0.000000 
0.000000 
0.000000 
0.000000 
0.000000 
0.000000 
0.000000 
0.000000 
0.000000 
0.000000 
0.000000 
0.000000 
0.000000 
0.000000 
0.000000 
0.000000 
0.000000 
0.000000 
0.000000 
0.000000 
0.000000 
0.000000 
0.000000 
0.000000 
0.000000 
0.000000 
0.000000 
0.000000 
0.000000 
0.000000 
0.000000 
0.000000 
0.000000 
0.000000 
0.000000 
