0.000000 
0.000000 
0.000000 
0.000000 
0.000000 
0.000000 
0.000000 
0.000000 
0.000000 
0.000000 
0.000000 
0.000000 
0.000000 
0.000000 
0.000000 
0.000000 
0.000000 
0.000000 
0.000000 
0.000000 
0.000000 
0.000000 
0.000000 
0.000000 
0.000000 
0.000000 
0.000000 
0.000000 
0.000000 
0.000000 
0.000000 
0.000000 
0.000000 
0.000000 
0.000000 
0.000000 
0.000000 
0.000000 
0.000000 
0.000000 
0.000000 
0.000000 
0.000000 
0.000000 
0.000000 
0.000000 
0.000000 
0.000000 
0.000000 
0.000000 
0.000000 
0.000000 
0.000000 
0.000000 
0.000000 
0.000000 
0.000000 
0.000000 
0.000000 
0.000000 
0.000000 
0.000000 
0.000000 
0.000000 
0.000000 
0.000000 
0.000000 
0.000000 
0.000000 
0.000000 
0.000000 
0.000000 
0.000000 
0.000000 
0.000000 
0.000000 
0.000000 
0.000000 
0.000000 
0.000000 
0.000000 
0.000000 
0.000000 
0.000000 
0.000000 
0.000000 
0.000000 
0.000000 
0.000000 
0.000000 
0.000000 
0.000000 
0.000000 
0.000000 
0.000000 
0.000000 
0.000000 
0.000000 
0.000000 
0.000000 
0.000000 
0.000000 
0.000000 
0.000000 
0.000000 
0.000000 
0.000000 
0.000000 
0.000000 
0.000000 
0.000000 
0.000000 
0.000000 
0.000000 
0.000000 
0.000000 
0.000000 
0.000000 
0.000000 
0.000000 
0.000000 
0.000000 
0.000000 
0.000000 
0.000000 
0.000000 
0.000000 
0.000000 
0.000000 
0.000000 
0.000000 
0.000000 
0.000000 
0.000000 
0.000000 
0.000000 
0.000000 
0.000000 
0.000000 
0.000000 
0.000000 
0.000000 
0.000000 
0.000000 
0.000000 
0.000000 
0.000000 
0.000000 
0.000000 
0.000000 
0.000000 
0.000000 
0.000000 
0.000000 
0.000000 
0.000000 
0.000000 
0.000000 
0.000000 
0.000000 
0.000000 
0.000000 
0.000000 
0.000000 
0.000000 
0.000000 
0.000000 
0.000000 
0.000000 
0.000000 
0.000000 
0.000000 
0.000000 
0.000000 
0.000000 
0.000000 
0.000000 
0.000000 
0.000000 
0.000000 
0.000000 
0.000000 
0.000000 
0.000000 
0.000000 
0.000000 
0.000000 
0.000000 
0.000000 
0.000000 
0.000000 
0.000000 
0.000000 
0.000000 
0.000000 
0.000000 
0.000000 
0.000000 
0.000000 
0.000000 
0.000000 
0.000000 
0.000000 
0.000000 
0.000000 
0.000000 
0.000000 
0.000000 
0.000000 
0.000000 
0.000000 
0.000000 
0.000000 
0.000000 
0.000000 
0.000000 
0.000000 
0.000000 
0.000000 
0.000000 
0.000000 
0.000000 
0.000000 
0.000000 
0.000000 
0.000028 
0.000083 
0.000222 
0.000417 
0.000588 
0.000713 
0.000871 
0.001360 
0.001480 
0.002397 
0.002844 
0.002877 
0.004896 
0.004638 
0.006068 
0.005471 
0.008933 
0.008826 
0.011716 
0.010967 
0.015767 
0.016127 
0.018576 
0.017902 
0.017203 
0.019567 
0.019045 
0.017301 
0.014827 
0.017527 
0.017797 
0.016569 
0.018862 
0.014840 
0.014201 
0.020104 
0.015712 
0.015757 
0.017661 
0.017577 
0.017248 
0.018871 
0.017922 
0.024372 
0.022374 
0.023047 
0.026312 
0.029718 
0.032740 
0.027352 
0.039799 
0.035656 
0.034269 
0.032890 
0.037137 
0.038614 
0.045628 
0.032821 
0.042301 
0.033268 
0.037940 
0.035234 
0.049692 
0.043993 
0.038127 
0.043447 
0.042462 
0.052583 
0.043116 
0.055723 
0.045814 
0.055651 
0.056539 
0.051394 
0.047790 
0.052560 
0.054479 
0.062598 
0.054332 
0.053359 
0.055374 
0.056789 
0.057108 
0.055075 
0.058493 
0.059094 
0.069849 
0.052364 
0.059032 
0.077367 
0.069067 
0.069656 
0.074074 
0.075623 
0.064115 
0.084618 
0.092451 
0.069111 
0.087327 
0.090663 
0.091142 
0.084336 
0.094947 
0.099865 
0.120844 
0.118355 
0.147614 
0.131891 
0.135215 
0.172662 
0.175945 
0.175399 
0.200288 
0.176977 
0.157296 
0.124702 
0.187100 
0.165346 
0.161389 
0.148065 
0.145384 
0.170963 
0.189165 
0.182415 
0.217432 
0.166265 
0.180642 
0.190997 
0.186883 
0.233749 
0.195992 
0.230511 
0.239006 
0.183673 
0.205359 
0.229308 
0.290898 
0.274514 
0.394607 
0.370342 
0.359424 
0.432360 
0.375191 
0.317561 
0.348680 
0.318821 
0.504411 
0.491717 
0.602830 
0.560338 
0.590548 
0.539175 
0.517582 
0.396806 
0.445260 
0.435888 
0.461386 
0.492046 
0.459794 
0.371168 
0.508184 
0.437559 
0.399483 
0.495310 
0.502197 
0.402749 
0.495743 
0.495473 
0.387555 
0.308911 
0.383884 
0.414244 
0.396504 
0.438028 
0.428981 
0.429027 
0.514067 
0.548080 
0.507709 
0.569349 
0.585175 
0.521725 
0.528779 
0.453693 
0.567238 
0.470063 
0.469333 
0.424591 
0.417582 
0.414320 
0.449480 
0.490589 
0.493969 
0.459545 
0.597758 
0.690822 
0.644422 
0.553442 
0.687761 
0.733111 
0.656014 
0.597811 
0.656116 
0.599013 
0.613165 
0.702124 
0.664219 
0.747598 
0.760131 
0.784507 
0.840200 
0.755544 
0.858058 
0.836155 
0.850035 
0.956663 
0.836318 
0.987204 
0.842267 
0.817541 
0.939972 
1.064988 
0.833454 
0.982878 
1.021564 
1.029761 
0.909317 
1.048508 
0.890209 
0.873122 
0.946134 
0.931785 
0.839583 
1.033529 
1.213743 
0.797072 
1.041809 
1.072966 
0.821952 
0.834362 
0.701619 
0.586903 
0.563047 
0.443354 
0.396049 
0.413690 
0.517985 
0.710629 
0.937257 
1.016112 
0.880098 
0.915907 
0.990308 
0.963928 
0.716665 
0.835573 
0.973041 
0.959984 
1.098448 
1.157864 
1.025852 
0.981879 
0.879872 
0.969929 
0.907231 
1.005118 
1.018101 
0.947383 
0.933157 
0.941355 
0.990343 
0.784773 
0.964712 
1.022256 
1.065720 
0.902878 
0.868533 
0.800450 
0.898100 
0.824148 
0.890170 
0.874378 
1.140005 
1.057781 
0.988673 
0.908105 
0.896964 
0.889092 
0.674778 
0.570566 
0.422125 
0.384982 
0.238534 
0.173442 
0.191873 
0.180779 
0.281874 
0.457054 
0.712293 
0.682449 
0.792539 
0.955596 
1.083795 
1.201240 
1.090744 
1.149921 
1.263053 
1.168283 
1.033592 
1.263228 
1.110729 
1.219933 
1.094944 
1.332939 
0.952459 
1.367387 
1.242026 
1.285335 
0.996494 
1.080723 
1.208347 
1.371529 
1.321862 
1.133122 
1.361562 
1.233771 
1.222853 
1.283268 
1.072197 
1.274118 
1.291452 
1.367362 
1.119965 
1.126359 
1.460556 
1.445463 
1.417355 
1.428718 
1.352433 
1.636666 
1.281466 
1.382470 
1.335890 
1.080683 
1.431929 
1.280495 
1.614372 
1.297763 
1.348275 
1.359041 
1.232842 
1.529039 
1.176069 
1.117095 
1.361079 
1.507113 
1.466094 
1.380402 
1.073323 
1.228321 
1.310618 
1.464731 
1.381093 
1.031916 
1.229405 
1.236293 
1.425070 
1.435755 
1.297974 
1.632794 
1.469658 
1.420022 
1.092909 
1.039077 
0.940035 
1.050633 
0.782813 
0.949845 
0.977292 
1.084814 
1.183318 
1.221831 
1.653356 
1.585864 
1.717278 
1.534557 
1.503767 
1.523507 
1.694654 
1.402486 
1.172482 
1.108889 
1.287305 
0.967168 
0.924218 
0.864152 
0.852457 
0.765285 
0.612784 
0.718549 
0.733555 
1.111502 
1.180846 
1.514217 
1.671333 
1.506682 
1.615438 
1.517921 
1.665832 
1.453202 
1.280458 
1.069959 
1.098807 
1.106123 
1.042009 
1.066322 
1.150768 
1.358999 
1.701405 
1.825533 
1.862409 
1.754899 
1.601079 
1.716004 
1.452188 
1.412055 
1.301061 
1.391850 
1.379911 
1.357490 
1.652831 
1.473836 
1.511674 
1.510100 
1.520998 
1.347052 
1.393570 
1.501940 
1.361863 
1.050989 
1.033178 
0.743611 
0.651494 
0.352094 
0.348974 
0.399634 
0.324679 
0.347602 
0.295121 
0.342163 
0.389583 
0.484069 
0.951413 
1.073060 
1.304317 
1.535813 
1.136236 
1.409212 
1.807550 
1.533458 
1.869049 
1.819665 
1.925067 
1.948966 
1.455679 
1.677910 
1.744497 
1.283751 
1.979247 
1.403399 
1.474999 
1.644797 
1.650058 
1.422061 
1.422830 
1.526072 
1.751659 
1.575628 
1.717309 
1.737459 
1.425704 
0.926499 
0.735314 
0.492877 
0.416750 
0.420629 
0.583355 
0.537488 
0.593506 
0.847767 
0.672444 
0.894923 
0.936690 
0.944961 
0.991939 
1.045661 
0.788053 
0.648080 
0.654422 
0.626246 
0.714225 
0.742806 
0.851885 
1.092294 
1.117189 
1.295169 
1.309202 
1.357384 
1.215065 
1.274899 
1.133138 
1.019454 
0.748933 
0.728841 
0.738817 
0.755660 
0.621706 
0.681525 
0.710496 
0.629103 
0.536155 
0.668417 
0.619894 
0.564770 
0.742141 
0.583991 
0.634930 
0.679724 
0.620625 
0.917203 
0.906457 
0.880148 
0.997032 
0.902138 
1.093340 
1.135242 
1.280314 
1.328753 
1.500627 
1.379875 
1.582377 
1.366219 
1.470987 
1.513366 
1.305627 
1.251065 
1.234303 
0.966370 
0.733719 
0.664147 
0.472096 
0.491877 
0.391040 
0.429440 
0.414707 
0.409223 
0.581331 
0.731760 
0.937574 
0.890864 
1.105724 
1.443368 
1.380111 
1.493030 
1.933348 
1.601567 
1.489095 
1.459868 
1.538098 
1.550320 
1.633893 
1.354318 
1.447038 
1.519780 
1.423894 
1.745671 
1.803757 
1.439599 
1.705840 
1.746569 
1.366618 
2.014101 
1.436028 
1.370201 
1.497479 
1.456456 
1.547277 
1.873019 
1.473577 
1.729228 
1.616072 
1.939582 
1.603449 
1.381271 
1.789915 
1.585457 
1.721062 
1.802355 
1.643762 
1.834684 
1.377885 
1.316830 
1.242301 
1.324345 
1.020247 
1.238589 
1.257153 
1.579668 
1.453969 
1.409139 
1.759021 
1.889481 
1.863097 
1.623058 
1.416339 
1.502311 
1.733328 
1.524108 
1.539852 
1.457130 
1.178567 
1.341600 
1.640756 
1.414608 
1.671376 
1.407871 
1.601977 
1.342023 
1.225672 
1.295720 
0.892862 
0.824860 
0.919154 
0.943604 
0.951395 
1.152782 
0.970521 
1.197642 
1.446194 
1.211288 
1.635606 
1.348794 
1.456556 
1.255914 
1.346066 
1.598051 
1.186580 
1.703340 
1.240961 
1.091654 
1.481021 
1.505807 
1.455945 
1.481174 
1.609804 
1.461652 
1.608039 
1.320706 
1.529421 
1.128621 
1.130828 
1.102320 
1.035591 
0.968014 
1.001092 
1.229830 
1.109982 
1.018191 
0.933128 
1.042177 
1.046216 
1.137592 
0.979261 
1.196827 
1.355052 
1.355229 
1.248202 
1.203343 
1.301654 
0.989585 
0.969504 
1.014446 
0.677656 
0.634990 
0.464032 
0.457857 
0.381699 
0.440161 
0.345929 
0.355895 
0.355657 
0.356220 
0.333535 
0.349100 
0.353747 
0.345190 
0.364970 
0.270012 
0.386455 
0.404679 
0.561895 
0.498783 
0.659405 
0.717165 
0.651062 
0.869183 
0.880863 
1.147960 
1.111509 
1.212214 
1.093854 
1.118106 
1.103551 
0.927211 
0.775953 
0.696745 
0.834511 
0.904754 
0.750859 
0.802141 
0.641789 
0.929658 
0.727564 
0.580839 
0.679555 
0.614952 
0.677023 
0.696642 
0.770519 
0.715052 
0.841185 
0.923525 
1.130690 
1.124176 
1.412792 
1.203143 
1.186790 
1.038795 
1.179546 
1.058113 
0.903049 
0.940222 
0.961392 
0.904412 
0.657154 
0.724370 
0.630595 
0.544594 
0.710527 
0.699057 
0.678742 
0.610180 
0.643830 
0.717989 
0.626127 
0.775787 
0.776586 
0.897783 
0.937770 
0.835375 
0.804578 
1.020533 
0.884164 
0.841109 
0.969084 
0.829601 
0.710483 
0.692593 
0.542724 
0.500072 
0.505074 
0.699058 
0.678577 
0.804794 
0.809183 
0.702952 
0.574065 
0.440795 
0.444973 
0.375586 
0.330111 
0.417462 
0.354996 
0.415285 
0.510699 
0.430803 
0.422491 
0.417962 
0.501283 
0.465772 
0.493304 
0.418213 
0.427778 
0.400800 
0.494038 
0.374712 
0.366767 
0.363084 
0.318700 
0.319018 
0.338339 
0.291562 
0.317184 
0.226416 
0.245270 
0.226505 
0.239599 
0.216003 
0.178860 
0.176537 
0.186908 
0.179847 
0.161429 
0.140804 
0.105396 
0.143655 
0.164813 
0.146614 
0.150949 
0.146701 
0.146909 
0.163686 
0.130831 
0.129217 
0.152310 
0.152252 
0.164549 
0.143516 
0.165530 
0.156718 
0.171133 
0.148596 
0.174745 
0.218221 
0.190003 
0.187300 
0.211308 
0.197140 
0.199390 
0.178737 
0.216512 
0.232282 
0.268005 
0.263703 
0.272375 
0.276316 
0.252916 
0.249083 
0.282376 
0.275081 
0.260057 
0.220243 
0.228909 
0.267084 
0.279460 
0.286453 
0.257117 
0.307549 
0.345894 
0.286783 
0.321686 
0.338385 
0.347197 
0.290536 
0.272397 
0.326461 
0.512209 
0.497939 
0.526439 
0.652926 
0.662917 
0.583550 
0.593166 
0.490125 
0.453195 
0.444050 
0.409831 
0.316404 
0.343912 
0.247462 
0.241451 
0.250299 
0.256402 
0.238776 
0.232186 
0.233365 
0.237427 
0.205737 
0.167083 
0.167660 
0.139148 
0.118093 
0.122196 
0.124803 
0.105835 
0.123798 
0.102809 
0.105786 
0.084397 
0.096773 
0.098783 
0.110480 
0.107075 
0.112455 
0.103015 
0.106353 
0.115630 
0.115613 
0.112532 
0.120291 
0.114748 
0.099499 
0.095750 
0.106846 
0.102121 
0.107215 
0.108924 
0.120827 
0.116884 
0.127982 
0.126320 
0.116347 
0.110354 
0.117225 
0.098693 
0.094989 
0.085193 
0.067628 
0.073260 
0.078007 
0.082036 
0.062839 
0.071317 
0.054747 
0.067999 
0.048375 
0.052647 
0.051395 
0.054455 
0.046057 
0.048809 
0.053403 
0.043867 
0.045887 
0.043802 
0.043299 
0.047450 
0.050272 
0.048190 
0.037547 
0.042301 
0.031979 
0.031254 
0.030182 
0.025565 
0.025755 
0.021709 
0.021189 
0.020282 
0.020907 
0.019162 
0.016638 
0.015275 
0.010822 
0.014174 
0.009864 
0.011234 
0.009721 
0.010178 
0.010561 
0.011475 
0.010813 
0.009454 
0.008858 
0.010504 
0.009020 
0.012984 
0.010337 
0.009465 
0.011318 
0.011011 
0.011176 
0.010668 
0.010112 
0.010628 
0.008760 
0.006897 
0.008093 
0.005872 
0.005423 
0.005099 
0.004573 
0.004176 
0.004952 
0.004260 
0.004075 
0.004268 
0.003741 
0.003637 
0.004175 
0.003504 
0.003836 
0.004060 
0.003786 
0.003395 
0.003712 
0.002704 
0.002868 
0.002990 
0.001987 
0.002147 
0.001948 
0.001536 
0.001689 
0.001504 
0.001120 
0.000730 
0.000404 
0.000202 
0.000121 
0.000084 
0.000043 
0.000016 
0.000006 
0.000000 
0.000000 
0.000000 
0.000000 
0.000000 
0.000000 
0.000000 
0.000000 
0.000000 
0.000000 
0.000000 
0.000000 
0.000000 
0.000000 
0.000000 
0.000000 
0.000000 
0.000000 
0.000000 
0.000000 
0.000000 
0.000000 
0.000000 
0.000000 
0.000000 
0.000000 
0.000000 
0.000000 
0.000000 
0.000000 
0.000000 
0.000000 
0.000000 
0.000000 
0.000000 
0.000000 
0.000000 
0.000000 
0.000000 
0.000000 
0.000000 
0.000000 
0.000000 
0.000000 
0.000000 
0.000000 
0.000000 
0.000000 
0.000000 
0.000000 
0.000000 
0.000000 
0.000000 
0.000000 
0.000000 
0.000000 
0.000000 
0.000000 
0.000000 
0.000000 
0.000000 
0.000000 
0.000000 
0.000000 
0.000000 
0.000000 
0.000000 
0.000000 
0.000000 
0.000000 
0.000000 
0.000000 
0.000000 
0.000000 
0.000000 
0.000000 
0.000000 
0.000000 
0.000000 
0.000000 
0.000000 
0.000000 
0.000000 
0.000000 
0.000000 
0.000000 
0.000000 
0.000000 
0.000000 
0.000000 
0.000000 
0.000000 
0.000000 
0.000000 
0.000000 
0.000000 
0.000000 
0.000000 
0.000000 
0.000000 
0.000000 
0.000000 
0.000000 
0.000000 
0.000000 
0.000000 
0.000000 
0.000000 
0.000000 
0.000000 
0.000000 
0.000000 
0.000000 
0.000000 
0.000000 
0.000000 
0.000000 
0.000000 
0.000000 
0.000000 
0.000000 
0.000000 
0.000000 
0.000000 
0.000000 
0.000000 
0.000000 
0.000000 
0.000000 
0.000000 
0.000000 
0.000000 
0.000000 
0.000000 
0.000000 
0.000000 
0.000000 
0.000000 
0.000000 
0.000000 
0.000000 
0.000000 
0.000000 
0.000000 
0.000000 
0.000000 
0.000000 
0.000000 
0.000000 
0.000000 
0.000000 
0.000000 
0.000000 
0.000000 
0.000000 
0.000000 
0.000000 
0.000000 
0.000000 
0.000000 
0.000000 
0.000000 
0.000000 
0.000000 
0.000000 
0.000000 
0.000000 
0.000000 
0.000000 
0.000000 
0.000000 
0.000000 
0.000000 
0.000000 
0.000000 
0.000000 
0.000000 
0.000000 
0.000000 
0.000000 
0.000000 
0.000000 
0.000000 
0.000000 
0.000000 
0.000000 
0.000000 
0.000000 
0.000000 
0.000000 
0.000000 
