0.000000 
0.000000 
0.000000 
0.000000 
0.000000 
0.000000 
0.000000 
0.000000 
0.000000 
0.000000 
0.000000 
0.000000 
0.000000 
0.000000 
0.000000 
0.000000 
0.000000 
0.000000 
0.000000 
0.000000 
0.000000 
0.000000 
0.000000 
0.000000 
0.000000 
0.000000 
0.000000 
0.000000 
0.000000 
0.000000 
0.000000 
0.000000 
0.000000 
0.000000 
0.000000 
0.000000 
0.000000 
0.000000 
0.000000 
0.000000 
0.000000 
0.000000 
0.000000 
0.000000 
0.000000 
0.000000 
0.000000 
0.000000 
0.000000 
0.000000 
0.000000 
0.000000 
0.000000 
0.000000 
0.000000 
0.000000 
0.000000 
0.000000 
0.000000 
0.000000 
0.000000 
0.000000 
0.000000 
0.000000 
0.000000 
0.000000 
0.000000 
0.000000 
0.000000 
0.000000 
0.000000 
0.000000 
0.000000 
0.000000 
0.000000 
0.000000 
0.000000 
0.000000 
0.000000 
0.000000 
0.000000 
0.000000 
0.000000 
0.000000 
0.000000 
0.000000 
0.000000 
0.000000 
0.000000 
0.000000 
0.000000 
0.000000 
0.000000 
0.000000 
0.000000 
0.000000 
0.000000 
0.000000 
0.000000 
0.000000 
0.000000 
0.000000 
0.000000 
0.000000 
0.000000 
0.000000 
0.000000 
0.000000 
0.000000 
0.000000 
0.000000 
0.000000 
0.000000 
0.000000 
0.000000 
0.000000 
0.000000 
0.000000 
0.000000 
0.000000 
0.000000 
0.000000 
0.000000 
0.000000 
0.000000 
0.000000 
0.000000 
0.000000 
0.000000 
0.000000 
0.000000 
0.000000 
0.000000 
0.000000 
0.000000 
0.000000 
0.000000 
0.000000 
0.000000 
0.000000 
0.000000 
0.000000 
0.000000 
0.000000 
0.000000 
0.000000 
0.000000 
0.000000 
0.000000 
0.000000 
0.000000 
0.000000 
0.000000 
0.000000 
0.000000 
0.000000 
0.000000 
0.000000 
0.000000 
0.000000 
0.000000 
0.000000 
0.000000 
0.000000 
0.000000 
0.000000 
0.000000 
0.000000 
0.000000 
0.000000 
0.000000 
0.000000 
0.000000 
0.000000 
0.000000 
0.000000 
0.000000 
0.000000 
0.000000 
0.000000 
0.000000 
0.000000 
0.000000 
0.000000 
0.000000 
0.000000 
0.000000 
0.000000 
0.000000 
0.000000 
0.000000 
0.000000 
0.000000 
0.000000 
0.000000 
0.000000 
0.000000 
0.000000 
0.000000 
0.000000 
0.000000 
0.000000 
0.000000 
0.000000 
0.000000 
0.000000 
0.000000 
0.000000 
0.000000 
0.000000 
0.000000 
0.000000 
0.000000 
0.000000 
0.000000 
0.000000 
0.000000 
0.000000 
0.000000 
0.000000 
0.000000 
0.000000 
0.000000 
0.000000 
0.000000 
0.000028 
0.000116 
0.000227 
0.000338 
0.000518 
0.000766 
0.000985 
0.001101 
0.001867 
0.001911 
0.002777 
0.003513 
0.003575 
0.004453 
0.004651 
0.007323 
0.007274 
0.010001 
0.010672 
0.012971 
0.012556 
0.016459 
0.017455 
0.018072 
0.016851 
0.019217 
0.019061 
0.015299 
0.019641 
0.021495 
0.017008 
0.019254 
0.018672 
0.018236 
0.018077 
0.015993 
0.017910 
0.016093 
0.016351 
0.017138 
0.019092 
0.020426 
0.023969 
0.022486 
0.024654 
0.028203 
0.031793 
0.026960 
0.026977 
0.034332 
0.031239 
0.031695 
0.035334 
0.041880 
0.035753 
0.035397 
0.041639 
0.033546 
0.039065 
0.035525 
0.045318 
0.035869 
0.045433 
0.042413 
0.038517 
0.043232 
0.049511 
0.042551 
0.050479 
0.046547 
0.050268 
0.057710 
0.064435 
0.053982 
0.050108 
0.053375 
0.053486 
0.057196 
0.060132 
0.059834 
0.044938 
0.053170 
0.059753 
0.050705 
0.064035 
0.061883 
0.068131 
0.072169 
0.059246 
0.069588 
0.073845 
0.065411 
0.065963 
0.071015 
0.074933 
0.080945 
0.086162 
0.083569 
0.079249 
0.107890 
0.083321 
0.075706 
0.110087 
0.123600 
0.108705 
0.128692 
0.123693 
0.184014 
0.161330 
0.172772 
0.169092 
0.160865 
0.162260 
0.171933 
0.187345 
0.189997 
0.177739 
0.175686 
0.170937 
0.167226 
0.152016 
0.162704 
0.184922 
0.245689 
0.169017 
0.187413 
0.210860 
0.190852 
0.189183 
0.202369 
0.186168 
0.213253 
0.216175 
0.221122 
0.217879 
0.250839 
0.224816 
0.286421 
0.309482 
0.306087 
0.366538 
0.363129 
0.361511 
0.395079 
0.392532 
0.372892 
0.422199 
0.529326 
0.616802 
0.490088 
0.604679 
0.542279 
0.427711 
0.507641 
0.440817 
0.442767 
0.431203 
0.504073 
0.356390 
0.446563 
0.373474 
0.444474 
0.435753 
0.495924 
0.563137 
0.544499 
0.430032 
0.449088 
0.421464 
0.328564 
0.375341 
0.367982 
0.387659 
0.406118 
0.331146 
0.334302 
0.401987 
0.507298 
0.463365 
0.561691 
0.482880 
0.597059 
0.553704 
0.566834 
0.554399 
0.472738 
0.477440 
0.507039 
0.401229 
0.426619 
0.509557 
0.505342 
0.564157 
0.556779 
0.654774 
0.580373 
0.540143 
0.736321 
0.624084 
0.696686 
0.763606 
0.759827 
0.578131 
0.708112 
0.671104 
0.673079 
0.596736 
0.707734 
0.770797 
0.752861 
0.771538 
0.842264 
0.821559 
0.834875 
0.813540 
0.815867 
1.024603 
1.013862 
0.641641 
0.728349 
0.967435 
0.951880 
0.853429 
0.903751 
0.977770 
1.036013 
0.924737 
0.902101 
0.716853 
0.872680 
1.013887 
1.059732 
1.013672 
1.020136 
1.201442 
1.257557 
1.109120 
1.173108 
0.822966 
0.912561 
0.700349 
0.588821 
0.489028 
0.401111 
0.297541 
0.363932 
0.580574 
0.573639 
0.803736 
0.651979 
0.814673 
0.875633 
0.757035 
0.939650 
0.704621 
0.978213 
1.126001 
0.780494 
0.994841 
1.030294 
1.113591 
1.045140 
1.078619 
1.122588 
1.092904 
1.020712 
0.746732 
0.929797 
0.975989 
0.939964 
0.867358 
1.105963 
0.847819 
0.916257 
1.192652 
0.843072 
1.018174 
0.744604 
0.785838 
0.854205 
0.875404 
0.837649 
1.142541 
1.094421 
1.013329 
1.066056 
0.861771 
0.750935 
0.559263 
0.578353 
0.430143 
0.350750 
0.226445 
0.217282 
0.188610 
0.187983 
0.330537 
0.502359 
0.761002 
0.731059 
0.935158 
1.011896 
1.045485 
1.215770 
1.337897 
1.114235 
1.046141 
1.117044 
1.229949 
1.015175 
1.185879 
1.229610 
1.295077 
1.265452 
1.174424 
1.189117 
1.415588 
1.302293 
1.348877 
1.135073 
1.301641 
1.238074 
1.312779 
1.302266 
1.059140 
1.260987 
1.275758 
1.147339 
1.165841 
1.073908 
1.335007 
1.218237 
1.159316 
1.339050 
1.199119 
1.417200 
0.885010 
1.073658 
1.579934 
1.343305 
1.303422 
1.247785 
1.482674 
1.484226 
1.278092 
1.255282 
1.655609 
1.430402 
1.416928 
1.239817 
1.270128 
1.301327 
1.616870 
1.468709 
1.413242 
1.533889 
1.515646 
1.340340 
1.047960 
1.512531 
1.246284 
1.287993 
1.352924 
1.332369 
1.336755 
1.358816 
1.606400 
1.585506 
1.493794 
1.766994 
1.533517 
1.159241 
1.047089 
1.068221 
0.943928 
0.814163 
0.983159 
1.046382 
0.984821 
1.211557 
1.096531 
1.317937 
1.401069 
1.501359 
1.667032 
1.830420 
1.573643 
1.322795 
1.334194 
1.271484 
1.471507 
1.182547 
1.292387 
0.903704 
0.977590 
0.996914 
0.793954 
0.695382 
0.783250 
0.712463 
0.802968 
1.039642 
1.277537 
1.230408 
1.670580 
1.591791 
1.942923 
1.688247 
1.675814 
1.475946 
1.169131 
0.995189 
1.238386 
1.144785 
0.882890 
0.947619 
1.424386 
1.434492 
1.402454 
1.639875 
1.366026 
1.452109 
1.474234 
1.726875 
1.753661 
1.365106 
1.224564 
1.737292 
1.491042 
1.342451 
1.406804 
1.652393 
1.309554 
1.701368 
1.716695 
1.616570 
1.424801 
1.393320 
1.163523 
0.974525 
0.833879 
0.607379 
0.445527 
0.367051 
0.271770 
0.350464 
0.311855 
0.322558 
0.350115 
0.348063 
0.402675 
0.646462 
1.023331 
1.305422 
1.273339 
1.490696 
1.340639 
1.477212 
1.579995 
1.682926 
1.307787 
1.493712 
1.600206 
1.678862 
1.612370 
1.503678 
1.653790 
1.545766 
1.498760 
1.644196 
1.495367 
1.711845 
1.749881 
1.820253 
1.353145 
1.730000 
1.645369 
1.639015 
1.444416 
1.508621 
1.408323 
1.057512 
0.904586 
0.645479 
0.372237 
0.449840 
0.513037 
0.423809 
0.670296 
0.776534 
0.833507 
0.797732 
0.921215 
0.788628 
0.995433 
0.979443 
0.965711 
0.886296 
0.690008 
0.570769 
0.650776 
0.784871 
0.765704 
1.052091 
1.169953 
1.236123 
1.223453 
1.376609 
1.376861 
1.428398 
1.208059 
1.146914 
0.765752 
0.598925 
0.727113 
0.684539 
0.590229 
0.664184 
0.576290 
0.672350 
0.725861 
0.695943 
0.745954 
0.640439 
0.622710 
0.560730 
0.638589 
0.674625 
0.877624 
0.659292 
0.887476 
0.877805 
1.062599 
1.098047 
1.201940 
1.111552 
1.112551 
1.213842 
1.563258 
1.748842 
1.475703 
1.248387 
1.551757 
1.441052 
1.261575 
1.111403 
1.153571 
1.060274 
0.736166 
0.608511 
0.456109 
0.518493 
0.412387 
0.437392 
0.501719 
0.428370 
0.537259 
0.508444 
0.621897 
1.030703 
1.161811 
1.407852 
1.492212 
1.584491 
1.926293 
1.940624 
1.755462 
1.992504 
1.655357 
1.572703 
1.440558 
1.475909 
1.534652 
1.498800 
1.359279 
1.546661 
1.528820 
1.514010 
1.574120 
1.528025 
1.524516 
1.806236 
1.439252 
1.512008 
1.747043 
1.877818 
1.849643 
1.807538 
1.663662 
1.716090 
1.676388 
1.540308 
1.840325 
1.986102 
1.873299 
1.635049 
1.828899 
1.486918 
1.552246 
1.604412 
1.250947 
1.111526 
1.198063 
1.174342 
1.102854 
1.181438 
1.220136 
1.331368 
1.538214 
1.496225 
1.466969 
1.652044 
1.671826 
1.852433 
1.624108 
1.614009 
1.559494 
1.618048 
1.733078 
1.613475 
1.406379 
1.558660 
1.254126 
1.472538 
1.420617 
1.350721 
1.298653 
1.452649 
1.415067 
1.090808 
1.087183 
1.001913 
1.025418 
0.951540 
0.944496 
1.031469 
0.960929 
1.267662 
1.299912 
1.336317 
1.621745 
1.360273 
1.422870 
1.397892 
1.549917 
1.378254 
1.432657 
1.208279 
1.454385 
1.431816 
1.361402 
1.327689 
1.636320 
1.617686 
1.579612 
1.560461 
1.209402 
1.269126 
1.407438 
1.253279 
1.119730 
1.103383 
1.073371 
1.031997 
1.020623 
1.099917 
1.021162 
0.984125 
1.029122 
1.028626 
0.955907 
0.918067 
1.092775 
1.285626 
1.141474 
1.393239 
1.152071 
1.233669 
1.242104 
1.243605 
1.103569 
1.099141 
0.688698 
0.506595 
0.462431 
0.398810 
0.400439 
0.372558 
0.427183 
0.352553 
0.353312 
0.339916 
0.394770 
0.361573 
0.354235 
0.355712 
0.411811 
0.384558 
0.374382 
0.376261 
0.534709 
0.562450 
0.535540 
0.684256 
0.641455 
0.909064 
1.005647 
0.917996 
0.987566 
1.175769 
1.266060 
1.385525 
0.962568 
1.008591 
0.950274 
0.915882 
0.907797 
0.775430 
0.704179 
0.720417 
0.637826 
0.586306 
0.747648 
0.642412 
0.623948 
0.607072 
0.686888 
0.592028 
0.779213 
0.874826 
0.746501 
0.994812 
1.023301 
1.048749 
1.184755 
1.311165 
1.133037 
1.105104 
1.075302 
1.095536 
1.085478 
0.909922 
0.846872 
0.744398 
0.837028 
0.805869 
0.743139 
0.670085 
0.649720 
0.625686 
0.661214 
0.615321 
0.692624 
0.672015 
0.753877 
0.826406 
0.773425 
0.814124 
0.763678 
0.889663 
0.921923 
1.030911 
0.894684 
0.948799 
0.745251 
0.789332 
0.779327 
0.544625 
0.595952 
0.585243 
0.472708 
0.619021 
0.655596 
0.610894 
0.687852 
0.695244 
0.614872 
0.586594 
0.434734 
0.420796 
0.407919 
0.395902 
0.439264 
0.546928 
0.462487 
0.483814 
0.456255 
0.425758 
0.370474 
0.509600 
0.503882 
0.384146 
0.400570 
0.467192 
0.348951 
0.452248 
0.333977 
0.388672 
0.408959 
0.276919 
0.325450 
0.356892 
0.292279 
0.252935 
0.221497 
0.231179 
0.220180 
0.186647 
0.220207 
0.179221 
0.190533 
0.189731 
0.198054 
0.158149 
0.153326 
0.145040 
0.128362 
0.150555 
0.158292 
0.123095 
0.134214 
0.131545 
0.155851 
0.146144 
0.146451 
0.162326 
0.155474 
0.135594 
0.131303 
0.195752 
0.148892 
0.194856 
0.173966 
0.192380 
0.190882 
0.198627 
0.207157 
0.238712 
0.215444 
0.210982 
0.216265 
0.232567 
0.231595 
0.240652 
0.274904 
0.231781 
0.286830 
0.303836 
0.268948 
0.245021 
0.258019 
0.284869 
0.263374 
0.242814 
0.222695 
0.263945 
0.237726 
0.299485 
0.255209 
0.325613 
0.330342 
0.361493 
0.365165 
0.303989 
0.345458 
0.407536 
0.397604 
0.526450 
0.610720 
0.623160 
0.679701 
0.680402 
0.572891 
0.470786 
0.402787 
0.480178 
0.374795 
0.289972 
0.251172 
0.260843 
0.244912 
0.262355 
0.253135 
0.233443 
0.242730 
0.242355 
0.215927 
0.193874 
0.156852 
0.174708 
0.145672 
0.129035 
0.114200 
0.116407 
0.131012 
0.098631 
0.114701 
0.105398 
0.118957 
0.091032 
0.103499 
0.108931 
0.112130 
0.120460 
0.113097 
0.117704 
0.097101 
0.111872 
0.105173 
0.110016 
0.127408 
0.096859 
0.094320 
0.080764 
0.109097 
0.108591 
0.108999 
0.108828 
0.111793 
0.140940 
0.110714 
0.112508 
0.101552 
0.103295 
0.089880 
0.079932 
0.093942 
0.091526 
0.064063 
0.079956 
0.068346 
0.064670 
0.062788 
0.059222 
0.062071 
0.057304 
0.059633 
0.056672 
0.047786 
0.049343 
0.057073 
0.059879 
0.039652 
0.038013 
0.037780 
0.057479 
0.044698 
0.046148 
0.049480 
0.030899 
0.034467 
0.028926 
0.032464 
0.027133 
0.026176 
0.023634 
0.022521 
0.025097 
0.021231 
0.018331 
0.016885 
0.013917 
0.014920 
0.013763 
0.013148 
0.011270 
0.012941 
0.009929 
0.011821 
0.010083 
0.010046 
0.012742 
0.010917 
0.011102 
0.011117 
0.010745 
0.010739 
0.011348 
0.011059 
0.010865 
0.012116 
0.010441 
0.010191 
0.009434 
0.007287 
0.011050 
0.007608 
0.006035 
0.006539 
0.005054 
0.004428 
0.004408 
0.003973 
0.004204 
0.003733 
0.004073 
0.003088 
0.004914 
0.003458 
0.003773 
0.003279 
0.003823 
0.003360 
0.003722 
0.003452 
0.003886 
0.002894 
0.003332 
0.003049 
0.002641 
0.002291 
0.002201 
0.001880 
0.001650 
0.001579 
0.001026 
0.000607 
0.000390 
0.000268 
0.000101 
0.000083 
0.000051 
0.000020 
0.000006 
0.000000 
0.000000 
0.000000 
0.000000 
0.000000 
0.000000 
0.000000 
0.000000 
0.000000 
0.000000 
0.000000 
0.000000 
0.000000 
0.000000 
0.000000 
0.000000 
0.000000 
0.000000 
0.000000 
0.000000 
0.000000 
0.000000 
0.000000 
0.000000 
0.000000 
0.000000 
0.000000 
0.000000 
0.000000 
0.000000 
0.000000 
0.000000 
0.000000 
0.000000 
0.000000 
0.000000 
0.000000 
0.000000 
0.000000 
0.000000 
0.000000 
0.000000 
0.000000 
0.000000 
0.000000 
0.000000 
0.000000 
0.000000 
0.000000 
0.000000 
0.000000 
0.000000 
0.000000 
0.000000 
0.000000 
0.000000 
0.000000 
0.000000 
0.000000 
0.000000 
0.000000 
0.000000 
0.000000 
0.000000 
0.000000 
0.000000 
0.000000 
0.000000 
0.000000 
0.000000 
0.000000 
0.000000 
0.000000 
0.000000 
0.000000 
0.000000 
0.000000 
0.000000 
0.000000 
0.000000 
0.000000 
0.000000 
0.000000 
0.000000 
0.000000 
0.000000 
0.000000 
0.000000 
0.000000 
0.000000 
0.000000 
0.000000 
0.000000 
0.000000 
0.000000 
0.000000 
0.000000 
0.000000 
0.000000 
0.000000 
0.000000 
0.000000 
0.000000 
0.000000 
0.000000 
0.000000 
0.000000 
0.000000 
0.000000 
0.000000 
0.000000 
0.000000 
0.000000 
0.000000 
0.000000 
0.000000 
0.000000 
0.000000 
0.000000 
0.000000 
0.000000 
0.000000 
0.000000 
0.000000 
0.000000 
0.000000 
0.000000 
0.000000 
0.000000 
0.000000 
0.000000 
0.000000 
0.000000 
0.000000 
0.000000 
0.000000 
0.000000 
0.000000 
0.000000 
0.000000 
0.000000 
0.000000 
0.000000 
0.000000 
0.000000 
0.000000 
0.000000 
0.000000 
0.000000 
0.000000 
0.000000 
0.000000 
0.000000 
0.000000 
0.000000 
0.000000 
0.000000 
0.000000 
0.000000 
0.000000 
0.000000 
0.000000 
0.000000 
0.000000 
0.000000 
0.000000 
0.000000 
0.000000 
0.000000 
0.000000 
0.000000 
0.000000 
0.000000 
0.000000 
0.000000 
0.000000 
0.000000 
0.000000 
0.000000 
0.000000 
0.000000 
0.000000 
0.000000 
0.000000 
0.000000 
0.000000 
0.000000 
0.000000 
0.000000 
0.000000 
0.000000 
