0.000000 
0.000000 
0.000000 
0.000000 
0.000000 
0.000000 
0.000000 
0.000000 
0.000000 
0.000000 
0.000000 
0.000000 
0.000000 
0.000000 
0.000000 
0.000000 
0.000000 
0.000000 
0.000000 
0.000000 
0.000000 
0.000000 
0.000000 
0.000000 
0.000000 
0.000000 
0.000000 
0.000000 
0.000000 
0.000000 
0.000000 
0.000000 
0.000000 
0.000000 
0.000000 
0.000000 
0.000000 
0.000000 
0.000000 
0.000000 
0.000000 
0.000000 
0.000000 
0.000000 
0.000000 
0.000000 
0.000000 
0.000000 
0.000000 
0.000000 
0.000000 
0.000000 
0.000000 
0.000000 
0.000000 
0.000000 
0.000000 
0.000000 
0.000000 
0.000000 
0.000000 
0.000000 
0.000000 
0.000000 
0.000000 
0.000000 
0.000000 
0.000000 
0.000000 
0.000000 
0.000000 
0.000000 
0.000000 
0.000000 
0.000000 
0.000000 
0.000000 
0.000000 
0.000000 
0.000000 
0.000000 
0.000000 
0.000000 
0.000000 
0.000000 
0.000000 
0.000000 
0.000000 
0.000000 
0.000000 
0.000000 
0.000000 
0.000000 
0.000000 
0.000000 
0.000000 
0.000000 
0.000000 
0.000000 
0.000000 
0.000000 
0.000000 
0.000000 
0.000000 
0.000000 
0.000000 
0.000000 
0.000000 
0.000000 
0.000000 
0.000000 
0.000000 
0.000000 
0.000000 
0.000000 
0.000000 
0.000000 
0.000000 
0.000000 
0.000000 
0.000000 
0.000000 
0.000000 
0.000000 
0.000000 
0.000000 
0.000000 
0.000000 
0.000000 
0.000000 
0.000000 
0.000000 
0.000000 
0.000000 
0.000000 
0.000000 
0.000000 
0.000000 
0.000000 
0.000000 
0.000000 
0.000000 
0.000000 
0.000000 
0.000000 
0.000000 
0.000000 
0.000000 
0.000000 
0.000000 
0.000000 
0.000000 
0.000000 
0.000000 
0.000000 
0.000000 
0.000000 
0.000000 
0.000000 
0.000000 
0.000000 
0.000000 
0.000000 
0.000000 
0.000000 
0.000000 
0.000000 
0.000000 
0.000000 
0.000000 
0.000000 
0.000000 
0.000000 
0.000000 
0.000000 
0.000000 
0.000000 
0.000000 
0.000000 
0.000000 
0.000000 
0.000000 
0.000000 
0.000000 
0.000000 
0.000000 
0.000000 
0.000000 
0.000000 
0.000000 
0.000000 
0.000000 
0.000000 
0.000000 
0.000000 
0.000000 
0.000000 
0.000000 
0.000000 
0.000000 
0.000000 
0.000000 
0.000000 
0.000000 
0.000000 
0.000000 
0.000000 
0.000000 
0.000000 
0.000000 
0.000000 
0.000000 
0.000000 
0.000000 
0.000000 
0.000000 
0.000000 
0.000000 
0.000000 
0.000000 
0.000000 
0.000000 
0.000000 
0.000000 
0.000000 
0.000025 
0.000080 
0.000210 
0.000345 
0.000416 
0.000604 
0.000931 
0.000960 
0.001321 
0.001665 
0.002077 
0.002452 
0.003907 
0.003927 
0.003909 
0.005031 
0.007368 
0.007034 
0.008424 
0.011171 
0.011630 
0.012234 
0.012341 
0.016246 
0.017143 
0.017159 
0.011862 
0.016646 
0.014781 
0.011324 
0.014338 
0.012469 
0.015654 
0.013591 
0.013074 
0.012668 
0.014828 
0.016257 
0.014248 
0.016780 
0.016158 
0.017146 
0.015982 
0.020669 
0.024409 
0.021560 
0.021700 
0.021544 
0.026373 
0.028987 
0.029294 
0.023682 
0.030212 
0.029600 
0.029900 
0.032496 
0.029886 
0.039087 
0.035908 
0.039572 
0.036473 
0.038228 
0.035781 
0.034532 
0.034115 
0.038369 
0.044418 
0.037445 
0.035976 
0.045925 
0.045920 
0.046133 
0.042668 
0.035599 
0.040757 
0.051752 
0.051952 
0.040966 
0.054750 
0.044644 
0.053174 
0.045358 
0.053028 
0.050045 
0.050029 
0.044409 
0.050207 
0.055186 
0.059076 
0.046602 
0.065269 
0.057115 
0.061775 
0.069252 
0.056356 
0.067557 
0.060886 
0.057774 
0.067932 
0.057955 
0.081293 
0.082895 
0.074523 
0.084960 
0.089120 
0.119012 
0.098207 
0.141132 
0.165653 
0.124385 
0.156881 
0.143942 
0.152925 
0.147172 
0.150285 
0.142623 
0.135677 
0.145939 
0.127365 
0.137004 
0.127981 
0.136806 
0.157695 
0.161253 
0.172850 
0.175494 
0.107545 
0.151353 
0.194506 
0.193729 
0.210365 
0.201998 
0.172558 
0.191265 
0.197436 
0.208414 
0.223071 
0.220067 
0.280873 
0.261524 
0.348336 
0.297491 
0.284871 
0.324883 
0.318355 
0.297906 
0.362842 
0.423422 
0.528968 
0.518474 
0.517273 
0.422530 
0.372671 
0.439360 
0.444508 
0.405753 
0.357850 
0.400490 
0.385590 
0.355404 
0.321273 
0.431895 
0.425828 
0.443984 
0.396697 
0.377264 
0.398449 
0.303671 
0.335910 
0.339550 
0.332574 
0.318399 
0.337681 
0.329129 
0.345506 
0.416385 
0.387631 
0.403427 
0.423488 
0.337771 
0.520658 
0.423918 
0.490725 
0.427140 
0.521160 
0.422351 
0.517013 
0.423094 
0.351797 
0.372651 
0.326750 
0.430150 
0.418384 
0.331970 
0.462275 
0.497276 
0.455394 
0.504626 
0.553148 
0.536130 
0.424423 
0.599897 
0.597029 
0.538196 
0.490647 
0.513308 
0.564481 
0.702963 
0.661776 
0.679775 
0.690267 
0.725489 
0.697901 
0.539263 
0.713615 
0.683532 
0.558622 
0.713294 
0.805307 
0.793831 
0.755257 
0.857492 
0.763751 
0.799405 
0.846142 
0.997128 
0.739794 
0.946828 
0.996614 
0.904001 
0.863096 
0.789474 
0.819235 
0.954254 
0.981719 
1.038932 
1.025368 
0.783372 
0.856987 
0.618296 
0.649714 
0.493328 
0.396133 
0.294984 
0.315213 
0.400104 
0.423146 
0.553923 
0.780198 
0.656089 
0.782192 
0.692867 
0.831232 
0.795421 
0.759767 
0.745268 
0.846412 
0.865345 
0.988632 
0.764394 
0.810411 
0.844021 
0.724672 
0.961765 
0.851044 
0.881318 
0.864964 
0.853398 
1.042221 
0.902327 
0.800057 
0.846521 
0.972599 
0.902833 
0.810037 
0.718849 
0.777708 
0.828928 
0.737236 
0.757393 
0.650353 
0.927753 
0.956740 
0.977556 
0.993330 
0.912847 
0.824672 
0.650726 
0.556189 
0.481650 
0.359791 
0.278719 
0.220934 
0.145595 
0.163929 
0.211092 
0.283241 
0.478246 
0.574271 
0.672812 
0.781825 
0.896070 
0.939847 
1.097613 
0.899592 
1.000117 
0.956294 
1.130047 
1.032038 
1.118114 
0.970765 
0.819481 
1.100707 
0.913346 
1.098872 
1.157460 
1.052442 
1.004374 
1.106013 
0.946421 
0.883039 
1.056003 
0.928393 
1.116046 
1.011240 
1.008648 
1.215289 
0.984691 
1.300318 
1.014554 
0.895364 
1.113310 
1.208390 
1.075725 
0.879899 
1.282447 
1.151606 
1.191667 
1.116447 
1.279561 
1.131718 
1.117150 
1.158040 
1.164022 
1.106995 
1.187217 
1.138075 
1.194810 
1.352053 
1.089905 
0.971210 
1.157367 
1.016884 
1.342322 
1.220507 
1.074627 
1.175824 
1.368785 
1.238341 
1.286022 
1.207465 
1.093292 
1.347444 
1.257139 
1.112461 
1.165227 
1.109542 
1.020825 
1.320107 
1.239673 
1.399262 
1.214073 
0.866492 
0.846421 
0.765125 
0.714269 
0.796308 
0.830429 
0.754353 
0.906609 
1.041585 
1.017917 
1.263302 
1.257995 
1.256533 
1.062154 
1.240134 
1.212079 
1.260664 
1.449565 
1.089849 
1.256223 
1.038157 
1.000952 
0.784620 
0.878054 
0.743888 
0.605448 
0.562257 
0.539407 
0.745920 
0.962301 
1.180556 
1.122607 
1.502477 
1.421099 
1.393556 
1.512721 
1.024808 
1.188127 
0.984984 
1.178396 
0.856522 
0.724931 
0.956138 
0.880754 
0.829420 
1.116696 
1.478354 
1.110300 
1.063349 
1.493228 
1.557479 
1.444092 
1.062849 
1.261166 
1.251159 
1.204166 
1.079977 
1.145937 
1.147944 
1.438793 
1.180258 
1.172122 
1.227939 
1.149508 
1.058947 
1.203336 
1.228053 
1.056519 
0.658026 
0.586176 
0.527845 
0.388054 
0.326960 
0.280868 
0.297839 
0.307234 
0.253963 
0.299191 
0.315648 
0.547802 
0.853964 
0.851608 
0.978442 
1.062168 
1.279531 
1.437745 
1.506071 
1.266127 
1.549990 
1.516230 
1.325620 
1.331884 
1.656627 
1.555796 
1.710210 
1.602804 
1.333682 
1.509901 
1.459181 
1.450476 
1.415854 
1.656003 
1.446531 
1.417126 
1.286032 
1.394810 
1.418749 
1.444229 
1.200878 
0.967084 
0.718438 
0.515892 
0.380774 
0.400482 
0.472299 
0.517446 
0.515707 
0.662617 
0.719400 
0.734572 
0.636491 
0.818358 
0.891096 
0.844139 
0.744866 
0.674235 
0.464530 
0.521535 
0.603669 
0.527568 
0.731346 
0.896960 
0.963481 
1.002272 
1.066617 
0.964524 
1.280986 
1.303632 
1.182117 
0.838037 
0.743562 
0.630522 
0.569322 
0.527617 
0.584018 
0.733787 
0.659826 
0.556028 
0.634045 
0.645321 
0.520993 
0.463819 
0.565998 
0.552758 
0.604115 
0.573675 
0.616891 
0.739884 
0.728379 
0.752008 
0.783550 
0.795214 
1.045318 
1.091764 
0.941885 
1.350172 
1.072769 
1.435358 
1.457509 
1.206370 
1.461447 
1.014291 
1.320123 
1.259737 
1.065454 
0.909646 
0.686499 
0.640587 
0.528033 
0.463737 
0.418821 
0.436857 
0.387269 
0.464931 
0.500940 
0.541691 
0.679698 
0.964606 
0.941022 
1.190518 
1.284381 
1.638245 
1.535733 
1.620059 
1.397407 
1.302352 
1.521854 
1.444215 
1.331688 
1.503700 
1.454385 
1.282229 
1.575620 
1.125891 
1.163514 
1.437146 
1.433998 
1.372499 
1.318229 
1.433208 
1.254713 
1.302441 
1.004697 
1.512452 
1.415638 
1.270894 
1.515417 
1.239508 
1.452039 
1.341180 
1.256293 
1.508159 
1.361859 
1.185874 
1.213004 
1.368534 
1.321153 
1.348773 
1.332185 
1.135222 
1.093023 
0.972812 
1.297419 
1.020184 
1.111408 
1.248861 
1.249999 
1.220749 
1.272385 
1.158277 
1.385884 
1.231491 
1.344188 
1.076422 
1.126348 
1.221965 
1.305159 
1.286847 
1.135929 
1.156369 
1.178000 
1.149272 
1.176342 
1.078926 
1.256445 
0.956492 
0.948527 
1.069893 
1.079228 
0.861996 
0.956963 
0.775818 
0.712317 
0.778768 
0.922913 
0.999017 
1.102526 
1.147822 
1.370842 
1.367183 
1.140146 
1.108040 
1.300692 
1.284794 
1.186982 
1.225139 
1.218181 
1.320977 
1.073482 
1.153970 
1.266299 
1.099924 
1.263987 
1.367372 
1.356442 
1.014454 
1.135204 
1.063230 
1.028671 
0.875723 
0.965007 
0.903757 
0.943489 
1.065098 
0.834919 
0.916721 
0.678758 
0.819836 
0.901821 
0.590355 
0.862468 
0.895033 
1.104993 
0.944870 
0.906436 
1.044950 
0.885856 
1.027621 
0.889727 
0.680611 
0.568073 
0.416164 
0.417455 
0.366118 
0.322659 
0.309221 
0.320380 
0.269696 
0.262117 
0.280510 
0.290988 
0.261823 
0.328730 
0.297298 
0.331950 
0.357395 
0.396389 
0.342219 
0.440995 
0.454492 
0.509432 
0.501056 
0.646906 
0.685987 
0.666756 
0.988894 
0.992798 
0.929097 
1.027206 
0.923018 
1.008666 
0.825404 
0.681156 
0.706929 
0.752221 
0.630515 
0.634827 
0.602159 
0.507481 
0.536186 
0.491491 
0.541102 
0.627307 
0.612090 
0.535833 
0.689618 
0.736870 
0.640463 
0.738371 
0.902631 
0.871408 
1.053320 
0.892709 
0.938555 
1.000896 
0.992603 
0.930240 
0.903881 
0.960203 
0.916275 
0.610580 
0.705490 
0.606612 
0.648416 
0.572303 
0.603882 
0.574828 
0.612001 
0.629609 
0.613759 
0.641803 
0.649757 
0.521085 
0.534085 
0.791244 
0.688711 
0.671255 
0.633511 
0.720919 
0.861759 
0.594785 
0.709523 
0.825233 
0.707424 
0.640986 
0.570117 
0.513080 
0.484614 
0.549388 
0.517415 
0.576602 
0.594236 
0.728018 
0.619677 
0.547822 
0.433046 
0.416391 
0.337140 
0.343358 
0.391624 
0.405129 
0.393713 
0.446300 
0.407333 
0.398845 
0.371833 
0.341398 
0.414354 
0.460320 
0.371565 
0.311400 
0.422876 
0.346726 
0.304248 
0.391079 
0.316795 
0.292305 
0.346792 
0.325554 
0.241611 
0.275416 
0.233626 
0.196836 
0.255674 
0.211242 
0.145877 
0.180096 
0.170238 
0.174422 
0.157469 
0.152912 
0.130716 
0.165195 
0.136161 
0.134509 
0.138374 
0.122007 
0.121968 
0.108238 
0.115095 
0.125298 
0.126508 
0.150418 
0.121927 
0.139500 
0.128755 
0.135267 
0.117755 
0.139781 
0.133294 
0.146307 
0.143952 
0.141485 
0.182658 
0.162589 
0.199109 
0.166941 
0.213120 
0.214403 
0.205833 
0.221914 
0.198575 
0.222038 
0.172286 
0.237185 
0.185121 
0.225642 
0.246595 
0.220836 
0.202668 
0.206626 
0.207663 
0.216306 
0.217448 
0.208829 
0.180941 
0.271119 
0.203267 
0.269710 
0.262158 
0.220525 
0.277956 
0.284352 
0.357270 
0.350057 
0.495323 
0.457882 
0.481461 
0.529388 
0.482226 
0.427924 
0.473151 
0.352488 
0.393305 
0.300524 
0.293490 
0.219684 
0.187190 
0.220609 
0.187790 
0.191149 
0.228020 
0.229155 
0.200915 
0.172298 
0.176846 
0.129677 
0.136553 
0.087746 
0.093046 
0.093405 
0.111567 
0.080782 
0.102528 
0.072864 
0.086108 
0.081676 
0.092770 
0.100682 
0.094091 
0.094487 
0.101620 
0.093991 
0.095251 
0.082755 
0.090713 
0.102601 
0.095100 
0.095354 
0.086252 
0.093126 
0.092833 
0.082640 
0.083076 
0.094355 
0.092478 
0.095477 
0.120818 
0.100297 
0.102138 
0.089493 
0.097812 
0.075237 
0.093021 
0.076495 
0.073934 
0.067772 
0.062228 
0.051359 
0.051710 
0.042276 
0.052420 
0.052415 
0.049169 
0.047821 
0.038427 
0.050145 
0.041493 
0.041571 
0.046451 
0.039209 
0.037643 
0.035087 
0.036862 
0.036875 
0.033184 
0.029481 
0.031222 
0.031194 
0.027316 
0.030005 
0.023412 
0.021678 
0.019705 
0.022406 
0.015536 
0.020874 
0.017619 
0.014519 
0.011192 
0.013119 
0.011162 
0.010396 
0.010000 
0.009428 
0.008248 
0.010477 
0.009630 
0.009800 
0.008784 
0.007916 
0.008585 
0.008836 
0.008099 
0.009072 
0.009635 
0.008560 
0.010214 
0.009586 
0.010715 
0.008305 
0.008341 
0.008187 
0.008629 
0.007611 
0.006256 
0.004350 
0.004052 
0.004186 
0.004296 
0.003503 
0.003625 
0.002859 
0.002943 
0.003823 
0.003452 
0.003633 
0.003361 
0.003041 
0.002923 
0.003083 
0.002946 
0.003137 
0.002959 
0.002469 
0.002220 
0.002374 
0.002247 
0.001907 
0.001693 
0.001552 
0.000945 
0.000997 
0.001078 
0.000559 
0.000367 
0.000233 
0.000098 
0.000064 
0.000047 
0.000017 
0.000005 
0.000000 
0.000000 
0.000000 
0.000000 
0.000000 
0.000000 
0.000000 
0.000000 
0.000000 
0.000000 
0.000000 
0.000000 
0.000000 
0.000000 
0.000000 
0.000000 
0.000000 
0.000000 
0.000000 
0.000000 
0.000000 
0.000000 
0.000000 
0.000000 
0.000000 
0.000000 
0.000000 
0.000000 
0.000000 
0.000000 
0.000000 
0.000000 
0.000000 
0.000000 
0.000000 
0.000000 
0.000000 
0.000000 
0.000000 
0.000000 
0.000000 
0.000000 
0.000000 
0.000000 
0.000000 
0.000000 
0.000000 
0.000000 
0.000000 
0.000000 
0.000000 
0.000000 
0.000000 
0.000000 
0.000000 
0.000000 
0.000000 
0.000000 
0.000000 
0.000000 
0.000000 
0.000000 
0.000000 
0.000000 
0.000000 
0.000000 
0.000000 
0.000000 
0.000000 
0.000000 
0.000000 
0.000000 
0.000000 
0.000000 
0.000000 
0.000000 
0.000000 
0.000000 
0.000000 
0.000000 
0.000000 
0.000000 
0.000000 
0.000000 
0.000000 
0.000000 
0.000000 
0.000000 
0.000000 
0.000000 
0.000000 
0.000000 
0.000000 
0.000000 
0.000000 
0.000000 
0.000000 
0.000000 
0.000000 
0.000000 
0.000000 
0.000000 
0.000000 
0.000000 
0.000000 
0.000000 
0.000000 
0.000000 
0.000000 
0.000000 
0.000000 
0.000000 
0.000000 
0.000000 
0.000000 
0.000000 
0.000000 
0.000000 
0.000000 
0.000000 
0.000000 
0.000000 
0.000000 
0.000000 
0.000000 
0.000000 
0.000000 
0.000000 
0.000000 
0.000000 
0.000000 
0.000000 
0.000000 
0.000000 
0.000000 
0.000000 
0.000000 
0.000000 
0.000000 
0.000000 
0.000000 
0.000000 
0.000000 
0.000000 
0.000000 
0.000000 
0.000000 
0.000000 
0.000000 
0.000000 
0.000000 
0.000000 
0.000000 
0.000000 
0.000000 
0.000000 
0.000000 
0.000000 
0.000000 
0.000000 
0.000000 
0.000000 
0.000000 
0.000000 
0.000000 
0.000000 
0.000000 
0.000000 
0.000000 
0.000000 
0.000000 
0.000000 
0.000000 
0.000000 
0.000000 
0.000000 
0.000000 
0.000000 
0.000000 
0.000000 
0.000000 
0.000000 
0.000000 
0.000000 
0.000000 
0.000000 
0.000000 
0.000000 
0.000000 
0.000000 
0.000000 
