0.000000 
0.000000 
0.000000 
0.000000 
0.000000 
0.000000 
0.000000 
0.000000 
0.000000 
0.000000 
0.000000 
0.000000 
0.000000 
0.000000 
0.000000 
0.000000 
0.000000 
0.000000 
0.000000 
0.000000 
0.000000 
0.000000 
0.000000 
0.000000 
0.000000 
0.000000 
0.000000 
0.000000 
0.000000 
0.000000 
0.000000 
0.000000 
0.000000 
0.000000 
0.000000 
0.000000 
0.000000 
0.000000 
0.000000 
0.000000 
0.000000 
0.000000 
0.000000 
0.000000 
0.000000 
0.000000 
0.000000 
0.000000 
0.000000 
0.000000 
0.000000 
0.000000 
0.000000 
0.000000 
0.000000 
0.000000 
0.000000 
0.000000 
0.000000 
0.000000 
0.000000 
0.000000 
0.000000 
0.000000 
0.000000 
0.000000 
0.000000 
0.000000 
0.000000 
0.000000 
0.000000 
0.000000 
0.000000 
0.000000 
0.000000 
0.000000 
0.000000 
0.000000 
0.000000 
0.000000 
0.000000 
0.000000 
0.000000 
0.000000 
0.000000 
0.000000 
0.000000 
0.000000 
0.000000 
0.000000 
0.000000 
0.000000 
0.000000 
0.000000 
0.000000 
0.000000 
0.000000 
0.000000 
0.000000 
0.000000 
0.000000 
0.000000 
0.000000 
0.000000 
0.000000 
0.000000 
0.000000 
0.000000 
0.000000 
0.000000 
0.000000 
0.000000 
0.000000 
0.000000 
0.000000 
0.000000 
0.000000 
0.000000 
0.000000 
0.000000 
0.000000 
0.000000 
0.000000 
0.000000 
0.000000 
0.000000 
0.000000 
0.000000 
0.000000 
0.000000 
0.000000 
0.000000 
0.000000 
0.000000 
0.000000 
0.000000 
0.000000 
0.000000 
0.000000 
0.000000 
0.000000 
0.000000 
0.000000 
0.000000 
0.000000 
0.000000 
0.000000 
0.000000 
0.000000 
0.000000 
0.000000 
0.000000 
0.000000 
0.000000 
0.000000 
0.000000 
0.000000 
0.000000 
0.000000 
0.000000 
0.000000 
0.000000 
0.000000 
0.000000 
0.000000 
0.000000 
0.000000 
0.000000 
0.000000 
0.000000 
0.000000 
0.000000 
0.000000 
0.000000 
0.000000 
0.000000 
0.000000 
0.000000 
0.000000 
0.000000 
0.000000 
0.000000 
0.000000 
0.000000 
0.000000 
0.000000 
0.000000 
0.000000 
0.000000 
0.000000 
0.000000 
0.000000 
0.000000 
0.000000 
0.000000 
0.000000 
0.000000 
0.000000 
0.000000 
0.000000 
0.000000 
0.000000 
0.000000 
0.000000 
0.000000 
0.000000 
0.000000 
0.000000 
0.000000 
0.000000 
0.000000 
0.000000 
0.000000 
0.000000 
0.000000 
0.000000 
0.000000 
0.000000 
0.000000 
0.000000 
0.000000 
0.000000 
0.000000 
0.000000 
0.000000 
0.000023 
0.000075 
0.000139 
0.000262 
0.000354 
0.000439 
0.000646 
0.000946 
0.001066 
0.001460 
0.002014 
0.002052 
0.002756 
0.003762 
0.004132 
0.004480 
0.005706 
0.007300 
0.007730 
0.009072 
0.009306 
0.012742 
0.013550 
0.011044 
0.013335 
0.013704 
0.012910 
0.013163 
0.015045 
0.011707 
0.012187 
0.012088 
0.011131 
0.012319 
0.010991 
0.011391 
0.011908 
0.014264 
0.013982 
0.013034 
0.010754 
0.015455 
0.012654 
0.017418 
0.016880 
0.018222 
0.016411 
0.018691 
0.024361 
0.024975 
0.024993 
0.022520 
0.026712 
0.024959 
0.027236 
0.024881 
0.027631 
0.028845 
0.028829 
0.031542 
0.028867 
0.028975 
0.028809 
0.028034 
0.032373 
0.029967 
0.030985 
0.029724 
0.033986 
0.036035 
0.031726 
0.036433 
0.036922 
0.037256 
0.038583 
0.038189 
0.039384 
0.040805 
0.035932 
0.032406 
0.040319 
0.048215 
0.033633 
0.041935 
0.048401 
0.043887 
0.046065 
0.049939 
0.036688 
0.038354 
0.044642 
0.044604 
0.049270 
0.053880 
0.037475 
0.046172 
0.055931 
0.054682 
0.059837 
0.055766 
0.060285 
0.059219 
0.056895 
0.068750 
0.069753 
0.094402 
0.088496 
0.107083 
0.115546 
0.121894 
0.113987 
0.126708 
0.125867 
0.130413 
0.119674 
0.131336 
0.118289 
0.119433 
0.100169 
0.113680 
0.123631 
0.112128 
0.113797 
0.131166 
0.147899 
0.105387 
0.133633 
0.125308 
0.163550 
0.148707 
0.166219 
0.164579 
0.144535 
0.176555 
0.137727 
0.207144 
0.197003 
0.206197 
0.219383 
0.272758 
0.257866 
0.255575 
0.322104 
0.263502 
0.230617 
0.341616 
0.381303 
0.382004 
0.415457 
0.428688 
0.319120 
0.339956 
0.338833 
0.364349 
0.383072 
0.355472 
0.296938 
0.325567 
0.334812 
0.306636 
0.302840 
0.380285 
0.366466 
0.283396 
0.343672 
0.284168 
0.288310 
0.298427 
0.234436 
0.246557 
0.279448 
0.296026 
0.270132 
0.283867 
0.320744 
0.268384 
0.380437 
0.376277 
0.342326 
0.378739 
0.456922 
0.351760 
0.411347 
0.382181 
0.411090 
0.373497 
0.278487 
0.361159 
0.284629 
0.288123 
0.274523 
0.284088 
0.339387 
0.402380 
0.426570 
0.417943 
0.396166 
0.476733 
0.494095 
0.521869 
0.455112 
0.463039 
0.411422 
0.490333 
0.473353 
0.462846 
0.488273 
0.459868 
0.548867 
0.599255 
0.561785 
0.620785 
0.517605 
0.553913 
0.623965 
0.568244 
0.533227 
0.696704 
0.509938 
0.581577 
0.790419 
0.797804 
0.640385 
0.744101 
0.706266 
0.754850 
0.748165 
0.623547 
0.717288 
0.724836 
0.769024 
0.736638 
0.822109 
0.786828 
0.836565 
0.728368 
0.653825 
0.708989 
0.706820 
0.602151 
0.447328 
0.464282 
0.347675 
0.251850 
0.218816 
0.254389 
0.343375 
0.437002 
0.593972 
0.508671 
0.660611 
0.772907 
0.661139 
0.664548 
0.723616 
0.814203 
0.747041 
0.724927 
0.680282 
0.678112 
0.705085 
0.707840 
0.716178 
0.727868 
0.835317 
0.734867 
0.647995 
0.795966 
0.716739 
0.784241 
0.770461 
0.817683 
0.568783 
0.752081 
0.744329 
0.646389 
0.626361 
0.684335 
0.654421 
0.552270 
0.590007 
0.701241 
0.801276 
0.782350 
0.863611 
0.644476 
0.739705 
0.662374 
0.449478 
0.446811 
0.305592 
0.227291 
0.191606 
0.123965 
0.123791 
0.172756 
0.230669 
0.272197 
0.445143 
0.477615 
0.548109 
0.649171 
0.746561 
0.810728 
0.800138 
0.748495 
0.936001 
0.558167 
0.810676 
0.801596 
0.899475 
0.867104 
0.748242 
0.898167 
0.996593 
0.986567 
0.899670 
0.940475 
0.828704 
0.910350 
0.915097 
0.901591 
0.793587 
1.007327 
0.790388 
0.844063 
0.889447 
0.864512 
0.676799 
0.983853 
0.645180 
0.928430 
1.074020 
1.002071 
0.860445 
0.812703 
1.077281 
0.947335 
0.875809 
0.942904 
0.919023 
1.015672 
1.053265 
0.985636 
1.084040 
0.875939 
0.940313 
1.014033 
0.947008 
0.994919 
1.182285 
0.883249 
1.099810 
1.053122 
0.971491 
1.191723 
0.916494 
1.141988 
1.035622 
1.029629 
0.994876 
0.973456 
0.913965 
0.928328 
0.895209 
0.783122 
1.041596 
0.980422 
1.046683 
1.149565 
1.136495 
0.875685 
0.974871 
0.685187 
0.559172 
0.573859 
0.547981 
0.700122 
0.753457 
0.749400 
0.912089 
0.816826 
1.030398 
1.061817 
1.159474 
1.112081 
1.171153 
1.023190 
1.053759 
1.098322 
0.869759 
0.780597 
0.791420 
0.673536 
0.765894 
0.616223 
0.630339 
0.553874 
0.420215 
0.546252 
0.491032 
0.796621 
0.921865 
1.143717 
1.244193 
1.267685 
1.169716 
1.053912 
0.966986 
1.075647 
0.925222 
0.876580 
0.713280 
0.756610 
0.708712 
0.736345 
0.952226 
1.177417 
1.222880 
1.122809 
1.189779 
1.122490 
1.120600 
1.144834 
1.133179 
0.990578 
1.002695 
0.826092 
1.034075 
0.935036 
1.250472 
0.836554 
1.180123 
1.137365 
1.137146 
0.999207 
1.101556 
0.863656 
0.953396 
0.808704 
0.718072 
0.530164 
0.400629 
0.252734 
0.257905 
0.231061 
0.212735 
0.237117 
0.247976 
0.224944 
0.290189 
0.421771 
0.650622 
0.843375 
1.070114 
1.057837 
1.085585 
0.953779 
1.154200 
0.957487 
1.263184 
1.045959 
1.181285 
1.046281 
1.243201 
1.235557 
1.135763 
1.295822 
1.300965 
1.187983 
1.094813 
1.374385 
1.252252 
1.044253 
1.266661 
1.067783 
1.077012 
1.137028 
1.094940 
1.021594 
0.833191 
0.696885 
0.496221 
0.366985 
0.288739 
0.298363 
0.372313 
0.457271 
0.529242 
0.577706 
0.541107 
0.539826 
0.616066 
0.682228 
0.589912 
0.611786 
0.719518 
0.479845 
0.441837 
0.338968 
0.440166 
0.516873 
0.601211 
0.751296 
0.737634 
0.765852 
0.870066 
0.793457 
0.966654 
1.109364 
0.859059 
0.829561 
0.731640 
0.462282 
0.411439 
0.448105 
0.537204 
0.470989 
0.495400 
0.433857 
0.551124 
0.526173 
0.429759 
0.474359 
0.444131 
0.410798 
0.475863 
0.403679 
0.562785 
0.538141 
0.632416 
0.615108 
0.777155 
0.737907 
0.707705 
0.803582 
0.881436 
1.026739 
1.112333 
1.148294 
1.145313 
1.000313 
1.060193 
1.036218 
1.043441 
0.922303 
0.679666 
0.623452 
0.510287 
0.456007 
0.423642 
0.364677 
0.301355 
0.319978 
0.364945 
0.409434 
0.432350 
0.519707 
0.585328 
0.644348 
0.877089 
0.918999 
1.032990 
1.179814 
1.259329 
1.143303 
1.397532 
1.254197 
1.385388 
1.044721 
1.059325 
1.001648 
1.320392 
1.354748 
1.183965 
1.118697 
1.240151 
1.219324 
1.186935 
0.847197 
1.140141 
1.150867 
1.064037 
1.146496 
1.162011 
1.114456 
0.965952 
1.259661 
1.311798 
1.158777 
1.244627 
1.188545 
1.224303 
1.200421 
1.307595 
1.024173 
1.054012 
0.853487 
1.134582 
0.980303 
1.069735 
1.002508 
0.876117 
0.944167 
0.853790 
0.810315 
0.952095 
0.885630 
1.055783 
1.156124 
1.073911 
1.132112 
1.100275 
1.187264 
0.902650 
1.031016 
1.141744 
1.078897 
0.930748 
1.167840 
1.040346 
1.112452 
1.122342 
1.118024 
1.184699 
1.029399 
1.258130 
0.850662 
0.944935 
0.894065 
0.732288 
0.829980 
0.739586 
0.739264 
0.696321 
0.665218 
0.763418 
1.033046 
1.057309 
0.863167 
1.024953 
1.027478 
1.110047 
1.155829 
0.958346 
1.059784 
1.139942 
1.054556 
0.993176 
1.015115 
0.987223 
0.990295 
0.944177 
1.110141 
1.183972 
1.104056 
1.140743 
0.888334 
0.750375 
0.861868 
0.869685 
0.852162 
0.880645 
0.775555 
0.552620 
0.703911 
0.799757 
0.630603 
0.630176 
0.618360 
0.664499 
0.788936 
0.845975 
1.088467 
0.882122 
0.980429 
0.799999 
0.714190 
0.841726 
0.777090 
0.823976 
0.692710 
0.475764 
0.361025 
0.279488 
0.315941 
0.219810 
0.261918 
0.256909 
0.254617 
0.238232 
0.258815 
0.250816 
0.256763 
0.259626 
0.232476 
0.223225 
0.287554 
0.278407 
0.294761 
0.355419 
0.402501 
0.434007 
0.498849 
0.616056 
0.590542 
0.643507 
0.593613 
0.902293 
0.891726 
0.920059 
0.794508 
0.703991 
0.741967 
0.707417 
0.556268 
0.596854 
0.515012 
0.577287 
0.537465 
0.418503 
0.495317 
0.476600 
0.491650 
0.439430 
0.446899 
0.516517 
0.492858 
0.493085 
0.537256 
0.643933 
0.720902 
0.762618 
0.731620 
0.723788 
0.819220 
0.785166 
0.801352 
0.761072 
0.864046 
0.789542 
0.833268 
0.518516 
0.550980 
0.503808 
0.467499 
0.503268 
0.450956 
0.434677 
0.467102 
0.532146 
0.480217 
0.595170 
0.526069 
0.453770 
0.412245 
0.647605 
0.592220 
0.627131 
0.609728 
0.588907 
0.645471 
0.672213 
0.598074 
0.573481 
0.580710 
0.570204 
0.465650 
0.374333 
0.401137 
0.405343 
0.416754 
0.602982 
0.446817 
0.636166 
0.540068 
0.392144 
0.324334 
0.310782 
0.352953 
0.282935 
0.305992 
0.314637 
0.337498 
0.315183 
0.373703 
0.328149 
0.406079 
0.352225 
0.298190 
0.323785 
0.286179 
0.313562 
0.291824 
0.319058 
0.354371 
0.224563 
0.299001 
0.304301 
0.234634 
0.226556 
0.257979 
0.237930 
0.180057 
0.215837 
0.156782 
0.149305 
0.136654 
0.143619 
0.159715 
0.137976 
0.096151 
0.109814 
0.102506 
0.117689 
0.109261 
0.101418 
0.102521 
0.099111 
0.097836 
0.118590 
0.099348 
0.099868 
0.102339 
0.111145 
0.105529 
0.125831 
0.105266 
0.119014 
0.126913 
0.123778 
0.119619 
0.159176 
0.141395 
0.129272 
0.158120 
0.159515 
0.102741 
0.152110 
0.159535 
0.157274 
0.182123 
0.157768 
0.175569 
0.172969 
0.185453 
0.142749 
0.196562 
0.146032 
0.180965 
0.195836 
0.151344 
0.188636 
0.184298 
0.144560 
0.183808 
0.184397 
0.233199 
0.233616 
0.235895 
0.216036 
0.264728 
0.284744 
0.247426 
0.202851 
0.283128 
0.269215 
0.358226 
0.413024 
0.470838 
0.383726 
0.387661 
0.432696 
0.402327 
0.315657 
0.338086 
0.300261 
0.255740 
0.193165 
0.153180 
0.198925 
0.176488 
0.196633 
0.181398 
0.186147 
0.159004 
0.131161 
0.136799 
0.109962 
0.116091 
0.079437 
0.101124 
0.088409 
0.090257 
0.072586 
0.076155 
0.073343 
0.079966 
0.068141 
0.070329 
0.051094 
0.078646 
0.075464 
0.077996 
0.087401 
0.082178 
0.089070 
0.067633 
0.066572 
0.084026 
0.093202 
0.076104 
0.059224 
0.070545 
0.069386 
0.072608 
0.069490 
0.078597 
0.083955 
0.092059 
0.078931 
0.078125 
0.074297 
0.069378 
0.088240 
0.069091 
0.066443 
0.061016 
0.060604 
0.046015 
0.045091 
0.052847 
0.050617 
0.038707 
0.034269 
0.034444 
0.040321 
0.035000 
0.036890 
0.031230 
0.035494 
0.034411 
0.035151 
0.031924 
0.030991 
0.029329 
0.031297 
0.026621 
0.026106 
0.029007 
0.022797 
0.022931 
0.022475 
0.017383 
0.019555 
0.016373 
0.016891 
0.016446 
0.012238 
0.013230 
0.012401 
0.013517 
0.011257 
0.011372 
0.008174 
0.007889 
0.006999 
0.008683 
0.008810 
0.007235 
0.006747 
0.007070 
0.006673 
0.007837 
0.008534 
0.008058 
0.008273 
0.007523 
0.007864 
0.009408 
0.008293 
0.007645 
0.007384 
0.007480 
0.008588 
0.006611 
0.005925 
0.005271 
0.004254 
0.003739 
0.003104 
0.003089 
0.002586 
0.002408 
0.002846 
0.002558 
0.002756 
0.002999 
0.002789 
0.002778 
0.002689 
0.002789 
0.003024 
0.002349 
0.002951 
0.002627 
0.002220 
0.001976 
0.002016 
0.001720 
0.001672 
0.001442 
0.001515 
0.001240 
0.000822 
0.000682 
0.000495 
0.000293 
0.000170 
0.000091 
0.000062 
0.000036 
0.000014 
0.000003 
0.000000 
0.000000 
0.000000 
0.000000 
0.000000 
0.000000 
0.000000 
0.000000 
0.000000 
0.000000 
0.000000 
0.000000 
0.000000 
0.000000 
0.000000 
0.000000 
0.000000 
0.000000 
0.000000 
0.000000 
0.000000 
0.000000 
0.000000 
0.000000 
0.000000 
0.000000 
0.000000 
0.000000 
0.000000 
0.000000 
0.000000 
0.000000 
0.000000 
0.000000 
0.000000 
0.000000 
0.000000 
0.000000 
0.000000 
0.000000 
0.000000 
0.000000 
0.000000 
0.000000 
0.000000 
0.000000 
0.000000 
0.000000 
0.000000 
0.000000 
0.000000 
0.000000 
0.000000 
0.000000 
0.000000 
0.000000 
0.000000 
0.000000 
0.000000 
0.000000 
0.000000 
0.000000 
0.000000 
0.000000 
0.000000 
0.000000 
0.000000 
0.000000 
0.000000 
0.000000 
0.000000 
0.000000 
0.000000 
0.000000 
0.000000 
0.000000 
0.000000 
0.000000 
0.000000 
0.000000 
0.000000 
0.000000 
0.000000 
0.000000 
0.000000 
0.000000 
0.000000 
0.000000 
0.000000 
0.000000 
0.000000 
0.000000 
0.000000 
0.000000 
0.000000 
0.000000 
0.000000 
0.000000 
0.000000 
0.000000 
0.000000 
0.000000 
0.000000 
0.000000 
0.000000 
0.000000 
0.000000 
0.000000 
0.000000 
0.000000 
0.000000 
0.000000 
0.000000 
0.000000 
0.000000 
0.000000 
0.000000 
0.000000 
0.000000 
0.000000 
0.000000 
0.000000 
0.000000 
0.000000 
0.000000 
0.000000 
0.000000 
0.000000 
0.000000 
0.000000 
0.000000 
0.000000 
0.000000 
0.000000 
0.000000 
0.000000 
0.000000 
0.000000 
0.000000 
0.000000 
0.000000 
0.000000 
0.000000 
0.000000 
0.000000 
0.000000 
0.000000 
0.000000 
0.000000 
0.000000 
0.000000 
0.000000 
0.000000 
0.000000 
0.000000 
0.000000 
0.000000 
0.000000 
0.000000 
0.000000 
0.000000 
0.000000 
0.000000 
0.000000 
0.000000 
0.000000 
0.000000 
0.000000 
0.000000 
0.000000 
0.000000 
0.000000 
0.000000 
0.000000 
0.000000 
0.000000 
0.000000 
0.000000 
0.000000 
0.000000 
0.000000 
0.000000 
0.000000 
0.000000 
0.000000 
0.000000 
0.000000 
0.000000 
0.000000 
0.000000 
0.000000 
