0.000000 
0.000000 
0.000000 
0.000000 
0.000000 
0.000000 
0.000000 
0.000000 
0.000000 
0.000000 
0.000000 
0.000000 
0.000000 
0.000000 
0.000000 
0.000000 
0.000000 
0.000000 
0.000000 
0.000000 
0.000000 
0.000000 
0.000000 
0.000000 
0.000000 
0.000000 
0.000000 
0.000000 
0.000000 
0.000000 
0.000000 
0.000000 
0.000000 
0.000000 
0.000000 
0.000000 
0.000000 
0.000000 
0.000000 
0.000000 
0.000000 
0.000000 
0.000000 
0.000000 
0.000000 
0.000000 
0.000000 
0.000000 
0.000000 
0.000000 
0.000000 
0.000000 
0.000000 
0.000000 
0.000000 
0.000000 
0.000000 
0.000000 
0.000000 
0.000000 
0.000000 
0.000000 
0.000000 
0.000000 
0.000000 
0.000000 
0.000000 
0.000000 
0.000000 
0.000000 
0.000000 
0.000000 
0.000000 
0.000000 
0.000000 
0.000000 
0.000000 
0.000000 
0.000000 
0.000000 
0.000000 
0.000000 
0.000000 
0.000000 
0.000000 
0.000000 
0.000000 
0.000000 
0.000000 
0.000000 
0.000000 
0.000000 
0.000000 
0.000000 
0.000000 
0.000000 
0.000000 
0.000000 
0.000000 
0.000000 
0.000000 
0.000000 
0.000000 
0.000000 
0.000000 
0.000000 
0.000000 
0.000000 
0.000000 
0.000000 
0.000000 
0.000000 
0.000000 
0.000000 
0.000000 
0.000000 
0.000000 
0.000000 
0.000000 
0.000000 
0.000000 
0.000000 
0.000000 
0.000000 
0.000000 
0.000000 
0.000000 
0.000000 
0.000000 
0.000000 
0.000000 
0.000000 
0.000000 
0.000000 
0.000000 
0.000000 
0.000000 
0.000000 
0.000000 
0.000000 
0.000000 
0.000000 
0.000000 
0.000000 
0.000000 
0.000000 
0.000000 
0.000000 
0.000000 
0.000000 
0.000000 
0.000000 
0.000000 
0.000000 
0.000000 
0.000000 
0.000000 
0.000000 
0.000000 
0.000000 
0.000000 
0.000000 
0.000000 
0.000000 
0.000000 
0.000000 
0.000000 
0.000000 
0.000000 
0.000000 
0.000000 
0.000000 
0.000000 
0.000000 
0.000000 
0.000000 
0.000000 
0.000000 
0.000000 
0.000000 
0.000000 
0.000000 
0.000000 
0.000000 
0.000000 
0.000000 
0.000000 
0.000000 
0.000000 
0.000000 
0.000000 
0.000000 
0.000000 
0.000000 
0.000000 
0.000000 
0.000000 
0.000000 
0.000000 
0.000000 
0.000000 
0.000000 
0.000000 
0.000000 
0.000000 
0.000000 
0.000000 
0.000000 
0.000000 
0.000000 
0.000000 
0.000000 
0.000000 
0.000000 
0.000000 
0.000000 
0.000000 
0.000000 
0.000000 
0.000000 
0.000000 
0.000000 
0.000000 
0.000000 
0.000000 
0.000032 
0.000121 
0.000253 
0.000444 
0.000593 
0.000805 
0.001104 
0.001517 
0.001773 
0.002597 
0.003041 
0.003486 
0.005133 
0.005919 
0.007089 
0.007231 
0.010019 
0.008960 
0.012502 
0.014248 
0.015368 
0.018798 
0.019008 
0.019781 
0.018060 
0.019498 
0.022357 
0.015873 
0.018578 
0.018315 
0.020801 
0.018582 
0.021294 
0.019322 
0.019933 
0.020190 
0.017712 
0.018579 
0.021431 
0.020499 
0.021710 
0.023678 
0.026662 
0.027920 
0.028566 
0.024534 
0.029863 
0.036937 
0.040573 
0.042942 
0.036196 
0.036867 
0.044850 
0.039208 
0.046051 
0.041006 
0.045232 
0.042845 
0.038375 
0.038727 
0.044109 
0.054043 
0.043998 
0.045535 
0.040557 
0.046314 
0.051579 
0.061718 
0.049406 
0.059166 
0.055808 
0.070493 
0.055376 
0.062344 
0.054018 
0.053764 
0.068384 
0.071035 
0.073146 
0.065282 
0.070336 
0.065495 
0.073886 
0.070062 
0.079286 
0.081468 
0.073289 
0.070938 
0.074848 
0.074866 
0.064664 
0.070242 
0.077413 
0.091842 
0.086888 
0.083478 
0.085252 
0.079359 
0.089368 
0.081606 
0.094988 
0.127612 
0.117959 
0.101533 
0.128336 
0.152144 
0.156171 
0.141915 
0.182203 
0.167231 
0.197464 
0.188731 
0.204588 
0.198082 
0.206200 
0.233345 
0.205673 
0.182022 
0.193784 
0.161343 
0.215279 
0.185245 
0.191080 
0.195401 
0.225211 
0.209160 
0.247840 
0.175827 
0.280540 
0.257977 
0.267096 
0.253043 
0.225844 
0.257207 
0.226753 
0.243270 
0.264420 
0.319936 
0.375390 
0.407727 
0.435920 
0.380692 
0.351517 
0.386505 
0.417675 
0.448051 
0.567990 
0.672369 
0.714456 
0.645553 
0.616136 
0.609103 
0.501444 
0.497542 
0.496434 
0.563795 
0.512500 
0.429370 
0.561713 
0.482087 
0.449691 
0.516223 
0.493925 
0.586446 
0.551929 
0.420192 
0.504407 
0.454000 
0.519351 
0.464363 
0.443491 
0.393862 
0.412773 
0.423854 
0.440475 
0.479849 
0.506163 
0.634034 
0.606664 
0.522950 
0.625356 
0.607767 
0.623779 
0.636425 
0.622810 
0.629282 
0.565673 
0.522846 
0.526479 
0.499411 
0.563616 
0.542866 
0.632241 
0.532201 
0.655762 
0.779267 
0.805326 
0.827431 
0.869533 
0.738983 
0.751368 
0.773507 
0.729791 
0.750661 
0.660984 
0.629040 
0.829978 
0.813486 
0.805595 
0.819736 
1.003824 
0.967323 
1.025796 
0.909659 
0.958531 
1.056154 
1.179085 
1.027009 
1.035303 
1.048879 
0.910300 
0.995782 
1.228717 
1.025692 
1.103878 
0.978709 
1.150818 
1.121874 
1.116743 
1.073395 
1.247225 
1.279698 
1.236797 
1.057778 
1.109504 
1.181120 
1.128197 
1.030342 
1.016402 
1.134031 
0.803063 
0.705457 
0.474461 
0.446284 
0.375830 
0.364620 
0.616727 
0.559004 
0.773572 
0.975379 
1.142619 
0.881995 
1.073401 
1.165636 
1.384070 
1.038985 
0.960643 
1.309499 
0.935788 
1.031606 
1.239257 
1.191464 
1.070556 
1.092816 
0.861971 
1.108540 
0.900576 
0.987501 
1.182315 
1.067009 
1.022816 
1.218234 
1.113677 
1.168988 
1.079340 
1.132508 
1.065050 
0.944454 
0.990546 
0.781014 
1.113613 
1.126833 
1.110879 
1.428613 
1.403842 
1.117141 
0.905837 
0.859307 
0.707899 
0.623460 
0.526311 
0.440582 
0.290290 
0.209047 
0.203932 
0.252005 
0.423538 
0.617699 
0.799037 
0.957399 
0.958339 
0.817954 
1.464679 
1.160222 
1.410138 
1.514926 
1.326596 
1.328168 
1.101810 
1.328186 
1.558131 
1.291184 
1.203638 
1.451516 
1.205329 
1.462799 
1.060118 
1.338072 
1.310632 
1.457822 
1.271776 
1.488321 
1.503822 
1.280823 
1.327238 
1.701405 
1.518121 
1.574064 
1.345608 
1.498737 
1.399139 
1.453063 
1.361261 
1.406252 
1.556153 
1.507337 
1.260477 
1.766562 
1.578705 
1.244160 
1.254879 
1.790907 
1.724026 
1.415830 
1.357010 
1.842123 
1.439232 
1.551262 
1.511790 
1.674961 
1.685857 
1.639868 
1.457718 
1.566332 
1.722988 
1.674986 
1.702448 
1.985523 
1.793889 
1.519109 
1.839163 
1.553532 
1.408177 
1.674099 
1.223258 
1.414036 
1.552170 
1.705041 
1.667743 
1.651542 
1.659240 
1.523288 
1.314624 
0.999847 
1.090015 
0.888860 
1.210250 
1.056883 
1.135792 
1.248778 
1.299899 
1.511134 
1.821810 
1.948732 
1.885222 
1.422338 
1.920750 
1.234854 
1.310085 
1.468647 
1.520613 
1.614935 
1.247856 
1.288072 
1.082918 
0.990027 
0.958923 
0.859520 
0.794708 
0.652213 
0.913518 
1.077263 
1.869202 
1.877730 
1.927580 
1.773141 
1.762394 
1.631024 
1.837514 
1.696018 
1.477484 
1.252390 
1.187274 
1.044144 
0.885377 
1.337300 
1.530129 
1.642015 
1.894538 
1.999457 
1.786559 
1.696774 
1.707933 
1.553692 
1.927077 
1.718254 
1.504276 
1.452473 
1.644637 
1.716082 
1.484065 
1.763912 
1.551920 
2.364243 
1.953738 
1.916987 
1.969722 
1.715416 
1.417057 
1.127596 
1.014102 
0.781102 
0.668366 
0.421276 
0.401565 
0.412804 
0.403421 
0.391568 
0.354301 
0.346988 
0.426416 
0.712299 
0.923484 
1.367672 
1.474940 
1.650087 
1.863887 
1.778367 
1.769333 
1.917370 
1.476008 
1.905141 
2.118375 
1.630296 
1.783958 
1.841625 
1.618130 
1.855905 
1.742977 
1.692152 
1.879753 
1.986585 
1.638654 
1.747190 
1.812067 
1.936984 
1.620168 
1.822689 
1.740319 
1.783482 
1.571672 
1.516494 
0.937390 
0.520008 
0.517237 
0.547061 
0.519342 
0.686499 
0.796022 
0.978426 
0.812225 
1.090744 
0.876362 
1.173416 
1.038771 
0.991831 
1.026324 
0.674920 
0.739833 
0.689958 
0.741906 
0.931047 
0.815761 
1.074948 
1.391772 
1.358119 
1.531069 
1.689938 
1.571395 
1.576097 
1.487565 
1.319435 
0.937533 
0.806641 
0.761767 
0.674664 
0.623497 
0.913280 
0.716569 
0.865618 
0.780506 
0.785462 
0.668946 
0.698170 
0.655619 
0.784237 
0.748816 
0.727134 
0.761734 
0.816564 
0.963953 
0.971631 
1.004548 
1.212350 
1.183514 
1.309048 
1.361259 
1.445292 
1.449219 
1.865963 
1.515565 
1.727350 
1.589749 
1.887235 
1.379791 
1.463189 
1.162983 
0.985005 
0.657675 
0.687254 
0.671882 
0.553531 
0.515034 
0.503426 
0.545247 
0.556243 
0.579964 
0.883101 
0.839605 
1.309417 
1.421666 
1.799449 
1.925058 
2.078859 
1.781919 
2.169331 
2.358979 
2.175190 
2.036870 
1.974849 
2.028634 
1.486731 
1.927876 
1.843666 
1.802384 
1.889888 
1.819090 
1.858871 
1.791725 
1.645035 
1.766023 
1.957258 
1.649366 
2.009950 
2.063402 
1.842694 
1.902680 
1.811486 
2.101175 
2.117722 
1.478841 
2.036085 
2.040453 
1.873384 
1.816965 
1.697348 
2.019054 
1.889743 
1.890669 
1.819441 
1.761146 
1.928216 
1.411121 
1.126684 
1.356783 
1.715753 
1.386425 
1.616776 
1.783980 
2.206035 
1.968088 
1.735970 
1.860621 
1.804663 
1.749348 
1.883097 
1.561619 
1.923245 
1.335442 
1.498863 
1.653453 
1.575022 
1.633504 
1.525217 
1.992113 
1.547029 
1.654560 
1.425735 
1.530967 
1.467471 
1.214299 
1.051822 
1.354590 
1.193714 
1.126399 
1.250996 
1.317828 
1.483379 
1.591652 
1.605896 
1.805490 
1.704170 
1.518509 
1.537883 
1.780544 
1.571577 
1.450254 
1.345986 
1.652957 
1.530560 
1.752792 
1.596208 
1.487328 
1.605841 
1.568384 
1.885093 
1.839171 
1.377500 
1.481439 
1.398284 
1.198370 
1.334194 
1.240336 
1.406345 
1.283867 
1.039780 
1.307496 
1.094485 
1.091693 
1.077745 
1.133236 
1.145850 
1.212484 
1.467640 
1.307057 
1.526408 
1.130256 
1.460136 
0.890513 
1.372492 
1.163344 
1.031387 
0.610946 
0.634866 
0.436159 
0.516405 
0.407781 
0.499463 
0.459371 
0.388046 
0.432214 
0.402511 
0.353981 
0.398595 
0.365698 
0.411176 
0.435650 
0.415592 
0.543931 
0.481118 
0.441489 
0.616033 
0.761810 
0.684835 
0.900570 
0.818382 
0.904469 
1.284471 
1.223768 
1.266659 
1.208663 
1.384495 
1.135058 
1.063029 
0.999497 
0.963848 
0.975467 
0.887428 
0.834226 
0.612739 
0.702507 
0.888621 
0.626711 
0.644741 
0.735548 
0.808339 
0.774809 
0.763622 
0.810210 
0.886680 
0.799895 
1.109022 
1.153934 
1.352682 
1.270193 
1.035292 
1.550803 
1.172338 
1.569366 
1.020383 
1.082637 
1.280441 
1.047112 
0.885942 
0.881015 
0.895094 
0.748991 
0.738887 
0.819530 
0.677989 
0.818140 
0.905213 
0.835601 
0.719529 
0.966247 
0.716881 
0.705360 
0.806143 
1.018238 
0.920330 
1.106010 
1.273813 
1.128029 
1.003672 
0.819463 
1.035208 
0.679250 
0.568654 
0.614848 
0.650598 
0.664828 
0.753981 
0.820701 
0.915539 
0.763721 
0.694515 
0.752380 
0.566090 
0.468910 
0.459268 
0.546964 
0.467440 
0.549695 
0.497907 
0.640248 
0.477325 
0.645194 
0.483696 
0.522077 
0.455068 
0.430852 
0.531425 
0.438366 
0.381131 
0.414038 
0.471982 
0.477374 
0.351362 
0.361103 
0.388707 
0.285647 
0.345128 
0.332312 
0.304405 
0.294016 
0.317260 
0.194141 
0.199431 
0.176493 
0.234741 
0.204900 
0.193303 
0.196199 
0.190203 
0.172036 
0.158125 
0.176642 
0.171463 
0.180586 
0.182255 
0.161928 
0.148074 
0.182769 
0.163894 
0.186513 
0.181154 
0.190299 
0.151574 
0.193789 
0.170482 
0.200329 
0.233248 
0.210022 
0.201507 
0.237223 
0.199366 
0.220953 
0.260985 
0.274848 
0.257985 
0.297274 
0.236692 
0.286160 
0.269002 
0.337293 
0.299677 
0.241378 
0.326259 
0.286055 
0.235863 
0.317269 
0.275557 
0.313786 
0.262448 
0.280723 
0.273161 
0.293894 
0.317943 
0.386171 
0.423172 
0.347474 
0.388807 
0.418944 
0.317010 
0.445579 
0.459600 
0.570580 
0.646257 
0.565957 
0.702474 
0.660028 
0.558854 
0.649435 
0.632754 
0.542028 
0.488200 
0.455227 
0.460606 
0.328359 
0.324599 
0.319487 
0.303569 
0.301457 
0.304082 
0.303460 
0.291232 
0.211222 
0.206596 
0.193917 
0.178761 
0.186519 
0.141961 
0.128735 
0.125719 
0.133702 
0.133635 
0.103507 
0.114270 
0.116980 
0.099335 
0.106448 
0.104785 
0.119240 
0.106945 
0.138861 
0.138074 
0.135907 
0.115834 
0.118413 
0.130293 
0.152507 
0.124928 
0.131856 
0.128327 
0.103225 
0.124349 
0.088289 
0.141842 
0.123022 
0.147223 
0.149314 
0.131291 
0.107757 
0.122461 
0.130078 
0.121348 
0.101561 
0.106992 
0.092815 
0.080080 
0.071215 
0.087099 
0.071910 
0.062133 
0.070746 
0.070306 
0.064421 
0.060721 
0.068170 
0.065322 
0.056350 
0.059365 
0.058811 
0.046309 
0.049048 
0.049120 
0.049421 
0.037860 
0.041198 
0.040368 
0.042347 
0.038932 
0.036863 
0.030706 
0.032326 
0.033342 
0.028651 
0.025176 
0.025619 
0.020896 
0.021556 
0.019556 
0.014041 
0.016897 
0.015935 
0.012055 
0.012219 
0.013703 
0.009729 
0.012394 
0.010453 
0.011296 
0.009503 
0.010933 
0.012900 
0.010358 
0.013050 
0.011055 
0.011430 
0.012597 
0.014095 
0.013822 
0.012798 
0.011474 
0.010300 
0.010515 
0.010021 
0.009458 
0.006208 
0.005710 
0.006206 
0.005657 
0.005366 
0.004510 
0.005344 
0.005614 
0.003467 
0.003681 
0.004812 
0.004380 
0.004189 
0.004727 
0.004514 
0.004595 
0.004364 
0.003312 
0.002986 
0.002749 
0.003338 
0.002251 
0.002641 
0.002183 
0.001942 
0.002005 
0.001514 
0.001097 
0.000812 
0.000528 
0.000242 
0.000153 
0.000093 
0.000048 
0.000024 
0.000005 
0.000000 
0.000000 
0.000000 
0.000000 
0.000000 
0.000000 
0.000000 
0.000000 
0.000000 
0.000000 
0.000000 
0.000000 
0.000000 
0.000000 
0.000000 
0.000000 
0.000000 
0.000000 
0.000000 
0.000000 
0.000000 
0.000000 
0.000000 
0.000000 
0.000000 
0.000000 
0.000000 
0.000000 
0.000000 
0.000000 
0.000000 
0.000000 
0.000000 
0.000000 
0.000000 
0.000000 
0.000000 
0.000000 
0.000000 
0.000000 
0.000000 
0.000000 
0.000000 
0.000000 
0.000000 
0.000000 
0.000000 
0.000000 
0.000000 
0.000000 
0.000000 
0.000000 
0.000000 
0.000000 
0.000000 
0.000000 
0.000000 
0.000000 
0.000000 
0.000000 
0.000000 
0.000000 
0.000000 
0.000000 
0.000000 
0.000000 
0.000000 
0.000000 
0.000000 
0.000000 
0.000000 
0.000000 
0.000000 
0.000000 
0.000000 
0.000000 
0.000000 
0.000000 
0.000000 
0.000000 
0.000000 
0.000000 
0.000000 
0.000000 
0.000000 
0.000000 
0.000000 
0.000000 
0.000000 
0.000000 
0.000000 
0.000000 
0.000000 
0.000000 
0.000000 
0.000000 
0.000000 
0.000000 
0.000000 
0.000000 
0.000000 
0.000000 
0.000000 
0.000000 
0.000000 
0.000000 
0.000000 
0.000000 
0.000000 
0.000000 
0.000000 
0.000000 
0.000000 
0.000000 
0.000000 
0.000000 
0.000000 
0.000000 
0.000000 
0.000000 
0.000000 
0.000000 
0.000000 
0.000000 
0.000000 
0.000000 
0.000000 
0.000000 
0.000000 
0.000000 
0.000000 
0.000000 
0.000000 
0.000000 
0.000000 
0.000000 
0.000000 
0.000000 
0.000000 
0.000000 
0.000000 
0.000000 
0.000000 
0.000000 
0.000000 
0.000000 
0.000000 
0.000000 
0.000000 
0.000000 
0.000000 
0.000000 
0.000000 
0.000000 
0.000000 
0.000000 
0.000000 
0.000000 
0.000000 
0.000000 
0.000000 
0.000000 
0.000000 
0.000000 
0.000000 
0.000000 
0.000000 
0.000000 
0.000000 
0.000000 
0.000000 
0.000000 
0.000000 
0.000000 
0.000000 
0.000000 
0.000000 
0.000000 
0.000000 
0.000000 
0.000000 
0.000000 
0.000000 
0.000000 
0.000000 
0.000000 
0.000000 
0.000000 
0.000000 
0.000000 
0.000000 
