0.000000 
0.000000 
0.000000 
0.000000 
0.000000 
0.000000 
0.000000 
0.000000 
0.000000 
0.000000 
0.000000 
0.000000 
0.000000 
0.000000 
0.000000 
0.000000 
0.000000 
0.000000 
0.000000 
0.000000 
0.000000 
0.000000 
0.000000 
0.000000 
0.000000 
0.000000 
0.000000 
0.000000 
0.000000 
0.000000 
0.000000 
0.000000 
0.000000 
0.000000 
0.000000 
0.000000 
0.000000 
0.000000 
0.000000 
0.000000 
0.000000 
0.000000 
0.000000 
0.000000 
0.000000 
0.000000 
0.000000 
0.000000 
0.000000 
0.000000 
0.000000 
0.000000 
0.000000 
0.000000 
0.000000 
0.000000 
0.000000 
0.000000 
0.000000 
0.000000 
0.000000 
0.000000 
0.000000 
0.000000 
0.000000 
0.000000 
0.000000 
0.000000 
0.000000 
0.000000 
0.000000 
0.000000 
0.000000 
0.000000 
0.000000 
0.000000 
0.000000 
0.000000 
0.000000 
0.000000 
0.000000 
0.000000 
0.000000 
0.000000 
0.000000 
0.000000 
0.000000 
0.000000 
0.000000 
0.000000 
0.000000 
0.000000 
0.000000 
0.000000 
0.000000 
0.000000 
0.000000 
0.000000 
0.000000 
0.000000 
0.000000 
0.000000 
0.000000 
0.000000 
0.000000 
0.000000 
0.000000 
0.000000 
0.000000 
0.000000 
0.000000 
0.000000 
0.000000 
0.000000 
0.000000 
0.000000 
0.000000 
0.000000 
0.000000 
0.000000 
0.000000 
0.000000 
0.000000 
0.000000 
0.000000 
0.000000 
0.000000 
0.000000 
0.000000 
0.000000 
0.000000 
0.000000 
0.000000 
0.000000 
0.000000 
0.000000 
0.000000 
0.000000 
0.000000 
0.000000 
0.000000 
0.000000 
0.000000 
0.000000 
0.000000 
0.000000 
0.000000 
0.000000 
0.000000 
0.000000 
0.000000 
0.000000 
0.000000 
0.000000 
0.000000 
0.000000 
0.000000 
0.000000 
0.000000 
0.000000 
0.000000 
0.000000 
0.000000 
0.000000 
0.000000 
0.000000 
0.000000 
0.000000 
0.000000 
0.000000 
0.000000 
0.000000 
0.000000 
0.000000 
0.000000 
0.000000 
0.000000 
0.000000 
0.000000 
0.000000 
0.000000 
0.000000 
0.000000 
0.000000 
0.000000 
0.000000 
0.000000 
0.000000 
0.000000 
0.000000 
0.000000 
0.000000 
0.000000 
0.000000 
0.000000 
0.000000 
0.000000 
0.000000 
0.000000 
0.000000 
0.000000 
0.000000 
0.000000 
0.000000 
0.000000 
0.000000 
0.000000 
0.000000 
0.000000 
0.000000 
0.000000 
0.000000 
0.000000 
0.000000 
0.000000 
0.000000 
0.000000 
0.000000 
0.000000 
0.000000 
0.000000 
0.000000 
0.000000 
0.000000 
0.000000 
0.000020 
0.000078 
0.000164 
0.000258 
0.000356 
0.000598 
0.000638 
0.001065 
0.001056 
0.001219 
0.001751 
0.002465 
0.002639 
0.002651 
0.003752 
0.004901 
0.005938 
0.006101 
0.006839 
0.009569 
0.009289 
0.009699 
0.011603 
0.013019 
0.013900 
0.012950 
0.013395 
0.012553 
0.014143 
0.013879 
0.012586 
0.011061 
0.012160 
0.010702 
0.012602 
0.012481 
0.010755 
0.011399 
0.011922 
0.012959 
0.012970 
0.011705 
0.012485 
0.015572 
0.017213 
0.018463 
0.016865 
0.018940 
0.020777 
0.022455 
0.025903 
0.029016 
0.028808 
0.028864 
0.027324 
0.023395 
0.027747 
0.029762 
0.028577 
0.026170 
0.023499 
0.030842 
0.030525 
0.030716 
0.032385 
0.033894 
0.041631 
0.034903 
0.031235 
0.035220 
0.039042 
0.033974 
0.031484 
0.034691 
0.036335 
0.040670 
0.041639 
0.036373 
0.037864 
0.041248 
0.039619 
0.037684 
0.038967 
0.035679 
0.048498 
0.041733 
0.040052 
0.052038 
0.045780 
0.044426 
0.047604 
0.048730 
0.054027 
0.057507 
0.044196 
0.049881 
0.042494 
0.044068 
0.050667 
0.060350 
0.070867 
0.067114 
0.075349 
0.069714 
0.069371 
0.092796 
0.103171 
0.099050 
0.127059 
0.105771 
0.142810 
0.133287 
0.113756 
0.111362 
0.149423 
0.141897 
0.131557 
0.108564 
0.116912 
0.124093 
0.103055 
0.135924 
0.113940 
0.113125 
0.123713 
0.138975 
0.128609 
0.140275 
0.135198 
0.127318 
0.165458 
0.155520 
0.140246 
0.160038 
0.148920 
0.170223 
0.203063 
0.231916 
0.237142 
0.245444 
0.237416 
0.232517 
0.280005 
0.311622 
0.275204 
0.272683 
0.374139 
0.391881 
0.448452 
0.412142 
0.451826 
0.373237 
0.336157 
0.299456 
0.357846 
0.294982 
0.308738 
0.319824 
0.338490 
0.322301 
0.285388 
0.355275 
0.282536 
0.324032 
0.298817 
0.341692 
0.298997 
0.278743 
0.273907 
0.278749 
0.261317 
0.270044 
0.280631 
0.257098 
0.316356 
0.258144 
0.335847 
0.340798 
0.418122 
0.411238 
0.382520 
0.413543 
0.439079 
0.445986 
0.436508 
0.357429 
0.315920 
0.344982 
0.336063 
0.349660 
0.294417 
0.356596 
0.378496 
0.411591 
0.390072 
0.461772 
0.436425 
0.446490 
0.454565 
0.501631 
0.564859 
0.458179 
0.461983 
0.386273 
0.485989 
0.502844 
0.533267 
0.477049 
0.510150 
0.497951 
0.614312 
0.591902 
0.585732 
0.482349 
0.543323 
0.602272 
0.611595 
0.490836 
0.678896 
0.638002 
0.575311 
0.618899 
0.721179 
0.629477 
0.822555 
0.670126 
0.711647 
0.725744 
0.602588 
0.690494 
0.646541 
0.606305 
0.709075 
0.862415 
0.824143 
0.729419 
0.687144 
0.701165 
0.595648 
0.591480 
0.525673 
0.431869 
0.331538 
0.275233 
0.252503 
0.324767 
0.346904 
0.513639 
0.593526 
0.580715 
0.734928 
0.622720 
0.788927 
0.756281 
0.686052 
0.670919 
0.783832 
0.725400 
0.596022 
0.723490 
0.707994 
0.772868 
0.771708 
0.672942 
0.620678 
0.577429 
0.693710 
0.769993 
0.730640 
0.767004 
0.570613 
0.722789 
0.714980 
0.757149 
0.836376 
0.707476 
0.631184 
0.737304 
0.578570 
0.470125 
0.548081 
0.545567 
0.762180 
0.802295 
0.767784 
0.776561 
0.635303 
0.542841 
0.442509 
0.424525 
0.337614 
0.234796 
0.164655 
0.141152 
0.147218 
0.158742 
0.242326 
0.325189 
0.507047 
0.558532 
0.686498 
0.780346 
0.878441 
0.914156 
0.888050 
0.818974 
0.803157 
0.721850 
0.837259 
0.828999 
0.871852 
0.872343 
0.877258 
0.822466 
0.844611 
0.831322 
0.821604 
0.954042 
1.000893 
0.793458 
0.891750 
0.926254 
0.932109 
0.863742 
0.930813 
1.084098 
0.950223 
0.915568 
0.967913 
0.840298 
0.875798 
0.743497 
0.753909 
0.890435 
0.961022 
0.947436 
0.985405 
1.005005 
0.995119 
1.092904 
0.809076 
0.699676 
1.033739 
0.934098 
0.775816 
0.996206 
0.796258 
1.040034 
0.982200 
1.082865 
1.099616 
1.010225 
1.230840 
0.878606 
1.183884 
0.904007 
1.156368 
1.018797 
0.966004 
1.142281 
1.060114 
1.164022 
0.955405 
1.061208 
0.939144 
1.111816 
1.054929 
1.202239 
1.274597 
1.057200 
1.189337 
0.859412 
0.887133 
0.647692 
0.709989 
0.710524 
0.673618 
0.681685 
0.762100 
0.737366 
0.844279 
0.943549 
1.232424 
1.106200 
1.120632 
1.129046 
0.855293 
1.082764 
1.137696 
1.028839 
0.966087 
0.787294 
0.770666 
0.777176 
0.778270 
0.535224 
0.580633 
0.450097 
0.430053 
0.449846 
0.567757 
0.609172 
0.733859 
1.250472 
1.098789 
1.013611 
1.292376 
1.256907 
0.938189 
0.982403 
1.056992 
0.771466 
0.737613 
0.720552 
0.754690 
0.858365 
0.750692 
1.087899 
1.152491 
1.248564 
1.036460 
1.142098 
1.144832 
1.021286 
1.110465 
1.022033 
1.171509 
0.899198 
1.002341 
0.989854 
1.080900 
0.784488 
1.159833 
1.209699 
1.362589 
1.180493 
1.048356 
1.048177 
1.022404 
0.741437 
0.758522 
0.570864 
0.410095 
0.281720 
0.279351 
0.227097 
0.202215 
0.232562 
0.210802 
0.213834 
0.310738 
0.434764 
0.589676 
0.784486 
0.957823 
0.945117 
1.168627 
1.410121 
1.148187 
1.233557 
1.062337 
1.292953 
0.992655 
1.132384 
1.080182 
1.016625 
1.270005 
1.218594 
1.185594 
1.294696 
1.228389 
1.100240 
1.157153 
0.967950 
1.201605 
1.126325 
1.269086 
1.061556 
1.009694 
1.202529 
0.989177 
0.686190 
0.537845 
0.430124 
0.263230 
0.343245 
0.357069 
0.429150 
0.467241 
0.542177 
0.515037 
0.462874 
0.619648 
0.663440 
0.710270 
0.635061 
0.518314 
0.540500 
0.396473 
0.428429 
0.453498 
0.580869 
0.509913 
0.777123 
0.777820 
0.800473 
0.860248 
0.797636 
1.049700 
0.955074 
0.826735 
0.705916 
0.701152 
0.517130 
0.458633 
0.553095 
0.520907 
0.507710 
0.448849 
0.503377 
0.480854 
0.479656 
0.468306 
0.468068 
0.370648 
0.421309 
0.403983 
0.472047 
0.473924 
0.598516 
0.554565 
0.524222 
0.670191 
0.610503 
0.674374 
0.756160 
0.900003 
1.204787 
1.108345 
1.159366 
1.297804 
1.322172 
1.228766 
0.954906 
0.949201 
0.948518 
0.653720 
0.608850 
0.567102 
0.450442 
0.326275 
0.328266 
0.328982 
0.370258 
0.344177 
0.329666 
0.404338 
0.463194 
0.570528 
0.645956 
0.843447 
1.132413 
1.010258 
1.261046 
1.188720 
1.222974 
1.435658 
1.207040 
1.212719 
0.980730 
1.232739 
1.125593 
1.105481 
1.149200 
1.006985 
1.258410 
1.040710 
1.128135 
1.070207 
1.135836 
1.245037 
1.132030 
1.175924 
0.984204 
1.242837 
1.166295 
1.242420 
1.416029 
1.159504 
1.147881 
1.157059 
1.132378 
1.291953 
1.075016 
1.114434 
1.057644 
0.993135 
1.381584 
0.951366 
1.053307 
1.071053 
1.068508 
0.912809 
0.850124 
0.660181 
0.845211 
0.814033 
1.069908 
1.075207 
1.133432 
0.984334 
1.069349 
0.965227 
1.072949 
1.058570 
1.132534 
1.029566 
1.005214 
0.956182 
1.150357 
1.132321 
1.109164 
1.188347 
0.861866 
0.928517 
1.156037 
0.928366 
0.653033 
0.729940 
0.782389 
0.820865 
0.711334 
0.717496 
0.563847 
0.701579 
0.751415 
0.853655 
0.836029 
0.885672 
1.181494 
0.907520 
1.075902 
0.939843 
1.129056 
0.965679 
1.146328 
1.024261 
0.925856 
0.768292 
1.118868 
0.910559 
1.011031 
0.924309 
0.967523 
1.021290 
1.055653 
0.999784 
0.992986 
0.746980 
0.907569 
0.689202 
0.704146 
0.814667 
0.746569 
0.709505 
0.683842 
0.734895 
0.799382 
0.605256 
0.704738 
0.810038 
0.790453 
0.669145 
0.695214 
0.820999 
0.942020 
0.903011 
0.893826 
0.661432 
0.859170 
0.713215 
0.704771 
0.531587 
0.330610 
0.327308 
0.318742 
0.300049 
0.300762 
0.253396 
0.247538 
0.240283 
0.201062 
0.256687 
0.250176 
0.239589 
0.230498 
0.296718 
0.286146 
0.328684 
0.333099 
0.349751 
0.435909 
0.471212 
0.479174 
0.529424 
0.682990 
0.682056 
0.799156 
0.720333 
0.800409 
0.892893 
0.788111 
0.733579 
0.798624 
0.500335 
0.694837 
0.589566 
0.522936 
0.596063 
0.515695 
0.477769 
0.415019 
0.380191 
0.472726 
0.526686 
0.475450 
0.484734 
0.517688 
0.456569 
0.447981 
0.587512 
0.758963 
0.726886 
0.831669 
0.670972 
0.950951 
0.891401 
0.808661 
0.750163 
0.763135 
0.604016 
0.672533 
0.735387 
0.622308 
0.536232 
0.437217 
0.582419 
0.489830 
0.504372 
0.434581 
0.575270 
0.476818 
0.507783 
0.442271 
0.598108 
0.540680 
0.528343 
0.475360 
0.551125 
0.656567 
0.703935 
0.720571 
0.648686 
0.681934 
0.696725 
0.547464 
0.491955 
0.455050 
0.349213 
0.476154 
0.385439 
0.451382 
0.514132 
0.565448 
0.593725 
0.488450 
0.354126 
0.404374 
0.254546 
0.255081 
0.306519 
0.261447 
0.255709 
0.327234 
0.384916 
0.308496 
0.314531 
0.349238 
0.374659 
0.354672 
0.302218 
0.327280 
0.306029 
0.351016 
0.323631 
0.279501 
0.285658 
0.285136 
0.253988 
0.225923 
0.221848 
0.221649 
0.182489 
0.175150 
0.178076 
0.186395 
0.131943 
0.155935 
0.151407 
0.128781 
0.119136 
0.120457 
0.115972 
0.131423 
0.103685 
0.093613 
0.114223 
0.079025 
0.105668 
0.122448 
0.089874 
0.110205 
0.120270 
0.104638 
0.114733 
0.114849 
0.128844 
0.117062 
0.112849 
0.127666 
0.114369 
0.114386 
0.123629 
0.108694 
0.127263 
0.130289 
0.127660 
0.140597 
0.178033 
0.148967 
0.123123 
0.165135 
0.165072 
0.181641 
0.153083 
0.175554 
0.166727 
0.191049 
0.165795 
0.177911 
0.179010 
0.151356 
0.176347 
0.203940 
0.169236 
0.198326 
0.208679 
0.224649 
0.233656 
0.247316 
0.202508 
0.261778 
0.193244 
0.259761 
0.260107 
0.280944 
0.309480 
0.318010 
0.367258 
0.448777 
0.475853 
0.417759 
0.429341 
0.338928 
0.341896 
0.342787 
0.328445 
0.280916 
0.225834 
0.168095 
0.137440 
0.188975 
0.160633 
0.151612 
0.139317 
0.152355 
0.154859 
0.127177 
0.115716 
0.116390 
0.105217 
0.100050 
0.099199 
0.090335 
0.088131 
0.086166 
0.077631 
0.080217 
0.064885 
0.071741 
0.075709 
0.076053 
0.070167 
0.086565 
0.091135 
0.094087 
0.071965 
0.079482 
0.069353 
0.084673 
0.072241 
0.064498 
0.077976 
0.062662 
0.076782 
0.078263 
0.084576 
0.074779 
0.082273 
0.101145 
0.089667 
0.069114 
0.088397 
0.070114 
0.053014 
0.066672 
0.068761 
0.067854 
0.059297 
0.047123 
0.052267 
0.039690 
0.043713 
0.046807 
0.040568 
0.039764 
0.044594 
0.037034 
0.040257 
0.032873 
0.033655 
0.030007 
0.032167 
0.032512 
0.029932 
0.030124 
0.028289 
0.026301 
0.025811 
0.024185 
0.025611 
0.021542 
0.022826 
0.020145 
0.020351 
0.017175 
0.017254 
0.016633 
0.013752 
0.012705 
0.013013 
0.011351 
0.010826 
0.010970 
0.008258 
0.009517 
0.008558 
0.006989 
0.008499 
0.006380 
0.006922 
0.006612 
0.006447 
0.009228 
0.007088 
0.008345 
0.007537 
0.007942 
0.008948 
0.007895 
0.008607 
0.008309 
0.007200 
0.007347 
0.007041 
0.006595 
0.005329 
0.004926 
0.004315 
0.003681 
0.003623 
0.002879 
0.003073 
0.003070 
0.002789 
0.002825 
0.003275 
0.002623 
0.002998 
0.003248 
0.003084 
0.002346 
0.002385 
0.002752 
0.002766 
0.002765 
0.002296 
0.001962 
0.001792 
0.001757 
0.001407 
0.001432 
0.001195 
0.001128 
0.000933 
0.000716 
0.000587 
0.000338 
0.000154 
0.000072 
0.000045 
0.000036 
0.000017 
0.000004 
0.000000 
0.000000 
0.000000 
0.000000 
0.000000 
0.000000 
0.000000 
0.000000 
0.000000 
0.000000 
0.000000 
0.000000 
0.000000 
0.000000 
0.000000 
0.000000 
0.000000 
0.000000 
0.000000 
0.000000 
0.000000 
0.000000 
0.000000 
0.000000 
0.000000 
0.000000 
0.000000 
0.000000 
0.000000 
0.000000 
0.000000 
0.000000 
0.000000 
0.000000 
0.000000 
0.000000 
0.000000 
0.000000 
0.000000 
0.000000 
0.000000 
0.000000 
0.000000 
0.000000 
0.000000 
0.000000 
0.000000 
0.000000 
0.000000 
0.000000 
0.000000 
0.000000 
0.000000 
0.000000 
0.000000 
0.000000 
0.000000 
0.000000 
0.000000 
0.000000 
0.000000 
0.000000 
0.000000 
0.000000 
0.000000 
0.000000 
0.000000 
0.000000 
0.000000 
0.000000 
0.000000 
0.000000 
0.000000 
0.000000 
0.000000 
0.000000 
0.000000 
0.000000 
0.000000 
0.000000 
0.000000 
0.000000 
0.000000 
0.000000 
0.000000 
0.000000 
0.000000 
0.000000 
0.000000 
0.000000 
0.000000 
0.000000 
0.000000 
0.000000 
0.000000 
0.000000 
0.000000 
0.000000 
0.000000 
0.000000 
0.000000 
0.000000 
0.000000 
0.000000 
0.000000 
0.000000 
0.000000 
0.000000 
0.000000 
0.000000 
0.000000 
0.000000 
0.000000 
0.000000 
0.000000 
0.000000 
0.000000 
0.000000 
0.000000 
0.000000 
0.000000 
0.000000 
0.000000 
0.000000 
0.000000 
0.000000 
0.000000 
0.000000 
0.000000 
0.000000 
0.000000 
0.000000 
0.000000 
0.000000 
0.000000 
0.000000 
0.000000 
0.000000 
0.000000 
0.000000 
0.000000 
0.000000 
0.000000 
0.000000 
0.000000 
0.000000 
0.000000 
0.000000 
0.000000 
0.000000 
0.000000 
0.000000 
0.000000 
0.000000 
0.000000 
0.000000 
0.000000 
0.000000 
0.000000 
0.000000 
0.000000 
0.000000 
0.000000 
0.000000 
0.000000 
0.000000 
0.000000 
0.000000 
0.000000 
0.000000 
0.000000 
0.000000 
0.000000 
0.000000 
0.000000 
0.000000 
0.000000 
0.000000 
0.000000 
0.000000 
0.000000 
0.000000 
0.000000 
0.000000 
0.000000 
0.000000 
0.000000 
0.000000 
0.000000 
0.000000 
0.000000 
