0.039000 
0.039000 
0.039000 
0.039000 
0.039000 
0.039000 
0.039000 
0.039000 
0.039000 
0.039000 
0.039000 
0.039000 
0.039000 
0.039000 
0.039000 
0.039000 
0.039000 
0.039000 
0.039000 
0.039000 
0.039000 
0.039000 
0.039000 
0.039000 
0.039000 
0.039000 
0.039000 
0.039000 
0.039000 
0.039000 
0.039000 
0.039000 
0.039000 
0.039000 
0.039000 
0.041642 
0.048751 
0.059099 
0.071458 
0.084600 
0.103544 
0.130362 
0.159408 
0.185036 
0.201600 
0.211465 
0.220312 
0.227467 
0.232254 
0.234000 
0.234000 
0.234000 
0.234000 
0.234000 
0.234000 
0.239928 
0.254064 
0.270936 
0.285072 
0.291000 
0.278130 
0.247440 
0.210810 
0.180120 
0.167250 
0.167250 
0.167250 
0.167250 
0.167250 
0.167250 
0.167250 
0.167250 
0.167250 
0.167250 
0.167250 
0.163885 
0.155102 
0.142872 
0.129165 
0.115950 
0.100068 
0.079999 
0.060177 
0.045033 
0.039000 
0.039000 
0.039000 
0.039000 
0.039000 
0.039000 
0.039000 
0.039000 
0.039000 
0.039000 
0.039000 
0.039000 
0.039000 
0.039000 
0.039000 
0.039000 
0.051890 
0.083527 
0.123359 
0.160834 
0.185400 
0.199795 
0.213016 
0.223898 
0.231281 
0.234000 
0.234000 
0.234000 
0.234000 
0.234000 
0.234000 
0.234000 
0.234000 
0.234000 
0.234000 
0.234000 
0.216355 
0.173914 
0.122416 
0.077598 
0.055200 
0.049713 
0.045220 
0.041850 
0.039734 
0.039000 
0.039000 
0.039000 
0.039000 
0.039000 
0.039000 
0.039000 
0.039000 
0.039000 
0.039000 
0.039000 
0.039000 
0.039000 
0.039000 
0.039000 
0.039000 
0.039000 
0.039000 
0.039000 
0.039000 
0.039000 
0.039000 
0.039000 
0.039000 
0.039000 
0.039000 
0.039754 
0.041911 
0.045311 
0.049793 
0.055200 
0.071253 
0.102051 
0.138997 
0.173495 
0.196950 
0.211928 
0.225856 
0.237425 
0.245326 
0.248250 
0.248250 
0.248250 
0.248250 
0.248250 
0.248250 
0.244889 
0.236222 
0.224376 
0.211476 
0.199650 
0.189214 
0.178716 
0.167632 
0.155435 
0.141600 
0.121439 
0.094808 
0.067997 
0.047298 
0.039000 
0.039000 
0.039000 
0.039000 
0.039000 
0.039000 
0.039000 
0.039000 
0.039000 
0.039000 
0.039000 
0.039000 
0.039000 
0.039000 
0.039000 
0.039000 
0.039000 
0.039000 
0.039000 
0.039000 
0.039000 
0.039000 
0.039000 
0.039000 
0.039000 
0.039000 
0.044910 
0.059321 
0.077258 
0.093743 
0.103800 
0.108015 
0.110871 
0.113240 
0.115993 
0.120000 
0.125934 
0.133946 
0.144119 
0.156542 
0.171300 
0.200153 
0.245883 
0.295112 
0.334461 
0.350550 
0.345655 
0.332895 
0.315158 
0.295330 
0.276300 
0.253650 
0.225192 
0.197154 
0.175764 
0.167250 
0.167250 
0.167250 
0.167250 
0.167250 
0.167250 
0.153912 
0.122106 
0.084144 
0.052338 
0.039000 
0.050856 
0.079128 
0.112872 
0.141144 
0.153000 
0.153000 
0.153000 
0.153000 
0.153000 
0.153000 
0.153000 
0.153000 
0.153000 
0.153000 
0.153000 
0.153000 
0.153000 
0.153000 
0.153000 
0.153000 
0.141144 
0.112872 
0.079128 
0.050856 
0.039000 
0.039000 
0.039000 
0.039000 
0.039000 
0.039000 
0.041125 
0.046672 
0.054396 
0.063054 
0.071400 
0.079525 
0.088387 
0.098047 
0.108564 
0.120000 
0.133658 
0.149755 
0.166718 
0.182974 
0.196950 
0.210165 
0.223872 
0.236102 
0.244885 
0.248250 
0.242340 
0.227929 
0.209992 
0.193507 
0.183450 
0.178447 
0.174015 
0.170464 
0.168105 
0.167250 
0.169325 
0.174272 
0.180178 
0.185125 
0.187200 
0.183643 
0.175162 
0.165038 
0.156557 
0.153000 
0.153000 
0.153000 
0.153000 
0.153000 
0.153000 
0.153000 
0.153000 
0.153000 
0.153000 
0.153000 
0.150009 
0.142202 
0.131331 
0.119147 
0.107400 
0.093282 
0.075444 
0.057824 
0.044363 
0.039000 
0.039000 
0.039000 
0.039000 
0.039000 
0.039000 
0.039000 
0.039000 
0.039000 
0.039000 
0.039000 
0.039000 
0.039000 
0.039000 
0.039000 
0.039000 
0.046177 
0.063772 
0.085877 
0.106589 
0.120000 
0.126341 
0.130699 
0.134452 
0.138976 
0.145650 
0.161574 
0.187675 
0.216075 
0.238893 
0.248250 
0.246125 
0.240578 
0.232854 
0.224196 
0.215850 
0.205819 
0.193144 
0.180625 
0.171060 
0.167250 
0.176735 
0.199352 
0.226348 
0.248965 
0.258450 
0.251393 
0.234087 
0.212330 
0.191918 
0.178650 
0.171013 
0.164031 
0.158302 
0.154425 
0.153000 
0.153000 
0.153000 
0.153000 
0.153000 
0.153000 
0.144683 
0.124400 
0.099156 
0.075954 
0.061800 
0.054759 
0.048521 
0.043524 
0.040204 
0.039000 
0.039000 
0.039000 
0.039000 
0.039000 
0.039000 
0.039000 
0.039000 
0.039000 
0.039000 
0.039000 
0.039000 
0.039000 
0.039000 
0.039000 
0.039000 
0.039000 
0.039000 
0.039000 
0.039000 
0.039000 
0.040354 
0.044089 
0.049711 
0.056729 
0.064650 
0.080574 
0.106675 
0.135075 
0.157893 
0.167250 
0.167250 
0.167250 
0.167250 
0.167250 
0.167250 
0.174856 
0.194058 
0.219433 
0.245555 
0.267000 
0.286012 
0.306331 
0.324778 
0.338177 
0.343350 
0.339312 
0.329269 
0.316324 
0.303583 
0.294150 
0.287933 
0.282567 
0.277744 
0.273157 
0.268500 
0.264373 
0.260972 
0.257384 
0.252698 
0.246000 
0.221999 
0.176347 
0.124544 
0.082095 
0.064500 
0.069102 
0.080076 
0.093174 
0.104148 
0.108750 
0.106590 
0.101070 
0.093630 
0.085710 
0.078750 
0.071790 
0.063870 
0.056430 
0.050910 
0.048750 
0.060572 
0.090408 
0.129813 
0.170342 
0.203550 
0.231216 
0.259175 
0.285060 
0.306507 
0.321150 
0.331335 
0.340504 
0.347940 
0.352928 
0.354750 
0.337037 
0.293542 
0.238728 
0.187059 
0.153000 
0.132810 
0.114212 
0.098869 
0.088444 
0.084600 
0.086034 
0.089671 
0.094511 
0.099554 
0.103800 
0.107734 
0.112033 
0.115985 
0.118878 
0.120000 
0.120000 
0.120000 
0.120000 
0.120000 
0.120000 
0.131653 
0.159442 
0.192608 
0.220397 
0.232050 
0.225311 
0.209240 
0.190060 
0.173989 
0.167250 
0.167250 
0.167250 
0.167250 
0.167250 
0.167250 
0.200088 
0.278394 
0.371856 
0.450162 
0.483000 
0.475640 
0.457842 
0.436029 
0.416624 
0.406050 
0.402278 
0.399092 
0.396637 
0.395058 
0.394500 
0.525010 
0.836225 
1.207675 
1.518890 
1.649400 
1.493774 
1.122667 
0.679733 
0.308626 
0.153000 
0.153000 
0.153000 
0.153000 
0.153000 
0.153000 
0.150009 
0.142202 
0.131331 
0.119147 
0.107400 
0.093282 
0.075444 
0.057824 
0.044363 
0.039000 
0.039000 
0.039000 
0.039000 
0.039000 
0.039000 
0.039000 
0.039000 
0.039000 
0.039000 
0.039000 
0.040354 
0.044089 
0.049711 
0.056729 
0.064650 
0.080574 
0.106675 
0.135075 
0.157893 
0.167250 
0.167250 
0.167250 
0.167250 
0.167250 
0.167250 
0.167250 
0.167250 
0.167250 
0.167250 
0.167250 
0.167250 
0.167250 
0.167250 
0.167250 
0.167250 
0.156580 
0.131135 
0.100765 
0.075320 
0.064650 
0.065736 
0.068707 
0.073129 
0.078571 
0.084600 
0.095668 
0.113125 
0.131889 
0.146875 
0.153000 
0.153000 
0.153000 
0.153000 
0.153000 
0.153000 
0.153000 
0.153000 
0.153000 
0.153000 
0.153000 
0.150009 
0.142202 
0.131331 
0.119147 
0.107400 
0.093282 
0.075444 
0.057824 
0.044363 
0.039000 
0.039000 
0.039000 
0.039000 
0.039000 
0.039000 
0.039000 
0.039000 
0.039000 
0.039000 
0.039000 
0.039000 
0.039000 
0.039000 
0.039000 
0.039000 
0.039000 
0.039000 
0.039000 
0.039000 
0.039000 
0.039000 
0.039000 
0.039000 
0.039000 
0.039000 
0.039000 
0.039000 
0.039000 
0.039000 
0.039000 
0.048357 
0.071175 
0.099575 
0.125676 
0.141600 
0.149521 
0.156539 
0.162161 
0.165896 
0.167250 
0.167250 
0.167250 
0.167250 
0.167250 
0.167250 
0.172304 
0.184357 
0.198743 
0.210796 
0.215850 
0.214855 
0.212110 
0.207973 
0.202800 
0.196950 
0.185063 
0.165494 
0.144173 
0.127032 
0.120000 
0.120000 
0.120000 
0.120000 
0.120000 
0.120000 
0.111576 
0.091488 
0.067512 
0.047424 
0.039000 
0.039000 
0.039000 
0.039000 
0.039000 
0.039000 
0.039000 
0.039000 
0.039000 
0.039000 
0.039000 
0.039000 
0.039000 
0.039000 
0.039000 
0.039000 
0.040204 
0.043524 
0.048521 
0.054759 
0.061800 
0.075954 
0.099156 
0.124400 
0.144683 
0.153000 
0.153000 
0.153000 
0.153000 
0.153000 
0.153000 
0.153000 
0.153000 
0.153000 
0.153000 
0.153000 
0.155683 
0.162082 
0.169718 
0.176117 
0.178800 
0.172685 
0.158102 
0.140698 
0.126115 
0.120000 
0.120000 
0.120000 
0.120000 
0.120000 
0.120000 
0.120000 
0.120000 
0.120000 
0.120000 
0.120000 
0.111576 
0.091488 
0.067512 
0.047424 
0.039000 
0.039000 
0.039000 
0.039000 
0.039000 
0.039000 
0.039000 
0.039000 
0.039000 
0.039000 
0.039000 
0.039000 
0.039000 
0.039000 
0.039000 
0.039000 
0.039000 
0.039000 
0.039000 
0.039000 
0.039000 
0.052338 
0.084144 
0.122106 
0.153912 
0.167250 
0.167250 
0.167250 
0.167250 
0.167250 
0.167250 
0.167250 
0.167250 
0.167250 
0.167250 
0.167250 
0.169060 
0.173592 
0.179499 
0.185434 
0.190050 
0.193777 
0.197592 
0.200968 
0.203379 
0.204300 
0.198965 
0.186242 
0.171058 
0.158335 
0.153000 
0.153000 
0.153000 
0.153000 
0.153000 
0.153000 
0.150629 
0.144974 
0.138226 
0.132571 
0.130200 
0.313843 
0.751762 
1.274438 
1.712357 
1.896000 
1.896000 
1.896000 
1.896000 
1.896000 
1.896000 
1.896000 
1.896000 
1.896000 
1.896000 
1.896000 
1.765738 
1.448573 
1.054940 
0.695271 
0.480000 
0.377985 
0.288388 
0.217099 
0.170006 
0.153000 
0.159033 
0.174177 
0.193999 
0.214068 
0.229950 
0.240058 
0.247552 
0.255122 
0.265458 
0.281250 
0.387557 
0.612980 
0.875520 
1.093176 
1.183950 
1.097183 
0.890276 
0.643324 
0.436417 
0.349650 
0.351725 
0.356672 
0.362578 
0.367525 
0.369600 
0.359366 
0.334963 
0.305837 
0.281434 
0.271200 
0.271855 
0.273418 
0.275282 
0.276845 
0.277500 
0.275948 
0.272051 
0.266951 
0.261787 
0.257700 
0.254300 
0.250773 
0.247626 
0.245366 
0.244500 
0.244500 
0.244500 
0.244500 
0.244500 
0.244500 
0.244500 
0.244500 
0.244500 
0.244500 
0.244500 
0.236076 
0.215988 
0.192012 
0.171924 
0.163500 
0.164514 
0.166932 
0.169818 
0.172236 
0.173250 
0.173250 
0.173250 
0.173250 
0.173250 
0.173250 
0.186588 
0.218394 
0.256356 
0.288162 
0.301500 
0.301500 
0.301500 
0.301500 
0.301500 
0.301500 
0.301500 
0.301500 
0.301500 
0.301500 
0.301500 
0.305806 
0.316073 
0.328327 
0.338594 
0.342900 
0.341356 
0.337673 
0.333277 
0.329594 
0.328050 
0.418079 
0.632793 
0.889132 
1.104038 
1.194450 
1.194882 
1.195218 
1.195458 
1.195602 
1.195650 
1.107829 
0.896847 
0.641426 
0.420286 
0.312150 
0.288784 
0.269790 
0.255638 
0.246801 
0.243750 
0.243750 
0.243750 
0.243750 
0.243750 
0.243750 
0.241972 
0.237731 
0.232669 
0.228428 
0.226650 
0.317161 
0.532996 
0.790604 
1.006439 
1.096950 
1.003036 
0.778943 
0.511147 
0.286124 
0.190350 
0.188254 
0.186617 
0.185443 
0.184736 
0.184500 
0.184500 
0.184500 
0.184500 
0.184500 
0.184500 
0.184959 
0.186110 
0.187617 
0.189143 
0.190350 
0.191125 
0.191707 
0.192292 
0.193074 
0.194250 
0.197903 
0.205308 
0.215446 
0.227300 
0.239850 
0.252538 
0.266874 
0.284948 
0.308844 
0.340650 
0.462918 
0.701757 
0.974592 
1.198848 
1.291950 
1.198069 
0.974200 
0.707000 
0.483131 
0.389250 
0.406831 
0.448756 
0.498794 
0.540719 
0.558300 
0.546517 
0.518067 
0.483298 
0.452560 
0.436200 
0.430854 
0.426379 
0.422956 
0.420769 
0.420000 
0.423806 
0.432883 
0.443717 
0.452794 
0.456600 
0.452171 
0.440930 
0.425949 
0.410298 
0.397050 
0.384660 
0.371055 
0.358516 
0.349321 
0.345750 
0.347282 
0.351018 
0.355669 
0.359943 
0.362550 
0.363847 
0.364996 
0.365917 
0.366528 
0.366750 
0.366750 
0.366750 
0.366750 
0.366750 
0.366750 
0.381067 
0.415887 
0.459014 
0.498250 
0.521400 
0.531961 
0.541177 
0.548473 
0.553272 
0.555000 
0.555000 
0.555000 
0.555000 
0.555000 
0.555000 
0.556560 
0.560280 
0.564720 
0.568440 
0.570000 
0.561579 
0.540176 
0.511584 
0.481594 
0.456000 
0.431716 
0.404851 
0.379989 
0.361711 
0.354600 
0.367376 
0.397843 
0.434207 
0.464674 
0.477450 
0.472333 
0.460132 
0.445568 
0.433367 
0.428250 
0.428250 
0.428250 
0.428250 
0.428250 
0.428250 
0.428250 
0.428250 
0.428250 
0.428250 
0.428250 
0.412930 
0.374580 
0.324615 
0.274450 
0.235500 
0.204147 
0.172099 
0.143757 
0.123523 
0.115800 
0.119066 
0.127087 
0.137195 
0.146722 
0.153000 
0.156397 
0.159178 
0.161520 
0.163602 
0.165600 
0.167764 
0.170008 
0.172011 
0.173449 
0.174000 
0.174000 
0.174000 
0.174000 
0.174000 
0.174000 
0.162144 
0.133872 
0.100128 
0.071856 
0.060000 
0.060855 
0.063214 
0.066765 
0.071197 
0.076200 
0.084424 
0.097245 
0.112433 
0.127760 
0.141000 
0.151695 
0.161394 
0.170875 
0.180918 
0.192300 
0.207224 
0.225375 
0.243759 
0.259382 
0.269250 
0.275019 
0.280111 
0.284179 
0.286874 
0.287850 
0.286228 
0.282359 
0.277741 
0.273872 
0.272250 
0.284106 
0.312378 
0.346122 
0.374394 
0.386250 
0.373115 
0.341792 
0.304408 
0.273085 
0.259950 
0.266752 
0.282971 
0.302329 
0.318548 
0.325350 
0.319859 
0.306764 
0.291136 
0.278041 
0.272550 
0.273340 
0.275447 
0.278480 
0.282045 
0.285750 
0.289794 
0.294686 
0.300495 
0.307293 
0.315150 
0.327081 
0.343805 
0.361942 
0.378117 
0.388950 
0.395142 
0.400005 
0.404082 
0.407916 
0.412050 
0.417154 
0.422868 
0.428190 
0.432118 
0.433650 
0.432464 
0.429637 
0.426263 
0.423436 
0.422250 
0.528689 
0.782504 
1.085446 
1.339261 
1.445700 
1.377934 
1.216337 
1.023463 
0.861866 
0.794100 
0.805526 
0.833358 
0.867926 
0.899563 
0.918600 
0.927746 
0.935798 
0.942218 
0.946465 
0.948000 
0.945677 
0.939244 
0.929501 
0.917253 
0.903300 
0.878917 
0.839821 
0.793476 
0.747347 
0.708900 
0.674249 
0.638018 
0.605432 
0.581718 
0.572100 
0.571431 
0.571002 
0.570698 
0.570402 
0.570000 
0.569372 
0.568588 
0.567819 
0.567233 
0.567000 
0.572661 
0.586263 
0.602735 
0.617004 
0.624000 
0.625536 
0.626785 
0.627717 
0.628299 
0.628500 
0.625544 
0.618390 
0.609609 
0.601772 
0.597450 
0.595954 
0.594813 
0.593926 
0.593189 
0.592500 
0.591772 
0.591046 
0.590415 
0.589969 
0.589800 
0.594053 
0.606596 
0.627107 
0.655266 
0.690750 
1.021401 
1.753421 
2.614026 
3.330430 
3.629850 
3.524054 
3.253776 
2.889680 
2.502433 
2.162700 
1.824012 
1.439257 
1.078137 
0.810351 
0.705600 
0.709438 
0.718589 
0.729511 
0.738662 
0.742500 
0.737711 
0.726290 
0.712660 
0.701239 
0.696450 
0.705464 
0.727434 
0.754752 
0.779810 
0.795000 
0.801364 
0.805789 
0.809432 
0.813450 
0.819000 
0.828037 
0.840288 
0.853570 
0.865702 
0.874500 
0.879750 
0.883464 
0.886804 
0.890929 
0.897000 
0.912831 
0.939838 
0.969579 
0.993613 
1.003500 
0.998078 
0.984017 
0.964627 
0.943218 
0.923100 
0.903886 
0.883216 
0.861444 
0.838922 
0.816000 
0.788361 
0.755719 
0.724477 
0.701036 
0.691800 
0.696348 
0.708210 
0.724712 
0.743183 
0.760950 
0.780024 
0.802447 
0.825594 
0.846837 
0.863550 
0.875124 
0.884013 
0.892185 
0.901608 
0.914250 
0.938424 
0.974510 
1.012579 
1.042702 
1.054950 
1.053123 
1.047987 
1.040059 
1.029857 
1.017900 
0.991420 
0.944955 
0.889980 
0.837970 
0.800400 
0.773502 
0.747721 
0.725849 
0.710678 
0.705000 
0.707942 
0.717019 
0.732605 
0.755074 
0.784800 
