0.033000 
0.033000 
0.033000 
0.033000 
0.033000 
0.033000 
0.033000 
0.033000 
0.033000 
0.033000 
0.033000 
0.033000 
0.033000 
0.033000 
0.033000 
0.033000 
0.033000 
0.033000 
0.033000 
0.033000 
0.040254 
0.057552 
0.078198 
0.095496 
0.102750 
0.102750 
0.102750 
0.102750 
0.102750 
0.102750 
0.102750 
0.102750 
0.102750 
0.102750 
0.102750 
0.100920 
0.096143 
0.089492 
0.082037 
0.074850 
0.066212 
0.055298 
0.044517 
0.036281 
0.033000 
0.033000 
0.033000 
0.033000 
0.033000 
0.033000 
0.033000 
0.033000 
0.033000 
0.033000 
0.033000 
0.033000 
0.033000 
0.033000 
0.033000 
0.033000 
0.033000 
0.033000 
0.033000 
0.033000 
0.033000 
0.033000 
0.033000 
0.033000 
0.033000 
0.033000 
0.033000 
0.033000 
0.033000 
0.033000 
0.033000 
0.033000 
0.033000 
0.033000 
0.033000 
0.033000 
0.033000 
0.033000 
0.033000 
0.033000 
0.033000 
0.033000 
0.033000 
0.033000 
0.033000 
0.033000 
0.048132 
0.084216 
0.127284 
0.163368 
0.178500 
0.178500 
0.178500 
0.178500 
0.178500 
0.178500 
0.178500 
0.178500 
0.178500 
0.178500 
0.178500 
0.178500 
0.178500 
0.178500 
0.178500 
0.178500 
0.171656 
0.154475 
0.131987 
0.109219 
0.091200 
0.076208 
0.060657 
0.046782 
0.036818 
0.033000 
0.033000 
0.033000 
0.033000 
0.033000 
0.033000 
0.033000 
0.033000 
0.033000 
0.033000 
0.033000 
0.033000 
0.033000 
0.033000 
0.033000 
0.033000 
0.033000 
0.033000 
0.033000 
0.033000 
0.033000 
0.033000 
0.033000 
0.033000 
0.033000 
0.033000 
0.033000 
0.033000 
0.033000 
0.033000 
0.033000 
0.033000 
0.033000 
0.033000 
0.033000 
0.033000 
0.033000 
0.033000 
0.033000 
0.033000 
0.033000 
0.033000 
0.033000 
0.033000 
0.033000 
0.033000 
0.048132 
0.084216 
0.127284 
0.163368 
0.178500 
0.178500 
0.178500 
0.178500 
0.178500 
0.178500 
0.183589 
0.195999 
0.211444 
0.225640 
0.234300 
0.238608 
0.242424 
0.245482 
0.247513 
0.248250 
0.241699 
0.225105 
0.203056 
0.180142 
0.160950 
0.145347 
0.130218 
0.115674 
0.101831 
0.088800 
0.074942 
0.060096 
0.046600 
0.036789 
0.033000 
0.033000 
0.033000 
0.033000 
0.033000 
0.033000 
0.033000 
0.033000 
0.033000 
0.033000 
0.033000 
0.033000 
0.033000 
0.033000 
0.033000 
0.033000 
0.033000 
0.033000 
0.033000 
0.033000 
0.033000 
0.033000 
0.033000 
0.033000 
0.033000 
0.033000 
0.033000 
0.033000 
0.033000 
0.033000 
0.033000 
0.033000 
0.033000 
0.033000 
0.033000 
0.033000 
0.033000 
0.033000 
0.033000 
0.033000 
0.033000 
0.036158 
0.044705 
0.057254 
0.072415 
0.088800 
0.115965 
0.156831 
0.200060 
0.234313 
0.248250 
0.248250 
0.248250 
0.248250 
0.248250 
0.248250 
0.247513 
0.245482 
0.242424 
0.238608 
0.234300 
0.227818 
0.217980 
0.205803 
0.192304 
0.178500 
0.162941 
0.144671 
0.125451 
0.107040 
0.091200 
0.076208 
0.060657 
0.046782 
0.036818 
0.033000 
0.033000 
0.033000 
0.033000 
0.033000 
0.033000 
0.033000 
0.033000 
0.033000 
0.033000 
0.033000 
0.033000 
0.033000 
0.033000 
0.033000 
0.033000 
0.033000 
0.033000 
0.033000 
0.033000 
0.033000 
0.033000 
0.033000 
0.033000 
0.033000 
0.033000 
0.033000 
0.033000 
0.033000 
0.033000 
0.033000 
0.033000 
0.033000 
0.033000 
0.033000 
0.033000 
0.033000 
0.033000 
0.033000 
0.033000 
0.033000 
0.040254 
0.057552 
0.078198 
0.095496 
0.102750 
0.102750 
0.102750 
0.102750 
0.102750 
0.102750 
0.102750 
0.102750 
0.102750 
0.102750 
0.102750 
0.100920 
0.096143 
0.089492 
0.082037 
0.074850 
0.066212 
0.055298 
0.044517 
0.036281 
0.033000 
0.039844 
0.057025 
0.079513 
0.102281 
0.120300 
0.135292 
0.150843 
0.164718 
0.174682 
0.178500 
0.178500 
0.178500 
0.178500 
0.178500 
0.178500 
0.178500 
0.178500 
0.178500 
0.178500 
0.178500 
0.176964 
0.172727 
0.166348 
0.158386 
0.149400 
0.131335 
0.101723 
0.069503 
0.043616 
0.033000 
0.033000 
0.033000 
0.033000 
0.033000 
0.033000 
0.033000 
0.033000 
0.033000 
0.033000 
0.033000 
0.033000 
0.033000 
0.033000 
0.033000 
0.033000 
0.033000 
0.033000 
0.033000 
0.033000 
0.033000 
0.033000 
0.033000 
0.033000 
0.033000 
0.033000 
0.033000 
0.033000 
0.033000 
0.033000 
0.033000 
0.033000 
0.033000 
0.033000 
0.033000 
0.033000 
0.033000 
0.033000 
0.033000 
0.033000 
0.033000 
0.033000 
0.033000 
0.033000 
0.033000 
0.033000 
0.033000 
0.033000 
0.033000 
0.033000 
0.033000 
0.033000 
0.033000 
0.033000 
0.033000 
0.033000 
0.034620 
0.038976 
0.045312 
0.052872 
0.060900 
0.070584 
0.083178 
0.098025 
0.114468 
0.131850 
0.155240 
0.185518 
0.215741 
0.238966 
0.248250 
0.248250 
0.248250 
0.248250 
0.248250 
0.248250 
0.243161 
0.230751 
0.215306 
0.201110 
0.192450 
0.188939 
0.186717 
0.184855 
0.182426 
0.178500 
0.164695 
0.138409 
0.107386 
0.079368 
0.062100 
0.053114 
0.045152 
0.038773 
0.034536 
0.033000 
0.033000 
0.033000 
0.033000 
0.033000 
0.033000 
0.033000 
0.033000 
0.033000 
0.033000 
0.033000 
0.033000 
0.033000 
0.033000 
0.033000 
0.033000 
0.033000 
0.033000 
0.033000 
0.033000 
0.033000 
0.033000 
0.033000 
0.033000 
0.033000 
0.033000 
0.033000 
0.033000 
0.033000 
0.033000 
0.033000 
0.033000 
0.033000 
0.033000 
0.033000 
0.033000 
0.039844 
0.057025 
0.079513 
0.102281 
0.120300 
0.135292 
0.150843 
0.164718 
0.174682 
0.178500 
0.178500 
0.178500 
0.178500 
0.178500 
0.178500 
0.182323 
0.192760 
0.208260 
0.227273 
0.248250 
0.280369 
0.328142 
0.383014 
0.436434 
0.479850 
0.517617 
0.556249 
0.590426 
0.614833 
0.624150 
0.571110 
0.444630 
0.293670 
0.167190 
0.114150 
0.115568 
0.119088 
0.123609 
0.128030 
0.131250 
0.133458 
0.135507 
0.137291 
0.138707 
0.139650 
0.140298 
0.140873 
0.141333 
0.141639 
0.141750 
0.141750 
0.141750 
0.141750 
0.141750 
0.141750 
0.141750 
0.141750 
0.141750 
0.141750 
0.141750 
0.141750 
0.141750 
0.141750 
0.141750 
0.141750 
0.141750 
0.141750 
0.141750 
0.141750 
0.141750 
0.130440 
0.103470 
0.071280 
0.044310 
0.033000 
0.033000 
0.033000 
0.033000 
0.033000 
0.033000 
0.033000 
0.033000 
0.033000 
0.033000 
0.033000 
0.033000 
0.033000 
0.033000 
0.033000 
0.033000 
0.033000 
0.033000 
0.033000 
0.033000 
0.033000 
0.034830 
0.039607 
0.046258 
0.053713 
0.060900 
0.069538 
0.080452 
0.091233 
0.099469 
0.102750 
0.102750 
0.102750 
0.102750 
0.102750 
0.102750 
0.102750 
0.102750 
0.102750 
0.102750 
0.102750 
0.097661 
0.085251 
0.069806 
0.055610 
0.046950 
0.042642 
0.038826 
0.035768 
0.033737 
0.033000 
0.033000 
0.033000 
0.033000 
0.033000 
0.033000 
0.033000 
0.033000 
0.033000 
0.033000 
0.033000 
0.033000 
0.033000 
0.033000 
0.033000 
0.033000 
0.043616 
0.069503 
0.101723 
0.131335 
0.149400 
0.158386 
0.166348 
0.172727 
0.176964 
0.178500 
0.178500 
0.178500 
0.178500 
0.178500 
0.178500 
0.185754 
0.203052 
0.223698 
0.240996 
0.248250 
0.244432 
0.234468 
0.220593 
0.205042 
0.190050 
0.173384 
0.153323 
0.132864 
0.115007 
0.102750 
0.095507 
0.090054 
0.085432 
0.080684 
0.074850 
0.066212 
0.055298 
0.044517 
0.036281 
0.033000 
0.033000 
0.033000 
0.033000 
0.033000 
0.033000 
0.033000 
0.033000 
0.033000 
0.033000 
0.033000 
0.033000 
0.033000 
0.033000 
0.033000 
0.033000 
0.033000 
0.033000 
0.033000 
0.033000 
0.033000 
0.033000 
0.033000 
0.033000 
0.033000 
0.033000 
0.033000 
0.033000 
0.033000 
0.033000 
0.033000 
0.033000 
0.033000 
0.033000 
0.033000 
0.033000 
0.048132 
0.084216 
0.127284 
0.163368 
0.178500 
0.178500 
0.178500 
0.178500 
0.178500 
0.178500 
0.178500 
0.178500 
0.178500 
0.178500 
0.178500 
0.178500 
0.178500 
0.178500 
0.178500 
0.178500 
0.171656 
0.154475 
0.131987 
0.109219 
0.091200 
0.076208 
0.060657 
0.046782 
0.036818 
0.033000 
0.033000 
0.033000 
0.033000 
0.033000 
0.033000 
0.033000 
0.033000 
0.033000 
0.033000 
0.033000 
0.033000 
0.033000 
0.033000 
0.033000 
0.033000 
0.033737 
0.035768 
0.038826 
0.042642 
0.046950 
0.055610 
0.069806 
0.085251 
0.097661 
0.102750 
0.102750 
0.102750 
0.102750 
0.102750 
0.102750 
0.102750 
0.102750 
0.102750 
0.102750 
0.102750 
0.099469 
0.091233 
0.080452 
0.069538 
0.060900 
0.053713 
0.046258 
0.039607 
0.034830 
0.033000 
0.033000 
0.033000 
0.033000 
0.033000 
0.033000 
0.043616 
0.069503 
0.101723 
0.131335 
0.149400 
0.158386 
0.166348 
0.172727 
0.176964 
0.178500 
0.178500 
0.178500 
0.178500 
0.178500 
0.178500 
0.178500 
0.178500 
0.178500 
0.178500 
0.178500 
0.174682 
0.164718 
0.150843 
0.135292 
0.120300 
0.102281 
0.079513 
0.057025 
0.039844 
0.033000 
0.033000 
0.033000 
0.033000 
0.033000 
0.033000 
0.034830 
0.039607 
0.046258 
0.053713 
0.060900 
0.069538 
0.080452 
0.091233 
0.099469 
0.102750 
0.102750 
0.102750 
0.102750 
0.102750 
0.102750 
0.102750 
0.102750 
0.102750 
0.102750 
0.102750 
0.097661 
0.085251 
0.069806 
0.055610 
0.046950 
0.042642 
0.038826 
0.035768 
0.033737 
0.033000 
0.044310 
0.071280 
0.103470 
0.130440 
0.141750 
0.141750 
0.141750 
0.141750 
0.141750 
0.141750 
0.152366 
0.178253 
0.210473 
0.240085 
0.258150 
0.267136 
0.275098 
0.281477 
0.285714 
0.287250 
0.287250 
0.287250 
0.287250 
0.287250 
0.287250 
0.287250 
0.287250 
0.287250 
0.287250 
0.287250 
0.281815 
0.268281 
0.250805 
0.233543 
0.220650 
0.210955 
0.201319 
0.192945 
0.187037 
0.184800 
0.188513 
0.197366 
0.207934 
0.216787 
0.220500 
0.220500 
0.220500 
0.220500 
0.220500 
0.220500 
0.222999 
0.229522 
0.238605 
0.248785 
0.258600 
0.269594 
0.282895 
0.296413 
0.308062 
0.315750 
0.319805 
0.322543 
0.324858 
0.327646 
0.331800 
0.341764 
0.358096 
0.375867 
0.390145 
0.396000 
0.388832 
0.371351 
0.349595 
0.329599 
0.317400 
0.311332 
0.305956 
0.301649 
0.298788 
0.297750 
0.308530 
0.334235 
0.364915 
0.390620 
0.401400 
0.398498 
0.391579 
0.383321 
0.376402 
0.373500 
0.373500 
0.373500 
0.373500 
0.373500 
0.373500 
0.373500 
0.373500 
0.373500 
0.373500 
0.373500 
0.366656 
0.349475 
0.326987 
0.304219 
0.286200 
0.271208 
0.255657 
0.241782 
0.231818 
0.228000 
0.228000 
0.228000 
0.228000 
0.228000 
0.228000 
0.228742 
0.230784 
0.233850 
0.237664 
0.241950 
0.250370 
0.264042 
0.278874 
0.290774 
0.295650 
0.294776 
0.292693 
0.290207 
0.288124 
0.287250 
0.287250 
0.287250 
0.287250 
0.287250 
0.287250 
0.283969 
0.275733 
0.264952 
0.254038 
0.245400 
0.238213 
0.230758 
0.224107 
0.219330 
0.217500 
0.217500 
0.217500 
0.217500 
0.217500 
0.217500 
0.347843 
0.665697 
1.061300 
1.424888 
1.646700 
1.757034 
1.854792 
1.933112 
1.985135 
2.004000 
2.004000 
2.004000 
2.004000 
2.004000 
2.004000 
1.918577 
1.704855 
1.426654 
1.147796 
0.932100 
0.759616 
0.583802 
0.428589 
0.317911 
0.275700 
0.282923 
0.300146 
0.320704 
0.337927 
0.345150 
0.340626 
0.329838 
0.316962 
0.306174 
0.301650 
0.306002 
0.316381 
0.328769 
0.339148 
0.343500 
0.343500 
0.343500 
0.343500 
0.343500 
0.343500 
0.330949 
0.300028 
0.260832 
0.223457 
0.198000 
0.181872 
0.166743 
0.154098 
0.145422 
0.142200 
0.142369 
0.142863 
0.143662 
0.144748 
0.146100 
0.150285 
0.159736 
0.174234 
0.193562 
0.217500 
0.315588 
0.511642 
0.736863 
0.922449 
0.999600 
0.899074 
0.659357 
0.373243 
0.133526 
0.033000 
0.033000 
0.033000 
0.033000 
0.033000 
0.033000 
0.033000 
0.033000 
0.033000 
0.033000 
0.033000 
0.034830 
0.039607 
0.046258 
0.053713 
0.060900 
0.068439 
0.077157 
0.086289 
0.095075 
0.102750 
0.108681 
0.113467 
0.118198 
0.123962 
0.131850 
0.149915 
0.179527 
0.211747 
0.237634 
0.248250 
0.243161 
0.230751 
0.215306 
0.201110 
0.192450 
0.188142 
0.184326 
0.181268 
0.179237 
0.178500 
0.178500 
0.178500 
0.178500 
0.178500 
0.178500 
0.167884 
0.141997 
0.109777 
0.080165 
0.062100 
0.053114 
0.045152 
0.038773 
0.034536 
0.033000 
0.033000 
0.033000 
0.033000 
0.033000 
0.033000 
0.033000 
0.033000 
0.033000 
0.033000 
0.033000 
0.033000 
0.033000 
0.033000 
0.033000 
0.033000 
0.033000 
0.033000 
0.033000 
0.033000 
0.033000 
0.033000 
0.033000 
0.033000 
0.033000 
0.033000 
0.034830 
0.039607 
0.046258 
0.053713 
0.060900 
0.069538 
0.080452 
0.091233 
0.099469 
0.102750 
0.102750 
0.102750 
0.102750 
0.102750 
0.102750 
0.102750 
0.102750 
0.102750 
0.102750 
0.102750 
0.105802 
0.114331 
0.127393 
0.144047 
0.163350 
0.208955 
0.288328 
0.376248 
0.447496 
0.476850 
0.466609 
0.441022 
0.407790 
0.374615 
0.349200 
0.331316 
0.315293 
0.300666 
0.286973 
0.273750 
0.259286 
0.243801 
0.229728 
0.219500 
0.215550 
0.254808 
0.358416 
0.505125 
0.673686 
0.842850 
1.062690 
1.353533 
1.649504 
1.884734 
1.993350 
2.014691 
2.031811 
2.044411 
2.052190 
2.054850 
2.037725 
1.990300 
1.918497 
1.828239 
1.725450 
1.508282 
1.145274 
0.747930 
0.427754 
0.296250 
0.296250 
0.296250 
0.296250 
0.296250 
0.296250 
0.291336 
0.279618 
0.265632 
0.253914 
0.249000 
0.250976 
0.256279 
0.263968 
0.273105 
0.282750 
0.294053 
0.308463 
0.325486 
0.344629 
0.365400 
0.394927 
0.434362 
0.474243 
0.505109 
0.517500 
0.517500 
0.517500 
0.517500 
0.517500 
0.517500 
0.517500 
0.517500 
0.517500 
0.517500 
0.517500 
0.520620 
0.528060 
0.536940 
0.544380 
0.547500 
0.530323 
0.489189 
0.439693 
0.397431 
0.378000 
0.375883 
0.374737 
0.373914 
0.372767 
0.370650 
0.356495 
0.324739 
0.282991 
0.238859 
0.199950 
0.160980 
0.116876 
0.075561 
0.044961 
0.033000 
0.033000 
0.033000 
0.033000 
0.033000 
0.033000 
0.033000 
0.033000 
0.033000 
0.033000 
0.033000 
0.033000 
0.033000 
0.033000 
0.033000 
0.033000 
0.033000 
0.033000 
0.033000 
0.033000 
0.033000 
0.033000 
0.033000 
0.033000 
0.033000 
0.033000 
0.033000 
0.033000 
0.033000 
0.033000 
0.033000 
0.048132 
0.084216 
0.127284 
0.163368 
0.178500 
0.178500 
0.178500 
0.178500 
0.178500 
0.178500 
0.178500 
0.178500 
0.178500 
0.178500 
0.178500 
0.178500 
0.178500 
0.178500 
0.178500 
0.178500 
0.171656 
0.154475 
0.131987 
0.109219 
0.091200 
0.076208 
0.060657 
0.046782 
0.036818 
0.033000 
0.033000 
0.033000 
0.033000 
0.033000 
0.033000 
0.033000 
0.033000 
0.033000 
0.033000 
0.033000 
0.040254 
0.057552 
0.078198 
0.095496 
0.102750 
0.102750 
0.102750 
0.102750 
0.102750 
0.102750 
0.102750 
0.102750 
0.102750 
0.102750 
0.102750 
0.100920 
0.096143 
0.089492 
0.082037 
0.074850 
0.066212 
0.055298 
0.044517 
0.036281 
0.033000 
0.033000 
0.033000 
0.033000 
0.033000 
0.033000 
0.033000 
0.033000 
0.033000 
0.033000 
0.033000 
0.033000 
0.033000 
0.033000 
0.033000 
0.033000 
0.033000 
0.033000 
0.033000 
0.033000 
0.033000 
0.048132 
0.084216 
0.127284 
0.163368 
0.178500 
0.178500 
0.178500 
0.178500 
0.178500 
0.178500 
0.178500 
0.178500 
0.178500 
0.178500 
0.178500 
0.178500 
0.178500 
0.178500 
0.178500 
0.178500 
0.171300 
0.153409 
0.130387 
0.107797 
0.091200 
0.079808 
0.069348 
0.060160 
0.052581 
0.046950 
