0.000000 
0.000000 
0.000000 
0.000000 
0.000000 
0.000000 
0.000000 
0.000000 
0.000000 
0.000000 
0.000000 
0.000000 
0.000000 
0.000000 
0.000000 
0.000000 
0.000000 
0.000000 
0.000000 
0.000000 
0.000000 
0.000000 
0.000000 
0.000000 
0.000000 
0.000000 
0.000000 
0.000000 
0.000000 
0.000000 
0.000000 
0.000000 
0.000000 
0.000000 
0.000000 
0.000000 
0.000000 
0.000000 
0.000000 
0.000000 
0.000000 
0.000000 
0.000000 
0.000000 
0.000000 
0.000000 
0.000000 
0.000000 
0.000000 
0.000000 
0.000000 
0.000000 
0.000000 
0.000000 
0.000000 
0.000000 
0.000000 
0.000000 
0.000000 
0.000000 
0.000000 
0.000000 
0.000000 
0.000000 
0.000000 
0.000000 
0.000000 
0.000000 
0.000000 
0.000000 
0.000000 
0.000000 
0.000000 
0.000000 
0.000000 
0.000000 
0.000000 
0.000000 
0.000000 
0.000000 
0.000000 
0.000000 
0.000000 
0.000000 
0.000000 
0.000000 
0.000000 
0.000000 
0.000000 
0.000000 
0.000000 
0.000000 
0.000000 
0.000000 
0.000000 
0.000000 
0.000000 
0.000000 
0.000000 
0.000000 
0.000000 
0.000000 
0.000000 
0.000000 
0.000000 
0.000000 
0.000000 
0.000000 
0.000000 
0.000000 
0.000000 
0.000000 
0.000000 
0.000000 
0.000000 
0.000000 
0.000000 
0.000000 
0.000000 
0.000000 
0.000000 
0.000000 
0.000000 
0.000000 
0.000000 
0.000000 
0.000000 
0.000000 
0.000000 
0.000000 
0.000000 
0.000000 
0.000000 
0.000000 
0.000000 
0.000000 
0.000000 
0.000000 
0.000000 
0.000000 
0.000000 
0.000000 
0.000000 
0.000000 
0.000000 
0.000000 
0.000000 
0.000000 
0.000000 
0.000000 
0.000000 
0.000000 
0.000000 
0.000000 
0.000000 
0.000000 
0.000000 
0.000000 
0.000000 
0.000000 
0.000000 
0.000000 
0.000000 
0.000000 
0.000000 
0.000000 
0.000000 
0.000000 
0.000000 
0.000000 
0.000000 
0.000000 
0.000000 
0.000000 
0.000000 
0.000000 
0.000000 
0.000000 
0.000000 
0.000000 
0.000000 
0.000000 
0.000000 
0.000000 
0.000000 
0.000000 
0.000000 
0.000000 
0.000000 
0.000000 
0.000000 
0.000000 
0.000000 
0.000000 
0.000000 
0.000000 
0.000000 
0.000000 
0.000000 
0.000000 
0.000000 
0.000000 
0.000000 
0.000000 
0.000000 
0.000000 
0.000000 
0.000000 
0.000000 
0.000000 
0.000000 
0.000000 
0.000000 
0.000000 
0.000000 
0.000000 
0.000000 
0.000000 
0.000000 
0.000000 
0.000000 
0.000000 
0.000000 
0.000000 
0.000000 
0.000024 
0.000093 
0.000193 
0.000318 
0.000518 
0.000527 
0.000847 
0.001069 
0.001267 
0.001879 
0.002008 
0.002545 
0.002675 
0.004174 
0.004767 
0.005509 
0.006833 
0.006780 
0.010387 
0.010482 
0.009407 
0.012469 
0.013732 
0.015733 
0.016228 
0.016025 
0.016252 
0.018280 
0.015992 
0.012390 
0.013490 
0.014796 
0.012393 
0.016484 
0.014526 
0.015062 
0.013781 
0.013061 
0.013934 
0.012143 
0.015951 
0.015688 
0.019048 
0.018992 
0.019696 
0.019350 
0.019415 
0.024034 
0.026121 
0.026873 
0.029454 
0.026059 
0.034878 
0.030996 
0.029982 
0.029242 
0.035681 
0.031407 
0.031148 
0.028699 
0.030171 
0.038720 
0.028423 
0.039087 
0.041858 
0.038608 
0.042906 
0.039618 
0.040051 
0.042471 
0.044514 
0.041151 
0.046750 
0.045886 
0.048139 
0.046729 
0.038546 
0.039146 
0.046083 
0.040736 
0.044574 
0.054960 
0.045094 
0.047910 
0.053093 
0.051482 
0.046082 
0.050900 
0.051655 
0.063213 
0.050689 
0.054370 
0.065440 
0.061857 
0.058799 
0.070751 
0.077703 
0.070338 
0.057626 
0.073089 
0.065422 
0.079564 
0.097425 
0.089877 
0.089927 
0.087928 
0.121554 
0.119521 
0.139286 
0.117561 
0.147539 
0.146753 
0.143933 
0.132037 
0.157912 
0.148098 
0.141629 
0.126510 
0.132421 
0.122646 
0.112381 
0.137994 
0.132999 
0.165204 
0.168128 
0.148065 
0.151479 
0.174186 
0.166719 
0.162269 
0.170973 
0.195575 
0.200848 
0.222415 
0.222056 
0.181389 
0.242409 
0.266779 
0.286123 
0.296373 
0.294513 
0.297407 
0.318495 
0.272496 
0.316117 
0.313265 
0.410117 
0.361691 
0.486819 
0.432309 
0.526736 
0.444236 
0.423881 
0.347523 
0.407945 
0.380566 
0.303741 
0.376834 
0.402214 
0.417543 
0.436094 
0.378008 
0.391005 
0.408830 
0.471957 
0.393357 
0.314026 
0.368479 
0.328542 
0.337708 
0.320666 
0.332520 
0.361181 
0.357638 
0.315459 
0.401582 
0.364104 
0.438843 
0.480747 
0.546541 
0.399703 
0.494918 
0.452362 
0.346047 
0.494873 
0.473968 
0.359161 
0.429703 
0.328078 
0.347129 
0.381149 
0.388900 
0.418114 
0.442173 
0.436612 
0.593598 
0.558115 
0.519388 
0.570883 
0.637900 
0.621654 
0.610625 
0.599762 
0.613346 
0.537972 
0.510550 
0.577163 
0.610941 
0.720119 
0.714401 
0.651897 
0.673541 
0.641219 
0.553875 
0.708812 
0.668823 
0.674717 
0.831142 
0.796397 
0.803068 
0.840724 
0.723013 
0.866519 
0.819811 
0.824367 
0.729804 
0.641747 
0.721380 
0.931847 
0.811574 
0.794813 
0.810990 
0.853120 
0.896899 
0.955678 
0.948810 
0.941735 
0.673644 
0.640094 
0.644278 
0.700229 
0.512314 
0.453779 
0.260135 
0.289336 
0.377939 
0.443389 
0.656958 
0.661224 
0.812668 
0.822215 
0.691068 
0.902738 
0.806828 
0.972024 
0.835313 
0.841492 
0.750918 
0.846959 
0.896771 
0.873924 
0.923029 
0.892711 
0.828839 
0.829233 
0.796736 
0.901782 
0.762850 
0.708483 
0.792668 
0.892249 
0.858779 
0.854106 
0.937853 
0.834026 
0.958445 
0.988199 
0.735714 
0.658716 
0.673988 
0.676964 
0.828375 
0.856274 
0.928928 
0.902329 
0.763031 
0.951730 
0.782668 
0.583977 
0.463420 
0.332018 
0.253025 
0.209450 
0.169350 
0.154287 
0.166594 
0.292616 
0.403397 
0.559803 
0.571923 
0.798282 
0.807479 
1.129086 
0.949752 
0.809179 
0.897744 
0.896892 
1.089391 
1.175930 
1.106909 
1.032411 
1.122516 
1.064890 
1.085033 
1.159474 
0.988237 
0.918714 
1.100615 
1.179750 
0.883968 
1.140075 
1.086178 
0.989010 
0.981375 
0.989781 
1.097172 
0.995466 
1.298667 
1.010296 
0.998817 
1.170045 
1.080191 
1.169013 
1.020041 
0.975864 
1.259673 
1.034562 
1.111957 
0.943628 
1.140775 
1.151740 
1.200705 
1.331044 
1.168766 
0.900346 
1.043384 
1.019955 
1.095955 
0.895638 
1.266472 
1.340871 
1.259425 
0.936616 
1.283314 
1.069612 
1.239959 
1.585501 
1.180651 
1.113239 
1.008229 
1.162457 
0.932282 
1.223154 
0.974322 
1.222379 
1.210852 
1.069552 
1.249998 
1.396709 
1.173226 
1.137227 
0.955618 
0.851061 
0.787322 
0.747047 
0.866960 
0.741944 
0.788180 
0.702233 
1.014214 
0.883435 
1.263516 
1.270854 
1.358566 
1.368345 
1.299305 
1.312565 
1.201717 
1.205956 
1.240148 
0.949378 
1.206241 
1.038737 
0.871144 
0.738292 
0.809490 
0.619078 
0.611670 
0.687464 
0.536410 
0.773630 
0.917418 
1.015147 
1.313267 
1.556596 
1.231675 
1.388568 
1.377647 
1.039490 
1.318678 
1.178985 
1.000094 
1.060600 
0.769289 
0.828008 
0.789699 
1.039905 
1.249235 
1.229901 
1.361915 
1.273116 
1.563934 
1.352479 
1.321059 
0.960061 
1.255338 
1.151958 
1.185937 
1.179871 
1.181020 
1.029707 
1.254052 
1.355759 
1.302636 
1.428223 
1.164780 
1.444717 
1.406094 
1.046408 
0.840327 
0.877885 
0.611055 
0.432943 
0.373468 
0.261317 
0.243233 
0.206374 
0.250489 
0.288805 
0.271909 
0.314923 
0.617200 
0.727067 
0.927608 
1.003131 
1.348235 
1.188402 
1.460832 
1.239432 
1.628477 
1.675025 
1.337333 
1.347986 
1.305446 
1.470654 
1.237998 
1.241075 
1.376857 
1.471537 
1.283441 
1.461320 
1.591419 
1.511487 
1.706927 
1.528680 
1.428875 
1.573667 
1.529606 
1.458353 
1.261989 
1.067047 
1.038524 
0.778281 
0.481877 
0.344164 
0.395726 
0.515908 
0.482203 
0.582947 
0.605798 
0.738972 
0.767222 
0.788130 
0.825215 
0.828841 
0.760045 
0.638558 
0.786676 
0.550005 
0.492011 
0.477917 
0.573705 
0.654542 
0.767441 
1.057641 
0.861534 
0.961401 
0.956278 
1.161684 
1.126457 
1.004234 
1.098831 
0.910796 
0.733150 
0.429211 
0.724153 
0.618881 
0.610377 
0.542550 
0.602723 
0.596471 
0.567398 
0.527742 
0.525828 
0.515618 
0.563108 
0.546783 
0.578197 
0.605184 
0.728952 
0.653775 
0.691118 
0.804510 
0.797101 
0.768249 
0.971411 
1.078721 
1.245581 
1.375201 
1.318757 
1.421528 
1.302428 
1.220800 
1.291914 
1.094015 
0.965524 
0.831812 
0.691437 
0.627860 
0.531132 
0.491426 
0.452489 
0.403300 
0.417001 
0.386355 
0.381256 
0.447722 
0.523135 
0.754044 
0.796774 
1.093295 
1.124861 
1.212613 
1.380613 
1.395271 
1.569439 
1.548889 
1.388733 
1.626291 
1.326221 
1.492702 
1.291714 
1.550729 
1.487100 
1.404118 
1.153063 
1.400539 
1.279342 
1.528527 
1.432844 
1.115645 
1.429546 
1.530213 
1.243865 
1.326778 
0.916435 
1.356774 
1.758113 
1.385909 
1.626707 
1.351922 
1.516141 
1.420937 
1.793798 
1.537269 
1.397909 
1.493325 
1.319487 
1.370169 
1.409026 
1.265631 
1.061342 
1.120918 
1.168996 
0.882557 
0.863841 
1.023881 
1.275516 
1.152482 
1.289811 
1.331230 
1.466283 
1.111123 
1.428167 
1.252873 
1.371509 
1.344578 
1.273563 
1.387789 
1.433652 
1.120110 
1.381083 
1.423062 
1.271059 
1.403067 
1.120784 
1.264429 
0.933702 
0.984165 
0.927228 
1.003748 
1.157988 
0.828773 
0.656527 
0.781110 
0.713720 
0.903723 
1.115755 
1.220190 
1.111127 
1.383930 
1.290834 
1.411821 
1.194165 
1.352049 
1.280267 
1.242977 
1.088422 
1.058272 
1.082451 
1.262108 
1.360084 
1.088018 
1.245699 
1.336600 
1.238673 
1.144614 
1.194467 
1.045507 
0.986856 
0.751075 
1.032693 
0.890333 
0.811412 
0.871471 
1.054489 
0.866038 
0.933960 
0.813584 
0.871328 
0.934156 
0.809042 
0.841778 
1.023716 
1.068662 
1.266612 
1.121512 
0.956439 
1.148029 
0.997720 
1.108340 
0.778534 
0.559187 
0.509390 
0.406962 
0.410994 
0.342051 
0.276994 
0.294824 
0.349037 
0.288875 
0.300093 
0.240129 
0.307573 
0.294953 
0.323048 
0.349922 
0.299508 
0.331079 
0.395356 
0.378606 
0.434744 
0.389910 
0.644906 
0.731432 
0.813681 
0.952617 
0.730121 
1.045698 
1.019747 
1.070500 
0.942259 
0.878236 
0.905219 
0.727354 
0.770694 
0.714423 
0.721105 
0.559124 
0.597242 
0.643878 
0.560856 
0.446184 
0.467135 
0.514703 
0.503277 
0.567889 
0.515304 
0.537500 
0.674537 
0.729194 
0.866655 
0.889598 
1.001843 
0.886273 
1.149767 
0.968139 
1.147337 
0.844247 
0.909223 
0.842251 
0.828867 
0.841128 
0.689761 
0.628914 
0.813507 
0.579413 
0.586407 
0.513655 
0.502212 
0.621667 
0.540258 
0.568700 
0.461369 
0.668579 
0.713582 
0.663369 
0.795452 
0.759928 
0.779598 
0.811088 
0.633283 
0.846305 
0.634035 
0.709003 
0.593826 
0.620081 
0.561967 
0.442292 
0.429138 
0.456706 
0.542301 
0.608297 
0.619417 
0.725910 
0.556216 
0.560925 
0.388219 
0.404095 
0.356356 
0.386024 
0.355140 
0.342871 
0.386426 
0.380589 
0.393690 
0.351684 
0.363047 
0.396972 
0.395471 
0.380101 
0.370993 
0.393122 
0.390484 
0.359048 
0.358855 
0.291306 
0.312394 
0.284997 
0.224342 
0.270778 
0.252912 
0.291931 
0.244580 
0.202327 
0.162572 
0.194018 
0.194799 
0.181820 
0.185972 
0.150392 
0.155629 
0.120082 
0.156902 
0.138065 
0.121787 
0.148448 
0.154011 
0.126746 
0.105444 
0.113945 
0.116656 
0.117498 
0.121025 
0.125843 
0.132171 
0.133433 
0.138293 
0.139152 
0.144932 
0.165208 
0.172359 
0.152862 
0.164798 
0.165298 
0.182040 
0.179774 
0.178802 
0.150931 
0.180611 
0.188882 
0.174122 
0.201438 
0.197781 
0.219831 
0.214181 
0.201760 
0.225461 
0.214712 
0.243467 
0.230173 
0.198754 
0.177399 
0.234208 
0.192033 
0.235172 
0.228745 
0.238022 
0.284347 
0.234060 
0.331240 
0.262295 
0.302739 
0.273049 
0.293933 
0.325814 
0.423249 
0.390645 
0.397301 
0.514940 
0.505882 
0.531378 
0.475591 
0.438472 
0.404005 
0.385139 
0.343335 
0.247235 
0.230179 
0.210422 
0.226626 
0.224224 
0.240689 
0.191479 
0.199535 
0.183296 
0.198697 
0.152455 
0.131711 
0.130907 
0.128382 
0.098365 
0.102492 
0.087181 
0.104442 
0.102051 
0.095087 
0.089844 
0.090969 
0.089676 
0.092589 
0.098647 
0.120796 
0.098293 
0.098193 
0.094162 
0.101954 
0.088055 
0.107049 
0.091464 
0.095813 
0.098450 
0.101657 
0.084764 
0.084507 
0.075903 
0.091338 
0.091925 
0.119909 
0.118453 
0.103884 
0.096571 
0.097370 
0.105116 
0.105357 
0.084307 
0.087455 
0.080043 
0.066162 
0.056730 
0.058876 
0.061008 
0.057583 
0.046987 
0.051792 
0.047779 
0.047080 
0.047274 
0.038102 
0.051649 
0.035084 
0.036057 
0.043992 
0.042520 
0.034427 
0.035077 
0.035772 
0.039851 
0.031690 
0.033442 
0.030297 
0.027059 
0.025305 
0.023374 
0.021789 
0.023138 
0.019749 
0.021165 
0.017008 
0.017195 
0.015455 
0.015380 
0.013581 
0.011886 
0.009500 
0.010533 
0.009401 
0.009337 
0.009523 
0.007711 
0.008421 
0.009791 
0.009716 
0.009007 
0.007318 
0.009082 
0.007526 
0.007681 
0.009875 
0.010954 
0.009180 
0.011021 
0.007977 
0.009133 
0.009584 
0.008602 
0.008076 
0.005586 
0.005304 
0.004868 
0.003988 
0.003983 
0.003857 
0.004129 
0.003295 
0.003240 
0.003485 
0.003528 
0.003298 
0.003262 
0.003573 
0.002335 
0.002735 
0.002798 
0.003072 
0.002942 
0.003123 
0.002867 
0.002399 
0.002054 
0.001734 
0.001659 
0.001577 
0.001408 
0.001131 
0.000771 
0.000624 
0.000429 
0.000197 
0.000110 
0.000071 
0.000045 
0.000020 
0.000005 
0.000000 
0.000000 
0.000000 
0.000000 
0.000000 
0.000000 
0.000000 
0.000000 
0.000000 
0.000000 
0.000000 
0.000000 
0.000000 
0.000000 
0.000000 
0.000000 
0.000000 
0.000000 
0.000000 
0.000000 
0.000000 
0.000000 
0.000000 
0.000000 
0.000000 
0.000000 
0.000000 
0.000000 
0.000000 
0.000000 
0.000000 
0.000000 
0.000000 
0.000000 
0.000000 
0.000000 
0.000000 
0.000000 
0.000000 
0.000000 
0.000000 
0.000000 
0.000000 
0.000000 
0.000000 
0.000000 
0.000000 
0.000000 
0.000000 
0.000000 
0.000000 
0.000000 
0.000000 
0.000000 
0.000000 
0.000000 
0.000000 
0.000000 
0.000000 
0.000000 
0.000000 
0.000000 
0.000000 
0.000000 
0.000000 
0.000000 
0.000000 
0.000000 
0.000000 
0.000000 
0.000000 
0.000000 
0.000000 
0.000000 
0.000000 
0.000000 
0.000000 
0.000000 
0.000000 
0.000000 
0.000000 
0.000000 
0.000000 
0.000000 
0.000000 
0.000000 
0.000000 
0.000000 
0.000000 
0.000000 
0.000000 
0.000000 
0.000000 
0.000000 
0.000000 
0.000000 
0.000000 
0.000000 
0.000000 
0.000000 
0.000000 
0.000000 
0.000000 
0.000000 
0.000000 
0.000000 
0.000000 
0.000000 
0.000000 
0.000000 
0.000000 
0.000000 
0.000000 
0.000000 
0.000000 
0.000000 
0.000000 
0.000000 
0.000000 
0.000000 
0.000000 
0.000000 
0.000000 
0.000000 
0.000000 
0.000000 
0.000000 
0.000000 
0.000000 
0.000000 
0.000000 
0.000000 
0.000000 
0.000000 
0.000000 
0.000000 
0.000000 
0.000000 
0.000000 
0.000000 
0.000000 
0.000000 
0.000000 
0.000000 
0.000000 
0.000000 
0.000000 
0.000000 
0.000000 
0.000000 
0.000000 
0.000000 
0.000000 
0.000000 
0.000000 
0.000000 
0.000000 
0.000000 
0.000000 
0.000000 
0.000000 
0.000000 
0.000000 
0.000000 
0.000000 
0.000000 
0.000000 
0.000000 
0.000000 
0.000000 
0.000000 
0.000000 
0.000000 
0.000000 
0.000000 
0.000000 
0.000000 
0.000000 
0.000000 
0.000000 
0.000000 
0.000000 
0.000000 
0.000000 
0.000000 
0.000000 
0.000000 
0.000000 
0.000000 
0.000000 
0.000000 
