-0.566797 
-0.398980 
-0.235508 
-0.080495 
0.061950 
0.187715 
0.292688 
0.372760 
0.423817 
0.441750 
0.420066 
0.368358 
0.306642 
0.254934 
0.233250 
0.240725 
0.258796 
0.280929 
0.300592 
0.311250 
0.314982 
0.318127 
0.320547 
0.322101 
0.322650 
0.315848 
0.299629 
0.280271 
0.264052 
0.257250 
0.260172 
0.267216 
0.275799 
0.283338 
0.287250 
0.288183 
0.288702 
0.289100 
0.289668 
0.290700 
0.316905 
0.377427 
0.449206 
0.509183 
0.534300 
0.524028 
0.496811 
0.458050 
0.413146 
0.367500 
0.305115 
0.220296 
0.133894 
0.066761 
0.039750 
0.039750 
0.039750 
0.039750 
0.039750 
0.039750 
0.039750 
0.039750 
0.039750 
0.039750 
0.039750 
0.039750 
0.039750 
0.039750 
0.039750 
0.039750 
0.039750 
0.039750 
0.039750 
0.039750 
0.039750 
0.039750 
0.039750 
0.039750 
0.039750 
0.039750 
0.039750 
0.039750 
0.039750 
0.039750 
0.039750 
0.039750 
0.039750 
0.039750 
0.039750 
0.039750 
0.039750 
0.039750 
0.039750 
0.039750 
0.039750 
0.039750 
0.039750 
0.039750 
0.039750 
0.039750 
0.039750 
0.039750 
0.039750 
0.039750 
0.039750 
0.039750 
0.039750 
0.039750 
0.039750 
0.039750 
0.041310 
0.045613 
0.052090 
0.060175 
0.069300 
0.087645 
0.117715 
0.150432 
0.176720 
0.187500 
0.187500 
0.187500 
0.187500 
0.187500 
0.187500 
0.187500 
0.187500 
0.187500 
0.187500 
0.187500 
0.187500 
0.187500 
0.187500 
0.187500 
0.187500 
0.176720 
0.150432 
0.117715 
0.087645 
0.069300 
0.060175 
0.052090 
0.045613 
0.041310 
0.039750 
0.039750 
0.039750 
0.039750 
0.039750 
0.039750 
0.039750 
0.039750 
0.039750 
0.039750 
0.039750 
0.039750 
0.039750 
0.039750 
0.039750 
0.039750 
0.039750 
0.039750 
0.039750 
0.039750 
0.039750 
0.039750 
0.039750 
0.039750 
0.039750 
0.039750 
0.039750 
0.039750 
0.039750 
0.039750 
0.039750 
0.039750 
0.039750 
0.039750 
0.039750 
0.039750 
0.039750 
0.039750 
0.039750 
0.039750 
0.039750 
0.039750 
0.039750 
0.039750 
0.039750 
0.039750 
0.039750 
0.039750 
0.039750 
0.039750 
0.039750 
0.039750 
0.039750 
0.039750 
0.039750 
0.039750 
0.043627 
0.053745 
0.067834 
0.083626 
0.098850 
0.117147 
0.140267 
0.163104 
0.180550 
0.187500 
0.187500 
0.187500 
0.187500 
0.187500 
0.187500 
0.187500 
0.187500 
0.187500 
0.187500 
0.187500 
0.187500 
0.187500 
0.187500 
0.187500 
0.187500 
0.172134 
0.135492 
0.091758 
0.055116 
0.039750 
0.039750 
0.039750 
0.039750 
0.039750 
0.039750 
0.039750 
0.039750 
0.039750 
0.039750 
0.039750 
0.039750 
0.039750 
0.039750 
0.039750 
0.039750 
0.039750 
0.039750 
0.039750 
0.039750 
0.039750 
0.039750 
0.039750 
0.039750 
0.039750 
0.039750 
0.039750 
0.039750 
0.039750 
0.039750 
0.039750 
0.039750 
0.039750 
0.039750 
0.039750 
0.039750 
0.039750 
0.039750 
0.039750 
0.039750 
0.039750 
0.041310 
0.045613 
0.052090 
0.060175 
0.069300 
0.087645 
0.117715 
0.150432 
0.176720 
0.187500 
0.187500 
0.187500 
0.187500 
0.187500 
0.187500 
0.187500 
0.187500 
0.187500 
0.187500 
0.187500 
0.187500 
0.187500 
0.187500 
0.187500 
0.187500 
0.176720 
0.150432 
0.117715 
0.087645 
0.069300 
0.060175 
0.052090 
0.045613 
0.041310 
0.039750 
0.039750 
0.039750 
0.039750 
0.039750 
0.039750 
0.039750 
0.039750 
0.039750 
0.039750 
0.039750 
0.039750 
0.039750 
0.039750 
0.039750 
0.039750 
0.039750 
0.039750 
0.039750 
0.039750 
0.039750 
0.039750 
0.039750 
0.039750 
0.039750 
0.039750 
0.039750 
0.039750 
0.039750 
0.039750 
0.039750 
0.039750 
0.039750 
0.039750 
0.039750 
0.039750 
0.046700 
0.064146 
0.086983 
0.110103 
0.128400 
0.143624 
0.159416 
0.173505 
0.183623 
0.187500 
0.187500 
0.187500 
0.187500 
0.187500 
0.187500 
0.187500 
0.187500 
0.187500 
0.187500 
0.187500 
0.185940 
0.181637 
0.175160 
0.167075 
0.157950 
0.139605 
0.109535 
0.076818 
0.050530 
0.039750 
0.039750 
0.039750 
0.039750 
0.039750 
0.039750 
0.039750 
0.039750 
0.039750 
0.039750 
0.039750 
0.039750 
0.039750 
0.039750 
0.039750 
0.039750 
0.039750 
0.039750 
0.039750 
0.039750 
0.039750 
0.039750 
0.039750 
0.039750 
0.039750 
0.039750 
0.039750 
0.039750 
0.039750 
0.039750 
0.039750 
0.039750 
0.039750 
0.039750 
0.039750 
0.039750 
0.039750 
0.039750 
0.039750 
0.039750 
0.039750 
0.043627 
0.053745 
0.067834 
0.083626 
0.098850 
0.113928 
0.130611 
0.148618 
0.167674 
0.187500 
0.212466 
0.242905 
0.272487 
0.294879 
0.303750 
0.302502 
0.299526 
0.295974 
0.292998 
0.291750 
0.331717 
0.427024 
0.540776 
0.636083 
0.676050 
0.666713 
0.643180 
0.612165 
0.580384 
0.554550 
0.535172 
0.517581 
0.500723 
0.483547 
0.465000 
0.441235 
0.412884 
0.385616 
0.365099 
0.357000 
0.383395 
0.446338 
0.521462 
0.584405 
0.610800 
0.555769 
0.424394 
0.267254 
0.134930 
0.078000 
0.076164 
0.075101 
0.074355 
0.073473 
0.072000 
0.068275 
0.062170 
0.055526 
0.050189 
0.048000 
0.048000 
0.048000 
0.048000 
0.048000 
0.048000 
0.048000 
0.048000 
0.048000 
0.048000 
0.048000 
0.048000 
0.048000 
0.048000 
0.048000 
0.048000 
0.058780 
0.085068 
0.117785 
0.147855 
0.166200 
0.175325 
0.183410 
0.189887 
0.194190 
0.195750 
0.195750 
0.195750 
0.195750 
0.195750 
0.195750 
0.196218 
0.197334 
0.198666 
0.199782 
0.200250 
0.196402 
0.186348 
0.172322 
0.156561 
0.141300 
0.122778 
0.099243 
0.075938 
0.058109 
0.051000 
0.051000 
0.051000 
0.051000 
0.051000 
0.051000 
0.051000 
0.051000 
0.051000 
0.051000 
0.051000 
0.174739 
0.469810 
0.821990 
1.117061 
1.240800 
1.115891 
0.818030 
0.462520 
0.164659 
0.039750 
0.039750 
0.039750 
0.039750 
0.039750 
0.039750 
0.039750 
0.039750 
0.039750 
0.039750 
0.039750 
0.039750 
0.039750 
0.039750 
0.039750 
0.039750 
0.039750 
0.039750 
0.039750 
0.039750 
0.039750 
0.050530 
0.076818 
0.109535 
0.139605 
0.157950 
0.167075 
0.175160 
0.181637 
0.185940 
0.187500 
0.187500 
0.187500 
0.187500 
0.187500 
0.187500 
0.187500 
0.187500 
0.187500 
0.187500 
0.187500 
0.183623 
0.173505 
0.159416 
0.143624 
0.128400 
0.110103 
0.086983 
0.064146 
0.046700 
0.039750 
0.039750 
0.039750 
0.039750 
0.039750 
0.039750 
0.039750 
0.039750 
0.039750 
0.039750 
0.039750 
0.039750 
0.039750 
0.039750 
0.039750 
0.039750 
0.039750 
0.039750 
0.039750 
0.039750 
0.039750 
0.039750 
0.039750 
0.039750 
0.039750 
0.039750 
0.039750 
0.039750 
0.039750 
0.039750 
0.039750 
0.039750 
0.039750 
0.039750 
0.039750 
0.039750 
0.039750 
0.039750 
0.039750 
0.039750 
0.039750 
0.039750 
0.039750 
0.039750 
0.039750 
0.039750 
0.050530 
0.076818 
0.109535 
0.139605 
0.157950 
0.167075 
0.175160 
0.181637 
0.185940 
0.187500 
0.187500 
0.187500 
0.187500 
0.187500 
0.187500 
0.187500 
0.187500 
0.187500 
0.187500 
0.187500 
0.183623 
0.173505 
0.159416 
0.143624 
0.128400 
0.110103 
0.086983 
0.064146 
0.046700 
0.039750 
0.039750 
0.039750 
0.039750 
0.039750 
0.039750 
0.039750 
0.039750 
0.039750 
0.039750 
0.039750 
0.039750 
0.039750 
0.039750 
0.039750 
0.039750 
0.039750 
0.039750 
0.039750 
0.039750 
0.039750 
0.039750 
0.039750 
0.039750 
0.039750 
0.039750 
0.039750 
0.039750 
0.039750 
0.039750 
0.039750 
0.039750 
0.039750 
0.039750 
0.039750 
0.039750 
0.039750 
0.039750 
0.039750 
0.039750 
0.039750 
0.039750 
0.039750 
0.039750 
0.039750 
0.039750 
0.039750 
0.039750 
0.039750 
0.039750 
0.039750 
0.134520 
0.360510 
0.630240 
0.856230 
0.951000 
0.951000 
0.951000 
0.951000 
0.951000 
0.951000 
0.856230 
0.630240 
0.360510 
0.134520 
0.039750 
0.050530 
0.076818 
0.109535 
0.139605 
0.157950 
0.167075 
0.175160 
0.181637 
0.185940 
0.187500 
0.187500 
0.187500 
0.187500 
0.187500 
0.187500 
0.187500 
0.187500 
0.187500 
0.187500 
0.187500 
0.183623 
0.173505 
0.159416 
0.143624 
0.128400 
0.110103 
0.086983 
0.064146 
0.046700 
0.039750 
0.039750 
0.039750 
0.039750 
0.039750 
0.039750 
0.039750 
0.039750 
0.039750 
0.039750 
0.039750 
0.039750 
0.039750 
0.039750 
0.039750 
0.039750 
0.039750 
0.039750 
0.039750 
0.039750 
0.039750 
0.039750 
0.039750 
0.039750 
0.039750 
0.039750 
0.039750 
0.039750 
0.039750 
0.039750 
0.039750 
0.039750 
0.039750 
0.039750 
0.039750 
0.039750 
0.039750 
0.039750 
0.039750 
0.039750 
0.039750 
0.039750 
0.039750 
0.039750 
0.039750 
0.039750 
0.039750 
0.039750 
0.039750 
0.039750 
0.039750 
0.045321 
0.061191 
0.086096 
0.118770 
0.157950 
0.282432 
0.518682 
0.786935 
1.007429 
1.100400 
1.102403 
1.103527 
1.104310 
1.105288 
1.107000 
1.112501 
1.122354 
1.133356 
1.142305 
1.146000 
1.081500 
0.922777 
0.721994 
0.531314 
0.402900 
0.323783 
0.250493 
0.189447 
0.147061 
0.129750 
0.127362 
0.125477 
0.124111 
0.123280 
0.123000 
0.123000 
0.123000 
0.123000 
0.123000 
0.123000 
0.121032 
0.115896 
0.108744 
0.100728 
0.093000 
0.083712 
0.071976 
0.060384 
0.051528 
0.048000 
0.048000 
0.048000 
0.048000 
0.048000 
0.048000 
0.048000 
0.048000 
0.048000 
0.048000 
0.048000 
0.048000 
0.048000 
0.048000 
0.048000 
0.048000 
0.048000 
0.048000 
0.048000 
0.048000 
0.048000 
0.048000 
0.048000 
0.048000 
0.048000 
0.048000 
0.048000 
0.048000 
0.048000 
0.048000 
0.048000 
0.048191 
0.048734 
0.049587 
0.050706 
0.052050 
0.056373 
0.064598 
0.073932 
0.081580 
0.084750 
0.084750 
0.084750 
0.084750 
0.084750 
0.084750 
0.091700 
0.109146 
0.131983 
0.155103 
0.173400 
0.188624 
0.204416 
0.218505 
0.228623 
0.232500 
0.232500 
0.232500 
0.232500 
0.232500 
0.232500 
0.281359 
0.397870 
0.536930 
0.653441 
0.702300 
0.656484 
0.544879 
0.406247 
0.279350 
0.202950 
0.166190 
0.133818 
0.108006 
0.090926 
0.084750 
0.084893 
0.085312 
0.085989 
0.086907 
0.088050 
0.093515 
0.105285 
0.120173 
0.134990 
0.146550 
0.155938 
0.165501 
0.173940 
0.179956 
0.182250 
0.182250 
0.182250 
0.182250 
0.182250 
0.182250 
0.182250 
0.182250 
0.182250 
0.182250 
0.182250 
0.182250 
0.182250 
0.182250 
0.182250 
0.182250 
0.182250 
0.182250 
0.182250 
0.182250 
0.182250 
0.182250 
0.182250 
0.182250 
0.182250 
0.182250 
0.182372 
0.182737 
0.183341 
0.184180 
0.185250 
0.202132 
0.243583 
0.299363 
0.359232 
0.412950 
0.468683 
0.533284 
0.594542 
0.640251 
0.658200 
0.625627 
0.547954 
0.455246 
0.377573 
0.345000 
0.345000 
0.345000 
0.345000 
0.345000 
0.345000 
0.522294 
0.945072 
1.449678 
1.872456 
2.049750 
2.033853 
1.995790 
1.950000 
1.910923 
1.893000 
1.891113 
1.890114 
1.889399 
1.888363 
1.886400 
1.759735 
1.454747 
1.076067 
0.728325 
0.516150 
0.410477 
0.316863 
0.241870 
0.192061 
0.174000 
0.174000 
0.174000 
0.174000 
0.174000 
0.174000 
0.174000 
0.174000 
0.174000 
0.174000 
0.174000 
0.174000 
0.174000 
0.174000 
0.174000 
0.174000 
0.174000 
0.174000 
0.174000 
0.174000 
0.174000 
0.174000 
0.174000 
0.174000 
0.174000 
0.174000 
0.176879 
0.185001 
0.197594 
0.213885 
0.233100 
0.270657 
0.336259 
0.420569 
0.514246 
0.607950 
0.725467 
0.874670 
1.022356 
1.135317 
1.180350 
1.162796 
1.116241 
1.049843 
0.972760 
0.894150 
0.793292 
0.660263 
0.520423 
0.399132 
0.321750 
0.276320 
0.235920 
0.203460 
0.181850 
0.174000 
0.174000 
0.174000 
0.174000 
0.174000 
0.174000 
0.174000 
0.174000 
0.174000 
0.174000 
0.174000 
0.174000 
0.174000 
0.174000 
0.174000 
0.174000 
0.174000 
0.174000 
0.174000 
0.174000 
0.174000 
0.173058 
0.170459 
0.166546 
0.161662 
0.156150 
0.145069 
0.126905 
0.107141 
0.091262 
0.084750 
0.084750 
0.084750 
0.084750 
0.084750 
0.084750 
0.081006 
0.072078 
0.061422 
0.052494 
0.048750 
0.063180 
0.097590 
0.138660 
0.173070 
0.187500 
0.187500 
0.187500 
0.187500 
0.187500 
0.187500 
0.187500 
0.187500 
0.187500 
0.187500 
0.187500 
0.187500 
0.187500 
0.187500 
0.187500 
0.187500 
0.180550 
0.163104 
0.140267 
0.117147 
0.098850 
0.083626 
0.067834 
0.053745 
0.043627 
0.039750 
0.039750 
0.039750 
0.039750 
0.039750 
0.039750 
0.039750 
0.039750 
0.039750 
0.039750 
0.039750 
0.039750 
0.039750 
0.039750 
0.039750 
0.039750 
0.039750 
0.039750 
0.039750 
0.039750 
0.039750 
0.040352 
0.041820 
0.043647 
0.045326 
0.046350 
0.046860 
0.047311 
0.047673 
0.047913 
0.048000 
0.048000 
0.048000 
0.048000 
0.048000 
0.048000 
0.050168 
0.055932 
0.064181 
0.073807 
0.083700 
0.095080 
0.109235 
0.125155 
0.141830 
0.158250 
0.177385 
0.199940 
0.221507 
0.237680 
0.244050 
0.243863 
0.243416 
0.242884 
0.242437 
0.242250 
0.249200 
0.266646 
0.289483 
0.312603 
0.330900 
0.342606 
0.351361 
0.360173 
0.372050 
0.390000 
0.485942 
0.682927 
0.910660 
1.098849 
1.177200 
1.086049 
0.868690 
0.609260 
0.391901 
0.300750 
0.305118 
0.315534 
0.327966 
0.338382 
0.342750 
0.336978 
0.323214 
0.306786 
0.293022 
0.287250 
0.287250 
0.287250 
0.287250 
0.287250 
0.287250 
0.287078 
0.286669 
0.286181 
0.285772 
0.285600 
0.297394 
0.325517 
0.359083 
0.387206 
0.399000 
0.391200 
0.372600 
0.350400 
0.331800 
0.324000 
0.324633 
0.326408 
0.329142 
0.332651 
0.336750 
0.345656 
0.361148 
0.379387 
0.396534 
0.408750 
0.417291 
0.425409 
0.432256 
0.436985 
0.438750 
0.435630 
0.428190 
0.419310 
0.411870 
0.408750 
0.412642 
0.423013 
0.437903 
0.455352 
0.473400 
0.493618 
0.518424 
0.547131 
0.579052 
0.613500 
0.661356 
0.724160 
0.787218 
0.835830 
0.855300 
0.838780 
0.797237 
0.742700 
0.687195 
0.642750 
0.605013 
0.565504 
0.530059 
0.504512 
0.494700 
0.571624 
0.755057 
0.973993 
1.157426 
1.234350 
1.146413 
0.936716 
0.686434 
0.476737 
0.388800 
0.394525 
0.408178 
0.424472 
0.438125 
0.443850 
0.435364 
0.415127 
0.390973 
0.370736 
0.362250 
0.373718 
0.404093 
0.447334 
0.497400 
0.548250 
0.617586 
0.711734 
0.807589 
0.882046 
0.912000 
0.911467 
0.910042 
0.907982 
0.905549 
0.903000 
0.900234 
0.896885 
0.892819 
0.887902 
0.882000 
0.870702 
0.853075 
0.834197 
0.819146 
0.813000 
0.813294 
0.814097 
0.815294 
0.816767 
0.818400 
0.820541 
0.823559 
0.827366 
0.831875 
0.837000 
0.842607 
0.849312 
0.858148 
0.870150 
0.886350 
0.985643 
1.195454 
1.439619 
1.641973 
1.726350 
1.635144 
1.417489 
1.157326 
0.938599 
0.845250 
0.843190 
0.842016 
0.841197 
0.840202 
0.838500 
0.833717 
0.825540 
0.816530 
0.809247 
0.806250 
0.815454 
0.837402 
0.863598 
0.885546 
0.894750 
0.805830 
0.593790 
0.340710 
0.128670 
0.039750 
0.039750 
0.039750 
0.039750 
0.039750 
0.039750 
0.039750 
0.039750 
0.039750 
0.039750 
0.039750 
0.039750 
0.039750 
0.039750 
0.039750 
0.039750 
0.048954 
0.073811 
0.110191 
0.153964 
0.201000 
0.277348 
0.391020 
0.510828 
0.605584 
0.644100 
0.596614 
0.483377 
0.348223 
0.234986 
0.187500 
0.187500 
0.187500 
0.187500 
0.187500 
0.187500 
0.187500 
0.187500 
0.187500 
0.187500 
0.187500 
0.187500 
0.187500 
0.187500 
0.187500 
0.187500 
0.172134 
0.135492 
0.091758 
0.055116 
0.039750 
0.039750 
0.039750 
0.039750 
0.039750 
0.039750 
