0.005990 
0.012298 
0.019565 
0.027734 
0.036750 
0.046556 
0.057095 
0.068311 
0.080148 
0.092550 
0.107344 
0.124662 
0.141902 
0.156465 
0.165750 
0.171321 
0.176247 
0.180188 
0.182803 
0.183750 
0.183750 
0.183750 
0.183750 
0.183750 
0.183750 
0.183750 
0.183750 
0.183750 
0.183750 
0.183750 
0.184998 
0.187974 
0.191526 
0.194502 
0.195750 
0.194611 
0.191896 
0.188654 
0.185939 
0.184800 
0.189738 
0.201701 
0.216415 
0.229606 
0.237000 
0.239901 
0.242379 
0.244306 
0.245555 
0.246000 
0.245291 
0.243513 
0.241189 
0.238844 
0.237000 
0.235847 
0.235010 
0.234164 
0.232985 
0.231150 
0.209479 
0.161086 
0.104088 
0.056604 
0.036750 
0.036750 
0.036750 
0.036750 
0.036750 
0.036750 
0.036750 
0.036750 
0.036750 
0.036750 
0.036750 
0.036750 
0.036750 
0.036750 
0.036750 
0.036750 
0.036750 
0.036750 
0.036750 
0.036750 
0.036750 
0.036750 
0.036750 
0.036750 
0.036750 
0.036750 
0.036750 
0.036750 
0.036750 
0.036750 
0.036750 
0.049424 
0.080172 
0.118083 
0.152246 
0.171750 
0.178552 
0.182926 
0.186434 
0.190638 
0.197100 
0.212837 
0.238633 
0.266701 
0.289252 
0.298500 
0.298500 
0.298500 
0.298500 
0.298500 
0.298500 
0.292641 
0.277684 
0.257556 
0.236185 
0.217500 
0.201835 
0.186572 
0.171206 
0.155233 
0.138150 
0.116209 
0.089637 
0.063896 
0.044447 
0.036750 
0.036750 
0.036750 
0.036750 
0.036750 
0.036750 
0.036750 
0.036750 
0.036750 
0.036750 
0.036750 
0.036750 
0.036750 
0.036750 
0.036750 
0.036750 
0.036750 
0.036750 
0.036750 
0.036750 
0.036750 
0.036750 
0.036750 
0.036750 
0.036750 
0.036750 
0.036750 
0.036750 
0.036750 
0.036750 
0.036750 
0.036750 
0.036750 
0.036750 
0.036750 
0.036750 
0.038176 
0.042107 
0.048025 
0.055412 
0.063750 
0.080512 
0.107987 
0.137881 
0.161900 
0.171750 
0.171750 
0.171750 
0.171750 
0.171750 
0.171750 
0.171750 
0.171750 
0.171750 
0.171750 
0.171750 
0.171750 
0.171750 
0.171750 
0.171750 
0.171750 
0.161900 
0.137881 
0.107987 
0.080512 
0.063750 
0.055412 
0.048025 
0.042107 
0.038176 
0.036750 
0.036750 
0.036750 
0.036750 
0.036750 
0.036750 
0.036750 
0.036750 
0.036750 
0.036750 
0.036750 
0.036750 
0.036750 
0.036750 
0.036750 
0.036750 
0.036750 
0.036750 
0.036750 
0.036750 
0.036750 
0.038088 
0.041779 
0.047336 
0.054272 
0.062100 
0.077837 
0.103633 
0.131701 
0.154252 
0.163500 
0.163500 
0.163500 
0.163500 
0.163500 
0.163500 
0.167362 
0.177246 
0.190599 
0.204868 
0.217500 
0.230304 
0.244982 
0.258823 
0.269116 
0.273150 
0.262604 
0.237457 
0.207443 
0.182296 
0.171750 
0.171750 
0.171750 
0.171750 
0.171750 
0.171750 
0.171750 
0.171750 
0.171750 
0.171750 
0.171750 
0.157710 
0.124230 
0.084270 
0.050790 
0.036750 
0.036750 
0.036750 
0.036750 
0.036750 
0.036750 
0.036750 
0.036750 
0.036750 
0.036750 
0.036750 
0.036750 
0.036750 
0.036750 
0.036750 
0.036750 
0.036750 
0.036750 
0.036750 
0.036750 
0.036750 
0.038088 
0.041779 
0.047336 
0.054272 
0.062100 
0.077837 
0.103633 
0.131701 
0.154252 
0.163500 
0.163500 
0.163500 
0.163500 
0.163500 
0.163500 
0.163500 
0.163500 
0.163500 
0.163500 
0.163500 
0.166480 
0.173585 
0.182065 
0.189170 
0.192150 
0.190028 
0.184969 
0.178931 
0.173872 
0.171750 
0.171750 
0.171750 
0.171750 
0.171750 
0.171750 
0.171750 
0.171750 
0.171750 
0.171750 
0.171750 
0.171750 
0.171750 
0.171750 
0.171750 
0.171750 
0.157710 
0.124230 
0.084270 
0.050790 
0.036750 
0.036750 
0.036750 
0.036750 
0.036750 
0.036750 
0.036750 
0.036750 
0.036750 
0.036750 
0.036750 
0.036750 
0.036750 
0.036750 
0.036750 
0.036750 
0.036750 
0.036750 
0.036750 
0.036750 
0.036750 
0.049932 
0.081366 
0.118884 
0.150318 
0.163500 
0.163500 
0.163500 
0.163500 
0.163500 
0.163500 
0.163500 
0.163500 
0.163500 
0.163500 
0.163500 
0.163500 
0.163500 
0.163500 
0.163500 
0.163500 
0.161550 
0.156900 
0.151350 
0.146700 
0.144750 
0.147558 
0.154254 
0.162246 
0.168942 
0.171750 
0.171750 
0.171750 
0.171750 
0.171750 
0.171750 
0.171750 
0.171750 
0.171750 
0.171750 
0.171750 
0.168208 
0.158963 
0.146089 
0.131660 
0.117750 
0.101032 
0.079907 
0.059041 
0.043100 
0.036750 
0.036750 
0.036750 
0.036750 
0.036750 
0.036750 
0.036750 
0.036750 
0.036750 
0.036750 
0.036750 
0.045998 
0.068549 
0.096617 
0.122413 
0.138150 
0.145978 
0.152914 
0.158471 
0.162162 
0.163500 
0.163500 
0.163500 
0.163500 
0.163500 
0.163500 
0.163500 
0.163500 
0.163500 
0.163500 
0.163500 
0.152954 
0.127807 
0.097793 
0.072646 
0.062100 
0.063725 
0.068121 
0.074570 
0.082352 
0.090750 
0.102553 
0.119241 
0.138128 
0.156526 
0.171750 
0.184982 
0.198256 
0.210163 
0.219298 
0.224250 
0.226077 
0.227131 
0.227947 
0.229058 
0.231000 
0.243465 
0.269522 
0.299771 
0.324814 
0.335250 
0.321210 
0.287730 
0.247770 
0.214290 
0.200250 
0.200250 
0.200250 
0.200250 
0.200250 
0.200250 
0.200250 
0.200250 
0.200250 
0.200250 
0.200250 
0.203576 
0.212256 
0.224343 
0.237890 
0.250950 
0.266647 
0.286481 
0.306071 
0.321038 
0.327000 
0.327000 
0.327000 
0.327000 
0.327000 
0.327000 
0.327000 
0.327000 
0.327000 
0.327000 
0.327000 
0.370512 
0.484069 
0.642200 
0.819434 
0.990300 
1.190864 
1.440759 
1.689868 
1.888071 
1.985250 
2.010875 
2.029413 
2.043237 
2.054725 
2.066250 
2.079324 
2.092661 
2.104442 
2.112845 
2.116050 
2.115395 
2.113832 
2.111968 
2.110405 
2.109750 
2.109750 
2.109750 
2.109750 
2.109750 
2.109750 
2.108324 
2.104393 
2.098475 
2.091088 
2.082750 
2.065988 
2.038513 
2.008619 
1.984600 
1.974750 
1.974750 
1.974750 
1.974750 
1.974750 
1.974750 
1.974750 
1.974750 
1.974750 
1.974750 
1.974750 
1.969680 
1.957590 
1.943160 
1.931070 
1.926000 
1.935516 
1.958208 
1.985292 
2.007984 
2.017500 
1.973988 
1.860431 
1.702300 
1.525066 
1.354200 
1.148842 
0.889359 
0.633060 
0.437254 
0.359250 
0.359250 
0.359250 
0.359250 
0.359250 
0.359250 
0.359250 
0.359250 
0.359250 
0.359250 
0.359250 
0.355924 
0.347244 
0.335157 
0.321610 
0.308550 
0.292853 
0.273019 
0.253429 
0.238462 
0.232500 
0.232500 
0.232500 
0.232500 
0.232500 
0.232500 
0.232500 
0.232500 
0.232500 
0.232500 
0.232500 
0.230099 
0.223833 
0.215108 
0.205328 
0.195900 
0.184569 
0.170251 
0.156108 
0.145304 
0.141000 
0.241636 
0.481613 
0.768037 
1.008014 
1.108650 
1.052180 
0.912810 
0.735600 
0.565610 
0.447900 
0.370891 
0.297956 
0.236585 
0.194270 
0.178500 
0.189732 
0.216516 
0.248484 
0.275268 
0.286500 
0.286500 
0.286500 
0.286500 
0.286500 
0.286500 
0.286500 
0.286500 
0.286500 
0.286500 
0.286500 
0.286500 
0.286500 
0.286500 
0.286500 
0.286500 
0.277904 
0.257407 
0.232943 
0.212446 
0.203850 
0.211588 
0.230039 
0.252061 
0.270512 
0.278250 
0.278250 
0.278250 
0.278250 
0.278250 
0.278250 
0.278250 
0.278250 
0.278250 
0.278250 
0.278250 
0.275614 
0.269327 
0.261823 
0.255536 
0.252900 
0.327577 
0.505654 
0.718196 
0.896273 
0.970950 
0.885727 
0.682504 
0.439946 
0.236723 
0.151500 
0.151500 
0.151500 
0.151500 
0.151500 
0.151500 
0.151224 
0.150505 
0.149504 
0.148382 
0.147300 
0.146000 
0.144357 
0.142734 
0.141494 
0.141000 
0.141000 
0.141000 
0.141000 
0.141000 
0.141000 
0.141000 
0.141000 
0.141000 
0.141000 
0.141000 
0.142872 
0.147336 
0.152664 
0.157128 
0.159000 
0.157128 
0.152664 
0.147336 
0.142872 
0.141000 
0.144326 
0.153006 
0.165093 
0.178640 
0.191700 
0.207397 
0.227231 
0.246821 
0.261788 
0.267750 
0.267750 
0.267750 
0.267750 
0.267750 
0.267750 
0.272124 
0.283031 
0.297152 
0.311165 
0.321750 
0.329870 
0.338005 
0.345111 
0.350141 
0.352050 
0.344141 
0.325280 
0.302770 
0.283909 
0.276000 
0.276000 
0.276000 
0.276000 
0.276000 
0.276000 
0.276000 
0.276000 
0.276000 
0.276000 
0.276000 
0.265725 
0.239774 
0.205461 
0.170099 
0.141000 
0.115099 
0.087363 
0.062152 
0.043827 
0.036750 
0.036750 
0.036750 
0.036750 
0.036750 
0.036750 
0.036750 
0.036750 
0.036750 
0.036750 
0.036750 
0.036750 
0.036750 
0.036750 
0.036750 
0.036750 
0.036750 
0.036750 
0.036750 
0.036750 
0.036750 
0.036750 
0.036750 
0.036750 
0.036750 
0.036750 
0.036750 
0.036750 
0.036750 
0.036750 
0.036750 
0.036750 
0.036750 
0.036750 
0.036750 
0.036750 
0.036750 
0.036750 
0.036750 
0.036750 
0.036750 
0.056417 
0.106676 
0.174418 
0.246529 
0.309900 
0.373271 
0.445382 
0.513124 
0.563383 
0.583050 
0.527015 
0.393392 
0.233908 
0.100285 
0.044250 
0.049902 
0.064145 
0.082913 
0.102137 
0.117750 
0.131335 
0.145723 
0.158719 
0.168126 
0.171750 
0.171750 
0.171750 
0.171750 
0.171750 
0.171750 
0.171750 
0.171750 
0.171750 
0.171750 
0.171750 
0.170324 
0.166393 
0.160475 
0.153088 
0.144750 
0.127988 
0.100513 
0.070619 
0.046600 
0.036750 
0.042712 
0.057679 
0.077269 
0.097103 
0.112800 
0.125860 
0.139407 
0.151494 
0.160174 
0.163500 
0.163500 
0.163500 
0.163500 
0.163500 
0.163500 
0.163500 
0.163500 
0.163500 
0.163500 
0.163500 
0.157538 
0.142571 
0.122981 
0.103147 
0.087450 
0.074390 
0.060843 
0.048756 
0.040076 
0.036750 
0.036750 
0.036750 
0.036750 
0.036750 
0.036750 
0.036750 
0.036750 
0.036750 
0.036750 
0.036750 
0.038176 
0.042107 
0.048025 
0.055412 
0.063750 
0.080512 
0.107987 
0.137881 
0.161900 
0.171750 
0.171750 
0.171750 
0.171750 
0.171750 
0.171750 
0.171750 
0.171750 
0.171750 
0.171750 
0.171750 
0.171750 
0.171750 
0.171750 
0.171750 
0.171750 
0.161900 
0.137881 
0.107987 
0.080512 
0.063750 
0.055412 
0.048025 
0.042107 
0.038176 
0.036750 
0.036750 
0.036750 
0.036750 
0.036750 
0.036750 
0.036750 
0.036750 
0.036750 
0.036750 
0.036750 
0.036750 
0.036750 
0.036750 
0.036750 
0.036750 
0.038088 
0.041779 
0.047336 
0.054272 
0.062100 
0.077837 
0.103633 
0.131701 
0.154252 
0.163500 
0.163500 
0.163500 
0.163500 
0.163500 
0.163500 
0.163500 
0.163500 
0.163500 
0.163500 
0.163500 
0.162074 
0.158207 
0.152519 
0.145627 
0.138150 
0.125572 
0.106516 
0.086309 
0.070278 
0.063750 
0.074982 
0.101766 
0.133734 
0.160518 
0.171750 
0.171750 
0.171750 
0.171750 
0.171750 
0.171750 
0.171750 
0.171750 
0.171750 
0.171750 
0.171750 
0.171750 
0.171750 
0.171750 
0.171750 
0.171750 
0.161900 
0.137881 
0.107987 
0.080512 
0.063750 
0.055412 
0.048025 
0.042107 
0.038176 
0.036750 
0.036750 
0.036750 
0.036750 
0.036750 
0.036750 
0.036750 
0.036750 
0.036750 
0.036750 
0.036750 
0.036750 
0.036750 
0.036750 
0.036750 
0.036750 
0.036750 
0.036750 
0.036750 
0.036750 
0.036750 
0.093565 
0.229048 
0.390752 
0.526235 
0.583050 
0.565995 
0.522160 
0.462537 
0.398119 
0.339900 
0.278561 
0.206703 
0.138200 
0.086925 
0.066750 
0.067808 
0.070465 
0.073943 
0.077464 
0.080250 
0.081998 
0.083261 
0.084550 
0.086376 
0.089250 
0.196163 
0.445949 
0.742883 
0.991242 
1.095300 
0.991919 
0.745394 
0.451156 
0.204631 
0.101250 
0.101562 
0.102306 
0.103194 
0.103938 
0.104250 
0.099570 
0.088410 
0.075090 
0.063930 
0.059250 
0.063796 
0.076127 
0.094286 
0.116313 
0.140250 
0.180786 
0.242394 
0.307794 
0.359706 
0.380850 
0.361444 
0.315167 
0.259933 
0.213656 
0.194250 
0.203856 
0.227238 
0.256243 
0.282715 
0.298500 
0.305908 
0.312404 
0.317565 
0.320971 
0.322200 
0.318877 
0.310954 
0.301496 
0.293573 
0.290250 
0.290250 
0.290250 
0.290250 
0.290250 
0.290250 
0.290250 
0.290250 
0.290250 
0.290250 
0.290250 
0.287120 
0.278831 
0.267038 
0.253393 
0.239550 
0.220731 
0.195219 
0.169262 
0.149107 
0.141000 
0.141000 
0.141000 
0.141000 
0.141000 
0.141000 
0.141000 
0.141000 
0.141000 
0.141000 
0.141000 
0.141966 
0.144631 
0.148642 
0.153649 
0.159300 
0.170661 
0.189283 
0.209544 
0.225824 
0.232500 
0.232500 
0.232500 
0.232500 
0.232500 
0.232500 
0.232500 
0.232500 
0.232500 
0.232500 
0.232500 
0.232500 
0.232500 
0.232500 
0.232500 
0.232500 
0.232500 
0.232500 
0.232500 
0.232500 
0.232500 
0.232500 
0.232500 
0.232500 
0.232500 
0.232500 
0.232500 
0.232500 
0.232500 
0.232500 
0.232500 
0.236001 
0.245523 
0.259595 
0.276745 
0.295500 
0.326641 
0.373876 
0.425131 
0.468331 
0.491400 
0.498208 
0.502065 
0.505052 
0.509253 
0.516750 
0.609362 
0.815977 
1.059281 
1.261960 
1.346700 
1.273219 
1.093480 
0.868536 
0.659441 
0.527250 
0.457161 
0.395593 
0.345430 
0.309555 
0.290850 
0.282353 
0.275333 
0.270027 
0.266671 
0.265500 
0.265500 
0.265500 
0.265500 
0.265500 
0.265500 
0.265500 
0.265500 
0.265500 
0.265500 
0.265500 
0.265500 
0.265500 
0.265500 
0.265500 
0.265500 
0.265500 
0.265500 
0.265500 
0.265500 
0.265500 
0.265500 
0.265500 
0.265500 
0.265500 
0.265500 
0.265500 
0.265500 
0.265500 
0.265500 
0.265500 
0.267233 
0.272018 
0.279237 
0.288271 
0.298500 
0.317801 
0.349093 
0.384325 
0.415445 
0.434400 
0.444182 
0.452772 
0.459606 
0.464120 
0.465750 
0.465282 
0.464166 
0.462834 
0.461718 
0.461250 
0.470173 
0.491452 
0.516848 
0.538127 
0.547050 
0.540382 
0.524059 
0.503599 
0.484523 
0.472350 
0.465622 
0.459528 
0.454564 
0.451223 
0.450000 
0.450000 
0.450000 
0.450000 
0.450000 
0.450000 
0.446733 
0.438207 
0.426335 
0.413028 
0.400200 
0.384782 
0.365300 
0.346057 
0.331356 
0.325500 
0.325812 
0.326556 
0.327444 
0.328188 
0.328500 
0.325332 
0.317556 
0.307764 
0.298548 
0.292500 
0.288948 
0.285684 
0.282996 
0.281172 
0.280500 
0.283783 
0.291790 
0.301754 
0.310913 
0.316500 
0.318831 
0.320398 
0.321698 
0.323233 
0.325500 
0.330568 
0.338604 
0.347256 
0.354172 
0.357000 
0.355071 
0.350314 
0.344271 
0.338486 
0.334500 
0.331918 
0.329481 
0.327434 
0.326025 
0.325500 
0.325500 
0.325500 
0.325500 
0.325500 
0.325500 
0.332660 
0.351397 
0.377593 
0.407133 
0.435900 
0.471266 
0.516541 
0.561519 
0.595991 
0.609750 
0.609750 
0.609750 
0.609750 
0.609750 
0.609750 
0.609750 
0.609750 
0.609750 
0.609750 
0.609750 
0.601943 
0.582537 
0.557554 
0.533017 
0.514950 
0.503719 
0.494708 
0.486469 
0.477550 
0.466500 
0.450819 
0.430974 
0.409969 
0.390810 
0.376500 
0.365478 
0.354936 
0.346004 
0.339815 
0.337500 
0.340024 
0.346513 
0.355339 
0.364877 
0.373500 
0.381537 
0.390083 
0.398661 
0.406792 
0.414000 
0.421102 
0.428511 
0.435144 
0.439918 
0.441750 
0.426783 
0.390176 
0.344372 
0.301816 
0.274950 
0.260455 
0.247398 
0.236804 
0.229697 
0.227100 
0.234567 
0.253558 
0.278955 
0.305641 
0.328500 
0.350329 
0.374560 
0.397027 
0.413562 
0.420000 
0.413448 
0.397824 
0.379176 
0.363552 
0.357000 
0.365440 
0.385565 
0.409585 
0.429710 
0.438150 
0.430100 
0.410905 
0.387995 
0.368800 
0.360750 
0.364806 
0.374478 
0.386022 
0.395694 
0.399750 
0.398601 
0.395524 
0.391071 
0.385795 
0.380250 
0.373902 
0.365940 
0.356502 
0.345726 
0.333750 
0.316429 
0.292984 
0.268599 
0.248460 
0.237750 
0.233771 
0.230454 
0.227926 
0.226315 
0.225750 
