0.039750 
0.039750 
0.039750 
0.039750 
0.039750 
0.039750 
0.039750 
0.039750 
0.039750 
0.039750 
0.039750 
0.039750 
0.039750 
0.039750 
0.039750 
0.039750 
0.039750 
0.039750 
0.039750 
0.039750 
0.052698 
0.083574 
0.120426 
0.151302 
0.164250 
0.164250 
0.164250 
0.164250 
0.164250 
0.164250 
0.164250 
0.164250 
0.164250 
0.164250 
0.164250 
0.164250 
0.164250 
0.164250 
0.164250 
0.164250 
0.158394 
0.143693 
0.124450 
0.104968 
0.089550 
0.076722 
0.063415 
0.051543 
0.043017 
0.039750 
0.039750 
0.039750 
0.039750 
0.039750 
0.039750 
0.039750 
0.039750 
0.039750 
0.039750 
0.039750 
0.039750 
0.039750 
0.039750 
0.039750 
0.039750 
0.039750 
0.039750 
0.039750 
0.039750 
0.039750 
0.039750 
0.039750 
0.039750 
0.039750 
0.039750 
0.039750 
0.039750 
0.039750 
0.039750 
0.039750 
0.039750 
0.039750 
0.039750 
0.039750 
0.039750 
0.039750 
0.039750 
0.039750 
0.039750 
0.039750 
0.052933 
0.085444 
0.126723 
0.166212 
0.193350 
0.210848 
0.227346 
0.241186 
0.250707 
0.254250 
0.254250 
0.254250 
0.254250 
0.254250 
0.254250 
0.254250 
0.254250 
0.254250 
0.254250 
0.254250 
0.242827 
0.214388 
0.177681 
0.141453 
0.114450 
0.094218 
0.074134 
0.056697 
0.044403 
0.039750 
0.039750 
0.039750 
0.039750 
0.039750 
0.039750 
0.039750 
0.039750 
0.039750 
0.039750 
0.039750 
0.039750 
0.039750 
0.039750 
0.039750 
0.039750 
0.039750 
0.039750 
0.039750 
0.039750 
0.039750 
0.039750 
0.039750 
0.039750 
0.039750 
0.039750 
0.039750 
0.039750 
0.039750 
0.039750 
0.039750 
0.039750 
0.039750 
0.039750 
0.039750 
0.039750 
0.039750 
0.039750 
0.039750 
0.039750 
0.039750 
0.039750 
0.039750 
0.039750 
0.039750 
0.039750 
0.039750 
0.039750 
0.039750 
0.039750 
0.039750 
0.039750 
0.039750 
0.039750 
0.039750 
0.039750 
0.049110 
0.071430 
0.098070 
0.120390 
0.129750 
0.129750 
0.129750 
0.129750 
0.129750 
0.129750 
0.129750 
0.129750 
0.129750 
0.129750 
0.129750 
0.126247 
0.117800 
0.107505 
0.098457 
0.093750 
0.092350 
0.091188 
0.090306 
0.089746 
0.089550 
0.097319 
0.115844 
0.137956 
0.156481 
0.164250 
0.164250 
0.164250 
0.164250 
0.164250 
0.164250 
0.164250 
0.164250 
0.164250 
0.164250 
0.164250 
0.164250 
0.164250 
0.164250 
0.164250 
0.164250 
0.151302 
0.120426 
0.083574 
0.052698 
0.039750 
0.039750 
0.039750 
0.039750 
0.039750 
0.039750 
0.039750 
0.039750 
0.039750 
0.039750 
0.039750 
0.039750 
0.039750 
0.039750 
0.039750 
0.039750 
0.039750 
0.039750 
0.039750 
0.039750 
0.039750 
0.039750 
0.039750 
0.039750 
0.039750 
0.039750 
0.039750 
0.039750 
0.039750 
0.039750 
0.039750 
0.039750 
0.039750 
0.039750 
0.039750 
0.039750 
0.039750 
0.039750 
0.039750 
0.039750 
0.039750 
0.039750 
0.039750 
0.039750 
0.039750 
0.039750 
0.039750 
0.039750 
0.039750 
0.039750 
0.039750 
0.039750 
0.039750 
0.039750 
0.039750 
0.039750 
0.039750 
0.039750 
0.039750 
0.039750 
0.039750 
0.039750 
0.039750 
0.039750 
0.039750 
0.039750 
0.045606 
0.060307 
0.079550 
0.099032 
0.114450 
0.127278 
0.140585 
0.152457 
0.160983 
0.164250 
0.164250 
0.164250 
0.164250 
0.164250 
0.164250 
0.164250 
0.164250 
0.164250 
0.164250 
0.164250 
0.162935 
0.159310 
0.153852 
0.147039 
0.139350 
0.123892 
0.098554 
0.070985 
0.048834 
0.039750 
0.039750 
0.039750 
0.039750 
0.039750 
0.039750 
0.042112 
0.048275 
0.056857 
0.066476 
0.075750 
0.086896 
0.100979 
0.114889 
0.125516 
0.129750 
0.129750 
0.129750 
0.129750 
0.129750 
0.129750 
0.129750 
0.129750 
0.129750 
0.129750 
0.129750 
0.123184 
0.107171 
0.087241 
0.068924 
0.057750 
0.052192 
0.047267 
0.043321 
0.040700 
0.039750 
0.039750 
0.039750 
0.039750 
0.039750 
0.039750 
0.048834 
0.070985 
0.098554 
0.123892 
0.139350 
0.147039 
0.153852 
0.159310 
0.162935 
0.164250 
0.164250 
0.164250 
0.164250 
0.164250 
0.164250 
0.164250 
0.164250 
0.164250 
0.164250 
0.164250 
0.159235 
0.147212 
0.132717 
0.120285 
0.114450 
0.113514 
0.112762 
0.112209 
0.111867 
0.111750 
0.113622 
0.118086 
0.123414 
0.127878 
0.129750 
0.129750 
0.129750 
0.129750 
0.129750 
0.129750 
0.128800 
0.126179 
0.122233 
0.117308 
0.111750 
0.100576 
0.082259 
0.062329 
0.046316 
0.039750 
0.039750 
0.039750 
0.039750 
0.039750 
0.039750 
0.039750 
0.039750 
0.039750 
0.039750 
0.039750 
0.039750 
0.039750 
0.039750 
0.039750 
0.039750 
0.040261 
0.041710 
0.043968 
0.046907 
0.050400 
0.055857 
0.065276 
0.079406 
0.098997 
0.124800 
0.518595 
1.415476 
2.476165 
3.361382 
3.731850 
3.380710 
2.543375 
1.543975 
0.706640 
0.355500 
0.362676 
0.379788 
0.400212 
0.417324 
0.424500 
0.420625 
0.410356 
0.395724 
0.378761 
0.361500 
0.337843 
0.305628 
0.272792 
0.247271 
0.237000 
0.239362 
0.245525 
0.254107 
0.263726 
0.273000 
0.284146 
0.298229 
0.312139 
0.322766 
0.327000 
0.327000 
0.327000 
0.327000 
0.327000 
0.327000 
0.327000 
0.327000 
0.327000 
0.327000 
0.327000 
0.319615 
0.301966 
0.280809 
0.262901 
0.255000 
0.254415 
0.253955 
0.253621 
0.253418 
0.253350 
0.494464 
1.069427 
1.755673 
2.330636 
2.571750 
2.488133 
2.274488 
1.986627 
1.680361 
1.411500 
1.143154 
0.838116 
0.551720 
0.339303 
0.256200 
0.256543 
0.257362 
0.258338 
0.259157 
0.259500 
0.257628 
0.253164 
0.247836 
0.243372 
0.241500 
0.243896 
0.250199 
0.259084 
0.269226 
0.279300 
0.292275 
0.309337 
0.326481 
0.339703 
0.345000 
0.341256 
0.332328 
0.321672 
0.312744 
0.309000 
0.315566 
0.331579 
0.351509 
0.369826 
0.381000 
0.386558 
0.391483 
0.395429 
0.398050 
0.399000 
0.387875 
0.361005 
0.328148 
0.299060 
0.283500 
0.279141 
0.276446 
0.274355 
0.271809 
0.267750 
0.257225 
0.239497 
0.219833 
0.203495 
0.195750 
0.194439 
0.193669 
0.193104 
0.192410 
0.191250 
0.187900 
0.182088 
0.175656 
0.170446 
0.168300 
0.303348 
0.637410 
1.063862 
1.476083 
1.767450 
1.965653 
2.155716 
2.317012 
2.428915 
2.470800 
2.431348 
2.337269 
2.224981 
2.130902 
2.091450 
2.217061 
2.516596 
2.874104 
3.173639 
3.299250 
3.299250 
3.299250 
3.299250 
3.299250 
3.299250 
3.299250 
3.299250 
3.299250 
3.299250 
3.299250 
3.299250 
3.299250 
3.299250 
3.299250 
3.299250 
3.144576 
2.775738 
2.335512 
1.966674 
1.812000 
1.816357 
1.827268 
1.841490 
1.855781 
1.866900 
1.875882 
1.885077 
1.893216 
1.899030 
1.901250 
1.900314 
1.898082 
1.895418 
1.893186 
1.892250 
1.893186 
1.895418 
1.898082 
1.900314 
1.901250 
1.775264 
1.474837 
1.116263 
0.815836 
0.689850 
0.732906 
0.835578 
0.958122 
1.060794 
1.103850 
1.089453 
1.051798 
0.999187 
0.939920 
0.882300 
0.816303 
0.735303 
0.652696 
0.581879 
0.536250 
0.509357 
0.486254 
0.467597 
0.454044 
0.446250 
0.442469 
0.440002 
0.438076 
0.435916 
0.432750 
0.426493 
0.417250 
0.407537 
0.399866 
0.396750 
0.400634 
0.409897 
0.420953 
0.430216 
0.434100 
0.429514 
0.418577 
0.405523 
0.394586 
0.390000 
0.390000 
0.390000 
0.390000 
0.390000 
0.390000 
0.395522 
0.408691 
0.424409 
0.437578 
0.443100 
0.437578 
0.424409 
0.408691 
0.395522 
0.390000 
0.392761 
0.399346 
0.407204 
0.413789 
0.416550 
0.416550 
0.416550 
0.416550 
0.416550 
0.416550 
0.413789 
0.407204 
0.399346 
0.392761 
0.390000 
0.397621 
0.417958 
0.447219 
0.481613 
0.517350 
0.569311 
0.642393 
0.717830 
0.776855 
0.800700 
0.765319 
0.680950 
0.580250 
0.495881 
0.460500 
0.460500 
0.460500 
0.460500 
0.460500 
0.460500 
0.460500 
0.460500 
0.460500 
0.460500 
0.460500 
0.448103 
0.417392 
0.378090 
0.339919 
0.312600 
0.293580 
0.275199 
0.259518 
0.248598 
0.244500 
0.248260 
0.257225 
0.267925 
0.276890 
0.280650 
0.273068 
0.254989 
0.233411 
0.215332 
0.207750 
0.208584 
0.210973 
0.214744 
0.219727 
0.225750 
0.246905 
0.287972 
0.334811 
0.373284 
0.389250 
0.389250 
0.389250 
0.389250 
0.389250 
0.389250 
0.389250 
0.389250 
0.389250 
0.389250 
0.389250 
0.385929 
0.377128 
0.364587 
0.350048 
0.335250 
0.314961 
0.287327 
0.259157 
0.237262 
0.228450 
0.230351 
0.235438 
0.242785 
0.251464 
0.260550 
0.274067 
0.293311 
0.313266 
0.328918 
0.335250 
0.335250 
0.335250 
0.335250 
0.335250 
0.335250 
0.317466 
0.275058 
0.224442 
0.182034 
0.164250 
0.164250 
0.164250 
0.164250 
0.164250 
0.164250 
0.151302 
0.120426 
0.083574 
0.052698 
0.039750 
0.040700 
0.043321 
0.047267 
0.052192 
0.057750 
0.068924 
0.087241 
0.107171 
0.123184 
0.129750 
0.129750 
0.129750 
0.129750 
0.129750 
0.129750 
0.129750 
0.129750 
0.129750 
0.129750 
0.129750 
0.125516 
0.114889 
0.100979 
0.086896 
0.075750 
0.066476 
0.056857 
0.048275 
0.042112 
0.039750 
0.039750 
0.039750 
0.039750 
0.039750 
0.039750 
0.039750 
0.039750 
0.039750 
0.039750 
0.039750 
0.052698 
0.083574 
0.120426 
0.151302 
0.164250 
0.164250 
0.164250 
0.164250 
0.164250 
0.164250 
0.164250 
0.164250 
0.164250 
0.164250 
0.164250 
0.164250 
0.164250 
0.164250 
0.164250 
0.164250 
0.158394 
0.143693 
0.124450 
0.104968 
0.089550 
0.076722 
0.063415 
0.051543 
0.043017 
0.039750 
0.039750 
0.039750 
0.039750 
0.039750 
0.039750 
0.039750 
0.039750 
0.039750 
0.039750 
0.039750 
0.039750 
0.039750 
0.039750 
0.039750 
0.039750 
0.039750 
0.039750 
0.039750 
0.039750 
0.039750 
0.039750 
0.039750 
0.039750 
0.039750 
0.039750 
0.039750 
0.039750 
0.039750 
0.039750 
0.039750 
0.039750 
0.039750 
0.039750 
0.039750 
0.039750 
0.039750 
0.039750 
0.039750 
0.039750 
0.039750 
0.039750 
0.039750 
0.039750 
0.039750 
0.039750 
0.039750 
0.039750 
0.039750 
0.039750 
0.039750 
0.039750 
0.039750 
0.039750 
0.039750 
0.039750 
0.039750 
0.039750 
0.039750 
0.039750 
0.039750 
0.039750 
0.039750 
0.039750 
0.039750 
0.039750 
0.040700 
0.043321 
0.047267 
0.052192 
0.057750 
0.067040 
0.081589 
0.098693 
0.115647 
0.129750 
0.140553 
0.150021 
0.159067 
0.168606 
0.179550 
0.194968 
0.214450 
0.233693 
0.248394 
0.254250 
0.250016 
0.239389 
0.225479 
0.211396 
0.200250 
0.190976 
0.181357 
0.172775 
0.166612 
0.164250 
0.164250 
0.164250 
0.164250 
0.164250 
0.164250 
0.151302 
0.120426 
0.083574 
0.052698 
0.039750 
0.039750 
0.039750 
0.039750 
0.039750 
0.039750 
0.039750 
0.039750 
0.039750 
0.039750 
0.039750 
0.039750 
0.039750 
0.039750 
0.039750 
0.039750 
0.039750 
0.039750 
0.039750 
0.039750 
0.039750 
0.039750 
0.039750 
0.039750 
0.039750 
0.039750 
0.039750 
0.039750 
0.039750 
0.039750 
0.039750 
0.039750 
0.039750 
0.039750 
0.039750 
0.039750 
0.039750 
0.039750 
0.039750 
0.039750 
0.039750 
0.039750 
0.039750 
0.039750 
0.039750 
0.039750 
0.039750 
0.039750 
0.039750 
0.039750 
0.039750 
0.039750 
0.039750 
0.039750 
0.039750 
0.039750 
0.039750 
0.039750 
0.039750 
0.039750 
0.039750 
0.039750 
0.039750 
0.039750 
0.039750 
0.039750 
0.039750 
0.039750 
0.039750 
0.039750 
0.039750 
0.058351 
0.103198 
0.157855 
0.205884 
0.230850 
0.237281 
0.241484 
0.244691 
0.248136 
0.253050 
0.261889 
0.274203 
0.286868 
0.296759 
0.300750 
0.300750 
0.300750 
0.300750 
0.300750 
0.300750 
0.293644 
0.276643 
0.256220 
0.238848 
0.231000 
0.230156 
0.229487 
0.228999 
0.228701 
0.228600 
0.231112 
0.237101 
0.244249 
0.250238 
0.252750 
0.243234 
0.220542 
0.193458 
0.170766 
0.161250 
0.162565 
0.166190 
0.171648 
0.178461 
0.186150 
0.201608 
0.226946 
0.254515 
0.276666 
0.285750 
0.285750 
0.285750 
0.285750 
0.285750 
0.285750 
0.393718 
0.651179 
0.958471 
1.215932 
1.323900 
1.221749 
0.975920 
0.677352 
0.416983 
0.285750 
0.252126 
0.224517 
0.203760 
0.190692 
0.186150 
0.252232 
0.409811 
0.597889 
0.755468 
0.821550 
0.792166 
0.717649 
0.618449 
0.515016 
0.427800 
0.346793 
0.258165 
0.176636 
0.116925 
0.093750 
0.094229 
0.095644 
0.097959 
0.101140 
0.105150 
0.133052 
0.197336 
0.282109 
0.371478 
0.449550 
0.514990 
0.578411 
0.641842 
0.707311 
0.776850 
0.865007 
0.970743 
1.072706 
1.149543 
1.179900 
1.070528 
0.809719 
0.498431 
0.237622 
0.128250 
0.143730 
0.182309 
0.232199 
0.281609 
0.318750 
0.346999 
0.375205 
0.399787 
0.417162 
0.423750 
0.423750 
0.423750 
0.423750 
0.423750 
0.423750 
0.423750 
0.423750 
0.423750 
0.423750 
0.423750 
0.417484 
0.402055 
0.382513 
0.363911 
0.351300 
0.343385 
0.335980 
0.329803 
0.325570 
0.324000 
0.349709 
0.415330 
0.503602 
0.597262 
0.679050 
0.759902 
0.851330 
0.936938 
1.000327 
1.025100 
0.953122 
0.781481 
0.576619 
0.404978 
0.333000 
0.333000 
0.333000 
0.333000 
0.333000 
0.333000 
0.333000 
0.333000 
0.333000 
0.333000 
0.333000 
0.329194 
0.320117 
0.309283 
0.300206 
0.296400 
0.319082 
0.373171 
0.437729 
0.491818 
0.514500 
0.500110 
0.463645 
0.415160 
0.364710 
0.322350 
0.283297 
0.240733 
0.201661 
0.173082 
0.162000 
0.162000 
0.162000 
0.162000 
0.162000 
0.162000 
0.165283 
0.173290 
0.183254 
0.192413 
0.198000 
0.200347 
0.201946 
0.203270 
0.204797 
0.207000 
0.210223 
0.214510 
0.219885 
0.226373 
0.234000 
0.248127 
0.269950 
0.293245 
0.311786 
0.319350 
0.319120 
0.318515 
0.317665 
0.316700 
0.315750 
0.314880 
0.313980 
0.312915 
0.311550 
0.309750 
0.304624 
0.295382 
0.285043 
0.276626 
0.273150 
0.274123 
0.276802 
0.280824 
0.285827 
0.291450 
0.301399 
0.317142 
0.334962 
0.351137 
0.361950 
0.368732 
0.374937 
0.380032 
0.383481 
0.384750 
0.384750 
0.384750 
0.384750 
0.384750 
0.384750 
0.397014 
0.427265 
0.465695 
0.502493 
0.527850 
0.544284 
0.559803 
0.572836 
0.581809 
0.585150 
0.574086 
0.544729 
0.502828 
0.454135 
0.404400 
0.335539 
0.241239 
0.144904 
0.069939 
0.039750 
0.039750 
0.039750 
0.039750 
0.039750 
0.039750 
0.055093 
0.097233 
0.160336 
0.238570 
0.326100 
0.494407 
0.765262 
1.058269 
1.293030 
1.389150 
1.284926 
1.036393 
0.739757 
0.491224 
0.387000 
0.388380 
0.392040 
0.397260 
0.403320 
0.409500 
0.418020 
0.429660 
0.441540 
0.450780 
0.454500 
0.445140 
0.422820 
0.396180 
0.373860 
0.364500 
0.365845 
0.369615 
0.375413 
0.382841 
0.391500 
0.412842 
0.450513 
0.492408 
0.526422 
0.540450 
0.501325 
0.408028 
0.296672 
0.203375 
0.164250 
0.164250 
0.164250 
0.164250 
0.164250 
0.164250 
0.164250 
0.164250 
0.164250 
0.164250 
0.164250 
0.162935 
0.159310 
0.153852 
0.147039 
0.139350 
0.123892 
0.098554 
0.070985 
0.048834 
0.039750 
0.039750 
0.039750 
0.039750 
0.039750 
0.039750 
0.039750 
0.039750 
0.039750 
0.039750 
0.039750 
0.043984 
0.054611 
0.068521 
0.082604 
0.093750 
0.103024 
0.112643 
0.121225 
0.127388 
0.129750 
0.129750 
0.129750 
0.129750 
0.129750 
0.129750 
0.129750 
0.129750 
0.129750 
0.129750 
0.129750 
0.120390 
0.098070 
0.071430 
0.049110 
0.039750 
0.039750 
0.039750 
0.039750 
0.039750 
0.039750 
0.045606 
0.060307 
0.079550 
0.099032 
0.114450 
0.127278 
0.140585 
0.152457 
0.160983 
0.164250 
0.164250 
0.164250 
0.164250 
0.164250 
0.164250 
