0.039000 
0.039000 
0.039000 
0.039000 
0.039000 
0.039000 
0.039000 
0.039000 
0.039000 
0.039000 
0.039000 
0.039000 
0.039000 
0.039000 
0.039000 
0.039000 
0.039000 
0.039000 
0.039000 
0.039000 
0.039000 
0.039000 
0.039000 
0.039000 
0.039000 
0.039000 
0.039000 
0.039000 
0.039000 
0.039000 
0.039000 
0.039000 
0.039000 
0.039000 
0.039000 
0.039000 
0.039000 
0.039000 
0.039000 
0.039000 
0.039276 
0.040067 
0.041321 
0.042983 
0.045000 
0.049981 
0.059671 
0.072721 
0.087780 
0.103500 
0.123835 
0.150464 
0.178625 
0.203558 
0.220500 
0.231670 
0.241879 
0.250252 
0.255917 
0.258000 
0.255442 
0.249341 
0.242059 
0.235958 
0.233400 
0.237284 
0.246547 
0.257603 
0.266866 
0.270750 
0.270750 
0.270750 
0.270750 
0.270750 
0.270750 
0.270750 
0.270750 
0.270750 
0.270750 
0.270750 
0.273320 
0.279571 
0.287311 
0.294351 
0.298500 
0.300387 
0.302033 
0.303335 
0.304192 
0.304500 
0.276888 
0.211044 
0.132456 
0.066612 
0.039000 
0.039000 
0.039000 
0.039000 
0.039000 
0.039000 
0.039000 
0.039000 
0.039000 
0.039000 
0.039000 
0.039000 
0.039000 
0.039000 
0.039000 
0.039000 
0.039000 
0.039000 
0.039000 
0.039000 
0.039000 
0.039000 
0.039000 
0.039000 
0.039000 
0.039000 
0.039000 
0.039000 
0.039000 
0.039000 
0.039000 
0.039000 
0.039000 
0.039000 
0.039000 
0.039000 
0.039000 
0.039000 
0.039000 
0.039000 
0.039000 
0.039000 
0.039000 
0.039000 
0.039000 
0.039000 
0.039000 
0.039000 
0.039000 
0.039000 
0.039000 
0.039000 
0.039000 
0.039000 
0.039000 
0.039000 
0.039000 
0.039000 
0.039000 
0.039000 
0.039000 
0.039000 
0.039000 
0.039000 
0.039000 
0.039000 
0.039000 
0.039000 
0.039000 
0.039000 
0.039000 
0.039000 
0.039000 
0.039000 
0.039000 
0.039000 
0.039000 
0.039000 
0.039000 
0.039000 
0.039000 
0.039000 
0.039000 
0.039000 
0.039000 
0.039000 
0.039000 
0.039000 
0.039000 
0.039000 
0.039000 
0.039000 
0.039000 
0.039000 
0.039000 
0.039000 
0.039000 
0.039000 
0.039000 
0.039000 
0.039000 
0.039000 
0.039000 
0.039000 
0.039000 
0.039000 
0.039000 
0.039000 
0.039000 
0.039000 
0.039000 
0.039000 
0.039000 
0.039000 
0.039000 
0.039000 
0.039000 
0.039000 
0.039000 
0.039000 
0.039000 
0.039000 
0.039000 
0.039000 
0.039000 
0.039000 
0.039000 
0.039000 
0.039000 
0.039000 
0.039000 
0.039000 
0.039000 
0.039000 
0.039000 
0.039000 
0.039000 
0.039000 
0.039000 
0.039000 
0.039000 
0.039000 
0.039000 
0.039000 
0.039000 
0.039000 
0.039000 
0.039000 
0.039000 
0.039000 
0.039000 
0.039000 
0.039000 
0.039000 
0.039000 
0.039000 
0.039000 
0.039000 
0.039000 
0.039000 
0.039000 
0.039000 
0.039000 
0.039000 
0.039000 
0.039000 
0.039000 
0.039000 
0.039000 
0.039000 
0.039000 
0.039000 
0.039000 
0.039000 
0.039000 
0.039000 
0.039000 
0.039000 
0.039000 
0.039000 
0.039000 
0.039000 
0.039000 
0.039000 
0.039000 
0.039000 
0.039000 
0.039000 
0.039000 
0.039000 
0.039000 
0.039000 
0.039000 
0.039000 
0.039000 
0.039000 
0.039000 
0.039000 
0.039000 
0.039000 
0.039000 
0.039000 
0.039000 
0.039000 
0.039000 
0.039000 
0.039000 
0.039000 
0.039000 
0.039000 
0.039000 
0.039000 
0.039000 
0.039000 
0.039000 
0.039000 
0.039000 
0.039000 
0.039000 
0.039000 
0.039000 
0.039000 
0.039000 
0.039000 
0.039000 
0.039000 
0.039000 
0.039000 
0.039000 
0.039000 
0.039000 
0.039000 
0.039000 
0.039000 
0.039000 
0.039000 
0.039000 
0.039000 
0.039000 
0.039000 
0.039000 
0.039000 
0.039000 
0.039000 
0.039000 
0.039000 
0.039000 
0.039000 
0.039000 
0.039000 
0.039000 
0.039000 
0.039000 
0.039000 
0.039000 
0.039000 
0.039000 
0.039000 
0.039000 
0.039000 
0.039000 
0.039000 
0.039000 
0.039000 
0.039000 
0.039000 
0.039000 
0.039000 
0.039000 
0.039000 
0.039000 
0.039000 
0.039000 
0.039000 
0.039000 
0.039000 
0.039000 
0.039000 
0.039000 
0.039000 
0.039000 
0.039000 
0.039000 
0.039000 
0.039000 
0.039000 
0.039000 
0.039000 
0.039000 
0.039000 
0.039000 
0.039000 
0.039000 
0.039000 
0.039000 
0.039000 
0.039000 
0.039000 
0.039000 
0.039000 
0.039000 
0.039000 
0.039000 
0.039000 
0.039000 
0.039000 
0.039000 
0.039000 
0.039000 
0.039000 
0.039000 
0.039000 
0.039000 
0.039000 
0.039000 
0.039000 
0.039000 
0.039000 
0.039000 
0.039000 
0.039000 
0.039000 
0.039000 
0.039000 
0.039000 
0.039000 
0.055366 
0.094669 
0.142213 
0.183305 
0.203250 
0.207065 
0.209809 
0.211844 
0.213536 
0.215250 
0.217212 
0.219219 
0.220996 
0.222265 
0.222750 
0.222750 
0.222750 
0.222750 
0.222750 
0.222750 
0.223374 
0.224862 
0.226638 
0.228126 
0.228750 
0.228627 
0.228261 
0.227656 
0.226818 
0.225750 
0.205572 
0.159164 
0.104169 
0.058233 
0.039000 
0.039000 
0.039000 
0.039000 
0.039000 
0.039000 
0.039000 
0.039000 
0.039000 
0.039000 
0.039000 
0.039000 
0.039000 
0.039000 
0.039000 
0.039000 
0.054990 
0.093120 
0.138630 
0.176760 
0.192750 
0.191054 
0.186917 
0.181769 
0.177037 
0.174150 
0.172714 
0.171442 
0.170423 
0.169746 
0.169500 
0.169500 
0.169500 
0.169500 
0.169500 
0.169500 
0.169381 
0.169054 
0.168560 
0.167945 
0.167250 
0.165853 
0.163564 
0.161072 
0.159071 
0.158250 
0.158250 
0.158250 
0.158250 
0.158250 
0.158250 
0.158250 
0.158250 
0.158250 
0.158250 
0.158250 
0.158431 
0.158974 
0.159876 
0.161136 
0.162750 
0.258713 
0.484958 
0.754391 
0.979920 
1.074450 
0.970117 
0.721324 
0.424376 
0.175583 
0.071250 
0.164741 
0.387680 
0.653770 
0.876709 
0.970200 
0.876531 
0.652876 
0.385259 
0.159709 
0.062250 
0.057970 
0.054615 
0.052200 
0.050740 
0.050250 
0.050250 
0.050250 
0.050250 
0.050250 
0.050250 
0.050250 
0.050250 
0.050250 
0.050250 
0.050250 
0.050250 
0.050250 
0.050250 
0.050250 
0.050250 
0.050250 
0.050250 
0.050250 
0.050250 
0.050250 
0.050250 
0.050250 
0.050250 
0.050250 
0.050250 
0.050250 
0.050250 
0.050250 
0.050250 
0.050250 
0.049955 
0.049184 
0.048112 
0.046909 
0.045750 
0.044357 
0.042596 
0.040858 
0.039529 
0.039000 
0.039000 
0.039000 
0.039000 
0.039000 
0.039000 
0.039000 
0.039000 
0.039000 
0.039000 
0.039000 
0.039000 
0.039000 
0.039000 
0.039000 
0.039000 
0.039000 
0.039000 
0.039000 
0.039000 
0.039000 
0.039000 
0.039000 
0.039000 
0.039000 
0.039000 
0.040180 
0.043434 
0.048333 
0.054448 
0.061350 
0.075225 
0.097968 
0.122714 
0.142597 
0.150750 
0.150750 
0.150750 
0.150750 
0.150750 
0.150750 
0.150750 
0.150750 
0.150750 
0.150750 
0.150750 
0.150750 
0.150750 
0.150750 
0.150750 
0.150750 
0.142597 
0.122714 
0.097968 
0.075225 
0.061350 
0.054448 
0.048333 
0.043434 
0.040180 
0.039000 
0.133115 
0.357542 
0.625408 
0.849835 
0.943950 
0.849835 
0.625408 
0.357542 
0.133115 
0.039000 
0.039000 
0.039000 
0.039000 
0.039000 
0.039000 
0.039000 
0.039000 
0.039000 
0.039000 
0.039000 
0.039000 
0.039000 
0.039000 
0.039000 
0.039000 
0.039000 
0.039000 
0.039000 
0.039000 
0.039000 
0.039000 
0.039000 
0.039000 
0.039000 
0.039000 
0.039000 
0.039000 
0.039000 
0.039000 
0.039000 
0.039000 
0.039000 
0.039000 
0.039000 
0.039000 
0.039000 
0.039000 
0.039000 
0.039000 
0.039000 
0.039000 
0.039000 
0.039000 
0.039000 
0.039000 
0.039000 
0.039000 
0.039000 
0.039000 
0.039000 
0.039000 
0.039000 
0.039000 
0.039000 
0.039000 
0.039000 
0.039000 
0.039000 
0.039000 
0.039000 
0.039000 
0.039000 
0.039000 
0.039000 
0.039000 
0.039000 
0.039000 
0.039000 
0.039000 
0.039000 
0.039000 
0.039000 
0.039000 
0.039000 
0.039000 
0.039000 
0.039000 
0.039000 
0.039000 
0.039000 
0.039000 
0.039000 
0.039000 
0.039000 
0.039000 
0.039000 
0.039000 
0.039000 
0.039000 
0.039000 
0.039000 
0.039000 
0.039000 
0.039000 
0.039000 
0.039000 
0.039000 
0.039000 
0.039000 
0.039000 
0.039000 
0.039000 
0.039000 
0.039000 
0.039000 
0.039000 
0.039000 
0.039000 
0.039000 
0.039000 
0.039000 
0.039000 
0.039000 
0.039000 
0.039000 
0.039000 
0.039000 
0.039000 
0.039000 
0.039000 
0.039000 
0.039000 
0.039000 
0.039000 
0.039000 
0.039000 
0.039000 
0.039000 
0.039000 
0.039000 
0.039000 
0.039000 
0.039000 
0.039000 
0.039000 
0.039000 
0.039000 
0.039000 
0.039000 
0.039000 
0.039000 
0.039000 
0.039000 
0.039000 
0.039000 
0.039000 
0.039000 
0.039000 
0.039000 
0.039000 
0.039000 
0.039000 
0.039000 
0.039000 
0.039000 
0.039000 
0.039000 
0.039000 
0.039000 
0.039000 
0.039000 
0.039000 
0.039000 
0.039000 
0.039000 
0.039000 
0.039000 
0.039000 
0.039000 
0.039000 
0.039000 
0.039000 
0.039000 
0.039000 
0.039000 
0.039000 
0.039000 
0.039000 
0.039000 
0.039000 
0.039000 
0.039000 
0.039000 
0.039000 
0.039000 
0.039000 
0.039000 
0.039000 
0.039000 
0.039000 
0.039000 
0.039000 
0.039000 
0.039000 
0.039000 
0.039000 
0.039000 
0.039000 
0.039000 
0.039000 
0.039000 
0.039000 
0.039000 
0.039000 
0.039000 
0.039000 
0.039000 
0.039000 
0.039000 
0.039000 
0.039000 
0.039000 
0.039000 
0.039000 
0.039000 
0.039000 
0.039000 
0.039000 
0.039000 
0.039000 
0.039000 
0.039000 
0.039000 
0.039000 
0.039000 
0.039000 
0.039000 
0.039000 
0.039000 
0.039000 
0.039000 
0.039000 
0.039000 
0.039000 
0.039000 
0.039000 
0.039000 
0.039000 
0.039000 
0.039000 
0.039000 
0.039000 
0.039000 
0.039000 
0.039000 
0.039000 
0.039000 
0.039000 
0.039000 
0.039000 
0.039000 
0.039000 
0.039000 
0.039000 
0.039000 
0.039119 
0.039446 
0.039940 
0.040555 
0.041250 
0.042647 
0.044936 
0.047428 
0.049429 
0.050250 
0.050250 
0.050250 
0.050250 
0.050250 
0.050250 
0.052668 
0.058434 
0.065316 
0.071082 
0.073500 
0.073500 
0.073500 
0.073500 
0.073500 
0.073500 
0.073500 
0.073500 
0.073500 
0.073500 
0.073500 
0.074280 
0.076140 
0.078360 
0.080220 
0.081000 
0.076632 
0.066216 
0.053784 
0.043368 
0.039000 
0.039000 
0.039000 
0.039000 
0.039000 
0.039000 
0.039000 
0.039000 
0.039000 
0.039000 
0.039000 
0.039000 
0.039000 
0.039000 
0.039000 
0.039000 
0.039000 
0.039000 
0.039000 
0.039000 
0.039000 
0.039000 
0.039000 
0.039000 
0.039000 
0.039000 
0.039000 
0.039000 
0.039000 
0.039000 
0.039000 
0.039000 
0.039000 
0.039000 
0.039000 
0.039000 
0.039000 
0.039000 
0.039000 
0.039000 
0.039000 
0.039000 
0.039000 
0.039000 
0.039000 
0.039000 
0.052650 
0.085200 
0.124050 
0.156600 
0.170250 
0.170250 
0.170250 
0.170250 
0.170250 
0.170250 
0.170250 
0.170250 
0.170250 
0.170250 
0.170250 
0.170250 
0.170250 
0.170250 
0.170250 
0.170250 
0.170250 
0.170250 
0.170250 
0.170250 
0.170250 
0.170131 
0.169804 
0.169310 
0.168695 
0.168000 
0.166603 
0.164314 
0.161822 
0.159821 
0.159000 
0.159000 
0.159000 
0.159000 
0.159000 
0.159000 
0.236839 
0.433588 
0.694092 
0.963197 
1.185750 
1.385574 
1.600479 
1.796292 
1.938840 
1.993950 
1.899164 
1.673022 
1.402848 
1.175966 
1.079700 
1.078032 
1.076731 
1.075799 
1.075238 
1.075050 
1.076501 
1.079960 
1.084090 
1.087549 
1.089000 
1.089000 
1.089000 
1.089000 
1.089000 
1.089000 
0.979800 
0.719400 
0.408600 
0.148200 
0.039000 
0.039000 
0.039000 
0.039000 
0.039000 
0.039000 
0.039000 
0.039000 
0.039000 
0.039000 
0.039000 
0.039000 
0.039000 
0.039000 
0.039000 
0.039000 
0.039000 
0.039000 
0.039000 
0.039000 
0.039000 
0.039000 
0.039000 
0.039000 
0.039000 
0.039000 
0.039000 
0.039000 
0.039000 
0.039000 
0.039000 
0.039000 
0.039000 
0.039000 
0.039000 
0.039000 
0.039000 
0.039000 
0.039000 
0.039000 
0.039000 
0.039000 
0.039000 
0.039000 
0.039000 
0.039000 
0.039000 
0.039000 
0.039000 
0.039000 
0.039000 
0.039000 
0.039000 
0.039000 
0.039000 
0.039000 
0.039000 
0.039000 
0.039000 
0.039000 
0.039000 
0.039000 
0.039000 
0.039000 
0.039000 
0.039000 
0.039000 
0.039000 
0.039000 
0.039000 
0.039000 
0.039000 
0.039000 
0.039000 
0.039000 
0.039000 
0.039000 
0.039000 
0.039000 
0.039000 
0.039000 
0.039000 
0.039000 
0.039000 
0.039000 
0.039000 
0.039000 
0.039000 
0.039000 
0.039000 
0.039000 
0.039000 
0.039000 
0.039000 
0.039000 
0.039000 
0.039000 
0.039000 
0.039000 
0.039000 
0.039000 
0.039000 
0.039000 
0.039000 
0.039000 
0.039000 
0.039000 
0.039000 
0.039000 
0.039000 
0.039000 
0.039000 
0.039000 
0.039000 
0.039000 
0.039000 
0.039000 
0.039000 
0.039000 
0.039000 
0.039000 
0.039000 
0.039000 
0.039000 
0.039000 
0.039000 
0.039000 
0.039000 
0.039000 
0.039000 
0.039000 
0.039000 
0.039000 
0.039000 
0.039000 
0.039000 
0.039000 
0.039000 
0.039000 
0.039000 
0.039000 
0.039000 
0.039000 
0.039000 
0.039000 
0.039000 
0.039000 
0.039000 
0.039000 
0.039000 
0.039000 
0.039000 
0.039000 
0.039000 
0.039000 
0.039000 
0.039000 
0.039000 
0.039000 
0.039000 
0.039000 
0.039000 
0.039000 
0.039000 
0.039000 
0.039000 
0.039000 
0.039000 
0.039000 
0.039000 
0.039000 
0.039000 
0.039000 
0.039000 
0.039000 
0.039000 
0.039000 
0.039000 
0.039000 
0.039000 
0.039000 
0.039000 
0.039000 
0.039000 
0.039000 
0.039000 
0.039000 
0.039000 
0.039000 
0.039000 
0.039000 
0.039000 
0.039000 
0.039000 
0.039000 
0.039000 
0.039000 
0.039000 
0.039000 
0.039000 
0.039000 
0.039000 
0.039000 
0.039000 
0.039000 
0.039000 
0.039000 
0.039000 
0.039000 
0.039000 
0.039000 
0.039000 
0.039000 
0.039000 
0.039000 
0.039000 
0.039000 
0.039000 
0.039000 
0.039000 
0.039000 
0.039000 
0.039000 
0.039000 
0.039000 
0.039000 
0.039000 
0.039000 
0.039000 
0.039000 
0.039000 
0.039000 
0.039000 
0.039000 
0.039000 
0.039000 
0.039000 
0.039000 
0.039000 
0.039000 
0.039000 
0.039000 
0.039000 
0.039000 
0.039000 
0.039000 
0.039000 
0.039000 
0.039000 
0.039000 
0.039000 
0.039000 
0.039000 
0.039000 
0.039000 
0.039000 
0.039000 
0.039000 
0.039000 
0.039000 
0.039000 
0.039000 
0.039000 
0.039000 
0.039000 
0.039000 
0.039000 
0.039000 
0.039000 
0.039000 
0.039000 
0.039000 
0.039000 
0.039000 
0.039000 
0.039000 
0.039000 
0.039000 
0.039000 
0.039000 
0.039000 
0.039000 
0.039000 
0.039000 
0.039000 
0.039000 
0.039000 
0.039000 
0.039000 
0.039000 
0.039000 
0.039000 
0.039000 
0.039000 
0.039000 
0.039000 
0.039000 
0.039000 
0.039000 
0.039000 
0.039000 
0.039000 
0.039000 
0.039000 
0.039000 
0.039000 
0.039000 
0.039000 
0.039000 
0.039000 
0.039000 
0.039000 
0.039000 
0.039000 
0.039000 
0.039000 
0.039000 
0.039000 
0.039000 
0.039000 
0.039000 
0.039000 
0.039000 
0.039000 
0.039000 
0.039000 
0.039000 
0.039000 
0.039000 
0.039000 
0.039000 
0.039000 
0.039000 
0.039000 
0.039000 
0.039000 
0.039000 
0.039000 
0.039000 
0.039000 
0.039000 
0.039000 
0.039000 
0.039000 
0.039000 
0.039000 
0.039000 
0.039000 
0.039000 
0.039000 
0.039000 
0.039000 
0.039000 
0.039000 
0.039000 
0.039000 
0.039000 
0.039000 
0.039000 
0.039000 
0.039000 
0.039000 
0.039000 
0.039000 
0.039000 
0.039000 
0.039000 
0.039000 
0.039000 
0.039000 
0.039000 
0.039000 
0.039000 
0.039000 
0.039000 
0.039000 
