0.000000 
0.000000 
0.000000 
0.000000 
0.000000 
0.000000 
0.000000 
0.000000 
0.000000 
0.000000 
0.000000 
0.000000 
0.000000 
0.000000 
0.000000 
0.000000 
0.000000 
0.000000 
0.000000 
0.000000 
0.000000 
0.000000 
0.000000 
0.000000 
0.000000 
0.000000 
0.000000 
0.000000 
0.000000 
0.000000 
0.000000 
0.000000 
0.000000 
0.000000 
0.000000 
0.000000 
0.000000 
0.000000 
0.000000 
0.000000 
0.000000 
0.000000 
0.000000 
0.000000 
0.000000 
0.000000 
0.000000 
0.000000 
0.000000 
0.000000 
0.000000 
0.000000 
0.000000 
0.000000 
0.000000 
0.000000 
0.000000 
0.000000 
0.000000 
0.000000 
0.000000 
0.000000 
0.000000 
0.000000 
0.000000 
0.000000 
0.000000 
0.000000 
0.000000 
0.000000 
0.000000 
0.000000 
0.000000 
0.000000 
0.000000 
0.000000 
0.000000 
0.000000 
0.000000 
0.000000 
0.000000 
0.000000 
0.000000 
0.000000 
0.000000 
0.000000 
0.000000 
0.000000 
0.000000 
0.000000 
0.000000 
0.000000 
0.000000 
0.000000 
0.000000 
0.000000 
0.000000 
0.000000 
0.000000 
0.000000 
0.000000 
0.000000 
0.000000 
0.000000 
0.000000 
0.000000 
0.000000 
0.000000 
0.000000 
0.000000 
0.000000 
0.000000 
0.000000 
0.000000 
0.000000 
0.000000 
0.000000 
0.000000 
0.000000 
0.000000 
0.000000 
0.000000 
0.000000 
0.000000 
0.000000 
0.000000 
0.000000 
0.000000 
0.000000 
0.000000 
0.000000 
0.000000 
0.000000 
0.000000 
0.000000 
0.000000 
0.000000 
0.000000 
0.000000 
0.000000 
0.000000 
0.000000 
0.000000 
0.000000 
0.000000 
0.000000 
0.000000 
0.000000 
0.000000 
0.000000 
0.000000 
0.000000 
0.000000 
0.000000 
0.000000 
0.000000 
0.000000 
0.000000 
0.000000 
0.000000 
0.000000 
0.000000 
0.000000 
0.000000 
0.000000 
0.000000 
0.000000 
0.000000 
0.000000 
0.000000 
0.000000 
0.000000 
0.000000 
0.000000 
0.000000 
0.000000 
0.000000 
0.000000 
0.000000 
0.000000 
0.000000 
0.000000 
0.000000 
0.000000 
0.000000 
0.000000 
0.000000 
0.000000 
0.000000 
0.000000 
0.000000 
0.000000 
0.000000 
0.000000 
0.000000 
0.000000 
0.000000 
0.000000 
0.000000 
0.000000 
0.000000 
0.000000 
0.000000 
0.000000 
0.000000 
0.000000 
0.000000 
0.000000 
0.000000 
0.000000 
0.000000 
0.000000 
0.000000 
0.000000 
0.000000 
0.000000 
0.000000 
0.000000 
0.000000 
0.000000 
0.000000 
0.000000 
0.000000 
0.000000 
0.000000 
0.000018 
0.000081 
0.000154 
0.000287 
0.000384 
0.000414 
0.000732 
0.000947 
0.001092 
0.001471 
0.001785 
0.002510 
0.002730 
0.003641 
0.004248 
0.004532 
0.005894 
0.008089 
0.007813 
0.010641 
0.010181 
0.012799 
0.012424 
0.012835 
0.012726 
0.013705 
0.012314 
0.012202 
0.013774 
0.014154 
0.012025 
0.011035 
0.012461 
0.013059 
0.013067 
0.009735 
0.012486 
0.010624 
0.010924 
0.013761 
0.014412 
0.013984 
0.015028 
0.012693 
0.015714 
0.018565 
0.020049 
0.021665 
0.018736 
0.022212 
0.025728 
0.022016 
0.028629 
0.026580 
0.030470 
0.021773 
0.028715 
0.024194 
0.027338 
0.029974 
0.028507 
0.033208 
0.028786 
0.036578 
0.030162 
0.034942 
0.034104 
0.040602 
0.033343 
0.034070 
0.035990 
0.036190 
0.043603 
0.042423 
0.040613 
0.041979 
0.037142 
0.037365 
0.038022 
0.039644 
0.039573 
0.039886 
0.039761 
0.044750 
0.043014 
0.049296 
0.049442 
0.047058 
0.048325 
0.048295 
0.048007 
0.047991 
0.055461 
0.047419 
0.050950 
0.044436 
0.056785 
0.056732 
0.052632 
0.060014 
0.067267 
0.069929 
0.071587 
0.081143 
0.074866 
0.087112 
0.089464 
0.105725 
0.096353 
0.124292 
0.134689 
0.120218 
0.134957 
0.130649 
0.136870 
0.124963 
0.123540 
0.121649 
0.112976 
0.103537 
0.113788 
0.115165 
0.128487 
0.110988 
0.128944 
0.145191 
0.141218 
0.136597 
0.135951 
0.141198 
0.158502 
0.162242 
0.159250 
0.143995 
0.157114 
0.170732 
0.155635 
0.217787 
0.257660 
0.266896 
0.254067 
0.226934 
0.279854 
0.259062 
0.278644 
0.273787 
0.327163 
0.347118 
0.385305 
0.414210 
0.341014 
0.369569 
0.366736 
0.333119 
0.371737 
0.283983 
0.297699 
0.335115 
0.344848 
0.370109 
0.321149 
0.282347 
0.357682 
0.332648 
0.387180 
0.321089 
0.346546 
0.323033 
0.304717 
0.251611 
0.241283 
0.251018 
0.342386 
0.283377 
0.313537 
0.318598 
0.367908 
0.334539 
0.340688 
0.359484 
0.413381 
0.436947 
0.348210 
0.287174 
0.384307 
0.394011 
0.335648 
0.308230 
0.281312 
0.259803 
0.257947 
0.386076 
0.339978 
0.389968 
0.369675 
0.386590 
0.535983 
0.576453 
0.520239 
0.476575 
0.461480 
0.438787 
0.454040 
0.494812 
0.499935 
0.566024 
0.523589 
0.493966 
0.482752 
0.550439 
0.539843 
0.491298 
0.551438 
0.477448 
0.593597 
0.646436 
0.522954 
0.644888 
0.691622 
0.519873 
0.562247 
0.601841 
0.759724 
0.718196 
0.498719 
0.733231 
0.791224 
0.725660 
0.732058 
0.744408 
0.712962 
0.677976 
0.801517 
0.768806 
0.823267 
0.807832 
0.784065 
0.603838 
0.657088 
0.750369 
0.457529 
0.459206 
0.314566 
0.261985 
0.237229 
0.295084 
0.333596 
0.429344 
0.589002 
0.700702 
0.581549 
0.629218 
0.711659 
0.690332 
0.674783 
0.660791 
0.678006 
0.579546 
0.560693 
0.669154 
0.754183 
0.863030 
0.683658 
0.730308 
0.706626 
0.759182 
0.716695 
0.658723 
0.658667 
0.644798 
0.760054 
0.743325 
0.748592 
0.776736 
0.714896 
0.685192 
0.617827 
0.603436 
0.649383 
0.642809 
0.591102 
0.682646 
0.680129 
0.835185 
0.743965 
0.754657 
0.706439 
0.573729 
0.435103 
0.355049 
0.298565 
0.217959 
0.184073 
0.153645 
0.107372 
0.129626 
0.227086 
0.359695 
0.442269 
0.458323 
0.584753 
0.599870 
0.762426 
0.890139 
0.784672 
0.765392 
0.885913 
0.923128 
0.735620 
0.791304 
0.839145 
0.664696 
0.987960 
0.882221 
0.874429 
0.851685 
0.718272 
0.887165 
0.901459 
0.739384 
0.862791 
0.874173 
0.867947 
1.040229 
0.804046 
0.895189 
0.941649 
0.930004 
1.131305 
1.036987 
0.905119 
0.895975 
0.861462 
0.959195 
0.822109 
0.880822 
0.975181 
0.941885 
0.933641 
0.868574 
0.908852 
0.775995 
0.896182 
0.867172 
1.015655 
0.903983 
0.850443 
1.009963 
1.069174 
0.847173 
0.913034 
1.019802 
1.100676 
0.970615 
0.923351 
1.099093 
1.097103 
1.250145 
1.070587 
1.070235 
0.872094 
1.040536 
0.981189 
0.933949 
0.767176 
0.899488 
0.947763 
1.013469 
1.105979 
0.864362 
1.161845 
0.859914 
0.752069 
0.609674 
0.604150 
0.668906 
0.686151 
0.666577 
0.692032 
0.730889 
0.849818 
0.946433 
0.904450 
1.025077 
1.124189 
1.057064 
1.352739 
1.020603 
1.039209 
1.265621 
0.872483 
0.883674 
0.647132 
0.766154 
0.570159 
0.672494 
0.620765 
0.543746 
0.509175 
0.508551 
0.578804 
0.624960 
0.967403 
1.218877 
0.989401 
1.152561 
1.127908 
1.172843 
0.912208 
1.107328 
0.985000 
0.865992 
0.772141 
0.712252 
0.747098 
0.833802 
0.925762 
1.035393 
1.045164 
1.053776 
1.220156 
1.081985 
1.134895 
1.321198 
0.976033 
1.063759 
0.944253 
0.938208 
0.869534 
1.019324 
1.039738 
0.989116 
0.998579 
0.987603 
1.305076 
1.015616 
1.139492 
0.964377 
0.677553 
0.729319 
0.721686 
0.473844 
0.442858 
0.258321 
0.234331 
0.239038 
0.202016 
0.229546 
0.238050 
0.234520 
0.314815 
0.360272 
0.669608 
0.857375 
0.998682 
0.939172 
1.032272 
1.198473 
1.218341 
1.038382 
1.166680 
1.150859 
1.159073 
1.168338 
1.162708 
1.170160 
1.042306 
1.241112 
1.261126 
1.118992 
1.196455 
1.044761 
1.343698 
1.275447 
1.183271 
1.390155 
1.254832 
1.103283 
1.032216 
1.248185 
1.040011 
0.944127 
0.591597 
0.403142 
0.261423 
0.258661 
0.320614 
0.407365 
0.467178 
0.570657 
0.626273 
0.648511 
0.552992 
0.858859 
0.705977 
0.697708 
0.575083 
0.468940 
0.474866 
0.372992 
0.389752 
0.465955 
0.697143 
0.709470 
0.654467 
0.732735 
0.871909 
0.930593 
0.939777 
1.014305 
0.943259 
0.793468 
0.641917 
0.498104 
0.486749 
0.375486 
0.449328 
0.475390 
0.465624 
0.493196 
0.454501 
0.573774 
0.333363 
0.496517 
0.457013 
0.395932 
0.455385 
0.537273 
0.622646 
0.506366 
0.655485 
0.604156 
0.665950 
0.774434 
0.809435 
0.706299 
0.807327 
1.050516 
0.791589 
1.071843 
0.940351 
1.217016 
1.203644 
1.104434 
0.954465 
0.902847 
0.837098 
0.665806 
0.423963 
0.375949 
0.373881 
0.371550 
0.374212 
0.288783 
0.297537 
0.355031 
0.422615 
0.463505 
0.545552 
0.609889 
0.822242 
0.906708 
0.971676 
1.470952 
1.295308 
1.140388 
1.217234 
1.198595 
1.213679 
1.006236 
1.416653 
1.341542 
1.272398 
0.937656 
1.149766 
1.106439 
1.380237 
1.200018 
0.997929 
1.097053 
1.290637 
0.969923 
1.069225 
1.088865 
0.987940 
1.144526 
1.134596 
1.095341 
1.189898 
1.068975 
1.211347 
1.186575 
1.377833 
1.140745 
1.115876 
1.066999 
1.112271 
1.138577 
1.013766 
1.055116 
1.053517 
1.071059 
0.957675 
0.793039 
0.946349 
0.931962 
0.866335 
1.023482 
0.945829 
1.107285 
0.929286 
1.272248 
0.945078 
1.178455 
1.100368 
0.851776 
1.103902 
1.245437 
0.987974 
1.134758 
1.281142 
1.076615 
1.097007 
0.866169 
1.062769 
1.139197 
0.981964 
0.914738 
0.863875 
0.794116 
0.780585 
0.707161 
0.724169 
0.622588 
0.633543 
0.615605 
0.799039 
0.771293 
1.071381 
0.964516 
0.953715 
1.148677 
1.087821 
1.007279 
1.027013 
1.058732 
1.121584 
0.924312 
0.862391 
0.866371 
0.875517 
0.994322 
0.942374 
1.052230 
1.086353 
0.876748 
0.944276 
0.835005 
0.959112 
0.709581 
0.788202 
0.729199 
0.877638 
0.786051 
0.749363 
0.748967 
0.644772 
0.762792 
0.814551 
0.712555 
0.784817 
0.769180 
0.784321 
0.860816 
0.912136 
0.756910 
0.868257 
0.899338 
0.874605 
0.985354 
0.776089 
0.579222 
0.469876 
0.378809 
0.307794 
0.339522 
0.296458 
0.264353 
0.259138 
0.247683 
0.277228 
0.279039 
0.271758 
0.221462 
0.238279 
0.277195 
0.263566 
0.293778 
0.296854 
0.327241 
0.269402 
0.403471 
0.360496 
0.508527 
0.518263 
0.692367 
0.619142 
0.721038 
0.759342 
0.754850 
0.813510 
0.899719 
0.776414 
0.803866 
0.720848 
0.527546 
0.639334 
0.566073 
0.661099 
0.518105 
0.487850 
0.421842 
0.479861 
0.420064 
0.470510 
0.363742 
0.441166 
0.542517 
0.530900 
0.554423 
0.590382 
0.648874 
0.791085 
0.788096 
0.802707 
0.854465 
0.954746 
0.813739 
0.766396 
0.718201 
0.721552 
0.654853 
0.608565 
0.573505 
0.475567 
0.455840 
0.494607 
0.477926 
0.509478 
0.409546 
0.396338 
0.545891 
0.609998 
0.457017 
0.509977 
0.453880 
0.540939 
0.495677 
0.628386 
0.626592 
0.556419 
0.512645 
0.718266 
0.536619 
0.576795 
0.653669 
0.510424 
0.411806 
0.372112 
0.405073 
0.423739 
0.352419 
0.461808 
0.429559 
0.500763 
0.493526 
0.427305 
0.341129 
0.342842 
0.233844 
0.287996 
0.279410 
0.303468 
0.274242 
0.320028 
0.299195 
0.345551 
0.335154 
0.334577 
0.304514 
0.297184 
0.319071 
0.353095 
0.265192 
0.318656 
0.279694 
0.318177 
0.258404 
0.246095 
0.215499 
0.218423 
0.168836 
0.210489 
0.205924 
0.187304 
0.174943 
0.148585 
0.178495 
0.117617 
0.131086 
0.128563 
0.150146 
0.116202 
0.123162 
0.096930 
0.090873 
0.116465 
0.096047 
0.105687 
0.114168 
0.108198 
0.096197 
0.096154 
0.113225 
0.111747 
0.110340 
0.112438 
0.110421 
0.105176 
0.124007 
0.117447 
0.120306 
0.150382 
0.131313 
0.147351 
0.146484 
0.142686 
0.141504 
0.149014 
0.169595 
0.200404 
0.173134 
0.184682 
0.181031 
0.173322 
0.149668 
0.170877 
0.198852 
0.207760 
0.173926 
0.177431 
0.195215 
0.153361 
0.143340 
0.195843 
0.169698 
0.212015 
0.213191 
0.177943 
0.226153 
0.264064 
0.244747 
0.228922 
0.190281 
0.244889 
0.223247 
0.305392 
0.448104 
0.367741 
0.393160 
0.362736 
0.441290 
0.403078 
0.350796 
0.353500 
0.334126 
0.248045 
0.294037 
0.220866 
0.194667 
0.188271 
0.182471 
0.208476 
0.142274 
0.158675 
0.167766 
0.133083 
0.143854 
0.128913 
0.103498 
0.111982 
0.091141 
0.103393 
0.084296 
0.084420 
0.076722 
0.085436 
0.074872 
0.078558 
0.074424 
0.076206 
0.078416 
0.079667 
0.090075 
0.071418 
0.066331 
0.078261 
0.096050 
0.076103 
0.064146 
0.071324 
0.079568 
0.075390 
0.066857 
0.064127 
0.082240 
0.077394 
0.076316 
0.092244 
0.085913 
0.072434 
0.078700 
0.079630 
0.086793 
0.084380 
0.067439 
0.066617 
0.062983 
0.068302 
0.054976 
0.046610 
0.038987 
0.036087 
0.044623 
0.043331 
0.040649 
0.037999 
0.039597 
0.041329 
0.032204 
0.036225 
0.040205 
0.035956 
0.036534 
0.035937 
0.034065 
0.030309 
0.032669 
0.028065 
0.025986 
0.026594 
0.024920 
0.019796 
0.020468 
0.020170 
0.019066 
0.015209 
0.017872 
0.016473 
0.014367 
0.010576 
0.011513 
0.011746 
0.009584 
0.008680 
0.009057 
0.006732 
0.008657 
0.007891 
0.007210 
0.006483 
0.006796 
0.006492 
0.007175 
0.006645 
0.007766 
0.006608 
0.008995 
0.007895 
0.007783 
0.008766 
0.008091 
0.007954 
0.007733 
0.007208 
0.006626 
0.005225 
0.003838 
0.004620 
0.004495 
0.003765 
0.003217 
0.003455 
0.002838 
0.003369 
0.002275 
0.003354 
0.002728 
0.002955 
0.002621 
0.003182 
0.002320 
0.002501 
0.003055 
0.002843 
0.002291 
0.002432 
0.002086 
0.002222 
0.001656 
0.001802 
0.001471 
0.001074 
0.001167 
0.001036 
0.000598 
0.000563 
0.000308 
0.000139 
0.000098 
0.000052 
0.000029 
0.000015 
0.000004 
0.000000 
0.000000 
0.000000 
0.000000 
0.000000 
0.000000 
0.000000 
0.000000 
0.000000 
0.000000 
0.000000 
0.000000 
0.000000 
0.000000 
0.000000 
0.000000 
0.000000 
0.000000 
0.000000 
0.000000 
0.000000 
0.000000 
0.000000 
0.000000 
0.000000 
0.000000 
0.000000 
0.000000 
0.000000 
0.000000 
0.000000 
0.000000 
0.000000 
0.000000 
0.000000 
0.000000 
0.000000 
0.000000 
0.000000 
0.000000 
0.000000 
0.000000 
0.000000 
0.000000 
0.000000 
0.000000 
0.000000 
0.000000 
0.000000 
0.000000 
0.000000 
0.000000 
0.000000 
0.000000 
0.000000 
0.000000 
0.000000 
0.000000 
0.000000 
0.000000 
0.000000 
0.000000 
0.000000 
0.000000 
0.000000 
0.000000 
0.000000 
0.000000 
0.000000 
0.000000 
0.000000 
0.000000 
0.000000 
0.000000 
0.000000 
0.000000 
0.000000 
0.000000 
0.000000 
0.000000 
0.000000 
0.000000 
0.000000 
0.000000 
0.000000 
0.000000 
0.000000 
0.000000 
0.000000 
0.000000 
0.000000 
0.000000 
0.000000 
0.000000 
0.000000 
0.000000 
0.000000 
0.000000 
0.000000 
0.000000 
0.000000 
0.000000 
0.000000 
0.000000 
0.000000 
0.000000 
0.000000 
0.000000 
0.000000 
0.000000 
0.000000 
0.000000 
0.000000 
0.000000 
0.000000 
0.000000 
0.000000 
0.000000 
0.000000 
0.000000 
0.000000 
0.000000 
0.000000 
0.000000 
0.000000 
0.000000 
0.000000 
0.000000 
0.000000 
0.000000 
0.000000 
0.000000 
0.000000 
0.000000 
0.000000 
0.000000 
0.000000 
0.000000 
0.000000 
0.000000 
0.000000 
0.000000 
0.000000 
0.000000 
0.000000 
0.000000 
0.000000 
0.000000 
0.000000 
0.000000 
0.000000 
0.000000 
0.000000 
0.000000 
0.000000 
0.000000 
0.000000 
0.000000 
0.000000 
0.000000 
0.000000 
0.000000 
0.000000 
0.000000 
0.000000 
0.000000 
0.000000 
0.000000 
0.000000 
0.000000 
0.000000 
0.000000 
0.000000 
0.000000 
0.000000 
0.000000 
0.000000 
0.000000 
0.000000 
0.000000 
0.000000 
0.000000 
0.000000 
0.000000 
0.000000 
0.000000 
0.000000 
0.000000 
0.000000 
0.000000 
0.000000 
