0.000000 
0.000000 
0.000000 
0.000000 
0.000000 
0.000000 
0.000000 
0.000000 
0.000000 
0.000000 
0.000000 
0.000000 
0.000000 
0.000000 
0.000000 
0.000000 
0.000000 
0.000000 
0.000000 
0.000000 
0.000000 
0.000000 
0.000000 
0.000000 
0.000000 
0.000000 
0.000000 
0.000000 
0.000000 
0.000000 
0.000000 
0.000000 
0.000000 
0.000000 
0.000000 
0.000000 
0.000000 
0.000000 
0.000000 
0.000000 
0.000000 
0.000000 
0.000000 
0.000000 
0.000000 
0.000000 
0.000000 
0.000000 
0.000000 
0.000000 
0.000000 
0.000000 
0.000000 
0.000000 
0.000000 
0.000000 
0.000000 
0.000000 
0.000000 
0.000000 
0.000000 
0.000000 
0.000000 
0.000000 
0.000000 
0.000000 
0.000000 
0.000000 
0.000000 
0.000000 
0.000000 
0.000000 
0.000000 
0.000000 
0.000000 
0.000000 
0.000000 
0.000000 
0.000000 
0.000000 
0.000000 
0.000000 
0.000000 
0.000000 
0.000000 
0.000000 
0.000000 
0.000000 
0.000000 
0.000000 
0.000000 
0.000000 
0.000000 
0.000000 
0.000000 
0.000000 
0.000000 
0.000000 
0.000000 
0.000000 
0.000000 
0.000000 
0.000000 
0.000000 
0.000000 
0.000000 
0.000000 
0.000000 
0.000000 
0.000000 
0.000000 
0.000000 
0.000000 
0.000000 
0.000000 
0.000000 
0.000000 
0.000000 
0.000000 
0.000000 
0.000000 
0.000000 
0.000000 
0.000000 
0.000000 
0.000000 
0.000000 
0.000000 
0.000000 
0.000000 
0.000000 
0.000000 
0.000000 
0.000000 
0.000000 
0.000000 
0.000000 
0.000000 
0.000000 
0.000000 
0.000000 
0.000000 
0.000000 
0.000000 
0.000000 
0.000000 
0.000000 
0.000000 
0.000000 
0.000000 
0.000000 
0.000000 
0.000000 
0.000000 
0.000000 
0.000000 
0.000000 
0.000000 
0.000000 
0.000000 
0.000000 
0.000000 
0.000000 
0.000000 
0.000000 
0.000000 
0.000000 
0.000000 
0.000000 
0.000000 
0.000000 
0.000000 
0.000000 
0.000000 
0.000000 
0.000000 
0.000000 
0.000000 
0.000000 
0.000000 
0.000000 
0.000000 
0.000000 
0.000000 
0.000000 
0.000000 
0.000000 
0.000000 
0.000000 
0.000000 
0.000000 
0.000000 
0.000000 
0.000000 
0.000000 
0.000000 
0.000000 
0.000000 
0.000000 
0.000000 
0.000000 
0.000000 
0.000000 
0.000000 
0.000000 
0.000000 
0.000000 
0.000000 
0.000000 
0.000000 
0.000000 
0.000000 
0.000000 
0.000000 
0.000000 
0.000000 
0.000000 
0.000000 
0.000000 
0.000000 
0.000000 
0.000000 
0.000000 
0.000000 
0.000000 
0.000031 
0.000113 
0.000177 
0.000307 
0.000564 
0.000709 
0.000904 
0.001222 
0.001327 
0.001894 
0.002452 
0.002673 
0.004065 
0.004684 
0.005655 
0.008395 
0.007949 
0.009633 
0.011766 
0.011382 
0.014708 
0.015396 
0.017218 
0.017620 
0.013049 
0.016802 
0.020943 
0.019139 
0.019219 
0.019138 
0.015717 
0.021773 
0.016186 
0.018234 
0.018204 
0.018025 
0.015199 
0.017069 
0.019503 
0.017954 
0.017945 
0.016005 
0.020688 
0.017554 
0.026323 
0.028543 
0.027784 
0.030970 
0.027360 
0.033851 
0.027691 
0.035248 
0.042228 
0.036231 
0.041875 
0.034198 
0.044729 
0.036374 
0.037755 
0.038845 
0.039112 
0.039053 
0.037245 
0.051739 
0.038380 
0.043650 
0.042779 
0.050198 
0.051664 
0.044506 
0.046741 
0.050470 
0.054649 
0.053400 
0.058998 
0.050964 
0.052309 
0.051667 
0.054916 
0.059028 
0.048662 
0.058968 
0.063014 
0.067062 
0.069961 
0.059097 
0.059134 
0.060575 
0.063863 
0.073960 
0.054254 
0.065749 
0.063956 
0.064502 
0.070574 
0.065505 
0.070415 
0.072822 
0.076736 
0.083086 
0.101140 
0.092502 
0.077786 
0.119259 
0.111419 
0.122162 
0.143617 
0.122969 
0.138031 
0.168573 
0.161990 
0.132321 
0.163027 
0.184829 
0.181357 
0.151010 
0.162134 
0.176291 
0.178619 
0.143242 
0.156123 
0.161492 
0.145844 
0.185756 
0.181671 
0.176257 
0.211019 
0.143859 
0.172028 
0.235696 
0.211050 
0.222913 
0.237648 
0.167030 
0.205199 
0.220275 
0.265110 
0.317619 
0.338599 
0.359293 
0.380582 
0.410885 
0.386579 
0.379343 
0.350329 
0.387195 
0.475627 
0.531773 
0.448936 
0.562863 
0.580982 
0.541996 
0.437058 
0.381348 
0.521393 
0.372045 
0.514644 
0.499640 
0.428122 
0.419338 
0.435095 
0.459621 
0.427456 
0.422533 
0.389873 
0.461329 
0.394154 
0.417342 
0.406074 
0.361740 
0.407853 
0.431287 
0.377110 
0.388548 
0.434295 
0.444618 
0.508476 
0.635155 
0.541777 
0.548916 
0.574033 
0.481895 
0.516868 
0.592674 
0.466079 
0.509204 
0.518875 
0.420317 
0.428863 
0.408154 
0.492235 
0.540318 
0.581798 
0.607277 
0.517913 
0.474557 
0.596282 
0.623532 
0.686217 
0.683445 
0.682263 
0.508140 
0.718781 
0.593849 
0.876663 
0.721091 
0.705781 
0.787672 
0.682484 
0.711176 
0.777671 
0.692693 
0.780950 
0.954887 
0.969797 
0.764301 
0.889970 
0.841868 
0.809112 
0.691038 
0.848164 
0.779483 
0.861702 
0.889912 
0.989761 
0.902865 
0.832872 
0.896813 
1.122211 
0.961518 
0.784678 
1.121816 
1.092041 
1.032513 
1.115145 
1.191492 
1.172238 
0.782117 
0.940781 
0.749086 
0.771454 
0.527942 
0.511299 
0.422403 
0.373126 
0.389591 
0.485335 
0.554229 
0.736104 
0.823882 
0.851616 
1.048285 
0.615634 
0.765078 
1.003877 
1.015075 
1.014350 
1.086874 
1.033735 
1.015872 
1.292671 
0.922637 
0.968119 
0.839674 
0.969013 
1.111292 
0.949138 
1.036160 
1.105181 
0.943618 
0.842597 
0.924765 
1.039850 
0.926524 
1.078409 
0.890724 
1.046003 
0.971560 
0.826294 
1.053061 
0.816810 
0.815235 
0.932523 
1.038142 
1.084892 
1.159462 
0.879297 
0.809890 
0.655733 
0.523996 
0.489525 
0.329062 
0.235165 
0.199416 
0.129672 
0.242877 
0.344355 
0.439771 
0.615713 
0.677749 
0.771607 
0.908982 
1.102804 
1.283864 
1.221252 
1.086328 
1.013556 
1.192199 
1.029140 
1.375645 
1.039792 
1.135386 
1.190017 
1.260549 
1.363920 
0.995432 
1.086142 
1.041308 
1.281208 
1.270685 
1.199286 
1.193909 
1.246019 
1.057225 
1.290526 
1.203124 
1.288522 
1.411815 
1.193280 
1.320977 
1.320288 
1.213209 
1.304540 
1.252302 
1.503037 
1.196964 
1.255297 
1.321582 
1.269385 
1.524642 
0.920547 
1.310018 
1.226139 
1.501018 
1.283002 
1.328706 
1.607166 
1.354257 
1.682951 
1.412639 
1.446758 
1.518930 
1.629576 
1.586948 
1.315063 
1.612824 
1.414852 
1.320621 
1.322731 
1.483536 
1.400986 
1.464079 
1.327008 
1.227744 
1.485960 
1.508146 
1.615784 
1.655298 
1.355386 
1.279767 
1.415356 
1.377406 
1.212296 
0.849328 
0.665212 
0.814241 
0.777485 
1.025250 
1.037735 
1.117732 
1.139542 
1.180665 
1.159508 
1.695065 
1.525943 
1.497612 
1.451689 
1.385987 
1.414955 
1.501866 
1.417804 
1.318696 
0.986851 
1.102470 
1.032812 
0.856674 
0.747670 
0.712279 
0.652153 
0.706280 
0.796463 
1.074661 
1.263274 
1.445555 
1.363901 
1.478491 
1.411781 
1.432434 
1.428944 
1.577041 
1.387493 
1.343395 
1.056497 
1.084347 
0.941219 
1.092438 
1.233674 
1.298997 
1.503967 
1.590116 
1.819916 
1.763597 
1.514810 
1.391442 
1.473342 
1.721281 
1.367516 
1.470325 
1.381632 
1.449562 
1.302543 
1.618006 
1.648337 
1.638665 
1.339414 
1.753020 
1.576018 
1.689807 
1.128033 
1.275342 
1.012834 
0.851153 
0.547040 
0.358905 
0.333225 
0.342100 
0.353929 
0.316592 
0.332973 
0.320986 
0.384082 
0.542977 
0.847671 
1.222001 
1.277865 
1.265151 
1.473487 
1.344032 
1.577626 
1.660603 
1.742721 
1.305925 
1.491014 
1.659957 
1.797044 
1.574071 
2.030166 
1.678823 
1.707725 
1.646835 
1.671357 
1.641480 
1.580652 
1.666234 
1.658263 
1.613248 
1.596340 
1.305978 
1.340146 
1.431280 
1.444007 
1.100594 
0.753491 
0.556935 
0.470128 
0.409746 
0.559673 
0.458459 
0.678664 
0.797819 
0.789451 
0.767223 
0.819816 
0.969840 
0.878703 
1.070931 
0.775263 
0.603889 
0.488730 
0.606171 
0.670461 
0.619019 
0.794317 
0.945360 
1.033985 
1.050893 
1.296036 
1.240373 
1.237343 
1.375958 
1.287975 
1.064763 
0.868244 
0.708204 
0.638275 
0.530955 
0.651566 
0.745266 
0.655026 
0.633012 
0.688063 
0.588793 
0.651775 
0.636033 
0.719936 
0.595740 
0.613125 
0.772438 
0.782935 
0.752329 
0.785360 
0.665258 
0.682949 
1.032056 
0.951719 
1.140523 
1.475506 
1.602607 
1.647510 
1.588529 
1.283988 
1.281953 
1.410082 
1.358466 
1.449359 
1.215152 
1.267703 
0.809516 
0.673930 
0.558212 
0.495697 
0.432639 
0.428874 
0.504681 
0.435346 
0.473468 
0.490961 
0.686577 
0.759136 
0.848286 
0.988345 
1.380823 
1.925800 
1.966103 
1.594416 
1.781626 
1.767739 
1.613216 
1.929696 
1.410511 
1.955732 
1.729484 
1.388957 
1.701453 
1.575285 
1.322747 
1.455870 
1.421962 
1.806020 
1.538061 
1.675663 
1.598679 
1.498048 
1.645861 
1.472561 
1.633462 
1.639567 
1.346946 
1.873915 
1.518892 
1.674916 
1.616135 
1.632771 
1.339718 
1.384745 
1.764000 
1.912158 
1.561110 
1.587505 
1.282169 
1.604623 
1.565293 
1.252936 
1.132434 
1.023820 
1.249089 
1.354348 
1.283898 
1.395829 
1.381170 
1.627110 
1.524251 
1.442028 
1.617099 
1.392604 
1.719704 
1.559383 
1.879585 
1.609479 
1.113075 
1.480034 
1.423933 
1.578539 
1.382179 
1.444170 
1.484318 
1.632898 
1.137023 
1.006415 
1.126158 
1.191829 
1.054759 
0.937044 
0.972102 
1.027251 
1.003970 
0.949754 
1.146575 
1.311411 
1.257603 
1.472605 
1.147470 
1.575959 
1.235637 
1.618223 
1.716515 
1.441253 
1.293274 
1.186857 
1.289686 
1.225315 
1.445462 
1.654994 
1.586202 
1.615907 
1.393169 
1.360958 
1.256065 
1.150916 
1.256258 
0.866549 
0.922136 
1.281135 
1.059203 
0.898909 
0.918821 
0.940641 
1.236323 
0.997351 
0.945071 
0.839590 
1.079152 
0.961517 
1.242226 
1.232130 
1.242332 
1.194776 
1.034818 
1.084084 
1.183493 
0.895539 
0.831012 
0.756599 
0.533203 
0.564193 
0.454081 
0.462318 
0.397549 
0.330284 
0.383806 
0.370496 
0.298640 
0.339742 
0.303966 
0.324071 
0.388457 
0.356090 
0.349021 
0.421738 
0.458868 
0.491215 
0.609761 
0.542968 
0.735190 
0.783356 
0.867699 
1.061000 
1.060670 
1.290997 
1.129701 
1.346931 
1.077412 
0.906364 
1.188414 
1.008240 
0.703364 
0.815029 
0.842131 
0.642805 
0.725844 
0.632825 
0.693191 
0.701459 
0.620264 
0.650091 
0.708711 
0.681601 
0.688060 
0.735843 
0.818873 
0.825469 
0.927116 
1.001045 
1.046156 
1.044446 
0.962251 
1.267444 
0.915584 
0.986890 
1.060810 
0.993358 
0.957193 
0.932743 
0.907635 
0.681730 
0.867503 
0.725386 
0.549987 
0.642656 
0.637852 
0.661036 
0.648912 
0.623495 
0.646632 
0.800920 
0.763428 
0.911196 
0.813048 
1.003373 
0.902485 
0.864364 
0.843680 
0.892997 
0.820956 
0.862198 
0.844980 
0.784010 
0.685723 
0.545379 
0.536373 
0.607221 
0.594813 
0.701405 
0.784936 
0.770419 
0.797577 
0.596487 
0.491539 
0.357043 
0.406929 
0.411920 
0.435313 
0.408313 
0.480779 
0.361178 
0.425114 
0.513397 
0.493306 
0.524111 
0.486237 
0.419624 
0.397705 
0.348903 
0.389197 
0.387215 
0.432555 
0.316733 
0.344960 
0.311088 
0.298419 
0.346701 
0.329338 
0.267038 
0.279639 
0.237568 
0.252942 
0.238626 
0.200898 
0.213723 
0.208249 
0.152880 
0.167862 
0.158177 
0.143408 
0.149240 
0.146936 
0.149217 
0.170018 
0.134064 
0.153580 
0.145880 
0.142017 
0.138390 
0.135835 
0.147123 
0.153399 
0.134241 
0.182226 
0.158629 
0.203031 
0.174079 
0.181717 
0.207613 
0.159162 
0.177710 
0.216341 
0.194678 
0.251670 
0.203871 
0.177345 
0.225818 
0.223438 
0.234140 
0.284204 
0.263157 
0.241229 
0.213487 
0.200588 
0.274740 
0.268311 
0.256978 
0.253604 
0.281733 
0.252279 
0.236651 
0.233505 
0.318953 
0.250454 
0.279694 
0.318613 
0.276392 
0.360352 
0.339845 
0.309366 
0.325240 
0.349287 
0.335537 
0.408438 
0.670288 
0.554431 
0.542294 
0.498770 
0.593894 
0.557866 
0.525367 
0.421143 
0.428210 
0.313998 
0.269096 
0.281307 
0.210986 
0.254542 
0.176531 
0.282615 
0.289955 
0.222916 
0.174913 
0.170213 
0.158053 
0.139705 
0.130487 
0.118011 
0.103442 
0.105520 
0.091317 
0.101069 
0.111344 
0.103410 
0.098067 
0.098966 
0.089733 
0.117579 
0.120058 
0.106474 
0.129728 
0.114111 
0.129998 
0.097276 
0.116576 
0.107696 
0.101028 
0.115229 
0.098668 
0.110521 
0.112477 
0.100005 
0.111028 
0.111894 
0.087185 
0.125385 
0.127364 
0.124624 
0.099892 
0.119141 
0.096150 
0.084437 
0.091447 
0.091880 
0.071230 
0.080511 
0.061720 
0.062949 
0.070181 
0.065974 
0.048822 
0.061754 
0.062677 
0.046925 
0.049718 
0.050185 
0.060754 
0.051603 
0.045994 
0.045797 
0.044275 
0.051850 
0.039931 
0.037595 
0.037518 
0.043253 
0.030397 
0.035806 
0.033040 
0.034530 
0.025769 
0.024474 
0.023644 
0.022275 
0.019543 
0.019159 
0.015349 
0.017840 
0.012426 
0.011686 
0.013528 
0.011514 
0.008296 
0.011710 
0.010444 
0.010429 
0.007890 
0.009129 
0.008176 
0.009479 
0.010902 
0.010350 
0.010871 
0.011337 
0.011103 
0.010883 
0.011730 
0.013041 
0.010914 
0.011081 
0.012057 
0.007627 
0.007758 
0.008385 
0.005467 
0.004801 
0.004620 
0.004920 
0.004434 
0.003597 
0.003980 
0.003712 
0.004086 
0.003413 
0.003788 
0.004039 
0.003437 
0.003866 
0.003470 
0.003427 
0.003564 
0.004247 
0.002672 
0.002970 
0.002791 
0.002417 
0.002150 
0.001745 
0.001701 
0.001610 
0.001125 
0.000991 
0.000684 
0.000503 
0.000250 
0.000118 
0.000087 
0.000045 
0.000022 
0.000006 
0.000000 
0.000000 
0.000000 
0.000000 
0.000000 
0.000000 
0.000000 
0.000000 
0.000000 
0.000000 
0.000000 
0.000000 
0.000000 
0.000000 
0.000000 
0.000000 
0.000000 
0.000000 
0.000000 
0.000000 
0.000000 
0.000000 
0.000000 
0.000000 
0.000000 
0.000000 
0.000000 
0.000000 
0.000000 
0.000000 
0.000000 
0.000000 
0.000000 
0.000000 
0.000000 
0.000000 
0.000000 
0.000000 
0.000000 
0.000000 
0.000000 
0.000000 
0.000000 
0.000000 
0.000000 
0.000000 
0.000000 
0.000000 
0.000000 
0.000000 
0.000000 
0.000000 
0.000000 
0.000000 
0.000000 
0.000000 
0.000000 
0.000000 
0.000000 
0.000000 
0.000000 
0.000000 
0.000000 
0.000000 
0.000000 
0.000000 
0.000000 
0.000000 
0.000000 
0.000000 
0.000000 
0.000000 
0.000000 
0.000000 
0.000000 
0.000000 
0.000000 
0.000000 
0.000000 
0.000000 
0.000000 
0.000000 
0.000000 
0.000000 
0.000000 
0.000000 
0.000000 
0.000000 
0.000000 
0.000000 
0.000000 
0.000000 
0.000000 
0.000000 
0.000000 
0.000000 
0.000000 
0.000000 
0.000000 
0.000000 
0.000000 
0.000000 
0.000000 
0.000000 
0.000000 
0.000000 
0.000000 
0.000000 
0.000000 
0.000000 
0.000000 
0.000000 
0.000000 
0.000000 
0.000000 
0.000000 
0.000000 
0.000000 
0.000000 
0.000000 
0.000000 
0.000000 
0.000000 
0.000000 
0.000000 
0.000000 
0.000000 
0.000000 
0.000000 
0.000000 
0.000000 
0.000000 
0.000000 
0.000000 
0.000000 
0.000000 
0.000000 
0.000000 
0.000000 
0.000000 
0.000000 
0.000000 
0.000000 
0.000000 
0.000000 
0.000000 
0.000000 
0.000000 
0.000000 
0.000000 
0.000000 
0.000000 
0.000000 
0.000000 
0.000000 
0.000000 
0.000000 
0.000000 
0.000000 
0.000000 
0.000000 
0.000000 
0.000000 
0.000000 
0.000000 
0.000000 
0.000000 
0.000000 
0.000000 
0.000000 
0.000000 
0.000000 
0.000000 
0.000000 
0.000000 
0.000000 
0.000000 
0.000000 
0.000000 
0.000000 
0.000000 
0.000000 
0.000000 
0.000000 
0.000000 
0.000000 
0.000000 
0.000000 
0.000000 
0.000000 
0.000000 
