0.000000 
0.000000 
0.000000 
0.000000 
0.000000 
0.000000 
0.000000 
0.000000 
0.000000 
0.000000 
0.000000 
0.000000 
0.000000 
0.000000 
0.000000 
0.000000 
0.000000 
0.000000 
0.000000 
0.000000 
0.000000 
0.000000 
0.000000 
0.000000 
0.000000 
0.000000 
0.000000 
0.000000 
0.000000 
0.000000 
0.000000 
0.000000 
0.000000 
0.000000 
0.000000 
0.000000 
0.000000 
0.000000 
0.000000 
0.000000 
0.000000 
0.000000 
0.000000 
0.000000 
0.000000 
0.000000 
0.000000 
0.000000 
0.000000 
0.000000 
0.000000 
0.000000 
0.000000 
0.000000 
0.000000 
0.000000 
0.000000 
0.000000 
0.000000 
0.000000 
0.000000 
0.000000 
0.000000 
0.000000 
0.000000 
0.000000 
0.000000 
0.000000 
0.000000 
0.000000 
0.000000 
0.000000 
0.000000 
0.000000 
0.000000 
0.000000 
0.000000 
0.000000 
0.000000 
0.000000 
0.000000 
0.000000 
0.000000 
0.000000 
0.000000 
0.000000 
0.000000 
0.000000 
0.000000 
0.000000 
0.000000 
0.000000 
0.000000 
0.000000 
0.000000 
0.000000 
0.000000 
0.000000 
0.000000 
0.000000 
0.000000 
0.000000 
0.000000 
0.000000 
0.000000 
0.000000 
0.000000 
0.000000 
0.000000 
0.000000 
0.000000 
0.000000 
0.000000 
0.000000 
0.000000 
0.000000 
0.000000 
0.000000 
0.000000 
0.000000 
0.000000 
0.000000 
0.000000 
0.000000 
0.000000 
0.000000 
0.000000 
0.000000 
0.000000 
0.000000 
0.000000 
0.000000 
0.000000 
0.000000 
0.000000 
0.000000 
0.000000 
0.000000 
0.000000 
0.000000 
0.000000 
0.000000 
0.000000 
0.000000 
0.000000 
0.000000 
0.000000 
0.000000 
0.000000 
0.000000 
0.000000 
0.000000 
0.000000 
0.000000 
0.000000 
0.000000 
0.000000 
0.000000 
0.000000 
0.000000 
0.000000 
0.000000 
0.000000 
0.000000 
0.000000 
0.000000 
0.000000 
0.000000 
0.000000 
0.000000 
0.000000 
0.000000 
0.000000 
0.000000 
0.000000 
0.000000 
0.000000 
0.000000 
0.000000 
0.000000 
0.000000 
0.000000 
0.000000 
0.000000 
0.000000 
0.000000 
0.000000 
0.000000 
0.000000 
0.000000 
0.000000 
0.000000 
0.000000 
0.000000 
0.000000 
0.000000 
0.000000 
0.000000 
0.000000 
0.000000 
0.000000 
0.000000 
0.000000 
0.000000 
0.000000 
0.000000 
0.000000 
0.000000 
0.000000 
0.000000 
0.000000 
0.000000 
0.000000 
0.000000 
0.000000 
0.000000 
0.000000 
0.000000 
0.000000 
0.000000 
0.000000 
0.000000 
0.000000 
0.000000 
0.000000 
0.000025 
0.000102 
0.000203 
0.000317 
0.000404 
0.000642 
0.000770 
0.001170 
0.001302 
0.001616 
0.001916 
0.002685 
0.003037 
0.003391 
0.004785 
0.005375 
0.006953 
0.007051 
0.009144 
0.009788 
0.010058 
0.012510 
0.014756 
0.015272 
0.012425 
0.014359 
0.014935 
0.015039 
0.017071 
0.013716 
0.016532 
0.014110 
0.013172 
0.015002 
0.012530 
0.013672 
0.015802 
0.016342 
0.015307 
0.018847 
0.015368 
0.015157 
0.022236 
0.020073 
0.019378 
0.018067 
0.022858 
0.026262 
0.025718 
0.019740 
0.029738 
0.024807 
0.033681 
0.035810 
0.035029 
0.026829 
0.030882 
0.032808 
0.035859 
0.038049 
0.036251 
0.032898 
0.034986 
0.037049 
0.035748 
0.029174 
0.045700 
0.048189 
0.037116 
0.046178 
0.037418 
0.040674 
0.042045 
0.049599 
0.045498 
0.040169 
0.036607 
0.051193 
0.052709 
0.051886 
0.047499 
0.056982 
0.050966 
0.043695 
0.051374 
0.055796 
0.046519 
0.034203 
0.051715 
0.057481 
0.050726 
0.057670 
0.059924 
0.068802 
0.067067 
0.072309 
0.058428 
0.077531 
0.066435 
0.074658 
0.063784 
0.067903 
0.084601 
0.090418 
0.099543 
0.109384 
0.110203 
0.103156 
0.100097 
0.156290 
0.143573 
0.161986 
0.160282 
0.156818 
0.176191 
0.159064 
0.135747 
0.163781 
0.140659 
0.122025 
0.149649 
0.148379 
0.132510 
0.145806 
0.167038 
0.142496 
0.166062 
0.194504 
0.158494 
0.175890 
0.167679 
0.192057 
0.177184 
0.178152 
0.156846 
0.180844 
0.248708 
0.295808 
0.273386 
0.360427 
0.289791 
0.344307 
0.364142 
0.317396 
0.364787 
0.373320 
0.461669 
0.456019 
0.485376 
0.508220 
0.506758 
0.490429 
0.389406 
0.461665 
0.402632 
0.431326 
0.385718 
0.382606 
0.354557 
0.445190 
0.386634 
0.394320 
0.461488 
0.377092 
0.440490 
0.416909 
0.402131 
0.309331 
0.316040 
0.315452 
0.348046 
0.404801 
0.334020 
0.340232 
0.389666 
0.407159 
0.432551 
0.419790 
0.432724 
0.390024 
0.531851 
0.402265 
0.445902 
0.439259 
0.427578 
0.430650 
0.464388 
0.365822 
0.381377 
0.349327 
0.401256 
0.470351 
0.453499 
0.464670 
0.442264 
0.526003 
0.564143 
0.615363 
0.530554 
0.608971 
0.549818 
0.582896 
0.548103 
0.634219 
0.558301 
0.424037 
0.575130 
0.572159 
0.682097 
0.647944 
0.582580 
0.734348 
0.815405 
0.772157 
0.736969 
0.756059 
0.669511 
0.737909 
0.696279 
0.648394 
0.759227 
0.792805 
0.789888 
0.800122 
0.907513 
0.710464 
0.829249 
0.738665 
0.794799 
0.912011 
0.739222 
0.913708 
0.777643 
0.954147 
0.765246 
0.988332 
0.866348 
0.689048 
0.844269 
0.772169 
0.618093 
0.514995 
0.397832 
0.296990 
0.282305 
0.344760 
0.490613 
0.515853 
0.770872 
0.814452 
0.749020 
0.802363 
0.799670 
0.907554 
0.859079 
0.692257 
0.854980 
0.946806 
0.839353 
0.832356 
0.762564 
0.911876 
0.971384 
0.731262 
0.737557 
0.762184 
0.982807 
0.768344 
0.785375 
0.866568 
0.908841 
0.816836 
0.767918 
0.840479 
0.945421 
0.842236 
0.893209 
0.590276 
0.721538 
0.640641 
0.548048 
0.654079 
0.884529 
0.891809 
0.888392 
0.914230 
0.818939 
0.706785 
0.573054 
0.441707 
0.444056 
0.326460 
0.198323 
0.149725 
0.135221 
0.185721 
0.280632 
0.486593 
0.474908 
0.623882 
0.593319 
0.921198 
0.764396 
1.050363 
0.857641 
1.007357 
0.896584 
0.881347 
0.980155 
0.889983 
0.943606 
0.919431 
1.133229 
0.992870 
0.823146 
1.058716 
0.957908 
1.061753 
1.079943 
0.822713 
0.959135 
1.105458 
1.102679 
1.132149 
0.797924 
1.104328 
1.078279 
1.184314 
1.124688 
1.100877 
1.109585 
1.200781 
1.053090 
0.991576 
1.122571 
1.228317 
1.281929 
1.313403 
0.994065 
1.146853 
1.102079 
0.786189 
0.901211 
1.273470 
1.226797 
1.234662 
0.947383 
1.195560 
1.213741 
0.950368 
1.153564 
1.189658 
1.183210 
1.141357 
0.990036 
1.060635 
1.091624 
1.239597 
1.233617 
1.116827 
0.955858 
1.325655 
1.207933 
1.120307 
1.248444 
1.294863 
0.887321 
1.415896 
1.162577 
1.131186 
1.194231 
1.041735 
0.817761 
0.735869 
0.805117 
0.727739 
0.800212 
0.767867 
1.019552 
0.985262 
1.126979 
0.999294 
1.191629 
1.345752 
1.369610 
1.512215 
1.285268 
1.382227 
1.249765 
1.023923 
1.225279 
1.105301 
1.027518 
0.881924 
0.814714 
0.688600 
0.681043 
0.611708 
0.634965 
0.597905 
0.591288 
0.544122 
1.018060 
1.261974 
1.386897 
1.512318 
1.341177 
1.013378 
1.480411 
1.246074 
1.240937 
1.070416 
0.912557 
0.917801 
0.777797 
0.888611 
0.814974 
1.450721 
1.321175 
1.351995 
1.475102 
1.348319 
1.347396 
1.270978 
1.321817 
0.996788 
1.089650 
1.266082 
1.179458 
1.216084 
1.256079 
1.168055 
1.371628 
1.509782 
1.521149 
1.639417 
1.334392 
1.359115 
1.082470 
1.011619 
0.817101 
0.543072 
0.339602 
0.342398 
0.258395 
0.280641 
0.268068 
0.261506 
0.223413 
0.292943 
0.327466 
0.488307 
0.700125 
0.917056 
1.237523 
1.109331 
1.144352 
1.177539 
1.292532 
1.355061 
1.349283 
1.443524 
1.384725 
1.453604 
1.552097 
1.573994 
1.709653 
1.240237 
1.305121 
1.458727 
1.436716 
1.307112 
1.458076 
1.323412 
1.187925 
1.357884 
1.478372 
1.362976 
1.425049 
1.236391 
0.994687 
0.924900 
0.614537 
0.450619 
0.351276 
0.412824 
0.522719 
0.490417 
0.597881 
0.625436 
0.744052 
0.756035 
0.963173 
0.764685 
0.713430 
0.833694 
0.744245 
0.658431 
0.525983 
0.503249 
0.565998 
0.685310 
0.775622 
0.887584 
0.919473 
0.850873 
1.192478 
1.309304 
1.107508 
1.126782 
1.074274 
1.006480 
0.785403 
0.653666 
0.550937 
0.533048 
0.654644 
0.601921 
0.600497 
0.626973 
0.692685 
0.527852 
0.582494 
0.593034 
0.569690 
0.511398 
0.568158 
0.660596 
0.704295 
0.652973 
0.617526 
0.733144 
0.832662 
0.836226 
1.038684 
0.904901 
1.075979 
1.332755 
1.390408 
1.427399 
1.325472 
1.281166 
1.163397 
1.222434 
1.370599 
1.205321 
0.890280 
0.766634 
0.579022 
0.497324 
0.382452 
0.389961 
0.404434 
0.347269 
0.359953 
0.417630 
0.432672 
0.581013 
0.684637 
0.828818 
0.889909 
1.263123 
1.192714 
1.470348 
1.536958 
1.668796 
1.521886 
1.169991 
1.232862 
1.543706 
1.490537 
1.349412 
1.505633 
1.283794 
0.991769 
1.297614 
1.454970 
1.578974 
1.523910 
1.166802 
1.494775 
1.379378 
1.344486 
0.970156 
1.227721 
1.336664 
1.409368 
1.427289 
1.611637 
1.403782 
1.546832 
1.267332 
1.446921 
1.227923 
1.476847 
1.460887 
1.492027 
1.288628 
1.479804 
1.386416 
1.077916 
1.027728 
0.934918 
0.899115 
1.102834 
1.128220 
1.000490 
1.226955 
1.430540 
1.513874 
1.488392 
1.396288 
1.538799 
1.334464 
1.270068 
1.184963 
1.257443 
1.336932 
1.057266 
1.242012 
1.259134 
1.234314 
1.241867 
1.234556 
1.206513 
1.139024 
1.240175 
1.053812 
1.105466 
0.974864 
1.085828 
0.881240 
0.750806 
0.801030 
0.673882 
0.851050 
0.838670 
1.240317 
0.939417 
1.459963 
1.216529 
1.037981 
1.254065 
1.268239 
1.482784 
1.238403 
1.233604 
1.388309 
1.108994 
0.994275 
0.921915 
1.065569 
1.044298 
1.211601 
1.251553 
1.319588 
1.420455 
1.093470 
0.807757 
0.933260 
0.993743 
0.947949 
0.928700 
0.982783 
1.030546 
0.786503 
0.825713 
0.883331 
0.848375 
0.656973 
0.800965 
0.826620 
1.080972 
1.068431 
0.921833 
1.060177 
0.867312 
0.978572 
0.962077 
0.899904 
0.945660 
0.744316 
0.554434 
0.496052 
0.427124 
0.396731 
0.390216 
0.313353 
0.301955 
0.301660 
0.343148 
0.252209 
0.289912 
0.287200 
0.343741 
0.285088 
0.321415 
0.338387 
0.360991 
0.412583 
0.413382 
0.417109 
0.554241 
0.607105 
0.580780 
0.837362 
0.854760 
1.162588 
0.820414 
1.129554 
0.847330 
0.988220 
0.995652 
0.800041 
0.750153 
0.774632 
0.802560 
0.665604 
0.579150 
0.588849 
0.692460 
0.453776 
0.653788 
0.491279 
0.489720 
0.518400 
0.409854 
0.681212 
0.679276 
0.704468 
0.697419 
0.780204 
0.945873 
0.717931 
0.951244 
1.081970 
1.099777 
0.846888 
1.139520 
1.047222 
0.881100 
0.907575 
0.809477 
0.639802 
0.714805 
0.687074 
0.660225 
0.579121 
0.560495 
0.620568 
0.561522 
0.496008 
0.589471 
0.666833 
0.557397 
0.767680 
0.693432 
0.812672 
0.704035 
0.658330 
0.716941 
0.751712 
0.781410 
0.702812 
0.811647 
0.764199 
0.682492 
0.651097 
0.525245 
0.452601 
0.488189 
0.633034 
0.515053 
0.612820 
0.858751 
0.557753 
0.512708 
0.444831 
0.340581 
0.329311 
0.336813 
0.351518 
0.404811 
0.350023 
0.348759 
0.353429 
0.361189 
0.412908 
0.396019 
0.382279 
0.421506 
0.430816 
0.419519 
0.386721 
0.340458 
0.345699 
0.344804 
0.338974 
0.311044 
0.311932 
0.270804 
0.234410 
0.275133 
0.240453 
0.231024 
0.171158 
0.196298 
0.195173 
0.159185 
0.197789 
0.146089 
0.159726 
0.162997 
0.136565 
0.148825 
0.145588 
0.122852 
0.136645 
0.114423 
0.123283 
0.119595 
0.124967 
0.131017 
0.124780 
0.116514 
0.144067 
0.122077 
0.149619 
0.156479 
0.157465 
0.179432 
0.171605 
0.154104 
0.181171 
0.156130 
0.160242 
0.148309 
0.169000 
0.206686 
0.158557 
0.211421 
0.176203 
0.227242 
0.240951 
0.216611 
0.177831 
0.234128 
0.193130 
0.211948 
0.208608 
0.237549 
0.203665 
0.181705 
0.198499 
0.251469 
0.160959 
0.205295 
0.279375 
0.240535 
0.286114 
0.270582 
0.317958 
0.284967 
0.292794 
0.266783 
0.320026 
0.351628 
0.441214 
0.448211 
0.433853 
0.500579 
0.573539 
0.461334 
0.442434 
0.404224 
0.434004 
0.389656 
0.264503 
0.228898 
0.240492 
0.193149 
0.223209 
0.234089 
0.203887 
0.238086 
0.224226 
0.160628 
0.141717 
0.145694 
0.144033 
0.128684 
0.113346 
0.113591 
0.098999 
0.097501 
0.087180 
0.103370 
0.090547 
0.092276 
0.088487 
0.087677 
0.098081 
0.086159 
0.084082 
0.116816 
0.105946 
0.092727 
0.102976 
0.091560 
0.108337 
0.076494 
0.095962 
0.090969 
0.096520 
0.097296 
0.082669 
0.073719 
0.101188 
0.103460 
0.114335 
0.108683 
0.095298 
0.093753 
0.096453 
0.084933 
0.090719 
0.068230 
0.071206 
0.068006 
0.064518 
0.058920 
0.052257 
0.054680 
0.056237 
0.054567 
0.039695 
0.038754 
0.048780 
0.047365 
0.041955 
0.038965 
0.038031 
0.041196 
0.039999 
0.037656 
0.042099 
0.033844 
0.039408 
0.041662 
0.036983 
0.025729 
0.028621 
0.027626 
0.026819 
0.019760 
0.021169 
0.018498 
0.016388 
0.019384 
0.017937 
0.014282 
0.012623 
0.013213 
0.010881 
0.010744 
0.011061 
0.008130 
0.009433 
0.008572 
0.008980 
0.009287 
0.009166 
0.009537 
0.008413 
0.009778 
0.008833 
0.010915 
0.010184 
0.008619 
0.011814 
0.008370 
0.009481 
0.009171 
0.008751 
0.008029 
0.007409 
0.007394 
0.005808 
0.004948 
0.004997 
0.004615 
0.003780 
0.004015 
0.003579 
0.003839 
0.003079 
0.003159 
0.003263 
0.003287 
0.003400 
0.002937 
0.003421 
0.002536 
0.003218 
0.003055 
0.002481 
0.003178 
0.002434 
0.002480 
0.002090 
0.001993 
0.001447 
0.001356 
0.001188 
0.001072 
0.000893 
0.000534 
0.000454 
0.000232 
0.000097 
0.000073 
0.000045 
0.000016 
0.000005 
0.000000 
0.000000 
0.000000 
0.000000 
0.000000 
0.000000 
0.000000 
0.000000 
0.000000 
0.000000 
0.000000 
0.000000 
0.000000 
0.000000 
0.000000 
0.000000 
0.000000 
0.000000 
0.000000 
0.000000 
0.000000 
0.000000 
0.000000 
0.000000 
0.000000 
0.000000 
0.000000 
0.000000 
0.000000 
0.000000 
0.000000 
0.000000 
0.000000 
0.000000 
0.000000 
0.000000 
0.000000 
0.000000 
0.000000 
0.000000 
0.000000 
0.000000 
0.000000 
0.000000 
0.000000 
0.000000 
0.000000 
0.000000 
0.000000 
0.000000 
0.000000 
0.000000 
0.000000 
0.000000 
0.000000 
0.000000 
0.000000 
0.000000 
0.000000 
0.000000 
0.000000 
0.000000 
0.000000 
0.000000 
0.000000 
0.000000 
0.000000 
0.000000 
0.000000 
0.000000 
0.000000 
0.000000 
0.000000 
0.000000 
0.000000 
0.000000 
0.000000 
0.000000 
0.000000 
0.000000 
0.000000 
0.000000 
0.000000 
0.000000 
0.000000 
0.000000 
0.000000 
0.000000 
0.000000 
0.000000 
0.000000 
0.000000 
0.000000 
0.000000 
0.000000 
0.000000 
0.000000 
0.000000 
0.000000 
0.000000 
0.000000 
0.000000 
0.000000 
0.000000 
0.000000 
0.000000 
0.000000 
0.000000 
0.000000 
0.000000 
0.000000 
0.000000 
0.000000 
0.000000 
0.000000 
0.000000 
0.000000 
0.000000 
0.000000 
0.000000 
0.000000 
0.000000 
0.000000 
0.000000 
0.000000 
0.000000 
0.000000 
0.000000 
0.000000 
0.000000 
0.000000 
0.000000 
0.000000 
0.000000 
0.000000 
0.000000 
0.000000 
0.000000 
0.000000 
0.000000 
0.000000 
0.000000 
0.000000 
0.000000 
0.000000 
0.000000 
0.000000 
0.000000 
0.000000 
0.000000 
0.000000 
0.000000 
0.000000 
0.000000 
0.000000 
0.000000 
0.000000 
0.000000 
0.000000 
0.000000 
0.000000 
0.000000 
0.000000 
0.000000 
0.000000 
0.000000 
0.000000 
0.000000 
0.000000 
0.000000 
0.000000 
0.000000 
0.000000 
0.000000 
0.000000 
0.000000 
0.000000 
0.000000 
0.000000 
0.000000 
0.000000 
0.000000 
0.000000 
0.000000 
0.000000 
0.000000 
0.000000 
0.000000 
0.000000 
0.000000 
0.000000 
