-0.158922 
-0.059178 
0.020742 
0.082998 
0.129750 
0.163158 
0.185382 
0.198582 
0.204918 
0.206550 
0.189203 
0.147836 
0.098464 
0.057097 
0.039750 
0.039750 
0.039750 
0.039750 
0.039750 
0.039750 
0.039750 
0.039750 
0.039750 
0.039750 
0.039750 
0.039750 
0.039750 
0.039750 
0.039750 
0.039750 
0.039750 
0.039750 
0.039750 
0.039750 
0.039750 
0.039750 
0.039750 
0.039750 
0.039750 
0.039750 
0.039750 
0.039750 
0.039750 
0.039750 
0.039750 
0.039750 
0.039750 
0.039750 
0.039750 
0.039750 
0.039750 
0.039750 
0.039750 
0.039750 
0.039750 
0.039750 
0.039750 
0.039750 
0.039750 
0.039750 
0.039750 
0.039750 
0.039750 
0.039750 
0.039750 
0.039750 
0.039750 
0.039750 
0.039750 
0.039750 
0.039750 
0.039750 
0.039750 
0.039750 
0.039750 
0.039750 
0.039750 
0.039750 
0.039750 
0.039750 
0.050046 
0.074598 
0.103902 
0.128454 
0.138750 
0.138750 
0.138750 
0.138750 
0.138750 
0.138750 
0.138750 
0.138750 
0.138750 
0.138750 
0.138750 
0.134632 
0.124811 
0.113089 
0.103268 
0.099150 
0.104438 
0.117557 
0.134393 
0.150829 
0.162750 
0.171254 
0.179544 
0.186656 
0.191629 
0.193500 
0.193500 
0.193500 
0.193500 
0.193500 
0.193500 
0.177510 
0.139380 
0.093870 
0.055740 
0.039750 
0.039750 
0.039750 
0.039750 
0.039750 
0.039750 
0.039750 
0.039750 
0.039750 
0.039750 
0.039750 
0.039750 
0.039750 
0.039750 
0.039750 
0.039750 
0.039750 
0.039750 
0.039750 
0.039750 
0.039750 
0.039750 
0.039750 
0.039750 
0.039750 
0.039750 
0.040795 
0.043678 
0.048018 
0.053436 
0.059550 
0.071842 
0.091990 
0.113913 
0.131527 
0.138750 
0.138750 
0.138750 
0.138750 
0.138750 
0.138750 
0.138750 
0.138750 
0.138750 
0.138750 
0.138750 
0.134093 
0.122403 
0.107102 
0.091610 
0.079350 
0.069149 
0.058568 
0.049127 
0.042348 
0.039750 
0.039750 
0.039750 
0.039750 
0.039750 
0.039750 
0.039750 
0.039750 
0.039750 
0.039750 
0.039750 
0.039750 
0.039750 
0.039750 
0.039750 
0.039750 
0.043784 
0.054313 
0.068975 
0.085408 
0.101250 
0.120290 
0.144349 
0.168113 
0.186268 
0.193500 
0.193500 
0.193500 
0.193500 
0.193500 
0.193500 
0.192779 
0.190815 
0.187906 
0.184352 
0.180450 
0.173569 
0.162909 
0.151520 
0.142451 
0.138750 
0.138750 
0.138750 
0.138750 
0.138750 
0.138750 
0.137705 
0.134822 
0.130482 
0.125064 
0.118950 
0.106658 
0.086510 
0.064587 
0.046973 
0.039750 
0.039750 
0.039750 
0.039750 
0.039750 
0.039750 
0.039750 
0.039750 
0.039750 
0.039750 
0.039750 
0.039750 
0.039750 
0.039750 
0.039750 
0.039750 
0.039750 
0.039750 
0.039750 
0.039750 
0.039750 
0.039750 
0.039750 
0.039750 
0.039750 
0.039750 
0.039750 
0.039750 
0.039750 
0.039750 
0.039750 
0.039750 
0.039750 
0.039750 
0.039750 
0.039750 
0.050968 
0.078323 
0.112369 
0.143660 
0.162750 
0.172246 
0.180659 
0.187399 
0.191876 
0.193500 
0.193500 
0.193500 
0.193500 
0.193500 
0.193500 
0.177510 
0.139380 
0.093870 
0.055740 
0.039750 
0.039750 
0.039750 
0.039750 
0.039750 
0.039750 
0.039750 
0.039750 
0.039750 
0.039750 
0.039750 
0.039750 
0.039750 
0.039750 
0.039750 
0.039750 
0.039750 
0.039750 
0.039750 
0.039750 
0.039750 
0.039750 
0.039750 
0.039750 
0.039750 
0.039750 
0.039750 
0.039750 
0.039750 
0.039750 
0.039750 
0.039750 
0.039750 
0.039750 
0.039750 
0.039750 
0.039750 
0.039750 
0.039750 
0.039750 
0.039750 
0.039750 
0.039750 
0.039750 
0.039750 
0.039750 
0.039750 
0.039750 
0.039750 
0.039750 
0.039750 
0.043784 
0.054313 
0.068975 
0.085408 
0.101250 
0.120290 
0.144349 
0.168113 
0.186268 
0.193500 
0.193500 
0.193500 
0.193500 
0.193500 
0.193500 
0.186268 
0.168113 
0.144349 
0.120290 
0.101250 
0.085408 
0.068975 
0.054313 
0.043784 
0.039750 
0.039750 
0.039750 
0.039750 
0.039750 
0.039750 
0.042348 
0.049127 
0.058568 
0.069149 
0.079350 
0.091610 
0.107102 
0.122403 
0.134093 
0.138750 
0.138750 
0.138750 
0.138750 
0.138750 
0.138750 
0.138750 
0.138750 
0.138750 
0.138750 
0.138750 
0.131527 
0.113913 
0.091990 
0.071842 
0.059550 
0.053436 
0.048018 
0.043678 
0.040795 
0.039750 
0.039750 
0.039750 
0.039750 
0.039750 
0.039750 
0.039750 
0.039750 
0.039750 
0.039750 
0.039750 
0.039750 
0.039750 
0.039750 
0.039750 
0.039750 
0.039750 
0.039750 
0.039750 
0.039750 
0.039750 
0.039750 
0.039750 
0.039750 
0.039750 
0.039750 
0.039750 
0.039750 
0.039750 
0.039750 
0.039750 
0.040038 
0.040854 
0.042126 
0.043782 
0.045750 
0.051462 
0.062046 
0.073974 
0.083718 
0.087750 
0.086502 
0.083526 
0.079974 
0.076998 
0.075750 
0.100198 
0.165863 
0.261229 
0.374781 
0.495000 
0.680396 
0.949369 
1.230239 
1.451326 
1.540950 
1.444729 
1.215280 
0.941420 
0.711971 
0.615750 
0.671988 
0.806094 
0.966156 
1.100262 
1.156500 
1.064260 
0.843631 
0.578746 
0.353741 
0.252750 
0.242816 
0.234948 
0.229226 
0.225733 
0.224550 
0.229043 
0.239756 
0.252544 
0.263257 
0.267750 
0.267102 
0.265446 
0.263214 
0.260838 
0.258750 
0.257188 
0.255865 
0.254423 
0.252503 
0.249750 
0.241055 
0.223796 
0.201345 
0.177073 
0.154350 
0.129104 
0.099017 
0.070093 
0.048336 
0.039750 
0.039750 
0.039750 
0.039750 
0.039750 
0.039750 
0.039750 
0.039750 
0.039750 
0.039750 
0.039750 
0.039750 
0.039750 
0.039750 
0.039750 
0.039750 
0.043784 
0.054313 
0.068975 
0.085408 
0.101250 
0.120290 
0.144349 
0.168113 
0.186268 
0.193500 
0.193500 
0.193500 
0.193500 
0.193500 
0.193500 
0.186268 
0.168113 
0.144349 
0.120290 
0.101250 
0.085408 
0.068975 
0.054313 
0.043784 
0.039750 
0.039750 
0.039750 
0.039750 
0.039750 
0.039750 
0.044407 
0.056097 
0.071398 
0.086890 
0.099150 
0.106913 
0.112619 
0.118404 
0.126402 
0.138750 
0.252162 
0.500575 
0.791957 
1.034276 
1.135500 
1.037121 
0.800493 
0.513379 
0.263544 
0.138750 
0.108258 
0.083297 
0.064581 
0.052827 
0.048750 
0.048750 
0.048750 
0.048750 
0.048750 
0.048750 
0.050546 
0.055434 
0.062663 
0.071486 
0.081150 
0.091939 
0.105793 
0.124453 
0.149659 
0.183150 
0.364161 
0.740619 
1.177307 
1.539007 
1.690500 
1.691559 
1.692230 
1.692700 
1.693161 
1.693800 
1.694517 
1.695199 
1.696017 
1.697144 
1.698750 
1.712760 
1.743416 
1.779368 
1.809263 
1.821750 
1.726370 
1.493209 
1.201732 
0.931407 
0.761700 
0.677790 
0.609564 
0.553547 
0.506267 
0.464250 
0.424328 
0.386985 
0.354228 
0.328064 
0.310500 
0.299925 
0.292307 
0.286016 
0.279424 
0.270900 
0.257366 
0.239600 
0.221761 
0.208008 
0.202500 
0.202500 
0.202500 
0.202500 
0.202500 
0.202500 
0.195168 
0.177287 
0.155032 
0.134578 
0.122100 
0.115893 
0.110394 
0.105988 
0.103061 
0.102000 
0.102000 
0.102000 
0.102000 
0.102000 
0.102000 
0.102000 
0.102000 
0.102000 
0.102000 
0.102000 
0.102000 
0.102000 
0.102000 
0.102000 
0.102000 
0.102000 
0.102000 
0.102000 
0.102000 
0.102000 
0.104075 
0.109022 
0.114928 
0.119875 
0.121950 
0.121778 
0.121369 
0.120881 
0.120472 
0.120300 
0.120474 
0.120991 
0.121840 
0.123013 
0.124500 
0.143865 
0.187669 
0.239400 
0.282548 
0.300600 
0.296901 
0.287380 
0.274398 
0.260317 
0.247500 
0.235340 
0.222238 
0.209066 
0.196696 
0.186000 
0.177247 
0.169656 
0.162528 
0.155160 
0.146850 
0.135559 
0.121669 
0.108114 
0.097830 
0.093750 
0.098959 
0.113301 
0.134849 
0.161675 
0.191850 
0.251463 
0.348484 
0.453815 
0.538354 
0.573000 
0.528774 
0.423312 
0.297438 
0.191976 
0.147750 
0.147750 
0.147750 
0.147750 
0.147750 
0.147750 
0.139803 
0.120741 
0.097732 
0.077945 
0.068550 
0.066892 
0.065557 
0.064571 
0.063960 
0.063750 
0.069130 
0.082315 
0.098870 
0.114359 
0.124350 
0.130004 
0.135152 
0.139363 
0.142206 
0.143250 
0.143250 
0.143250 
0.143250 
0.143250 
0.143250 
0.143250 
0.143250 
0.143250 
0.143250 
0.143250 
0.143250 
0.143250 
0.143250 
0.143250 
0.143250 
0.159240 
0.197370 
0.242880 
0.281010 
0.297000 
0.296737 
0.295995 
0.294845 
0.293356 
0.291600 
0.288551 
0.283320 
0.276178 
0.267398 
0.257250 
0.237584 
0.206221 
0.172391 
0.145324 
0.134250 
0.134466 
0.135031 
0.135818 
0.136700 
0.137550 
0.138287 
0.139010 
0.139859 
0.140975 
0.142500 
0.145696 
0.151685 
0.160396 
0.171758 
0.185700 
0.212684 
0.261091 
0.327731 
0.409414 
0.502950 
0.679837 
0.959343 
1.259936 
1.500083 
1.598250 
1.598250 
1.598250 
1.598250 
1.598250 
1.598250 
1.600067 
1.605284 
1.613553 
1.624525 
1.637850 
1.687788 
1.786068 
1.898544 
1.991070 
2.029500 
1.936817 
1.705251 
1.404527 
1.104368 
0.874500 
0.698391 
0.524681 
0.370850 
0.254380 
0.192750 
0.167362 
0.147477 
0.132367 
0.121301 
0.113550 
0.107436 
0.102018 
0.097678 
0.094795 
0.093750 
0.109740 
0.147870 
0.193380 
0.231510 
0.247500 
0.247500 
0.247500 
0.247500 
0.247500 
0.247500 
0.245876 
0.241399 
0.234659 
0.226246 
0.216750 
0.197660 
0.166369 
0.132323 
0.104968 
0.093750 
0.093750 
0.093750 
0.093750 
0.093750 
0.093750 
0.095544 
0.099822 
0.104928 
0.109206 
0.111000 
0.111000 
0.111000 
0.111000 
0.111000 
0.111000 
0.218593 
0.475162 
0.781388 
1.037957 
1.145550 
1.056282 
0.842268 
0.584193 
0.362742 
0.258600 
0.241600 
0.227948 
0.217892 
0.211677 
0.209550 
0.209670 
0.210017 
0.210574 
0.211324 
0.212250 
0.216795 
0.226175 
0.237034 
0.246011 
0.249750 
0.244056 
0.230478 
0.214272 
0.200694 
0.195000 
0.197761 
0.204346 
0.212204 
0.218789 
0.221550 
0.221550 
0.221550 
0.221550 
0.221550 
0.221550 
0.216823 
0.205552 
0.192098 
0.180827 
0.176100 
0.188556 
0.220979 
0.265954 
0.316066 
0.363900 
0.420158 
0.490358 
0.559309 
0.611820 
0.632700 
0.604096 
0.533281 
0.442748 
0.354989 
0.292500 
0.252144 
0.216109 
0.184878 
0.158932 
0.138750 
0.123124 
0.110063 
0.098875 
0.088868 
0.079350 
0.069149 
0.058568 
0.049127 
0.042348 
0.039750 
0.039966 
0.040531 
0.041318 
0.042200 
0.043050 
0.043938 
0.044962 
0.046038 
0.047078 
0.048000 
0.048908 
0.049867 
0.050733 
0.051359 
0.051600 
0.051413 
0.050966 
0.050434 
0.049987 
0.049800 
0.082637 
0.166210 
0.278109 
0.395926 
0.497250 
0.594706 
0.703296 
0.804184 
0.878531 
0.907500 
0.846629 
0.701474 
0.528226 
0.383071 
0.322200 
0.323216 
0.326040 
0.330336 
0.335768 
0.342000 
0.353447 
0.372208 
0.394469 
0.416421 
0.434250 
0.449737 
0.465703 
0.479895 
0.490061 
0.493950 
0.491052 
0.483169 
0.471515 
0.457304 
0.441750 
0.418393 
0.384134 
0.345235 
0.307953 
0.278550 
0.254119 
0.229669 
0.208328 
0.193229 
0.187500 
0.187500 
0.187500 
0.187500 
0.187500 
0.187500 
0.187500 
0.187500 
0.187500 
0.187500 
0.187500 
0.186898 
0.185430 
0.183603 
0.181924 
0.180900 
0.180492 
0.180245 
0.180036 
0.179745 
0.179250 
0.174163 
0.162952 
0.149784 
0.138828 
0.134250 
0.134250 
0.134250 
0.134250 
0.134250 
0.134250 
0.144546 
0.169098 
0.198402 
0.222954 
0.233250 
0.233250 
0.233250 
0.233250 
0.233250 
0.233250 
0.233250 
0.233250 
0.233250 
0.233250 
0.233250 
0.231869 
0.228171 
0.222823 
0.216494 
0.209850 
0.199883 
0.185630 
0.170825 
0.159204 
0.154500 
0.154500 
0.154500 
0.154500 
0.154500 
0.154500 
0.170490 
0.208620 
0.254130 
0.292260 
0.308250 
0.308250 
0.308250 
0.308250 
0.308250 
0.308250 
0.306704 
0.302382 
0.295758 
0.287306 
0.277500 
0.256851 
0.221513 
0.180418 
0.142502 
0.116700 
0.100072 
0.084669 
0.071910 
0.063214 
0.060000 
0.060000 
0.060000 
0.060000 
0.060000 
0.060000 
0.060000 
0.060000 
0.060000 
0.060000 
0.060000 
0.060858 
0.062904 
0.065346 
0.067392 
0.068250 
0.068250 
0.068250 
0.068250 
0.068250 
0.068250 
0.072181 
0.081556 
0.092744 
0.102119 
0.106050 
0.104178 
0.099714 
0.094386 
0.089922 
0.088050 
0.095866 
0.114503 
0.136747 
0.155384 
0.163200 
0.161515 
0.157498 
0.152702 
0.148685 
0.147000 
0.147000 
0.147000 
0.147000 
0.147000 
0.147000 
0.142343 
0.130653 
0.115352 
0.099860 
0.087600 
0.077399 
0.066818 
0.057377 
0.050598 
0.048000 
0.048000 
0.048000 
0.048000 
0.048000 
0.048000 
0.048000 
0.048000 
0.048000 
0.048000 
0.048000 
0.048000 
0.048000 
0.048000 
0.048000 
0.048000 
0.048000 
0.048000 
0.048000 
0.048000 
0.048000 
0.071975 
0.133215 
0.215693 
0.303380 
0.380250 
0.456777 
0.543646 
0.625146 
0.685568 
0.709200 
0.639577 
0.473554 
0.275396 
0.109373 
0.039750 
0.064230 
0.127285 
0.213335 
0.306800 
0.392100 
0.483671 
0.592091 
0.695989 
0.773998 
0.804750 
0.745938 
0.605694 
0.438306 
0.298062 
0.239250 
0.239250 
0.239250 
0.239250 
0.239250 
0.239250 
0.254255 
0.290415 
0.334448 
0.373071 
0.393000 
0.398718 
0.403451 
0.407035 
0.409306 
0.410100 
0.407217 
0.399488 
0.388295 
0.375022 
0.361050 
0.339902 
0.309517 
0.277900 
0.253059 
0.243000 
0.243000 
0.243000 
0.243000 
0.243000 
0.243000 
0.241809 
0.238670 
0.234236 
0.229162 
0.224100 
0.217509 
0.208789 
0.200005 
0.193220 
0.190500 
0.191604 
0.194532 
0.198708 
0.203556 
0.208500 
0.214065 
0.220876 
0.228504 
0.236521 
0.244500 
0.252618 
0.261183 
0.269965 
0.278731 
0.287250 
0.295062 
0.302324 
0.309730 
0.317974 
0.327750 
0.341212 
0.358424 
0.376946 
0.394335 
0.408150 
0.419805 
0.431378 
0.441430 
0.448517 
0.451200 
0.449027 
0.443313 
0.435266 
0.426092 
0.417000 
0.405349 
0.390075 
0.374746 
0.362931 
0.358200 
0.378414 
0.430764 
0.502812 
0.582120 
0.656250 
0.739693 
0.841210 
0.939765 
1.014323 
1.043850 
0.980655 
0.829450 
0.647802 
0.493279 
0.423450 
0.416967 
0.413094 
0.410318 
0.407124 
0.402000 
0.392509 
0.378592 
0.362294 
0.345664 
0.330750 
0.315638 
0.298945 
0.283506 
0.272162 
0.267750 
0.271797 
0.282022 
0.295548 
0.309499 
0.321000 
0.331268 
0.342281 
0.352299 
0.359585 
0.362400 
0.362327 
0.362108 
0.361745 
0.361242 
0.360600 
0.345762 
0.311407 
0.270640 
0.236569 
0.222300 
0.222602 
0.223333 
0.224228 
0.225022 
0.225450 
0.225598 
0.225722 
0.225817 
0.225878 
0.225900 
0.224524 
0.221017 
0.216308 
0.211326 
0.207000 
0.202768 
0.198009 
0.193566 
0.190282 
0.189000 
0.192329 
0.201148 
0.213702 
0.228237 
0.243000 
0.260430 
0.282365 
0.306144 
0.329109 
0.348600 
0.365583 
0.382118 
0.397180 
0.409748 
0.418800 
0.424768 
0.429285 
0.433128 
0.437074 
0.441900 
0.449008 
0.457969 
0.466811 
0.473562 
0.476250 
0.473464 
0.466643 
0.458096 
0.450129 
0.445050 
0.442249 
0.439713 
0.437648 
0.436259 
0.435750 
0.439069 
0.447357 
0.458110 
0.468826 
0.477000 
0.483380 
0.489818 
0.495465 
0.499475 
0.501000 
0.499830 
0.497040 
0.493710 
0.490920 
0.489750 
0.490093 
0.490912 
0.491888 
0.492707 
0.493050 
0.490926 
0.485645 
0.478847 
0.472169 
0.467250 
0.463642 
0.460089 
0.457020 
0.454864 
0.454050 
0.827982 
1.719666 
2.783934 
3.675618 
4.049550 
3.675197 
2.782508 
1.717042 
0.824353 
0.450000 
0.450125 
0.450422 
0.450778 
0.451075 
0.451200 
0.414818 
0.327180 
0.220548 
0.127184 
0.079350 
0.066070 
0.055104 
0.046818 
0.041578 
0.039750 
