0.000000 
0.000000 
0.000000 
0.000000 
0.000000 
0.000000 
0.000000 
0.000000 
0.000000 
0.000000 
0.000000 
0.000000 
0.000000 
0.000000 
0.000000 
0.000000 
0.000000 
0.000000 
0.000000 
0.000000 
0.000000 
0.000000 
0.000000 
0.000000 
0.000000 
0.000000 
0.000000 
0.000000 
0.000000 
0.000000 
0.000000 
0.000000 
0.000000 
0.000000 
0.000000 
0.000000 
0.000000 
0.000000 
0.000000 
0.000000 
0.000000 
0.000000 
0.000000 
0.000000 
0.000000 
0.000000 
0.000000 
0.000000 
0.000000 
0.000000 
0.000000 
0.000000 
0.000000 
0.000000 
0.000000 
0.000000 
0.000000 
0.000000 
0.000000 
0.000000 
0.000000 
0.000000 
0.000000 
0.000000 
0.000000 
0.000000 
0.000000 
0.000000 
0.000000 
0.000000 
0.000000 
0.000000 
0.000000 
0.000000 
0.000000 
0.000000 
0.000000 
0.000000 
0.000000 
0.000000 
0.000000 
0.000000 
0.000000 
0.000000 
0.000000 
0.000000 
0.000000 
0.000000 
0.000000 
0.000000 
0.000000 
0.000000 
0.000000 
0.000000 
0.000000 
0.000000 
0.000000 
0.000000 
0.000000 
0.000000 
0.000000 
0.000000 
0.000000 
0.000000 
0.000000 
0.000000 
0.000000 
0.000000 
0.000000 
0.000000 
0.000000 
0.000000 
0.000000 
0.000000 
0.000000 
0.000000 
0.000000 
0.000000 
0.000000 
0.000000 
0.000000 
0.000000 
0.000000 
0.000000 
0.000000 
0.000000 
0.000000 
0.000000 
0.000000 
0.000000 
0.000000 
0.000000 
0.000000 
0.000000 
0.000000 
0.000000 
0.000000 
0.000000 
0.000000 
0.000000 
0.000000 
0.000000 
0.000000 
0.000000 
0.000000 
0.000000 
0.000000 
0.000000 
0.000000 
0.000000 
0.000000 
0.000000 
0.000000 
0.000000 
0.000000 
0.000000 
0.000000 
0.000000 
0.000000 
0.000000 
0.000000 
0.000000 
0.000000 
0.000000 
0.000000 
0.000000 
0.000000 
0.000000 
0.000000 
0.000000 
0.000000 
0.000000 
0.000000 
0.000000 
0.000000 
0.000000 
0.000000 
0.000000 
0.000000 
0.000000 
0.000000 
0.000000 
0.000000 
0.000000 
0.000000 
0.000000 
0.000000 
0.000000 
0.000000 
0.000000 
0.000000 
0.000000 
0.000000 
0.000000 
0.000000 
0.000000 
0.000000 
0.000000 
0.000000 
0.000000 
0.000000 
0.000000 
0.000000 
0.000000 
0.000000 
0.000000 
0.000000 
0.000000 
0.000000 
0.000000 
0.000000 
0.000000 
0.000000 
0.000000 
0.000000 
0.000000 
0.000000 
0.000000 
0.000000 
0.000000 
0.000000 
0.000000 
0.000000 
0.000000 
0.000000 
0.000020 
0.000067 
0.000150 
0.000208 
0.000291 
0.000390 
0.000485 
0.000667 
0.000998 
0.001109 
0.001331 
0.001587 
0.002452 
0.002824 
0.003127 
0.004015 
0.003960 
0.005275 
0.006451 
0.006705 
0.007333 
0.007159 
0.009623 
0.008685 
0.011055 
0.009430 
0.010020 
0.009827 
0.010462 
0.010022 
0.010112 
0.011271 
0.009978 
0.008303 
0.010427 
0.009882 
0.009278 
0.010028 
0.009770 
0.008941 
0.009665 
0.010155 
0.012459 
0.009453 
0.012587 
0.014337 
0.017869 
0.015763 
0.016582 
0.017822 
0.018066 
0.017860 
0.021136 
0.019665 
0.016743 
0.024110 
0.024601 
0.021237 
0.021563 
0.018535 
0.023884 
0.022379 
0.017044 
0.022909 
0.027387 
0.025594 
0.025777 
0.028116 
0.027025 
0.025762 
0.025383 
0.028365 
0.025508 
0.030225 
0.025180 
0.036159 
0.030340 
0.030934 
0.032033 
0.037074 
0.032510 
0.025854 
0.030362 
0.034378 
0.029452 
0.038647 
0.042447 
0.029102 
0.039578 
0.038366 
0.038531 
0.041321 
0.042397 
0.040654 
0.041035 
0.042101 
0.045236 
0.038311 
0.040794 
0.041855 
0.049183 
0.038960 
0.046091 
0.061840 
0.070455 
0.059994 
0.071638 
0.090834 
0.080962 
0.098845 
0.099435 
0.085686 
0.107615 
0.102440 
0.096819 
0.118813 
0.100877 
0.098734 
0.081137 
0.087140 
0.064891 
0.080565 
0.094151 
0.099298 
0.101658 
0.113930 
0.115526 
0.100726 
0.104894 
0.126034 
0.111007 
0.141940 
0.129238 
0.139347 
0.126567 
0.139974 
0.151967 
0.179793 
0.197315 
0.212609 
0.199680 
0.171368 
0.215141 
0.222204 
0.194767 
0.273201 
0.259476 
0.286056 
0.329005 
0.320972 
0.315781 
0.323027 
0.284343 
0.288216 
0.214330 
0.190412 
0.289816 
0.228528 
0.225821 
0.254640 
0.273209 
0.270610 
0.284728 
0.257036 
0.269734 
0.290130 
0.286585 
0.240443 
0.274753 
0.223278 
0.219005 
0.213752 
0.245529 
0.255830 
0.255073 
0.257941 
0.254690 
0.328344 
0.298102 
0.325976 
0.322557 
0.313895 
0.292333 
0.292111 
0.278901 
0.300647 
0.255271 
0.279322 
0.277097 
0.258339 
0.236659 
0.249990 
0.290437 
0.255843 
0.314078 
0.354288 
0.337142 
0.306056 
0.400689 
0.434929 
0.431716 
0.382863 
0.388670 
0.357228 
0.398926 
0.347303 
0.370520 
0.444907 
0.444498 
0.461326 
0.522625 
0.416273 
0.475802 
0.503527 
0.483569 
0.575146 
0.507927 
0.527657 
0.449084 
0.432188 
0.486839 
0.504800 
0.500250 
0.574593 
0.481142 
0.598098 
0.573653 
0.534413 
0.501534 
0.537248 
0.505417 
0.559426 
0.647658 
0.655158 
0.672413 
0.562016 
0.587432 
0.469948 
0.506823 
0.488783 
0.485732 
0.302580 
0.329051 
0.201849 
0.199655 
0.212241 
0.275502 
0.381262 
0.476708 
0.515070 
0.597141 
0.599137 
0.479122 
0.698988 
0.560857 
0.604597 
0.535355 
0.534859 
0.623034 
0.486444 
0.549298 
0.595524 
0.649781 
0.544557 
0.720514 
0.509569 
0.610572 
0.547963 
0.571379 
0.547513 
0.512474 
0.581099 
0.664892 
0.529531 
0.607827 
0.656587 
0.547182 
0.460012 
0.525787 
0.440714 
0.322862 
0.566704 
0.535694 
0.653488 
0.696564 
0.530231 
0.627948 
0.474358 
0.426995 
0.290431 
0.205050 
0.200385 
0.139700 
0.129345 
0.102480 
0.127810 
0.170734 
0.329393 
0.368737 
0.432887 
0.523916 
0.500024 
0.668306 
0.685962 
0.605068 
0.704712 
0.753056 
0.703244 
0.651931 
0.552690 
0.645675 
0.647642 
0.702110 
0.773345 
0.698043 
0.768857 
0.613914 
0.640709 
0.718911 
0.580937 
0.758771 
0.752453 
0.778143 
0.563193 
0.704039 
0.615153 
0.752200 
0.599465 
0.726360 
0.853220 
0.792719 
0.805971 
0.736706 
0.676706 
0.665314 
0.664071 
0.775237 
0.738606 
0.739489 
0.753638 
0.747132 
0.870545 
0.849103 
0.788393 
0.729346 
0.699842 
0.726639 
0.829160 
0.818297 
0.694154 
0.844493 
0.691539 
0.646813 
0.736808 
0.845585 
0.794691 
0.868006 
0.827039 
0.803163 
0.763223 
0.934348 
0.748864 
0.673337 
0.776146 
0.693361 
0.686322 
0.830771 
0.752432 
0.990146 
0.958249 
0.765015 
0.777253 
0.730944 
0.552366 
0.495026 
0.517723 
0.541780 
0.599845 
0.578427 
0.576167 
0.511455 
0.661058 
0.791415 
0.871277 
0.846587 
0.838030 
0.999111 
0.827710 
0.913104 
0.831180 
0.652701 
0.800400 
0.681588 
0.607338 
0.528249 
0.540499 
0.395924 
0.368054 
0.463145 
0.329934 
0.420249 
0.546061 
0.763349 
0.859664 
0.912338 
0.889046 
0.843145 
1.031162 
0.827668 
0.807690 
0.839150 
0.725971 
0.513888 
0.533540 
0.583614 
0.503713 
0.646617 
0.852363 
0.933449 
0.857940 
0.960140 
0.974237 
0.870255 
0.805152 
0.790646 
0.755453 
0.950508 
0.840488 
0.725262 
0.825315 
0.794363 
0.926842 
0.841950 
0.945269 
1.036329 
0.885399 
0.758294 
0.888815 
0.628789 
0.718668 
0.478304 
0.419006 
0.301462 
0.262101 
0.153488 
0.201631 
0.168935 
0.184283 
0.190875 
0.199569 
0.232259 
0.353292 
0.532856 
0.666908 
0.683157 
0.724558 
0.817447 
0.710767 
1.012633 
0.896260 
0.999374 
0.941566 
0.964474 
0.920097 
1.032228 
0.835975 
0.823415 
1.019786 
0.838192 
1.076253 
1.010178 
0.977442 
0.992127 
0.986704 
0.934127 
0.927531 
1.108766 
0.707582 
0.815111 
0.930348 
0.847248 
0.664086 
0.524033 
0.346063 
0.242471 
0.234907 
0.289395 
0.327398 
0.349874 
0.357271 
0.416672 
0.522075 
0.467721 
0.484916 
0.607147 
0.585147 
0.479164 
0.335916 
0.367884 
0.283155 
0.322223 
0.371937 
0.526861 
0.473084 
0.679899 
0.539516 
0.849384 
0.763624 
0.760495 
0.714808 
0.755666 
0.650223 
0.566710 
0.444998 
0.384535 
0.367485 
0.376000 
0.408744 
0.393568 
0.378346 
0.414281 
0.335147 
0.380367 
0.382114 
0.363360 
0.350910 
0.389821 
0.397614 
0.394127 
0.458950 
0.519498 
0.485658 
0.519494 
0.438416 
0.571151 
0.679398 
0.706187 
0.836811 
0.803407 
0.921271 
0.914727 
0.793314 
0.886755 
0.812531 
0.839570 
0.829315 
0.585442 
0.504740 
0.440727 
0.389627 
0.296827 
0.344442 
0.348903 
0.237182 
0.270342 
0.269589 
0.319502 
0.398786 
0.490780 
0.578802 
0.691098 
0.848895 
0.943091 
1.020471 
1.128464 
1.089513 
0.926687 
1.057841 
0.985424 
0.976439 
0.864458 
0.902190 
0.925459 
0.944751 
0.933104 
0.886780 
0.947915 
0.863280 
0.768444 
0.909293 
0.962111 
0.802493 
0.833882 
0.958827 
0.971144 
0.843395 
0.850568 
1.063615 
0.879340 
1.055195 
0.830109 
1.028708 
0.824901 
0.961597 
0.950924 
0.862688 
0.884986 
0.838120 
0.678709 
0.940375 
0.907945 
0.920671 
0.820130 
0.670054 
0.640190 
0.592069 
0.709218 
0.826639 
0.808733 
0.905477 
0.790009 
0.865805 
0.772623 
1.000504 
0.773624 
0.982124 
0.988715 
0.913814 
0.771402 
0.801177 
0.815394 
0.918522 
0.680569 
0.860867 
0.899499 
0.817161 
0.870864 
0.782912 
0.655613 
0.594431 
0.726354 
0.648713 
0.557492 
0.554404 
0.540366 
0.552108 
0.628919 
0.749611 
0.854342 
0.764520 
0.923408 
0.785447 
0.825225 
0.781708 
0.769294 
0.905783 
0.837509 
0.670632 
0.785182 
0.765117 
0.784786 
0.775408 
0.867120 
0.828072 
0.885429 
0.868807 
0.792531 
0.814132 
0.773097 
0.707751 
0.674234 
0.621652 
0.631500 
0.514989 
0.500955 
0.616961 
0.598460 
0.478261 
0.565905 
0.568731 
0.534195 
0.591842 
0.576778 
0.597182 
0.798806 
0.642775 
0.780307 
0.532123 
0.639802 
0.571197 
0.591624 
0.534685 
0.461110 
0.302817 
0.249021 
0.235540 
0.211237 
0.233891 
0.242865 
0.154600 
0.187015 
0.204758 
0.202692 
0.213447 
0.184294 
0.194252 
0.217124 
0.264687 
0.226678 
0.292957 
0.222532 
0.337362 
0.379712 
0.322861 
0.434909 
0.468424 
0.403236 
0.572987 
0.794820 
0.607740 
0.637584 
0.725852 
0.684123 
0.620285 
0.505219 
0.524051 
0.408295 
0.477151 
0.417176 
0.433262 
0.349490 
0.402975 
0.416638 
0.344858 
0.377725 
0.274933 
0.411373 
0.415380 
0.434789 
0.437607 
0.546297 
0.528387 
0.561492 
0.535499 
0.726834 
0.625273 
0.604935 
0.621567 
0.665780 
0.579156 
0.646018 
0.535124 
0.427738 
0.415637 
0.420860 
0.374725 
0.418935 
0.415044 
0.284304 
0.402308 
0.332041 
0.344210 
0.400634 
0.453179 
0.429963 
0.367379 
0.395090 
0.470231 
0.576271 
0.476400 
0.460980 
0.453579 
0.506513 
0.497478 
0.435841 
0.477468 
0.499072 
0.354009 
0.299332 
0.281231 
0.369176 
0.329872 
0.393916 
0.357619 
0.419475 
0.396758 
0.342357 
0.293113 
0.257456 
0.234910 
0.223922 
0.209805 
0.228705 
0.275079 
0.248382 
0.245710 
0.260011 
0.271223 
0.265682 
0.300280 
0.264578 
0.272519 
0.204014 
0.182259 
0.256487 
0.224415 
0.181961 
0.189808 
0.183337 
0.205570 
0.205187 
0.157827 
0.172799 
0.148561 
0.140344 
0.122714 
0.106975 
0.126792 
0.118551 
0.100320 
0.109818 
0.104920 
0.099830 
0.088758 
0.093591 
0.088146 
0.074428 
0.074547 
0.077688 
0.081234 
0.084806 
0.074544 
0.098488 
0.076323 
0.089831 
0.091949 
0.098280 
0.109687 
0.106973 
0.090596 
0.094954 
0.099924 
0.104465 
0.111805 
0.098090 
0.121624 
0.116902 
0.123138 
0.129788 
0.114471 
0.107958 
0.125132 
0.131755 
0.145754 
0.151165 
0.139655 
0.118825 
0.154227 
0.140856 
0.141618 
0.162355 
0.179809 
0.147351 
0.153446 
0.143433 
0.149353 
0.160785 
0.144219 
0.185707 
0.159223 
0.187641 
0.181153 
0.209479 
0.176715 
0.200953 
0.227083 
0.239839 
0.308954 
0.269236 
0.287484 
0.262705 
0.319501 
0.313198 
0.380125 
0.257835 
0.260092 
0.253582 
0.195723 
0.170849 
0.142665 
0.153397 
0.131634 
0.112600 
0.156466 
0.151986 
0.111478 
0.127761 
0.102827 
0.086203 
0.092617 
0.080011 
0.070583 
0.068883 
0.067200 
0.063555 
0.059922 
0.057813 
0.053159 
0.048083 
0.057230 
0.049505 
0.059622 
0.073876 
0.082589 
0.073018 
0.051294 
0.059552 
0.057594 
0.064208 
0.059695 
0.062843 
0.051619 
0.056631 
0.059245 
0.062648 
0.056723 
0.058647 
0.063162 
0.065774 
0.070350 
0.065548 
0.073567 
0.051470 
0.066222 
0.057142 
0.056751 
0.045370 
0.043565 
0.047175 
0.038018 
0.041930 
0.036231 
0.035521 
0.032185 
0.031541 
0.035050 
0.029521 
0.028333 
0.027083 
0.030373 
0.027169 
0.027897 
0.031848 
0.031386 
0.030763 
0.022090 
0.019902 
0.024970 
0.019621 
0.021375 
0.020612 
0.018793 
0.016914 
0.015126 
0.015886 
0.012483 
0.012860 
0.013761 
0.014191 
0.011193 
0.011147 
0.011062 
0.009692 
0.008033 
0.007067 
0.007063 
0.006621 
0.006927 
0.005151 
0.005978 
0.006208 
0.005724 
0.005560 
0.005755 
0.005388 
0.004735 
0.004663 
0.007086 
0.005858 
0.006888 
0.007430 
0.005444 
0.005459 
0.005366 
0.004744 
0.005840 
0.005303 
0.004425 
0.003304 
0.003018 
0.002903 
0.002497 
0.002320 
0.002360 
0.002224 
0.002382 
0.001882 
0.002417 
0.001892 
0.002288 
0.002641 
0.002008 
0.002249 
0.002297 
0.002005 
0.001808 
0.002322 
0.001858 
0.001421 
0.001463 
0.001293 
0.001096 
0.000897 
0.000967 
0.000638 
0.000577 
0.000427 
0.000263 
0.000113 
0.000060 
0.000047 
0.000026 
0.000012 
0.000003 
0.000000 
0.000000 
0.000000 
0.000000 
0.000000 
0.000000 
0.000000 
0.000000 
0.000000 
0.000000 
0.000000 
0.000000 
0.000000 
0.000000 
0.000000 
0.000000 
0.000000 
0.000000 
0.000000 
0.000000 
0.000000 
0.000000 
0.000000 
0.000000 
0.000000 
0.000000 
0.000000 
0.000000 
0.000000 
0.000000 
0.000000 
0.000000 
0.000000 
0.000000 
0.000000 
0.000000 
0.000000 
0.000000 
0.000000 
0.000000 
0.000000 
0.000000 
0.000000 
0.000000 
0.000000 
0.000000 
0.000000 
0.000000 
0.000000 
0.000000 
0.000000 
0.000000 
0.000000 
0.000000 
0.000000 
0.000000 
0.000000 
0.000000 
0.000000 
0.000000 
0.000000 
0.000000 
0.000000 
0.000000 
0.000000 
0.000000 
0.000000 
0.000000 
0.000000 
0.000000 
0.000000 
0.000000 
0.000000 
0.000000 
0.000000 
0.000000 
0.000000 
0.000000 
0.000000 
0.000000 
0.000000 
0.000000 
0.000000 
0.000000 
0.000000 
0.000000 
0.000000 
0.000000 
0.000000 
0.000000 
0.000000 
0.000000 
0.000000 
0.000000 
0.000000 
0.000000 
0.000000 
0.000000 
0.000000 
0.000000 
0.000000 
0.000000 
0.000000 
0.000000 
0.000000 
0.000000 
0.000000 
0.000000 
0.000000 
0.000000 
0.000000 
0.000000 
0.000000 
0.000000 
0.000000 
0.000000 
0.000000 
0.000000 
0.000000 
0.000000 
0.000000 
0.000000 
0.000000 
0.000000 
0.000000 
0.000000 
0.000000 
0.000000 
0.000000 
0.000000 
0.000000 
0.000000 
0.000000 
0.000000 
0.000000 
0.000000 
0.000000 
0.000000 
0.000000 
0.000000 
0.000000 
0.000000 
0.000000 
0.000000 
0.000000 
0.000000 
0.000000 
0.000000 
0.000000 
0.000000 
0.000000 
0.000000 
0.000000 
0.000000 
0.000000 
0.000000 
0.000000 
0.000000 
0.000000 
0.000000 
0.000000 
0.000000 
0.000000 
0.000000 
0.000000 
0.000000 
0.000000 
0.000000 
0.000000 
0.000000 
0.000000 
0.000000 
0.000000 
0.000000 
0.000000 
0.000000 
0.000000 
0.000000 
0.000000 
0.000000 
0.000000 
0.000000 
0.000000 
0.000000 
0.000000 
0.000000 
0.000000 
0.000000 
0.000000 
0.000000 
0.000000 
