0.000000 
0.000000 
0.000000 
0.000000 
0.000000 
0.000000 
0.000000 
0.000000 
0.000000 
0.000000 
0.000000 
0.000000 
0.000000 
0.000000 
0.000000 
0.000000 
0.000000 
0.000000 
0.000000 
0.000000 
0.000000 
0.000000 
0.000000 
0.000000 
0.000000 
0.000000 
0.000000 
0.000000 
0.000000 
0.000000 
0.000000 
0.000000 
0.000000 
0.000000 
0.000000 
0.000000 
0.000000 
0.000000 
0.000000 
0.000000 
0.000000 
0.000000 
0.000000 
0.000000 
0.000000 
0.000000 
0.000000 
0.000000 
0.000000 
0.000000 
0.000000 
0.000000 
0.000000 
0.000000 
0.000000 
0.000000 
0.000000 
0.000000 
0.000000 
0.000000 
0.000000 
0.000000 
0.000000 
0.000000 
0.000000 
0.000000 
0.000000 
0.000000 
0.000000 
0.000000 
0.000000 
0.000000 
0.000000 
0.000000 
0.000000 
0.000000 
0.000000 
0.000000 
0.000000 
0.000000 
0.000000 
0.000000 
0.000000 
0.000000 
0.000000 
0.000000 
0.000000 
0.000000 
0.000000 
0.000000 
0.000000 
0.000000 
0.000000 
0.000000 
0.000000 
0.000000 
0.000000 
0.000000 
0.000000 
0.000000 
0.000000 
0.000000 
0.000000 
0.000000 
0.000000 
0.000000 
0.000000 
0.000000 
0.000000 
0.000000 
0.000000 
0.000000 
0.000000 
0.000000 
0.000000 
0.000000 
0.000000 
0.000000 
0.000000 
0.000000 
0.000000 
0.000000 
0.000000 
0.000000 
0.000000 
0.000000 
0.000000 
0.000000 
0.000000 
0.000000 
0.000000 
0.000000 
0.000000 
0.000000 
0.000000 
0.000000 
0.000000 
0.000000 
0.000000 
0.000000 
0.000000 
0.000000 
0.000000 
0.000000 
0.000000 
0.000000 
0.000000 
0.000000 
0.000000 
0.000000 
0.000000 
0.000000 
0.000000 
0.000000 
0.000000 
0.000000 
0.000000 
0.000000 
0.000000 
0.000000 
0.000000 
0.000000 
0.000000 
0.000000 
0.000000 
0.000000 
0.000000 
0.000000 
0.000000 
0.000000 
0.000000 
0.000000 
0.000000 
0.000000 
0.000000 
0.000000 
0.000000 
0.000000 
0.000000 
0.000000 
0.000000 
0.000000 
0.000000 
0.000000 
0.000000 
0.000000 
0.000000 
0.000000 
0.000000 
0.000000 
0.000000 
0.000000 
0.000000 
0.000000 
0.000000 
0.000000 
0.000000 
0.000000 
0.000000 
0.000000 
0.000000 
0.000000 
0.000000 
0.000000 
0.000000 
0.000000 
0.000000 
0.000000 
0.000000 
0.000000 
0.000000 
0.000000 
0.000000 
0.000000 
0.000000 
0.000000 
0.000000 
0.000000 
0.000000 
0.000000 
0.000000 
0.000000 
0.000000 
0.000000 
0.000000 
0.000032 
0.000123 
0.000274 
0.000429 
0.000504 
0.000775 
0.001158 
0.001608 
0.001861 
0.002034 
0.002788 
0.002871 
0.004883 
0.005420 
0.006980 
0.008906 
0.009583 
0.010540 
0.012046 
0.014544 
0.015587 
0.017765 
0.018002 
0.021331 
0.021454 
0.018138 
0.018263 
0.022860 
0.019227 
0.019344 
0.021106 
0.018836 
0.016695 
0.017212 
0.017866 
0.016845 
0.018100 
0.019094 
0.019012 
0.020695 
0.019039 
0.020890 
0.021084 
0.026089 
0.027368 
0.029591 
0.033018 
0.033937 
0.033565 
0.034814 
0.044806 
0.035546 
0.046852 
0.034347 
0.050568 
0.038983 
0.043503 
0.040840 
0.045155 
0.042710 
0.049700 
0.035342 
0.048115 
0.046336 
0.052081 
0.041846 
0.043357 
0.049217 
0.051994 
0.057086 
0.058965 
0.067566 
0.050888 
0.061902 
0.062990 
0.060020 
0.050820 
0.062254 
0.051686 
0.066468 
0.063911 
0.064450 
0.071457 
0.070196 
0.075913 
0.065792 
0.068792 
0.073182 
0.073492 
0.072975 
0.088992 
0.083351 
0.080757 
0.081750 
0.089348 
0.093215 
0.084903 
0.076174 
0.084166 
0.081858 
0.096704 
0.097778 
0.123402 
0.134337 
0.120531 
0.147484 
0.169471 
0.158317 
0.199195 
0.173466 
0.195221 
0.189210 
0.179281 
0.216210 
0.225306 
0.230736 
0.221653 
0.162512 
0.172792 
0.186338 
0.184924 
0.189029 
0.188243 
0.228710 
0.219537 
0.237197 
0.203992 
0.239557 
0.214114 
0.196775 
0.254120 
0.212921 
0.254661 
0.227310 
0.278164 
0.258655 
0.298328 
0.291114 
0.316194 
0.456494 
0.430469 
0.379384 
0.405420 
0.479658 
0.488343 
0.449192 
0.510265 
0.553376 
0.625941 
0.730779 
0.703825 
0.485663 
0.571838 
0.607469 
0.531133 
0.337156 
0.385771 
0.525514 
0.518069 
0.590497 
0.549677 
0.615334 
0.525415 
0.556648 
0.560532 
0.546732 
0.508713 
0.400732 
0.394987 
0.471457 
0.473385 
0.484226 
0.376979 
0.524134 
0.487557 
0.528970 
0.542348 
0.572253 
0.645575 
0.593351 
0.605505 
0.653877 
0.625806 
0.594061 
0.620722 
0.661243 
0.558891 
0.500499 
0.460453 
0.487688 
0.432607 
0.437699 
0.550010 
0.658884 
0.690201 
0.578632 
0.765168 
0.756000 
0.869812 
0.656591 
0.658156 
0.783740 
0.682703 
0.829779 
0.676378 
0.810295 
0.676524 
0.774171 
0.909321 
0.876993 
0.969932 
0.946365 
0.844967 
0.953390 
1.161641 
1.058528 
1.030102 
0.992083 
0.824475 
1.063904 
0.750613 
1.023134 
1.297575 
1.120968 
1.045287 
1.120692 
1.068585 
1.144866 
1.159429 
1.031811 
0.882624 
1.248444 
1.196967 
1.047748 
1.173927 
1.178668 
1.179530 
1.082223 
1.200476 
0.910972 
0.878177 
0.592473 
0.498809 
0.417132 
0.438742 
0.476082 
0.714650 
0.756460 
0.984644 
0.988342 
0.931867 
0.959335 
1.029950 
1.105868 
1.190050 
1.072486 
1.292896 
1.093044 
1.122374 
1.224561 
1.289771 
1.118406 
1.226013 
1.015257 
1.171956 
1.129246 
0.926598 
1.048035 
1.286298 
1.097588 
1.187352 
1.123411 
0.954302 
1.289804 
1.467663 
0.929007 
1.242175 
0.814243 
1.112006 
0.899811 
0.977077 
1.083078 
1.074030 
1.105175 
1.300526 
1.226455 
1.099344 
0.812351 
0.643294 
0.628174 
0.498179 
0.355021 
0.363288 
0.250711 
0.240159 
0.267902 
0.355392 
0.563813 
0.863822 
0.931391 
1.047301 
1.117133 
1.121441 
1.360693 
1.212928 
0.933993 
1.690541 
1.305345 
1.362520 
1.439133 
1.265968 
1.321247 
1.535603 
1.418071 
1.200846 
1.365413 
1.032913 
1.364247 
1.518279 
1.364404 
1.380201 
1.269408 
1.377577 
1.415475 
1.296260 
1.311000 
1.549913 
1.210918 
1.328609 
1.454864 
1.498631 
1.257763 
1.641718 
1.573937 
1.273644 
1.508277 
1.509725 
1.528998 
1.579403 
1.334765 
1.237546 
1.434820 
1.596660 
1.386625 
1.517445 
1.668061 
1.747839 
1.276523 
1.757260 
1.612871 
1.380230 
1.894594 
1.681907 
1.347349 
1.653294 
1.623323 
1.667645 
1.422805 
1.769484 
1.579745 
1.802381 
1.388193 
1.786635 
1.514942 
1.581915 
1.333306 
1.734264 
1.766771 
1.536326 
1.634148 
1.489909 
1.643611 
1.416460 
1.249511 
0.900703 
1.070466 
1.104444 
1.051135 
1.212120 
1.415101 
1.337823 
1.467404 
1.539500 
1.935271 
1.847950 
1.632390 
1.473468 
1.557168 
1.629833 
1.428298 
1.681684 
1.233059 
1.378788 
1.220043 
0.977607 
1.076887 
0.913999 
0.725097 
0.823333 
0.769181 
0.758507 
1.134941 
1.382854 
1.567206 
1.693500 
1.614571 
1.818155 
1.826928 
1.915056 
1.651637 
1.718848 
1.688864 
1.319441 
1.140863 
1.124467 
1.087522 
1.262763 
1.483561 
2.033993 
1.753976 
1.961374 
1.998337 
2.040623 
1.860820 
2.069204 
1.719438 
1.583006 
1.544396 
1.660469 
1.408324 
1.353652 
1.510438 
1.859031 
1.752468 
1.754940 
1.709805 
1.459552 
1.864640 
1.493148 
1.301407 
1.079807 
0.839792 
0.569944 
0.423437 
0.406018 
0.357080 
0.372522 
0.353048 
0.360827 
0.362862 
0.460526 
0.644526 
1.107221 
1.353197 
1.487649 
1.505532 
2.124365 
1.795128 
1.743136 
1.677611 
1.686803 
1.894242 
2.231593 
1.692062 
1.837360 
1.870276 
2.012275 
1.589227 
2.098561 
1.795477 
2.085140 
1.838899 
1.970488 
1.881604 
1.678051 
1.967747 
1.778551 
1.664620 
1.963324 
1.565729 
1.352125 
1.254882 
0.886187 
0.580640 
0.477909 
0.462138 
0.622028 
0.605985 
0.740558 
0.889247 
1.047720 
0.974747 
1.039429 
0.938702 
1.245300 
1.015051 
0.922327 
0.758977 
0.746796 
0.626183 
0.775904 
0.853683 
1.050004 
1.069000 
1.170786 
1.376342 
1.438059 
1.817714 
1.429858 
1.869804 
1.568908 
0.977801 
0.988542 
0.788809 
0.763482 
0.738178 
0.945160 
0.871661 
0.805579 
0.733206 
0.921974 
0.849407 
0.514778 
0.806060 
0.682612 
0.743372 
0.677245 
0.754345 
0.857594 
0.851711 
1.052833 
1.186548 
1.157334 
1.130868 
0.939283 
1.208349 
1.567696 
1.485942 
1.736128 
1.578746 
1.790443 
1.780642 
1.545013 
1.679988 
1.780246 
1.368482 
1.302736 
1.214831 
0.728901 
0.673157 
0.602421 
0.585016 
0.576154 
0.452877 
0.432083 
0.714707 
0.623330 
0.749124 
0.888899 
1.138481 
1.224674 
1.723754 
1.707096 
1.854153 
1.854184 
2.010657 
2.059620 
1.791659 
1.947465 
1.713886 
1.975769 
1.823543 
1.808356 
2.200848 
1.841073 
2.058057 
1.897414 
1.777555 
1.648577 
1.737075 
1.576523 
2.119699 
1.615015 
1.762088 
1.824059 
1.775689 
1.799065 
1.882205 
1.928431 
1.864982 
1.723301 
1.937894 
2.101300 
1.740112 
1.735995 
1.998519 
1.760806 
1.809411 
1.784636 
1.729722 
1.670137 
1.263787 
1.424666 
1.363410 
1.184023 
1.340908 
1.599219 
1.737899 
1.581965 
1.548680 
1.533117 
1.771790 
1.820001 
1.677375 
2.201820 
2.078004 
1.382482 
1.541869 
1.889835 
1.527211 
1.671914 
1.829444 
1.666055 
1.792429 
1.707650 
2.025764 
1.559826 
1.411676 
1.625328 
1.293354 
1.180080 
1.339485 
1.081357 
0.929839 
1.064576 
1.031667 
1.420438 
1.343976 
1.828034 
1.758759 
1.617426 
1.726319 
1.958106 
1.615121 
1.869854 
1.846471 
1.616851 
1.580055 
1.498285 
1.347201 
1.619902 
1.325802 
1.555524 
1.426455 
1.793855 
1.764716 
1.552014 
1.572075 
1.325953 
1.254511 
1.213584 
1.223426 
1.262293 
1.215519 
1.271029 
1.108472 
1.224660 
1.238512 
1.018811 
1.131901 
1.014129 
1.170107 
1.073991 
1.496109 
1.316981 
1.369410 
1.256087 
1.241114 
1.383406 
1.252452 
1.089394 
0.967623 
0.745174 
0.653027 
0.496103 
0.435375 
0.427433 
0.465333 
0.420349 
0.451824 
0.439076 
0.379868 
0.363882 
0.400942 
0.396510 
0.406480 
0.433338 
0.361457 
0.495831 
0.460434 
0.505981 
0.710062 
0.743198 
0.830469 
0.708031 
0.889648 
1.243865 
1.334164 
1.230180 
1.199937 
1.209010 
1.226764 
1.193844 
1.029354 
1.078710 
1.152146 
1.122356 
0.917625 
0.785474 
0.746692 
0.596057 
0.706413 
0.851430 
0.706243 
0.589824 
0.792395 
0.670085 
0.643974 
0.667352 
0.992818 
1.011071 
1.195245 
1.284656 
1.469070 
1.332811 
1.351290 
1.381071 
1.422146 
1.182326 
1.081703 
1.170697 
1.070908 
1.159830 
0.872881 
0.798770 
0.812781 
0.817913 
0.765904 
0.808101 
0.763953 
0.696818 
0.840680 
0.842865 
0.665422 
0.775741 
0.897262 
0.861551 
0.985994 
0.889407 
1.001776 
1.027556 
1.076144 
0.909487 
0.997621 
0.959942 
0.907924 
0.938376 
0.828699 
0.687471 
0.635927 
0.718124 
0.710726 
0.803494 
0.934421 
0.987428 
0.894100 
0.653723 
0.578313 
0.520157 
0.527972 
0.461102 
0.383599 
0.584183 
0.466025 
0.579664 
0.560632 
0.509745 
0.553095 
0.487019 
0.512926 
0.601807 
0.514351 
0.510472 
0.446768 
0.466896 
0.484525 
0.371668 
0.403404 
0.361877 
0.354605 
0.358115 
0.305510 
0.292194 
0.287170 
0.339728 
0.244641 
0.241411 
0.213716 
0.229514 
0.195776 
0.194422 
0.191326 
0.180502 
0.155099 
0.164164 
0.179735 
0.144595 
0.174998 
0.168613 
0.155668 
0.197100 
0.174853 
0.192426 
0.164558 
0.175352 
0.165527 
0.190484 
0.176134 
0.180255 
0.194504 
0.201781 
0.180583 
0.174312 
0.215220 
0.209031 
0.198612 
0.189540 
0.246331 
0.301836 
0.243101 
0.232685 
0.270434 
0.266629 
0.265548 
0.303964 
0.271082 
0.310220 
0.302140 
0.312204 
0.295145 
0.330550 
0.285850 
0.350138 
0.244982 
0.322292 
0.282932 
0.313864 
0.345365 
0.397111 
0.332774 
0.392608 
0.416092 
0.378169 
0.400878 
0.443597 
0.476688 
0.550107 
0.485024 
0.666951 
0.599480 
0.675564 
0.759176 
0.683538 
0.662112 
0.521447 
0.512159 
0.492878 
0.383582 
0.295424 
0.261057 
0.284026 
0.333281 
0.356591 
0.272103 
0.265818 
0.262460 
0.261784 
0.211172 
0.219347 
0.158110 
0.149018 
0.144113 
0.121464 
0.127564 
0.121750 
0.134859 
0.100268 
0.117070 
0.110687 
0.118897 
0.113283 
0.104204 
0.135150 
0.119650 
0.153305 
0.124861 
0.144763 
0.115611 
0.107982 
0.113965 
0.098908 
0.137919 
0.118524 
0.117134 
0.115052 
0.121950 
0.143242 
0.155605 
0.114891 
0.139722 
0.146110 
0.136434 
0.141147 
0.127974 
0.111560 
0.113153 
0.090987 
0.105035 
0.095767 
0.084378 
0.076635 
0.064100 
0.059919 
0.052642 
0.063378 
0.073902 
0.070530 
0.047362 
0.057072 
0.059569 
0.050342 
0.046732 
0.055432 
0.056851 
0.056238 
0.046421 
0.048177 
0.039745 
0.045130 
0.045867 
0.036711 
0.034017 
0.035256 
0.032731 
0.030878 
0.029526 
0.031643 
0.024282 
0.022693 
0.022612 
0.020950 
0.018176 
0.018715 
0.018036 
0.014250 
0.012685 
0.014556 
0.013382 
0.012462 
0.013572 
0.012180 
0.014124 
0.010385 
0.012291 
0.011883 
0.011017 
0.013197 
0.014624 
0.014302 
0.011626 
0.011954 
0.012926 
0.011836 
0.012119 
0.011457 
0.010137 
0.008879 
0.008850 
0.006066 
0.005838 
0.005686 
0.004768 
0.004905 
0.005108 
0.004138 
0.005220 
0.004856 
0.004263 
0.004278 
0.004517 
0.003665 
0.004098 
0.004547 
0.003429 
0.003819 
0.003611 
0.003092 
0.002870 
0.003355 
0.002969 
0.002309 
0.002179 
0.001905 
0.001833 
0.001339 
0.001317 
0.000757 
0.000569 
0.000257 
0.000139 
0.000081 
0.000052 
0.000026 
0.000006 
0.000000 
0.000000 
0.000000 
0.000000 
0.000000 
0.000000 
0.000000 
0.000000 
0.000000 
0.000000 
0.000000 
0.000000 
0.000000 
0.000000 
0.000000 
0.000000 
0.000000 
0.000000 
0.000000 
0.000000 
0.000000 
0.000000 
0.000000 
0.000000 
0.000000 
0.000000 
0.000000 
0.000000 
0.000000 
0.000000 
0.000000 
0.000000 
0.000000 
0.000000 
0.000000 
0.000000 
0.000000 
0.000000 
0.000000 
0.000000 
0.000000 
0.000000 
0.000000 
0.000000 
0.000000 
0.000000 
0.000000 
0.000000 
0.000000 
0.000000 
0.000000 
0.000000 
0.000000 
0.000000 
0.000000 
0.000000 
0.000000 
0.000000 
0.000000 
0.000000 
0.000000 
0.000000 
0.000000 
0.000000 
0.000000 
0.000000 
0.000000 
0.000000 
0.000000 
0.000000 
0.000000 
0.000000 
0.000000 
0.000000 
0.000000 
0.000000 
0.000000 
0.000000 
0.000000 
0.000000 
0.000000 
0.000000 
0.000000 
0.000000 
0.000000 
0.000000 
0.000000 
0.000000 
0.000000 
0.000000 
0.000000 
0.000000 
0.000000 
0.000000 
0.000000 
0.000000 
0.000000 
0.000000 
0.000000 
0.000000 
0.000000 
0.000000 
0.000000 
0.000000 
0.000000 
0.000000 
0.000000 
0.000000 
0.000000 
0.000000 
0.000000 
0.000000 
0.000000 
0.000000 
0.000000 
0.000000 
0.000000 
0.000000 
0.000000 
0.000000 
0.000000 
0.000000 
0.000000 
0.000000 
0.000000 
0.000000 
0.000000 
0.000000 
0.000000 
0.000000 
0.000000 
0.000000 
0.000000 
0.000000 
0.000000 
0.000000 
0.000000 
0.000000 
0.000000 
0.000000 
0.000000 
0.000000 
0.000000 
0.000000 
0.000000 
0.000000 
0.000000 
0.000000 
0.000000 
0.000000 
0.000000 
0.000000 
0.000000 
0.000000 
0.000000 
0.000000 
0.000000 
0.000000 
0.000000 
0.000000 
0.000000 
0.000000 
0.000000 
0.000000 
0.000000 
0.000000 
0.000000 
0.000000 
0.000000 
0.000000 
0.000000 
0.000000 
0.000000 
0.000000 
0.000000 
0.000000 
0.000000 
0.000000 
0.000000 
0.000000 
0.000000 
0.000000 
0.000000 
0.000000 
0.000000 
0.000000 
0.000000 
0.000000 
0.000000 
0.000000 
0.000000 
