0.000000 
0.000000 
0.000000 
0.000000 
0.000000 
0.000000 
0.000000 
0.000000 
0.000000 
0.000000 
0.000000 
0.000000 
0.000000 
0.000000 
0.000000 
0.000000 
0.000000 
0.000000 
0.000000 
0.000000 
0.000000 
0.000000 
0.000000 
0.000000 
0.000000 
0.000000 
0.000000 
0.000000 
0.000000 
0.000000 
0.000000 
0.000000 
0.000000 
0.000000 
0.000000 
0.000000 
0.000000 
0.000000 
0.000000 
0.000000 
0.000000 
0.000000 
0.000000 
0.000000 
0.000000 
0.000000 
0.000000 
0.000000 
0.000000 
0.000000 
0.000000 
0.000000 
0.000000 
0.000000 
0.000000 
0.000000 
0.000000 
0.000000 
0.000000 
0.000000 
0.000000 
0.000000 
0.000000 
0.000000 
0.000000 
0.000000 
0.000000 
0.000000 
0.000000 
0.000000 
0.000000 
0.000000 
0.000000 
0.000000 
0.000000 
0.000000 
0.000000 
0.000000 
0.000000 
0.000000 
0.000000 
0.000000 
0.000000 
0.000000 
0.000000 
0.000000 
0.000000 
0.000000 
0.000000 
0.000000 
0.000000 
0.000000 
0.000000 
0.000000 
0.000000 
0.000000 
0.000000 
0.000000 
0.000000 
0.000000 
0.000000 
0.000000 
0.000000 
0.000000 
0.000000 
0.000000 
0.000000 
0.000000 
0.000000 
0.000000 
0.000000 
0.000000 
0.000000 
0.000000 
0.000000 
0.000000 
0.000000 
0.000000 
0.000000 
0.000000 
0.000000 
0.000000 
0.000000 
0.000000 
0.000000 
0.000000 
0.000000 
0.000000 
0.000000 
0.000000 
0.000000 
0.000000 
0.000000 
0.000000 
0.000000 
0.000000 
0.000000 
0.000000 
0.000000 
0.000000 
0.000000 
0.000000 
0.000000 
0.000000 
0.000000 
0.000000 
0.000000 
0.000000 
0.000000 
0.000000 
0.000000 
0.000000 
0.000000 
0.000000 
0.000000 
0.000000 
0.000000 
0.000000 
0.000000 
0.000000 
0.000000 
0.000000 
0.000000 
0.000000 
0.000000 
0.000000 
0.000000 
0.000000 
0.000000 
0.000000 
0.000000 
0.000000 
0.000000 
0.000000 
0.000000 
0.000000 
0.000000 
0.000000 
0.000000 
0.000000 
0.000000 
0.000000 
0.000000 
0.000000 
0.000000 
0.000000 
0.000000 
0.000000 
0.000000 
0.000000 
0.000000 
0.000000 
0.000000 
0.000000 
0.000000 
0.000000 
0.000000 
0.000000 
0.000000 
0.000000 
0.000000 
0.000000 
0.000000 
0.000000 
0.000000 
0.000000 
0.000000 
0.000000 
0.000000 
0.000000 
0.000000 
0.000000 
0.000000 
0.000000 
0.000000 
0.000000 
0.000000 
0.000000 
0.000000 
0.000000 
0.000000 
0.000000 
0.000000 
0.000000 
0.000000 
0.000027 
0.000098 
0.000214 
0.000299 
0.000445 
0.000775 
0.000811 
0.001157 
0.002152 
0.001790 
0.002356 
0.003376 
0.004224 
0.004462 
0.004601 
0.007180 
0.009211 
0.011207 
0.010545 
0.010864 
0.011714 
0.013490 
0.015106 
0.019862 
0.019004 
0.017901 
0.020244 
0.018059 
0.017219 
0.016977 
0.017435 
0.016544 
0.018055 
0.016479 
0.017810 
0.017923 
0.018468 
0.013863 
0.015872 
0.019175 
0.020900 
0.019875 
0.018846 
0.024795 
0.023796 
0.024106 
0.021728 
0.028229 
0.035758 
0.033269 
0.029899 
0.033782 
0.042542 
0.038982 
0.037524 
0.042152 
0.037601 
0.040475 
0.044888 
0.038822 
0.046206 
0.039211 
0.047751 
0.037945 
0.040190 
0.040629 
0.042815 
0.051469 
0.042443 
0.050631 
0.053451 
0.045493 
0.062097 
0.053154 
0.045211 
0.054832 
0.053046 
0.061340 
0.055008 
0.061839 
0.060640 
0.057554 
0.060526 
0.056820 
0.058933 
0.057795 
0.061744 
0.071027 
0.047890 
0.072607 
0.074510 
0.057065 
0.070510 
0.071160 
0.063693 
0.066576 
0.072905 
0.098295 
0.085878 
0.096649 
0.088048 
0.090660 
0.105154 
0.086426 
0.096387 
0.119277 
0.115313 
0.141260 
0.130107 
0.193691 
0.156861 
0.163245 
0.209231 
0.215614 
0.212691 
0.173002 
0.183214 
0.157998 
0.157898 
0.181454 
0.178003 
0.148761 
0.158821 
0.186977 
0.161426 
0.197600 
0.196796 
0.220764 
0.205818 
0.216095 
0.254325 
0.256035 
0.214335 
0.185431 
0.247870 
0.262298 
0.227287 
0.277464 
0.337697 
0.338639 
0.356577 
0.339104 
0.345111 
0.395192 
0.394836 
0.373341 
0.413554 
0.505784 
0.644079 
0.637442 
0.554889 
0.444717 
0.542371 
0.455943 
0.475381 
0.506849 
0.420833 
0.423432 
0.494518 
0.471349 
0.445518 
0.487528 
0.442877 
0.468121 
0.397618 
0.455530 
0.407005 
0.411826 
0.436230 
0.324982 
0.364840 
0.407263 
0.384024 
0.336908 
0.451820 
0.368435 
0.556817 
0.502515 
0.467135 
0.577007 
0.535502 
0.722403 
0.560838 
0.659427 
0.471785 
0.578616 
0.494590 
0.484002 
0.448513 
0.418768 
0.402786 
0.541758 
0.486895 
0.553735 
0.465737 
0.665422 
0.565240 
0.642782 
0.636381 
0.708215 
0.671768 
0.595219 
0.501802 
0.657958 
0.645192 
0.596373 
0.629997 
0.849742 
0.665905 
0.832388 
0.758934 
0.786433 
0.893075 
0.773860 
0.978316 
0.925045 
0.903824 
0.865122 
0.862242 
0.927439 
0.781965 
0.861261 
0.871444 
0.864364 
0.707222 
1.055462 
1.170143 
0.914059 
0.992242 
1.007960 
0.795077 
1.117284 
1.025672 
1.129818 
0.938584 
1.106920 
0.959814 
1.080523 
0.925148 
0.849396 
0.951280 
0.660093 
0.450211 
0.287043 
0.359153 
0.390028 
0.552717 
0.608513 
0.855080 
0.872278 
0.943228 
1.022768 
0.885451 
0.880270 
0.939494 
0.792695 
0.927597 
0.907072 
1.186980 
0.842621 
1.087264 
0.805658 
0.936738 
0.762363 
1.093988 
0.838988 
0.928493 
1.158782 
1.135337 
0.893479 
0.991404 
0.900081 
1.011289 
0.932654 
1.176885 
1.061917 
1.098472 
1.035493 
0.882669 
0.737234 
0.931706 
0.929507 
0.879725 
0.958795 
1.092390 
1.161131 
0.929561 
0.801318 
0.588584 
0.479610 
0.422872 
0.346284 
0.277992 
0.175936 
0.150788 
0.257560 
0.276070 
0.391219 
0.642502 
0.712783 
0.943255 
0.993846 
1.030347 
1.134402 
1.183049 
1.018334 
1.257554 
1.159838 
1.139629 
1.049903 
1.267356 
1.401450 
1.192665 
0.966555 
1.445314 
1.308428 
1.132310 
1.289543 
1.073884 
1.301777 
1.151645 
0.998606 
1.086869 
1.378323 
0.991242 
1.287580 
1.401787 
1.190582 
1.296247 
1.338936 
1.229366 
1.194759 
1.218449 
1.131046 
1.446860 
1.293435 
1.067122 
1.236822 
1.181445 
1.418107 
1.320335 
1.220899 
1.259450 
1.051406 
1.281446 
1.202239 
1.604567 
1.234613 
1.246825 
1.518964 
1.373414 
1.234819 
1.515282 
1.258159 
1.379401 
1.485727 
1.451854 
1.557702 
1.668102 
1.381640 
1.350746 
1.419621 
1.391482 
1.199496 
1.675242 
1.340782 
1.370977 
1.329112 
1.554454 
1.316768 
1.598320 
1.402865 
0.877548 
0.940083 
0.810550 
0.880914 
0.862690 
0.885360 
0.944871 
1.084215 
0.995073 
1.264545 
1.404838 
1.589377 
1.676302 
1.711001 
1.541074 
1.450032 
1.615592 
1.517013 
1.407423 
1.535793 
1.165301 
1.129388 
0.906939 
0.789035 
0.989455 
0.738335 
0.814137 
0.722174 
0.944596 
0.955611 
1.315931 
1.480797 
1.453101 
1.520026 
1.254788 
1.352749 
1.496330 
1.315716 
1.409406 
1.326711 
0.959360 
0.868950 
0.983249 
1.046160 
1.281872 
1.236777 
1.401156 
1.654725 
1.338805 
1.581252 
1.346942 
1.307140 
1.518275 
1.551760 
1.355096 
1.236922 
1.320249 
1.346525 
1.685359 
1.302347 
1.894235 
1.676534 
1.592584 
1.448483 
1.630698 
1.582332 
1.438598 
1.065790 
1.027416 
0.849486 
0.522441 
0.411331 
0.273587 
0.323263 
0.239961 
0.321982 
0.278048 
0.347946 
0.404648 
0.611993 
0.891352 
1.330449 
1.201856 
1.496425 
1.693989 
1.506519 
1.735451 
1.449280 
1.651462 
1.551991 
1.608748 
1.464693 
1.702393 
1.611177 
1.501490 
1.668154 
1.256988 
1.667305 
1.946307 
1.626785 
1.448075 
1.444917 
1.664356 
1.457602 
1.584308 
1.448544 
1.643530 
1.538231 
1.309478 
0.977833 
0.886921 
0.512304 
0.403715 
0.423613 
0.536246 
0.567772 
0.688484 
0.747180 
0.733135 
0.856208 
0.778323 
0.931309 
1.015126 
0.871703 
0.839021 
0.707132 
0.530410 
0.525676 
0.577840 
0.737233 
0.750876 
1.020357 
1.173989 
1.187006 
1.155967 
1.467249 
1.235529 
1.280603 
1.176598 
1.184090 
0.819133 
0.708998 
0.533242 
0.728434 
0.670206 
0.587584 
0.727717 
0.709456 
0.710915 
0.677710 
0.613499 
0.527896 
0.512628 
0.596500 
0.609589 
0.709580 
0.891056 
0.780915 
0.945635 
0.808015 
0.859010 
0.943967 
1.260893 
1.014480 
1.356924 
1.272044 
1.840065 
1.444049 
1.696467 
1.545723 
1.740820 
1.413253 
1.429653 
1.391554 
1.007609 
0.872126 
0.546947 
0.578643 
0.579300 
0.455041 
0.490464 
0.398906 
0.504501 
0.463683 
0.592799 
0.747538 
0.779947 
0.861301 
1.111426 
1.305845 
1.502298 
1.915738 
1.984663 
1.853096 
1.609554 
1.726432 
1.549464 
1.495023 
1.391354 
1.226682 
1.813926 
1.616570 
1.356351 
1.200982 
1.553482 
1.998724 
1.594172 
1.645580 
1.268641 
1.774295 
1.623572 
1.384468 
1.490474 
1.364170 
1.690630 
1.509481 
1.730014 
1.622144 
1.657586 
1.649208 
1.492508 
1.410996 
1.800137 
1.497195 
1.377462 
1.671029 
1.546615 
1.184607 
1.428946 
1.312802 
1.345037 
1.167141 
1.190921 
1.357137 
1.205976 
1.420587 
1.731439 
1.841713 
1.517394 
1.642948 
1.469740 
1.221561 
1.461123 
1.782708 
1.539044 
1.219943 
1.412760 
1.506605 
1.189329 
1.256898 
1.316721 
1.475673 
1.642665 
1.520812 
1.321538 
1.372578 
1.156174 
0.978815 
1.245363 
1.118378 
0.905176 
0.895453 
1.039805 
0.908469 
1.152208 
1.432379 
1.619448 
1.385259 
1.652597 
1.452604 
1.323558 
1.337433 
1.347149 
1.467031 
1.304038 
1.375848 
1.217183 
1.438708 
1.317688 
1.564626 
1.507118 
1.521098 
1.491184 
1.596607 
1.438456 
1.265520 
1.141065 
1.112914 
1.338744 
0.905997 
1.092267 
1.064345 
0.956700 
0.927502 
0.977469 
1.039028 
1.005132 
1.020618 
1.060208 
1.250210 
1.033955 
0.949511 
1.051400 
1.160594 
1.171891 
1.160109 
1.108267 
1.170815 
0.967915 
0.876519 
0.773034 
0.555049 
0.305966 
0.442381 
0.311420 
0.378933 
0.384252 
0.372966 
0.285902 
0.394870 
0.426634 
0.339399 
0.400271 
0.356834 
0.360589 
0.398532 
0.418883 
0.421066 
0.467230 
0.457120 
0.586066 
0.663510 
0.839691 
0.992251 
0.948627 
1.006992 
1.154470 
1.242337 
1.113465 
1.262853 
1.089723 
0.909629 
0.964525 
0.967523 
0.978590 
0.802911 
0.652721 
0.686845 
0.736139 
0.496829 
0.751587 
0.572104 
0.509042 
0.539799 
0.618172 
0.793707 
0.817312 
0.673438 
0.796227 
0.942325 
0.965350 
1.201972 
1.082489 
1.196136 
1.275500 
1.286216 
1.047064 
1.053115 
1.018361 
0.763910 
0.837229 
0.754564 
0.698233 
0.597232 
0.685990 
0.707317 
0.759758 
0.693660 
0.556888 
0.659225 
0.772139 
0.769629 
0.870576 
0.757823 
0.798546 
0.813272 
0.795576 
0.922968 
0.984553 
0.839524 
0.776326 
0.847806 
0.950973 
0.749254 
0.625455 
0.542044 
0.548580 
0.461974 
0.551776 
0.564627 
0.746292 
0.839541 
0.873462 
0.687952 
0.662325 
0.539868 
0.404137 
0.440440 
0.327322 
0.433997 
0.436155 
0.498966 
0.519314 
0.504153 
0.456712 
0.479952 
0.514688 
0.422731 
0.399917 
0.480854 
0.479955 
0.416773 
0.362216 
0.414213 
0.351671 
0.380941 
0.334974 
0.281098 
0.270926 
0.303939 
0.306337 
0.257286 
0.236345 
0.272001 
0.184097 
0.204152 
0.205489 
0.210044 
0.176471 
0.177065 
0.144185 
0.148237 
0.144967 
0.165686 
0.142234 
0.167640 
0.147425 
0.136272 
0.149831 
0.141085 
0.149614 
0.138414 
0.148932 
0.152171 
0.153519 
0.161741 
0.160647 
0.122212 
0.151374 
0.172396 
0.192156 
0.200144 
0.163601 
0.211891 
0.199599 
0.196256 
0.229438 
0.255549 
0.239742 
0.263364 
0.238553 
0.221961 
0.240849 
0.268387 
0.255024 
0.215563 
0.264636 
0.246349 
0.265975 
0.294369 
0.236472 
0.212830 
0.313515 
0.273012 
0.291570 
0.292787 
0.324004 
0.311376 
0.306463 
0.313028 
0.344207 
0.356121 
0.361959 
0.386637 
0.451581 
0.532536 
0.555585 
0.601445 
0.572804 
0.615700 
0.575590 
0.551813 
0.563452 
0.445277 
0.367455 
0.333545 
0.228206 
0.229056 
0.289432 
0.224028 
0.256534 
0.243311 
0.256825 
0.218905 
0.177116 
0.213569 
0.160901 
0.148071 
0.115721 
0.114438 
0.118822 
0.107371 
0.103513 
0.100719 
0.104792 
0.101865 
0.107645 
0.093573 
0.088341 
0.096790 
0.122402 
0.118651 
0.135793 
0.130471 
0.127831 
0.107760 
0.107626 
0.096378 
0.114696 
0.094337 
0.092804 
0.116458 
0.092672 
0.085383 
0.111917 
0.107948 
0.113621 
0.119519 
0.113114 
0.121370 
0.108950 
0.117461 
0.104688 
0.104533 
0.086183 
0.078806 
0.067314 
0.075806 
0.067223 
0.066790 
0.056657 
0.052350 
0.056778 
0.060539 
0.063836 
0.060142 
0.054339 
0.048245 
0.047291 
0.050664 
0.044240 
0.047486 
0.039435 
0.045912 
0.041635 
0.039296 
0.035742 
0.042952 
0.034543 
0.038128 
0.032847 
0.024925 
0.026663 
0.022169 
0.020288 
0.020535 
0.019920 
0.019785 
0.018546 
0.016408 
0.014010 
0.013755 
0.010299 
0.012977 
0.012312 
0.011216 
0.011593 
0.009588 
0.009753 
0.009919 
0.011882 
0.009209 
0.009959 
0.010209 
0.012108 
0.013188 
0.010946 
0.011762 
0.009709 
0.010012 
0.011123 
0.009011 
0.009850 
0.008642 
0.008870 
0.007401 
0.005875 
0.004332 
0.004863 
0.004097 
0.003984 
0.004191 
0.003487 
0.003494 
0.004163 
0.004331 
0.004144 
0.003166 
0.003963 
0.002921 
0.003906 
0.003175 
0.004267 
0.004009 
0.003463 
0.002802 
0.002519 
0.002433 
0.002410 
0.001986 
0.001845 
0.001401 
0.001367 
0.000907 
0.000738 
0.000454 
0.000219 
0.000109 
0.000081 
0.000047 
0.000024 
0.000006 
0.000000 
0.000000 
0.000000 
0.000000 
0.000000 
0.000000 
0.000000 
0.000000 
0.000000 
0.000000 
0.000000 
0.000000 
0.000000 
0.000000 
0.000000 
0.000000 
0.000000 
0.000000 
0.000000 
0.000000 
0.000000 
0.000000 
0.000000 
0.000000 
0.000000 
0.000000 
0.000000 
0.000000 
0.000000 
0.000000 
0.000000 
0.000000 
0.000000 
0.000000 
0.000000 
0.000000 
0.000000 
0.000000 
0.000000 
0.000000 
0.000000 
0.000000 
0.000000 
0.000000 
0.000000 
0.000000 
0.000000 
0.000000 
0.000000 
0.000000 
0.000000 
0.000000 
0.000000 
0.000000 
0.000000 
0.000000 
0.000000 
0.000000 
0.000000 
0.000000 
0.000000 
0.000000 
0.000000 
0.000000 
0.000000 
0.000000 
0.000000 
0.000000 
0.000000 
0.000000 
0.000000 
0.000000 
0.000000 
0.000000 
0.000000 
0.000000 
0.000000 
0.000000 
0.000000 
0.000000 
0.000000 
0.000000 
0.000000 
0.000000 
0.000000 
0.000000 
0.000000 
0.000000 
0.000000 
0.000000 
0.000000 
0.000000 
0.000000 
0.000000 
0.000000 
0.000000 
0.000000 
0.000000 
0.000000 
0.000000 
0.000000 
0.000000 
0.000000 
0.000000 
0.000000 
0.000000 
0.000000 
0.000000 
0.000000 
0.000000 
0.000000 
0.000000 
0.000000 
0.000000 
0.000000 
0.000000 
0.000000 
0.000000 
0.000000 
0.000000 
0.000000 
0.000000 
0.000000 
0.000000 
0.000000 
0.000000 
0.000000 
0.000000 
0.000000 
0.000000 
0.000000 
0.000000 
0.000000 
0.000000 
0.000000 
0.000000 
0.000000 
0.000000 
0.000000 
0.000000 
0.000000 
0.000000 
0.000000 
0.000000 
0.000000 
0.000000 
0.000000 
0.000000 
0.000000 
0.000000 
0.000000 
0.000000 
0.000000 
0.000000 
0.000000 
0.000000 
0.000000 
0.000000 
0.000000 
0.000000 
0.000000 
0.000000 
0.000000 
0.000000 
0.000000 
0.000000 
0.000000 
0.000000 
0.000000 
0.000000 
0.000000 
0.000000 
0.000000 
0.000000 
0.000000 
0.000000 
0.000000 
0.000000 
0.000000 
0.000000 
0.000000 
0.000000 
0.000000 
0.000000 
0.000000 
0.000000 
0.000000 
0.000000 
0.000000 
0.000000 
0.000000 
