0.000000 
0.000000 
0.000000 
0.000000 
0.000000 
0.000000 
0.000000 
0.000000 
0.000000 
0.000000 
0.000000 
0.000000 
0.000000 
0.000000 
0.000000 
0.000000 
0.000000 
0.000000 
0.000000 
0.000000 
0.000000 
0.000000 
0.000000 
0.000000 
0.000000 
0.000000 
0.000000 
0.000000 
0.000000 
0.000000 
0.000000 
0.000000 
0.000000 
0.000000 
0.000000 
0.000000 
0.000000 
0.000000 
0.000000 
0.000000 
0.000000 
0.000000 
0.000000 
0.000000 
0.000000 
0.000000 
0.000000 
0.000000 
0.000000 
0.000000 
0.000000 
0.000000 
0.000000 
0.000000 
0.000000 
0.000000 
0.000000 
0.000000 
0.000000 
0.000000 
0.000000 
0.000000 
0.000000 
0.000000 
0.000000 
0.000000 
0.000000 
0.000000 
0.000000 
0.000000 
0.000000 
0.000000 
0.000000 
0.000000 
0.000000 
0.000000 
0.000000 
0.000000 
0.000000 
0.000000 
0.000000 
0.000000 
0.000000 
0.000000 
0.000000 
0.000000 
0.000000 
0.000000 
0.000000 
0.000000 
0.000000 
0.000000 
0.000000 
0.000000 
0.000000 
0.000000 
0.000000 
0.000000 
0.000000 
0.000000 
0.000000 
0.000000 
0.000000 
0.000000 
0.000000 
0.000000 
0.000000 
0.000000 
0.000000 
0.000000 
0.000000 
0.000000 
0.000000 
0.000000 
0.000000 
0.000000 
0.000000 
0.000000 
0.000000 
0.000000 
0.000000 
0.000000 
0.000000 
0.000000 
0.000000 
0.000000 
0.000000 
0.000000 
0.000000 
0.000000 
0.000000 
0.000000 
0.000000 
0.000000 
0.000000 
0.000000 
0.000000 
0.000000 
0.000000 
0.000000 
0.000000 
0.000000 
0.000000 
0.000000 
0.000000 
0.000000 
0.000000 
0.000000 
0.000000 
0.000000 
0.000000 
0.000000 
0.000000 
0.000000 
0.000000 
0.000000 
0.000000 
0.000000 
0.000000 
0.000000 
0.000000 
0.000000 
0.000000 
0.000000 
0.000000 
0.000000 
0.000000 
0.000000 
0.000000 
0.000000 
0.000000 
0.000000 
0.000000 
0.000000 
0.000000 
0.000000 
0.000000 
0.000000 
0.000000 
0.000000 
0.000000 
0.000000 
0.000000 
0.000000 
0.000000 
0.000000 
0.000000 
0.000000 
0.000000 
0.000000 
0.000000 
0.000000 
0.000000 
0.000000 
0.000000 
0.000000 
0.000000 
0.000000 
0.000000 
0.000000 
0.000000 
0.000000 
0.000000 
0.000000 
0.000000 
0.000000 
0.000000 
0.000000 
0.000000 
0.000000 
0.000000 
0.000000 
0.000000 
0.000000 
0.000000 
0.000000 
0.000000 
0.000000 
0.000000 
0.000000 
0.000000 
0.000000 
0.000000 
0.000000 
0.000000 
0.000033 
0.000130 
0.000289 
0.000356 
0.000573 
0.000800 
0.001193 
0.001175 
0.002118 
0.002785 
0.002780 
0.004166 
0.004349 
0.005205 
0.006551 
0.006937 
0.009774 
0.011908 
0.013126 
0.013782 
0.018650 
0.019066 
0.019188 
0.019385 
0.021412 
0.019684 
0.021153 
0.021758 
0.018030 
0.018048 
0.021030 
0.018440 
0.019814 
0.015507 
0.019944 
0.017476 
0.018631 
0.019840 
0.021120 
0.019078 
0.021804 
0.021181 
0.023663 
0.027204 
0.024718 
0.025935 
0.030893 
0.036143 
0.034250 
0.039682 
0.042159 
0.036934 
0.038201 
0.041351 
0.039800 
0.036433 
0.040966 
0.039316 
0.040016 
0.037232 
0.042026 
0.039990 
0.043408 
0.056318 
0.040733 
0.045802 
0.050299 
0.055714 
0.058146 
0.063975 
0.059105 
0.062080 
0.058028 
0.066568 
0.064668 
0.077284 
0.060669 
0.071715 
0.063083 
0.070135 
0.066224 
0.074201 
0.069864 
0.071710 
0.055985 
0.069295 
0.073663 
0.072513 
0.081543 
0.074498 
0.073071 
0.078282 
0.080016 
0.083174 
0.102169 
0.074382 
0.082594 
0.082895 
0.090769 
0.092560 
0.091291 
0.092121 
0.118068 
0.118844 
0.126168 
0.116961 
0.139109 
0.139378 
0.135787 
0.163553 
0.171606 
0.179957 
0.233080 
0.232218 
0.204088 
0.177051 
0.191227 
0.187663 
0.194339 
0.173612 
0.202805 
0.197896 
0.176235 
0.212300 
0.225510 
0.233017 
0.206171 
0.228133 
0.228907 
0.227051 
0.204434 
0.249490 
0.230761 
0.281040 
0.298411 
0.264719 
0.320665 
0.428625 
0.355852 
0.365746 
0.416696 
0.403161 
0.431919 
0.324407 
0.450963 
0.525062 
0.568755 
0.537824 
0.474198 
0.602961 
0.680648 
0.715491 
0.546600 
0.505489 
0.469036 
0.526032 
0.507380 
0.543170 
0.476736 
0.328891 
0.455826 
0.574460 
0.507133 
0.477779 
0.522709 
0.477402 
0.555156 
0.473234 
0.438112 
0.437448 
0.455252 
0.389132 
0.482384 
0.455117 
0.474691 
0.578886 
0.539612 
0.522818 
0.614159 
0.550084 
0.577909 
0.632109 
0.468098 
0.732626 
0.577304 
0.602385 
0.527812 
0.534833 
0.504140 
0.425101 
0.378975 
0.496167 
0.563545 
0.626141 
0.711719 
0.646476 
0.769225 
0.691467 
0.819123 
0.741619 
0.818664 
0.673105 
0.787789 
0.664953 
0.765199 
0.817858 
0.728278 
0.946352 
0.852812 
0.848162 
0.911316 
0.963209 
0.905730 
0.970133 
0.910096 
0.958838 
0.819856 
1.074930 
0.957437 
0.859502 
1.030918 
0.959231 
1.237394 
1.022093 
1.071625 
1.225417 
1.004859 
1.024985 
1.126882 
0.854720 
1.266231 
1.072335 
1.287829 
1.076807 
1.063397 
1.339104 
1.146063 
1.069241 
0.881542 
0.995937 
0.761487 
0.748857 
0.593347 
0.394549 
0.440230 
0.408544 
0.578486 
0.764039 
0.923692 
0.949475 
0.989161 
1.032340 
1.135882 
1.313222 
1.257871 
1.031593 
1.078476 
1.118971 
1.036139 
0.904854 
1.004206 
1.014975 
0.870954 
1.008551 
1.260662 
0.991807 
1.012980 
1.086662 
1.093380 
1.104730 
0.904030 
1.066997 
1.205986 
1.078803 
1.249925 
0.882863 
1.160542 
1.115618 
1.116885 
0.859522 
0.948536 
1.128162 
1.251614 
1.196054 
1.146550 
1.162683 
1.080581 
0.920619 
0.815341 
0.529622 
0.374694 
0.436416 
0.279135 
0.197735 
0.201715 
0.256479 
0.429339 
0.696275 
0.807709 
0.641465 
0.957136 
1.193801 
1.107408 
1.233019 
1.317518 
1.525287 
1.386208 
1.161959 
1.437170 
1.490449 
1.162979 
1.484890 
1.365278 
1.280798 
1.377246 
1.399851 
1.415397 
1.521809 
1.096966 
1.505564 
1.695697 
1.453989 
1.303010 
1.320087 
1.565297 
1.145738 
1.576618 
1.473292 
1.267819 
1.372746 
1.377026 
1.482265 
1.535215 
1.543388 
1.378712 
1.505505 
1.419219 
1.413510 
1.365602 
1.399028 
1.364119 
1.433120 
1.551802 
1.538013 
1.575246 
1.536619 
1.277295 
1.724158 
1.609709 
1.393659 
1.726671 
1.611194 
1.554130 
1.689882 
1.718479 
1.392568 
1.659528 
1.943599 
1.695719 
1.716573 
1.649107 
1.358857 
1.836325 
1.431248 
1.439602 
1.624991 
1.809246 
1.661698 
1.578114 
1.850756 
1.852762 
1.272588 
1.159785 
1.061677 
0.964724 
0.763530 
0.911672 
0.986638 
0.990756 
1.385437 
1.243713 
1.758450 
1.769214 
1.839298 
2.062392 
2.090360 
1.480122 
1.721030 
1.762429 
1.697985 
1.192985 
1.519423 
1.297842 
1.232810 
0.991689 
1.029533 
0.986292 
0.625850 
0.957004 
0.841004 
0.938812 
1.130068 
1.471176 
1.838991 
2.037655 
1.859267 
1.766187 
1.836241 
1.797850 
1.812837 
1.519563 
1.495637 
1.287912 
1.185636 
0.998249 
1.059884 
1.248781 
1.600890 
1.721364 
2.169048 
1.821448 
2.002961 
1.276071 
1.770203 
1.732129 
1.446930 
1.572519 
1.432277 
1.596039 
1.432182 
1.816085 
1.515093 
1.450122 
2.106458 
2.220072 
1.878257 
1.489813 
1.598628 
1.715402 
1.354194 
1.101872 
1.024292 
0.595142 
0.438064 
0.375277 
0.312997 
0.363693 
0.310266 
0.361135 
0.412837 
0.352898 
0.678863 
0.925691 
1.387856 
1.568715 
1.529278 
2.006974 
2.152255 
2.219359 
1.537649 
1.742926 
1.755437 
2.026081 
1.883050 
1.771210 
1.936789 
1.591125 
1.872115 
1.854547 
1.887132 
1.559976 
1.778976 
1.658020 
1.679310 
1.964711 
1.680043 
1.936817 
1.622975 
2.025146 
2.078594 
1.455785 
1.445219 
0.854634 
0.657661 
0.547536 
0.483199 
0.598037 
0.572378 
0.721808 
0.712314 
0.797134 
1.025015 
1.156248 
1.199194 
1.059779 
1.000275 
0.859524 
0.717706 
0.570941 
0.675089 
0.740015 
0.981367 
1.111315 
1.142787 
1.404149 
1.507697 
1.235789 
1.644308 
1.525188 
1.625457 
1.228429 
1.079809 
1.082188 
0.839626 
0.806970 
0.726301 
0.819965 
0.823191 
0.632117 
0.745079 
0.793387 
0.769988 
0.652870 
0.634210 
0.724433 
0.705037 
0.800183 
0.735541 
0.851329 
0.997824 
0.948911 
1.064790 
1.269336 
1.086960 
1.182453 
1.439253 
1.506588 
1.847997 
1.683750 
1.870824 
1.954696 
1.574364 
1.673344 
1.672579 
1.373549 
1.496076 
1.354634 
1.047966 
0.938873 
0.662216 
0.645622 
0.581764 
0.556389 
0.417904 
0.558061 
0.554099 
0.650205 
0.683407 
0.964974 
1.078793 
1.338506 
1.416342 
1.621740 
2.041492 
2.095752 
2.039370 
1.870979 
1.912690 
1.754910 
2.147172 
2.035220 
1.818212 
2.142334 
2.049444 
2.096155 
1.713894 
1.698642 
1.816685 
1.966820 
1.680897 
1.843178 
1.599388 
1.805865 
1.648861 
1.975997 
1.495517 
1.606680 
1.951262 
2.090592 
1.969172 
1.943013 
1.706604 
2.035886 
2.061796 
1.797952 
1.885969 
1.786976 
1.782009 
1.689058 
1.591302 
1.753251 
1.744124 
1.380442 
1.367995 
1.484769 
1.323145 
1.569750 
1.547990 
1.678182 
1.730879 
1.638343 
1.915098 
2.043231 
1.628908 
1.637408 
1.517694 
1.557017 
1.590158 
1.867283 
1.639940 
1.691608 
1.491882 
1.672549 
1.953918 
1.835789 
1.420310 
1.313323 
1.535341 
1.461513 
1.242084 
1.369479 
1.098106 
1.152033 
1.074696 
1.017911 
1.225231 
1.466053 
1.485290 
1.484490 
1.638287 
1.605273 
1.812650 
1.625533 
1.577651 
1.557261 
1.806445 
1.575598 
1.513772 
1.673830 
1.651404 
1.724501 
1.689687 
1.712211 
1.719626 
1.495734 
1.598492 
1.500947 
1.336197 
1.242365 
1.259773 
1.166996 
1.407204 
1.204929 
1.273518 
1.069552 
1.282555 
1.228297 
0.921857 
1.077547 
1.149191 
1.278338 
1.077406 
1.251107 
1.258481 
1.268983 
1.330887 
1.369888 
1.312302 
1.480431 
1.322124 
1.101143 
1.147106 
0.865915 
0.573014 
0.515053 
0.463095 
0.454256 
0.365920 
0.258965 
0.400821 
0.449750 
0.353650 
0.416803 
0.375720 
0.362787 
0.398863 
0.431294 
0.402545 
0.389687 
0.528568 
0.691651 
0.591776 
0.694157 
0.797584 
0.862527 
0.913521 
1.146387 
1.283216 
1.282256 
1.188407 
1.288239 
1.047111 
1.412041 
0.943561 
0.982185 
0.944686 
0.836255 
0.827268 
0.796287 
0.870350 
0.731562 
0.687727 
0.796983 
0.718118 
0.734255 
0.712384 
0.775551 
0.717028 
0.940032 
1.007048 
1.055479 
1.000513 
1.373343 
1.222075 
1.421553 
1.477328 
1.443227 
1.164050 
1.472894 
1.395683 
0.947625 
1.007384 
1.045980 
1.047196 
0.755827 
0.870449 
0.769636 
0.786005 
0.737316 
0.635349 
0.731298 
0.790519 
0.887347 
0.902030 
0.963070 
0.804255 
0.947016 
0.865994 
0.979150 
1.013135 
1.005025 
1.046257 
0.991380 
1.191851 
0.910962 
0.826360 
0.842570 
0.823038 
0.720498 
0.654144 
0.660139 
0.580405 
0.770878 
0.665128 
0.818702 
0.867056 
0.504038 
0.602261 
0.367145 
0.431049 
0.526746 
0.474487 
0.545227 
0.505989 
0.550302 
0.505834 
0.588003 
0.514150 
0.390181 
0.523049 
0.517672 
0.446716 
0.462200 
0.421588 
0.499396 
0.435679 
0.378271 
0.372106 
0.428842 
0.364011 
0.363253 
0.394684 
0.337184 
0.337533 
0.231818 
0.263058 
0.289108 
0.221627 
0.267665 
0.200904 
0.176490 
0.187937 
0.175723 
0.179772 
0.148030 
0.165137 
0.175075 
0.189101 
0.152441 
0.173612 
0.147023 
0.134378 
0.157567 
0.182702 
0.146555 
0.145055 
0.173508 
0.187885 
0.186102 
0.221165 
0.219525 
0.195074 
0.221017 
0.203506 
0.192156 
0.199645 
0.225184 
0.260761 
0.244137 
0.272043 
0.260237 
0.253264 
0.295301 
0.312259 
0.311735 
0.257049 
0.327488 
0.310702 
0.273924 
0.281891 
0.293777 
0.234941 
0.313115 
0.276969 
0.204651 
0.307005 
0.302809 
0.316239 
0.340077 
0.397546 
0.332224 
0.410446 
0.416623 
0.325177 
0.432698 
0.469231 
0.578275 
0.577940 
0.689358 
0.752137 
0.619275 
0.699335 
0.660333 
0.562906 
0.549451 
0.543745 
0.503317 
0.380887 
0.307783 
0.322596 
0.287988 
0.256214 
0.276362 
0.285005 
0.287856 
0.246611 
0.223476 
0.212660 
0.189177 
0.190039 
0.148567 
0.115805 
0.128015 
0.128010 
0.123259 
0.121894 
0.108288 
0.112368 
0.107689 
0.111296 
0.126954 
0.122357 
0.110638 
0.115603 
0.128552 
0.152929 
0.093926 
0.125010 
0.131001 
0.132828 
0.118011 
0.148387 
0.124715 
0.137662 
0.122156 
0.128613 
0.122123 
0.139599 
0.115255 
0.136791 
0.129038 
0.149762 
0.133765 
0.129490 
0.136271 
0.119874 
0.108349 
0.090864 
0.100078 
0.078993 
0.075588 
0.067376 
0.069975 
0.058452 
0.067762 
0.067593 
0.056639 
0.059284 
0.057138 
0.050807 
0.052120 
0.058043 
0.051014 
0.050334 
0.048641 
0.049034 
0.051011 
0.051386 
0.041973 
0.035175 
0.043117 
0.035477 
0.037138 
0.033787 
0.029606 
0.031697 
0.031322 
0.025880 
0.022032 
0.023379 
0.019412 
0.015715 
0.019901 
0.015154 
0.013559 
0.013684 
0.013084 
0.011451 
0.012624 
0.011777 
0.012205 
0.011479 
0.012925 
0.011304 
0.012670 
0.013065 
0.012780 
0.012782 
0.013326 
0.013382 
0.012031 
0.010658 
0.011393 
0.013700 
0.011215 
0.010322 
0.010061 
0.008122 
0.007637 
0.005855 
0.005016 
0.005011 
0.004983 
0.004878 
0.004961 
0.004547 
0.003826 
0.004334 
0.004633 
0.004839 
0.003794 
0.004207 
0.003827 
0.003848 
0.002876 
0.003497 
0.003430 
0.003591 
0.003037 
0.002581 
0.002587 
0.001697 
0.002051 
0.001739 
0.001169 
0.001129 
0.000766 
0.000496 
0.000251 
0.000143 
0.000088 
0.000052 
0.000023 
0.000007 
0.000000 
0.000000 
0.000000 
0.000000 
0.000000 
0.000000 
0.000000 
0.000000 
0.000000 
0.000000 
0.000000 
0.000000 
0.000000 
0.000000 
0.000000 
0.000000 
0.000000 
0.000000 
0.000000 
0.000000 
0.000000 
0.000000 
0.000000 
0.000000 
0.000000 
0.000000 
0.000000 
0.000000 
0.000000 
0.000000 
0.000000 
0.000000 
0.000000 
0.000000 
0.000000 
0.000000 
0.000000 
0.000000 
0.000000 
0.000000 
0.000000 
0.000000 
0.000000 
0.000000 
0.000000 
0.000000 
0.000000 
0.000000 
0.000000 
0.000000 
0.000000 
0.000000 
0.000000 
0.000000 
0.000000 
0.000000 
0.000000 
0.000000 
0.000000 
0.000000 
0.000000 
0.000000 
0.000000 
0.000000 
0.000000 
0.000000 
0.000000 
0.000000 
0.000000 
0.000000 
0.000000 
0.000000 
0.000000 
0.000000 
0.000000 
0.000000 
0.000000 
0.000000 
0.000000 
0.000000 
0.000000 
0.000000 
0.000000 
0.000000 
0.000000 
0.000000 
0.000000 
0.000000 
0.000000 
0.000000 
0.000000 
0.000000 
0.000000 
0.000000 
0.000000 
0.000000 
0.000000 
0.000000 
0.000000 
0.000000 
0.000000 
0.000000 
0.000000 
0.000000 
0.000000 
0.000000 
0.000000 
0.000000 
0.000000 
0.000000 
0.000000 
0.000000 
0.000000 
0.000000 
0.000000 
0.000000 
0.000000 
0.000000 
0.000000 
0.000000 
0.000000 
0.000000 
0.000000 
0.000000 
0.000000 
0.000000 
0.000000 
0.000000 
0.000000 
0.000000 
0.000000 
0.000000 
0.000000 
0.000000 
0.000000 
0.000000 
0.000000 
0.000000 
0.000000 
0.000000 
0.000000 
0.000000 
0.000000 
0.000000 
0.000000 
0.000000 
0.000000 
0.000000 
0.000000 
0.000000 
0.000000 
0.000000 
0.000000 
0.000000 
0.000000 
0.000000 
0.000000 
0.000000 
0.000000 
0.000000 
0.000000 
0.000000 
0.000000 
0.000000 
0.000000 
0.000000 
0.000000 
0.000000 
0.000000 
0.000000 
0.000000 
0.000000 
0.000000 
0.000000 
0.000000 
0.000000 
0.000000 
0.000000 
0.000000 
0.000000 
0.000000 
0.000000 
0.000000 
0.000000 
0.000000 
0.000000 
0.000000 
0.000000 
0.000000 
0.000000 
0.000000 
