0.000000 
0.000000 
0.000000 
0.000000 
0.000000 
0.000000 
0.000000 
0.000000 
0.000000 
0.000000 
0.000000 
0.000000 
0.000000 
0.000000 
0.000000 
0.000000 
0.000000 
0.000000 
0.000000 
0.000000 
0.000000 
0.000000 
0.000000 
0.000000 
0.000000 
0.000000 
0.000000 
0.000000 
0.000000 
0.000000 
0.000000 
0.000000 
0.000000 
0.000000 
0.000000 
0.000000 
0.000000 
0.000000 
0.000000 
0.000000 
0.000000 
0.000000 
0.000000 
0.000000 
0.000000 
0.000000 
0.000000 
0.000000 
0.000000 
0.000000 
0.000000 
0.000000 
0.000000 
0.000000 
0.000000 
0.000000 
0.000000 
0.000000 
0.000000 
0.000000 
0.000000 
0.000000 
0.000000 
0.000000 
0.000000 
0.000000 
0.000000 
0.000000 
0.000000 
0.000000 
0.000000 
0.000000 
0.000000 
0.000000 
0.000000 
0.000000 
0.000000 
0.000000 
0.000000 
0.000000 
0.000000 
0.000000 
0.000000 
0.000000 
0.000000 
0.000000 
0.000000 
0.000000 
0.000000 
0.000000 
0.000000 
0.000000 
0.000000 
0.000000 
0.000000 
0.000000 
0.000000 
0.000000 
0.000000 
0.000000 
0.000000 
0.000000 
0.000000 
0.000000 
0.000000 
0.000000 
0.000000 
0.000000 
0.000000 
0.000000 
0.000000 
0.000000 
0.000000 
0.000000 
0.000000 
0.000000 
0.000000 
0.000000 
0.000000 
0.000000 
0.000000 
0.000000 
0.000000 
0.000000 
0.000000 
0.000000 
0.000000 
0.000000 
0.000000 
0.000000 
0.000000 
0.000000 
0.000000 
0.000000 
0.000000 
0.000000 
0.000000 
0.000000 
0.000000 
0.000000 
0.000000 
0.000000 
0.000000 
0.000000 
0.000000 
0.000000 
0.000000 
0.000000 
0.000000 
0.000000 
0.000000 
0.000000 
0.000000 
0.000000 
0.000000 
0.000000 
0.000000 
0.000000 
0.000000 
0.000000 
0.000000 
0.000000 
0.000000 
0.000000 
0.000000 
0.000000 
0.000000 
0.000000 
0.000000 
0.000000 
0.000000 
0.000000 
0.000000 
0.000000 
0.000000 
0.000000 
0.000000 
0.000000 
0.000000 
0.000000 
0.000000 
0.000000 
0.000000 
0.000000 
0.000000 
0.000000 
0.000000 
0.000000 
0.000000 
0.000000 
0.000000 
0.000000 
0.000000 
0.000000 
0.000000 
0.000000 
0.000000 
0.000000 
0.000000 
0.000000 
0.000000 
0.000000 
0.000000 
0.000000 
0.000000 
0.000000 
0.000000 
0.000000 
0.000000 
0.000000 
0.000000 
0.000000 
0.000000 
0.000000 
0.000000 
0.000000 
0.000000 
0.000000 
0.000000 
0.000000 
0.000000 
0.000000 
0.000000 
0.000000 
0.000000 
0.000024 
0.000085 
0.000234 
0.000298 
0.000421 
0.000568 
0.000812 
0.000862 
0.001452 
0.002028 
0.002509 
0.002403 
0.003121 
0.003878 
0.005346 
0.005739 
0.005896 
0.008699 
0.008102 
0.012295 
0.011703 
0.014016 
0.014326 
0.012697 
0.014563 
0.015141 
0.015709 
0.013081 
0.017159 
0.015655 
0.014446 
0.015624 
0.016147 
0.013870 
0.013833 
0.014676 
0.014833 
0.012644 
0.016371 
0.013645 
0.016670 
0.018803 
0.017047 
0.018600 
0.020553 
0.021709 
0.021642 
0.025551 
0.026270 
0.028094 
0.027953 
0.030617 
0.034233 
0.023558 
0.031123 
0.029888 
0.026339 
0.030981 
0.035074 
0.034929 
0.041832 
0.025616 
0.039434 
0.036458 
0.031737 
0.039478 
0.038238 
0.034544 
0.046933 
0.044491 
0.043152 
0.037495 
0.050225 
0.044479 
0.048365 
0.055576 
0.050514 
0.053835 
0.049986 
0.037612 
0.038342 
0.049857 
0.052542 
0.057274 
0.062623 
0.059322 
0.059386 
0.059471 
0.060705 
0.057109 
0.065155 
0.068669 
0.068670 
0.056373 
0.071107 
0.077738 
0.074169 
0.058859 
0.065789 
0.079800 
0.081905 
0.081075 
0.082362 
0.096649 
0.094988 
0.109722 
0.126929 
0.122204 
0.132913 
0.124488 
0.139019 
0.151125 
0.141450 
0.150507 
0.177180 
0.165166 
0.148709 
0.138897 
0.115895 
0.149583 
0.150494 
0.135033 
0.150520 
0.164777 
0.156675 
0.151483 
0.150277 
0.178457 
0.185818 
0.205945 
0.181582 
0.174616 
0.205389 
0.183010 
0.197989 
0.208417 
0.249339 
0.227627 
0.296936 
0.277523 
0.292279 
0.263009 
0.352717 
0.318171 
0.271486 
0.306015 
0.365829 
0.365799 
0.505164 
0.536634 
0.455001 
0.452626 
0.374999 
0.356703 
0.287094 
0.325455 
0.358980 
0.416362 
0.398607 
0.400222 
0.462767 
0.433932 
0.308682 
0.350083 
0.441599 
0.434132 
0.373766 
0.388861 
0.348426 
0.375650 
0.230759 
0.332688 
0.410612 
0.298815 
0.404980 
0.354578 
0.440331 
0.465150 
0.475943 
0.501993 
0.488880 
0.470689 
0.414894 
0.480041 
0.444633 
0.455155 
0.451276 
0.380031 
0.336501 
0.384221 
0.358058 
0.452114 
0.404737 
0.505945 
0.450247 
0.468693 
0.589719 
0.503349 
0.524573 
0.555375 
0.548905 
0.456692 
0.646170 
0.534363 
0.439171 
0.475524 
0.494556 
0.730137 
0.724862 
0.669992 
0.681729 
0.708974 
0.879866 
0.755727 
0.734359 
0.688283 
0.653015 
0.755072 
0.761467 
0.666599 
0.763870 
0.818922 
0.899259 
0.731783 
0.846164 
0.929883 
0.732471 
0.687135 
0.724916 
0.816999 
0.851807 
0.958434 
0.885658 
0.760775 
0.932812 
0.882757 
0.897036 
0.756342 
0.687691 
0.768015 
0.662757 
0.575920 
0.422898 
0.381271 
0.357937 
0.252667 
0.484773 
0.576519 
0.770049 
0.763105 
0.661307 
0.789821 
1.000640 
0.926248 
0.835604 
0.649059 
0.822968 
0.864837 
0.960283 
0.730761 
0.816525 
0.841854 
0.903942 
0.872994 
0.794849 
0.945040 
0.834001 
0.947798 
0.841104 
0.919367 
0.872998 
0.986739 
0.907907 
0.715068 
0.855904 
0.794210 
0.882886 
0.718814 
0.659597 
0.745098 
0.695132 
0.784834 
0.678257 
0.869534 
0.745594 
1.058986 
0.753117 
0.662193 
0.506966 
0.402497 
0.332533 
0.296208 
0.226529 
0.184817 
0.137036 
0.198660 
0.269219 
0.382452 
0.576629 
0.680960 
0.816035 
0.924147 
0.910673 
0.892279 
0.990252 
1.058150 
0.893222 
1.151304 
1.258688 
0.974986 
1.083106 
1.051620 
0.971839 
1.071048 
1.174474 
0.803100 
1.093852 
1.266137 
1.053931 
0.998517 
1.096949 
0.975275 
0.981108 
0.917135 
1.186827 
0.968626 
1.178396 
0.967891 
1.080345 
1.103779 
1.090839 
1.036378 
1.218391 
0.999609 
1.017842 
1.058535 
1.056948 
1.381375 
1.062475 
1.325858 
1.178906 
1.139300 
1.203332 
1.052046 
1.203847 
1.128867 
1.329210 
1.045616 
1.287103 
1.319098 
1.108545 
1.205537 
1.170278 
1.180889 
1.479203 
1.129995 
0.989229 
1.300280 
1.178426 
1.322842 
1.279518 
1.286712 
1.099512 
1.177169 
1.010593 
1.277034 
1.181313 
1.159075 
1.558665 
1.388043 
1.257052 
1.137844 
0.976338 
0.744497 
0.663649 
0.813934 
0.769970 
1.028381 
0.839644 
0.799626 
1.184398 
1.141824 
1.141304 
1.335446 
1.371735 
1.098823 
1.287320 
1.230580 
1.178487 
1.213576 
1.109272 
1.022002 
0.880489 
0.924997 
0.918184 
0.722025 
0.714435 
0.629567 
0.565522 
0.609269 
0.750143 
0.861273 
1.055976 
1.286886 
1.297758 
1.384736 
1.346608 
1.377641 
1.374806 
1.151369 
1.262459 
1.086085 
1.033826 
0.862813 
0.962113 
0.810979 
1.014869 
1.092132 
1.481114 
1.236188 
1.808656 
1.535038 
1.276139 
1.237239 
1.377488 
1.226931 
1.174754 
1.422946 
1.089495 
1.233741 
1.181828 
1.287336 
1.398981 
1.372696 
1.439815 
1.282309 
1.256426 
1.125846 
1.133981 
0.913548 
0.786704 
0.620488 
0.468685 
0.342155 
0.298361 
0.252424 
0.250690 
0.261162 
0.264188 
0.262372 
0.349266 
0.565810 
0.704424 
0.941804 
1.188168 
1.285255 
1.452563 
1.157066 
1.276207 
1.315662 
1.287953 
1.292523 
1.193011 
1.296755 
1.347477 
1.302004 
1.686816 
1.563100 
1.287824 
1.531485 
1.330624 
1.279240 
1.290514 
1.558093 
1.456907 
1.529955 
1.749349 
1.596088 
1.453585 
1.376257 
1.131474 
0.832718 
0.576626 
0.449507 
0.331393 
0.413530 
0.486210 
0.471003 
0.571658 
0.694524 
0.752602 
0.808254 
0.728655 
0.730495 
0.944557 
0.833892 
0.630176 
0.536937 
0.531249 
0.474233 
0.548117 
0.666289 
0.720373 
0.767991 
0.932183 
0.973672 
1.053029 
1.010144 
1.163099 
1.051665 
1.257316 
1.018808 
0.719796 
0.734136 
0.561792 
0.542206 
0.481308 
0.607000 
0.622425 
0.548040 
0.550044 
0.537754 
0.540189 
0.517924 
0.488044 
0.552723 
0.569244 
0.551118 
0.668184 
0.675687 
0.723259 
0.827508 
0.621541 
0.696304 
0.875752 
0.792808 
1.171325 
1.160707 
1.316536 
1.190845 
1.389095 
1.149357 
1.337480 
1.178121 
1.158877 
1.106390 
0.953524 
0.727865 
0.547223 
0.483014 
0.510394 
0.422228 
0.403632 
0.420982 
0.367959 
0.338863 
0.537415 
0.559511 
0.759300 
0.861216 
1.065726 
1.308391 
1.263595 
1.405673 
1.732768 
1.354641 
1.735916 
1.393002 
1.637652 
1.440538 
1.614559 
1.470823 
1.308141 
1.196065 
1.035700 
1.371631 
1.141733 
1.167272 
1.292807 
1.239114 
1.429582 
1.249490 
1.413891 
1.544156 
1.211401 
1.296497 
1.449118 
1.371690 
1.336997 
1.396768 
1.453543 
1.324851 
1.398674 
1.516714 
1.545195 
1.202660 
1.314220 
1.221522 
1.172627 
1.207180 
1.111359 
1.021742 
1.032992 
1.057086 
0.955431 
1.035869 
0.914434 
1.132974 
1.479567 
1.383040 
1.230702 
1.244862 
1.107837 
1.321230 
1.278206 
1.554734 
1.435697 
1.311051 
1.346936 
1.211051 
1.457497 
1.367828 
1.287497 
1.428367 
1.347568 
1.478417 
1.282603 
1.107777 
0.889351 
1.028970 
0.822376 
0.708025 
0.745283 
0.799468 
0.809151 
0.746793 
1.007542 
1.190906 
1.129165 
1.462577 
1.144431 
1.212590 
1.087373 
1.343826 
1.430402 
1.401914 
1.178003 
1.055173 
1.083851 
1.231944 
1.297755 
1.053911 
1.103355 
1.194599 
1.245738 
1.193450 
1.096021 
1.024668 
0.940553 
1.051012 
1.009187 
0.862426 
0.993296 
1.060811 
0.759153 
0.904757 
0.854070 
1.017551 
0.743873 
0.810071 
0.889065 
0.843329 
1.236717 
0.924058 
0.964701 
1.147302 
0.845830 
1.029022 
0.812473 
0.883409 
1.159331 
0.774505 
0.566950 
0.489459 
0.420635 
0.255076 
0.249774 
0.351905 
0.314337 
0.347168 
0.332179 
0.303977 
0.360467 
0.287611 
0.272082 
0.311474 
0.299150 
0.394509 
0.348597 
0.345585 
0.420234 
0.447971 
0.527741 
0.616505 
0.725462 
0.694143 
0.893250 
0.873227 
1.099561 
0.968255 
0.861430 
0.939833 
1.126389 
0.877481 
0.774595 
0.741733 
0.671198 
0.596784 
0.711356 
0.611785 
0.708177 
0.611850 
0.500946 
0.608732 
0.580927 
0.628864 
0.627787 
0.561559 
0.672182 
0.585675 
0.640377 
0.770676 
0.936668 
0.990056 
0.969038 
0.997920 
0.954822 
0.846704 
0.941895 
0.853619 
0.879829 
0.783956 
0.743913 
0.777751 
0.598851 
0.651151 
0.563340 
0.714770 
0.559833 
0.599261 
0.573429 
0.597676 
0.540141 
0.642489 
0.671689 
0.579076 
0.785843 
0.665933 
0.665037 
0.826954 
0.762211 
0.835889 
0.645932 
0.796271 
0.874721 
0.722224 
0.577503 
0.590794 
0.612396 
0.396811 
0.542286 
0.573964 
0.520217 
0.593706 
0.552442 
0.598741 
0.552710 
0.434065 
0.396421 
0.332395 
0.335857 
0.365588 
0.445815 
0.352772 
0.390313 
0.377212 
0.471062 
0.329594 
0.384953 
0.386968 
0.382044 
0.375115 
0.355285 
0.347469 
0.412012 
0.303900 
0.326274 
0.296201 
0.294383 
0.259597 
0.258245 
0.266354 
0.285855 
0.232411 
0.240746 
0.215672 
0.182368 
0.182776 
0.166307 
0.165837 
0.154205 
0.155526 
0.146208 
0.153846 
0.148371 
0.145164 
0.136881 
0.143003 
0.113188 
0.138184 
0.104291 
0.139235 
0.116473 
0.121003 
0.130021 
0.125460 
0.124240 
0.157871 
0.128816 
0.127096 
0.142417 
0.167318 
0.185789 
0.161799 
0.171034 
0.172180 
0.200546 
0.177873 
0.170472 
0.198779 
0.226947 
0.198605 
0.221487 
0.189314 
0.239785 
0.195080 
0.198199 
0.230495 
0.225405 
0.249402 
0.183360 
0.201163 
0.212713 
0.232933 
0.198363 
0.217317 
0.228574 
0.273185 
0.267804 
0.228525 
0.296818 
0.313955 
0.261477 
0.284321 
0.273421 
0.232158 
0.337781 
0.475243 
0.593852 
0.551895 
0.491698 
0.459720 
0.538633 
0.491819 
0.373099 
0.392199 
0.311457 
0.292642 
0.240588 
0.237230 
0.195733 
0.246068 
0.192278 
0.187099 
0.226355 
0.219976 
0.169059 
0.163881 
0.148814 
0.141419 
0.128201 
0.119162 
0.098582 
0.102573 
0.089320 
0.091454 
0.087827 
0.077618 
0.081495 
0.090768 
0.087940 
0.084327 
0.094319 
0.093711 
0.093173 
0.090856 
0.101039 
0.083043 
0.090000 
0.088840 
0.094038 
0.105009 
0.088250 
0.082108 
0.077739 
0.076658 
0.089306 
0.078275 
0.115995 
0.093454 
0.108921 
0.072045 
0.103268 
0.101798 
0.077671 
0.084911 
0.074636 
0.057732 
0.067018 
0.061203 
0.049218 
0.045121 
0.055543 
0.048839 
0.040899 
0.043992 
0.047692 
0.046522 
0.042813 
0.044210 
0.046713 
0.045773 
0.036861 
0.037571 
0.046407 
0.039371 
0.037099 
0.035057 
0.032054 
0.030846 
0.028598 
0.023927 
0.026214 
0.021719 
0.018858 
0.021744 
0.021693 
0.021213 
0.022080 
0.017555 
0.016564 
0.013313 
0.012168 
0.012374 
0.008369 
0.008243 
0.010964 
0.008355 
0.008724 
0.008252 
0.007758 
0.009369 
0.007041 
0.007785 
0.010447 
0.009391 
0.008426 
0.009478 
0.009304 
0.009169 
0.008335 
0.007954 
0.009432 
0.009636 
0.009606 
0.009062 
0.006328 
0.006227 
0.005681 
0.003469 
0.004236 
0.003981 
0.003900 
0.003734 
0.003454 
0.003717 
0.003622 
0.003734 
0.003683 
0.003466 
0.003321 
0.003120 
0.003144 
0.003047 
0.003044 
0.002784 
0.003051 
0.002300 
0.002112 
0.001540 
0.001957 
0.001521 
0.001443 
0.001294 
0.001034 
0.000783 
0.000708 
0.000369 
0.000192 
0.000092 
0.000055 
0.000037 
0.000020 
0.000005 
0.000000 
0.000000 
0.000000 
0.000000 
0.000000 
0.000000 
0.000000 
0.000000 
0.000000 
0.000000 
0.000000 
0.000000 
0.000000 
0.000000 
0.000000 
0.000000 
0.000000 
0.000000 
0.000000 
0.000000 
0.000000 
0.000000 
0.000000 
0.000000 
0.000000 
0.000000 
0.000000 
0.000000 
0.000000 
0.000000 
0.000000 
0.000000 
0.000000 
0.000000 
0.000000 
0.000000 
0.000000 
0.000000 
0.000000 
0.000000 
0.000000 
0.000000 
0.000000 
0.000000 
0.000000 
0.000000 
0.000000 
0.000000 
0.000000 
0.000000 
0.000000 
0.000000 
0.000000 
0.000000 
0.000000 
0.000000 
0.000000 
0.000000 
0.000000 
0.000000 
0.000000 
0.000000 
0.000000 
0.000000 
0.000000 
0.000000 
0.000000 
0.000000 
0.000000 
0.000000 
0.000000 
0.000000 
0.000000 
0.000000 
0.000000 
0.000000 
0.000000 
0.000000 
0.000000 
0.000000 
0.000000 
0.000000 
0.000000 
0.000000 
0.000000 
0.000000 
0.000000 
0.000000 
0.000000 
0.000000 
0.000000 
0.000000 
0.000000 
0.000000 
0.000000 
0.000000 
0.000000 
0.000000 
0.000000 
0.000000 
0.000000 
0.000000 
0.000000 
0.000000 
0.000000 
0.000000 
0.000000 
0.000000 
0.000000 
0.000000 
0.000000 
0.000000 
0.000000 
0.000000 
0.000000 
0.000000 
0.000000 
0.000000 
0.000000 
0.000000 
0.000000 
0.000000 
0.000000 
0.000000 
0.000000 
0.000000 
0.000000 
0.000000 
0.000000 
0.000000 
0.000000 
0.000000 
0.000000 
0.000000 
0.000000 
0.000000 
0.000000 
0.000000 
0.000000 
0.000000 
0.000000 
0.000000 
0.000000 
0.000000 
0.000000 
0.000000 
0.000000 
0.000000 
0.000000 
0.000000 
0.000000 
0.000000 
0.000000 
0.000000 
0.000000 
0.000000 
0.000000 
0.000000 
0.000000 
0.000000 
0.000000 
0.000000 
0.000000 
0.000000 
0.000000 
0.000000 
0.000000 
0.000000 
0.000000 
0.000000 
0.000000 
0.000000 
0.000000 
0.000000 
0.000000 
0.000000 
0.000000 
0.000000 
0.000000 
0.000000 
0.000000 
0.000000 
0.000000 
0.000000 
0.000000 
0.000000 
0.000000 
0.000000 
0.000000 
0.000000 
0.000000 
