0.000000 
0.000000 
0.000000 
0.000000 
0.000000 
0.000000 
0.000000 
0.000000 
0.000000 
0.000000 
0.000000 
0.000000 
0.000000 
0.000000 
0.000000 
0.000000 
0.000000 
0.000000 
0.000000 
0.000000 
0.000000 
0.000000 
0.000000 
0.000000 
0.000000 
0.000000 
0.000000 
0.000000 
0.000000 
0.000000 
0.000000 
0.000000 
0.000000 
0.000000 
0.000000 
0.000000 
0.000000 
0.000000 
0.000000 
0.000000 
0.000000 
0.000000 
0.000000 
0.000000 
0.000000 
0.000000 
0.000000 
0.000000 
0.000000 
0.000000 
0.000000 
0.000000 
0.000000 
0.000000 
0.000000 
0.000000 
0.000000 
0.000000 
0.000000 
0.000000 
0.000000 
0.000000 
0.000000 
0.000000 
0.000000 
0.000000 
0.000000 
0.000000 
0.000000 
0.000000 
0.000000 
0.000000 
0.000000 
0.000000 
0.000000 
0.000000 
0.000000 
0.000000 
0.000000 
0.000000 
0.000000 
0.000000 
0.000000 
0.000000 
0.000000 
0.000000 
0.000000 
0.000000 
0.000000 
0.000000 
0.000000 
0.000000 
0.000000 
0.000000 
0.000000 
0.000000 
0.000000 
0.000000 
0.000000 
0.000000 
0.000000 
0.000000 
0.000000 
0.000000 
0.000000 
0.000000 
0.000000 
0.000000 
0.000000 
0.000000 
0.000000 
0.000000 
0.000000 
0.000000 
0.000000 
0.000000 
0.000000 
0.000000 
0.000000 
0.000000 
0.000000 
0.000000 
0.000000 
0.000000 
0.000000 
0.000000 
0.000000 
0.000000 
0.000000 
0.000000 
0.000000 
0.000000 
0.000000 
0.000000 
0.000000 
0.000000 
0.000000 
0.000000 
0.000000 
0.000000 
0.000000 
0.000000 
0.000000 
0.000000 
0.000000 
0.000000 
0.000000 
0.000000 
0.000000 
0.000000 
0.000000 
0.000000 
0.000000 
0.000000 
0.000000 
0.000000 
0.000000 
0.000000 
0.000000 
0.000000 
0.000000 
0.000000 
0.000000 
0.000000 
0.000000 
0.000000 
0.000000 
0.000000 
0.000000 
0.000000 
0.000000 
0.000000 
0.000000 
0.000000 
0.000000 
0.000000 
0.000000 
0.000000 
0.000000 
0.000000 
0.000000 
0.000000 
0.000000 
0.000000 
0.000000 
0.000000 
0.000000 
0.000000 
0.000000 
0.000000 
0.000000 
0.000000 
0.000000 
0.000000 
0.000000 
0.000000 
0.000000 
0.000000 
0.000000 
0.000000 
0.000000 
0.000000 
0.000000 
0.000000 
0.000000 
0.000000 
0.000000 
0.000000 
0.000000 
0.000000 
0.000000 
0.000000 
0.000000 
0.000000 
0.000000 
0.000000 
0.000000 
0.000000 
0.000000 
0.000000 
0.000000 
0.000000 
0.000000 
0.000000 
0.000000 
0.000036 
0.000135 
0.000227 
0.000469 
0.000518 
0.000885 
0.001291 
0.001687 
0.001826 
0.002269 
0.003215 
0.003381 
0.004443 
0.006209 
0.005893 
0.007303 
0.011711 
0.010239 
0.013541 
0.012844 
0.017298 
0.017943 
0.020434 
0.018955 
0.020682 
0.019607 
0.015536 
0.017368 
0.019790 
0.021865 
0.020621 
0.019827 
0.018077 
0.016133 
0.019054 
0.020794 
0.017233 
0.019309 
0.019850 
0.018507 
0.019015 
0.021432 
0.030037 
0.025698 
0.033171 
0.027497 
0.028590 
0.028929 
0.032983 
0.040036 
0.039641 
0.044240 
0.030947 
0.043550 
0.043787 
0.034146 
0.037541 
0.052189 
0.046518 
0.048221 
0.048198 
0.043459 
0.033600 
0.045228 
0.060000 
0.053316 
0.047575 
0.052589 
0.051800 
0.059419 
0.052985 
0.057079 
0.059974 
0.061244 
0.058843 
0.065533 
0.044411 
0.073081 
0.069794 
0.056839 
0.065910 
0.061423 
0.074905 
0.069000 
0.070987 
0.072505 
0.064589 
0.067956 
0.067945 
0.075329 
0.086201 
0.069690 
0.072782 
0.059183 
0.095073 
0.082343 
0.093878 
0.079343 
0.092276 
0.085230 
0.087025 
0.112009 
0.103586 
0.109880 
0.118554 
0.121551 
0.135635 
0.116900 
0.170868 
0.172834 
0.203881 
0.172320 
0.164454 
0.215954 
0.222954 
0.170847 
0.238324 
0.187480 
0.180151 
0.153720 
0.198882 
0.193181 
0.154904 
0.162554 
0.239393 
0.198108 
0.226760 
0.193689 
0.231671 
0.247845 
0.246439 
0.205020 
0.250261 
0.293167 
0.255494 
0.249297 
0.327980 
0.323820 
0.376561 
0.398779 
0.356431 
0.416279 
0.406847 
0.446793 
0.419754 
0.484283 
0.525602 
0.608408 
0.619533 
0.624401 
0.655422 
0.599846 
0.531160 
0.526146 
0.508999 
0.509420 
0.566635 
0.485423 
0.437390 
0.573196 
0.539679 
0.456283 
0.562513 
0.566169 
0.459434 
0.472648 
0.512398 
0.468498 
0.386236 
0.439473 
0.366705 
0.338291 
0.413636 
0.424242 
0.466816 
0.495407 
0.546982 
0.707154 
0.663564 
0.733960 
0.673505 
0.484224 
0.729238 
0.728177 
0.608053 
0.613291 
0.571246 
0.474507 
0.466332 
0.547570 
0.476166 
0.582928 
0.561005 
0.695156 
0.559446 
0.820438 
0.760153 
0.701019 
0.724707 
0.856668 
0.848805 
0.738495 
0.735827 
0.798705 
0.827135 
0.746837 
0.755498 
0.826535 
0.799970 
0.811067 
0.829744 
1.013897 
0.871595 
0.943918 
0.935078 
1.084006 
0.825685 
1.153391 
0.966395 
0.983300 
0.931685 
1.111507 
0.985166 
1.278414 
1.058260 
1.134294 
1.012337 
1.098188 
0.885276 
1.166850 
1.082933 
1.046247 
1.310519 
1.119839 
1.070198 
1.212502 
1.201055 
1.240143 
1.147573 
0.870366 
0.865930 
0.749883 
0.547351 
0.455459 
0.435337 
0.418735 
0.542687 
0.809633 
0.830806 
0.915934 
0.924952 
1.205513 
1.050495 
1.021248 
1.189416 
1.030232 
1.174814 
1.273342 
1.186510 
0.991425 
1.167735 
1.242146 
1.085616 
1.197403 
1.024849 
1.144565 
1.112173 
1.128471 
1.138150 
1.344667 
1.092075 
1.038759 
1.130343 
1.140973 
1.279696 
1.365481 
0.950336 
0.938142 
1.205066 
1.088764 
1.177041 
1.140439 
1.073354 
1.206551 
1.418295 
1.194598 
1.141162 
1.022532 
0.705266 
0.575885 
0.466140 
0.332745 
0.318255 
0.212819 
0.230011 
0.227179 
0.386140 
0.565786 
0.691047 
0.812743 
1.065693 
1.047512 
1.236579 
1.280853 
1.073696 
1.404545 
1.556327 
1.451702 
1.182320 
1.087875 
1.412101 
1.703582 
1.483785 
1.354386 
1.277869 
1.411498 
1.276883 
1.407718 
1.066777 
1.568679 
1.477748 
1.344060 
1.622962 
1.291845 
1.646357 
1.293341 
1.602810 
1.343447 
1.230209 
1.232293 
1.258555 
1.621667 
1.454474 
1.497356 
1.452065 
1.347762 
1.446870 
1.463480 
1.468394 
1.602569 
1.710926 
1.594730 
1.336454 
1.682134 
1.527591 
1.454053 
1.807851 
1.674391 
2.142034 
1.485776 
1.825763 
1.364727 
1.851043 
1.752504 
1.745302 
1.724651 
1.522220 
1.650602 
1.539529 
1.662170 
1.582239 
1.520028 
1.559626 
1.568161 
1.492695 
1.024473 
1.427408 
1.964919 
1.852216 
1.982197 
1.884809 
1.441159 
1.291626 
1.112966 
0.999177 
0.918836 
1.016253 
1.090376 
1.278923 
1.227344 
1.249541 
1.386282 
1.352726 
1.558997 
1.987976 
1.671036 
1.808883 
1.807440 
1.741210 
1.392915 
1.629732 
1.473732 
1.058929 
1.270116 
1.021858 
1.031255 
0.970528 
0.825460 
0.861259 
0.641074 
0.901281 
1.277838 
1.601591 
1.554523 
1.917472 
1.972556 
1.733934 
1.761465 
1.728778 
1.778394 
1.643372 
1.413479 
1.153257 
1.133168 
1.151374 
0.957700 
1.422225 
1.518379 
1.749197 
1.732199 
1.836895 
2.113248 
2.007239 
1.639106 
1.594151 
1.592240 
1.596389 
1.801941 
1.680341 
1.787438 
1.649877 
1.755145 
1.961023 
2.039349 
1.875259 
1.816102 
1.731755 
1.897416 
1.679560 
1.029639 
1.057700 
1.050416 
0.639312 
0.425311 
0.365620 
0.412900 
0.429678 
0.418059 
0.421034 
0.354951 
0.428851 
0.777441 
0.948424 
1.320462 
1.580789 
1.825367 
1.569638 
1.689742 
1.839244 
1.956794 
1.405882 
1.781031 
1.776063 
1.825216 
1.957210 
2.001414 
1.823045 
1.970695 
2.221626 
1.663652 
1.913606 
1.929426 
1.879765 
1.904671 
1.963090 
2.060042 
1.825719 
2.006943 
1.862974 
1.907308 
1.479541 
1.333402 
0.967378 
0.487476 
0.507453 
0.526687 
0.540338 
0.553804 
0.719996 
0.718069 
0.773284 
1.066315 
1.150262 
0.937209 
1.083865 
1.182635 
0.843772 
0.752125 
0.747830 
0.516839 
0.751023 
0.863374 
0.983343 
0.954413 
1.229558 
1.301541 
1.410068 
1.569843 
1.612124 
1.548467 
1.633641 
1.208618 
1.130325 
0.894204 
0.580687 
0.785234 
0.749138 
0.813477 
0.823657 
0.870606 
0.986328 
0.755733 
0.833782 
0.763409 
0.620932 
0.744155 
0.775202 
0.782352 
0.911713 
0.820538 
1.077110 
0.955574 
1.282997 
1.316481 
1.292815 
1.212311 
1.435545 
1.668850 
1.648144 
1.775260 
2.005746 
1.671935 
1.697047 
1.849294 
1.343391 
1.593546 
1.227866 
0.893990 
0.908608 
0.777470 
0.687476 
0.536317 
0.530454 
0.499168 
0.506428 
0.530335 
0.707035 
0.761226 
0.929518 
1.170569 
1.333442 
1.365909 
1.660332 
1.852014 
2.246358 
1.810685 
2.038845 
1.731505 
2.146602 
2.083628 
1.937629 
1.768815 
1.880343 
1.574759 
1.786539 
1.888733 
1.882611 
1.922259 
2.014129 
1.842983 
1.869389 
1.831304 
1.698701 
1.824114 
1.983245 
1.736206 
1.630613 
1.982020 
2.133727 
1.801202 
1.657787 
1.816182 
1.493247 
1.922397 
2.177810 
1.812809 
2.074510 
1.455343 
1.851004 
1.667344 
1.781141 
1.837862 
1.431947 
1.248922 
1.460652 
1.460894 
1.638486 
1.327458 
1.771575 
2.076914 
1.439798 
1.658167 
1.816762 
1.618051 
1.823426 
1.994228 
1.736514 
1.652466 
1.424681 
1.816993 
1.575087 
1.538355 
1.728789 
1.545411 
1.650205 
1.433366 
1.925794 
1.341542 
1.422685 
1.258048 
1.440664 
1.291476 
1.301410 
1.081374 
0.945847 
0.919026 
1.295106 
1.610133 
1.609008 
1.656211 
2.038799 
1.998733 
1.913766 
1.776834 
1.578627 
1.606909 
1.416804 
1.803549 
1.729534 
1.566999 
1.422451 
1.604223 
1.516417 
1.838186 
1.861604 
1.632975 
1.374088 
1.665679 
1.309084 
1.336508 
1.270317 
1.224195 
1.247931 
1.402686 
1.190894 
1.230899 
1.026917 
1.298433 
1.104808 
0.970667 
1.114581 
1.192722 
1.159517 
1.528820 
1.316625 
1.302630 
1.454626 
1.420889 
1.332763 
1.124772 
1.392531 
1.093966 
0.903543 
0.682835 
0.538352 
0.514147 
0.431654 
0.427626 
0.367138 
0.404043 
0.397365 
0.402227 
0.369413 
0.402655 
0.428857 
0.410676 
0.330719 
0.460747 
0.592871 
0.482826 
0.501721 
0.669072 
0.600271 
0.808521 
0.887364 
0.955556 
1.120881 
1.228925 
1.411586 
1.109536 
1.367708 
1.229836 
1.204417 
1.010941 
1.206859 
1.082960 
1.035632 
0.842191 
0.817023 
0.895518 
0.662264 
0.726834 
0.757948 
0.643892 
0.700313 
0.751475 
0.721660 
0.795611 
0.840605 
0.952767 
1.037022 
1.040777 
1.121206 
1.363311 
1.457455 
1.249684 
1.489901 
1.467849 
1.196472 
1.238692 
1.265316 
1.234029 
1.027397 
0.790254 
0.690048 
0.769026 
0.871715 
0.770688 
0.716638 
0.758284 
0.717859 
0.815823 
0.884899 
0.590381 
0.751931 
0.835611 
1.156814 
0.940450 
0.879845 
1.090156 
1.057318 
0.949530 
0.964582 
1.107875 
1.018666 
0.867181 
0.827370 
0.785685 
0.630285 
0.568575 
0.706225 
0.506775 
0.681028 
0.784076 
0.886709 
0.776469 
0.757173 
0.751646 
0.481109 
0.515235 
0.544136 
0.413838 
0.455747 
0.459562 
0.573718 
0.474890 
0.496307 
0.576871 
0.460595 
0.491837 
0.532167 
0.480318 
0.516105 
0.500993 
0.395639 
0.496460 
0.473668 
0.443979 
0.438338 
0.346092 
0.358134 
0.355155 
0.295086 
0.312582 
0.292652 
0.323504 
0.292215 
0.231998 
0.193188 
0.212254 
0.223259 
0.217827 
0.198854 
0.173525 
0.201098 
0.184529 
0.164592 
0.171875 
0.197485 
0.179604 
0.198463 
0.181211 
0.187769 
0.162311 
0.151579 
0.171745 
0.171643 
0.191272 
0.176207 
0.173867 
0.177330 
0.201108 
0.229304 
0.187332 
0.250526 
0.220017 
0.189248 
0.264969 
0.264557 
0.230904 
0.271164 
0.279201 
0.306667 
0.306626 
0.326053 
0.290354 
0.307977 
0.323871 
0.285975 
0.289687 
0.301680 
0.300470 
0.255202 
0.329280 
0.292026 
0.349657 
0.283197 
0.308741 
0.305544 
0.330631 
0.399748 
0.345440 
0.349631 
0.321686 
0.433876 
0.415545 
0.562204 
0.572007 
0.591907 
0.657701 
0.583872 
0.686182 
0.582006 
0.584116 
0.707924 
0.550696 
0.516609 
0.374395 
0.374510 
0.299891 
0.327301 
0.286993 
0.263414 
0.270959 
0.289431 
0.334209 
0.242099 
0.195221 
0.200227 
0.146496 
0.155117 
0.157268 
0.161885 
0.140729 
0.133113 
0.121497 
0.140456 
0.116157 
0.100265 
0.103759 
0.113597 
0.126414 
0.110637 
0.149043 
0.145067 
0.119352 
0.153479 
0.153696 
0.120720 
0.111413 
0.111632 
0.101443 
0.112527 
0.106416 
0.125802 
0.122873 
0.133271 
0.141215 
0.104180 
0.122059 
0.126831 
0.110738 
0.118469 
0.124780 
0.105676 
0.118443 
0.119902 
0.107591 
0.089662 
0.084393 
0.075058 
0.070991 
0.085019 
0.062755 
0.063996 
0.060857 
0.064143 
0.053852 
0.056838 
0.059192 
0.058016 
0.055201 
0.043824 
0.055181 
0.060428 
0.054429 
0.048690 
0.044193 
0.043055 
0.048651 
0.031692 
0.039641 
0.039962 
0.037678 
0.033111 
0.026576 
0.035359 
0.022064 
0.023222 
0.025863 
0.016034 
0.021557 
0.018557 
0.016914 
0.016157 
0.013339 
0.013262 
0.011307 
0.012458 
0.011818 
0.011872 
0.012051 
0.011967 
0.011286 
0.012434 
0.012889 
0.010342 
0.013888 
0.014698 
0.012756 
0.014250 
0.011819 
0.011067 
0.012709 
0.011442 
0.011390 
0.008675 
0.006666 
0.006806 
0.006729 
0.005814 
0.004973 
0.005319 
0.005085 
0.004589 
0.003930 
0.004877 
0.005038 
0.005056 
0.004705 
0.004207 
0.004455 
0.004614 
0.004531 
0.003651 
0.003185 
0.003865 
0.003650 
0.002969 
0.002737 
0.002371 
0.001893 
0.001967 
0.001842 
0.001296 
0.001271 
0.001032 
0.000529 
0.000249 
0.000125 
0.000093 
0.000053 
0.000025 
0.000007 
0.000000 
0.000000 
0.000000 
0.000000 
0.000000 
0.000000 
0.000000 
0.000000 
0.000000 
0.000000 
0.000000 
0.000000 
0.000000 
0.000000 
0.000000 
0.000000 
0.000000 
0.000000 
0.000000 
0.000000 
0.000000 
0.000000 
0.000000 
0.000000 
0.000000 
0.000000 
0.000000 
0.000000 
0.000000 
0.000000 
0.000000 
0.000000 
0.000000 
0.000000 
0.000000 
0.000000 
0.000000 
0.000000 
0.000000 
0.000000 
0.000000 
0.000000 
0.000000 
0.000000 
0.000000 
0.000000 
0.000000 
0.000000 
0.000000 
0.000000 
0.000000 
0.000000 
0.000000 
0.000000 
0.000000 
0.000000 
0.000000 
0.000000 
0.000000 
0.000000 
0.000000 
0.000000 
0.000000 
0.000000 
0.000000 
0.000000 
0.000000 
0.000000 
0.000000 
0.000000 
0.000000 
0.000000 
0.000000 
0.000000 
0.000000 
0.000000 
0.000000 
0.000000 
0.000000 
0.000000 
0.000000 
0.000000 
0.000000 
0.000000 
0.000000 
0.000000 
0.000000 
0.000000 
0.000000 
0.000000 
0.000000 
0.000000 
0.000000 
0.000000 
0.000000 
0.000000 
0.000000 
0.000000 
0.000000 
0.000000 
0.000000 
0.000000 
0.000000 
0.000000 
0.000000 
0.000000 
0.000000 
0.000000 
0.000000 
0.000000 
0.000000 
0.000000 
0.000000 
0.000000 
0.000000 
0.000000 
0.000000 
0.000000 
0.000000 
0.000000 
0.000000 
0.000000 
0.000000 
0.000000 
0.000000 
0.000000 
0.000000 
0.000000 
0.000000 
0.000000 
0.000000 
0.000000 
0.000000 
0.000000 
0.000000 
0.000000 
0.000000 
0.000000 
0.000000 
0.000000 
0.000000 
0.000000 
0.000000 
0.000000 
0.000000 
0.000000 
0.000000 
0.000000 
0.000000 
0.000000 
0.000000 
0.000000 
0.000000 
0.000000 
0.000000 
0.000000 
0.000000 
0.000000 
0.000000 
0.000000 
0.000000 
0.000000 
0.000000 
0.000000 
0.000000 
0.000000 
0.000000 
0.000000 
0.000000 
0.000000 
0.000000 
0.000000 
0.000000 
0.000000 
0.000000 
0.000000 
0.000000 
0.000000 
0.000000 
0.000000 
0.000000 
0.000000 
0.000000 
0.000000 
0.000000 
0.000000 
0.000000 
0.000000 
0.000000 
0.000000 
0.000000 
