0.000000 
0.000000 
0.000000 
0.000000 
0.000000 
0.000000 
0.000000 
0.000000 
0.000000 
0.000000 
0.000000 
0.000000 
0.000000 
0.000000 
0.000000 
0.000000 
0.000000 
0.000000 
0.000000 
0.000000 
0.000000 
0.000000 
0.000000 
0.000000 
0.000000 
0.000000 
0.000000 
0.000000 
0.000000 
0.000000 
0.000000 
0.000000 
0.000000 
0.000000 
0.000000 
0.000000 
0.000000 
0.000000 
0.000000 
0.000000 
0.000000 
0.000000 
0.000000 
0.000000 
0.000000 
0.000000 
0.000000 
0.000000 
0.000000 
0.000000 
0.000000 
0.000000 
0.000000 
0.000000 
0.000000 
0.000000 
0.000000 
0.000000 
0.000000 
0.000000 
0.000000 
0.000000 
0.000000 
0.000000 
0.000000 
0.000000 
0.000000 
0.000000 
0.000000 
0.000000 
0.000000 
0.000000 
0.000000 
0.000000 
0.000000 
0.000000 
0.000000 
0.000000 
0.000000 
0.000000 
0.000000 
0.000000 
0.000000 
0.000000 
0.000000 
0.000000 
0.000000 
0.000000 
0.000000 
0.000000 
0.000000 
0.000000 
0.000000 
0.000000 
0.000000 
0.000000 
0.000000 
0.000000 
0.000000 
0.000000 
0.000000 
0.000000 
0.000000 
0.000000 
0.000000 
0.000000 
0.000000 
0.000000 
0.000000 
0.000000 
0.000000 
0.000000 
0.000000 
0.000000 
0.000000 
0.000000 
0.000000 
0.000000 
0.000000 
0.000000 
0.000000 
0.000000 
0.000000 
0.000000 
0.000000 
0.000000 
0.000000 
0.000000 
0.000000 
0.000000 
0.000000 
0.000000 
0.000000 
0.000000 
0.000000 
0.000000 
0.000000 
0.000000 
0.000000 
0.000000 
0.000000 
0.000000 
0.000000 
0.000000 
0.000000 
0.000000 
0.000000 
0.000000 
0.000000 
0.000000 
0.000000 
0.000000 
0.000000 
0.000000 
0.000000 
0.000000 
0.000000 
0.000000 
0.000000 
0.000000 
0.000000 
0.000000 
0.000000 
0.000000 
0.000000 
0.000000 
0.000000 
0.000000 
0.000000 
0.000000 
0.000000 
0.000000 
0.000000 
0.000000 
0.000000 
0.000000 
0.000000 
0.000000 
0.000000 
0.000000 
0.000000 
0.000000 
0.000000 
0.000000 
0.000000 
0.000000 
0.000000 
0.000000 
0.000000 
0.000000 
0.000000 
0.000000 
0.000000 
0.000000 
0.000000 
0.000000 
0.000000 
0.000000 
0.000000 
0.000000 
0.000000 
0.000000 
0.000000 
0.000000 
0.000000 
0.000000 
0.000000 
0.000000 
0.000000 
0.000000 
0.000000 
0.000000 
0.000000 
0.000000 
0.000000 
0.000000 
0.000000 
0.000000 
0.000000 
0.000000 
0.000000 
0.000000 
0.000000 
0.000000 
0.000000 
0.000019 
0.000073 
0.000134 
0.000245 
0.000413 
0.000511 
0.000594 
0.000899 
0.001183 
0.001393 
0.002050 
0.001973 
0.002916 
0.003567 
0.003364 
0.004784 
0.005493 
0.006167 
0.008554 
0.007155 
0.010270 
0.011660 
0.010057 
0.011258 
0.013186 
0.011417 
0.013026 
0.010528 
0.014346 
0.013320 
0.012015 
0.012201 
0.013905 
0.011547 
0.011856 
0.012726 
0.014380 
0.011892 
0.011259 
0.012669 
0.013185 
0.015281 
0.014523 
0.014773 
0.015728 
0.016969 
0.018724 
0.016784 
0.019299 
0.019303 
0.026497 
0.030090 
0.019335 
0.027064 
0.029441 
0.028197 
0.030923 
0.031187 
0.022205 
0.025087 
0.026162 
0.029937 
0.031031 
0.030036 
0.030301 
0.036387 
0.029284 
0.033709 
0.028845 
0.029344 
0.034385 
0.038820 
0.033341 
0.041425 
0.026270 
0.042182 
0.044398 
0.034813 
0.034431 
0.038342 
0.044814 
0.032713 
0.039394 
0.041635 
0.047311 
0.049091 
0.042816 
0.052545 
0.044017 
0.048831 
0.045084 
0.053688 
0.054991 
0.051173 
0.049358 
0.065193 
0.060486 
0.058551 
0.047788 
0.064754 
0.061617 
0.056939 
0.065823 
0.081037 
0.076042 
0.074526 
0.111360 
0.106340 
0.124284 
0.103651 
0.132592 
0.113642 
0.144751 
0.125533 
0.141185 
0.106274 
0.137328 
0.101952 
0.099033 
0.107103 
0.120200 
0.118613 
0.115798 
0.135854 
0.131391 
0.129067 
0.124154 
0.129145 
0.146802 
0.158065 
0.148968 
0.151003 
0.142283 
0.151097 
0.191931 
0.177928 
0.198382 
0.187502 
0.205968 
0.214733 
0.250169 
0.258395 
0.303645 
0.258021 
0.274306 
0.328082 
0.298001 
0.375457 
0.438426 
0.366109 
0.350658 
0.383480 
0.365739 
0.295117 
0.318032 
0.302793 
0.276780 
0.340489 
0.277179 
0.285548 
0.264145 
0.310745 
0.337123 
0.275372 
0.310962 
0.294404 
0.327856 
0.292554 
0.247153 
0.277858 
0.275539 
0.288023 
0.288299 
0.298344 
0.285992 
0.353785 
0.376852 
0.398013 
0.430670 
0.472123 
0.433793 
0.497593 
0.435090 
0.379907 
0.356585 
0.311928 
0.354329 
0.305721 
0.323416 
0.300869 
0.354213 
0.386233 
0.390794 
0.371816 
0.475584 
0.405502 
0.412549 
0.502968 
0.510377 
0.420753 
0.452910 
0.482623 
0.431044 
0.457214 
0.482211 
0.402994 
0.595706 
0.597238 
0.637812 
0.616867 
0.594476 
0.434690 
0.617025 
0.653364 
0.652215 
0.565526 
0.602292 
0.576614 
0.667945 
0.610730 
0.702146 
0.654161 
0.560861 
0.727549 
0.669213 
0.723720 
0.765746 
0.741213 
0.790465 
0.582274 
0.707936 
0.713694 
0.716969 
0.871385 
0.836007 
0.714745 
0.606542 
0.711047 
0.762146 
0.563339 
0.545734 
0.356551 
0.374572 
0.335333 
0.227944 
0.284865 
0.358578 
0.527238 
0.617034 
0.605473 
0.677632 
0.670775 
0.579747 
0.717572 
0.578361 
0.745392 
0.706668 
0.552327 
0.603413 
0.675546 
0.734105 
0.614137 
0.840443 
0.739076 
0.715387 
0.665178 
0.724020 
0.641001 
0.749603 
0.744804 
0.699786 
0.644612 
0.700322 
0.671286 
0.826310 
0.723869 
0.676254 
0.643422 
0.767642 
0.568077 
0.587489 
0.732908 
0.668325 
0.908144 
0.772128 
0.726406 
0.730820 
0.673928 
0.464156 
0.466898 
0.289853 
0.203733 
0.199603 
0.144314 
0.095432 
0.170775 
0.241931 
0.402510 
0.437602 
0.506642 
0.567080 
0.695606 
0.775606 
0.871748 
0.796390 
0.865123 
0.710043 
0.813583 
1.002363 
0.889342 
0.912834 
0.783370 
0.803479 
0.920668 
0.821821 
0.965733 
1.045870 
0.887295 
1.077800 
0.878006 
0.985861 
0.963314 
0.934565 
0.819082 
0.983422 
0.759034 
0.880829 
0.840245 
0.953477 
0.987295 
0.831289 
0.933800 
0.925795 
0.892145 
0.995662 
0.846603 
1.008969 
1.224026 
0.964526 
0.679009 
0.687390 
0.972256 
0.874857 
1.109976 
0.948908 
0.903033 
0.847452 
0.796400 
1.059106 
0.677379 
1.064199 
0.963346 
0.914863 
0.931540 
0.977975 
0.887008 
0.972618 
0.994924 
1.115334 
0.949020 
1.053903 
0.792571 
0.886461 
1.043111 
1.116835 
0.960809 
0.994458 
1.008106 
0.994921 
1.024547 
1.065548 
0.957231 
0.641752 
0.653035 
0.603776 
0.643694 
0.703142 
0.656534 
0.670272 
0.627139 
0.688002 
0.784529 
1.039507 
1.116228 
1.135240 
1.344519 
1.299387 
1.036806 
1.112470 
1.077154 
0.931253 
0.787391 
0.612840 
0.551073 
0.622714 
0.624140 
0.649355 
0.636863 
0.576045 
0.491771 
0.583009 
0.723024 
0.861564 
0.979543 
1.094791 
0.943160 
0.927411 
1.088263 
1.224973 
1.264952 
0.987699 
0.744774 
0.754704 
0.646053 
0.726830 
0.703566 
0.877343 
0.924337 
1.147969 
1.309731 
1.117400 
1.142196 
1.077927 
1.211785 
1.139754 
0.991719 
0.955655 
0.873678 
0.882176 
1.039766 
1.013227 
0.990960 
1.129983 
0.878061 
1.362813 
1.114208 
1.062449 
0.952097 
0.900309 
0.714845 
0.664123 
0.587048 
0.407050 
0.310698 
0.287030 
0.224594 
0.233060 
0.233843 
0.215855 
0.231468 
0.306845 
0.468712 
0.583632 
0.759226 
0.917757 
1.045628 
1.110628 
1.228854 
1.182616 
1.391692 
1.205603 
1.007966 
1.367312 
1.090408 
0.797123 
1.326139 
1.082458 
1.144803 
1.308474 
1.087703 
1.309892 
1.126741 
1.412152 
1.107606 
1.154531 
1.216490 
1.069937 
1.152703 
1.123105 
0.987746 
1.025117 
0.952573 
0.602348 
0.440482 
0.294258 
0.300072 
0.401438 
0.474444 
0.447951 
0.534503 
0.560256 
0.572244 
0.638592 
0.658175 
0.598605 
0.748140 
0.591680 
0.472941 
0.427802 
0.382466 
0.412752 
0.444980 
0.646895 
0.721678 
0.928548 
0.825160 
0.800001 
0.937952 
1.005036 
0.857339 
0.959598 
0.858428 
0.570723 
0.568334 
0.492162 
0.497767 
0.450656 
0.526369 
0.486235 
0.470710 
0.469371 
0.442401 
0.415276 
0.386484 
0.559856 
0.441819 
0.401423 
0.538645 
0.543282 
0.467198 
0.543085 
0.534235 
0.633495 
0.659131 
0.785276 
0.947175 
0.824596 
0.831882 
1.038687 
1.126051 
1.187509 
1.254694 
0.945694 
0.933490 
1.135819 
1.000091 
0.823462 
0.607420 
0.510010 
0.431556 
0.377163 
0.318439 
0.403296 
0.309744 
0.329390 
0.288153 
0.334965 
0.508306 
0.545618 
0.798836 
0.819121 
0.949878 
1.061931 
1.342551 
1.127340 
1.364590 
1.131755 
1.154870 
0.965344 
1.009812 
1.236647 
1.240414 
1.263045 
1.173487 
0.913390 
1.039672 
0.998315 
0.954357 
1.179003 
1.019891 
1.111577 
1.121424 
1.025267 
1.192685 
1.170712 
1.105158 
1.214858 
1.238874 
1.013941 
1.326539 
1.143123 
1.017909 
1.065397 
1.075808 
1.029522 
1.058169 
1.086358 
1.204900 
1.181452 
1.067325 
1.285901 
1.150160 
1.092085 
0.857002 
0.823945 
0.980601 
0.897806 
0.887710 
0.975104 
1.055352 
0.859419 
0.919918 
1.047374 
1.075240 
1.123632 
1.158674 
0.936075 
0.834129 
1.243972 
1.029286 
0.941185 
1.042489 
1.175127 
1.051033 
1.087600 
1.184329 
1.027801 
0.934878 
0.815316 
0.736408 
0.780055 
0.673427 
0.687369 
0.691754 
0.584619 
0.740113 
0.881542 
0.834568 
1.063004 
0.993775 
0.969055 
1.182852 
1.070338 
1.119393 
1.116348 
0.979460 
1.062997 
1.068067 
0.891183 
0.920030 
0.987848 
0.918319 
0.797927 
1.162770 
1.073653 
1.173179 
0.903826 
0.879976 
0.851581 
0.778134 
0.876783 
0.755358 
0.765500 
0.619584 
0.802275 
0.726205 
0.594480 
0.653714 
0.684417 
0.678194 
0.601805 
0.705778 
0.828591 
0.797098 
0.858946 
0.952152 
0.911527 
0.942092 
0.783130 
0.737677 
0.881517 
0.554075 
0.488566 
0.349376 
0.325861 
0.236629 
0.263188 
0.238690 
0.311533 
0.252821 
0.234599 
0.205053 
0.253579 
0.216672 
0.276644 
0.226152 
0.298691 
0.303861 
0.337943 
0.339714 
0.283095 
0.349725 
0.390571 
0.450830 
0.593075 
0.630885 
0.653342 
0.707864 
0.823737 
0.847847 
0.715332 
0.763565 
0.599936 
0.668263 
0.743763 
0.662478 
0.571286 
0.575902 
0.551639 
0.512277 
0.480429 
0.487951 
0.476739 
0.455063 
0.446349 
0.475456 
0.451543 
0.507318 
0.488136 
0.649445 
0.564152 
0.756677 
0.658095 
0.938495 
0.896067 
0.827615 
0.861968 
0.925275 
0.929952 
0.790260 
0.820528 
0.740108 
0.660577 
0.563700 
0.506238 
0.460891 
0.479404 
0.556039 
0.424702 
0.500254 
0.388795 
0.492619 
0.497077 
0.449670 
0.403193 
0.518130 
0.443191 
0.569153 
0.591743 
0.637500 
0.637709 
0.727833 
0.619725 
0.766348 
0.586859 
0.599106 
0.527765 
0.536290 
0.430122 
0.470739 
0.416248 
0.455001 
0.493494 
0.572705 
0.570679 
0.531405 
0.447882 
0.418618 
0.307187 
0.296096 
0.271333 
0.307859 
0.335275 
0.331819 
0.332608 
0.371826 
0.291193 
0.222647 
0.356565 
0.362199 
0.278300 
0.324438 
0.285766 
0.287464 
0.309582 
0.319627 
0.271056 
0.285965 
0.300266 
0.239100 
0.208701 
0.207694 
0.203954 
0.195084 
0.204961 
0.156051 
0.152242 
0.134885 
0.144382 
0.159524 
0.153038 
0.115782 
0.122916 
0.117852 
0.092021 
0.101635 
0.110770 
0.124693 
0.106681 
0.093323 
0.111556 
0.102989 
0.123251 
0.096336 
0.105225 
0.108144 
0.097039 
0.104973 
0.106684 
0.107749 
0.113433 
0.120509 
0.119783 
0.143527 
0.145937 
0.144848 
0.148973 
0.155022 
0.129421 
0.139268 
0.152332 
0.157792 
0.222062 
0.189299 
0.204585 
0.172649 
0.193012 
0.180721 
0.199406 
0.185795 
0.195803 
0.170689 
0.181298 
0.172447 
0.176679 
0.177282 
0.207453 
0.193798 
0.210370 
0.194111 
0.253499 
0.217994 
0.240248 
0.223873 
0.242649 
0.280308 
0.281242 
0.362499 
0.469410 
0.401190 
0.407392 
0.381166 
0.440673 
0.417921 
0.335068 
0.286289 
0.283082 
0.269713 
0.225094 
0.185064 
0.180600 
0.162731 
0.194787 
0.191927 
0.167789 
0.192035 
0.148927 
0.128423 
0.105515 
0.103198 
0.117710 
0.063864 
0.077269 
0.091531 
0.071033 
0.078380 
0.068219 
0.069939 
0.072565 
0.079590 
0.073594 
0.079504 
0.071140 
0.073594 
0.094968 
0.071836 
0.077964 
0.077062 
0.073486 
0.071796 
0.084067 
0.066245 
0.059627 
0.075119 
0.068511 
0.080472 
0.088654 
0.087986 
0.091855 
0.084917 
0.083028 
0.084103 
0.085965 
0.068964 
0.086279 
0.073375 
0.071708 
0.062196 
0.045998 
0.057698 
0.049399 
0.045763 
0.044403 
0.038924 
0.045377 
0.038081 
0.040385 
0.031079 
0.038552 
0.039243 
0.031199 
0.035860 
0.037929 
0.036444 
0.037453 
0.026446 
0.028658 
0.028830 
0.025288 
0.021516 
0.026679 
0.023027 
0.022781 
0.019484 
0.019026 
0.021013 
0.017541 
0.017749 
0.017366 
0.015050 
0.012540 
0.011406 
0.011406 
0.009481 
0.008847 
0.006829 
0.006980 
0.007971 
0.006384 
0.007550 
0.006904 
0.007889 
0.008126 
0.007188 
0.007154 
0.006904 
0.006953 
0.007660 
0.008432 
0.007264 
0.009465 
0.006076 
0.008228 
0.008245 
0.006240 
0.006505 
0.004916 
0.004886 
0.004624 
0.003741 
0.002926 
0.004004 
0.003330 
0.003424 
0.003172 
0.003477 
0.002983 
0.002585 
0.002810 
0.002740 
0.002583 
0.002313 
0.002427 
0.002802 
0.002768 
0.002652 
0.002426 
0.002078 
0.001889 
0.002024 
0.001521 
0.001475 
0.001173 
0.001102 
0.000970 
0.000643 
0.000520 
0.000298 
0.000136 
0.000073 
0.000065 
0.000034 
0.000015 
0.000004 
0.000000 
0.000000 
0.000000 
0.000000 
0.000000 
0.000000 
0.000000 
0.000000 
0.000000 
0.000000 
0.000000 
0.000000 
0.000000 
0.000000 
0.000000 
0.000000 
0.000000 
0.000000 
0.000000 
0.000000 
0.000000 
0.000000 
0.000000 
0.000000 
0.000000 
0.000000 
0.000000 
0.000000 
0.000000 
0.000000 
0.000000 
0.000000 
0.000000 
0.000000 
0.000000 
0.000000 
0.000000 
0.000000 
0.000000 
0.000000 
0.000000 
0.000000 
0.000000 
0.000000 
0.000000 
0.000000 
0.000000 
0.000000 
0.000000 
0.000000 
0.000000 
0.000000 
0.000000 
0.000000 
0.000000 
0.000000 
0.000000 
0.000000 
0.000000 
0.000000 
0.000000 
0.000000 
0.000000 
0.000000 
0.000000 
0.000000 
0.000000 
0.000000 
0.000000 
0.000000 
0.000000 
0.000000 
0.000000 
0.000000 
0.000000 
0.000000 
0.000000 
0.000000 
0.000000 
0.000000 
0.000000 
0.000000 
0.000000 
0.000000 
0.000000 
0.000000 
0.000000 
0.000000 
0.000000 
0.000000 
0.000000 
0.000000 
0.000000 
0.000000 
0.000000 
0.000000 
0.000000 
0.000000 
0.000000 
0.000000 
0.000000 
0.000000 
0.000000 
0.000000 
0.000000 
0.000000 
0.000000 
0.000000 
0.000000 
0.000000 
0.000000 
0.000000 
0.000000 
0.000000 
0.000000 
0.000000 
0.000000 
0.000000 
0.000000 
0.000000 
0.000000 
0.000000 
0.000000 
0.000000 
0.000000 
0.000000 
0.000000 
0.000000 
0.000000 
0.000000 
0.000000 
0.000000 
0.000000 
0.000000 
0.000000 
0.000000 
0.000000 
0.000000 
0.000000 
0.000000 
0.000000 
0.000000 
0.000000 
0.000000 
0.000000 
0.000000 
0.000000 
0.000000 
0.000000 
0.000000 
0.000000 
0.000000 
0.000000 
0.000000 
0.000000 
0.000000 
0.000000 
0.000000 
0.000000 
0.000000 
0.000000 
0.000000 
0.000000 
0.000000 
0.000000 
0.000000 
0.000000 
0.000000 
0.000000 
0.000000 
0.000000 
0.000000 
0.000000 
0.000000 
0.000000 
0.000000 
0.000000 
0.000000 
0.000000 
0.000000 
0.000000 
0.000000 
0.000000 
0.000000 
0.000000 
0.000000 
0.000000 
0.000000 
0.000000 
0.000000 
0.000000 
