0.036000 
0.036000 
0.036000 
0.036000 
0.036000 
0.036000 
0.036000 
0.036000 
0.036000 
0.036000 
0.036000 
0.036000 
0.036000 
0.036000 
0.036000 
0.036000 
0.036000 
0.036000 
0.036000 
0.036000 
0.036000 
0.036000 
0.036000 
0.036000 
0.036000 
0.036000 
0.036000 
0.036000 
0.036000 
0.036000 
0.036000 
0.036000 
0.036000 
0.036000 
0.036000 
0.036000 
0.036000 
0.036000 
0.036000 
0.036000 
0.036000 
0.036000 
0.036000 
0.036000 
0.036000 
0.036000 
0.036000 
0.036000 
0.036000 
0.036000 
0.036000 
0.036000 
0.036000 
0.036000 
0.036000 
0.036000 
0.036000 
0.036000 
0.036000 
0.036000 
0.052380 
0.091440 
0.138060 
0.177120 
0.193500 
0.193500 
0.193500 
0.193500 
0.193500 
0.193500 
0.193500 
0.193500 
0.193500 
0.193500 
0.193500 
0.193500 
0.193500 
0.193500 
0.193500 
0.193500 
0.186091 
0.167494 
0.143150 
0.118505 
0.099000 
0.082771 
0.065938 
0.050918 
0.040133 
0.036000 
0.036000 
0.036000 
0.036000 
0.036000 
0.036000 
0.036000 
0.036000 
0.036000 
0.036000 
0.036000 
0.036000 
0.036000 
0.036000 
0.036000 
0.036000 
0.036000 
0.036000 
0.036000 
0.036000 
0.036000 
0.036000 
0.036000 
0.036000 
0.036000 
0.036000 
0.036000 
0.036000 
0.036000 
0.036000 
0.036000 
0.036000 
0.036000 
0.036000 
0.036000 
0.036000 
0.036000 
0.036000 
0.036000 
0.036000 
0.036000 
0.041855 
0.056133 
0.073904 
0.090236 
0.100200 
0.104476 
0.107506 
0.110004 
0.112681 
0.116250 
0.120681 
0.125699 
0.131652 
0.138886 
0.147750 
0.165453 
0.193504 
0.223699 
0.247832 
0.257700 
0.251023 
0.235102 
0.216098 
0.200177 
0.193500 
0.193500 
0.193500 
0.193500 
0.193500 
0.193500 
0.193500 
0.193500 
0.193500 
0.193500 
0.193500 
0.182009 
0.153986 
0.119110 
0.087055 
0.067500 
0.057773 
0.049154 
0.042250 
0.037663 
0.036000 
0.036000 
0.036000 
0.036000 
0.036000 
0.036000 
0.036000 
0.036000 
0.036000 
0.036000 
0.036000 
0.036000 
0.036000 
0.036000 
0.036000 
0.036000 
0.044346 
0.064248 
0.088002 
0.107904 
0.116250 
0.116250 
0.116250 
0.116250 
0.116250 
0.116250 
0.116250 
0.116250 
0.116250 
0.116250 
0.116250 
0.114144 
0.108649 
0.100996 
0.092419 
0.084150 
0.074212 
0.061654 
0.049251 
0.039775 
0.036000 
0.036000 
0.036000 
0.036000 
0.036000 
0.036000 
0.036000 
0.036000 
0.036000 
0.036000 
0.036000 
0.036000 
0.036000 
0.036000 
0.036000 
0.036000 
0.036000 
0.036000 
0.036000 
0.036000 
0.036000 
0.036000 
0.036000 
0.036000 
0.036000 
0.036000 
0.036000 
0.036000 
0.036000 
0.036000 
0.036000 
0.036000 
0.036000 
0.036000 
0.036000 
0.036000 
0.036000 
0.036000 
0.036000 
0.036000 
0.036000 
0.047491 
0.075514 
0.110390 
0.142445 
0.162000 
0.170508 
0.176689 
0.181766 
0.186962 
0.193500 
0.202150 
0.212235 
0.222810 
0.232931 
0.241650 
0.249919 
0.258496 
0.266149 
0.271644 
0.273750 
0.269617 
0.258832 
0.243812 
0.226979 
0.210750 
0.194023 
0.174932 
0.154755 
0.134768 
0.116250 
0.096794 
0.075504 
0.055916 
0.041569 
0.036000 
0.036000 
0.036000 
0.036000 
0.036000 
0.036000 
0.036000 
0.036000 
0.036000 
0.036000 
0.036000 
0.036000 
0.036000 
0.036000 
0.036000 
0.036000 
0.036000 
0.036000 
0.036000 
0.036000 
0.036000 
0.036000 
0.036000 
0.036000 
0.036000 
0.036000 
0.036000 
0.036000 
0.036000 
0.036000 
0.036000 
0.045148 
0.067769 
0.096632 
0.124503 
0.144150 
0.155127 
0.163217 
0.170528 
0.179170 
0.191250 
0.216912 
0.257132 
0.300271 
0.334690 
0.348750 
0.343431 
0.329793 
0.311315 
0.291475 
0.273750 
0.255479 
0.234337 
0.214305 
0.199365 
0.193500 
0.193500 
0.193500 
0.193500 
0.193500 
0.193500 
0.186091 
0.167494 
0.143150 
0.118505 
0.099000 
0.082771 
0.065938 
0.050918 
0.040133 
0.036000 
0.036000 
0.036000 
0.036000 
0.036000 
0.036000 
0.036000 
0.036000 
0.036000 
0.036000 
0.036000 
0.036000 
0.036000 
0.036000 
0.036000 
0.036000 
0.036000 
0.036000 
0.036000 
0.036000 
0.036000 
0.036000 
0.036000 
0.036000 
0.036000 
0.036000 
0.036000 
0.036000 
0.036000 
0.036000 
0.036000 
0.036000 
0.036000 
0.036000 
0.036000 
0.036000 
0.036000 
0.036000 
0.036000 
0.036000 
0.036000 
0.036000 
0.036000 
0.036000 
0.036000 
0.036000 
0.039678 
0.049601 
0.064105 
0.081526 
0.100200 
0.130246 
0.174786 
0.221658 
0.258700 
0.273750 
0.273750 
0.273750 
0.273750 
0.273750 
0.273750 
0.275825 
0.280772 
0.286678 
0.291625 
0.293700 
0.290189 
0.280960 
0.267966 
0.253161 
0.238500 
0.220719 
0.198103 
0.174928 
0.155469 
0.144000 
0.138257 
0.133309 
0.129433 
0.126904 
0.126000 
0.135360 
0.157680 
0.184320 
0.206640 
0.216000 
0.212880 
0.205440 
0.196560 
0.189120 
0.186000 
0.186000 
0.186000 
0.186000 
0.186000 
0.186000 
0.186000 
0.186000 
0.186000 
0.186000 
0.186000 
0.184363 
0.180070 
0.174046 
0.167214 
0.160500 
0.152070 
0.141146 
0.130238 
0.121853 
0.118500 
0.118500 
0.118500 
0.118500 
0.118500 
0.118500 
0.213551 
0.440210 
0.710740 
0.937399 
1.032450 
0.964153 
0.801292 
0.606908 
0.444047 
0.375750 
0.396940 
0.451091 
0.524077 
0.601772 
0.670050 
0.738328 
0.816023 
0.889009 
0.943160 
0.964350 
0.900084 
0.746081 
0.560537 
0.401645 
0.327600 
0.316438 
0.307500 
0.300932 
0.296883 
0.295500 
0.299633 
0.310418 
0.325438 
0.342271 
0.358500 
0.378005 
0.402650 
0.426994 
0.445591 
0.453000 
0.453000 
0.453000 
0.453000 
0.453000 
0.453000 
0.453000 
0.453000 
0.453000 
0.453000 
0.453000 
0.453000 
0.453000 
0.453000 
0.453000 
0.453000 
0.463380 
0.490895 
0.530110 
0.575590 
0.621900 
0.685479 
0.772139 
0.860506 
0.929201 
0.956850 
0.895636 
0.749663 
0.575437 
0.429464 
0.368250 
0.368250 
0.368250 
0.368250 
0.368250 
0.368250 
0.354694 
0.322015 
0.282193 
0.247211 
0.229050 
0.224639 
0.222081 
0.220125 
0.217515 
0.213000 
0.190825 
0.146458 
0.095479 
0.053466 
0.036000 
0.036000 
0.036000 
0.036000 
0.036000 
0.036000 
0.036000 
0.036000 
0.036000 
0.036000 
0.036000 
0.036000 
0.036000 
0.036000 
0.036000 
0.036000 
0.036000 
0.036000 
0.036000 
0.036000 
0.036000 
0.036000 
0.036000 
0.036000 
0.036000 
0.036000 
0.036000 
0.036000 
0.036000 
0.036000 
0.036000 
0.036757 
0.038913 
0.042296 
0.046732 
0.052050 
0.065457 
0.090519 
0.121597 
0.153053 
0.179250 
0.202958 
0.228129 
0.250896 
0.267392 
0.273750 
0.273750 
0.273750 
0.273750 
0.273750 
0.273750 
0.269975 
0.260499 
0.248096 
0.235538 
0.225600 
0.219038 
0.213874 
0.208781 
0.202432 
0.193500 
0.170294 
0.130380 
0.086320 
0.050673 
0.036000 
0.036000 
0.036000 
0.036000 
0.036000 
0.036000 
0.036000 
0.036000 
0.036000 
0.036000 
0.036000 
0.036000 
0.036000 
0.036000 
0.036000 
0.036000 
0.036000 
0.036000 
0.036000 
0.036000 
0.036000 
0.036000 
0.036000 
0.036000 
0.036000 
0.036000 
0.036000 
0.036000 
0.036000 
0.036000 
0.036000 
0.036000 
0.036000 
0.036000 
0.036000 
0.036000 
0.036000 
0.036000 
0.036000 
0.036000 
0.036000 
0.047491 
0.075514 
0.110390 
0.142445 
0.162000 
0.170710 
0.177293 
0.182672 
0.187767 
0.193500 
0.199676 
0.205680 
0.211806 
0.218349 
0.225600 
0.235538 
0.248096 
0.260499 
0.269975 
0.273750 
0.269617 
0.258832 
0.243812 
0.226979 
0.210750 
0.193692 
0.173940 
0.153266 
0.133445 
0.116250 
0.100608 
0.085107 
0.071006 
0.059567 
0.052050 
0.047094 
0.042702 
0.039184 
0.036847 
0.036000 
0.036000 
0.036000 
0.036000 
0.036000 
0.036000 
0.036000 
0.036000 
0.036000 
0.036000 
0.036000 
0.036000 
0.036000 
0.036000 
0.036000 
0.036000 
0.036000 
0.036000 
0.036000 
0.036000 
0.036000 
0.036000 
0.036000 
0.036000 
0.036000 
0.036000 
0.040133 
0.050918 
0.065938 
0.082771 
0.099000 
0.116463 
0.137026 
0.158307 
0.177925 
0.193500 
0.205441 
0.215937 
0.225279 
0.233753 
0.241650 
0.249919 
0.258496 
0.266149 
0.271644 
0.273750 
0.273750 
0.273750 
0.273750 
0.273750 
0.273750 
0.260772 
0.228517 
0.187001 
0.146240 
0.116250 
0.094294 
0.072691 
0.054041 
0.040944 
0.036000 
0.036000 
0.036000 
0.036000 
0.036000 
0.036000 
0.036000 
0.036000 
0.036000 
0.036000 
0.036000 
0.036000 
0.036000 
0.036000 
0.036000 
0.036000 
0.036000 
0.036000 
0.036000 
0.036000 
0.036000 
0.036000 
0.036000 
0.036000 
0.036000 
0.036000 
0.036000 
0.036000 
0.036000 
0.036000 
0.036000 
0.036000 
0.036000 
0.036000 
0.036000 
0.036000 
0.036000 
0.036000 
0.036000 
0.036000 
0.036000 
0.046895 
0.073724 
0.107706 
0.140058 
0.162000 
0.174035 
0.183435 
0.191573 
0.199821 
0.209550 
0.223220 
0.240016 
0.256397 
0.268822 
0.273750 
0.273750 
0.273750 
0.273750 
0.273750 
0.273750 
0.269995 
0.259964 
0.245512 
0.228489 
0.210750 
0.186404 
0.152983 
0.117469 
0.086847 
0.068100 
0.058053 
0.049254 
0.042268 
0.037661 
0.036000 
0.036000 
0.036000 
0.036000 
0.036000 
0.036000 
0.036000 
0.036000 
0.036000 
0.036000 
0.036000 
0.036000 
0.036000 
0.036000 
0.036000 
0.036000 
0.036000 
0.036000 
0.036000 
0.036000 
0.036000 
0.036000 
0.036000 
0.036000 
0.036000 
0.036000 
0.036000 
0.036000 
0.036000 
0.036000 
0.036000 
0.036000 
0.036000 
0.036000 
0.036000 
0.036000 
0.036000 
0.036000 
0.036000 
0.036000 
0.036000 
0.036000 
0.036000 
0.036000 
0.036000 
0.036000 
0.036000 
0.036000 
0.036000 
0.036000 
0.036000 
0.036000 
0.036000 
0.036000 
0.036000 
0.036000 
0.036000 
0.036000 
0.036000 
0.036000 
0.036000 
0.036000 
0.036000 
0.036000 
0.036000 
0.036000 
0.036000 
0.036000 
0.036000 
0.036000 
0.036000 
0.036000 
0.036000 
0.036000 
0.036000 
0.036000 
0.037663 
0.042250 
0.049154 
0.057773 
0.067500 
0.087055 
0.119110 
0.153986 
0.182009 
0.193500 
0.193500 
0.193500 
0.193500 
0.193500 
0.193500 
0.193500 
0.193500 
0.193500 
0.193500 
0.193500 
0.193500 
0.193500 
0.193500 
0.193500 
0.193500 
0.187864 
0.174120 
0.157013 
0.141291 
0.131700 
0.126929 
0.122702 
0.119315 
0.117066 
0.116250 
0.116250 
0.116250 
0.116250 
0.116250 
0.116250 
0.115403 
0.113066 
0.109548 
0.105156 
0.100200 
0.090236 
0.073904 
0.056133 
0.041855 
0.036000 
0.036000 
0.036000 
0.036000 
0.036000 
0.036000 
0.036000 
0.036000 
0.036000 
0.036000 
0.036000 
0.036000 
0.036000 
0.036000 
0.036000 
0.036000 
0.036000 
0.036000 
0.036000 
0.036000 
0.036000 
0.040133 
0.050918 
0.065938 
0.082771 
0.099000 
0.118505 
0.143150 
0.167494 
0.186091 
0.193500 
0.193500 
0.193500 
0.193500 
0.193500 
0.193500 
0.193500 
0.193500 
0.193500 
0.193500 
0.193500 
0.193500 
0.193500 
0.193500 
0.193500 
0.193500 
0.177120 
0.138060 
0.091440 
0.052380 
0.036000 
0.036000 
0.036000 
0.036000 
0.036000 
0.036000 
0.036000 
0.036000 
0.036000 
0.036000 
0.036000 
0.036000 
0.036000 
0.036000 
0.036000 
0.036000 
0.044346 
0.064248 
0.088002 
0.107904 
0.116250 
0.116250 
0.116250 
0.116250 
0.116250 
0.116250 
0.116250 
0.116250 
0.116250 
0.116250 
0.116250 
0.114144 
0.108649 
0.100996 
0.092419 
0.084150 
0.074212 
0.061654 
0.049251 
0.039775 
0.036000 
0.036000 
0.036000 
0.036000 
0.036000 
0.036000 
0.036000 
0.036000 
0.036000 
0.036000 
0.036000 
0.043409 
0.062006 
0.086350 
0.110995 
0.130500 
0.146729 
0.163562 
0.178582 
0.189367 
0.193500 
0.193500 
0.193500 
0.193500 
0.193500 
0.193500 
0.193500 
0.193500 
0.193500 
0.193500 
0.193500 
0.191837 
0.187250 
0.180346 
0.171727 
0.162000 
0.142445 
0.110390 
0.075514 
0.047491 
0.036000 
0.036000 
0.036000 
0.036000 
0.036000 
0.036000 
0.044346 
0.064248 
0.088002 
0.107904 
0.116250 
0.116250 
0.116250 
0.116250 
0.116250 
0.116250 
0.116250 
0.116250 
0.116250 
0.116250 
0.116250 
0.114144 
0.108649 
0.100996 
0.092419 
0.084150 
0.074212 
0.061654 
0.049251 
0.039775 
0.036000 
0.036000 
0.036000 
0.036000 
0.036000 
0.036000 
0.036000 
0.036000 
0.036000 
0.036000 
0.036000 
0.036000 
0.036000 
0.036000 
0.036000 
0.036000 
0.036000 
0.036000 
0.036000 
0.036000 
0.036000 
0.036000 
0.036000 
0.036000 
0.036000 
0.036000 
0.036000 
0.036000 
0.036000 
0.036000 
0.036000 
0.036000 
0.036000 
0.036000 
0.036000 
0.036000 
0.036000 
0.036000 
0.036000 
0.036000 
0.036000 
0.036000 
0.036000 
0.036000 
0.036000 
0.036000 
0.039254 
0.047687 
0.059309 
0.072127 
0.084150 
0.095075 
0.106314 
0.118452 
0.132069 
0.147750 
0.171674 
0.204275 
0.237513 
0.263351 
0.273750 
0.273750 
0.273750 
0.273750 
0.273750 
0.273750 
0.265404 
0.245502 
0.221748 
0.201846 
0.193500 
0.193500 
0.193500 
0.193500 
0.193500 
0.193500 
0.182009 
0.153986 
0.119110 
0.087055 
0.067500 
0.057773 
0.049154 
0.042250 
0.037663 
0.036000 
0.036000 
0.036000 
0.036000 
0.036000 
0.036000 
0.036000 
0.036000 
0.036000 
0.036000 
0.036000 
0.036000 
0.036000 
0.036000 
0.036000 
0.036000 
0.038106 
0.043601 
0.051254 
0.059831 
0.068100 
0.078038 
0.090596 
0.102999 
0.112475 
0.116250 
0.116250 
0.116250 
0.116250 
0.116250 
0.116250 
0.116250 
0.116250 
0.116250 
0.116250 
0.116250 
0.118223 
0.123380 
0.130581 
0.138684 
0.146550 
0.156147 
0.168380 
0.180509 
0.189796 
0.193500 
0.193500 
0.193500 
0.193500 
0.193500 
0.193500 
0.193500 
0.193500 
0.193500 
0.193500 
0.193500 
0.201768 
0.221484 
0.245016 
0.264732 
0.273000 
0.266974 
0.252323 
0.234190 
0.217719 
0.208050 
0.203701 
0.199914 
0.196922 
0.194957 
0.194250 
0.195966 
0.200058 
0.204942 
0.209034 
0.210750 
0.209814 
0.207582 
0.204918 
0.202686 
0.201750 
0.210036 
0.232175 
0.264092 
0.301709 
0.340950 
0.388989 
0.451317 
0.521337 
0.592447 
0.658050 
0.727083 
0.803991 
0.875438 
0.928087 
0.948600 
0.884659 
0.731410 
0.546711 
0.388422 
0.314400 
0.302888 
0.293658 
0.286870 
0.282681 
0.281250 
0.294460 
0.327420 
0.370125 
0.412570 
0.444750 
0.469237 
0.493477 
0.514773 
0.530429 
0.537750 
0.539817 
0.541485 
0.542720 
0.543487 
0.543750 
0.538270 
0.524190 
0.505051 
0.484391 
0.465750 
0.448948 
0.431604 
0.413962 
0.396263 
0.378750 
0.358667 
0.335853 
0.314440 
0.298561 
0.292350 
0.293925 
0.297832 
0.302841 
0.307724 
0.311250 
0.313281 
0.314776 
0.316156 
0.317840 
0.320250 
0.324315 
0.330473 
0.338410 
0.347807 
0.358350 
0.375389 
0.400220 
0.426448 
0.447673 
0.457500 
0.459200 
0.460417 
0.461309 
0.462034 
0.462750 
0.463551 
0.464356 
0.465061 
0.465560 
0.465750 
0.460853 
0.448490 
0.432156 
0.415345 
0.401550 
0.391827 
0.383766 
0.375661 
0.365807 
0.352500 
0.322702 
0.274210 
0.221567 
0.179316 
0.162000 
0.165276 
0.173088 
0.182412 
0.190224 
0.193500 
0.193500 
0.193500 
0.193500 
0.193500 
0.193500 
0.193500 
0.193500 
0.193500 
0.193500 
0.193500 
0.189367 
0.178582 
0.163562 
0.146729 
0.130500 
0.110995 
0.086350 
0.062006 
0.043409 
0.036000 
0.036000 
0.036000 
0.036000 
0.036000 
0.036000 
0.044346 
0.064248 
0.088002 
0.107904 
0.116250 
0.116250 
0.116250 
0.116250 
0.116250 
0.116250 
0.116250 
0.116250 
0.116250 
0.116250 
0.116250 
