0.024000 
0.024000 
0.024000 
0.024000 
0.024000 
0.024000 
0.024000 
0.024000 
0.024000 
0.024000 
0.024000 
0.024000 
0.024000 
0.024000 
0.024000 
0.024000 
0.024000 
0.024000 
0.024000 
0.024000 
0.024000 
0.024000 
0.024000 
0.024000 
0.024000 
0.024000 
0.024000 
0.024000 
0.024000 
0.024000 
0.024000 
0.024000 
0.024000 
0.024000 
0.024000 
0.024000 
0.024000 
0.024000 
0.024000 
0.024000 
0.027739 
0.037498 
0.051086 
0.066317 
0.081000 
0.098647 
0.120946 
0.142970 
0.159797 
0.166500 
0.166500 
0.166500 
0.166500 
0.166500 
0.166500 
0.166500 
0.166500 
0.166500 
0.166500 
0.166500 
0.166500 
0.166500 
0.166500 
0.166500 
0.166500 
0.151680 
0.116340 
0.074160 
0.038820 
0.024000 
0.024000 
0.024000 
0.024000 
0.024000 
0.024000 
0.024000 
0.024000 
0.024000 
0.024000 
0.024000 
0.028198 
0.038737 
0.052531 
0.066497 
0.077550 
0.086746 
0.096285 
0.104796 
0.110908 
0.113250 
0.113250 
0.113250 
0.113250 
0.113250 
0.113250 
0.113250 
0.113250 
0.113250 
0.113250 
0.113250 
0.103968 
0.081834 
0.055416 
0.033282 
0.024000 
0.024000 
0.024000 
0.024000 
0.024000 
0.024000 
0.024000 
0.024000 
0.024000 
0.024000 
0.024000 
0.024000 
0.024000 
0.024000 
0.024000 
0.024000 
0.024000 
0.024000 
0.024000 
0.024000 
0.024000 
0.024000 
0.024000 
0.024000 
0.024000 
0.024000 
0.024000 
0.024000 
0.024000 
0.024000 
0.024000 
0.024000 
0.024000 
0.024000 
0.024000 
0.024000 
0.024000 
0.024000 
0.024000 
0.024000 
0.024000 
0.030703 
0.047530 
0.069554 
0.091853 
0.109500 
0.124183 
0.139414 
0.153002 
0.162761 
0.166500 
0.166500 
0.166500 
0.166500 
0.166500 
0.166500 
0.166500 
0.166500 
0.166500 
0.166500 
0.166500 
0.164995 
0.160846 
0.154598 
0.146801 
0.138000 
0.120307 
0.091306 
0.059750 
0.034397 
0.024000 
0.024000 
0.024000 
0.024000 
0.024000 
0.024000 
0.024000 
0.024000 
0.024000 
0.024000 
0.024000 
0.024000 
0.024000 
0.024000 
0.024000 
0.024000 
0.024000 
0.024000 
0.024000 
0.024000 
0.024000 
0.024000 
0.024000 
0.024000 
0.024000 
0.024000 
0.028198 
0.038737 
0.052531 
0.066497 
0.077550 
0.086746 
0.096285 
0.104796 
0.110908 
0.113250 
0.113250 
0.113250 
0.113250 
0.113250 
0.113250 
0.113250 
0.113250 
0.113250 
0.113250 
0.113250 
0.103968 
0.081834 
0.055416 
0.033282 
0.024000 
0.038820 
0.074160 
0.116340 
0.151680 
0.166500 
0.166500 
0.166500 
0.166500 
0.166500 
0.166500 
0.166500 
0.166500 
0.166500 
0.166500 
0.166500 
0.166500 
0.166500 
0.166500 
0.166500 
0.166500 
0.159797 
0.142970 
0.120946 
0.098647 
0.081000 
0.066317 
0.051086 
0.037498 
0.027739 
0.024000 
0.024000 
0.024000 
0.024000 
0.024000 
0.024000 
0.024000 
0.024000 
0.024000 
0.024000 
0.024000 
0.033282 
0.055416 
0.081834 
0.103968 
0.113250 
0.113250 
0.113250 
0.113250 
0.113250 
0.113250 
0.113250 
0.113250 
0.113250 
0.113250 
0.113250 
0.110908 
0.104796 
0.096285 
0.086746 
0.077550 
0.066497 
0.052531 
0.038737 
0.028198 
0.024000 
0.024000 
0.024000 
0.024000 
0.024000 
0.024000 
0.024000 
0.024000 
0.024000 
0.024000 
0.024000 
0.024000 
0.024000 
0.024000 
0.024000 
0.024000 
0.024000 
0.024000 
0.024000 
0.024000 
0.024000 
0.024000 
0.024000 
0.024000 
0.024000 
0.024000 
0.024000 
0.024000 
0.024000 
0.024000 
0.024000 
0.024000 
0.024000 
0.024000 
0.024000 
0.024000 
0.033689 
0.058203 
0.090712 
0.124388 
0.152400 
0.177807 
0.205270 
0.230365 
0.248666 
0.255750 
0.255750 
0.255750 
0.255750 
0.255750 
0.255750 
0.254808 
0.252209 
0.248296 
0.243412 
0.237900 
0.229863 
0.217787 
0.202590 
0.185189 
0.166500 
0.139503 
0.102641 
0.065027 
0.035776 
0.024000 
0.024000 
0.024000 
0.024000 
0.024000 
0.024000 
0.024594 
0.026232 
0.028698 
0.031776 
0.035250 
0.042234 
0.053682 
0.066138 
0.076146 
0.080250 
0.074400 
0.060450 
0.043800 
0.029850 
0.024000 
0.024000 
0.024000 
0.024000 
0.024000 
0.024000 
0.024000 
0.024000 
0.024000 
0.024000 
0.024000 
0.024000 
0.024000 
0.024000 
0.024000 
0.024000 
0.024000 
0.024000 
0.024000 
0.024000 
0.024000 
0.024000 
0.024000 
0.024000 
0.024000 
0.024000 
0.024000 
0.024000 
0.024000 
0.024000 
0.024000 
0.024000 
0.024000 
0.024000 
0.024000 
0.024000 
0.024000 
0.024000 
0.024000 
0.024000 
0.024000 
0.024000 
0.024000 
0.024000 
0.024000 
0.024000 
0.024942 
0.027541 
0.031454 
0.036338 
0.041850 
0.048667 
0.058301 
0.071668 
0.089680 
0.113250 
0.234158 
0.483931 
0.773104 
1.012215 
1.111800 
1.022450 
0.808908 
0.552935 
0.336295 
0.240750 
0.234738 
0.231216 
0.228720 
0.225785 
0.220950 
0.209088 
0.189875 
0.169047 
0.152343 
0.145500 
0.152520 
0.169260 
0.189240 
0.205980 
0.213000 
0.211965 
0.209236 
0.205374 
0.200941 
0.196500 
0.190655 
0.182874 
0.175016 
0.168939 
0.166500 
0.166500 
0.166500 
0.166500 
0.166500 
0.166500 
0.162761 
0.153002 
0.139414 
0.124183 
0.109500 
0.091853 
0.069554 
0.047530 
0.030703 
0.024000 
0.027528 
0.036384 
0.047976 
0.059712 
0.069000 
0.075268 
0.080364 
0.085325 
0.091192 
0.099000 
0.114220 
0.137520 
0.162734 
0.183699 
0.194250 
0.197291 
0.199786 
0.201661 
0.202840 
0.203250 
0.203250 
0.203250 
0.203250 
0.203250 
0.203250 
0.200908 
0.194796 
0.186285 
0.176746 
0.167550 
0.156497 
0.142531 
0.128737 
0.118198 
0.114000 
0.131285 
0.172502 
0.221698 
0.262915 
0.280200 
0.253555 
0.190018 
0.114182 
0.050645 
0.024000 
0.024000 
0.024000 
0.024000 
0.024000 
0.024000 
0.024000 
0.024000 
0.024000 
0.024000 
0.024000 
0.025505 
0.029654 
0.035902 
0.043699 
0.052500 
0.070193 
0.099194 
0.130750 
0.156103 
0.166500 
0.166500 
0.166500 
0.166500 
0.166500 
0.166500 
0.166500 
0.166500 
0.166500 
0.166500 
0.166500 
0.166500 
0.166500 
0.166500 
0.166500 
0.166500 
0.158887 
0.140734 
0.119066 
0.100913 
0.093300 
0.096701 
0.104810 
0.114490 
0.122599 
0.126000 
0.126000 
0.126000 
0.126000 
0.126000 
0.126000 
0.126000 
0.126000 
0.126000 
0.126000 
0.126000 
0.126000 
0.126000 
0.126000 
0.126000 
0.126000 
0.127476 
0.131328 
0.136692 
0.142704 
0.148500 
0.155466 
0.164268 
0.172962 
0.179604 
0.182250 
0.182250 
0.182250 
0.182250 
0.182250 
0.182250 
0.182250 
0.182250 
0.182250 
0.182250 
0.182250 
0.182250 
0.182250 
0.182250 
0.182250 
0.182250 
0.182250 
0.182250 
0.182250 
0.182250 
0.182250 
0.182250 
0.182250 
0.182250 
0.182250 
0.182250 
0.186448 
0.196987 
0.210781 
0.224747 
0.235800 
0.244201 
0.252150 
0.259469 
0.265978 
0.271500 
0.275671 
0.278814 
0.281775 
0.285405 
0.290550 
0.303058 
0.323939 
0.346785 
0.365191 
0.372750 
0.370722 
0.365886 
0.360114 
0.355278 
0.353250 
0.450734 
0.683197 
0.960653 
1.193116 
1.290600 
1.188772 
0.943423 
0.644752 
0.382961 
0.248250 
0.210936 
0.181072 
0.158466 
0.142923 
0.134250 
0.130065 
0.127456 
0.125441 
0.123034 
0.119250 
0.109938 
0.094674 
0.078066 
0.064722 
0.059250 
0.059250 
0.059250 
0.059250 
0.059250 
0.059250 
0.059250 
0.059250 
0.059250 
0.059250 
0.059250 
0.059250 
0.059250 
0.059250 
0.059250 
0.059250 
0.059250 
0.059250 
0.059250 
0.059250 
0.059250 
0.062533 
0.070540 
0.080504 
0.089663 
0.095250 
0.097522 
0.098969 
0.100180 
0.101745 
0.104250 
0.110048 
0.120507 
0.134742 
0.151868 
0.171000 
0.202984 
0.250866 
0.302061 
0.343984 
0.364050 
0.368586 
0.372255 
0.374976 
0.376668 
0.377250 
0.377250 
0.377250 
0.377250 
0.377250 
0.377250 
0.375264 
0.369865 
0.361888 
0.352171 
0.341550 
0.325751 
0.302685 
0.276464 
0.251198 
0.231000 
0.213864 
0.196565 
0.181383 
0.170601 
0.166500 
0.173727 
0.192741 
0.219542 
0.250129 
0.280500 
0.311599 
0.346994 
0.386624 
0.430430 
0.478350 
0.545548 
0.633542 
0.721807 
0.789818 
0.817050 
0.749883 
0.589077 
0.395675 
0.230718 
0.155250 
0.145801 
0.138275 
0.132773 
0.129398 
0.128250 
0.132947 
0.144478 
0.159000 
0.172672 
0.181650 
0.186931 
0.191786 
0.195785 
0.198500 
0.199500 
0.199500 
0.199500 
0.199500 
0.199500 
0.199500 
0.200764 
0.203777 
0.207373 
0.210386 
0.211650 
0.201104 
0.175957 
0.145943 
0.120796 
0.110250 
0.110250 
0.110250 
0.110250 
0.110250 
0.110250 
0.103885 
0.088708 
0.070592 
0.055415 
0.049050 
0.051593 
0.058347 
0.067999 
0.079238 
0.090750 
0.106818 
0.128918 
0.151536 
0.169152 
0.176250 
0.175791 
0.174640 
0.173133 
0.171607 
0.170400 
0.169395 
0.168353 
0.167424 
0.166756 
0.166500 
0.168746 
0.174103 
0.180497 
0.185854 
0.188100 
0.176650 
0.149345 
0.116755 
0.089450 
0.078000 
0.182650 
0.439620 
0.763439 
1.068640 
1.269750 
1.386767 
1.492251 
1.579576 
1.642117 
1.673250 
1.685455 
1.695441 
1.702924 
1.707621 
1.709250 
1.708509 
1.706306 
1.702674 
1.697645 
1.691250 
1.612120 
1.424138 
1.180217 
0.933267 
0.736200 
0.569889 
0.396715 
0.241850 
0.130471 
0.087750 
0.087750 
0.087750 
0.087750 
0.087750 
0.087750 
0.087750 
0.087750 
0.087750 
0.087750 
0.087750 
0.087750 
0.087750 
0.087750 
0.087750 
0.087750 
0.088950 
0.091961 
0.095902 
0.099892 
0.103050 
0.105068 
0.106575 
0.108093 
0.110144 
0.113250 
0.130507 
0.166151 
0.207418 
0.241539 
0.255750 
0.255547 
0.255064 
0.254486 
0.254003 
0.253800 
0.265103 
0.292701 
0.327127 
0.358915 
0.378600 
0.388753 
0.397812 
0.405110 
0.409979 
0.411750 
0.395674 
0.356021 
0.305657 
0.257445 
0.224250 
0.203712 
0.185320 
0.169711 
0.157525 
0.149400 
0.144603 
0.141336 
0.138638 
0.135546 
0.131100 
0.122094 
0.108489 
0.094078 
0.082651 
0.078000 
0.083522 
0.096691 
0.112409 
0.125578 
0.131100 
0.125578 
0.112409 
0.096691 
0.083522 
0.078000 
0.078000 
0.078000 
0.078000 
0.078000 
0.078000 
0.083522 
0.096691 
0.112409 
0.125578 
0.131100 
0.125578 
0.112409 
0.096691 
0.083522 
0.078000 
0.079182 
0.082607 
0.088096 
0.095471 
0.104550 
0.147325 
0.235052 
0.336445 
0.420222 
0.455100 
0.437285 
0.394802 
0.344098 
0.301615 
0.283800 
0.290297 
0.308770 
0.337689 
0.375526 
0.420750 
0.559949 
0.821878 
1.118263 
1.360828 
1.461300 
1.349946 
1.083727 
0.764404 
0.493741 
0.373500 
0.365102 
0.360495 
0.357238 
0.352888 
0.345000 
0.304915 
0.224469 
0.131966 
0.055709 
0.024000 
0.024000 
0.024000 
0.024000 
0.024000 
0.024000 
0.024000 
0.024000 
0.024000 
0.024000 
0.024000 
0.024000 
0.024000 
0.024000 
0.024000 
0.024000 
0.024000 
0.024000 
0.024000 
0.024000 
0.024000 
0.024000 
0.024000 
0.024000 
0.024000 
0.024000 
0.024000 
0.024000 
0.024000 
0.024000 
0.024000 
0.024000 
0.024000 
0.024000 
0.024000 
0.024000 
0.052475 
0.121460 
0.206298 
0.282330 
0.324900 
0.341542 
0.355749 
0.366794 
0.373953 
0.376500 
0.372951 
0.364053 
0.352430 
0.340704 
0.331500 
0.324566 
0.318017 
0.312024 
0.306761 
0.302400 
0.298436 
0.294557 
0.291219 
0.288881 
0.288000 
0.293667 
0.308000 
0.327000 
0.346667 
0.363000 
0.374156 
0.382868 
0.392002 
0.404424 
0.423000 
0.538822 
0.782319 
1.065360 
1.299814 
1.397550 
1.303230 
1.074409 
0.792292 
0.538087 
0.393000 
0.334478 
0.286047 
0.248038 
0.220779 
0.204600 
0.194679 
0.186247 
0.179717 
0.175498 
0.174000 
0.174000 
0.174000 
0.174000 
0.174000 
0.174000 
0.178198 
0.188737 
0.202531 
0.216497 
0.227550 
0.236337 
0.245056 
0.252953 
0.259269 
0.263250 
0.265600 
0.267540 
0.269084 
0.270249 
0.271050 
0.271528 
0.271812 
0.272053 
0.272399 
0.273000 
0.368065 
0.593634 
0.862600 
1.087857 
1.182300 
1.078451 
0.830810 
0.535240 
0.287599 
0.183750 
0.186090 
0.191670 
0.198330 
0.203910 
0.206250 
0.203910 
0.198330 
0.191670 
0.186090 
0.183750 
0.189643 
0.204729 
0.225118 
0.246921 
0.266250 
0.283979 
0.302704 
0.321114 
0.337899 
0.351750 
0.362994 
0.372983 
0.381940 
0.390088 
0.397650 
0.405533 
0.413709 
0.421004 
0.426243 
0.428250 
0.428250 
0.428250 
0.428250 
0.428250 
0.428250 
0.410698 
0.368058 
0.315354 
0.267610 
0.239850 
0.228912 
0.220811 
0.214339 
0.208288 
0.201450 
0.193083 
0.183991 
0.175289 
0.168088 
0.163500 
0.160702 
0.158237 
0.156271 
0.154970 
0.154500 
0.154500 
0.154500 
0.154500 
0.154500 
0.154500 
0.154500 
0.154500 
0.154500 
0.154500 
0.154500 
0.154500 
0.154500 
0.154500 
0.154500 
0.154500 
0.158698 
0.169237 
0.183031 
0.196997 
0.208050 
0.215761 
0.222330 
0.228613 
0.235468 
0.243750 
0.256586 
0.273771 
0.291168 
0.304640 
0.310050 
0.308459 
0.304664 
0.300136 
0.296341 
0.294750 
0.335979 
0.442060 
0.586581 
0.743131 
0.885300 
1.036470 
1.214485 
1.384624 
1.512169 
1.562400 
1.430163 
1.112434 
0.727682 
0.394381 
0.231000 
0.195165 
0.166011 
0.144274 
0.130691 
0.126000 
0.126000 
0.126000 
0.126000 
0.126000 
0.126000 
0.132552 
0.148176 
0.166824 
0.182448 
0.189000 
0.182448 
0.166824 
0.148176 
0.132552 
0.126000 
0.136766 
0.164178 
0.200907 
0.239624 
0.273000 
0.300709 
0.327653 
0.354347 
0.381308 
0.409050 
0.442130 
0.480224 
0.516523 
0.544218 
0.556500 
0.558600 
0.560272 
0.561495 
0.562245 
0.562500 
0.558095 
0.546404 
0.529716 
0.510318 
0.490500 
0.467467 
0.438701 
0.406901 
0.374767 
0.345000 
0.313554 
0.278603 
0.246176 
0.222299 
0.213000 
0.217836 
0.229368 
0.243132 
0.254664 
0.259500 
0.259006 
0.257766 
0.256143 
0.254500 
0.253200 
0.252166 
0.251138 
0.250208 
0.249465 
0.249000 
0.248773 
0.248640 
0.248530 
0.248373 
0.248100 
0.241883 
0.227570 
0.210605 
0.196434 
0.190500 
0.191400 
0.193919 
0.197788 
0.202738 
0.208500 
0.219642 
0.238532 
0.261602 
0.285281 
0.306000 
0.323984 
0.341652 
0.358728 
0.374936 
0.390000 
0.402825 
0.413715 
0.424493 
0.436980 
0.453000 
0.482478 
0.526171 
0.572151 
0.608487 
0.623250 
0.623207 
0.623080 
0.622869 
0.622575 
0.622200 
0.611045 
0.585046 
0.554155 
0.528322 
0.517500 
0.517781 
0.518450 
0.519250 
0.519919 
0.520200 
0.514988 
0.502387 
0.486947 
0.473218 
0.465750 
0.463103 
0.460868 
0.459147 
0.458041 
0.457650 
0.465606 
0.484578 
0.507222 
0.526194 
0.534150 
0.522356 
0.494233 
0.460667 
0.432544 
0.420750 
0.423300 
0.429841 
0.438707 
0.448231 
0.456750 
0.464650 
0.473047 
0.481363 
0.489023 
0.495450 
0.501339 
0.507257 
0.512435 
0.516106 
0.517500 
0.512274 
0.499812 
0.484938 
0.472476 
0.467250 
0.469122 
0.473586 
0.478914 
0.483378 
0.485250 
0.482130 
0.474690 
0.465810 
0.458370 
0.455250 
0.466040 
0.492181 
0.524326 
0.553131 
0.569250 
0.575541 
0.580910 
0.585083 
0.587788 
0.588750 
0.580326 
0.560238 
0.536262 
0.516174 
0.507750 
0.507750 
0.507750 
0.507750 
0.507750 
0.507750 
0.611178 
0.857814 
1.152186 
1.398822 
1.502250 
1.390242 
1.123146 
0.804354 
0.537258 
0.425250 
0.428370 
0.435810 
0.444690 
0.452130 
0.455250 
0.453676 
0.449567 
0.443845 
0.437432 
0.431250 
0.425920 
0.420732 
0.414609 
0.406474 
0.395250 
0.348239 
0.255119 
0.148379 
0.060510 
0.024000 
0.024000 
0.024000 
0.024000 
0.024000 
0.024000 
