0.000000 
0.000000 
0.000000 
0.000000 
0.000000 
0.000000 
0.000000 
0.000000 
0.000000 
0.000000 
0.000000 
0.000000 
0.000000 
0.000000 
0.000000 
0.000000 
0.000000 
0.000000 
0.000000 
0.000000 
0.000000 
0.000000 
0.000000 
0.000000 
0.000000 
0.000000 
0.000000 
0.000000 
0.000000 
0.000000 
0.000000 
0.000000 
0.000000 
0.000000 
0.000000 
0.000000 
0.000000 
0.000000 
0.000000 
0.000000 
0.000000 
0.000000 
0.000000 
0.000000 
0.000000 
0.000000 
0.000000 
0.000000 
0.000000 
0.000000 
0.000000 
0.000000 
0.000000 
0.000000 
0.000000 
0.000000 
0.000000 
0.000000 
0.000000 
0.000000 
0.000000 
0.000000 
0.000000 
0.000000 
0.000000 
0.000000 
0.000000 
0.000000 
0.000000 
0.000000 
0.000000 
0.000000 
0.000000 
0.000000 
0.000000 
0.000000 
0.000000 
0.000000 
0.000000 
0.000000 
0.000000 
0.000000 
0.000000 
0.000000 
0.000000 
0.000000 
0.000000 
0.000000 
0.000000 
0.000000 
0.000000 
0.000000 
0.000000 
0.000000 
0.000000 
0.000000 
0.000000 
0.000000 
0.000000 
0.000000 
0.000000 
0.000000 
0.000000 
0.000000 
0.000000 
0.000000 
0.000000 
0.000000 
0.000000 
0.000000 
0.000000 
0.000000 
0.000000 
0.000000 
0.000000 
0.000000 
0.000000 
0.000000 
0.000000 
0.000000 
0.000000 
0.000000 
0.000000 
0.000000 
0.000000 
0.000000 
0.000000 
0.000000 
0.000000 
0.000000 
0.000000 
0.000000 
0.000000 
0.000000 
0.000000 
0.000000 
0.000000 
0.000000 
0.000000 
0.000000 
0.000000 
0.000000 
0.000000 
0.000000 
0.000000 
0.000000 
0.000000 
0.000000 
0.000000 
0.000000 
0.000000 
0.000000 
0.000000 
0.000000 
0.000000 
0.000000 
0.000000 
0.000000 
0.000000 
0.000000 
0.000000 
0.000000 
0.000000 
0.000000 
0.000000 
0.000000 
0.000000 
0.000000 
0.000000 
0.000000 
0.000000 
0.000000 
0.000000 
0.000000 
0.000000 
0.000000 
0.000000 
0.000000 
0.000000 
0.000000 
0.000000 
0.000000 
0.000000 
0.000000 
0.000000 
0.000000 
0.000000 
0.000000 
0.000000 
0.000000 
0.000000 
0.000000 
0.000000 
0.000000 
0.000000 
0.000000 
0.000000 
0.000000 
0.000000 
0.000000 
0.000000 
0.000000 
0.000000 
0.000000 
0.000000 
0.000000 
0.000000 
0.000000 
0.000000 
0.000000 
0.000000 
0.000000 
0.000000 
0.000000 
0.000000 
0.000000 
0.000000 
0.000000 
0.000000 
0.000000 
0.000000 
0.000000 
0.000000 
0.000000 
0.000000 
0.000034 
0.000135 
0.000250 
0.000464 
0.000643 
0.000825 
0.001078 
0.001369 
0.001605 
0.002480 
0.002222 
0.003385 
0.004485 
0.006439 
0.006362 
0.008127 
0.009881 
0.010360 
0.011264 
0.011541 
0.014772 
0.016431 
0.023174 
0.023072 
0.021549 
0.021013 
0.020556 
0.019796 
0.023007 
0.019826 
0.021175 
0.018766 
0.019997 
0.015681 
0.017020 
0.019739 
0.020195 
0.017488 
0.023127 
0.020501 
0.020233 
0.024841 
0.026708 
0.023901 
0.025126 
0.023393 
0.030190 
0.031600 
0.035296 
0.041823 
0.038461 
0.034095 
0.039681 
0.040956 
0.045782 
0.049489 
0.048583 
0.047318 
0.043583 
0.048896 
0.047818 
0.051106 
0.052034 
0.046486 
0.057666 
0.058606 
0.050871 
0.054492 
0.054512 
0.064040 
0.053047 
0.057979 
0.054527 
0.059849 
0.073366 
0.066778 
0.058913 
0.058002 
0.067343 
0.057351 
0.062486 
0.060540 
0.068912 
0.055579 
0.069535 
0.080095 
0.077230 
0.065870 
0.077116 
0.067775 
0.058979 
0.092487 
0.094963 
0.085267 
0.068655 
0.075500 
0.086708 
0.106406 
0.105693 
0.109809 
0.106886 
0.132990 
0.123254 
0.120188 
0.118875 
0.134663 
0.151719 
0.157659 
0.173922 
0.170941 
0.186469 
0.209484 
0.199525 
0.214226 
0.205492 
0.182922 
0.213302 
0.194326 
0.147281 
0.165170 
0.188428 
0.195007 
0.208768 
0.224068 
0.207173 
0.231103 
0.191093 
0.194184 
0.220558 
0.237809 
0.215987 
0.207068 
0.272773 
0.279641 
0.233235 
0.262798 
0.308281 
0.337372 
0.351879 
0.450825 
0.341696 
0.396345 
0.387559 
0.384203 
0.471683 
0.440108 
0.474035 
0.594803 
0.536403 
0.688446 
0.705496 
0.599197 
0.599354 
0.535093 
0.533290 
0.487930 
0.389341 
0.518600 
0.407363 
0.413691 
0.461815 
0.489502 
0.572217 
0.484688 
0.528078 
0.536635 
0.468359 
0.453431 
0.484564 
0.438512 
0.479550 
0.437861 
0.510977 
0.421071 
0.450265 
0.526748 
0.621482 
0.680474 
0.518437 
0.687135 
0.550483 
0.621782 
0.579814 
0.528780 
0.650949 
0.581468 
0.560073 
0.476009 
0.417225 
0.496665 
0.485956 
0.485421 
0.625730 
0.628949 
0.624324 
0.695510 
0.783792 
0.688250 
0.781808 
0.761666 
0.707095 
0.820770 
0.809795 
0.679277 
0.704050 
0.760905 
0.817476 
0.966841 
0.686617 
0.934086 
0.817281 
0.799794 
1.014633 
0.875346 
0.949749 
0.784577 
0.958571 
1.004204 
1.019220 
1.028684 
0.947535 
0.866707 
0.949502 
1.091520 
1.079416 
1.000137 
1.020097 
0.938046 
1.115863 
1.246765 
0.896508 
1.212448 
1.115819 
1.360437 
1.263925 
0.957857 
1.142186 
0.874268 
0.879023 
1.096612 
0.814721 
0.600872 
0.529733 
0.421089 
0.354681 
0.433125 
0.539905 
0.777779 
0.844611 
1.120746 
1.066424 
1.008876 
0.953795 
0.947271 
1.190736 
1.038648 
1.192695 
1.041539 
0.935006 
1.101284 
1.228740 
1.057142 
1.173620 
1.147929 
1.129879 
1.049355 
1.000224 
0.847931 
1.142946 
1.342281 
1.025078 
1.105030 
1.210945 
0.990543 
1.121112 
1.282429 
1.051495 
1.056894 
0.967905 
0.996207 
0.937481 
1.031431 
1.149471 
1.232386 
1.246796 
1.292327 
0.950814 
0.930640 
0.735477 
0.582715 
0.526528 
0.363535 
0.322541 
0.191257 
0.217299 
0.210889 
0.340049 
0.506206 
0.644792 
0.846021 
0.932528 
1.164232 
1.099077 
1.034366 
1.396305 
1.447926 
1.414464 
1.335202 
1.542247 
1.059176 
1.478073 
1.280061 
1.561481 
1.137491 
1.567359 
1.467339 
1.398971 
1.561185 
1.358578 
1.365520 
1.458819 
1.449569 
1.663623 
1.494752 
1.469753 
1.366461 
1.273944 
1.527741 
1.169364 
1.539056 
1.555776 
1.403215 
1.253245 
1.525092 
1.790848 
1.306572 
1.419278 
1.610457 
1.359033 
1.530574 
1.178392 
1.510282 
1.392008 
1.535436 
1.338490 
1.622574 
1.410427 
1.653725 
1.565138 
1.467784 
1.452013 
1.554279 
1.467151 
1.551664 
1.543765 
1.435489 
1.661943 
1.739058 
1.873557 
1.458600 
1.755492 
1.548982 
1.537087 
1.626936 
1.555475 
1.896360 
1.925961 
1.799801 
1.744713 
1.825472 
1.632029 
1.669559 
1.321460 
0.894331 
0.868703 
0.783164 
1.141005 
1.107586 
1.194648 
1.174686 
1.429712 
1.620916 
1.567122 
1.741369 
1.746675 
2.115477 
1.586834 
1.812572 
1.515182 
1.500052 
1.564093 
1.450808 
1.164115 
1.252839 
1.131241 
1.140796 
0.950786 
0.880004 
0.813485 
0.797628 
0.856054 
1.165913 
1.523771 
1.739646 
1.834370 
1.547264 
1.768194 
1.535854 
1.670974 
1.703578 
1.308148 
1.448585 
1.071156 
1.035575 
0.960395 
1.203833 
1.184831 
1.811159 
1.799917 
1.852272 
2.136138 
1.727050 
1.747723 
1.486889 
1.616295 
1.529999 
1.819619 
1.446893 
1.787244 
1.867089 
1.796570 
1.711874 
1.666283 
2.047832 
1.844635 
1.783532 
1.846898 
1.593382 
1.397974 
1.334039 
1.075509 
0.898554 
0.629020 
0.488122 
0.418095 
0.355723 
0.412374 
0.414497 
0.370148 
0.332825 
0.425355 
0.620152 
1.057456 
1.305029 
1.591371 
1.587876 
1.494189 
1.789811 
1.868688 
1.496400 
1.667728 
1.845621 
1.753862 
1.786392 
1.706206 
1.875571 
1.848623 
1.852772 
1.908129 
1.892954 
1.527866 
2.179706 
1.679133 
1.977792 
2.269196 
1.716281 
1.662770 
1.993599 
2.115825 
1.419735 
1.762491 
1.274473 
0.886515 
0.515197 
0.465275 
0.489989 
0.537730 
0.655055 
0.821045 
0.755794 
0.938421 
0.923979 
1.095713 
1.167908 
0.829099 
1.050827 
0.889809 
0.787497 
0.607829 
0.664414 
0.739317 
0.836138 
0.937635 
1.001938 
1.233899 
1.150448 
1.477836 
1.378745 
1.719572 
1.472402 
1.364769 
1.175789 
0.951647 
0.600072 
0.774462 
0.740876 
0.731032 
0.750018 
0.774003 
0.659527 
0.786349 
0.842085 
0.720832 
0.607615 
0.790305 
0.751418 
0.756071 
0.847729 
0.838208 
0.852425 
0.989693 
1.178856 
1.127965 
1.015693 
1.278003 
1.619895 
1.416675 
1.758605 
1.910555 
1.641073 
1.254219 
1.949614 
2.062419 
1.901873 
1.534561 
1.351897 
1.033303 
0.930160 
0.783751 
0.601815 
0.527297 
0.563342 
0.523276 
0.510996 
0.520586 
0.628389 
0.741140 
0.837520 
0.883499 
1.048377 
1.267237 
1.708731 
1.853590 
2.215058 
1.822707 
2.467763 
2.226230 
2.008368 
2.214256 
1.689413 
2.079832 
2.216399 
1.634322 
1.598733 
2.074125 
2.075017 
1.849021 
1.711589 
1.451098 
1.723138 
1.230914 
2.037208 
1.508474 
1.607081 
1.899435 
1.918166 
1.871582 
1.889798 
1.657349 
2.140281 
1.827845 
1.875074 
1.930922 
1.676857 
1.641393 
1.979413 
1.714222 
1.780269 
1.664003 
1.636569 
1.670376 
1.460784 
1.688837 
1.297867 
1.604261 
1.135939 
1.632428 
1.646732 
1.642446 
1.781087 
1.657824 
1.639530 
1.881736 
1.749395 
1.851999 
1.734415 
1.466227 
2.101732 
1.948757 
1.892566 
1.825525 
1.668248 
1.522200 
1.828693 
1.565509 
1.529091 
1.589123 
1.483234 
1.337890 
1.501694 
1.171183 
1.119334 
0.956562 
1.175160 
0.962295 
0.892154 
1.211441 
1.365066 
2.066326 
1.740965 
1.737704 
1.720051 
1.654814 
1.885745 
1.681819 
1.639322 
1.530648 
1.479107 
1.595382 
1.443322 
1.414389 
1.411886 
1.664473 
1.635336 
1.812632 
1.702784 
1.438019 
1.542858 
1.370953 
1.486597 
1.214470 
1.186489 
1.151146 
1.350919 
1.346938 
1.296728 
1.177835 
1.023900 
1.223211 
1.116382 
1.161589 
1.173353 
1.181001 
1.041404 
1.303360 
1.367468 
1.379747 
1.291226 
1.405385 
1.392105 
1.228949 
0.881628 
0.772961 
0.733463 
0.597318 
0.407512 
0.370788 
0.436913 
0.426001 
0.378520 
0.451001 
0.397840 
0.409353 
0.491521 
0.415642 
0.449849 
0.398416 
0.457541 
0.448914 
0.431899 
0.575710 
0.645580 
0.687591 
0.791414 
0.965796 
1.032078 
0.855056 
1.213961 
1.397783 
1.298326 
1.172653 
1.494838 
1.109112 
1.162831 
1.129382 
0.992917 
0.962323 
0.855247 
0.800007 
0.747863 
0.826266 
0.844418 
0.628998 
0.791773 
0.620132 
0.591820 
0.755914 
0.822800 
0.658735 
0.950219 
0.867830 
1.019320 
1.395351 
1.318108 
1.431006 
1.258858 
1.278882 
1.178458 
1.268497 
1.303987 
1.080648 
1.129436 
0.893064 
0.850141 
0.733709 
1.068548 
0.712284 
0.832679 
0.754958 
0.784277 
0.728416 
0.779286 
0.793021 
0.909137 
0.867943 
0.788732 
0.881704 
0.964828 
1.117851 
1.100563 
0.958447 
0.986522 
0.918871 
0.962059 
1.063751 
0.987840 
0.876960 
0.855564 
0.640530 
0.550524 
0.631773 
0.691245 
0.685067 
0.861128 
0.936009 
0.764010 
0.736648 
0.620801 
0.507003 
0.470112 
0.376454 
0.589219 
0.478988 
0.475466 
0.510755 
0.561928 
0.546730 
0.538519 
0.503630 
0.586298 
0.568542 
0.450387 
0.502372 
0.426059 
0.480671 
0.476629 
0.416834 
0.416214 
0.400459 
0.394560 
0.376306 
0.370992 
0.325441 
0.262891 
0.258221 
0.289525 
0.248322 
0.256304 
0.236667 
0.224199 
0.162148 
0.222953 
0.171553 
0.168056 
0.162172 
0.169184 
0.197261 
0.195148 
0.173140 
0.141314 
0.141836 
0.160906 
0.156859 
0.170812 
0.174800 
0.199077 
0.186477 
0.209266 
0.173683 
0.195839 
0.177420 
0.233776 
0.209957 
0.206232 
0.209952 
0.222311 
0.245338 
0.256589 
0.282070 
0.277600 
0.242422 
0.297701 
0.239663 
0.294445 
0.276866 
0.283446 
0.304771 
0.293694 
0.261860 
0.287356 
0.272289 
0.325563 
0.311769 
0.283370 
0.267273 
0.278917 
0.335358 
0.342376 
0.325122 
0.417976 
0.314807 
0.363685 
0.359439 
0.416789 
0.386777 
0.443412 
0.508814 
0.594573 
0.664907 
0.708676 
0.621692 
0.741220 
0.686417 
0.625571 
0.587662 
0.481772 
0.392659 
0.421280 
0.353526 
0.228520 
0.223526 
0.288956 
0.298969 
0.343001 
0.235973 
0.264090 
0.250584 
0.208331 
0.209410 
0.171198 
0.137054 
0.132310 
0.117058 
0.112292 
0.125812 
0.110197 
0.139896 
0.129293 
0.116052 
0.131322 
0.111477 
0.120793 
0.142608 
0.133897 
0.131424 
0.127846 
0.135657 
0.119773 
0.106999 
0.115716 
0.103979 
0.124909 
0.111660 
0.113344 
0.119830 
0.109813 
0.110174 
0.101893 
0.129491 
0.143192 
0.134300 
0.128785 
0.146416 
0.140528 
0.111815 
0.110079 
0.096794 
0.075567 
0.091080 
0.091568 
0.092394 
0.075914 
0.056282 
0.070059 
0.065928 
0.057821 
0.062750 
0.057040 
0.061741 
0.045075 
0.058705 
0.059698 
0.053864 
0.062150 
0.043022 
0.050256 
0.056968 
0.042469 
0.043726 
0.045232 
0.044615 
0.035634 
0.031703 
0.029526 
0.026125 
0.029217 
0.028081 
0.022815 
0.026107 
0.025281 
0.016944 
0.018648 
0.016251 
0.015878 
0.016946 
0.013714 
0.012442 
0.012482 
0.012389 
0.013193 
0.011579 
0.012215 
0.013873 
0.013160 
0.011126 
0.011800 
0.011587 
0.010763 
0.011935 
0.012859 
0.013359 
0.014216 
0.012889 
0.013598 
0.009921 
0.009943 
0.008808 
0.007073 
0.007012 
0.006464 
0.005983 
0.005305 
0.004711 
0.004846 
0.004431 
0.003954 
0.004030 
0.004297 
0.004550 
0.004267 
0.004782 
0.004353 
0.004589 
0.004523 
0.003614 
0.004311 
0.003898 
0.002952 
0.003079 
0.002764 
0.002438 
0.002795 
0.002099 
0.001570 
0.001300 
0.001157 
0.000764 
0.000564 
0.000260 
0.000131 
0.000099 
0.000051 
0.000025 
0.000005 
0.000000 
0.000000 
0.000000 
0.000000 
0.000000 
0.000000 
0.000000 
0.000000 
0.000000 
0.000000 
0.000000 
0.000000 
0.000000 
0.000000 
0.000000 
0.000000 
0.000000 
0.000000 
0.000000 
0.000000 
0.000000 
0.000000 
0.000000 
0.000000 
0.000000 
0.000000 
0.000000 
0.000000 
0.000000 
0.000000 
0.000000 
0.000000 
0.000000 
0.000000 
0.000000 
0.000000 
0.000000 
0.000000 
0.000000 
0.000000 
0.000000 
0.000000 
0.000000 
0.000000 
0.000000 
0.000000 
0.000000 
0.000000 
0.000000 
0.000000 
0.000000 
0.000000 
0.000000 
0.000000 
0.000000 
0.000000 
0.000000 
0.000000 
0.000000 
0.000000 
0.000000 
0.000000 
0.000000 
0.000000 
0.000000 
0.000000 
0.000000 
0.000000 
0.000000 
0.000000 
0.000000 
0.000000 
0.000000 
0.000000 
0.000000 
0.000000 
0.000000 
0.000000 
0.000000 
0.000000 
0.000000 
0.000000 
0.000000 
0.000000 
0.000000 
0.000000 
0.000000 
0.000000 
0.000000 
0.000000 
0.000000 
0.000000 
0.000000 
0.000000 
0.000000 
0.000000 
0.000000 
0.000000 
0.000000 
0.000000 
0.000000 
0.000000 
0.000000 
0.000000 
0.000000 
0.000000 
0.000000 
0.000000 
0.000000 
0.000000 
0.000000 
0.000000 
0.000000 
0.000000 
0.000000 
0.000000 
0.000000 
0.000000 
0.000000 
0.000000 
0.000000 
0.000000 
0.000000 
0.000000 
0.000000 
0.000000 
0.000000 
0.000000 
0.000000 
0.000000 
0.000000 
0.000000 
0.000000 
0.000000 
0.000000 
0.000000 
0.000000 
0.000000 
0.000000 
0.000000 
0.000000 
0.000000 
0.000000 
0.000000 
0.000000 
0.000000 
0.000000 
0.000000 
0.000000 
0.000000 
0.000000 
0.000000 
0.000000 
0.000000 
0.000000 
0.000000 
0.000000 
0.000000 
0.000000 
0.000000 
0.000000 
0.000000 
0.000000 
0.000000 
0.000000 
0.000000 
0.000000 
0.000000 
0.000000 
0.000000 
0.000000 
0.000000 
0.000000 
0.000000 
0.000000 
0.000000 
0.000000 
0.000000 
0.000000 
0.000000 
0.000000 
0.000000 
0.000000 
0.000000 
0.000000 
0.000000 
0.000000 
0.000000 
0.000000 
0.000000 
0.000000 
