0.033000 
0.033000 
0.033000 
0.033000 
0.033000 
0.033000 
0.033000 
0.033000 
0.033000 
0.033000 
0.033000 
0.033000 
0.033000 
0.033000 
0.033000 
0.033000 
0.033000 
0.033000 
0.033000 
0.033000 
0.033000 
0.033000 
0.033000 
0.033000 
0.033000 
0.033000 
0.033000 
0.033000 
0.033000 
0.033000 
0.033000 
0.033000 
0.033000 
0.033000 
0.033000 
0.033000 
0.033000 
0.033000 
0.033000 
0.033000 
0.033000 
0.033000 
0.033000 
0.033000 
0.033000 
0.033000 
0.033000 
0.033000 
0.033000 
0.033000 
0.033000 
0.033000 
0.033000 
0.033000 
0.033000 
0.033000 
0.033000 
0.033000 
0.033000 
0.033000 
0.033000 
0.033000 
0.033000 
0.033000 
0.033000 
0.033000 
0.033000 
0.033000 
0.033000 
0.033000 
0.033000 
0.033000 
0.033000 
0.033000 
0.033000 
0.033000 
0.033000 
0.033000 
0.033000 
0.033000 
0.033000 
0.033000 
0.033000 
0.033000 
0.033000 
0.033000 
0.033000 
0.033000 
0.033000 
0.033000 
0.033000 
0.033000 
0.033000 
0.033000 
0.033000 
0.037015 
0.047492 
0.062082 
0.078435 
0.094200 
0.113148 
0.137089 
0.160737 
0.178803 
0.186000 
0.186000 
0.186000 
0.186000 
0.186000 
0.186000 
0.186000 
0.186000 
0.186000 
0.186000 
0.186000 
0.186000 
0.186000 
0.186000 
0.186000 
0.186000 
0.170088 
0.132144 
0.086856 
0.048912 
0.033000 
0.033000 
0.033000 
0.033000 
0.033000 
0.033000 
0.033000 
0.033000 
0.033000 
0.033000 
0.033000 
0.033000 
0.033000 
0.033000 
0.033000 
0.033000 
0.033000 
0.033000 
0.033000 
0.033000 
0.033000 
0.033000 
0.033000 
0.033000 
0.033000 
0.033000 
0.033000 
0.033000 
0.033000 
0.033000 
0.033000 
0.033000 
0.033000 
0.033000 
0.033000 
0.033000 
0.033000 
0.033000 
0.033000 
0.033000 
0.033000 
0.033000 
0.033000 
0.033000 
0.033000 
0.033000 
0.044163 
0.071385 
0.105265 
0.136404 
0.155400 
0.164849 
0.173221 
0.179929 
0.184384 
0.186000 
0.186000 
0.186000 
0.186000 
0.186000 
0.186000 
0.186000 
0.186000 
0.186000 
0.186000 
0.186000 
0.181985 
0.171508 
0.156918 
0.140565 
0.124800 
0.105852 
0.081911 
0.058263 
0.040197 
0.033000 
0.033000 
0.033000 
0.033000 
0.033000 
0.033000 
0.033000 
0.033000 
0.033000 
0.033000 
0.033000 
0.033000 
0.033000 
0.033000 
0.033000 
0.033000 
0.033000 
0.033000 
0.033000 
0.033000 
0.033000 
0.033000 
0.033000 
0.033000 
0.033000 
0.033000 
0.033000 
0.033000 
0.033000 
0.033000 
0.033000 
0.033000 
0.033000 
0.033000 
0.033000 
0.033000 
0.033000 
0.033000 
0.033000 
0.033000 
0.033000 
0.033000 
0.033000 
0.033000 
0.033000 
0.033000 
0.033000 
0.033000 
0.033000 
0.033000 
0.033000 
0.033000 
0.033000 
0.033000 
0.033000 
0.033000 
0.033000 
0.033000 
0.033000 
0.033000 
0.033000 
0.033000 
0.033000 
0.033000 
0.033000 
0.033000 
0.033000 
0.033000 
0.033000 
0.033000 
0.033000 
0.033000 
0.033000 
0.033000 
0.033000 
0.033000 
0.033000 
0.033000 
0.033000 
0.033000 
0.033000 
0.033000 
0.033000 
0.033000 
0.033000 
0.033000 
0.033000 
0.033000 
0.033000 
0.033000 
0.033000 
0.044163 
0.071385 
0.105265 
0.136404 
0.155400 
0.164849 
0.173221 
0.179929 
0.184384 
0.186000 
0.186000 
0.186000 
0.186000 
0.186000 
0.186000 
0.186000 
0.186000 
0.186000 
0.186000 
0.186000 
0.181985 
0.171508 
0.156918 
0.140565 
0.124800 
0.105852 
0.081911 
0.058263 
0.040197 
0.033000 
0.033000 
0.033000 
0.033000 
0.033000 
0.033000 
0.033000 
0.033000 
0.033000 
0.033000 
0.033000 
0.033000 
0.033000 
0.033000 
0.033000 
0.033000 
0.033000 
0.033000 
0.033000 
0.033000 
0.033000 
0.033000 
0.033000 
0.033000 
0.033000 
0.033000 
0.033000 
0.033000 
0.033000 
0.033000 
0.033000 
0.033000 
0.033000 
0.033000 
0.033000 
0.033000 
0.033000 
0.033000 
0.033000 
0.033000 
0.033000 
0.035496 
0.041448 
0.048552 
0.054504 
0.057000 
0.056376 
0.054888 
0.053112 
0.051624 
0.051000 
0.052488 
0.056184 
0.060936 
0.065592 
0.069000 
0.071184 
0.073032 
0.074688 
0.076296 
0.078000 
0.079800 
0.081600 
0.083400 
0.085200 
0.087000 
0.088656 
0.090168 
0.091752 
0.093624 
0.096000 
0.099021 
0.102903 
0.107975 
0.114564 
0.123000 
0.146570 
0.190029 
0.240902 
0.286717 
0.315000 
0.329822 
0.342955 
0.353477 
0.360466 
0.363000 
0.363000 
0.363000 
0.363000 
0.363000 
0.363000 
0.364248 
0.367224 
0.370776 
0.373752 
0.375000 
0.367325 
0.349022 
0.327178 
0.308875 
0.301200 
0.320296 
0.369671 
0.437458 
0.511790 
0.580800 
0.657423 
0.749908 
0.839363 
0.906892 
0.933600 
0.860998 
0.687869 
0.481231 
0.308102 
0.235500 
0.299678 
0.452719 
0.635381 
0.788422 
0.852600 
0.827212 
0.762599 
0.676091 
0.585015 
0.506700 
0.431396 
0.347499 
0.269560 
0.212127 
0.189750 
0.189750 
0.189750 
0.189750 
0.189750 
0.189750 
0.189750 
0.189750 
0.189750 
0.189750 
0.189750 
0.191366 
0.195821 
0.202529 
0.210901 
0.220350 
0.237566 
0.265144 
0.296354 
0.324466 
0.342750 
0.353155 
0.362051 
0.369345 
0.374943 
0.378750 
0.381529 
0.383992 
0.385964 
0.387275 
0.387750 
0.387750 
0.387750 
0.387750 
0.387750 
0.387750 
0.377748 
0.352849 
0.320711 
0.288992 
0.265350 
0.249494 
0.235627 
0.223147 
0.211455 
0.199950 
0.187090 
0.173215 
0.160551 
0.151321 
0.147750 
0.147750 
0.147750 
0.147750 
0.147750 
0.147750 
0.147750 
0.147750 
0.147750 
0.147750 
0.147750 
0.147750 
0.147750 
0.147750 
0.147750 
0.147750 
0.145944 
0.141541 
0.136060 
0.131023 
0.127950 
0.126421 
0.125067 
0.123982 
0.123261 
0.123000 
0.123000 
0.123000 
0.123000 
0.123000 
0.123000 
0.116822 
0.102091 
0.084509 
0.069778 
0.063600 
0.076330 
0.106685 
0.142915 
0.173270 
0.186000 
0.186000 
0.186000 
0.186000 
0.186000 
0.186000 
0.186000 
0.186000 
0.186000 
0.186000 
0.186000 
0.186000 
0.186000 
0.186000 
0.186000 
0.186000 
0.174837 
0.147615 
0.113735 
0.082596 
0.063600 
0.054151 
0.045779 
0.039071 
0.034616 
0.033000 
0.033000 
0.033000 
0.033000 
0.033000 
0.033000 
0.033000 
0.033000 
0.033000 
0.033000 
0.033000 
0.033000 
0.033000 
0.033000 
0.033000 
0.033000 
0.033000 
0.033000 
0.033000 
0.033000 
0.033000 
0.033000 
0.033000 
0.033000 
0.033000 
0.033000 
0.033000 
0.033000 
0.033000 
0.033000 
0.033000 
0.033000 
0.033000 
0.033000 
0.033000 
0.033000 
0.033000 
0.033000 
0.033000 
0.033000 
0.033000 
0.033000 
0.033000 
0.033000 
0.033000 
0.033000 
0.033000 
0.033000 
0.033000 
0.033000 
0.033000 
0.033000 
0.033000 
0.033000 
0.033000 
0.033000 
0.033000 
0.033000 
0.033000 
0.033000 
0.033000 
0.033000 
0.033000 
0.033000 
0.033000 
0.033000 
0.033000 
0.033000 
0.033000 
0.033000 
0.033000 
0.033000 
0.033000 
0.033000 
0.033000 
0.033000 
0.033000 
0.033000 
0.033000 
0.033000 
0.033000 
0.033000 
0.033000 
0.033000 
0.033000 
0.033000 
0.033000 
0.033000 
0.033000 
0.033000 
0.033000 
0.033000 
0.033000 
0.033000 
0.033000 
0.033000 
0.044163 
0.071385 
0.105265 
0.136404 
0.155400 
0.164849 
0.173221 
0.179929 
0.184384 
0.186000 
0.186000 
0.186000 
0.186000 
0.186000 
0.186000 
0.186000 
0.186000 
0.186000 
0.186000 
0.186000 
0.181985 
0.171508 
0.156918 
0.140565 
0.124800 
0.105852 
0.081911 
0.058263 
0.040197 
0.033000 
0.033000 
0.033000 
0.033000 
0.033000 
0.033000 
0.033000 
0.033000 
0.033000 
0.033000 
0.033000 
0.033000 
0.033000 
0.033000 
0.033000 
0.033000 
0.033000 
0.033000 
0.033000 
0.033000 
0.033000 
0.033000 
0.033000 
0.033000 
0.033000 
0.033000 
0.033000 
0.033000 
0.033000 
0.033000 
0.033000 
0.033000 
0.033000 
0.033000 
0.033000 
0.033000 
0.033000 
0.033000 
0.033000 
0.033000 
0.033000 
0.033000 
0.033000 
0.033000 
0.033000 
0.033000 
0.033000 
0.033000 
0.033000 
0.033000 
0.033000 
0.033000 
0.033000 
0.033000 
0.033000 
0.033000 
0.044163 
0.071385 
0.105265 
0.136404 
0.155400 
0.164849 
0.173221 
0.179929 
0.184384 
0.186000 
0.186000 
0.186000 
0.186000 
0.186000 
0.186000 
0.186000 
0.186000 
0.186000 
0.186000 
0.186000 
0.181985 
0.171508 
0.156918 
0.140565 
0.124800 
0.105852 
0.081911 
0.058263 
0.040197 
0.033000 
0.033000 
0.033000 
0.033000 
0.033000 
0.033000 
0.033000 
0.033000 
0.033000 
0.033000 
0.033000 
0.033000 
0.033000 
0.033000 
0.033000 
0.033000 
0.033000 
0.033000 
0.033000 
0.033000 
0.033000 
0.033000 
0.033000 
0.033000 
0.033000 
0.033000 
0.033000 
0.033000 
0.033000 
0.033000 
0.033000 
0.033000 
0.033000 
0.033000 
0.033000 
0.033000 
0.033000 
0.033000 
0.033000 
0.033000 
0.033000 
0.033000 
0.033000 
0.033000 
0.033000 
0.033000 
0.037015 
0.047492 
0.062082 
0.078435 
0.094200 
0.113148 
0.137089 
0.160737 
0.178803 
0.186000 
0.186000 
0.186000 
0.186000 
0.186000 
0.186000 
0.186000 
0.186000 
0.186000 
0.186000 
0.186000 
0.186000 
0.186000 
0.186000 
0.186000 
0.186000 
0.170088 
0.132144 
0.086856 
0.048912 
0.033000 
0.033000 
0.033000 
0.033000 
0.033000 
0.033000 
0.033000 
0.033000 
0.033000 
0.033000 
0.033000 
0.033000 
0.033000 
0.033000 
0.033000 
0.033000 
0.033000 
0.033000 
0.033000 
0.033000 
0.033000 
0.033000 
0.033000 
0.033000 
0.033000 
0.033000 
0.033000 
0.033000 
0.033000 
0.033000 
0.033000 
0.033000 
0.033000 
0.033000 
0.033000 
0.033000 
0.033000 
0.033000 
0.033000 
0.033000 
0.033000 
0.033000 
0.033000 
0.033000 
0.033000 
0.033000 
0.033000 
0.033000 
0.033000 
0.033000 
0.033000 
0.033000 
0.033000 
0.033000 
0.033000 
0.033000 
0.033000 
0.033000 
0.033000 
0.033000 
0.033000 
0.033000 
0.033000 
0.033000 
0.033000 
0.033000 
0.033000 
0.033000 
0.033000 
0.033000 
0.033000 
0.033000 
0.033000 
0.033000 
0.033000 
0.033000 
0.033000 
0.033000 
0.033000 
0.033000 
0.033000 
0.033000 
0.033000 
0.033000 
0.033000 
0.033000 
0.044163 
0.071385 
0.105265 
0.136404 
0.155400 
0.164849 
0.173221 
0.179929 
0.184384 
0.186000 
0.186000 
0.186000 
0.186000 
0.186000 
0.186000 
0.186000 
0.186000 
0.186000 
0.186000 
0.186000 
0.181985 
0.171508 
0.156918 
0.140565 
0.124800 
0.105852 
0.081911 
0.058263 
0.040197 
0.033000 
0.033000 
0.033000 
0.033000 
0.033000 
0.033000 
0.033000 
0.033000 
0.033000 
0.033000 
0.033000 
0.033000 
0.033000 
0.033000 
0.033000 
0.033000 
0.033000 
0.033000 
0.033000 
0.033000 
0.033000 
0.033000 
0.033000 
0.033000 
0.033000 
0.033000 
0.033000 
0.033000 
0.033000 
0.033000 
0.033000 
0.033000 
0.033000 
0.033000 
0.033000 
0.033000 
0.033000 
0.033000 
0.033000 
0.033000 
0.033000 
0.033000 
0.033000 
0.033000 
0.033000 
0.033000 
0.033000 
0.033000 
0.033000 
0.033000 
0.033000 
0.136522 
0.383381 
0.678019 
0.924878 
1.028400 
0.924878 
0.678019 
0.383381 
0.136522 
0.033000 
0.033000 
0.033000 
0.033000 
0.033000 
0.033000 
0.050663 
0.092902 
0.143589 
0.186597 
0.205800 
0.207269 
0.208096 
0.208683 
0.209434 
0.210750 
0.213323 
0.217781 
0.224432 
0.233586 
0.245550 
0.363123 
0.624005 
0.930862 
1.186355 
1.293150 
1.172186 
0.882299 
0.533000 
0.233797 
0.094200 
0.072929 
0.055888 
0.043363 
0.035638 
0.033000 
0.044622 
0.072336 
0.105414 
0.133128 
0.144750 
0.144750 
0.144750 
0.144750 
0.144750 
0.144750 
0.144750 
0.144750 
0.144750 
0.144750 
0.144750 
0.144750 
0.144750 
0.144750 
0.144750 
0.144750 
0.144750 
0.144750 
0.144750 
0.144750 
0.144750 
0.144750 
0.144750 
0.144750 
0.144750 
0.144750 
0.144750 
0.144750 
0.144750 
0.144750 
0.144750 
0.144812 
0.144961 
0.145139 
0.145288 
0.145350 
0.136240 
0.114515 
0.088585 
0.066860 
0.057750 
0.057750 
0.057750 
0.057750 
0.057750 
0.057750 
0.057473 
0.056720 
0.055612 
0.054265 
0.052800 
0.050305 
0.046504 
0.042464 
0.039257 
0.037950 
0.047678 
0.071406 
0.100950 
0.128126 
0.144750 
0.152384 
0.158387 
0.163274 
0.167557 
0.171750 
0.176387 
0.181196 
0.185488 
0.188569 
0.189750 
0.189750 
0.189750 
0.189750 
0.189750 
0.189750 
0.189750 
0.189750 
0.189750 
0.189750 
0.189750 
0.189750 
0.189750 
0.189750 
0.189750 
0.189750 
0.199308 
0.223321 
0.254795 
0.286736 
0.312150 
0.330517 
0.346798 
0.362220 
0.378011 
0.395400 
0.418253 
0.445856 
0.472561 
0.492724 
0.500700 
0.488263 
0.457430 
0.417922 
0.379455 
0.351750 
0.334781 
0.320936 
0.308556 
0.295981 
0.281550 
0.262344 
0.239353 
0.216786 
0.198850 
0.189750 
0.187177 
0.185604 
0.184418 
0.183005 
0.180750 
0.175163 
0.166004 
0.156040 
0.148033 
0.144750 
0.167492 
0.225653 
0.304139 
0.387853 
0.461700 
0.536062 
0.621003 
0.700954 
0.760343 
0.783600 
0.714586 
0.550013 
0.353587 
0.189014 
0.120000 
0.120000 
0.120000 
0.120000 
0.120000 
0.120000 
0.121164 
0.124087 
0.127912 
0.131785 
0.134850 
0.137400 
0.140046 
0.142406 
0.144101 
0.144750 
0.144750 
0.144750 
0.144750 
0.144750 
0.144750 
0.144750 
0.144750 
0.144750 
0.144750 
0.144750 
0.144750 
0.144750 
0.144750 
0.144750 
0.144750 
0.144824 
0.145045 
0.145409 
0.145912 
0.146550 
0.152548 
0.166987 
0.186647 
0.208308 
0.228750 
0.247982 
0.268304 
0.289929 
0.313073 
0.337950 
0.368642 
0.405360 
0.442512 
0.474505 
0.495750 
0.509055 
0.520658 
0.530108 
0.536956 
0.540750 
0.542729 
0.544387 
0.545654 
0.546465 
0.546750 
0.540494 
0.523902 
0.500238 
0.472766 
0.444750 
0.406126 
0.353358 
0.299502 
0.257614 
0.240750 
0.244572 
0.253686 
0.264564 
0.273678 
0.277500 
0.277344 
0.276972 
0.276528 
0.276156 
0.276000 
0.279330 
0.288132 
0.300623 
0.315023 
0.329550 
0.349006 
0.375161 
0.401684 
0.422241 
0.430500 
0.429815 
0.427966 
0.425258 
0.422001 
0.418500 
0.412815 
0.404350 
0.395426 
0.388369 
0.385500 
0.392364 
0.408732 
0.428268 
0.444636 
0.451500 
0.448883 
0.442389 
0.434054 
0.425912 
0.420000 
0.415772 
0.411649 
0.408108 
0.405632 
0.404700 
0.447330 
0.554226 
0.693898 
0.834852 
0.945600 
1.036598 
1.130458 
1.213918 
1.273719 
1.296600 
1.221190 
1.041365 
0.826735 
0.646910 
0.571500 
0.573656 
0.578837 
0.585115 
0.590562 
0.593250 
0.593863 
0.594362 
0.594736 
0.594969 
0.595050 
0.589970 
0.576858 
0.558906 
0.539306 
0.521250 
0.501509 
0.477892 
0.455145 
0.438015 
0.431250 
0.433543 
0.439012 
0.445538 
0.451007 
0.453300 
0.451793 
0.447897 
0.442550 
0.436689 
0.431250 
0.425219 
0.417943 
0.410909 
0.405600 
0.403500 
0.408367 
0.419974 
0.433826 
0.445433 
0.450300 
0.447339 
0.439011 
0.426149 
0.409584 
0.390150 
0.339828 
0.249607 
0.148833 
0.066849 
0.033000 
0.033000 
0.033000 
0.033000 
0.033000 
0.033000 
0.033000 
0.033000 
0.033000 
0.033000 
0.033000 
0.033000 
0.033000 
0.033000 
0.033000 
0.033000 
0.033000 
0.033000 
0.033000 
0.033000 
0.033000 
0.033000 
0.033000 
0.033000 
0.033000 
0.033000 
0.040197 
0.058263 
0.081911 
0.105852 
0.124800 
0.140565 
0.156918 
0.171508 
0.181985 
0.186000 
0.186000 
0.186000 
0.186000 
0.186000 
0.186000 
0.186000 
0.186000 
0.186000 
0.186000 
0.186000 
0.184384 
0.179929 
0.173221 
0.164849 
0.155400 
0.141789 
0.121422 
0.095620 
0.065705 
0.033000 
