0.014250 
0.014250 
0.014250 
0.014250 
0.014250 
0.014250 
0.014250 
0.014250 
0.014250 
0.014250 
0.014250 
0.014250 
0.014250 
0.014250 
0.014250 
0.014250 
0.014250 
0.014250 
0.014250 
0.014250 
0.014250 
0.014250 
0.014250 
0.014250 
0.014250 
0.014250 
0.014250 
0.014250 
0.014250 
0.014250 
0.014250 
0.014250 
0.014250 
0.014250 
0.014250 
0.014250 
0.014250 
0.014250 
0.014250 
0.014250 
0.014250 
0.014250 
0.014250 
0.014250 
0.014250 
0.014250 
0.014250 
0.014250 
0.014250 
0.014250 
0.014250 
0.014250 
0.014250 
0.014250 
0.014250 
0.014250 
0.014250 
0.014250 
0.014250 
0.014250 
0.014250 
0.014250 
0.014250 
0.014250 
0.014250 
0.024167 
0.049017 
0.081448 
0.114110 
0.139650 
0.158988 
0.177427 
0.194191 
0.208507 
0.219600 
0.228872 
0.237645 
0.245022 
0.250106 
0.252000 
0.252000 
0.252000 
0.252000 
0.252000 
0.252000 
0.248434 
0.238793 
0.224666 
0.207639 
0.189300 
0.159277 
0.114387 
0.067004 
0.029501 
0.014250 
0.014250 
0.014250 
0.014250 
0.014250 
0.014250 
0.014250 
0.014250 
0.014250 
0.014250 
0.014250 
0.017340 
0.025403 
0.036632 
0.049217 
0.061350 
0.075932 
0.094358 
0.112557 
0.126461 
0.132000 
0.132000 
0.132000 
0.132000 
0.132000 
0.132000 
0.132000 
0.132000 
0.132000 
0.132000 
0.132000 
0.127435 
0.116420 
0.102978 
0.091131 
0.084900 
0.082959 
0.081342 
0.080110 
0.079325 
0.079050 
0.079795 
0.081933 
0.085319 
0.089806 
0.095250 
0.115311 
0.154655 
0.199643 
0.236638 
0.252000 
0.251145 
0.248786 
0.245235 
0.240803 
0.235800 
0.225743 
0.209258 
0.191321 
0.176910 
0.171000 
0.171000 
0.171000 
0.171000 
0.171000 
0.171000 
0.163626 
0.145117 
0.120890 
0.096362 
0.076950 
0.060798 
0.044045 
0.029097 
0.018363 
0.014250 
0.014250 
0.014250 
0.014250 
0.014250 
0.014250 
0.014250 
0.014250 
0.014250 
0.014250 
0.014250 
0.014250 
0.014250 
0.014250 
0.014250 
0.014250 
0.014250 
0.014250 
0.014250 
0.014250 
0.014250 
0.014250 
0.014250 
0.014250 
0.014250 
0.014250 
0.014250 
0.014250 
0.014250 
0.014250 
0.014250 
0.016375 
0.021922 
0.029646 
0.038304 
0.046650 
0.056681 
0.069356 
0.081875 
0.091440 
0.095250 
0.095250 
0.095250 
0.095250 
0.095250 
0.095250 
0.095250 
0.095250 
0.095250 
0.095250 
0.095250 
0.089340 
0.074929 
0.056992 
0.040507 
0.030450 
0.025447 
0.021015 
0.017464 
0.015105 
0.014250 
0.032093 
0.075932 
0.131235 
0.183468 
0.218100 
0.238879 
0.258079 
0.273955 
0.284760 
0.288750 
0.288750 
0.288750 
0.288750 
0.288750 
0.288750 
0.288750 
0.288750 
0.288750 
0.288750 
0.288750 
0.278459 
0.252231 
0.217033 
0.179833 
0.147600 
0.116178 
0.080913 
0.048024 
0.023730 
0.014250 
0.014250 
0.014250 
0.014250 
0.014250 
0.014250 
0.014250 
0.014250 
0.014250 
0.014250 
0.014250 
0.014250 
0.014250 
0.014250 
0.014250 
0.014250 
0.014250 
0.014250 
0.014250 
0.014250 
0.014250 
0.014250 
0.014250 
0.014250 
0.014250 
0.014250 
0.014250 
0.014250 
0.014250 
0.014250 
0.014250 
0.014250 
0.014250 
0.014250 
0.014250 
0.014250 
0.019524 
0.033313 
0.052565 
0.074228 
0.095250 
0.119285 
0.148749 
0.178735 
0.204338 
0.220650 
0.230331 
0.238908 
0.245780 
0.250345 
0.252000 
0.249875 
0.244328 
0.236604 
0.227946 
0.219600 
0.209569 
0.196894 
0.184375 
0.174810 
0.171000 
0.171827 
0.173798 
0.176152 
0.178123 
0.178950 
0.174067 
0.162424 
0.148526 
0.136883 
0.132000 
0.132000 
0.132000 
0.132000 
0.132000 
0.132000 
0.132000 
0.132000 
0.132000 
0.132000 
0.132000 
0.126461 
0.112557 
0.094358 
0.075932 
0.061350 
0.049217 
0.036632 
0.025403 
0.017340 
0.014250 
0.014250 
0.014250 
0.014250 
0.014250 
0.014250 
0.014250 
0.014250 
0.014250 
0.014250 
0.014250 
0.014250 
0.014250 
0.014250 
0.014250 
0.014250 
0.014250 
0.014250 
0.014250 
0.014250 
0.014250 
0.015061 
0.016996 
0.019304 
0.021239 
0.022050 
0.021239 
0.019304 
0.016996 
0.015061 
0.014250 
0.014250 
0.014250 
0.014250 
0.014250 
0.014250 
0.018144 
0.028524 
0.043437 
0.060930 
0.079050 
0.103514 
0.136768 
0.171950 
0.202198 
0.220650 
0.228948 
0.234478 
0.238994 
0.244250 
0.252000 
0.268694 
0.294645 
0.322404 
0.344522 
0.353550 
0.348850 
0.336859 
0.320737 
0.303647 
0.288750 
0.276479 
0.264725 
0.252837 
0.240162 
0.226050 
0.209781 
0.191538 
0.172024 
0.151944 
0.132000 
0.108743 
0.081690 
0.055990 
0.036793 
0.029250 
0.029874 
0.031362 
0.033138 
0.034626 
0.035250 
0.034002 
0.031026 
0.027474 
0.024498 
0.023250 
0.025371 
0.030933 
0.038735 
0.047574 
0.056250 
0.064572 
0.073544 
0.083755 
0.095794 
0.110250 
0.135923 
0.174206 
0.214577 
0.246516 
0.259500 
0.258338 
0.255175 
0.250493 
0.244773 
0.238500 
0.227469 
0.210403 
0.192179 
0.177670 
0.171750 
0.172140 
0.173070 
0.174180 
0.175110 
0.175500 
0.172692 
0.165996 
0.158004 
0.151308 
0.148500 
0.150057 
0.153994 
0.159207 
0.164594 
0.169050 
0.172440 
0.175519 
0.178523 
0.181688 
0.185250 
0.188786 
0.192194 
0.196189 
0.201486 
0.208800 
0.238693 
0.297596 
0.365027 
0.420506 
0.443550 
0.438605 
0.426812 
0.412738 
0.400945 
0.396000 
0.463309 
0.627184 
0.830544 
1.016309 
1.127400 
1.179928 
1.226045 
1.262727 
1.286953 
1.295700 
1.279132 
1.238467 
1.187260 
1.139069 
1.107450 
1.088888 
1.071834 
1.057790 
1.048261 
1.044750 
1.044750 
1.044750 
1.044750 
1.044750 
1.044750 
1.044750 
1.044750 
1.044750 
1.044750 
1.044750 
0.974763 
0.804093 
0.591677 
0.396450 
0.277350 
0.218107 
0.165617 
0.123563 
0.095630 
0.085500 
0.085500 
0.085500 
0.085500 
0.085500 
0.085500 
0.091509 
0.106767 
0.127120 
0.148416 
0.166500 
0.181699 
0.196811 
0.211388 
0.224983 
0.237150 
0.249283 
0.261868 
0.273097 
0.281160 
0.284250 
0.280880 
0.272845 
0.263255 
0.255220 
0.251850 
0.253801 
0.258825 
0.265678 
0.273118 
0.279900 
0.287166 
0.295759 
0.303989 
0.310166 
0.312600 
0.308800 
0.299316 
0.287022 
0.274792 
0.265500 
0.258299 
0.251053 
0.244709 
0.240210 
0.238500 
0.240115 
0.244785 
0.252247 
0.262240 
0.274500 
0.309777 
0.381888 
0.480176 
0.593983 
0.712650 
0.876817 
1.099790 
1.329915 
1.515537 
1.605000 
1.626375 
1.642720 
1.654857 
1.663609 
1.669800 
1.674803 
1.679235 
1.682786 
1.685145 
1.686000 
1.670150 
1.626552 
1.561134 
1.479824 
1.388550 
1.211250 
0.924372 
0.612608 
0.360653 
0.253200 
0.246898 
0.241950 
0.238384 
0.236225 
0.235500 
0.235500 
0.235500 
0.235500 
0.235500 
0.235500 
0.235500 
0.235500 
0.235500 
0.235500 
0.235500 
0.242738 
0.259999 
0.280601 
0.297862 
0.305100 
0.297784 
0.280337 
0.259513 
0.242066 
0.234750 
0.234750 
0.234750 
0.234750 
0.234750 
0.234750 
0.234750 
0.234750 
0.234750 
0.234750 
0.234750 
0.250112 
0.287107 
0.332095 
0.371439 
0.391500 
0.396114 
0.398943 
0.401084 
0.403637 
0.407700 
0.417757 
0.434242 
0.452179 
0.466590 
0.472500 
0.472500 
0.472500 
0.472500 
0.472500 
0.472500 
0.470339 
0.464380 
0.455406 
0.444201 
0.431550 
0.407792 
0.369436 
0.326519 
0.289078 
0.267150 
0.256852 
0.247950 
0.240958 
0.236387 
0.234750 
0.240272 
0.253441 
0.269159 
0.282328 
0.287850 
0.286072 
0.281831 
0.276769 
0.272528 
0.270750 
0.273464 
0.279937 
0.287663 
0.294136 
0.296850 
0.282982 
0.249911 
0.210439 
0.177368 
0.163500 
0.163500 
0.163500 
0.163500 
0.163500 
0.163500 
0.174560 
0.200935 
0.232415 
0.258790 
0.269850 
0.269832 
0.269778 
0.269688 
0.269562 
0.269400 
0.247804 
0.196565 
0.135469 
0.084302 
0.062850 
0.066220 
0.074255 
0.083845 
0.091880 
0.095250 
0.095250 
0.095250 
0.095250 
0.095250 
0.095250 
0.095250 
0.095250 
0.095250 
0.095250 
0.095250 
0.086826 
0.066738 
0.042762 
0.022674 
0.014250 
0.014250 
0.014250 
0.014250 
0.014250 
0.014250 
0.014250 
0.014250 
0.014250 
0.014250 
0.014250 
0.025397 
0.053655 
0.091250 
0.130407 
0.163350 
0.193829 
0.227107 
0.257687 
0.280068 
0.288750 
0.288750 
0.288750 
0.288750 
0.288750 
0.288750 
0.288750 
0.288750 
0.288750 
0.288750 
0.288750 
0.280391 
0.258962 
0.229937 
0.198792 
0.171000 
0.144017 
0.114185 
0.085304 
0.061176 
0.045600 
0.035919 
0.027342 
0.020470 
0.015905 
0.014250 
0.014250 
0.014250 
0.014250 
0.014250 
0.014250 
0.014250 
0.014250 
0.014250 
0.014250 
0.014250 
0.014250 
0.014250 
0.014250 
0.014250 
0.014250 
0.014250 
0.014250 
0.014250 
0.014250 
0.014250 
0.014250 
0.014250 
0.014250 
0.014250 
0.014250 
0.014250 
0.014250 
0.014250 
0.014250 
0.014250 
0.014250 
0.014250 
0.014250 
0.014250 
0.014250 
0.015829 
0.020282 
0.027186 
0.036116 
0.046650 
0.073818 
0.122936 
0.179005 
0.227026 
0.252000 
0.258652 
0.262757 
0.265891 
0.269630 
0.275550 
0.290170 
0.314134 
0.340209 
0.361159 
0.369750 
0.365623 
0.354776 
0.339514 
0.322137 
0.304950 
0.286133 
0.263679 
0.239609 
0.215942 
0.194700 
0.176223 
0.159048 
0.142486 
0.125849 
0.108450 
0.087127 
0.062324 
0.038764 
0.021165 
0.014250 
0.014250 
0.014250 
0.014250 
0.014250 
0.014250 
0.014250 
0.014250 
0.014250 
0.014250 
0.014250 
0.014250 
0.014250 
0.014250 
0.014250 
0.014250 
0.014250 
0.014250 
0.014250 
0.014250 
0.014250 
0.020160 
0.034571 
0.052508 
0.068993 
0.079050 
0.084053 
0.088485 
0.092036 
0.094395 
0.095250 
0.095250 
0.095250 
0.095250 
0.095250 
0.095250 
0.104228 
0.126599 
0.155521 
0.184153 
0.205650 
0.221968 
0.238249 
0.252431 
0.262452 
0.266250 
0.266250 
0.266250 
0.266250 
0.266250 
0.266250 
0.266250 
0.266250 
0.266250 
0.266250 
0.266250 
0.266250 
0.266250 
0.266250 
0.266250 
0.266250 
0.253949 
0.224331 
0.188324 
0.156854 
0.140850 
0.136561 
0.133029 
0.130366 
0.128685 
0.128100 
0.128382 
0.129132 
0.130206 
0.131460 
0.132750 
0.134570 
0.137089 
0.139672 
0.141688 
0.142500 
0.142500 
0.142500 
0.142500 
0.142500 
0.142500 
0.142500 
0.142500 
0.142500 
0.142500 
0.142500 
0.160533 
0.203901 
0.256507 
0.302256 
0.325050 
0.330544 
0.335038 
0.338404 
0.340517 
0.341250 
0.341250 
0.341250 
0.341250 
0.341250 
0.341250 
0.340517 
0.338404 
0.335038 
0.330544 
0.325050 
0.302256 
0.256507 
0.203901 
0.160533 
0.142500 
0.142500 
0.142500 
0.142500 
0.142500 
0.142500 
0.142500 
0.142500 
0.142500 
0.142500 
0.142500 
0.157587 
0.194031 
0.238607 
0.278088 
0.299250 
0.305728 
0.310436 
0.314064 
0.317305 
0.320850 
0.324101 
0.326610 
0.329294 
0.333068 
0.338850 
0.454102 
0.722944 
1.051280 
1.345014 
1.510050 
1.573823 
1.626321 
1.667272 
1.696405 
1.713450 
1.722846 
1.729806 
1.735218 
1.739970 
1.744950 
1.750849 
1.757121 
1.762798 
1.766913 
1.768500 
1.698540 
1.522925 
1.293056 
1.060331 
0.876150 
0.727459 
0.577612 
0.442621 
0.338497 
0.281250 
0.256625 
0.238307 
0.224216 
0.212273 
0.200400 
0.187060 
0.173372 
0.161240 
0.152565 
0.149250 
0.153432 
0.164082 
0.178356 
0.193410 
0.206400 
0.218969 
0.233018 
0.246094 
0.255739 
0.259500 
0.254109 
0.240734 
0.223575 
0.206831 
0.194700 
0.186064 
0.177652 
0.170439 
0.165397 
0.163500 
0.165104 
0.169566 
0.176361 
0.184964 
0.194850 
0.216904 
0.254523 
0.295950 
0.329428 
0.343200 
0.333325 
0.309778 
0.281672 
0.258125 
0.248250 
0.248250 
0.248250 
0.248250 
0.248250 
0.248250 
0.248250 
0.248250 
0.248250 
0.248250 
0.248250 
0.243347 
0.231297 
0.216088 
0.201710 
0.192150 
0.186381 
0.181042 
0.176623 
0.173612 
0.172500 
0.178759 
0.194344 
0.214464 
0.234329 
0.249150 
0.260273 
0.271322 
0.280920 
0.287688 
0.290250 
0.285196 
0.273143 
0.258757 
0.246704 
0.241650 
0.243803 
0.248936 
0.255064 
0.260197 
0.262350 
0.256694 
0.242677 
0.224723 
0.207256 
0.194700 
0.185888 
0.177349 
0.170051 
0.164962 
0.163050 
0.193938 
0.267594 
0.355506 
0.429162 
0.460050 
0.437747 
0.382964 
0.313894 
0.248725 
0.205650 
0.181058 
0.159546 
0.141615 
0.127766 
0.118500 
0.111943 
0.106154 
0.101527 
0.098460 
0.097350 
0.103294 
0.117467 
0.134383 
0.148556 
0.154500 
0.154500 
0.154500 
0.154500 
0.154500 
0.154500 
0.147551 
0.130604 
0.109512 
0.090126 
0.078300 
0.072417 
0.067205 
0.063030 
0.060256 
0.059250 
0.075552 
0.114426 
0.160824 
0.199698 
0.216000 
0.216000 
0.216000 
0.216000 
0.216000 
0.216000 
0.217981 
0.222706 
0.228344 
0.233069 
0.235050 
0.234638 
0.233443 
0.231523 
0.228939 
0.225750 
0.211576 
0.182191 
0.146889 
0.114961 
0.095700 
0.086258 
0.077957 
0.071347 
0.066978 
0.065400 
0.073258 
0.093965 
0.123223 
0.156734 
0.190200 
0.224246 
0.262849 
0.306733 
0.356625 
0.413250 
0.500004 
0.619770 
0.742510 
0.838183 
0.876750 
0.825425 
0.701642 
0.550691 
0.417864 
0.348450 
0.329533 
0.316299 
0.306194 
0.296662 
0.285150 
0.269255 
0.250666 
0.232959 
0.219711 
0.214500 
0.218976 
0.230327 
0.245441 
0.261203 
0.274500 
0.285286 
0.295667 
0.305754 
0.315661 
0.325500 
0.334578 
0.342826 
0.351289 
0.361015 
0.373050 
0.392449 
0.419700 
0.448995 
0.474530 
0.490500 
0.498080 
0.503290 
0.507590 
0.512440 
0.519300 
0.529813 
0.543852 
0.560226 
0.577739 
0.595200 
0.616196 
0.641628 
0.666266 
0.684883 
0.692250 
0.678834 
0.645185 
0.601205 
0.556793 
0.521850 
0.493069 
0.463351 
0.436909 
0.417954 
0.410700 
0.414007 
0.421894 
0.431306 
0.439193 
0.442500 
0.428164 
0.393977 
0.353173 
0.318986 
0.304650 
0.308031 
0.316761 
0.328720 
0.341789 
0.353850 
0.367081 
0.382940 
0.398229 
0.409749 
0.414300 
0.413177 
0.410498 
0.407302 
0.404623 
0.403500 
0.405958 
0.412259 
0.420797 
0.429963 
0.438150 
0.446174 
0.455111 
0.463740 
0.470843 
0.475200 
0.477241 
0.478542 
0.479602 
0.480922 
0.483000 
0.488969 
0.499409 
0.510989 
0.520380 
0.524250 
0.478844 
0.369517 
0.236603 
0.120436 
0.061350 
0.045508 
0.032459 
0.022621 
0.016412 
0.014250 
0.014250 
0.014250 
0.014250 
0.014250 
0.014250 
0.014250 
0.014250 
0.014250 
0.014250 
0.014250 
0.014250 
0.014250 
0.014250 
0.014250 
0.014250 
0.027265 
0.059607 
0.101222 
0.142054 
0.172050 
0.193949 
0.215475 
0.234046 
0.247081 
0.252000 
0.252000 
0.252000 
0.252000 
0.252000 
0.252000 
0.252000 
0.252000 
0.252000 
0.252000 
0.252000 
0.242524 
0.218472 
0.186408 
0.152896 
0.124500 
0.097898 
0.068664 
0.041706 
0.021932 
0.014250 
0.014250 
0.014250 
0.014250 
0.014250 
0.014250 
0.017340 
0.025403 
0.036632 
0.049217 
0.061350 
0.075932 
0.094358 
0.112557 
0.126461 
0.132000 
0.132000 
0.132000 
0.132000 
0.132000 
0.132000 
0.132000 
0.132000 
0.132000 
0.132000 
0.132000 
0.128910 
0.120847 
0.109618 
0.097033 
0.084900 
0.070318 
0.051892 
0.033693 
0.019789 
0.014250 
0.014250 
0.014250 
0.014250 
0.014250 
0.014250 
0.014250 
0.014250 
0.014250 
0.014250 
0.014250 
0.014250 
0.014250 
0.014250 
0.014250 
0.014250 
0.014250 
0.014250 
0.014250 
0.014250 
0.014250 
0.014250 
0.014250 
0.014250 
0.014250 
0.014250 
0.014250 
0.014250 
0.014250 
0.014250 
0.014250 
