0.035250 
0.035250 
0.035250 
0.035250 
0.035250 
0.035250 
0.035250 
0.035250 
0.035250 
0.035250 
0.035250 
0.035250 
0.035250 
0.035250 
0.035250 
0.035250 
0.035250 
0.035250 
0.035250 
0.035250 
0.035250 
0.035250 
0.035250 
0.035250 
0.035250 
0.035250 
0.035250 
0.035250 
0.035250 
0.035250 
0.035250 
0.035250 
0.035250 
0.035250 
0.035250 
0.035250 
0.035250 
0.035250 
0.035250 
0.035250 
0.035250 
0.035250 
0.035250 
0.035250 
0.035250 
0.035250 
0.035250 
0.035250 
0.035250 
0.035250 
0.035250 
0.035250 
0.035250 
0.035250 
0.035250 
0.035250 
0.035250 
0.035250 
0.035250 
0.035250 
0.035250 
0.035250 
0.035250 
0.035250 
0.035250 
0.035250 
0.035250 
0.035250 
0.035250 
0.035250 
0.035250 
0.035250 
0.035250 
0.035250 
0.035250 
0.035250 
0.035250 
0.035250 
0.035250 
0.035250 
0.035250 
0.035250 
0.035250 
0.035250 
0.035250 
0.035250 
0.035250 
0.035250 
0.035250 
0.035250 
0.035250 
0.035250 
0.035250 
0.035250 
0.035250 
0.035250 
0.035250 
0.035250 
0.035250 
0.035250 
0.035250 
0.035250 
0.035250 
0.035250 
0.035250 
0.035250 
0.035250 
0.035250 
0.035250 
0.035250 
0.035250 
0.035250 
0.035250 
0.035250 
0.035250 
0.035250 
0.035250 
0.035250 
0.035250 
0.035250 
0.035250 
0.035250 
0.035250 
0.035250 
0.035250 
0.035250 
0.035250 
0.035250 
0.035250 
0.035250 
0.035250 
0.035250 
0.035250 
0.035250 
0.035250 
0.035250 
0.035250 
0.035250 
0.035250 
0.035250 
0.035250 
0.035250 
0.035250 
0.035250 
0.035250 
0.035250 
0.035250 
0.035250 
0.035250 
0.035250 
0.035250 
0.035250 
0.035250 
0.035250 
0.035250 
0.035250 
0.035250 
0.035250 
0.035250 
0.035250 
0.035250 
0.035250 
0.035250 
0.035250 
0.035250 
0.035250 
0.035250 
0.035250 
0.035250 
0.035250 
0.035250 
0.035250 
0.035250 
0.035250 
0.035250 
0.035250 
0.035250 
0.035250 
0.035250 
0.035250 
0.035250 
0.035250 
0.035250 
0.035250 
0.035250 
0.035250 
0.035250 
0.035250 
0.035250 
0.035250 
0.035250 
0.035250 
0.035250 
0.035250 
0.035250 
0.035250 
0.035250 
0.035250 
0.035250 
0.035250 
0.035250 
0.035250 
0.035250 
0.035250 
0.035250 
0.035250 
0.035250 
0.035250 
0.035250 
0.035250 
0.035250 
0.035250 
0.035250 
0.035250 
0.035250 
0.035250 
0.035250 
0.035250 
0.035250 
0.035250 
0.035250 
0.035250 
0.035250 
0.035250 
0.035250 
0.035250 
0.035250 
0.035250 
0.035250 
0.035250 
0.035250 
0.035250 
0.035250 
0.035250 
0.035250 
0.035250 
0.035250 
0.035250 
0.035250 
0.035250 
0.035250 
0.035250 
0.035250 
0.035250 
0.035250 
0.035250 
0.035250 
0.035250 
0.035250 
0.035250 
0.035250 
0.035250 
0.035250 
0.035250 
0.035250 
0.035250 
0.035250 
0.035250 
0.035250 
0.035250 
0.035250 
0.035250 
0.035250 
0.035250 
0.035250 
0.035250 
0.035250 
0.035250 
0.035250 
0.035250 
0.035250 
0.035250 
0.035250 
0.035250 
0.035250 
0.035250 
0.035250 
0.035250 
0.035250 
0.035250 
0.035250 
0.035250 
0.035250 
0.035250 
0.035250 
0.035250 
0.035250 
0.035250 
0.035250 
0.035250 
0.035250 
0.035250 
0.035250 
0.035250 
0.035250 
0.035250 
0.035250 
0.035250 
0.035250 
0.035250 
0.035250 
0.035250 
0.035250 
0.035250 
0.035250 
0.035250 
0.035250 
0.035250 
0.035250 
0.035250 
0.035250 
0.035250 
0.035250 
0.035250 
0.035250 
0.035250 
0.035250 
0.035250 
0.035250 
0.035250 
0.035250 
0.035250 
0.035250 
0.035250 
0.035250 
0.035250 
0.035250 
0.035250 
0.035250 
0.035250 
0.035250 
0.035250 
0.035250 
0.035250 
0.035250 
0.035250 
0.035250 
0.035250 
0.035250 
0.035250 
0.035250 
0.035250 
0.035250 
0.035250 
0.035250 
0.035250 
0.035250 
0.035250 
0.035250 
0.035250 
0.035250 
0.035250 
0.035250 
0.035250 
0.035250 
0.035250 
0.035250 
0.035250 
0.035250 
0.035250 
0.035250 
0.035250 
0.035250 
0.035250 
0.035250 
0.035250 
0.035250 
0.035250 
0.035250 
0.035250 
0.035250 
0.035250 
0.035250 
0.035250 
0.035250 
0.035250 
0.035250 
0.035250 
0.035250 
0.035250 
0.035250 
0.035250 
0.035250 
0.035250 
0.035250 
0.035250 
0.035250 
0.035250 
0.035250 
0.035250 
0.035250 
0.035250 
0.035250 
0.035250 
0.035250 
0.035250 
0.035250 
0.035250 
0.035250 
0.035250 
0.035250 
0.035250 
0.035250 
0.035250 
0.035250 
0.035250 
0.035250 
0.035250 
0.035250 
0.035250 
0.035250 
0.035250 
0.035250 
0.035250 
0.035250 
0.035620 
0.036625 
0.038104 
0.039899 
0.041850 
0.043930 
0.046506 
0.050006 
0.054861 
0.061500 
0.151073 
0.353571 
0.592688 
0.792117 
0.875550 
0.795257 
0.603788 
0.375262 
0.183793 
0.103500 
0.104652 
0.107676 
0.111924 
0.116748 
0.121500 
0.126077 
0.131032 
0.136698 
0.143410 
0.151500 
0.166114 
0.188103 
0.211366 
0.229799 
0.237300 
0.234180 
0.226740 
0.217860 
0.210420 
0.207300 
0.211122 
0.220236 
0.231114 
0.240228 
0.244050 
0.222335 
0.170552 
0.108748 
0.056965 
0.035250 
0.035250 
0.035250 
0.035250 
0.035250 
0.035250 
0.035250 
0.035250 
0.035250 
0.035250 
0.035250 
0.035250 
0.035250 
0.035250 
0.035250 
0.035250 
0.035250 
0.035250 
0.035250 
0.035250 
0.035250 
0.035250 
0.035250 
0.035250 
0.035250 
0.035250 
0.045468 
0.069834 
0.098916 
0.123282 
0.133500 
0.133500 
0.133500 
0.133500 
0.133500 
0.133500 
0.280296 
0.630348 
1.048152 
1.398204 
1.545000 
1.545000 
1.545000 
1.545000 
1.545000 
1.545000 
1.545000 
1.545000 
1.545000 
1.545000 
1.545000 
1.545000 
1.545000 
1.545000 
1.545000 
1.545000 
1.545000 
1.545000 
1.545000 
1.545000 
1.545000 
1.478603 
1.311933 
1.093772 
0.872900 
0.698100 
0.552659 
0.401798 
0.267197 
0.170538 
0.133500 
0.133500 
0.133500 
0.133500 
0.133500 
0.133500 
0.137119 
0.145750 
0.156050 
0.164681 
0.168300 
0.167021 
0.163970 
0.160330 
0.157279 
0.156000 
0.156000 
0.156000 
0.156000 
0.156000 
0.156000 
0.155577 
0.154514 
0.153123 
0.151715 
0.150600 
0.149673 
0.148711 
0.147852 
0.147236 
0.147000 
0.147000 
0.147000 
0.147000 
0.147000 
0.147000 
0.147000 
0.147000 
0.147000 
0.147000 
0.147000 
0.147000 
0.147000 
0.147000 
0.147000 
0.147000 
0.135378 
0.107664 
0.074586 
0.046872 
0.035250 
0.035250 
0.035250 
0.035250 
0.035250 
0.035250 
0.035250 
0.035250 
0.035250 
0.035250 
0.035250 
0.035250 
0.035250 
0.035250 
0.035250 
0.035250 
0.035250 
0.035250 
0.035250 
0.035250 
0.035250 
0.035250 
0.035250 
0.035250 
0.035250 
0.035250 
0.035250 
0.035250 
0.035250 
0.035250 
0.035250 
0.035250 
0.035250 
0.035250 
0.035250 
0.035250 
0.035250 
0.035250 
0.035250 
0.035250 
0.035250 
0.035250 
0.035250 
0.035250 
0.035250 
0.035250 
0.035250 
0.035250 
0.035250 
0.035250 
0.035250 
0.035250 
0.035250 
0.035250 
0.035250 
0.035250 
0.035250 
0.035250 
0.035250 
0.035250 
0.035250 
0.035250 
0.035250 
0.035250 
0.035250 
0.035250 
0.035250 
0.035250 
0.035250 
0.035250 
0.035250 
0.035250 
0.035250 
0.035250 
0.035250 
0.035250 
0.035250 
0.035250 
0.035250 
0.035250 
0.035250 
0.035250 
0.035250 
0.035250 
0.035250 
0.035250 
0.035250 
0.035250 
0.035250 
0.035250 
0.035250 
0.035250 
0.035250 
0.035250 
0.035250 
0.035250 
0.035250 
0.035250 
0.035250 
0.035250 
0.035250 
0.035250 
0.035250 
0.035250 
0.035250 
0.035250 
0.035250 
0.035250 
0.035250 
0.035250 
0.035250 
0.035250 
0.035250 
0.035250 
0.035250 
0.035250 
0.035250 
0.035250 
0.035250 
0.035250 
0.035250 
0.035250 
0.035250 
0.035250 
0.035250 
0.035250 
0.035250 
0.035250 
0.035250 
0.035250 
0.035250 
0.035250 
0.035250 
0.035250 
0.035250 
0.035250 
0.035250 
0.035250 
0.035250 
0.035250 
0.035250 
0.035250 
0.035250 
0.035250 
0.035250 
0.035250 
0.035250 
0.035250 
0.035250 
0.035250 
0.035250 
0.035250 
0.035250 
0.035250 
0.035250 
0.035250 
0.035250 
0.035250 
0.035250 
0.035250 
0.035250 
0.035250 
0.035250 
0.035250 
0.035250 
0.035250 
0.035250 
0.035250 
0.035250 
0.035250 
0.035250 
0.035250 
0.035250 
0.035250 
0.035250 
0.035250 
0.035250 
0.035250 
0.035250 
0.035250 
0.035250 
0.035250 
0.035250 
0.035250 
0.035250 
0.035250 
0.046872 
0.074586 
0.107664 
0.135378 
0.147000 
0.147000 
0.147000 
0.147000 
0.147000 
0.147000 
0.147000 
0.147000 
0.147000 
0.147000 
0.147000 
0.147087 
0.147327 
0.147689 
0.148140 
0.148650 
0.149674 
0.151353 
0.153180 
0.154648 
0.155250 
0.155250 
0.155250 
0.155250 
0.155250 
0.155250 
0.155012 
0.154357 
0.153371 
0.152140 
0.150750 
0.147956 
0.143377 
0.138395 
0.134392 
0.132750 
0.132750 
0.132750 
0.132750 
0.132750 
0.132750 
0.132750 
0.132750 
0.132750 
0.132750 
0.132750 
0.132750 
0.132750 
0.132750 
0.132750 
0.132750 
0.132750 
0.132750 
0.132750 
0.132750 
0.132750 
0.132750 
0.132750 
0.132750 
0.132750 
0.132750 
0.132750 
0.132750 
0.132750 
0.132750 
0.132750 
0.132750 
0.132750 
0.132750 
0.132750 
0.132750 
0.134734 
0.140364 
0.149157 
0.160630 
0.174300 
0.199620 
0.244796 
0.307477 
0.385312 
0.475950 
0.660439 
0.961501 
1.289299 
1.553995 
1.665750 
1.669888 
1.672297 
1.673987 
1.675968 
1.679250 
1.687287 
1.700276 
1.714347 
1.725629 
1.730250 
1.723178 
1.702884 
1.670751 
1.628162 
1.576500 
1.386154 
1.012857 
0.586008 
0.235006 
0.089250 
0.089250 
0.089250 
0.089250 
0.089250 
0.089250 
0.089250 
0.089250 
0.089250 
0.089250 
0.089250 
0.089250 
0.089250 
0.089250 
0.089250 
0.089250 
0.089250 
0.089250 
0.089250 
0.089250 
0.089250 
0.089250 
0.089250 
0.089250 
0.089250 
0.089250 
0.089250 
0.089250 
0.089250 
0.089250 
0.089250 
0.089250 
0.089250 
0.089250 
0.089250 
0.089250 
0.089250 
0.089250 
0.089250 
0.089250 
0.089250 
0.089250 
0.089250 
0.089250 
0.089250 
0.089250 
0.089250 
0.089250 
0.089250 
0.089250 
0.089250 
0.089250 
0.089250 
0.089250 
0.089250 
0.089250 
0.094772 
0.107941 
0.123659 
0.136828 
0.142350 
0.136828 
0.123659 
0.107941 
0.094772 
0.089250 
0.089250 
0.089250 
0.089250 
0.089250 
0.089250 
0.094772 
0.107941 
0.123659 
0.136828 
0.142350 
0.136828 
0.123659 
0.107941 
0.094772 
0.089250 
0.092011 
0.098596 
0.106454 
0.113039 
0.115800 
0.115800 
0.115800 
0.115800 
0.115800 
0.115800 
0.113039 
0.106454 
0.098596 
0.092011 
0.089250 
0.097971 
0.120506 
0.151416 
0.185261 
0.216600 
0.251215 
0.292872 
0.333106 
0.363453 
0.375450 
0.340069 
0.255700 
0.155000 
0.070631 
0.035250 
0.035250 
0.035250 
0.035250 
0.035250 
0.035250 
0.035250 
0.035250 
0.035250 
0.035250 
0.035250 
0.035250 
0.035250 
0.035250 
0.035250 
0.035250 
0.035250 
0.035250 
0.035250 
0.035250 
0.035250 
0.035250 
0.035250 
0.035250 
0.035250 
0.035250 
0.035250 
0.035250 
0.035250 
0.035250 
0.035250 
0.051523 
0.091204 
0.140582 
0.185951 
0.213600 
0.227318 
0.239467 
0.249197 
0.255658 
0.258000 
0.258000 
0.258000 
0.258000 
0.258000 
0.258000 
0.258000 
0.258000 
0.258000 
0.258000 
0.258000 
0.258000 
0.258000 
0.258000 
0.258000 
0.258000 
0.258000 
0.258000 
0.258000 
0.258000 
0.258000 
0.342661 
0.544546 
0.785504 
0.987389 
1.072050 
0.988772 
0.789654 
0.550769 
0.348194 
0.258000 
0.251296 
0.247372 
0.244580 
0.241272 
0.235800 
0.222018 
0.199428 
0.174848 
0.155099 
0.147000 
0.147000 
0.147000 
0.147000 
0.147000 
0.147000 
0.147000 
0.147000 
0.147000 
0.147000 
0.147000 
0.135378 
0.107664 
0.074586 
0.046872 
0.035250 
0.035250 
0.035250 
0.035250 
0.035250 
0.035250 
0.035250 
0.035250 
0.035250 
0.035250 
0.035250 
0.035250 
0.035250 
0.035250 
0.035250 
0.035250 
0.035250 
0.035250 
0.035250 
0.035250 
0.035250 
0.035250 
0.035250 
0.035250 
0.035250 
0.035250 
0.035250 
0.035250 
0.035250 
0.035250 
0.035250 
0.035250 
0.035250 
0.035250 
0.035250 
0.035250 
0.035250 
0.035250 
0.035250 
0.035250 
0.035250 
0.035250 
0.035250 
0.035250 
0.035250 
0.035250 
0.035250 
0.035250 
0.035250 
0.035250 
0.035250 
0.035250 
0.035250 
0.035250 
0.035250 
0.035250 
0.035250 
0.035250 
0.035250 
0.035250 
0.035250 
0.035250 
0.035250 
0.035250 
0.035250 
0.035250 
0.035250 
0.035250 
0.035250 
0.035250 
0.035250 
0.035250 
0.035250 
0.035250 
0.035250 
0.035250 
0.035250 
0.035250 
0.035250 
0.035250 
0.035250 
0.035250 
0.035250 
0.035250 
0.035250 
0.035250 
0.035250 
0.035250 
0.035250 
0.035250 
0.035250 
0.035250 
0.035250 
0.035250 
0.035250 
0.035250 
0.035250 
0.035250 
0.035250 
0.035250 
0.035250 
0.035250 
0.035250 
0.035250 
0.035250 
0.035250 
0.035250 
0.035250 
0.035250 
0.035250 
0.035250 
0.035250 
0.035250 
0.035250 
0.035250 
0.035250 
0.035250 
0.035250 
0.035250 
0.035250 
0.035250 
0.035250 
0.035250 
0.035250 
0.035250 
0.035250 
0.035250 
0.035250 
0.035250 
0.035250 
0.035250 
0.035250 
0.035250 
0.035250 
0.035250 
0.035250 
0.035250 
0.035250 
0.035250 
0.035250 
0.035250 
0.035250 
0.035250 
0.035250 
0.035250 
0.035250 
0.046872 
0.074586 
0.107664 
0.135378 
0.147000 
0.144660 
0.139080 
0.132420 
0.126840 
0.124500 
0.125685 
0.128896 
0.133614 
0.139321 
0.145500 
0.153550 
0.164589 
0.177679 
0.191879 
0.206250 
0.222117 
0.240263 
0.258935 
0.276382 
0.290850 
0.303869 
0.316987 
0.328487 
0.336648 
0.339750 
0.339048 
0.337374 
0.335376 
0.333702 
0.333000 
0.333000 
0.333000 
0.333000 
0.333000 
0.333000 
0.323223 
0.299229 
0.269023 
0.240612 
0.222000 
0.212343 
0.204812 
0.198434 
0.192237 
0.185250 
0.176106 
0.165445 
0.155307 
0.147729 
0.144750 
0.146391 
0.150512 
0.155913 
0.161393 
0.165750 
0.168517 
0.170545 
0.172615 
0.175507 
0.180000 
0.239995 
0.375029 
0.534336 
0.667148 
0.722700 
0.703003 
0.652394 
0.583599 
0.509343 
0.442350 
0.373626 
0.294618 
0.218712 
0.159294 
0.129750 
0.120387 
0.112731 
0.106996 
0.103397 
0.102150 
0.102710 
0.104213 
0.106396 
0.108996 
0.111750 
0.114548 
0.117812 
0.122077 
0.127878 
0.135750 
0.169414 
0.242813 
0.341814 
0.452287 
0.560100 
0.691316 
0.857037 
1.020690 
1.145702 
1.195500 
1.195227 
1.194412 
1.193059 
1.191170 
1.188750 
1.067068 
0.780785 
0.439994 
0.154785 
0.035250 
0.035250 
0.035250 
0.035250 
0.035250 
0.035250 
0.035250 
0.035250 
0.035250 
0.035250 
0.035250 
0.035250 
0.035250 
0.035250 
0.035250 
0.035250 
0.035250 
0.035250 
0.035250 
0.035250 
0.035250 
0.035250 
0.035250 
0.035250 
0.035250 
0.035250 
0.035250 
0.035250 
0.035250 
0.035250 
0.035250 
0.035250 
0.035250 
0.035250 
0.035250 
0.035250 
0.035250 
0.035250 
0.035250 
0.035250 
0.035250 
0.035250 
0.035250 
0.035250 
0.035250 
0.035250 
0.035250 
0.035250 
0.035250 
0.035250 
0.035250 
0.035250 
0.035250 
0.035250 
0.035250 
0.035250 
0.035250 
0.035250 
0.035250 
0.035250 
0.035250 
0.035250 
0.035250 
0.035250 
0.035250 
0.035250 
0.035250 
0.035250 
0.035250 
0.035250 
0.035250 
0.035250 
0.035250 
0.035250 
0.035250 
0.035250 
0.035250 
0.035250 
0.035250 
0.035250 
0.035250 
0.035250 
0.035250 
0.035250 
0.035250 
0.035250 
0.035250 
0.035250 
0.035250 
0.035250 
0.035250 
0.035250 
0.035250 
0.035250 
0.035250 
0.035250 
