0.027000 
0.027000 
0.027000 
0.027000 
0.027000 
0.027000 
0.027000 
0.027000 
0.027000 
0.027000 
0.027752 
0.029827 
0.032951 
0.036850 
0.041250 
0.050096 
0.064597 
0.080375 
0.093052 
0.098250 
0.098250 
0.098250 
0.098250 
0.098250 
0.098250 
0.098250 
0.098250 
0.098250 
0.098250 
0.098250 
0.094898 
0.086485 
0.075473 
0.064324 
0.055500 
0.048158 
0.040543 
0.033749 
0.028870 
0.027000 
0.027000 
0.027000 
0.027000 
0.027000 
0.027000 
0.027000 
0.027000 
0.027000 
0.027000 
0.027000 
0.027000 
0.027000 
0.027000 
0.027000 
0.027000 
0.027000 
0.027000 
0.027000 
0.027000 
0.027000 
0.027000 
0.027000 
0.027000 
0.027000 
0.027000 
0.027000 
0.027000 
0.027000 
0.027000 
0.027000 
0.027000 
0.027000 
0.027000 
0.027000 
0.027000 
0.027000 
0.027000 
0.027000 
0.027000 
0.027000 
0.034410 
0.052080 
0.073170 
0.090840 
0.098250 
0.098250 
0.098250 
0.098250 
0.098250 
0.098250 
0.098250 
0.098250 
0.098250 
0.098250 
0.098250 
0.096380 
0.091501 
0.084707 
0.077092 
0.069750 
0.060926 
0.049777 
0.038765 
0.030352 
0.027000 
0.027000 
0.027000 
0.027000 
0.027000 
0.027000 
0.027000 
0.027000 
0.027000 
0.027000 
0.027000 
0.027000 
0.027000 
0.027000 
0.027000 
0.027000 
0.027000 
0.027000 
0.027000 
0.027000 
0.027000 
0.027000 
0.027000 
0.027000 
0.027000 
0.027000 
0.027000 
0.027000 
0.027000 
0.027000 
0.027000 
0.027000 
0.027000 
0.027000 
0.027000 
0.027000 
0.027000 
0.027000 
0.027000 
0.027000 
0.027000 
0.027000 
0.027000 
0.027000 
0.027000 
0.027000 
0.027000 
0.027000 
0.027000 
0.027000 
0.027000 
0.027000 
0.027000 
0.027000 
0.027000 
0.027000 
0.034410 
0.052080 
0.073170 
0.090840 
0.098250 
0.098250 
0.098250 
0.098250 
0.098250 
0.098250 
0.098250 
0.098250 
0.098250 
0.098250 
0.098250 
0.096348 
0.091405 
0.084562 
0.076963 
0.069750 
0.061367 
0.050978 
0.040805 
0.033072 
0.030000 
0.034992 
0.046896 
0.061104 
0.073008 
0.078000 
0.074989 
0.067810 
0.059240 
0.052061 
0.049050 
0.051496 
0.057665 
0.065807 
0.074169 
0.081000 
0.086697 
0.092473 
0.097801 
0.102152 
0.105000 
0.106853 
0.108494 
0.109810 
0.110683 
0.111000 
0.102264 
0.081432 
0.056568 
0.035736 
0.027000 
0.028870 
0.033749 
0.040543 
0.048158 
0.055500 
0.064324 
0.075473 
0.086485 
0.094898 
0.098250 
0.098250 
0.098250 
0.098250 
0.098250 
0.098250 
0.098250 
0.098250 
0.098250 
0.098250 
0.098250 
0.093052 
0.080375 
0.064597 
0.050096 
0.041250 
0.036850 
0.032951 
0.029827 
0.027752 
0.027000 
0.027000 
0.027000 
0.027000 
0.027000 
0.027000 
0.027000 
0.027000 
0.027000 
0.027000 
0.027000 
0.027000 
0.027000 
0.027000 
0.027000 
0.027000 
0.027000 
0.027000 
0.027000 
0.027000 
0.027000 
0.027000 
0.027000 
0.027000 
0.027000 
0.027000 
0.030352 
0.038765 
0.049777 
0.060926 
0.069750 
0.077092 
0.084707 
0.091501 
0.096380 
0.098250 
0.098250 
0.098250 
0.098250 
0.098250 
0.098250 
0.098250 
0.098250 
0.098250 
0.098250 
0.098250 
0.090840 
0.073170 
0.052080 
0.034410 
0.027000 
0.027000 
0.027000 
0.027000 
0.027000 
0.027000 
0.027000 
0.027000 
0.027000 
0.027000 
0.027000 
0.027000 
0.027000 
0.027000 
0.027000 
0.027000 
0.027000 
0.027000 
0.027000 
0.027000 
0.027000 
0.027000 
0.027000 
0.027000 
0.027000 
0.027000 
0.027000 
0.027000 
0.027000 
0.027000 
0.027000 
0.027000 
0.027000 
0.027000 
0.027000 
0.027000 
0.027000 
0.027000 
0.027000 
0.027000 
0.027000 
0.030352 
0.038765 
0.049777 
0.060926 
0.069750 
0.077092 
0.084707 
0.091501 
0.096380 
0.098250 
0.098250 
0.098250 
0.098250 
0.098250 
0.098250 
0.098250 
0.098250 
0.098250 
0.098250 
0.098250 
0.090840 
0.073170 
0.052080 
0.034410 
0.027000 
0.027000 
0.027000 
0.027000 
0.027000 
0.027000 
0.027000 
0.027000 
0.027000 
0.027000 
0.027000 
0.027000 
0.027000 
0.027000 
0.027000 
0.027000 
0.027000 
0.027000 
0.027000 
0.027000 
0.027000 
0.027000 
0.027000 
0.027000 
0.027000 
0.027000 
0.027000 
0.027000 
0.027000 
0.027000 
0.027000 
0.027000 
0.027000 
0.027000 
0.027000 
0.027000 
0.027000 
0.027000 
0.027000 
0.027000 
0.027000 
0.027936 
0.030168 
0.032832 
0.035064 
0.036000 
0.035251 
0.033466 
0.031334 
0.029549 
0.028800 
0.029652 
0.031764 
0.034470 
0.037104 
0.039000 
0.040098 
0.040919 
0.041671 
0.042562 
0.043800 
0.045483 
0.047720 
0.050735 
0.054754 
0.060000 
0.079420 
0.118194 
0.164898 
0.208108 
0.236400 
0.253131 
0.268406 
0.280925 
0.289390 
0.292500 
0.287959 
0.276956 
0.263424 
0.251294 
0.244500 
0.241840 
0.239568 
0.237802 
0.236657 
0.236250 
0.618294 
1.529322 
2.616678 
3.527706 
3.909750 
3.522090 
2.597670 
1.494330 
0.569910 
0.182250 
0.187866 
0.201258 
0.217242 
0.230634 
0.236250 
0.236250 
0.236250 
0.236250 
0.236250 
0.236250 
0.228769 
0.210566 
0.188003 
0.167444 
0.155250 
0.149608 
0.144673 
0.140758 
0.138179 
0.137250 
0.137250 
0.137250 
0.137250 
0.137250 
0.137250 
0.136827 
0.135764 
0.134373 
0.132965 
0.131850 
0.130923 
0.129961 
0.129102 
0.128486 
0.128250 
0.131058 
0.137754 
0.145746 
0.152442 
0.155250 
0.155250 
0.155250 
0.155250 
0.155250 
0.155250 
0.154429 
0.152306 
0.149394 
0.146205 
0.143250 
0.139983 
0.136050 
0.132250 
0.129383 
0.128250 
0.133995 
0.147915 
0.165038 
0.180390 
0.189000 
0.191797 
0.193515 
0.194884 
0.196635 
0.199500 
0.208412 
0.224718 
0.243768 
0.260912 
0.271500 
0.277058 
0.281983 
0.285929 
0.288550 
0.289500 
0.283855 
0.269715 
0.251273 
0.232721 
0.218250 
0.207085 
0.196195 
0.186387 
0.178469 
0.173250 
0.169776 
0.166698 
0.164232 
0.162594 
0.162000 
0.162000 
0.162000 
0.162000 
0.162000 
0.162000 
0.162000 
0.162000 
0.162000 
0.162000 
0.162000 
0.165516 
0.174468 
0.186461 
0.199103 
0.210000 
0.219592 
0.229482 
0.239015 
0.247539 
0.254400 
0.259004 
0.262101 
0.265056 
0.269234 
0.276000 
0.434173 
0.799043 
1.231675 
1.593138 
1.744500 
1.743174 
1.740012 
1.736238 
1.733076 
1.731750 
1.736196 
1.746798 
1.759452 
1.770054 
1.774500 
1.774500 
1.774500 
1.774500 
1.774500 
1.774500 
1.668239 
1.408124 
1.082161 
0.778351 
0.584700 
0.484647 
0.401448 
0.332830 
0.276522 
0.230250 
0.187841 
0.147466 
0.113371 
0.089800 
0.081000 
0.081000 
0.081000 
0.081000 
0.081000 
0.081000 
0.090360 
0.112680 
0.139320 
0.161640 
0.171000 
0.171000 
0.171000 
0.171000 
0.171000 
0.171000 
0.171000 
0.171000 
0.171000 
0.171000 
0.171000 
0.171000 
0.171000 
0.171000 
0.171000 
0.171000 
0.171000 
0.171000 
0.171000 
0.171000 
0.171000 
0.171000 
0.171000 
0.171000 
0.171000 
0.171000 
0.171000 
0.171000 
0.171000 
0.171000 
0.171000 
0.171000 
0.171000 
0.171000 
0.171000 
0.171000 
0.173527 
0.179763 
0.187691 
0.195292 
0.200550 
0.203983 
0.207232 
0.209965 
0.211848 
0.212550 
0.208229 
0.197924 
0.185626 
0.175321 
0.171000 
0.176522 
0.189691 
0.205409 
0.218578 
0.224100 
0.209218 
0.173729 
0.131371 
0.095882 
0.081000 
0.081000 
0.081000 
0.081000 
0.081000 
0.081000 
0.086522 
0.099691 
0.115409 
0.128578 
0.134100 
0.128578 
0.115409 
0.099691 
0.086522 
0.081000 
0.088210 
0.107605 
0.135830 
0.169530 
0.205350 
0.261325 
0.343088 
0.428677 
0.496134 
0.523500 
0.480983 
0.378940 
0.255630 
0.149314 
0.098250 
0.089543 
0.083809 
0.079578 
0.075382 
0.069750 
0.060926 
0.049777 
0.038765 
0.030352 
0.027000 
0.027000 
0.027000 
0.027000 
0.027000 
0.027000 
0.027000 
0.027000 
0.027000 
0.027000 
0.027000 
0.027000 
0.027000 
0.027000 
0.027000 
0.027000 
0.027000 
0.027000 
0.027000 
0.027000 
0.027000 
0.027000 
0.027000 
0.027000 
0.027000 
0.027000 
0.027000 
0.027000 
0.027000 
0.027000 
0.027000 
0.027000 
0.027000 
0.027000 
0.027000 
0.027000 
0.027000 
0.027000 
0.027000 
0.027000 
0.027000 
0.027000 
0.027000 
0.027000 
0.027000 
0.027000 
0.030352 
0.038765 
0.049777 
0.060926 
0.069750 
0.077092 
0.084707 
0.091501 
0.096380 
0.098250 
0.098250 
0.098250 
0.098250 
0.098250 
0.098250 
0.098250 
0.098250 
0.098250 
0.098250 
0.098250 
0.090840 
0.073170 
0.052080 
0.034410 
0.027000 
0.027000 
0.027000 
0.027000 
0.027000 
0.027000 
0.027000 
0.027000 
0.027000 
0.027000 
0.027000 
0.027000 
0.027000 
0.027000 
0.027000 
0.027000 
0.027000 
0.027000 
0.027000 
0.027000 
0.027000 
0.027000 
0.027000 
0.027000 
0.027000 
0.027000 
0.027000 
0.027000 
0.027000 
0.027000 
0.027000 
0.030352 
0.038765 
0.049777 
0.060926 
0.069750 
0.077092 
0.084707 
0.091501 
0.096380 
0.098250 
0.098250 
0.098250 
0.098250 
0.098250 
0.098250 
0.098250 
0.098250 
0.098250 
0.098250 
0.098250 
0.090840 
0.073170 
0.052080 
0.034410 
0.027000 
0.027000 
0.027000 
0.027000 
0.027000 
0.027000 
0.027000 
0.027000 
0.027000 
0.027000 
0.027000 
0.027000 
0.027000 
0.027000 
0.027000 
0.027000 
0.027000 
0.027000 
0.027000 
0.027000 
0.027000 
0.027000 
0.027000 
0.027000 
0.027000 
0.027000 
0.027000 
0.027000 
0.027000 
0.027000 
0.027000 
0.027000 
0.027000 
0.027000 
0.027000 
0.027000 
0.027000 
0.027000 
0.027000 
0.027000 
0.027000 
0.027000 
0.027000 
0.027000 
0.027000 
0.027000 
0.027000 
0.027000 
0.027000 
0.027000 
0.027000 
0.027000 
0.027000 
0.027000 
0.027000 
0.027000 
0.027000 
0.027000 
0.027000 
0.027000 
0.027000 
0.027000 
0.027000 
0.027000 
0.027000 
0.027000 
0.027000 
0.027000 
0.027000 
0.027000 
0.027000 
0.028870 
0.033749 
0.040543 
0.048158 
0.055500 
0.064324 
0.075473 
0.086485 
0.094898 
0.098250 
0.098250 
0.098250 
0.098250 
0.098250 
0.098250 
0.098250 
0.098250 
0.098250 
0.098250 
0.098250 
0.099760 
0.104099 
0.110984 
0.120129 
0.131250 
0.160088 
0.216720 
0.292368 
0.378255 
0.465600 
0.576925 
0.720833 
0.867668 
0.987775 
1.051500 
1.073113 
1.088442 
1.100164 
1.110958 
1.123500 
1.138232 
1.153370 
1.168251 
1.182214 
1.194600 
1.206810 
1.219476 
1.230776 
1.238891 
1.242000 
1.242000 
1.242000 
1.242000 
1.242000 
1.242000 
1.215589 
1.146664 
1.050684 
0.943110 
0.839400 
0.714755 
0.557258 
0.401693 
0.282846 
0.235500 
0.235500 
0.235500 
0.235500 
0.235500 
0.235500 
0.228934 
0.212921 
0.192991 
0.174674 
0.163500 
0.158902 
0.155897 
0.153391 
0.150290 
0.145500 
0.132300 
0.109500 
0.084300 
0.063900 
0.055500 
0.059946 
0.070548 
0.083202 
0.093804 
0.098250 
0.098250 
0.098250 
0.098250 
0.098250 
0.098250 
0.098250 
0.098250 
0.098250 
0.098250 
0.098250 
0.093052 
0.080375 
0.064597 
0.050096 
0.041250 
0.036850 
0.032951 
0.029827 
0.027752 
0.027000 
0.027000 
0.027000 
0.027000 
0.027000 
0.027000 
0.027000 
0.027000 
0.027000 
0.027000 
0.027000 
0.027000 
0.027000 
0.027000 
0.027000 
0.027000 
0.027000 
0.027000 
0.027000 
0.027000 
0.027000 
0.027000 
0.027000 
0.027000 
0.027000 
0.027000 
0.027000 
0.027000 
0.027000 
0.027000 
0.027000 
0.032198 
0.044875 
0.060653 
0.075154 
0.084000 
0.088400 
0.092299 
0.095423 
0.097498 
0.098250 
0.098250 
0.098250 
0.098250 
0.098250 
0.098250 
0.097498 
0.095423 
0.092299 
0.088400 
0.084000 
0.075154 
0.060653 
0.044875 
0.032198 
0.027000 
0.027000 
0.027000 
0.027000 
0.027000 
0.027000 
0.027000 
0.027000 
0.027000 
0.027000 
0.027000 
0.027000 
0.027000 
0.027000 
0.027000 
0.027000 
0.027000 
0.027000 
0.027000 
0.027000 
0.027000 
0.027000 
0.027000 
0.027000 
0.027000 
0.027000 
0.027000 
0.027000 
0.027000 
0.027000 
0.027000 
0.027000 
0.027000 
0.027000 
0.027000 
0.027000 
0.027000 
0.027000 
0.027000 
0.027000 
0.027000 
0.027000 
0.027000 
0.027000 
0.027000 
0.027000 
0.027000 
0.027000 
0.027000 
0.027000 
0.027000 
0.027000 
0.027000 
0.027000 
0.027000 
0.027000 
0.027000 
0.027000 
0.027000 
0.027000 
0.027000 
0.027000 
0.027000 
0.027000 
0.027000 
0.027000 
0.027000 
0.027000 
0.027000 
0.027000 
0.027000 
0.027000 
0.027000 
0.027000 
0.027000 
0.027000 
0.027000 
0.027000 
0.027000 
0.027000 
0.027000 
0.027000 
0.027000 
0.027000 
0.027000 
0.027000 
0.027000 
0.027000 
0.027000 
0.027000 
0.027000 
0.027000 
0.027000 
0.027000 
0.027000 
0.027000 
0.039324 
0.068712 
0.103788 
0.133176 
0.145500 
0.145500 
0.145500 
0.145500 
0.145500 
0.145500 
0.145500 
0.145500 
0.145500 
0.145500 
0.145500 
0.145500 
0.145500 
0.145500 
0.145500 
0.145500 
0.145500 
0.145500 
0.145500 
0.145500 
0.145500 
0.145500 
0.145500 
0.145500 
0.145500 
0.145500 
0.145500 
0.145500 
0.145500 
0.145500 
0.145500 
0.145500 
0.145500 
0.145500 
0.145500 
0.145500 
0.145500 
0.145500 
0.145500 
0.145500 
0.145500 
0.154704 
0.176652 
0.202848 
0.224796 
0.234000 
0.234000 
0.234000 
0.234000 
0.234000 
0.234000 
0.234000 
0.234000 
0.234000 
0.234000 
0.234000 
0.234000 
0.234000 
0.234000 
0.234000 
0.234000 
0.234073 
0.234290 
0.234650 
0.235154 
0.235800 
0.267225 
0.345500 
0.448772 
0.555189 
0.642900 
0.721178 
0.805058 
0.881330 
0.936781 
0.958200 
0.958075 
0.957778 
0.957422 
0.957125 
0.957000 
0.960744 
0.969672 
0.980328 
0.989256 
0.993000 
0.993000 
0.993000 
0.993000 
0.993000 
0.993000 
1.000176 
1.017288 
1.037712 
1.054824 
1.062000 
1.040848 
0.987239 
0.915947 
0.841743 
0.779400 
0.725164 
0.669022 
0.616358 
0.572556 
0.543000 
0.522928 
0.504909 
0.490326 
0.480562 
0.477000 
0.477000 
0.477000 
0.477000 
0.477000 
0.477000 
0.478023 
0.480694 
0.484413 
0.488581 
0.492600 
0.497430 
0.503532 
0.509560 
0.514165 
0.516000 
0.516000 
0.516000 
0.516000 
0.516000 
0.516000 
0.514402 
0.510125 
0.503947 
0.496646 
0.489000 
0.477610 
0.461381 
0.444547 
0.431342 
0.426000 
0.430306 
0.440573 
0.452827 
0.463094 
0.467400 
0.466706 
0.464813 
0.462008 
0.458575 
0.454800 
0.448390 
0.438559 
0.427853 
0.418818 
0.414000 
0.412263 
0.410812 
0.409705 
0.408998 
0.408750 
0.414366 
0.427758 
0.443742 
0.457134 
0.462750 
0.462438 
0.461694 
0.460806 
0.460062 
0.459750 
0.465366 
0.478758 
0.494742 
0.508134 
0.513750 
0.513582 
0.513126 
0.512454 
0.511638 
0.510750 
0.509238 
0.506934 
0.504486 
0.502542 
0.501750 
0.508224 
0.523662 
0.542088 
0.557526 
0.564000 
0.560538 
0.551815 
0.540323 
0.528554 
0.519000 
0.511842 
0.505345 
0.499127 
0.492806 
0.486000 
0.479621 
0.473900 
0.467439 
0.458839 
0.446700 
0.393852 
0.288616 
0.167835 
0.068349 
0.027000 
0.027000 
0.027000 
0.027000 
0.027000 
0.027000 
0.027000 
0.027000 
0.027000 
0.027000 
0.027000 
0.027000 
0.027000 
0.027000 
0.027000 
0.027000 
0.027000 
0.027000 
0.027000 
0.027000 
0.027000 
0.027000 
0.027000 
0.027000 
0.027000 
0.027000 
0.027000 
0.027000 
0.027000 
0.027000 
0.027000 
0.027000 
0.027000 
0.027000 
0.027000 
0.027000 
0.027000 
0.027000 
0.027000 
0.027000 
0.027000 
0.032198 
0.044875 
0.060653 
0.075154 
0.084000 
0.088400 
0.092299 
0.095423 
0.097498 
0.098250 
0.098250 
0.098250 
0.098250 
0.098250 
0.098250 
