0.043500 
0.043500 
0.043500 
0.043500 
0.043500 
0.043500 
0.043500 
0.043500 
0.043500 
0.043500 
0.043500 
0.043500 
0.043500 
0.043500 
0.043500 
0.043500 
0.043500 
0.043500 
0.043500 
0.043500 
0.043500 
0.043500 
0.043500 
0.043500 
0.043500 
0.043500 
0.043500 
0.043500 
0.043500 
0.043500 
0.043500 
0.043500 
0.043500 
0.043500 
0.043500 
0.043500 
0.043500 
0.043500 
0.043500 
0.043500 
0.043500 
0.043500 
0.043500 
0.043500 
0.043500 
0.043500 
0.043500 
0.043500 
0.043500 
0.043500 
0.043500 
0.043500 
0.043500 
0.043500 
0.043500 
0.043500 
0.043500 
0.043500 
0.043500 
0.043500 
0.043500 
0.043500 
0.043500 
0.043500 
0.043500 
0.043500 
0.043500 
0.043500 
0.043500 
0.043500 
0.043500 
0.043500 
0.043500 
0.043500 
0.043500 
0.043500 
0.043500 
0.043500 
0.043500 
0.043500 
0.049738 
0.064950 
0.083883 
0.101284 
0.111900 
0.117180 
0.121859 
0.125607 
0.128097 
0.129000 
0.129000 
0.129000 
0.129000 
0.129000 
0.129000 
0.128097 
0.125607 
0.121859 
0.117180 
0.111900 
0.101284 
0.083883 
0.064950 
0.049738 
0.043500 
0.043500 
0.043500 
0.043500 
0.043500 
0.043500 
0.062532 
0.107916 
0.162084 
0.207468 
0.226500 
0.226500 
0.226500 
0.226500 
0.226500 
0.226500 
0.224568 
0.219239 
0.211216 
0.201202 
0.189900 
0.167179 
0.129935 
0.089411 
0.056852 
0.043500 
0.043500 
0.043500 
0.043500 
0.043500 
0.043500 
0.043500 
0.043500 
0.043500 
0.043500 
0.043500 
0.043500 
0.043500 
0.043500 
0.043500 
0.043500 
0.043500 
0.043500 
0.043500 
0.043500 
0.043500 
0.043500 
0.043500 
0.043500 
0.043500 
0.043500 
0.043500 
0.043500 
0.043500 
0.043500 
0.043500 
0.043500 
0.043500 
0.043500 
0.043500 
0.043500 
0.043500 
0.043500 
0.043500 
0.043500 
0.043500 
0.047522 
0.057618 
0.070833 
0.084212 
0.094800 
0.103610 
0.112748 
0.120901 
0.126756 
0.129000 
0.129000 
0.129000 
0.129000 
0.129000 
0.129000 
0.144226 
0.180533 
0.223867 
0.260174 
0.275400 
0.270314 
0.258187 
0.243713 
0.231586 
0.226500 
0.226500 
0.226500 
0.226500 
0.226500 
0.226500 
0.207468 
0.162084 
0.107916 
0.062532 
0.043500 
0.043500 
0.043500 
0.043500 
0.043500 
0.043500 
0.043500 
0.043500 
0.043500 
0.043500 
0.043500 
0.043500 
0.043500 
0.043500 
0.043500 
0.043500 
0.043500 
0.043500 
0.043500 
0.043500 
0.043500 
0.043500 
0.043500 
0.043500 
0.043500 
0.043500 
0.052392 
0.073596 
0.098904 
0.120108 
0.129000 
0.129000 
0.129000 
0.129000 
0.129000 
0.129000 
0.129000 
0.129000 
0.129000 
0.129000 
0.129000 
0.126756 
0.120901 
0.112748 
0.103610 
0.094800 
0.084212 
0.070833 
0.057618 
0.047522 
0.043500 
0.043500 
0.043500 
0.043500 
0.043500 
0.043500 
0.052108 
0.073717 
0.102001 
0.130637 
0.153300 
0.172156 
0.191715 
0.209166 
0.221698 
0.226500 
0.226500 
0.226500 
0.226500 
0.226500 
0.226500 
0.213148 
0.180589 
0.140065 
0.102821 
0.080100 
0.068798 
0.058784 
0.050761 
0.045432 
0.043500 
0.049738 
0.064950 
0.083883 
0.101284 
0.111900 
0.117180 
0.121859 
0.125607 
0.128097 
0.129000 
0.129000 
0.129000 
0.129000 
0.129000 
0.129000 
0.128097 
0.125607 
0.121859 
0.117180 
0.111900 
0.101284 
0.083883 
0.064950 
0.049738 
0.043500 
0.043500 
0.043500 
0.043500 
0.043500 
0.043500 
0.043500 
0.043500 
0.043500 
0.043500 
0.043500 
0.043500 
0.043500 
0.043500 
0.043500 
0.043500 
0.043500 
0.043500 
0.043500 
0.043500 
0.043500 
0.043500 
0.043500 
0.043500 
0.043500 
0.043500 
0.048302 
0.060834 
0.078285 
0.097844 
0.116700 
0.137125 
0.161285 
0.186213 
0.208941 
0.226500 
0.240786 
0.254627 
0.266456 
0.274703 
0.277800 
0.272318 
0.258329 
0.239522 
0.219583 
0.202200 
0.185066 
0.165723 
0.147626 
0.134233 
0.129000 
0.129000 
0.129000 
0.129000 
0.129000 
0.129000 
0.120108 
0.098904 
0.073596 
0.052392 
0.043500 
0.043500 
0.043500 
0.043500 
0.043500 
0.043500 
0.043500 
0.043500 
0.043500 
0.043500 
0.043500 
0.043500 
0.043500 
0.043500 
0.043500 
0.043500 
0.043500 
0.043500 
0.043500 
0.043500 
0.043500 
0.043500 
0.043500 
0.043500 
0.043500 
0.043500 
0.043500 
0.043500 
0.043500 
0.043500 
0.043500 
0.043500 
0.043500 
0.043500 
0.043500 
0.043500 
0.043500 
0.043500 
0.043500 
0.043500 
0.043500 
0.043500 
0.043500 
0.043500 
0.043500 
0.043500 
0.043500 
0.043500 
0.043500 
0.043500 
0.043500 
0.061048 
0.104148 
0.158484 
0.209740 
0.243600 
0.263763 
0.282358 
0.297710 
0.308149 
0.312000 
0.310068 
0.304739 
0.296716 
0.286702 
0.275400 
0.255110 
0.222728 
0.185852 
0.152077 
0.129000 
0.115253 
0.103942 
0.094374 
0.085857 
0.077700 
0.068890 
0.059752 
0.051599 
0.045744 
0.043500 
0.043500 
0.043500 
0.043500 
0.043500 
0.043500 
0.043500 
0.043500 
0.043500 
0.043500 
0.043500 
0.043500 
0.043500 
0.043500 
0.043500 
0.043500 
0.043500 
0.043500 
0.043500 
0.043500 
0.043500 
0.043500 
0.043500 
0.043500 
0.043500 
0.043500 
0.043500 
0.043500 
0.043500 
0.043500 
0.043500 
0.043500 
0.043500 
0.043500 
0.043500 
0.043500 
0.043500 
0.043500 
0.043500 
0.043500 
0.043500 
0.043500 
0.043500 
0.043500 
0.043500 
0.043500 
0.062532 
0.107916 
0.162084 
0.207468 
0.226500 
0.226500 
0.226500 
0.226500 
0.226500 
0.226500 
0.226400 
0.226105 
0.225619 
0.224949 
0.224100 
0.213610 
0.189951 
0.162026 
0.138741 
0.129000 
0.129000 
0.129000 
0.129000 
0.129000 
0.129000 
0.129000 
0.129000 
0.129000 
0.129000 
0.129000 
0.122762 
0.107550 
0.088617 
0.071216 
0.060600 
0.055320 
0.050641 
0.046893 
0.044403 
0.043500 
0.043500 
0.043500 
0.043500 
0.043500 
0.043500 
0.043500 
0.043500 
0.043500 
0.043500 
0.043500 
0.043500 
0.043500 
0.043500 
0.043500 
0.043500 
0.043500 
0.043500 
0.043500 
0.043500 
0.043500 
0.043500 
0.043500 
0.043500 
0.043500 
0.043500 
0.043500 
0.043500 
0.043500 
0.043500 
0.043500 
0.047527 
0.058318 
0.073934 
0.092441 
0.111900 
0.139336 
0.177599 
0.218494 
0.253827 
0.275400 
0.286862 
0.296896 
0.304859 
0.310108 
0.312000 
0.311246 
0.309055 
0.305530 
0.300777 
0.294900 
0.264656 
0.201796 
0.128919 
0.068621 
0.043500 
0.043500 
0.043500 
0.043500 
0.043500 
0.043500 
0.043500 
0.043500 
0.043500 
0.043500 
0.043500 
0.043500 
0.043500 
0.043500 
0.043500 
0.043500 
0.043500 
0.043500 
0.043500 
0.043500 
0.043500 
0.043500 
0.043500 
0.043500 
0.043500 
0.043500 
0.043500 
0.043500 
0.043500 
0.043500 
0.043500 
0.043500 
0.043500 
0.043500 
0.043500 
0.043500 
0.045744 
0.051599 
0.059752 
0.068890 
0.077700 
0.088288 
0.101667 
0.114882 
0.124978 
0.129000 
0.129000 
0.129000 
0.129000 
0.129000 
0.129000 
0.129000 
0.129000 
0.129000 
0.129000 
0.129000 
0.122762 
0.107550 
0.088617 
0.071216 
0.060600 
0.055320 
0.050641 
0.046893 
0.044403 
0.043500 
0.043500 
0.043500 
0.043500 
0.043500 
0.043500 
0.043500 
0.043500 
0.043500 
0.043500 
0.043500 
0.062532 
0.107916 
0.162084 
0.207468 
0.226500 
0.226500 
0.226500 
0.226500 
0.226500 
0.226500 
0.224519 
0.219094 
0.210999 
0.201009 
0.189900 
0.169150 
0.136171 
0.100637 
0.072222 
0.060600 
0.067714 
0.084677 
0.104923 
0.121886 
0.129000 
0.129000 
0.129000 
0.129000 
0.129000 
0.129000 
0.129000 
0.129000 
0.129000 
0.129000 
0.129000 
0.207998 
0.396379 
0.621221 
0.809602 
0.888600 
0.800710 
0.591125 
0.340975 
0.131390 
0.043500 
0.043992 
0.045193 
0.046688 
0.048062 
0.048900 
0.049317 
0.049686 
0.049982 
0.050179 
0.050250 
0.050250 
0.050250 
0.050250 
0.050250 
0.050250 
0.050250 
0.050250 
0.050250 
0.050250 
0.050250 
0.122632 
0.299459 
0.520255 
0.724545 
0.851850 
0.907440 
0.944970 
0.976545 
1.014270 
1.070250 
1.200707 
1.411805 
1.640565 
1.824007 
1.899150 
1.827172 
1.655531 
1.450669 
1.279028 
1.207050 
1.214663 
1.232816 
1.254484 
1.272637 
1.280250 
1.280250 
1.280250 
1.280250 
1.280250 
1.280250 
1.193792 
0.982957 
0.720551 
0.479380 
0.332250 
0.259064 
0.194221 
0.142271 
0.107764 
0.095250 
0.096108 
0.098154 
0.100596 
0.102642 
0.103500 
0.101413 
0.096160 
0.089250 
0.082194 
0.076500 
0.071602 
0.066443 
0.061797 
0.058441 
0.057150 
0.057290 
0.057625 
0.058025 
0.058360 
0.058500 
0.058500 
0.058500 
0.058500 
0.058500 
0.058500 
0.058500 
0.058500 
0.058500 
0.058500 
0.058500 
0.058500 
0.058500 
0.058500 
0.058500 
0.058500 
0.058500 
0.058500 
0.058500 
0.058500 
0.058500 
0.059403 
0.061893 
0.065641 
0.070320 
0.075600 
0.083502 
0.095474 
0.110336 
0.126905 
0.144000 
0.162410 
0.183338 
0.206221 
0.230496 
0.255600 
0.287037 
0.325371 
0.362626 
0.390827 
0.402000 
0.398259 
0.388394 
0.374445 
0.358450 
0.342450 
0.324948 
0.304037 
0.281136 
0.257667 
0.235050 
0.209732 
0.180764 
0.153475 
0.133194 
0.125250 
0.125250 
0.125250 
0.125250 
0.125250 
0.125250 
0.125250 
0.125250 
0.125250 
0.125250 
0.125250 
0.125656 
0.126623 
0.127777 
0.128744 
0.129150 
0.128900 
0.128305 
0.127595 
0.127000 
0.126750 
0.126750 
0.126750 
0.126750 
0.126750 
0.126750 
0.126750 
0.126750 
0.126750 
0.126750 
0.126750 
0.126750 
0.126750 
0.126750 
0.126750 
0.126750 
0.127788 
0.130649 
0.134956 
0.140332 
0.146400 
0.156831 
0.173290 
0.192395 
0.210759 
0.225000 
0.234867 
0.243044 
0.250548 
0.258394 
0.267600 
0.280789 
0.297454 
0.313915 
0.326490 
0.331500 
0.331500 
0.331500 
0.331500 
0.331500 
0.331500 
0.348724 
0.391081 
0.444596 
0.495294 
0.529200 
0.549909 
0.569135 
0.585088 
0.595973 
0.600000 
0.599726 
0.598913 
0.597577 
0.595734 
0.593400 
0.568865 
0.512499 
0.442435 
0.376808 
0.333750 
0.308392 
0.285130 
0.265997 
0.253026 
0.248250 
0.260708 
0.290621 
0.326800 
0.358056 
0.373200 
0.376285 
0.378786 
0.380644 
0.381801 
0.382200 
0.370999 
0.344290 
0.312410 
0.285701 
0.274500 
0.274500 
0.274500 
0.274500 
0.274500 
0.274500 
0.274500 
0.274500 
0.274500 
0.274500 
0.274500 
0.264282 
0.239916 
0.210834 
0.186468 
0.176250 
0.176250 
0.176250 
0.176250 
0.176250 
0.176250 
0.176250 
0.176250 
0.176250 
0.176250 
0.176250 
0.178822 
0.186053 
0.197219 
0.211593 
0.228450 
0.255178 
0.299536 
0.361355 
0.440466 
0.536700 
0.784630 
1.224381 
1.714106 
2.111961 
2.276100 
2.254468 
2.200356 
2.129941 
2.059396 
2.004900 
1.961417 
1.917136 
1.878067 
1.850218 
1.839600 
1.863000 
1.918800 
1.985400 
2.041200 
2.064600 
1.919076 
1.568903 
1.143683 
0.773015 
0.586500 
0.543669 
0.513882 
0.491486 
0.470827 
0.446250 
0.413085 
0.375100 
0.339296 
0.312679 
0.302250 
0.321712 
0.371447 
0.438481 
0.509840 
0.572550 
0.635260 
0.706619 
0.773653 
0.823388 
0.842850 
0.789358 
0.661799 
0.509551 
0.381992 
0.328500 
0.328500 
0.328500 
0.328500 
0.328500 
0.328500 
0.338123 
0.362714 
0.395860 
0.431143 
0.462150 
0.493157 
0.528440 
0.561586 
0.586177 
0.595800 
0.568001 
0.501710 
0.422590 
0.356299 
0.328500 
0.328500 
0.328500 
0.328500 
0.328500 
0.328500 
0.328500 
0.328500 
0.328500 
0.328500 
0.328500 
0.332046 
0.341262 
0.354015 
0.368172 
0.381600 
0.394076 
0.407156 
0.421379 
0.437281 
0.455400 
0.480075 
0.511801 
0.545350 
0.575492 
0.597000 
0.612409 
0.626813 
0.638823 
0.647049 
0.650100 
0.632355 
0.588885 
0.534337 
0.483360 
0.450600 
0.433613 
0.419708 
0.408161 
0.398249 
0.389250 
0.381210 
0.374302 
0.367994 
0.361754 
0.355050 
0.346644 
0.336887 
0.327627 
0.320715 
0.318000 
0.323699 
0.339562 
0.363735 
0.394365 
0.429600 
0.485012 
0.572880 
0.686413 
0.818817 
0.963300 
1.158812 
1.420453 
1.705658 
1.971862 
2.176500 
2.316079 
2.427433 
2.528487 
2.637168 
2.771400 
2.970894 
3.229143 
3.494744 
3.716297 
3.842400 
3.900176 
3.949381 
3.987562 
4.012269 
4.021050 
4.003466 
3.958056 
3.895833 
3.827810 
3.765000 
3.711936 
3.661030 
3.605110 
3.537007 
3.449550 
3.264123 
2.965588 
2.641985 
2.381358 
2.271750 
2.267699 
2.264820 
2.262766 
2.261191 
2.259750 
2.258235 
2.256777 
2.255536 
2.254673 
2.254350 
2.261805 
2.280320 
2.304122 
2.327440 
2.344500 
2.356864 
2.368985 
2.379423 
2.386741 
2.389500 
2.364788 
2.297179 
2.196460 
2.072421 
1.934850 
1.681012 
1.279721 
0.848089 
0.503228 
0.362250 
0.363153 
0.365643 
0.369391 
0.374070 
0.379350 
0.389966 
0.407367 
0.426300 
0.441512 
0.447750 
0.447750 
0.447750 
0.447750 
0.447750 
0.447750 
0.439652 
0.419023 
0.391357 
0.362151 
0.336900 
0.312382 
0.284924 
0.259346 
0.240465 
0.233100 
0.235752 
0.242076 
0.249624 
0.255948 
0.258600 
0.253078 
0.239909 
0.224191 
0.211022 
0.205500 
0.205500 
0.205500 
0.205500 
0.205500 
0.205500 
0.219197 
0.251858 
0.290842 
0.323503 
0.337200 
0.329041 
0.309586 
0.286364 
0.266909 
0.258750 
0.262790 
0.272425 
0.283925 
0.293560 
0.297600 
0.292472 
0.279462 
0.262132 
0.244041 
0.228750 
0.214489 
0.198853 
0.184453 
0.173898 
0.169800 
0.188478 
0.235866 
0.298996 
0.364897 
0.420600 
0.472559 
0.529532 
0.582006 
0.620466 
0.635400 
0.627896 
0.610003 
0.588647 
0.570754 
0.563250 
0.574482 
0.601266 
0.633234 
0.660018 
0.671250 
0.630707 
0.531050 
0.405240 
0.286236 
0.207000 
0.159042 
0.114624 
0.077836 
0.052765 
0.043500 
0.043500 
0.043500 
0.043500 
0.043500 
0.043500 
0.043500 
0.043500 
0.043500 
0.043500 
0.043500 
0.043500 
0.043500 
0.043500 
0.043500 
0.043500 
0.043500 
0.043500 
0.043500 
0.043500 
0.043500 
0.043500 
0.043500 
0.043500 
0.043500 
0.043500 
0.044403 
0.046893 
0.050641 
0.055320 
0.060600 
0.071216 
0.088617 
0.107550 
0.122762 
0.129000 
0.129000 
0.129000 
0.129000 
0.129000 
0.129000 
0.129000 
0.129000 
0.129000 
0.129000 
0.129000 
0.124978 
0.114882 
0.101667 
0.088288 
0.077700 
0.068890 
0.059752 
0.051599 
0.045744 
0.043500 
0.043500 
0.043500 
0.043500 
0.043500 
0.043500 
0.043500 
0.043500 
0.043500 
0.043500 
0.043500 
0.043500 
0.043500 
0.043500 
0.043500 
0.043500 
0.043500 
0.043500 
0.043500 
0.043500 
0.043500 
0.056852 
0.089411 
0.129935 
0.167179 
0.189900 
0.201202 
0.211216 
0.219239 
0.224568 
0.226500 
0.226500 
0.226500 
0.226500 
0.226500 
0.226500 
0.207468 
0.162084 
0.107916 
0.062532 
0.043500 
0.043500 
0.043500 
0.043500 
0.043500 
0.043500 
0.043500 
0.043500 
0.043500 
0.043500 
0.043500 
0.043500 
0.043500 
0.043500 
0.043500 
0.043500 
0.043500 
0.043500 
0.043500 
0.043500 
0.043500 
0.043500 
0.043500 
0.043500 
0.043500 
0.043500 
0.043500 
0.043500 
0.043500 
0.043500 
0.043500 
0.049738 
0.064950 
0.083883 
0.101284 
0.111900 
0.117180 
0.121859 
0.125607 
0.128097 
0.129000 
0.129000 
0.129000 
0.129000 
0.129000 
0.129000 
0.127222 
0.122981 
0.117919 
0.113678 
0.111900 
0.114513 
0.121396 
0.131111 
0.142225 
0.153300 
0.167682 
0.186682 
0.205811 
0.220580 
0.226500 
0.226500 
0.226500 
0.226500 
0.226500 
0.226500 
0.213148 
0.180589 
0.140065 
0.102821 
0.080100 
0.068798 
0.058784 
0.050761 
0.045432 
0.043500 
