0.000000 
0.000000 
0.000000 
0.000000 
0.000000 
0.000000 
0.000000 
0.000000 
0.000000 
0.000000 
0.000000 
0.000000 
0.000000 
0.000000 
0.000000 
0.000000 
0.000000 
0.000000 
0.000000 
0.000000 
0.000000 
0.000000 
0.000000 
0.000000 
0.000000 
0.000000 
0.000000 
0.000000 
0.000000 
0.000000 
0.000000 
0.000000 
0.000000 
0.000000 
0.000000 
0.000000 
0.000000 
0.000000 
0.000000 
0.000000 
0.000000 
0.000000 
0.000000 
0.000000 
0.000000 
0.000000 
0.000000 
0.000000 
0.000000 
0.000000 
0.000000 
0.000000 
0.000000 
0.000000 
0.000000 
0.000000 
0.000000 
0.000000 
0.000000 
0.000000 
0.000000 
0.000000 
0.000000 
0.000000 
0.000000 
0.000000 
0.000000 
0.000000 
0.000000 
0.000000 
0.000000 
0.000000 
0.000000 
0.000000 
0.000000 
0.000000 
0.000000 
0.000000 
0.000000 
0.000000 
0.000000 
0.000000 
0.000000 
0.000000 
0.000000 
0.000000 
0.000000 
0.000000 
0.000000 
0.000000 
0.000000 
0.000000 
0.000000 
0.000000 
0.000000 
0.000000 
0.000000 
0.000000 
0.000000 
0.000000 
0.000000 
0.000000 
0.000000 
0.000000 
0.000000 
0.000000 
0.000000 
0.000000 
0.000000 
0.000000 
0.000000 
0.000000 
0.000000 
0.000000 
0.000000 
0.000000 
0.000000 
0.000000 
0.000000 
0.000000 
0.000000 
0.000000 
0.000000 
0.000000 
0.000000 
0.000000 
0.000000 
0.000000 
0.000000 
0.000000 
0.000000 
0.000000 
0.000000 
0.000000 
0.000000 
0.000000 
0.000000 
0.000000 
0.000000 
0.000000 
0.000000 
0.000000 
0.000000 
0.000000 
0.000000 
0.000000 
0.000000 
0.000000 
0.000000 
0.000000 
0.000000 
0.000000 
0.000000 
0.000000 
0.000000 
0.000000 
0.000000 
0.000000 
0.000000 
0.000000 
0.000000 
0.000000 
0.000000 
0.000000 
0.000000 
0.000000 
0.000000 
0.000000 
0.000000 
0.000000 
0.000000 
0.000000 
0.000000 
0.000000 
0.000000 
0.000000 
0.000000 
0.000000 
0.000000 
0.000000 
0.000000 
0.000000 
0.000000 
0.000000 
0.000000 
0.000000 
0.000000 
0.000000 
0.000000 
0.000000 
0.000000 
0.000000 
0.000000 
0.000000 
0.000000 
0.000000 
0.000000 
0.000000 
0.000000 
0.000000 
0.000000 
0.000000 
0.000000 
0.000000 
0.000000 
0.000000 
0.000000 
0.000000 
0.000000 
0.000000 
0.000000 
0.000000 
0.000000 
0.000000 
0.000000 
0.000000 
0.000000 
0.000000 
0.000000 
0.000000 
0.000000 
0.000000 
0.000000 
0.000000 
0.000000 
0.000036 
0.000098 
0.000263 
0.000391 
0.000530 
0.000739 
0.001246 
0.001346 
0.001995 
0.002399 
0.002651 
0.003628 
0.004931 
0.004799 
0.007020 
0.007788 
0.009936 
0.009937 
0.011671 
0.012882 
0.016530 
0.019288 
0.018959 
0.019543 
0.017725 
0.015996 
0.022922 
0.020701 
0.018161 
0.017336 
0.021431 
0.020651 
0.018905 
0.017254 
0.017097 
0.017430 
0.021774 
0.018786 
0.020346 
0.018997 
0.023348 
0.021132 
0.025791 
0.021638 
0.021285 
0.030586 
0.030566 
0.031934 
0.036650 
0.037135 
0.037672 
0.042917 
0.039017 
0.043299 
0.044189 
0.037511 
0.054776 
0.048679 
0.041205 
0.043820 
0.047545 
0.050093 
0.050825 
0.042475 
0.052917 
0.045680 
0.054565 
0.051677 
0.063728 
0.054096 
0.063768 
0.050043 
0.055833 
0.056400 
0.051567 
0.058883 
0.056144 
0.065121 
0.069187 
0.063819 
0.075230 
0.071808 
0.071800 
0.075161 
0.068114 
0.063497 
0.072391 
0.064031 
0.063811 
0.087106 
0.080946 
0.074554 
0.083360 
0.085034 
0.085560 
0.078587 
0.094342 
0.083374 
0.092777 
0.099053 
0.105339 
0.102995 
0.128136 
0.109644 
0.158276 
0.149968 
0.145273 
0.163498 
0.181899 
0.178371 
0.202928 
0.169082 
0.208574 
0.203368 
0.203216 
0.145202 
0.208336 
0.199213 
0.170574 
0.173701 
0.177963 
0.172952 
0.191127 
0.189165 
0.232204 
0.199973 
0.224295 
0.201950 
0.248299 
0.210651 
0.229481 
0.281417 
0.246962 
0.230370 
0.231715 
0.300211 
0.294524 
0.337600 
0.398507 
0.363210 
0.405775 
0.426893 
0.451332 
0.406737 
0.490677 
0.404178 
0.462257 
0.698993 
0.604371 
0.745738 
0.568076 
0.755257 
0.616793 
0.555985 
0.596189 
0.490149 
0.518846 
0.493002 
0.407035 
0.420544 
0.581040 
0.499099 
0.365876 
0.462798 
0.548209 
0.589391 
0.526210 
0.369974 
0.474980 
0.455479 
0.455627 
0.420714 
0.422572 
0.565804 
0.475107 
0.471874 
0.462991 
0.561310 
0.587142 
0.592640 
0.591049 
0.581520 
0.660373 
0.762576 
0.612484 
0.591539 
0.577605 
0.444067 
0.518950 
0.473107 
0.517283 
0.565432 
0.597176 
0.585475 
0.583529 
0.622139 
0.683728 
0.855521 
0.775355 
0.743214 
0.836068 
0.724673 
0.751120 
0.775985 
0.707892 
0.642860 
0.826672 
0.904801 
0.825023 
0.901807 
0.927245 
0.717671 
1.048036 
1.016513 
1.048783 
0.982185 
1.068568 
1.000122 
0.943735 
0.920730 
1.078439 
1.025262 
1.085478 
0.951070 
1.168915 
1.154400 
0.901933 
1.136244 
1.045454 
1.110484 
1.089072 
1.218394 
1.311367 
1.156982 
1.310109 
1.223247 
1.304866 
1.025462 
0.918684 
0.785276 
0.797051 
0.766888 
0.508571 
0.426216 
0.372615 
0.521715 
0.529236 
0.720424 
0.908746 
1.029013 
1.115940 
0.987054 
1.076036 
0.957873 
1.000874 
1.168477 
0.905455 
1.193940 
1.281263 
1.167951 
1.123988 
1.225459 
1.178273 
1.249786 
1.098541 
1.155376 
1.157517 
1.220029 
1.300921 
1.013343 
0.965556 
1.026037 
1.223474 
1.076871 
1.156667 
1.126733 
1.166925 
1.203287 
0.854106 
0.769370 
1.088157 
1.050860 
1.149681 
1.342757 
1.333249 
1.320808 
1.097455 
0.832255 
0.887365 
0.635257 
0.487683 
0.365549 
0.298680 
0.213791 
0.201536 
0.230943 
0.324412 
0.598396 
0.875086 
0.775775 
0.884494 
1.109008 
1.087839 
1.433583 
1.187058 
1.188067 
1.411087 
1.394097 
1.242771 
1.320360 
1.269342 
1.228557 
1.608081 
1.311141 
1.198967 
1.422462 
1.589251 
1.551943 
1.503091 
1.417939 
1.419410 
1.413971 
1.442221 
1.520759 
1.440946 
1.285525 
1.230716 
1.508541 
1.500118 
1.388271 
1.467163 
1.466188 
1.637545 
1.269591 
1.479710 
1.358416 
1.411755 
1.626544 
1.614120 
1.736105 
1.371099 
1.318820 
1.443587 
1.401076 
1.542021 
1.481629 
1.435441 
1.406526 
1.482937 
1.690462 
1.578063 
1.407958 
1.511901 
1.542526 
1.819824 
1.646871 
1.470703 
1.533463 
1.376228 
1.487926 
1.568965 
1.506880 
1.438334 
1.772392 
1.252248 
1.363707 
1.645374 
2.071234 
1.793517 
2.053855 
1.501005 
1.527016 
1.232014 
0.973338 
0.984938 
0.947586 
1.169296 
0.991467 
1.137684 
1.420515 
1.364829 
1.339905 
1.444006 
1.798285 
1.918915 
1.690443 
2.158230 
1.656018 
1.529882 
1.429618 
1.472851 
1.367719 
1.425393 
1.118211 
1.009890 
1.156307 
1.029583 
0.930650 
0.724581 
0.747046 
0.991450 
1.045155 
1.444472 
1.941287 
1.875611 
1.812830 
1.772742 
1.826690 
2.076637 
1.693971 
1.453304 
1.379165 
1.133590 
1.091296 
1.147636 
1.053885 
1.392226 
1.636165 
2.049619 
1.973930 
2.009423 
2.020630 
1.802157 
1.926050 
1.679393 
1.525991 
1.399997 
1.392672 
1.641050 
1.782537 
1.340971 
1.506113 
1.628889 
1.847828 
1.972203 
1.542249 
1.743370 
1.441799 
1.350011 
1.358072 
1.158464 
0.818317 
0.655515 
0.444368 
0.440764 
0.377195 
0.408061 
0.340106 
0.366448 
0.352486 
0.386735 
0.573826 
1.035699 
1.241093 
1.345957 
1.773210 
1.848275 
1.851281 
1.859887 
1.834369 
2.101699 
1.800738 
1.464417 
1.773559 
1.737171 
1.912812 
1.539264 
1.624703 
1.625674 
2.138136 
1.679815 
1.880744 
1.976572 
2.074765 
2.216690 
1.706750 
1.830390 
2.152445 
1.840488 
1.808484 
1.335413 
1.172606 
0.858729 
0.575644 
0.394831 
0.538318 
0.707402 
0.639408 
0.793047 
0.868093 
0.863161 
0.870236 
0.902947 
1.054656 
1.200021 
0.911973 
1.130499 
0.924322 
0.689444 
0.647096 
0.606670 
0.818809 
0.853491 
1.092023 
1.224902 
1.346305 
1.347278 
1.562216 
1.601928 
1.269299 
1.619928 
1.270076 
1.090481 
0.726684 
0.768128 
0.702197 
0.689495 
0.870872 
0.691070 
0.805395 
0.782280 
0.772066 
0.668951 
0.700344 
0.642795 
0.626075 
0.829702 
0.861697 
0.895889 
0.919011 
0.895530 
1.018023 
1.118015 
1.018481 
1.108238 
1.128683 
1.407599 
1.488929 
1.854883 
1.967209 
1.732529 
1.903715 
1.892537 
1.885911 
1.627676 
1.310211 
1.229400 
0.975822 
0.858790 
0.643584 
0.772419 
0.513649 
0.452086 
0.465666 
0.485336 
0.585530 
0.628348 
0.695099 
0.850717 
1.057929 
1.338962 
1.559140 
1.483947 
2.106710 
1.731214 
2.251913 
1.846479 
2.002862 
1.943603 
2.404009 
1.941794 
1.508053 
1.885865 
1.560517 
1.901670 
2.281237 
2.022006 
1.653202 
1.731780 
1.693919 
1.618790 
1.568321 
1.789714 
1.610892 
1.655420 
1.719956 
1.924365 
1.595972 
2.226196 
2.000549 
1.822408 
1.683123 
1.783127 
1.967899 
2.084764 
1.824780 
1.586210 
1.552019 
1.742878 
1.942713 
1.646108 
1.800869 
1.416602 
1.462056 
1.267070 
1.061551 
1.536820 
1.798274 
1.719720 
1.602124 
1.997754 
1.685170 
1.796110 
1.736082 
2.208350 
1.795582 
1.772445 
1.903776 
1.657727 
1.687460 
1.361510 
1.852094 
1.691490 
1.433907 
1.755622 
1.489314 
1.692029 
1.377170 
1.536697 
1.277447 
1.340158 
1.318649 
1.206377 
1.027442 
1.024255 
1.068638 
1.325158 
1.215338 
1.524337 
1.411408 
1.677347 
1.596637 
1.664939 
1.614007 
1.913879 
1.607219 
1.493161 
1.647695 
1.671095 
1.217202 
1.345109 
1.422458 
1.520565 
1.609318 
1.788209 
1.584192 
1.529516 
1.576250 
1.559226 
1.172556 
1.446693 
1.110320 
1.064513 
1.144438 
1.200393 
1.187214 
1.070222 
1.170840 
1.103247 
1.182909 
1.002829 
1.106631 
1.350548 
1.256247 
1.360597 
1.298334 
1.492065 
1.113887 
1.168982 
1.327168 
1.232358 
1.007121 
0.806554 
0.616656 
0.559335 
0.446173 
0.460582 
0.458988 
0.412518 
0.494584 
0.443454 
0.401214 
0.400126 
0.371774 
0.452149 
0.380396 
0.400510 
0.397705 
0.537281 
0.513930 
0.426835 
0.642185 
0.705180 
0.781872 
0.915394 
0.990269 
1.141880 
1.263450 
1.152158 
1.222899 
1.234807 
1.157567 
1.320154 
1.038823 
1.039102 
0.845189 
0.977435 
1.004309 
0.875384 
0.879964 
0.750590 
0.690157 
0.828202 
0.564149 
0.710882 
0.718837 
0.724969 
0.714094 
0.768424 
0.742515 
1.026065 
1.103643 
1.074267 
1.393161 
1.379666 
1.447251 
1.358064 
1.372194 
1.247020 
1.263017 
1.207294 
1.173392 
1.002240 
0.826141 
0.917643 
0.814373 
0.942817 
0.742997 
0.744013 
0.929827 
0.768733 
0.738037 
0.699131 
0.886998 
0.709111 
0.843233 
0.939894 
0.878950 
0.892540 
1.137757 
1.040523 
1.121613 
0.930250 
0.775746 
0.950533 
0.838106 
0.772444 
0.817856 
0.800943 
0.610915 
0.669421 
0.666295 
0.867236 
0.761074 
0.901176 
0.890480 
0.773087 
0.533346 
0.602110 
0.334975 
0.478759 
0.491001 
0.533667 
0.567676 
0.433137 
0.541673 
0.593932 
0.590116 
0.601695 
0.496264 
0.460823 
0.517174 
0.511863 
0.503642 
0.491535 
0.493011 
0.444265 
0.497173 
0.363242 
0.391707 
0.308873 
0.364283 
0.392491 
0.293159 
0.277959 
0.273176 
0.242448 
0.276699 
0.232809 
0.231985 
0.178779 
0.210036 
0.188567 
0.210689 
0.161313 
0.174682 
0.143575 
0.156720 
0.154131 
0.174065 
0.177894 
0.171639 
0.165511 
0.163602 
0.147634 
0.183315 
0.169504 
0.186741 
0.169835 
0.195270 
0.186907 
0.215377 
0.212918 
0.220179 
0.185499 
0.243801 
0.186610 
0.270404 
0.238993 
0.218598 
0.275498 
0.278218 
0.263364 
0.275211 
0.243742 
0.328730 
0.303885 
0.263749 
0.287293 
0.347409 
0.281530 
0.243755 
0.270851 
0.290735 
0.321187 
0.312556 
0.379424 
0.301223 
0.310804 
0.374917 
0.342913 
0.382656 
0.376952 
0.302655 
0.419731 
0.390223 
0.488990 
0.608625 
0.675000 
0.721632 
0.687892 
0.679947 
0.556035 
0.651790 
0.551539 
0.534096 
0.365363 
0.376694 
0.255258 
0.321318 
0.295414 
0.287670 
0.282344 
0.256905 
0.323569 
0.219679 
0.216253 
0.228165 
0.217181 
0.177335 
0.173482 
0.145362 
0.102760 
0.129333 
0.140960 
0.111717 
0.104887 
0.117639 
0.095140 
0.110356 
0.126047 
0.114368 
0.140772 
0.134555 
0.121056 
0.124478 
0.135407 
0.113264 
0.120648 
0.115773 
0.137692 
0.140461 
0.102400 
0.098562 
0.101817 
0.114621 
0.128440 
0.135137 
0.122959 
0.134906 
0.146658 
0.112438 
0.143828 
0.139283 
0.135151 
0.113615 
0.104699 
0.099805 
0.070948 
0.084128 
0.075160 
0.072081 
0.064353 
0.064832 
0.056848 
0.059192 
0.060421 
0.063188 
0.047377 
0.063398 
0.061895 
0.057091 
0.051105 
0.052786 
0.055732 
0.057477 
0.046919 
0.037288 
0.053230 
0.037732 
0.036664 
0.042146 
0.036311 
0.030080 
0.027774 
0.031341 
0.023740 
0.026365 
0.024664 
0.024799 
0.020091 
0.019296 
0.015564 
0.014164 
0.013262 
0.013509 
0.014165 
0.012487 
0.009994 
0.012283 
0.011560 
0.011006 
0.010756 
0.014750 
0.010913 
0.012067 
0.011255 
0.013340 
0.012263 
0.015159 
0.014473 
0.010002 
0.010383 
0.010220 
0.010655 
0.011117 
0.009239 
0.008770 
0.006839 
0.005827 
0.005574 
0.006041 
0.004963 
0.003941 
0.004281 
0.004833 
0.004791 
0.004838 
0.005031 
0.004294 
0.004087 
0.004783 
0.004761 
0.003549 
0.003937 
0.003850 
0.003963 
0.003353 
0.003181 
0.002423 
0.002968 
0.002119 
0.002107 
0.001434 
0.001316 
0.001327 
0.000685 
0.000543 
0.000287 
0.000131 
0.000090 
0.000046 
0.000028 
0.000006 
0.000000 
0.000000 
0.000000 
0.000000 
0.000000 
0.000000 
0.000000 
0.000000 
0.000000 
0.000000 
0.000000 
0.000000 
0.000000 
0.000000 
0.000000 
0.000000 
0.000000 
0.000000 
0.000000 
0.000000 
0.000000 
0.000000 
0.000000 
0.000000 
0.000000 
0.000000 
0.000000 
0.000000 
0.000000 
0.000000 
0.000000 
0.000000 
0.000000 
0.000000 
0.000000 
0.000000 
0.000000 
0.000000 
0.000000 
0.000000 
0.000000 
0.000000 
0.000000 
0.000000 
0.000000 
0.000000 
0.000000 
0.000000 
0.000000 
0.000000 
0.000000 
0.000000 
0.000000 
0.000000 
0.000000 
0.000000 
0.000000 
0.000000 
0.000000 
0.000000 
0.000000 
0.000000 
0.000000 
0.000000 
0.000000 
0.000000 
0.000000 
0.000000 
0.000000 
0.000000 
0.000000 
0.000000 
0.000000 
0.000000 
0.000000 
0.000000 
0.000000 
0.000000 
0.000000 
0.000000 
0.000000 
0.000000 
0.000000 
0.000000 
0.000000 
0.000000 
0.000000 
0.000000 
0.000000 
0.000000 
0.000000 
0.000000 
0.000000 
0.000000 
0.000000 
0.000000 
0.000000 
0.000000 
0.000000 
0.000000 
0.000000 
0.000000 
0.000000 
0.000000 
0.000000 
0.000000 
0.000000 
0.000000 
0.000000 
0.000000 
0.000000 
0.000000 
0.000000 
0.000000 
0.000000 
0.000000 
0.000000 
0.000000 
0.000000 
0.000000 
0.000000 
0.000000 
0.000000 
0.000000 
0.000000 
0.000000 
0.000000 
0.000000 
0.000000 
0.000000 
0.000000 
0.000000 
0.000000 
0.000000 
0.000000 
0.000000 
0.000000 
0.000000 
0.000000 
0.000000 
0.000000 
0.000000 
0.000000 
0.000000 
0.000000 
0.000000 
0.000000 
0.000000 
0.000000 
0.000000 
0.000000 
0.000000 
0.000000 
0.000000 
0.000000 
0.000000 
0.000000 
0.000000 
0.000000 
0.000000 
0.000000 
0.000000 
0.000000 
0.000000 
0.000000 
0.000000 
0.000000 
0.000000 
0.000000 
0.000000 
0.000000 
0.000000 
0.000000 
0.000000 
0.000000 
0.000000 
0.000000 
0.000000 
0.000000 
0.000000 
0.000000 
0.000000 
0.000000 
0.000000 
0.000000 
0.000000 
0.000000 
0.000000 
0.000000 
0.000000 
0.000000 
