0.188206 
0.175898 
0.163841 
0.152053 
0.140550 
0.129349 
0.118466 
0.107920 
0.097725 
0.087900 
0.077116 
0.065334 
0.054504 
0.046576 
0.043500 
0.047170 
0.056772 
0.070194 
0.085324 
0.100050 
0.115553 
0.133528 
0.152631 
0.171520 
0.188850 
0.205713 
0.223060 
0.239341 
0.253005 
0.262500 
0.268060 
0.271808 
0.275026 
0.278996 
0.285000 
0.299729 
0.324570 
0.352846 
0.377882 
0.393000 
0.400605 
0.407267 
0.412555 
0.416042 
0.417300 
0.409625 
0.391322 
0.369478 
0.351175 
0.343500 
0.343500 
0.343500 
0.343500 
0.343500 
0.343500 
0.335140 
0.313379 
0.283198 
0.249578 
0.217500 
0.179806 
0.132794 
0.086629 
0.051476 
0.037500 
0.037500 
0.037500 
0.037500 
0.037500 
0.037500 
0.037500 
0.037500 
0.037500 
0.037500 
0.037500 
0.037500 
0.037500 
0.037500 
0.037500 
0.037500 
0.037500 
0.037500 
0.037500 
0.037500 
0.037500 
0.037500 
0.037500 
0.037500 
0.037500 
0.037500 
0.037500 
0.037500 
0.037500 
0.037500 
0.037500 
0.037500 
0.037500 
0.037500 
0.037500 
0.037500 
0.037500 
0.037500 
0.037500 
0.037500 
0.037500 
0.037500 
0.037500 
0.037500 
0.037500 
0.037500 
0.037500 
0.037500 
0.037500 
0.037500 
0.037500 
0.044909 
0.063506 
0.087850 
0.112495 
0.132000 
0.148229 
0.165062 
0.180082 
0.190867 
0.195000 
0.195000 
0.195000 
0.195000 
0.195000 
0.195000 
0.195000 
0.195000 
0.195000 
0.195000 
0.195000 
0.193279 
0.188576 
0.181585 
0.172995 
0.163500 
0.146236 
0.119121 
0.090018 
0.066790 
0.057300 
0.065537 
0.085178 
0.108622 
0.128263 
0.136500 
0.136500 
0.136500 
0.136500 
0.136500 
0.136500 
0.136500 
0.136500 
0.136500 
0.136500 
0.136500 
0.131843 
0.120153 
0.104852 
0.089360 
0.077100 
0.066899 
0.056318 
0.046877 
0.040098 
0.037500 
0.037500 
0.037500 
0.037500 
0.037500 
0.037500 
0.037500 
0.037500 
0.037500 
0.037500 
0.037500 
0.037500 
0.037500 
0.037500 
0.037500 
0.037500 
0.037500 
0.037500 
0.037500 
0.037500 
0.037500 
0.037500 
0.037500 
0.037500 
0.037500 
0.037500 
0.037500 
0.037500 
0.037500 
0.037500 
0.037500 
0.048991 
0.077014 
0.111890 
0.143945 
0.163500 
0.173227 
0.181846 
0.188750 
0.193337 
0.195000 
0.195000 
0.195000 
0.195000 
0.195000 
0.195000 
0.195000 
0.195000 
0.195000 
0.195000 
0.195000 
0.190635 
0.179386 
0.164019 
0.147301 
0.132000 
0.115482 
0.095863 
0.077033 
0.062882 
0.057300 
0.065537 
0.085178 
0.108622 
0.128263 
0.136500 
0.136500 
0.136500 
0.136500 
0.136500 
0.136500 
0.136500 
0.136500 
0.136500 
0.136500 
0.136500 
0.131843 
0.120153 
0.104852 
0.089360 
0.077100 
0.066899 
0.056318 
0.046877 
0.040098 
0.037500 
0.037500 
0.037500 
0.037500 
0.037500 
0.037500 
0.037500 
0.037500 
0.037500 
0.037500 
0.037500 
0.037500 
0.037500 
0.037500 
0.037500 
0.037500 
0.053880 
0.092940 
0.139560 
0.178620 
0.195000 
0.195000 
0.195000 
0.195000 
0.195000 
0.195000 
0.195000 
0.195000 
0.195000 
0.195000 
0.195000 
0.195000 
0.195000 
0.195000 
0.195000 
0.195000 
0.187591 
0.168994 
0.144650 
0.120005 
0.100500 
0.084271 
0.067438 
0.052418 
0.041633 
0.037500 
0.037500 
0.037500 
0.037500 
0.037500 
0.037500 
0.037500 
0.037500 
0.037500 
0.037500 
0.037500 
0.037500 
0.037500 
0.037500 
0.037500 
0.037500 
0.037500 
0.037500 
0.037500 
0.037500 
0.037500 
0.037500 
0.037500 
0.037500 
0.037500 
0.037500 
0.044723 
0.062337 
0.084260 
0.104408 
0.116700 
0.122814 
0.128232 
0.132572 
0.135455 
0.136500 
0.136500 
0.136500 
0.136500 
0.136500 
0.136500 
0.150821 
0.184970 
0.225730 
0.259879 
0.274200 
0.265963 
0.246322 
0.222878 
0.203237 
0.195000 
0.195000 
0.195000 
0.195000 
0.195000 
0.195000 
0.195000 
0.195000 
0.195000 
0.195000 
0.195000 
0.187591 
0.168994 
0.144650 
0.120005 
0.100500 
0.084271 
0.067438 
0.052418 
0.041633 
0.037500 
0.037500 
0.037500 
0.037500 
0.037500 
0.037500 
0.037500 
0.037500 
0.037500 
0.037500 
0.037500 
0.037500 
0.037500 
0.037500 
0.037500 
0.037500 
0.038545 
0.041428 
0.045768 
0.051186 
0.057300 
0.069592 
0.089740 
0.111663 
0.129277 
0.136500 
0.136500 
0.136500 
0.136500 
0.136500 
0.136500 
0.148596 
0.178806 
0.218012 
0.257099 
0.286950 
0.307507 
0.325504 
0.342013 
0.358105 
0.374850 
0.394631 
0.416734 
0.437587 
0.453617 
0.461250 
0.463310 
0.464978 
0.466215 
0.466985 
0.467250 
0.459762 
0.441906 
0.420594 
0.402738 
0.395250 
0.399056 
0.408133 
0.418967 
0.428044 
0.431850 
0.415132 
0.374226 
0.323003 
0.275337 
0.245100 
0.228606 
0.213713 
0.201608 
0.193475 
0.190500 
0.203434 
0.235393 
0.276110 
0.315318 
0.342750 
0.361056 
0.378502 
0.393245 
0.403442 
0.407250 
0.407250 
0.407250 
0.407250 
0.407250 
0.407250 
0.407250 
0.407250 
0.407250 
0.407250 
0.407250 
0.405895 
0.402388 
0.397563 
0.392255 
0.387300 
0.383202 
0.379376 
0.375018 
0.369326 
0.361500 
0.337721 
0.292995 
0.239760 
0.190450 
0.157500 
0.137478 
0.119422 
0.104478 
0.093789 
0.088500 
0.086463 
0.084798 
0.083552 
0.082771 
0.082500 
0.085098 
0.091877 
0.101318 
0.111899 
0.122100 
0.131777 
0.142101 
0.153527 
0.166509 
0.181500 
0.203326 
0.232640 
0.263641 
0.290528 
0.307500 
0.317227 
0.325846 
0.332750 
0.337337 
0.339000 
0.333044 
0.317964 
0.297943 
0.277161 
0.259800 
0.245981 
0.232859 
0.220166 
0.207636 
0.195000 
0.182690 
0.170882 
0.158929 
0.146184 
0.132000 
0.112495 
0.087850 
0.063506 
0.044909 
0.037500 
0.037500 
0.037500 
0.037500 
0.037500 
0.037500 
0.037500 
0.037500 
0.037500 
0.037500 
0.037500 
0.037500 
0.037500 
0.037500 
0.037500 
0.037500 
0.037500 
0.037500 
0.037500 
0.037500 
0.037500 
0.037500 
0.037500 
0.037500 
0.037500 
0.037500 
0.037500 
0.037500 
0.037500 
0.037500 
0.037500 
0.037756 
0.038424 
0.039353 
0.040395 
0.041400 
0.042607 
0.044133 
0.045640 
0.046791 
0.047250 
0.047250 
0.047250 
0.047250 
0.047250 
0.047250 
0.047250 
0.047250 
0.047250 
0.047250 
0.047250 
0.059564 
0.089951 
0.128581 
0.165624 
0.191250 
0.204527 
0.213454 
0.221592 
0.232503 
0.249750 
0.325815 
0.480129 
0.666669 
0.839416 
0.952350 
1.018851 
1.079545 
1.129279 
1.162898 
1.175250 
1.169617 
1.155112 
1.135323 
1.113840 
1.094250 
1.075591 
1.055428 
1.035144 
1.016124 
0.999750 
0.985756 
0.972899 
0.961099 
0.950276 
0.940350 
0.930376 
0.920250 
0.911150 
0.904257 
0.900750 
0.899585 
0.898804 
0.898215 
0.897627 
0.896850 
0.895643 
0.894117 
0.892610 
0.891459 
0.891000 
0.892856 
0.897937 
0.905509 
0.914841 
0.925200 
0.941930 
0.967400 
0.996415 
1.023780 
1.044300 
1.060030 
1.075321 
1.088417 
1.097562 
1.101000 
1.101000 
1.101000 
1.101000 
1.101000 
1.101000 
1.050220 
0.926388 
0.772265 
0.630615 
0.544200 
0.501215 
0.463130 
0.432617 
0.412350 
0.405000 
0.406560 
0.410280 
0.414720 
0.418440 
0.420000 
0.399750 
0.350250 
0.288375 
0.231000 
0.195000 
0.178267 
0.165907 
0.155612 
0.145079 
0.132000 
0.112495 
0.087850 
0.063506 
0.044909 
0.037500 
0.037500 
0.037500 
0.037500 
0.037500 
0.037500 
0.037500 
0.037500 
0.037500 
0.037500 
0.037500 
0.037500 
0.037500 
0.037500 
0.037500 
0.037500 
0.038545 
0.041428 
0.045768 
0.051186 
0.057300 
0.069592 
0.089740 
0.111663 
0.129277 
0.136500 
0.136500 
0.136500 
0.136500 
0.136500 
0.136500 
0.136500 
0.136500 
0.136500 
0.136500 
0.136500 
0.131843 
0.120153 
0.104852 
0.089360 
0.077100 
0.066899 
0.056318 
0.046877 
0.040098 
0.037500 
0.037500 
0.037500 
0.037500 
0.037500 
0.037500 
0.037500 
0.037500 
0.037500 
0.037500 
0.037500 
0.037500 
0.037500 
0.037500 
0.037500 
0.037500 
0.037500 
0.037500 
0.037500 
0.037500 
0.037500 
0.037500 
0.037500 
0.037500 
0.037500 
0.037500 
0.037500 
0.037500 
0.037500 
0.037500 
0.037500 
0.037500 
0.037500 
0.037500 
0.037500 
0.037500 
0.037500 
0.037500 
0.037500 
0.037500 
0.037500 
0.037500 
0.037500 
0.037500 
0.037500 
0.037500 
0.037500 
0.037500 
0.037500 
0.037500 
0.037500 
0.037500 
0.037500 
0.037500 
0.037500 
0.037500 
0.041633 
0.052418 
0.067438 
0.084271 
0.100500 
0.120005 
0.144650 
0.168994 
0.187591 
0.195000 
0.195000 
0.195000 
0.195000 
0.195000 
0.195000 
0.195000 
0.195000 
0.195000 
0.195000 
0.195000 
0.195000 
0.195000 
0.195000 
0.195000 
0.195000 
0.178620 
0.139560 
0.092940 
0.053880 
0.037500 
0.037500 
0.037500 
0.037500 
0.037500 
0.037500 
0.047796 
0.072348 
0.101652 
0.126204 
0.136500 
0.136500 
0.136500 
0.136500 
0.136500 
0.136500 
0.136500 
0.136500 
0.136500 
0.136500 
0.136500 
0.133902 
0.127123 
0.117682 
0.107101 
0.096900 
0.084640 
0.069148 
0.053847 
0.042157 
0.037500 
0.037500 
0.037500 
0.037500 
0.037500 
0.037500 
0.037500 
0.037500 
0.037500 
0.037500 
0.037500 
0.037500 
0.037500 
0.037500 
0.037500 
0.037500 
0.037500 
0.037500 
0.037500 
0.037500 
0.037500 
0.037500 
0.037500 
0.037500 
0.037500 
0.037500 
0.037500 
0.037500 
0.037500 
0.037500 
0.037500 
0.038404 
0.041003 
0.045130 
0.050618 
0.057300 
0.081516 
0.129488 
0.185872 
0.235324 
0.262500 
0.272767 
0.281453 
0.288155 
0.292472 
0.294000 
0.294000 
0.294000 
0.294000 
0.294000 
0.294000 
0.290230 
0.280314 
0.266343 
0.250408 
0.234600 
0.217447 
0.197095 
0.175059 
0.152856 
0.132000 
0.109579 
0.084569 
0.061319 
0.044180 
0.037500 
0.037500 
0.037500 
0.037500 
0.037500 
0.037500 
0.037500 
0.037500 
0.037500 
0.037500 
0.037500 
0.037500 
0.037500 
0.037500 
0.037500 
0.037500 
0.037500 
0.037500 
0.037500 
0.037500 
0.037500 
0.037500 
0.037500 
0.037500 
0.037500 
0.037500 
0.037500 
0.037500 
0.037500 
0.037500 
0.037500 
0.037500 
0.037500 
0.037500 
0.037500 
0.037500 
0.037500 
0.037500 
0.037500 
0.037500 
0.037500 
0.037500 
0.037500 
0.037500 
0.037500 
0.037500 
0.037500 
0.037500 
0.037500 
0.037500 
0.037500 
0.057587 
0.106161 
0.165691 
0.218648 
0.247500 
0.256175 
0.261638 
0.265914 
0.271026 
0.279000 
0.297251 
0.326698 
0.359619 
0.388294 
0.405000 
0.412742 
0.419421 
0.424658 
0.428077 
0.429300 
0.427943 
0.424706 
0.420844 
0.417607 
0.416250 
0.416250 
0.416250 
0.416250 
0.416250 
0.416250 
0.395906 
0.345289 
0.280018 
0.215715 
0.168000 
0.132531 
0.097430 
0.067013 
0.045598 
0.037500 
0.037500 
0.037500 
0.037500 
0.037500 
0.037500 
0.037500 
0.037500 
0.037500 
0.037500 
0.037500 
0.037500 
0.037500 
0.037500 
0.037500 
0.037500 
0.037500 
0.037500 
0.037500 
0.037500 
0.037500 
0.037500 
0.037500 
0.037500 
0.037500 
0.037500 
0.037500 
0.037500 
0.037500 
0.037500 
0.037500 
0.037500 
0.037500 
0.037500 
0.037500 
0.037500 
0.037500 
0.037500 
0.037500 
0.037500 
0.037500 
0.048271 
0.074852 
0.108648 
0.141063 
0.163500 
0.176176 
0.186079 
0.194776 
0.203828 
0.214800 
0.231007 
0.251645 
0.272099 
0.287756 
0.294000 
0.294000 
0.294000 
0.294000 
0.294000 
0.294000 
0.290309 
0.280407 
0.266050 
0.248996 
0.231000 
0.205567 
0.170000 
0.131761 
0.098308 
0.077100 
0.064919 
0.054090 
0.045392 
0.039603 
0.037500 
0.037500 
0.037500 
0.037500 
0.037500 
0.037500 
0.045289 
0.067162 
0.100876 
0.144186 
0.194850 
0.301397 
0.486270 
0.708094 
0.925495 
1.097100 
1.239465 
1.383843 
1.510904 
1.601317 
1.635750 
1.635750 
1.635750 
1.635750 
1.635750 
1.635750 
1.738336 
1.982963 
2.274937 
2.519564 
2.622150 
2.533646 
2.317183 
2.046331 
1.794663 
1.635750 
1.564470 
1.516195 
1.475240 
1.425920 
1.352550 
1.178783 
0.894685 
0.584190 
0.331234 
0.219750 
0.209361 
0.202591 
0.197732 
0.193072 
0.186900 
0.177562 
0.166137 
0.155016 
0.146590 
0.143250 
0.143250 
0.143250 
0.143250 
0.143250 
0.143250 
0.158327 
0.194859 
0.239798 
0.280094 
0.302700 
0.310284 
0.315261 
0.319207 
0.323696 
0.330300 
0.343776 
0.364073 
0.385551 
0.402573 
0.409500 
0.409500 
0.409500 
0.409500 
0.409500 
0.409500 
0.402853 
0.385779 
0.362579 
0.337552 
0.315000 
0.291372 
0.263778 
0.237514 
0.217873 
0.210150 
0.223641 
0.257246 
0.300666 
0.343600 
0.375750 
0.400037 
0.424223 
0.445265 
0.460122 
0.465750 
0.465750 
0.465750 
0.465750 
0.465750 
0.465750 
0.465750 
0.465750 
0.465750 
0.465750 
0.465750 
0.465750 
0.465750 
0.465750 
0.465750 
0.465750 
0.465997 
0.466713 
0.467860 
0.469402 
0.471300 
0.480098 
0.498158 
0.519169 
0.536820 
0.544800 
0.545748 
0.546500 
0.547050 
0.547386 
0.547500 
0.545378 
0.540319 
0.534281 
0.529222 
0.527100 
0.551442 
0.610217 
0.682051 
0.745570 
0.779400 
0.790166 
0.798810 
0.805431 
0.810128 
0.813000 
0.814884 
0.816494 
0.817747 
0.818560 
0.818850 
0.814898 
0.803983 
0.787514 
0.766900 
0.743550 
0.702849 
0.638106 
0.562618 
0.489684 
0.432600 
0.385817 
0.338938 
0.297991 
0.269002 
0.258000 
0.258000 
0.258000 
0.258000 
0.258000 
0.258000 
0.261042 
0.269287 
0.281411 
0.296090 
0.312000 
0.334574 
0.366720 
0.403329 
0.439292 
0.469500 
0.497133 
0.525968 
0.551785 
0.570368 
0.577500 
0.562212 
0.525756 
0.482244 
0.445788 
0.430500 
0.432208 
0.436638 
0.442750 
0.449501 
0.455850 
0.463089 
0.471960 
0.480602 
0.487153 
0.489750 
0.482824 
0.466307 
0.446593 
0.430076 
0.423150 
0.425744 
0.432955 
0.443923 
0.457791 
0.473700 
0.508812 
0.568473 
0.634098 
0.687102 
0.708900 
0.700226 
0.679543 
0.654857 
0.634174 
0.625500 
0.637434 
0.665892 
0.699858 
0.728316 
0.740250 
0.737036 
0.729373 
0.720227 
0.712564 
0.709350 
0.762169 
0.898750 
1.086276 
1.291931 
1.482900 
1.691860 
1.941633 
2.184621 
2.373226 
2.459850 
2.477914 
2.492404 
2.503066 
2.509649 
2.511900 
2.488198 
2.423075 
2.325509 
2.204475 
2.068950 
1.807330 
1.385609 
0.929157 
0.563347 
0.413550 
0.428414 
0.465143 
0.511946 
0.557029 
0.588600 
0.606472 
0.620132 
0.632296 
0.645680 
0.663000 
0.692087 
0.732311 
0.773697 
0.806268 
0.820050 
0.820838 
0.821248 
0.821534 
0.821950 
0.822750 
0.939831 
1.217467 
1.548476 
1.825681 
1.941900 
1.860099 
1.664338 
1.429077 
1.228777 
1.137900 
1.127582 
1.119383 
1.113403 
1.109742 
1.108500 
1.108994 
1.110461 
1.112881 
1.116234 
1.120500 
1.192844 
1.358538 
1.554720 
1.718528 
1.787100 
1.761736 
1.696237 
1.606490 
1.508382 
1.417800 
1.318640 
1.199954 
1.085369 
0.998509 
0.963000 
0.961544 
0.960785 
0.960259 
0.959502 
0.958050 
0.917690 
0.824273 
0.713432 
0.620797 
0.582000 
0.585276 
0.593088 
0.602412 
0.610224 
0.613500 
0.609716 
0.599953 
0.586592 
0.572013 
0.558600 
0.545633 
0.531478 
0.517148 
0.503652 
0.492000 
0.481885 
0.472422 
0.463757 
0.456034 
0.449400 
0.443685 
0.438568 
0.433969 
0.429807 
0.426000 
0.422100 
0.418088 
0.414525 
0.411975 
0.411000 
0.413475 
0.420466 
0.431318 
0.445381 
0.462000 
0.507791 
0.591418 
0.685298 
0.761853 
0.793500 
0.772969 
0.723867 
0.664930 
0.614895 
0.592500 
0.590385 
0.588710 
0.587493 
0.586751 
0.586500 
0.592956 
0.610548 
0.636612 
0.668484 
0.703500 
