0.036750 
0.036750 
0.036750 
0.036750 
0.036750 
0.036750 
0.036750 
0.036750 
0.036750 
0.036750 
0.036750 
0.036750 
0.036750 
0.036750 
0.036750 
0.036750 
0.036750 
0.036750 
0.036750 
0.036750 
0.036750 
0.036750 
0.036750 
0.036750 
0.036750 
0.036750 
0.036750 
0.036750 
0.036750 
0.036750 
0.036750 
0.036750 
0.036750 
0.036750 
0.036750 
0.036750 
0.036750 
0.036750 
0.036750 
0.036750 
0.036750 
0.036750 
0.036750 
0.036750 
0.036750 
0.036750 
0.036750 
0.036750 
0.036750 
0.036750 
0.036750 
0.036750 
0.036750 
0.036750 
0.036750 
0.036750 
0.036750 
0.036750 
0.036750 
0.036750 
0.036750 
0.036750 
0.036750 
0.036750 
0.036750 
0.036750 
0.036750 
0.036750 
0.036750 
0.036750 
0.036750 
0.036750 
0.036750 
0.036750 
0.036750 
0.038263 
0.042434 
0.048714 
0.056553 
0.065400 
0.083186 
0.112340 
0.144061 
0.169548 
0.180000 
0.180000 
0.180000 
0.180000 
0.180000 
0.180000 
0.180000 
0.180000 
0.180000 
0.180000 
0.180000 
0.180000 
0.180000 
0.180000 
0.180000 
0.180000 
0.169548 
0.144061 
0.112340 
0.083186 
0.065400 
0.056553 
0.048714 
0.042434 
0.038263 
0.036750 
0.036750 
0.036750 
0.036750 
0.036750 
0.036750 
0.036750 
0.036750 
0.036750 
0.036750 
0.036750 
0.036750 
0.036750 
0.036750 
0.036750 
0.036750 
0.036750 
0.036750 
0.036750 
0.036750 
0.036750 
0.036750 
0.036750 
0.036750 
0.036750 
0.036750 
0.036750 
0.036750 
0.036750 
0.036750 
0.036750 
0.036750 
0.036750 
0.036750 
0.036750 
0.036750 
0.036750 
0.036750 
0.036750 
0.036750 
0.036750 
0.036750 
0.036750 
0.036750 
0.036750 
0.036750 
0.036750 
0.036750 
0.036750 
0.036750 
0.036750 
0.036750 
0.036750 
0.036750 
0.036750 
0.036750 
0.047202 
0.072689 
0.104410 
0.133564 
0.151350 
0.160197 
0.168036 
0.174316 
0.178487 
0.180000 
0.180000 
0.180000 
0.180000 
0.180000 
0.180000 
0.180000 
0.180000 
0.180000 
0.180000 
0.180000 
0.176241 
0.166431 
0.152771 
0.137460 
0.122700 
0.104960 
0.082544 
0.060403 
0.043488 
0.036750 
0.036750 
0.036750 
0.036750 
0.036750 
0.036750 
0.036750 
0.036750 
0.036750 
0.036750 
0.036750 
0.036750 
0.036750 
0.036750 
0.036750 
0.036750 
0.036750 
0.036750 
0.036750 
0.036750 
0.036750 
0.036750 
0.036750 
0.036750 
0.036750 
0.036750 
0.036750 
0.036750 
0.036750 
0.036750 
0.036750 
0.036750 
0.036750 
0.036750 
0.036750 
0.036750 
0.036750 
0.036750 
0.036750 
0.036750 
0.036750 
0.036750 
0.036750 
0.036750 
0.036750 
0.036750 
0.036750 
0.036750 
0.036750 
0.036750 
0.036750 
0.036750 
0.036750 
0.036750 
0.036750 
0.036750 
0.036750 
0.036750 
0.036750 
0.036750 
0.036750 
0.036750 
0.036750 
0.036750 
0.036750 
0.036750 
0.038263 
0.042434 
0.048714 
0.056553 
0.065400 
0.083186 
0.112340 
0.144061 
0.169548 
0.180000 
0.180000 
0.180000 
0.180000 
0.180000 
0.180000 
0.180000 
0.180000 
0.180000 
0.180000 
0.180000 
0.180000 
0.180000 
0.180000 
0.180000 
0.180000 
0.169548 
0.144061 
0.112340 
0.083186 
0.065400 
0.056553 
0.048714 
0.042434 
0.038263 
0.036750 
0.036750 
0.036750 
0.036750 
0.036750 
0.036750 
0.036750 
0.036750 
0.036750 
0.036750 
0.036750 
0.036750 
0.036750 
0.036750 
0.036750 
0.036750 
0.036750 
0.036750 
0.036750 
0.036750 
0.036750 
0.036750 
0.036750 
0.036750 
0.036750 
0.036750 
0.036750 
0.036750 
0.036750 
0.036750 
0.036750 
0.036750 
0.036750 
0.036750 
0.036750 
0.036750 
0.036750 
0.036750 
0.036750 
0.036750 
0.036750 
0.038263 
0.042434 
0.048714 
0.056553 
0.065400 
0.083186 
0.112340 
0.144061 
0.169548 
0.180000 
0.180000 
0.180000 
0.180000 
0.180000 
0.180000 
0.180000 
0.180000 
0.180000 
0.180000 
0.180000 
0.180000 
0.180000 
0.180000 
0.180000 
0.180000 
0.169548 
0.144061 
0.112340 
0.083186 
0.065400 
0.056553 
0.048714 
0.042434 
0.038263 
0.036750 
0.036750 
0.036750 
0.036750 
0.036750 
0.036750 
0.036750 
0.036750 
0.036750 
0.036750 
0.036750 
0.036750 
0.036750 
0.036750 
0.036750 
0.036750 
0.036750 
0.036750 
0.036750 
0.036750 
0.036750 
0.036750 
0.036750 
0.036750 
0.036750 
0.036750 
0.036750 
0.036750 
0.036750 
0.036750 
0.036750 
0.036750 
0.036750 
0.036750 
0.036750 
0.036750 
0.047202 
0.072689 
0.104410 
0.133564 
0.151350 
0.160197 
0.168036 
0.174316 
0.178487 
0.180000 
0.180000 
0.180000 
0.180000 
0.180000 
0.180000 
0.180000 
0.180000 
0.180000 
0.180000 
0.180000 
0.176241 
0.166431 
0.152771 
0.137460 
0.122700 
0.104960 
0.082544 
0.060403 
0.043488 
0.036750 
0.036750 
0.036750 
0.036750 
0.036750 
0.036750 
0.036750 
0.036750 
0.036750 
0.036750 
0.036750 
0.036750 
0.036750 
0.036750 
0.036750 
0.036750 
0.036750 
0.036750 
0.036750 
0.036750 
0.036750 
0.036750 
0.036750 
0.036750 
0.036750 
0.036750 
0.036750 
0.036750 
0.036750 
0.036750 
0.036750 
0.036750 
0.036750 
0.036750 
0.036750 
0.036750 
0.036750 
0.036750 
0.036750 
0.036750 
0.036750 
0.036750 
0.036750 
0.036750 
0.036750 
0.036750 
0.039033 
0.044991 
0.053287 
0.062586 
0.071550 
0.080246 
0.089702 
0.100031 
0.111344 
0.123750 
0.138802 
0.156757 
0.175780 
0.194038 
0.209700 
0.224460 
0.239771 
0.253431 
0.263241 
0.267000 
0.267000 
0.267000 
0.267000 
0.267000 
0.267000 
0.267000 
0.267000 
0.267000 
0.267000 
0.267000 
0.265487 
0.261316 
0.255036 
0.247197 
0.238350 
0.223729 
0.200905 
0.173932 
0.146862 
0.123750 
0.102041 
0.078883 
0.057879 
0.042633 
0.036750 
0.036750 
0.036750 
0.036750 
0.036750 
0.036750 
0.036750 
0.036750 
0.036750 
0.036750 
0.036750 
0.036750 
0.036750 
0.036750 
0.036750 
0.036750 
0.036750 
0.036750 
0.036750 
0.036750 
0.036750 
0.036750 
0.036750 
0.036750 
0.036750 
0.036750 
0.036750 
0.036750 
0.036750 
0.036750 
0.036750 
0.036750 
0.036750 
0.036750 
0.036750 
0.036750 
0.047202 
0.072689 
0.104410 
0.133564 
0.151350 
0.160197 
0.168036 
0.174316 
0.178487 
0.180000 
0.180000 
0.180000 
0.180000 
0.180000 
0.180000 
0.180000 
0.180000 
0.180000 
0.180000 
0.180000 
0.176241 
0.166431 
0.152771 
0.137460 
0.122700 
0.104960 
0.082544 
0.060403 
0.043488 
0.036750 
0.036750 
0.036750 
0.036750 
0.036750 
0.036750 
0.036750 
0.036750 
0.036750 
0.036750 
0.036750 
0.036750 
0.036750 
0.036750 
0.036750 
0.036750 
0.036750 
0.036750 
0.036750 
0.036750 
0.036750 
0.036750 
0.036750 
0.036750 
0.036750 
0.036750 
0.036750 
0.036750 
0.036750 
0.036750 
0.036750 
0.036750 
0.036750 
0.036750 
0.036750 
0.036750 
0.038263 
0.042434 
0.048714 
0.056553 
0.065400 
0.083186 
0.112340 
0.144061 
0.169548 
0.180000 
0.180000 
0.180000 
0.180000 
0.180000 
0.180000 
0.180000 
0.180000 
0.180000 
0.180000 
0.180000 
0.180000 
0.180000 
0.180000 
0.180000 
0.180000 
0.169548 
0.144061 
0.112340 
0.083186 
0.065400 
0.056553 
0.048714 
0.042434 
0.038263 
0.036750 
0.036750 
0.036750 
0.036750 
0.036750 
0.036750 
0.036750 
0.036750 
0.036750 
0.036750 
0.036750 
0.036750 
0.036750 
0.036750 
0.036750 
0.036750 
0.036750 
0.036750 
0.036750 
0.036750 
0.036750 
0.036750 
0.036750 
0.036750 
0.036750 
0.036750 
0.036750 
0.036750 
0.036750 
0.036750 
0.036750 
0.036750 
0.036750 
0.036750 
0.036750 
0.036750 
0.051648 
0.087174 
0.129576 
0.165102 
0.180000 
0.180000 
0.180000 
0.180000 
0.180000 
0.180000 
0.180000 
0.180000 
0.180000 
0.180000 
0.180000 
0.180000 
0.180000 
0.180000 
0.180000 
0.180000 
0.173262 
0.156347 
0.134206 
0.111790 
0.094050 
0.079290 
0.063979 
0.050319 
0.040509 
0.036750 
0.036750 
0.036750 
0.036750 
0.036750 
0.036750 
0.045798 
0.067374 
0.093126 
0.114702 
0.123750 
0.123750 
0.123750 
0.123750 
0.123750 
0.123750 
0.123750 
0.123750 
0.123750 
0.123750 
0.123750 
0.123750 
0.123750 
0.123750 
0.123750 
0.123750 
0.123750 
0.123750 
0.123750 
0.123750 
0.123750 
0.123750 
0.123750 
0.123750 
0.123750 
0.123750 
0.128514 
0.141103 
0.158960 
0.179528 
0.200250 
0.227914 
0.265036 
0.302651 
0.331794 
0.343500 
0.343500 
0.343500 
0.343500 
0.343500 
0.343500 
0.344102 
0.345570 
0.347397 
0.349076 
0.350100 
0.350610 
0.351061 
0.351423 
0.351663 
0.351750 
0.345012 
0.328097 
0.305956 
0.283540 
0.265800 
0.251040 
0.235729 
0.222069 
0.212259 
0.208500 
0.215740 
0.233808 
0.257227 
0.280517 
0.298200 
0.311890 
0.325657 
0.337708 
0.346253 
0.349500 
0.349500 
0.349500 
0.349500 
0.349500 
0.349500 
0.347995 
0.344145 
0.338948 
0.333400 
0.328500 
0.324606 
0.321054 
0.317304 
0.312816 
0.307050 
0.295472 
0.277387 
0.258011 
0.242560 
0.236250 
0.236250 
0.236250 
0.236250 
0.236250 
0.236250 
0.236250 
0.236250 
0.236250 
0.236250 
0.236250 
0.235564 
0.233927 
0.231973 
0.230336 
0.229650 
0.229663 
0.229700 
0.229761 
0.229845 
0.229950 
0.230835 
0.232779 
0.235060 
0.236957 
0.237750 
0.232169 
0.218558 
0.201618 
0.186048 
0.176550 
0.171825 
0.167639 
0.164286 
0.162058 
0.161250 
0.161250 
0.161250 
0.161250 
0.161250 
0.161250 
0.160720 
0.159455 
0.157945 
0.156680 
0.156150 
0.161010 
0.173353 
0.189821 
0.207056 
0.221700 
0.235486 
0.250675 
0.264701 
0.274998 
0.279000 
0.268704 
0.244152 
0.214848 
0.190296 
0.180000 
0.180000 
0.180000 
0.180000 
0.180000 
0.180000 
0.178487 
0.174316 
0.168036 
0.160197 
0.151350 
0.133564 
0.104410 
0.072689 
0.047202 
0.036750 
0.036750 
0.036750 
0.036750 
0.036750 
0.036750 
0.036750 
0.036750 
0.036750 
0.036750 
0.036750 
0.036750 
0.036750 
0.036750 
0.036750 
0.036750 
0.036750 
0.036750 
0.036750 
0.036750 
0.036750 
0.036750 
0.036750 
0.036750 
0.036750 
0.036750 
0.036750 
0.036750 
0.036750 
0.036750 
0.036750 
0.036750 
0.036750 
0.036750 
0.036750 
0.036750 
0.036750 
0.036750 
0.036750 
0.036750 
0.036750 
0.036750 
0.036750 
0.036750 
0.036750 
0.036750 
0.036750 
0.036750 
0.036750 
0.036750 
0.036750 
0.036750 
0.036750 
0.036750 
0.036750 
0.036750 
0.036750 
0.036750 
0.036750 
0.036750 
0.036750 
0.036750 
0.036750 
0.036750 
0.036750 
0.036750 
0.038263 
0.042434 
0.048714 
0.056553 
0.065400 
0.083186 
0.112340 
0.144061 
0.169548 
0.180000 
0.180000 
0.180000 
0.180000 
0.180000 
0.180000 
0.180000 
0.180000 
0.180000 
0.180000 
0.180000 
0.180000 
0.180000 
0.180000 
0.180000 
0.180000 
0.169548 
0.144061 
0.112340 
0.083186 
0.065400 
0.056553 
0.048714 
0.042434 
0.038263 
0.036750 
0.036750 
0.036750 
0.036750 
0.036750 
0.036750 
0.036750 
0.036750 
0.036750 
0.036750 
0.036750 
0.036750 
0.036750 
0.036750 
0.036750 
0.036750 
0.036750 
0.036750 
0.036750 
0.036750 
0.036750 
0.036750 
0.036750 
0.036750 
0.036750 
0.036750 
0.036750 
0.036750 
0.036750 
0.036750 
0.036750 
0.043333 
0.059032 
0.077768 
0.093467 
0.100050 
0.095339 
0.084104 
0.070696 
0.059461 
0.054750 
0.054750 
0.054750 
0.054750 
0.054750 
0.054750 
0.054750 
0.054750 
0.054750 
0.054750 
0.054750 
0.055380 
0.057252 
0.060339 
0.064614 
0.070050 
0.158790 
0.361713 
0.601896 
0.802416 
0.886350 
0.813779 
0.640724 
0.434176 
0.261121 
0.188550 
0.193698 
0.205974 
0.220626 
0.232902 
0.238050 
0.232013 
0.217616 
0.200434 
0.186037 
0.180000 
0.180000 
0.180000 
0.180000 
0.180000 
0.180000 
0.180000 
0.180000 
0.180000 
0.180000 
0.180000 
0.165102 
0.129576 
0.087174 
0.051648 
0.036750 
0.046890 
0.071070 
0.099930 
0.124110 
0.134250 
0.134250 
0.134250 
0.134250 
0.134250 
0.134250 
0.134250 
0.134250 
0.134250 
0.134250 
0.134250 
0.134250 
0.134250 
0.134250 
0.134250 
0.134250 
0.134250 
0.134250 
0.134250 
0.134250 
0.134250 
0.133392 
0.131346 
0.128904 
0.126858 
0.126000 
0.126388 
0.127362 
0.128637 
0.129928 
0.130950 
0.131800 
0.132682 
0.133469 
0.134034 
0.134250 
0.124110 
0.099930 
0.071070 
0.046890 
0.036750 
0.036750 
0.036750 
0.036750 
0.036750 
0.036750 
0.036750 
0.036750 
0.036750 
0.036750 
0.036750 
0.036750 
0.036750 
0.036750 
0.036750 
0.036750 
0.036750 
0.036750 
0.036750 
0.036750 
0.036750 
0.036750 
0.036750 
0.036750 
0.036750 
0.036750 
0.036750 
0.036750 
0.036750 
0.036750 
0.036750 
0.036750 
0.036750 
0.036750 
0.036750 
0.036750 
0.036750 
0.036750 
0.036750 
0.036750 
0.036750 
0.036750 
0.036750 
0.036750 
0.036750 
0.036750 
0.047202 
0.072689 
0.104410 
0.133564 
0.151350 
0.160197 
0.168036 
0.174316 
0.178487 
0.180000 
0.180000 
0.180000 
0.180000 
0.180000 
0.180000 
0.180000 
0.180000 
0.180000 
0.180000 
0.180000 
0.176241 
0.166431 
0.152771 
0.137460 
0.122700 
0.104960 
0.082544 
0.060403 
0.043488 
0.036750 
0.036750 
0.036750 
0.036750 
0.036750 
0.036750 
0.036750 
0.036750 
0.036750 
0.036750 
0.036750 
0.036750 
0.036750 
0.036750 
0.036750 
0.036750 
0.036750 
0.036750 
0.036750 
0.036750 
0.036750 
0.036750 
0.036750 
0.036750 
0.036750 
0.036750 
0.036750 
0.036750 
0.036750 
0.036750 
0.036750 
0.046363 
0.069488 
0.097557 
0.122001 
0.134250 
0.137295 
0.139791 
0.141664 
0.142841 
0.143250 
0.142501 
0.140716 
0.138584 
0.136799 
0.136050 
0.142698 
0.160123 
0.184543 
0.212179 
0.239250 
0.272982 
0.316502 
0.359881 
0.393190 
0.406500 
0.405751 
0.403966 
0.401834 
0.400049 
0.399300 
0.401843 
0.407906 
0.415144 
0.421207 
0.423750 
0.423750 
0.423750 
0.423750 
0.423750 
0.423750 
0.417148 
0.401118 
0.381324 
0.363430 
0.353100 
0.349424 
0.347107 
0.345232 
0.342885 
0.339150 
0.329324 
0.312231 
0.292252 
0.273765 
0.261150 
0.252988 
0.245411 
0.239125 
0.234836 
0.233250 
0.233330 
0.233568 
0.233961 
0.234506 
0.235200 
0.247587 
0.276400 
0.311426 
0.342448 
0.359250 
0.364455 
0.368040 
0.370822 
0.373619 
0.377250 
0.382823 
0.389864 
0.396820 
0.402133 
0.404250 
0.399348 
0.387205 
0.371662 
0.356563 
0.345750 
0.338213 
0.330926 
0.324707 
0.320376 
0.318750 
0.322411 
0.331412 
0.342783 
0.353553 
0.360750 
0.365139 
0.369213 
0.372592 
0.374897 
0.375750 
0.375750 
0.375750 
0.375750 
0.375750 
0.375750 
0.379193 
0.388371 
0.401558 
0.417026 
0.433050 
0.453341 
0.480063 
0.509165 
0.536594 
0.558300 
0.576485 
0.594550 
0.610243 
0.621310 
0.625500 
0.623004 
0.617052 
0.609948 
0.603996 
0.601500 
0.603809 
0.609314 
0.615886 
0.621391 
0.623700 
0.562657 
0.417094 
0.243356 
0.097793 
0.036750 
0.036750 
0.036750 
0.036750 
0.036750 
0.036750 
0.036750 
0.036750 
0.036750 
0.036750 
0.036750 
0.036750 
0.036750 
0.036750 
0.036750 
0.036750 
0.036750 
0.036750 
0.036750 
0.036750 
0.036750 
0.036750 
0.036750 
0.036750 
0.036750 
0.036750 
0.061242 
0.119646 
0.189354 
0.247758 
0.272250 
0.267274 
0.255407 
0.241243 
0.229376 
0.224400 
0.225242 
0.227251 
0.229649 
0.231658 
0.232500 
0.232500 
0.232500 
0.232500 
0.232500 
0.232500 
0.232500 
0.232500 
0.232500 
0.232500 
0.232500 
0.232500 
0.232500 
0.232500 
0.232500 
0.232500 
0.244415 
0.274030 
0.312147 
0.349570 
0.377100 
0.396030 
0.413413 
0.428697 
0.441327 
0.450750 
