0.000000 
0.000000 
0.000000 
0.000000 
0.000000 
0.000000 
0.000000 
0.000000 
0.000000 
0.000000 
0.000000 
0.000000 
0.000000 
0.000000 
0.000000 
0.000000 
0.000000 
0.000000 
0.000000 
0.000000 
0.000000 
0.000000 
0.000000 
0.000000 
0.000000 
0.000000 
0.000000 
0.000000 
0.000000 
0.000000 
0.000000 
0.000000 
0.000000 
0.000000 
0.000000 
0.000000 
0.000000 
0.000000 
0.000000 
0.000000 
0.000000 
0.000000 
0.000000 
0.000000 
0.000000 
0.000000 
0.000000 
0.000000 
0.000000 
0.000000 
0.000000 
0.000000 
0.000000 
0.000000 
0.000000 
0.000000 
0.000000 
0.000000 
0.000000 
0.000000 
0.000000 
0.000000 
0.000000 
0.000000 
0.000000 
0.000000 
0.000000 
0.000000 
0.000000 
0.000000 
0.000000 
0.000000 
0.000000 
0.000000 
0.000000 
0.000000 
0.000000 
0.000000 
0.000000 
0.000000 
0.000000 
0.000000 
0.000000 
0.000000 
0.000000 
0.000000 
0.000000 
0.000000 
0.000000 
0.000000 
0.000000 
0.000000 
0.000000 
0.000000 
0.000000 
0.000000 
0.000000 
0.000000 
0.000000 
0.000000 
0.000000 
0.000000 
0.000000 
0.000000 
0.000000 
0.000000 
0.000000 
0.000000 
0.000000 
0.000000 
0.000000 
0.000000 
0.000000 
0.000000 
0.000000 
0.000000 
0.000000 
0.000000 
0.000000 
0.000000 
0.000000 
0.000000 
0.000000 
0.000000 
0.000000 
0.000000 
0.000000 
0.000000 
0.000000 
0.000000 
0.000000 
0.000000 
0.000000 
0.000000 
0.000000 
0.000000 
0.000000 
0.000000 
0.000000 
0.000000 
0.000000 
0.000000 
0.000000 
0.000000 
0.000000 
0.000000 
0.000000 
0.000000 
0.000000 
0.000000 
0.000000 
0.000000 
0.000000 
0.000000 
0.000000 
0.000000 
0.000000 
0.000000 
0.000000 
0.000000 
0.000000 
0.000000 
0.000000 
0.000000 
0.000000 
0.000000 
0.000000 
0.000000 
0.000000 
0.000000 
0.000000 
0.000000 
0.000000 
0.000000 
0.000000 
0.000000 
0.000000 
0.000000 
0.000000 
0.000000 
0.000000 
0.000000 
0.000000 
0.000000 
0.000000 
0.000000 
0.000000 
0.000000 
0.000000 
0.000000 
0.000000 
0.000000 
0.000000 
0.000000 
0.000000 
0.000000 
0.000000 
0.000000 
0.000000 
0.000000 
0.000000 
0.000000 
0.000000 
0.000000 
0.000000 
0.000000 
0.000000 
0.000000 
0.000000 
0.000000 
0.000000 
0.000000 
0.000000 
0.000000 
0.000000 
0.000000 
0.000000 
0.000000 
0.000000 
0.000000 
0.000000 
0.000000 
0.000000 
0.000000 
0.000000 
0.000032 
0.000100 
0.000226 
0.000444 
0.000648 
0.000804 
0.001159 
0.001649 
0.002067 
0.002677 
0.003304 
0.003884 
0.004229 
0.004987 
0.006304 
0.008869 
0.008678 
0.009585 
0.013066 
0.016013 
0.015617 
0.017075 
0.022598 
0.020349 
0.019503 
0.014533 
0.018677 
0.021431 
0.020063 
0.018680 
0.021819 
0.019079 
0.015812 
0.018337 
0.020773 
0.018286 
0.018353 
0.018714 
0.019092 
0.018219 
0.021368 
0.023793 
0.023602 
0.025091 
0.024636 
0.031599 
0.029098 
0.031049 
0.036821 
0.040891 
0.040913 
0.047060 
0.041676 
0.038638 
0.045418 
0.049762 
0.044866 
0.042170 
0.045357 
0.035633 
0.053690 
0.053321 
0.048769 
0.053783 
0.055224 
0.052963 
0.052924 
0.052894 
0.048930 
0.053819 
0.064974 
0.052739 
0.048281 
0.049442 
0.059060 
0.058643 
0.065853 
0.066815 
0.065045 
0.057493 
0.063295 
0.063948 
0.060754 
0.072035 
0.065209 
0.068391 
0.066933 
0.088702 
0.075378 
0.076888 
0.077004 
0.085962 
0.074150 
0.080273 
0.084739 
0.105035 
0.090009 
0.100100 
0.093785 
0.086013 
0.081115 
0.115435 
0.096464 
0.127041 
0.136892 
0.137259 
0.133504 
0.169093 
0.145246 
0.161001 
0.194887 
0.207459 
0.185783 
0.203494 
0.214947 
0.227214 
0.193153 
0.202104 
0.175077 
0.179282 
0.195843 
0.185032 
0.149354 
0.243946 
0.181270 
0.174845 
0.237666 
0.201686 
0.216923 
0.241716 
0.240882 
0.228692 
0.225612 
0.221608 
0.294541 
0.287781 
0.285379 
0.296793 
0.384052 
0.332057 
0.388110 
0.432934 
0.375258 
0.373489 
0.466318 
0.462967 
0.433505 
0.552561 
0.633013 
0.720979 
0.670471 
0.517774 
0.523062 
0.488629 
0.493186 
0.523455 
0.566773 
0.544349 
0.566962 
0.507043 
0.588615 
0.513000 
0.480105 
0.602065 
0.559537 
0.556882 
0.521223 
0.482368 
0.420388 
0.406328 
0.382279 
0.474392 
0.448491 
0.468249 
0.498659 
0.564811 
0.516874 
0.599455 
0.611515 
0.527006 
0.579109 
0.685367 
0.536174 
0.659941 
0.522576 
0.616219 
0.532047 
0.551162 
0.545305 
0.518128 
0.499118 
0.617370 
0.727495 
0.599021 
0.763250 
0.677651 
0.598607 
0.746317 
0.758027 
0.874939 
0.843790 
0.745306 
0.729234 
0.594358 
0.713324 
0.761986 
0.793138 
0.768907 
0.814230 
0.728204 
0.982816 
0.792678 
1.021756 
1.080032 
0.962411 
0.760666 
0.868836 
0.999280 
1.149232 
1.102166 
1.077211 
1.045375 
1.108457 
1.130927 
1.088973 
1.041084 
1.111498 
1.094890 
1.021736 
1.117767 
1.013585 
1.057250 
1.280712 
1.358608 
1.270467 
1.279930 
1.298726 
1.192717 
0.900126 
0.869898 
0.933622 
0.633763 
0.580518 
0.502586 
0.340324 
0.452485 
0.567681 
0.857082 
0.898205 
1.093859 
0.892769 
1.041103 
1.003789 
0.983764 
1.167458 
1.042665 
1.110330 
1.317926 
1.111547 
1.115180 
1.128387 
1.020656 
1.227585 
1.050991 
1.078329 
1.271413 
1.068527 
1.213449 
1.136477 
1.036397 
1.099435 
1.304139 
1.305391 
1.205683 
1.027476 
0.981221 
1.073807 
1.234195 
0.833320 
1.047875 
1.122253 
0.870641 
1.421585 
1.080497 
1.316345 
1.265154 
1.122203 
0.813479 
0.501753 
0.592142 
0.494986 
0.371436 
0.280663 
0.227371 
0.235956 
0.257672 
0.346828 
0.583767 
0.780329 
1.062144 
0.972693 
1.172548 
1.126961 
1.220186 
1.185295 
1.424905 
1.233809 
1.349171 
1.404678 
1.344012 
1.236608 
1.365922 
1.428098 
1.410626 
1.364188 
1.356125 
1.332494 
1.256499 
1.527833 
1.490477 
1.389675 
1.432881 
1.381903 
1.493847 
1.445249 
1.481154 
1.480175 
1.235438 
1.150915 
1.708362 
1.545225 
1.423399 
1.437689 
1.529851 
1.387434 
1.225037 
1.435282 
1.658223 
1.615613 
1.525923 
1.261453 
1.420897 
1.484816 
1.605718 
1.145327 
1.563844 
1.456036 
1.493911 
1.563940 
1.709103 
1.589858 
1.749678 
1.353785 
1.545421 
1.277947 
1.644237 
1.650775 
1.438090 
1.453660 
1.501902 
1.545471 
1.554607 
1.770397 
1.708485 
1.580824 
1.394072 
1.655865 
1.501220 
1.631339 
1.541303 
1.970705 
1.724918 
1.334832 
0.935654 
0.854789 
1.112176 
0.873989 
1.159454 
1.381140 
1.419780 
1.261793 
1.600628 
1.545535 
1.679927 
1.670500 
1.870490 
1.695644 
1.451287 
1.740619 
1.536388 
1.668187 
1.230526 
1.408230 
1.223449 
0.960289 
0.830270 
0.805906 
0.999148 
0.860031 
0.784790 
0.762520 
1.205208 
1.588744 
1.815703 
1.854285 
2.114247 
1.544697 
1.958546 
1.821653 
1.599626 
1.610349 
1.487354 
1.360882 
1.219798 
1.054758 
1.210375 
1.239247 
1.562460 
1.741237 
1.860405 
1.776166 
2.140528 
1.960118 
1.836167 
1.971922 
1.535125 
1.618362 
1.589890 
1.610678 
1.587982 
1.311115 
1.884426 
1.744939 
1.990099 
1.851972 
1.977095 
1.691072 
1.734912 
1.515825 
1.286747 
1.021051 
0.973683 
0.683879 
0.445299 
0.446470 
0.296061 
0.407123 
0.354901 
0.382228 
0.359279 
0.438308 
0.671654 
1.014599 
1.166524 
1.666109 
1.500528 
1.534916 
1.663030 
1.808883 
1.804595 
1.654614 
1.725185 
1.992018 
1.832328 
1.973824 
1.686028 
1.818043 
1.606831 
1.574716 
1.708447 
1.637966 
2.066561 
2.039804 
1.768717 
2.229962 
2.016020 
1.761967 
1.909512 
2.009757 
1.751267 
1.622678 
1.111236 
0.975104 
0.561456 
0.585453 
0.541025 
0.612473 
0.602546 
0.799198 
0.814667 
0.987579 
1.012894 
1.042088 
1.163130 
0.893154 
0.994788 
0.884434 
0.837062 
0.754477 
0.629307 
0.756985 
0.848211 
0.860461 
1.270306 
1.225452 
1.280296 
1.123948 
1.610337 
1.346192 
1.601023 
1.565568 
1.114972 
1.102041 
1.012404 
0.811397 
0.755186 
0.827742 
0.699814 
0.725505 
0.756351 
0.867051 
0.719684 
0.711037 
0.638844 
0.699252 
0.729437 
0.669383 
0.858057 
0.833384 
0.847840 
0.924176 
0.977771 
0.932771 
1.131059 
1.209939 
1.234609 
1.437402 
1.402138 
1.727770 
1.880838 
1.990820 
1.869166 
1.458646 
1.906588 
1.659942 
1.442013 
1.036722 
0.982046 
0.800977 
0.648625 
0.642977 
0.576713 
0.530616 
0.493389 
0.515164 
0.520533 
0.565314 
0.748224 
0.987854 
1.188435 
1.475311 
1.586005 
1.838330 
1.995154 
1.996100 
2.228310 
1.955984 
1.863216 
1.890131 
2.288998 
1.604117 
1.884787 
2.231929 
1.937918 
1.769723 
1.808502 
1.550650 
1.626259 
1.861102 
1.685275 
1.715232 
1.937852 
1.887238 
1.895077 
1.873685 
2.004223 
1.983616 
1.790532 
1.975389 
1.860780 
1.690576 
1.573447 
1.966452 
2.081682 
1.766628 
1.834007 
1.771108 
1.909957 
1.536330 
1.633983 
1.730643 
1.507436 
1.302268 
1.505749 
1.317578 
1.462535 
1.542930 
1.424406 
1.784623 
1.530752 
1.700663 
1.651183 
2.045626 
1.687321 
1.655048 
1.821306 
1.588567 
1.636719 
1.824842 
1.743297 
1.724383 
1.812351 
1.865789 
1.617735 
1.769649 
1.491381 
1.434800 
1.401137 
1.395677 
1.237130 
1.424899 
1.226653 
1.200776 
1.245210 
1.110593 
1.406152 
1.255281 
1.258825 
1.594926 
1.732799 
1.608270 
1.803597 
1.744539 
1.761148 
1.788890 
1.616000 
1.841800 
1.615170 
1.332726 
1.633109 
1.714573 
1.370652 
1.728206 
1.852693 
1.871842 
1.426192 
1.821500 
1.502374 
1.294972 
1.453403 
1.188853 
1.210821 
1.439280 
1.193854 
1.269258 
1.142699 
1.160886 
1.159945 
1.464837 
1.091181 
1.235495 
0.995295 
1.362656 
1.291780 
1.499425 
1.311214 
1.591529 
1.424669 
1.425256 
1.475869 
1.183994 
1.013120 
0.815568 
0.573012 
0.531187 
0.440453 
0.466153 
0.486546 
0.396102 
0.429693 
0.416006 
0.400311 
0.414583 
0.462162 
0.290767 
0.359724 
0.431450 
0.555615 
0.482842 
0.537907 
0.504827 
0.650659 
0.627897 
0.777215 
0.841697 
0.941118 
0.990505 
1.180888 
1.356133 
1.346989 
1.133446 
1.189050 
1.039565 
1.104574 
1.123651 
0.927411 
0.915741 
0.811653 
0.824551 
0.826677 
0.673789 
0.864916 
0.697260 
0.587432 
0.791650 
0.680352 
0.729843 
0.723716 
0.782483 
0.978296 
1.004586 
1.043437 
1.160506 
1.217612 
1.436050 
1.224284 
1.135889 
1.391895 
1.408174 
0.970666 
1.157409 
0.911626 
0.919882 
0.972233 
0.788194 
0.854175 
0.907279 
0.751874 
0.792917 
0.866935 
0.729131 
0.809930 
0.778698 
0.730085 
0.766690 
0.806674 
1.023143 
0.915903 
0.938976 
1.144578 
0.807839 
0.935917 
1.040285 
0.970319 
0.984961 
1.028435 
0.849076 
0.777337 
0.635998 
0.709203 
0.763111 
0.661581 
0.678802 
0.859496 
1.035764 
0.793253 
0.559541 
0.668515 
0.562102 
0.428647 
0.332853 
0.467018 
0.602147 
0.505189 
0.545790 
0.522683 
0.514706 
0.491690 
0.517119 
0.571778 
0.561531 
0.501783 
0.485330 
0.519881 
0.485293 
0.424175 
0.510790 
0.359498 
0.362932 
0.374115 
0.320486 
0.372873 
0.315495 
0.263015 
0.308932 
0.212456 
0.221361 
0.222114 
0.224893 
0.252761 
0.216163 
0.244738 
0.166940 
0.164588 
0.143048 
0.178992 
0.160351 
0.200572 
0.211619 
0.165988 
0.166095 
0.148249 
0.186578 
0.179142 
0.174895 
0.157475 
0.162102 
0.198687 
0.165214 
0.170738 
0.187608 
0.194252 
0.222715 
0.164753 
0.186299 
0.207718 
0.237068 
0.223996 
0.269909 
0.225292 
0.261242 
0.239852 
0.302591 
0.243450 
0.296796 
0.284546 
0.350225 
0.335880 
0.292138 
0.295265 
0.270730 
0.304172 
0.248007 
0.298144 
0.239085 
0.321972 
0.376232 
0.343413 
0.348988 
0.362637 
0.390605 
0.376778 
0.350133 
0.427399 
0.331462 
0.387404 
0.563266 
0.563195 
0.530154 
0.640367 
0.612131 
0.638880 
0.712653 
0.631084 
0.568844 
0.532507 
0.501887 
0.488584 
0.351994 
0.291720 
0.268663 
0.319909 
0.272547 
0.278444 
0.346856 
0.261531 
0.223031 
0.212063 
0.158690 
0.194809 
0.168416 
0.146265 
0.165610 
0.138024 
0.152854 
0.146841 
0.126753 
0.131280 
0.116072 
0.122774 
0.109235 
0.121224 
0.129424 
0.125883 
0.131866 
0.127495 
0.124301 
0.137260 
0.126302 
0.126332 
0.119706 
0.114545 
0.123523 
0.113799 
0.099403 
0.111521 
0.125337 
0.114990 
0.123236 
0.123675 
0.135154 
0.126374 
0.126247 
0.162243 
0.112282 
0.114056 
0.106370 
0.092762 
0.080674 
0.069923 
0.079553 
0.069297 
0.074551 
0.071029 
0.058132 
0.055390 
0.061363 
0.062899 
0.060985 
0.058845 
0.054641 
0.055647 
0.062055 
0.062151 
0.053490 
0.053424 
0.054894 
0.044753 
0.047809 
0.040858 
0.043138 
0.032265 
0.031960 
0.034298 
0.030310 
0.026391 
0.025121 
0.028777 
0.025277 
0.023005 
0.024204 
0.021714 
0.018341 
0.011940 
0.012672 
0.012839 
0.015356 
0.011870 
0.012800 
0.011819 
0.013450 
0.010648 
0.011915 
0.012735 
0.012679 
0.012739 
0.009424 
0.012444 
0.012124 
0.014544 
0.014584 
0.011166 
0.010857 
0.010571 
0.011002 
0.009421 
0.010203 
0.006859 
0.005333 
0.005007 
0.004514 
0.004935 
0.004876 
0.004110 
0.005260 
0.004812 
0.004570 
0.004346 
0.005053 
0.004111 
0.004347 
0.004517 
0.004038 
0.004316 
0.004038 
0.003919 
0.004018 
0.003639 
0.003009 
0.002262 
0.002114 
0.002261 
0.002035 
0.001895 
0.001301 
0.001318 
0.000801 
0.000590 
0.000289 
0.000142 
0.000094 
0.000059 
0.000022 
0.000006 
0.000000 
0.000000 
0.000000 
0.000000 
0.000000 
0.000000 
0.000000 
0.000000 
0.000000 
0.000000 
0.000000 
0.000000 
0.000000 
0.000000 
0.000000 
0.000000 
0.000000 
0.000000 
0.000000 
0.000000 
0.000000 
0.000000 
0.000000 
0.000000 
0.000000 
0.000000 
0.000000 
0.000000 
0.000000 
0.000000 
0.000000 
0.000000 
0.000000 
0.000000 
0.000000 
0.000000 
0.000000 
0.000000 
0.000000 
0.000000 
0.000000 
0.000000 
0.000000 
0.000000 
0.000000 
0.000000 
0.000000 
0.000000 
0.000000 
0.000000 
0.000000 
0.000000 
0.000000 
0.000000 
0.000000 
0.000000 
0.000000 
0.000000 
0.000000 
0.000000 
0.000000 
0.000000 
0.000000 
0.000000 
0.000000 
0.000000 
0.000000 
0.000000 
0.000000 
0.000000 
0.000000 
0.000000 
0.000000 
0.000000 
0.000000 
0.000000 
0.000000 
0.000000 
0.000000 
0.000000 
0.000000 
0.000000 
0.000000 
0.000000 
0.000000 
0.000000 
0.000000 
0.000000 
0.000000 
0.000000 
0.000000 
0.000000 
0.000000 
0.000000 
0.000000 
0.000000 
0.000000 
0.000000 
0.000000 
0.000000 
0.000000 
0.000000 
0.000000 
0.000000 
0.000000 
0.000000 
0.000000 
0.000000 
0.000000 
0.000000 
0.000000 
0.000000 
0.000000 
0.000000 
0.000000 
0.000000 
0.000000 
0.000000 
0.000000 
0.000000 
0.000000 
0.000000 
0.000000 
0.000000 
0.000000 
0.000000 
0.000000 
0.000000 
0.000000 
0.000000 
0.000000 
0.000000 
0.000000 
0.000000 
0.000000 
0.000000 
0.000000 
0.000000 
0.000000 
0.000000 
0.000000 
0.000000 
0.000000 
0.000000 
0.000000 
0.000000 
0.000000 
0.000000 
0.000000 
0.000000 
0.000000 
0.000000 
0.000000 
0.000000 
0.000000 
0.000000 
0.000000 
0.000000 
0.000000 
0.000000 
0.000000 
0.000000 
0.000000 
0.000000 
0.000000 
0.000000 
0.000000 
0.000000 
0.000000 
0.000000 
0.000000 
0.000000 
0.000000 
0.000000 
0.000000 
0.000000 
0.000000 
0.000000 
0.000000 
0.000000 
0.000000 
0.000000 
0.000000 
0.000000 
0.000000 
0.000000 
0.000000 
0.000000 
0.000000 
0.000000 
0.000000 
