-0.037052 
-0.013783 
0.009041 
0.031393 
0.053250 
0.074585 
0.095373 
0.115588 
0.135206 
0.154200 
0.173205 
0.192281 
0.210539 
0.227091 
0.241050 
0.252292 
0.261858 
0.270603 
0.279382 
0.289050 
0.301601 
0.316495 
0.330782 
0.341517 
0.345750 
0.345750 
0.345750 
0.345750 
0.345750 
0.345750 
0.346564 
0.348720 
0.351789 
0.355342 
0.358950 
0.362907 
0.367661 
0.373017 
0.378778 
0.384750 
0.390137 
0.395137 
0.401044 
0.409150 
0.420750 
0.512403 
0.711038 
0.943495 
1.136618 
1.217250 
1.194380 
1.135831 
1.056692 
0.972052 
0.897000 
0.820700 
0.733084 
0.650393 
0.588868 
0.564750 
0.565842 
0.568446 
0.571554 
0.574158 
0.575250 
0.571154 
0.560531 
0.545882 
0.529705 
0.514500 
0.497189 
0.475990 
0.455347 
0.439702 
0.433500 
0.434547 
0.437240 
0.440909 
0.444886 
0.448500 
0.452348 
0.456883 
0.461218 
0.464469 
0.465750 
0.464186 
0.460219 
0.454933 
0.449415 
0.444750 
0.440858 
0.437005 
0.433299 
0.429845 
0.426750 
0.424120 
0.421835 
0.419665 
0.417380 
0.414750 
0.411035 
0.406340 
0.401704 
0.398161 
0.396750 
0.396750 
0.396750 
0.396750 
0.396750 
0.396750 
0.359154 
0.269502 
0.162498 
0.072846 
0.035250 
0.035250 
0.035250 
0.035250 
0.035250 
0.035250 
0.045100 
0.069119 
0.099013 
0.126488 
0.143250 
0.151588 
0.158975 
0.164893 
0.168824 
0.170250 
0.170250 
0.170250 
0.170250 
0.170250 
0.170250 
0.170250 
0.170250 
0.170250 
0.170250 
0.170250 
0.166708 
0.157463 
0.144589 
0.130160 
0.116250 
0.099532 
0.078407 
0.057541 
0.041600 
0.035250 
0.035250 
0.035250 
0.035250 
0.035250 
0.035250 
0.035250 
0.035250 
0.035250 
0.035250 
0.035250 
0.035250 
0.035250 
0.035250 
0.035250 
0.035250 
0.035250 
0.035250 
0.035250 
0.035250 
0.035250 
0.035250 
0.035250 
0.035250 
0.035250 
0.035250 
0.035250 
0.035250 
0.035250 
0.035250 
0.035250 
0.035250 
0.035250 
0.035250 
0.035250 
0.035250 
0.035250 
0.035250 
0.035250 
0.035250 
0.035250 
0.035250 
0.035250 
0.035250 
0.035250 
0.035250 
0.049290 
0.082770 
0.122730 
0.156210 
0.170250 
0.170250 
0.170250 
0.170250 
0.170250 
0.170250 
0.170250 
0.170250 
0.170250 
0.170250 
0.170250 
0.170250 
0.170250 
0.170250 
0.170250 
0.170250 
0.163900 
0.147959 
0.127093 
0.105968 
0.089250 
0.075340 
0.060911 
0.048037 
0.038792 
0.035250 
0.035250 
0.035250 
0.035250 
0.035250 
0.035250 
0.035250 
0.035250 
0.035250 
0.035250 
0.035250 
0.035250 
0.035250 
0.035250 
0.035250 
0.035250 
0.035250 
0.035250 
0.035250 
0.035250 
0.035250 
0.035250 
0.035250 
0.035250 
0.035250 
0.035250 
0.035250 
0.035250 
0.035250 
0.035250 
0.035250 
0.035250 
0.035250 
0.035250 
0.035250 
0.035250 
0.045100 
0.069119 
0.099013 
0.126488 
0.143250 
0.151588 
0.158975 
0.164893 
0.168824 
0.170250 
0.170250 
0.170250 
0.170250 
0.170250 
0.170250 
0.170250 
0.170250 
0.170250 
0.170250 
0.170250 
0.166708 
0.157463 
0.144589 
0.130160 
0.116250 
0.099532 
0.078407 
0.057541 
0.041600 
0.035250 
0.035250 
0.035250 
0.035250 
0.035250 
0.035250 
0.035250 
0.035250 
0.035250 
0.035250 
0.035250 
0.035250 
0.035250 
0.035250 
0.035250 
0.035250 
0.035250 
0.035250 
0.035250 
0.035250 
0.035250 
0.035250 
0.035250 
0.035250 
0.035250 
0.035250 
0.035250 
0.035250 
0.035250 
0.035250 
0.035250 
0.035250 
0.035250 
0.035250 
0.035250 
0.035250 
0.035250 
0.035250 
0.035250 
0.035250 
0.035250 
0.035250 
0.035250 
0.035250 
0.035250 
0.035250 
0.035250 
0.035250 
0.035250 
0.035250 
0.035250 
0.038792 
0.048037 
0.060911 
0.075340 
0.089250 
0.105968 
0.127093 
0.147959 
0.163900 
0.170250 
0.170250 
0.170250 
0.170250 
0.170250 
0.170250 
0.170250 
0.170250 
0.170250 
0.170250 
0.170250 
0.170250 
0.170250 
0.170250 
0.170250 
0.170250 
0.156210 
0.122730 
0.082770 
0.049290 
0.035250 
0.035250 
0.035250 
0.035250 
0.035250 
0.035250 
0.035250 
0.035250 
0.035250 
0.035250 
0.035250 
0.035250 
0.035250 
0.035250 
0.035250 
0.035250 
0.035250 
0.035250 
0.035250 
0.035250 
0.035250 
0.035250 
0.035250 
0.035250 
0.035250 
0.035250 
0.035250 
0.035250 
0.035250 
0.035250 
0.035250 
0.035250 
0.035250 
0.035250 
0.035250 
0.035250 
0.035250 
0.035250 
0.035250 
0.035250 
0.035250 
0.035250 
0.035250 
0.035250 
0.035250 
0.035250 
0.035250 
0.035250 
0.035250 
0.035250 
0.035250 
0.035250 
0.035250 
0.035250 
0.035250 
0.035250 
0.035250 
0.035250 
0.035250 
0.035250 
0.035250 
0.045100 
0.069119 
0.099013 
0.126488 
0.143250 
0.151588 
0.158975 
0.164893 
0.168824 
0.170250 
0.170250 
0.170250 
0.170250 
0.170250 
0.170250 
0.170250 
0.170250 
0.170250 
0.170250 
0.170250 
0.166708 
0.157463 
0.144589 
0.130160 
0.116250 
0.099532 
0.078407 
0.057541 
0.041600 
0.035250 
0.054360 
0.099930 
0.154320 
0.199890 
0.219000 
0.219000 
0.219000 
0.219000 
0.219000 
0.219000 
0.238722 
0.291455 
0.367553 
0.457367 
0.551250 
0.683183 
0.866456 
1.060383 
1.224276 
1.317450 
1.357416 
1.389419 
1.414367 
1.433174 
1.446750 
1.455838 
1.461937 
1.467092 
1.473348 
1.482750 
1.506123 
1.544999 
1.587489 
1.621703 
1.635750 
1.593930 
1.485283 
1.335025 
1.168375 
1.010550 
0.828015 
0.602440 
0.381853 
0.214280 
0.147750 
0.159918 
0.188934 
0.223566 
0.252582 
0.264750 
0.264750 
0.264750 
0.264750 
0.264750 
0.264750 
0.265045 
0.265816 
0.266888 
0.268091 
0.269250 
0.270643 
0.272404 
0.274142 
0.275471 
0.276000 
0.262739 
0.230158 
0.189057 
0.150237 
0.124500 
0.109059 
0.094791 
0.082994 
0.074965 
0.072000 
0.072000 
0.072000 
0.072000 
0.072000 
0.072000 
0.175662 
0.422856 
0.717894 
0.965088 
1.068750 
0.967356 
0.724699 
0.433064 
0.184735 
0.072000 
0.059105 
0.048856 
0.041381 
0.036804 
0.035250 
0.035250 
0.035250 
0.035250 
0.035250 
0.035250 
0.035250 
0.035250 
0.035250 
0.035250 
0.035250 
0.035250 
0.035250 
0.035250 
0.035250 
0.035250 
0.035250 
0.035250 
0.035250 
0.035250 
0.035250 
0.035250 
0.035250 
0.035250 
0.035250 
0.035250 
0.035250 
0.035250 
0.035250 
0.035250 
0.035250 
0.035250 
0.035250 
0.035250 
0.035250 
0.035250 
0.035250 
0.035250 
0.035250 
0.035250 
0.035250 
0.035250 
0.035250 
0.035250 
0.035250 
0.035250 
0.035250 
0.035250 
0.035250 
0.035250 
0.035250 
0.035250 
0.035250 
0.035250 
0.035250 
0.035250 
0.049290 
0.082770 
0.122730 
0.156210 
0.170250 
0.170250 
0.170250 
0.170250 
0.170250 
0.170250 
0.170250 
0.170250 
0.170250 
0.170250 
0.170250 
0.170250 
0.170250 
0.170250 
0.170250 
0.170250 
0.163900 
0.147959 
0.127093 
0.105968 
0.089250 
0.075340 
0.060911 
0.048037 
0.038792 
0.035250 
0.035250 
0.035250 
0.035250 
0.035250 
0.035250 
0.035250 
0.035250 
0.035250 
0.035250 
0.035250 
0.035250 
0.035250 
0.035250 
0.035250 
0.035250 
0.035250 
0.035250 
0.035250 
0.035250 
0.035250 
0.035250 
0.035250 
0.035250 
0.035250 
0.035250 
0.035250 
0.035250 
0.035250 
0.035250 
0.035250 
0.035250 
0.035250 
0.035250 
0.035250 
0.035250 
0.035250 
0.035250 
0.035250 
0.035250 
0.035250 
0.035250 
0.035250 
0.035250 
0.035250 
0.035250 
0.041600 
0.057541 
0.078407 
0.099532 
0.116250 
0.130160 
0.144589 
0.157463 
0.166708 
0.170250 
0.170250 
0.170250 
0.170250 
0.170250 
0.170250 
0.170250 
0.170250 
0.170250 
0.170250 
0.170250 
0.168824 
0.164893 
0.158975 
0.151588 
0.143250 
0.126488 
0.099013 
0.069119 
0.045100 
0.035250 
0.035250 
0.035250 
0.035250 
0.035250 
0.035250 
0.035250 
0.035250 
0.035250 
0.035250 
0.035250 
0.035250 
0.035250 
0.035250 
0.035250 
0.035250 
0.035250 
0.035250 
0.035250 
0.035250 
0.035250 
0.035250 
0.035250 
0.035250 
0.035250 
0.035250 
0.035250 
0.035250 
0.035250 
0.035250 
0.035250 
0.035250 
0.035250 
0.035250 
0.035250 
0.035250 
0.035250 
0.035250 
0.035250 
0.035250 
0.035250 
0.035250 
0.035250 
0.035250 
0.035250 
0.035250 
0.035250 
0.035250 
0.035250 
0.035250 
0.035250 
0.038792 
0.048037 
0.060911 
0.075340 
0.089250 
0.105968 
0.127093 
0.147959 
0.163900 
0.170250 
0.170250 
0.170250 
0.170250 
0.170250 
0.170250 
0.170250 
0.170250 
0.170250 
0.170250 
0.170250 
0.170250 
0.170250 
0.170250 
0.170250 
0.170250 
0.156210 
0.122730 
0.082770 
0.049290 
0.035250 
0.035250 
0.035250 
0.035250 
0.035250 
0.035250 
0.035250 
0.035250 
0.035250 
0.035250 
0.035250 
0.035250 
0.035250 
0.035250 
0.035250 
0.035250 
0.035250 
0.035250 
0.035250 
0.035250 
0.035250 
0.035250 
0.035250 
0.035250 
0.035250 
0.035250 
0.035250 
0.035250 
0.035250 
0.035250 
0.035250 
0.035250 
0.035250 
0.035250 
0.035250 
0.035250 
0.036676 
0.040607 
0.046525 
0.053912 
0.062250 
0.079012 
0.106487 
0.136381 
0.160400 
0.170250 
0.170250 
0.170250 
0.170250 
0.170250 
0.170250 
0.170250 
0.170250 
0.170250 
0.170250 
0.170250 
0.170250 
0.170250 
0.170250 
0.170250 
0.170250 
0.160400 
0.136381 
0.106487 
0.079012 
0.062250 
0.053912 
0.046525 
0.040607 
0.036676 
0.035250 
0.035250 
0.035250 
0.035250 
0.035250 
0.035250 
0.035250 
0.035250 
0.035250 
0.035250 
0.035250 
0.035250 
0.035250 
0.035250 
0.035250 
0.035250 
0.035250 
0.035250 
0.035250 
0.035250 
0.035250 
0.035250 
0.035250 
0.035250 
0.035250 
0.035250 
0.035250 
0.035250 
0.035250 
0.035250 
0.035250 
0.035250 
0.035250 
0.035250 
0.035250 
0.035250 
0.035250 
0.035250 
0.035250 
0.035250 
0.035250 
0.038792 
0.048037 
0.060911 
0.075340 
0.089250 
0.105968 
0.127093 
0.147959 
0.163900 
0.170250 
0.170250 
0.170250 
0.170250 
0.170250 
0.170250 
0.170250 
0.170250 
0.170250 
0.170250 
0.170250 
0.170250 
0.170250 
0.170250 
0.170250 
0.170250 
0.156210 
0.122730 
0.082770 
0.049290 
0.035250 
0.035250 
0.035250 
0.035250 
0.035250 
0.035250 
0.035250 
0.035250 
0.035250 
0.035250 
0.035250 
0.035250 
0.035250 
0.035250 
0.035250 
0.035250 
0.035250 
0.035250 
0.035250 
0.035250 
0.035250 
0.035250 
0.035250 
0.035250 
0.035250 
0.035250 
0.035250 
0.035250 
0.035250 
0.035250 
0.035250 
0.035250 
0.035250 
0.035250 
0.035250 
0.035250 
0.035250 
0.035250 
0.035250 
0.035250 
0.035250 
0.035250 
0.035250 
0.035250 
0.035250 
0.035250 
0.035250 
0.035250 
0.035250 
0.035250 
0.035250 
0.035250 
0.035250 
0.035250 
0.035250 
0.035250 
0.036676 
0.040607 
0.046525 
0.053912 
0.062250 
0.077257 
0.101222 
0.128484 
0.153381 
0.170250 
0.180982 
0.190753 
0.198834 
0.204494 
0.207000 
0.207534 
0.207851 
0.208081 
0.208354 
0.208800 
0.209917 
0.211749 
0.213742 
0.215343 
0.216000 
0.206150 
0.182131 
0.152237 
0.124762 
0.108000 
0.099662 
0.092275 
0.086357 
0.082426 
0.081000 
0.081000 
0.081000 
0.081000 
0.081000 
0.081000 
0.186222 
0.437136 
0.736614 
0.987528 
1.092750 
0.988099 
0.738327 
0.439705 
0.188506 
0.081000 
0.077896 
0.075608 
0.073974 
0.072826 
0.072000 
0.071305 
0.070690 
0.070196 
0.069869 
0.069750 
0.070772 
0.073596 
0.077860 
0.083199 
0.089250 
0.098735 
0.113401 
0.131425 
0.150983 
0.170250 
0.191327 
0.215584 
0.240103 
0.261964 
0.278250 
0.289086 
0.297491 
0.304889 
0.312701 
0.322350 
0.336872 
0.355619 
0.374484 
0.389363 
0.396150 
0.397403 
0.398406 
0.399142 
0.399595 
0.399750 
0.396510 
0.387870 
0.375450 
0.360870 
0.345750 
0.323891 
0.293240 
0.261640 
0.236929 
0.226950 
0.230881 
0.240256 
0.251444 
0.260819 
0.264750 
0.264750 
0.264750 
0.264750 
0.264750 
0.264750 
0.262408 
0.256296 
0.247785 
0.238246 
0.229050 
0.217997 
0.204031 
0.190237 
0.179698 
0.175500 
0.199422 
0.260556 
0.342954 
0.430668 
0.507750 
0.584832 
0.672546 
0.754944 
0.816078 
0.840000 
0.766058 
0.588570 
0.374043 
0.188984 
0.099900 
0.083086 
0.070148 
0.060562 
0.053805 
0.049350 
0.046032 
0.043150 
0.040877 
0.039386 
0.038850 
0.038912 
0.039096 
0.039399 
0.039818 
0.040350 
0.045704 
0.058682 
0.076423 
0.096066 
0.114750 
0.135241 
0.159627 
0.184028 
0.204562 
0.217350 
0.224661 
0.231074 
0.236172 
0.239536 
0.240750 
0.237006 
0.228078 
0.217422 
0.208494 
0.204750 
0.307476 
0.552438 
0.844812 
1.089774 
1.192500 
1.074798 
0.794124 
0.459126 
0.178452 
0.060750 
0.061571 
0.063572 
0.066064 
0.068353 
0.069750 
0.070445 
0.071060 
0.071554 
0.071881 
0.072000 
0.072000 
0.072000 
0.072000 
0.072000 
0.072000 
0.072942 
0.075541 
0.079454 
0.084338 
0.089850 
0.100931 
0.119095 
0.138859 
0.154738 
0.161250 
0.161250 
0.161250 
0.161250 
0.161250 
0.161250 
0.161250 
0.161250 
0.161250 
0.161250 
0.161250 
0.163688 
0.170832 
0.182427 
0.198218 
0.217950 
0.351828 
0.639811 
0.976281 
1.255617 
1.372200 
1.269684 
1.024373 
0.729626 
0.478799 
0.365250 
0.354501 
0.348124 
0.343552 
0.338216 
0.329550 
0.311141 
0.282583 
0.250314 
0.220773 
0.200400 
0.186848 
0.174261 
0.163816 
0.156687 
0.154050 
0.160663 
0.177464 
0.199899 
0.223412 
0.243450 
0.262411 
0.283358 
0.302729 
0.316964 
0.322500 
0.317196 
0.304548 
0.289452 
0.276804 
0.271500 
0.275006 
0.283937 
0.295915 
0.308562 
0.319500 
0.330126 
0.342029 
0.353119 
0.361306 
0.364500 
0.356388 
0.337044 
0.313956 
0.294612 
0.286500 
0.295548 
0.317124 
0.342876 
0.364452 
0.373500 
0.371878 
0.368009 
0.363391 
0.359522 
0.357900 
0.358416 
0.359831 
0.361948 
0.364570 
0.367500 
0.373098 
0.382081 
0.391791 
0.399567 
0.402750 
0.396744 
0.382422 
0.365328 
0.351006 
0.345000 
0.351552 
0.367176 
0.385824 
0.401448 
0.408000 
0.401526 
0.386088 
0.367662 
0.352224 
0.345750 
0.353378 
0.371569 
0.393281 
0.411472 
0.419100 
0.418366 
0.416286 
0.413043 
0.408820 
0.403800 
0.392432 
0.371824 
0.346144 
0.319563 
0.296250 
0.273281 
0.247850 
0.224303 
0.206988 
0.200250 
0.200250 
0.200250 
0.200250 
0.200250 
0.200250 
0.204958 
0.217248 
0.234369 
0.253570 
0.272100 
0.293044 
0.318530 
0.344375 
0.366393 
0.380400 
0.388700 
0.396048 
0.401930 
0.405835 
0.407250 
0.405253 
0.400492 
0.394808 
0.390047 
0.388050 
0.388050 
0.388050 
0.388050 
0.388050 
0.388050 
0.390595 
0.397053 
0.405658 
0.414646 
0.422250 
0.429355 
0.437152 
0.444337 
0.449604 
0.451650 
0.448002 
0.438750 
0.426432 
0.413586 
0.402750 
0.392678 
0.381655 
0.371513 
0.364084 
0.361200 
0.362243 
0.364940 
0.368645 
0.372714 
0.376500 
0.380723 
0.385833 
0.390782 
0.394521 
0.396000 
0.390678 
0.377934 
0.362601 
0.349512 
0.343500 
0.342853 
0.342505 
0.342255 
0.341904 
0.341250 
0.335514 
0.322328 
0.305109 
0.287277 
0.272250 
0.259999 
0.248199 
0.236825 
0.225851 
0.215250 
0.203587 
0.190850 
0.179143 
0.170574 
0.167250 
0.170650 
0.179250 
0.190650 
0.202450 
0.212250 
0.220582 
0.229087 
0.237025 
0.243659 
0.248250 
0.251195 
0.253528 
0.255469 
0.257237 
0.259050 
0.260887 
0.262613 
0.264275 
0.265922 
0.267600 
0.269077 
0.270322 
0.271683 
0.273510 
0.276150 
0.289157 
0.315599 
0.346097 
0.371274 
0.381750 
0.381678 
0.381174 
0.379806 
0.377142 
0.372750 
