-0.814284 
-0.558117 
-0.302562 
-0.051635 
0.190650 
0.420277 
0.633231 
0.825496 
0.993057 
1.131900 
1.258293 
1.381604 
1.487469 
1.561523 
1.589400 
1.453664 
1.129987 
0.743663 
0.419986 
0.284250 
0.284722 
0.286075 
0.288212 
0.291035 
0.294450 
0.306507 
0.329940 
0.356674 
0.378635 
0.387750 
0.369064 
0.323862 
0.268428 
0.219046 
0.192000 
0.183720 
0.178494 
0.174393 
0.169488 
0.161850 
0.143133 
0.112452 
0.079070 
0.052249 
0.041250 
0.041250 
0.041250 
0.041250 
0.041250 
0.041250 
0.041250 
0.041250 
0.041250 
0.041250 
0.041250 
0.041250 
0.041250 
0.041250 
0.041250 
0.041250 
0.041250 
0.041250 
0.041250 
0.041250 
0.041250 
0.041250 
0.041250 
0.041250 
0.041250 
0.041250 
0.041250 
0.041250 
0.041250 
0.041250 
0.041250 
0.041250 
0.041250 
0.041250 
0.041250 
0.041250 
0.041250 
0.041250 
0.041250 
0.041250 
0.041250 
0.041250 
0.041250 
0.041250 
0.041250 
0.041250 
0.041250 
0.041250 
0.041250 
0.041250 
0.041250 
0.041250 
0.041250 
0.041250 
0.041250 
0.041250 
0.056928 
0.094314 
0.138936 
0.176322 
0.192000 
0.192000 
0.192000 
0.192000 
0.192000 
0.192000 
0.190408 
0.186018 
0.179409 
0.171160 
0.161850 
0.143133 
0.112452 
0.079070 
0.052249 
0.041250 
0.041250 
0.041250 
0.041250 
0.041250 
0.041250 
0.041250 
0.041250 
0.041250 
0.041250 
0.041250 
0.041250 
0.041250 
0.041250 
0.041250 
0.041250 
0.041250 
0.041250 
0.041250 
0.041250 
0.041250 
0.041250 
0.041250 
0.041250 
0.041250 
0.041250 
0.041250 
0.041250 
0.041250 
0.041250 
0.041250 
0.041250 
0.041250 
0.041250 
0.041250 
0.041250 
0.041250 
0.041250 
0.041250 
0.041250 
0.041250 
0.041250 
0.041250 
0.041250 
0.041250 
0.041250 
0.041250 
0.041250 
0.041250 
0.041250 
0.041250 
0.041250 
0.041250 
0.041250 
0.041250 
0.041250 
0.041250 
0.041250 
0.041250 
0.041250 
0.041250 
0.041250 
0.041250 
0.041250 
0.041250 
0.041250 
0.041250 
0.041250 
0.041250 
0.041250 
0.041250 
0.041250 
0.041250 
0.041250 
0.041250 
0.041250 
0.041250 
0.041250 
0.041250 
0.041250 
0.041250 
0.041250 
0.041250 
0.041250 
0.041250 
0.041250 
0.041250 
0.041250 
0.041250 
0.041250 
0.041250 
0.041250 
0.041250 
0.041250 
0.041250 
0.041250 
0.041250 
0.041250 
0.041250 
0.041250 
0.041250 
0.041250 
0.041250 
0.041250 
0.041250 
0.041250 
0.045206 
0.055529 
0.069905 
0.086017 
0.101550 
0.120219 
0.143808 
0.167108 
0.184909 
0.192000 
0.192000 
0.192000 
0.192000 
0.192000 
0.192000 
0.184909 
0.167108 
0.143808 
0.120219 
0.101550 
0.086017 
0.069905 
0.055529 
0.045206 
0.041250 
0.041250 
0.041250 
0.041250 
0.041250 
0.041250 
0.041250 
0.041250 
0.041250 
0.041250 
0.041250 
0.041250 
0.041250 
0.041250 
0.041250 
0.041250 
0.041250 
0.041250 
0.041250 
0.041250 
0.041250 
0.041250 
0.041250 
0.041250 
0.041250 
0.041250 
0.041250 
0.041250 
0.041250 
0.041250 
0.041250 
0.041250 
0.041250 
0.041250 
0.041250 
0.041250 
0.041250 
0.041250 
0.041250 
0.041250 
0.041250 
0.041250 
0.041250 
0.041250 
0.041250 
0.041250 
0.041250 
0.041250 
0.041250 
0.041250 
0.041250 
0.041250 
0.041250 
0.041250 
0.041250 
0.041250 
0.041250 
0.041250 
0.041250 
0.041250 
0.041250 
0.041250 
0.041250 
0.041250 
0.041250 
0.041250 
0.048341 
0.066142 
0.089442 
0.113031 
0.131700 
0.147233 
0.163345 
0.177721 
0.188044 
0.192000 
0.192000 
0.192000 
0.192000 
0.192000 
0.192000 
0.181001 
0.154180 
0.120798 
0.090117 
0.071400 
0.062090 
0.053841 
0.047232 
0.042842 
0.041250 
0.041250 
0.041250 
0.041250 
0.041250 
0.041250 
0.041250 
0.041250 
0.041250 
0.041250 
0.041250 
0.041250 
0.041250 
0.041250 
0.041250 
0.041250 
0.041250 
0.041250 
0.041250 
0.041250 
0.041250 
0.041250 
0.041250 
0.041250 
0.041250 
0.041250 
0.041250 
0.041250 
0.041250 
0.041250 
0.041250 
0.041250 
0.041250 
0.041250 
0.041250 
0.041250 
0.041250 
0.041250 
0.041250 
0.041250 
0.041250 
0.041250 
0.041250 
0.041250 
0.041250 
0.041250 
0.041250 
0.041250 
0.041250 
0.041250 
0.041250 
0.056928 
0.094314 
0.138936 
0.176322 
0.192000 
0.192000 
0.192000 
0.192000 
0.192000 
0.192000 
0.190408 
0.186018 
0.179409 
0.171160 
0.161850 
0.143133 
0.112452 
0.079070 
0.052249 
0.041250 
0.041250 
0.041250 
0.041250 
0.041250 
0.041250 
0.041250 
0.041250 
0.041250 
0.041250 
0.041250 
0.055917 
0.091102 
0.133578 
0.170120 
0.187500 
0.190606 
0.193110 
0.194960 
0.196107 
0.196500 
0.196500 
0.196500 
0.196500 
0.196500 
0.196500 
0.195996 
0.194628 
0.192612 
0.190164 
0.187500 
0.182964 
0.176052 
0.168708 
0.162876 
0.160500 
0.160734 
0.161292 
0.161958 
0.162516 
0.162750 
0.162750 
0.162750 
0.162750 
0.162750 
0.162750 
0.162750 
0.162750 
0.162750 
0.162750 
0.162750 
0.169150 
0.186775 
0.213259 
0.246239 
0.283350 
0.334496 
0.409520 
0.505965 
0.621377 
0.753300 
0.982578 
1.327783 
1.693049 
1.982510 
2.100300 
1.904411 
1.437290 
0.879760 
0.412639 
0.216750 
0.216750 
0.216750 
0.216750 
0.216750 
0.216750 
0.213222 
0.204366 
0.192774 
0.181038 
0.171750 
0.164022 
0.156006 
0.148854 
0.143718 
0.141750 
0.141750 
0.141750 
0.141750 
0.141750 
0.141750 
0.141516 
0.140958 
0.140292 
0.139734 
0.139500 
0.326185 
0.771358 
1.302692 
1.747865 
1.934550 
1.737647 
1.268108 
0.707692 
0.238153 
0.041250 
0.041250 
0.041250 
0.041250 
0.041250 
0.041250 
0.041250 
0.041250 
0.041250 
0.041250 
0.041250 
0.041250 
0.041250 
0.041250 
0.041250 
0.041250 
0.041250 
0.041250 
0.041250 
0.041250 
0.041250 
0.041250 
0.041250 
0.041250 
0.041250 
0.041250 
0.041250 
0.041250 
0.041250 
0.041250 
0.041250 
0.043995 
0.051896 
0.064455 
0.081173 
0.101550 
0.166892 
0.296693 
0.457738 
0.616812 
0.740700 
0.841095 
0.942792 
1.032226 
1.095833 
1.120050 
1.028199 
0.807778 
0.541482 
0.312007 
0.202050 
0.181293 
0.164528 
0.152112 
0.144400 
0.141750 
0.142772 
0.145589 
0.149831 
0.155125 
0.161100 
0.173112 
0.192803 
0.214227 
0.231441 
0.238500 
0.238500 
0.238500 
0.238500 
0.238500 
0.238500 
0.238500 
0.238500 
0.238500 
0.238500 
0.238500 
0.238500 
0.238500 
0.238500 
0.238500 
0.238500 
0.238500 
0.238500 
0.238500 
0.238500 
0.238500 
0.217986 
0.169068 
0.110682 
0.061764 
0.041250 
0.041250 
0.041250 
0.041250 
0.041250 
0.041250 
0.041250 
0.041250 
0.041250 
0.041250 
0.041250 
0.041250 
0.041250 
0.041250 
0.041250 
0.041250 
0.041250 
0.041250 
0.041250 
0.041250 
0.041250 
0.041250 
0.041250 
0.041250 
0.041250 
0.041250 
0.045206 
0.055529 
0.069905 
0.086017 
0.101550 
0.120219 
0.143808 
0.167108 
0.184909 
0.192000 
0.192000 
0.192000 
0.192000 
0.192000 
0.192000 
0.184909 
0.167108 
0.143808 
0.120219 
0.101550 
0.086017 
0.069905 
0.055529 
0.045206 
0.041250 
0.041250 
0.041250 
0.041250 
0.041250 
0.041250 
0.048106 
0.067889 
0.099424 
0.141536 
0.193050 
0.408722 
0.842290 
1.341047 
1.752286 
1.923300 
1.805794 
1.517359 
1.154116 
0.812189 
0.587700 
0.455735 
0.334441 
0.234535 
0.166732 
0.141750 
0.141750 
0.141750 
0.141750 
0.141750 
0.141750 
0.227815 
0.433048 
0.678002 
0.883235 
0.969300 
0.883235 
0.678002 
0.433048 
0.227815 
0.141750 
0.295732 
0.671232 
1.138581 
1.568110 
1.830150 
1.960494 
2.075981 
2.168505 
2.229963 
2.252250 
2.252250 
2.252250 
2.252250 
2.252250 
2.252250 
2.241798 
2.216874 
2.187126 
2.162202 
2.151750 
2.151750 
2.151750 
2.151750 
2.151750 
2.151750 
2.151750 
2.151750 
2.151750 
2.151750 
2.151750 
2.151750 
2.151750 
2.151750 
2.151750 
2.151750 
2.167576 
2.209278 
2.268192 
2.335654 
2.403000 
2.469437 
2.542961 
2.628086 
2.729327 
2.851200 
3.073467 
3.410146 
3.767136 
4.050338 
4.165650 
4.006807 
3.624490 
3.160015 
2.754696 
2.549850 
2.505937 
2.480805 
2.461849 
2.436466 
2.392050 
2.185514 
1.768625 
1.271058 
0.822491 
0.552600 
0.420812 
0.305145 
0.213162 
0.152426 
0.130500 
0.130500 
0.130500 
0.130500 
0.130500 
0.130500 
0.121218 
0.099084 
0.072666 
0.050532 
0.041250 
0.041250 
0.041250 
0.041250 
0.041250 
0.041250 
0.041250 
0.041250 
0.041250 
0.041250 
0.041250 
0.041250 
0.041250 
0.041250 
0.041250 
0.041250 
0.041250 
0.041250 
0.041250 
0.041250 
0.041250 
0.041250 
0.041250 
0.041250 
0.041250 
0.041250 
0.052249 
0.079070 
0.112452 
0.143133 
0.161850 
0.171160 
0.179409 
0.186018 
0.190408 
0.192000 
0.192000 
0.192000 
0.192000 
0.192000 
0.192000 
0.176322 
0.138936 
0.094314 
0.056928 
0.041250 
0.041250 
0.041250 
0.041250 
0.041250 
0.041250 
0.041250 
0.041250 
0.041250 
0.041250 
0.041250 
0.041250 
0.041250 
0.041250 
0.041250 
0.041250 
0.041250 
0.041250 
0.041250 
0.041250 
0.041250 
0.041250 
0.041250 
0.041250 
0.041250 
0.041250 
0.041250 
0.041250 
0.041250 
0.041250 
0.041250 
0.041250 
0.041250 
0.041250 
0.041250 
0.041250 
0.041250 
0.041250 
0.041250 
0.041250 
0.041250 
0.041250 
0.041250 
0.041250 
0.041250 
0.041250 
0.041250 
0.041250 
0.041250 
0.041250 
0.041250 
0.041250 
0.041250 
0.041250 
0.041250 
0.041250 
0.041250 
0.041250 
0.041250 
0.041250 
0.041250 
0.041250 
0.041250 
0.041250 
0.041250 
0.041250 
0.041250 
0.041250 
0.041250 
0.041250 
0.041250 
0.041250 
0.041250 
0.041250 
0.041250 
0.041250 
0.041250 
0.041250 
0.041250 
0.041250 
0.041250 
0.045206 
0.055529 
0.069905 
0.086017 
0.101550 
0.120219 
0.143808 
0.167108 
0.184909 
0.192000 
0.192000 
0.192000 
0.192000 
0.192000 
0.192000 
0.184909 
0.167108 
0.143808 
0.120219 
0.101550 
0.086017 
0.069905 
0.055529 
0.045206 
0.041250 
0.041250 
0.041250 
0.041250 
0.041250 
0.041250 
0.041250 
0.041250 
0.041250 
0.041250 
0.041250 
0.041250 
0.041250 
0.041250 
0.041250 
0.041250 
0.041250 
0.041250 
0.041250 
0.041250 
0.041250 
0.041250 
0.041250 
0.041250 
0.041250 
0.041250 
0.041250 
0.041250 
0.041250 
0.041250 
0.041250 
0.041250 
0.041250 
0.041250 
0.041250 
0.041250 
0.041250 
0.041250 
0.041250 
0.041250 
0.041250 
0.041250 
0.041250 
0.041250 
0.041250 
0.041250 
0.041250 
0.041250 
0.041250 
0.041250 
0.041250 
0.041250 
0.041250 
0.041250 
0.041250 
0.041250 
0.066210 
0.125730 
0.196770 
0.256290 
0.281250 
0.281250 
0.281250 
0.281250 
0.281250 
0.281250 
0.279658 
0.275268 
0.268659 
0.260410 
0.251100 
0.232383 
0.201702 
0.168320 
0.141499 
0.130500 
0.130500 
0.130500 
0.130500 
0.130500 
0.130500 
0.137426 
0.153943 
0.173657 
0.190174 
0.197100 
0.196168 
0.193637 
0.189907 
0.185378 
0.180450 
0.173939 
0.164914 
0.154149 
0.142419 
0.130500 
0.116465 
0.099645 
0.082703 
0.068300 
0.059100 
0.053588 
0.048704 
0.044791 
0.042192 
0.041250 
0.041250 
0.041250 
0.041250 
0.041250 
0.041250 
0.041250 
0.041250 
0.041250 
0.041250 
0.041250 
0.098981 
0.250497 
0.463283 
0.704822 
0.942600 
1.214976 
1.549551 
1.897668 
2.210669 
2.439900 
2.598170 
2.733317 
2.849224 
2.949774 
3.038850 
3.115411 
3.180059 
3.239142 
3.299007 
3.366000 
3.455005 
3.562152 
3.665656 
3.743733 
3.774600 
3.750759 
3.686234 
3.591525 
3.477131 
3.353550 
3.148958 
2.841384 
2.516106 
2.258402 
2.153550 
2.154930 
2.158938 
2.165376 
2.174046 
2.184750 
2.238010 
2.348162 
2.475723 
2.581213 
2.625150 
2.576852 
2.461681 
2.324219 
2.209048 
2.160750 
2.167262 
2.183141 
2.202905 
2.221069 
2.232150 
2.236544 
2.239191 
2.241426 
2.244584 
2.250000 
2.340538 
2.546330 
2.789607 
2.992603 
3.077550 
2.993497 
2.793064 
2.553836 
2.353403 
2.269350 
2.463851 
2.927660 
3.481240 
3.945049 
4.139550 
3.973445 
3.553684 
2.998096 
2.424508 
1.950750 
1.526319 
1.070358 
0.655162 
0.353027 
0.236250 
0.379224 
0.720162 
1.127088 
1.468026 
1.611000 
1.592284 
1.541749 
1.467812 
1.378890 
1.283400 
1.132371 
0.909618 
0.672740 
0.479335 
0.387000 
0.368634 
0.356609 
0.347738 
0.338831 
0.326700 
0.307256 
0.282301 
0.257482 
0.238449 
0.230850 
0.230941 
0.231190 
0.231558 
0.232007 
0.232500 
0.233367 
0.234710 
0.236143 
0.237284 
0.237750 
0.236658 
0.234054 
0.230946 
0.228342 
0.227250 
0.227250 
0.227250 
0.227250 
0.227250 
0.227250 
0.461812 
1.021151 
1.688749 
2.248088 
2.482650 
2.383587 
2.134430 
1.807231 
1.474037 
1.206900 
0.979590 
0.741368 
0.527521 
0.373336 
0.314100 
0.314662 
0.316001 
0.317599 
0.318938 
0.319500 
0.319500 
0.319500 
0.319500 
0.319500 
0.319500 
0.321086 
0.325465 
0.332065 
0.340317 
0.349650 
0.366223 
0.392663 
0.423102 
0.451670 
0.472500 
0.487719 
0.502311 
0.514694 
0.523285 
0.526500 
0.521845 
0.509534 
0.492052 
0.471879 
0.451500 
0.424101 
0.387188 
0.349726 
0.320675 
0.309000 
0.310239 
0.313545 
0.318301 
0.323891 
0.329700 
0.335342 
0.341613 
0.349668 
0.360662 
0.375750 
0.461065 
0.646528 
0.878972 
1.105235 
1.272150 
1.376328 
1.459189 
1.534781 
1.617151 
1.720350 
1.886477 
2.111551 
2.340503 
2.518260 
2.589750 
2.359494 
1.810422 
1.155078 
0.606006 
0.375750 
0.379987 
0.392212 
0.411694 
0.437700 
0.469500 
0.577876 
0.795692 
1.065340 
1.329212 
1.529700 
1.685531 
1.840793 
1.975919 
2.071344 
2.107500 
1.970844 
1.644972 
1.256028 
0.930156 
0.793500 
0.793863 
0.794948 
0.796753 
0.799271 
0.802500 
0.994691 
1.447814 
1.987435 
2.439124 
2.628450 
2.565845 
2.405852 
2.190208 
1.960645 
1.758900 
1.557139 
1.327540 
1.111850 
0.951821 
0.889200 
1.103060 
1.613035 
2.221715 
2.731690 
2.945550 
2.692674 
2.088863 
1.366346 
0.757349 
0.494100 
0.482385 
0.473201 
0.466589 
0.462592 
0.461250 
0.463218 
0.468354 
0.475506 
0.483522 
0.491250 
0.497896 
0.504348 
0.511978 
0.522155 
0.536250 
0.575025 
0.652730 
0.760966 
0.891339 
1.035450 
1.279672 
1.647754 
2.037364 
2.346173 
2.471850 
2.282950 
1.832495 
1.294855 
0.844400 
0.655500 
0.658873 
0.667809 
0.680534 
0.695273 
0.710250 
0.724363 
0.739479 
0.758279 
0.783442 
0.817650 
0.975656 
1.295137 
1.663161 
1.966793 
2.093100 
2.067548 
2.005727 
1.929893 
1.862299 
1.825200 
1.811626 
1.800130 
1.791250 
1.785527 
1.783500 
1.826119 
1.927750 
2.049050 
2.150681 
2.193300 
2.045831 
1.692256 
1.265820 
0.899769 
0.727350 
0.698825 
0.675907 
0.659017 
0.648574 
0.645000 
0.647666 
0.655429 
0.667933 
0.684825 
0.705750 
0.799353 
0.996732 
1.241209 
1.476107 
1.644750 
1.763365 
1.877561 
1.974736 
2.042283 
2.067600 
1.944145 
1.647380 
1.287708 
0.975531 
0.821250 
0.785732 
0.756758 
0.735103 
0.721542 
0.716850 
0.787574 
0.985007 
1.287044 
1.671577 
2.116500 
3.155050 
4.955155 
6.946745 
8.559750 
9.224100 
8.472830 
6.661392 
4.453344 
2.512244 
1.501650 
1.200029 
0.949557 
0.759356 
0.638547 
0.596250 
0.671926 
0.859854 
1.101384 
1.337866 
1.510650 
1.635574 
1.757926 
1.863237 
1.937035 
1.964850 
1.825651 
1.493716 
1.097534 
0.765599 
0.626400 
0.629319 
0.637942 
0.652065 
0.671486 
0.696000 
0.838701 
1.180505 
1.672943 
2.267548 
2.915850 
