0.000000 
0.000000 
0.000000 
0.000000 
0.000000 
0.000000 
0.000000 
0.000000 
0.000000 
0.000000 
0.000000 
0.000000 
0.000000 
0.000000 
0.000000 
0.000000 
0.000000 
0.000000 
0.000000 
0.000000 
0.000000 
0.000000 
0.000000 
0.000000 
0.000000 
0.000000 
0.000000 
0.000000 
0.000000 
0.000000 
0.000000 
0.000000 
0.000000 
0.000000 
0.000000 
0.000000 
0.000000 
0.000000 
0.000000 
0.000000 
0.000000 
0.000000 
0.000000 
0.000000 
0.000000 
0.000000 
0.000000 
0.000000 
0.000000 
0.000000 
0.000000 
0.000000 
0.000000 
0.000000 
0.000000 
0.000000 
0.000000 
0.000000 
0.000000 
0.000000 
0.000000 
0.000000 
0.000000 
0.000000 
0.000000 
0.000000 
0.000000 
0.000000 
0.000000 
0.000000 
0.000000 
0.000000 
0.000000 
0.000000 
0.000000 
0.000000 
0.000000 
0.000000 
0.000000 
0.000000 
0.000000 
0.000000 
0.000000 
0.000000 
0.000000 
0.000000 
0.000000 
0.000000 
0.000000 
0.000000 
0.000000 
0.000000 
0.000000 
0.000000 
0.000000 
0.000000 
0.000000 
0.000000 
0.000000 
0.000000 
0.000000 
0.000000 
0.000000 
0.000000 
0.000000 
0.000000 
0.000000 
0.000000 
0.000000 
0.000000 
0.000000 
0.000000 
0.000000 
0.000000 
0.000000 
0.000000 
0.000000 
0.000000 
0.000000 
0.000000 
0.000000 
0.000000 
0.000000 
0.000000 
0.000000 
0.000000 
0.000000 
0.000000 
0.000000 
0.000000 
0.000000 
0.000000 
0.000000 
0.000000 
0.000000 
0.000000 
0.000000 
0.000000 
0.000000 
0.000000 
0.000000 
0.000000 
0.000000 
0.000000 
0.000000 
0.000000 
0.000000 
0.000000 
0.000000 
0.000000 
0.000000 
0.000000 
0.000000 
0.000000 
0.000000 
0.000000 
0.000000 
0.000000 
0.000000 
0.000000 
0.000000 
0.000000 
0.000000 
0.000000 
0.000000 
0.000000 
0.000000 
0.000000 
0.000000 
0.000000 
0.000000 
0.000000 
0.000000 
0.000000 
0.000000 
0.000000 
0.000000 
0.000000 
0.000000 
0.000000 
0.000000 
0.000000 
0.000000 
0.000000 
0.000000 
0.000000 
0.000000 
0.000000 
0.000000 
0.000000 
0.000000 
0.000000 
0.000000 
0.000000 
0.000000 
0.000000 
0.000000 
0.000000 
0.000000 
0.000000 
0.000000 
0.000000 
0.000000 
0.000000 
0.000000 
0.000000 
0.000000 
0.000000 
0.000000 
0.000000 
0.000000 
0.000000 
0.000000 
0.000000 
0.000000 
0.000000 
0.000000 
0.000000 
0.000000 
0.000000 
0.000000 
0.000000 
0.000000 
0.000000 
0.000000 
0.000024 
0.000102 
0.000193 
0.000346 
0.000482 
0.000640 
0.001000 
0.001257 
0.001855 
0.002042 
0.002308 
0.002873 
0.005006 
0.005111 
0.005413 
0.007186 
0.007789 
0.009600 
0.010681 
0.012985 
0.012298 
0.012952 
0.016500 
0.016433 
0.017558 
0.018044 
0.018148 
0.016943 
0.021799 
0.015540 
0.014221 
0.019295 
0.019380 
0.014745 
0.013155 
0.016860 
0.016823 
0.016331 
0.020151 
0.018144 
0.018624 
0.016980 
0.019929 
0.023569 
0.022005 
0.024884 
0.026377 
0.025125 
0.027725 
0.025512 
0.038618 
0.032984 
0.032818 
0.035025 
0.035847 
0.035620 
0.034700 
0.043387 
0.032399 
0.037026 
0.041930 
0.048357 
0.044783 
0.045019 
0.038363 
0.046019 
0.043057 
0.042612 
0.046483 
0.044249 
0.057351 
0.049253 
0.058169 
0.043892 
0.050220 
0.052997 
0.050122 
0.053960 
0.059873 
0.045533 
0.063068 
0.051524 
0.055027 
0.064557 
0.062895 
0.062592 
0.059735 
0.063452 
0.070821 
0.067910 
0.067246 
0.071435 
0.067498 
0.071490 
0.085384 
0.075458 
0.068356 
0.064319 
0.083348 
0.068749 
0.076177 
0.096949 
0.105699 
0.109698 
0.111858 
0.107860 
0.132718 
0.132657 
0.147323 
0.155311 
0.182863 
0.177237 
0.179677 
0.167334 
0.191308 
0.185787 
0.148983 
0.148446 
0.166533 
0.170775 
0.145588 
0.163869 
0.168494 
0.190205 
0.186431 
0.223805 
0.169461 
0.176011 
0.209546 
0.202033 
0.258827 
0.205693 
0.177506 
0.225358 
0.227856 
0.256775 
0.282299 
0.260700 
0.308512 
0.392151 
0.342782 
0.361653 
0.389395 
0.366712 
0.359516 
0.431745 
0.372544 
0.520265 
0.524197 
0.649749 
0.554772 
0.519126 
0.456271 
0.390995 
0.513230 
0.415385 
0.431939 
0.488135 
0.370437 
0.452539 
0.429119 
0.410620 
0.415885 
0.563435 
0.533830 
0.493134 
0.461744 
0.449063 
0.459279 
0.362247 
0.338067 
0.487774 
0.445257 
0.388500 
0.455311 
0.470026 
0.491589 
0.483667 
0.632195 
0.563047 
0.511210 
0.524912 
0.588240 
0.514804 
0.577102 
0.581281 
0.525756 
0.443486 
0.332194 
0.439725 
0.458721 
0.449997 
0.480315 
0.527219 
0.582842 
0.519038 
0.559156 
0.721456 
0.733583 
0.794361 
0.601374 
0.576226 
0.815430 
0.758139 
0.614386 
0.658139 
0.679479 
0.679697 
0.827636 
0.635720 
0.719045 
0.847208 
0.819463 
0.945509 
0.880042 
0.905643 
0.813584 
0.779283 
0.940129 
1.031200 
0.845584 
1.051177 
0.810598 
1.079473 
0.986999 
0.981961 
1.005664 
0.814933 
1.023347 
1.055156 
0.982585 
1.054759 
0.957446 
0.912462 
1.241960 
0.981698 
0.952586 
0.730102 
0.731974 
0.816260 
0.752461 
0.602768 
0.520317 
0.372788 
0.324382 
0.369655 
0.555047 
0.714058 
0.957721 
0.677985 
0.921578 
0.807805 
0.918613 
0.813093 
1.087415 
1.135574 
0.952727 
0.937389 
0.908234 
1.057703 
1.133966 
0.902773 
0.962388 
1.053222 
0.840114 
1.075823 
0.953774 
0.964437 
0.941328 
0.970268 
0.972715 
0.984615 
1.222052 
1.118401 
0.864253 
1.024395 
0.940844 
1.112128 
0.771365 
0.752697 
0.886862 
0.979366 
0.962692 
1.032214 
0.859756 
1.115326 
1.144917 
1.013820 
0.642132 
0.490791 
0.510264 
0.288565 
0.273844 
0.146405 
0.167804 
0.194480 
0.358241 
0.381662 
0.597545 
0.846019 
0.904446 
1.065456 
0.910022 
1.175776 
1.222600 
1.192352 
1.431984 
1.027610 
1.063564 
1.038197 
1.159411 
1.341835 
1.260678 
1.014109 
1.283216 
1.126892 
1.277560 
1.079941 
1.267842 
1.101162 
1.348623 
1.321441 
1.343409 
1.257590 
1.308372 
1.257242 
1.211337 
1.449846 
1.324144 
1.461058 
1.356365 
1.181601 
1.330537 
1.246695 
1.441239 
1.371881 
1.189706 
1.369992 
0.967341 
1.284549 
1.398637 
1.102608 
1.340008 
1.227160 
1.418278 
1.180056 
1.396365 
1.165299 
1.298790 
1.359449 
1.360248 
1.445761 
1.479735 
1.415093 
1.307593 
1.371961 
1.465131 
1.282830 
1.494814 
1.442147 
1.274398 
1.302183 
1.416947 
1.245380 
1.420676 
1.233181 
1.613516 
1.602633 
1.432747 
1.471664 
1.489065 
1.301159 
1.212122 
0.914657 
0.956219 
0.831734 
0.903919 
1.015613 
0.947897 
1.358027 
1.218382 
1.330552 
1.449507 
1.757958 
1.768813 
1.300744 
1.706274 
1.658705 
1.442905 
1.358934 
1.321555 
1.165967 
1.212708 
0.974895 
0.770743 
0.923287 
0.880798 
0.848793 
0.661989 
0.638786 
0.699073 
1.080774 
1.264503 
1.511773 
1.675760 
1.463221 
1.559628 
1.611617 
1.547778 
1.497006 
1.501970 
1.372134 
1.224095 
1.027612 
0.816300 
1.077166 
1.022153 
1.360161 
1.815935 
1.617731 
1.508212 
1.433925 
1.676272 
1.485222 
1.745578 
1.586986 
1.189390 
1.459962 
1.408845 
1.394965 
1.464840 
1.580356 
1.584657 
1.605641 
1.752348 
1.542124 
1.840443 
1.257154 
1.325590 
1.351319 
0.868623 
0.820144 
0.573424 
0.359772 
0.334758 
0.362787 
0.291780 
0.295056 
0.329517 
0.340237 
0.373637 
0.501373 
0.773951 
1.067217 
1.307217 
1.574796 
1.582846 
1.274319 
1.384687 
1.455985 
1.612201 
1.660820 
1.407599 
1.372296 
1.465708 
1.867603 
1.618427 
1.607068 
1.765700 
1.703541 
1.448927 
1.727394 
1.953182 
1.773087 
1.504936 
1.526232 
1.504601 
1.423949 
1.544914 
1.615504 
1.331087 
1.047246 
0.790087 
0.538975 
0.517737 
0.509468 
0.566727 
0.591051 
0.709181 
0.570175 
0.749879 
0.765343 
0.904303 
0.722437 
0.968381 
0.952628 
0.799863 
0.609671 
0.585526 
0.683198 
0.478817 
0.625342 
0.872557 
0.871664 
0.963730 
1.078865 
1.199613 
1.353547 
1.196758 
1.376704 
1.406115 
0.956652 
1.004076 
0.796872 
0.748846 
0.707057 
0.603299 
0.778189 
0.656895 
0.684321 
0.780240 
0.760011 
0.605394 
0.585547 
0.579331 
0.598404 
0.654037 
0.647881 
0.703191 
0.878520 
0.917060 
1.056956 
1.013352 
0.876396 
1.090767 
1.253236 
1.322878 
1.288165 
1.775012 
1.601463 
1.607264 
1.481897 
1.472535 
1.637777 
1.263413 
1.221280 
1.145140 
0.791201 
0.658054 
0.560275 
0.480200 
0.506183 
0.418181 
0.417022 
0.429210 
0.432994 
0.626746 
0.757382 
1.046950 
0.953729 
1.058965 
1.251241 
1.587494 
1.947832 
1.690365 
1.970250 
1.812693 
1.757798 
1.570831 
1.894359 
1.709748 
1.466967 
1.546318 
1.355384 
1.459372 
1.251441 
1.484958 
1.385701 
1.549272 
1.684554 
1.304479 
1.438141 
1.477707 
1.604926 
1.433590 
1.151380 
1.615397 
1.954146 
1.747472 
1.554639 
1.458251 
1.522763 
1.681677 
1.821019 
1.541102 
1.557823 
1.361657 
1.738960 
1.499085 
1.304284 
1.487909 
1.432002 
1.231091 
1.334043 
1.158169 
1.271761 
1.288174 
1.303148 
1.372345 
1.675349 
1.620730 
1.305177 
1.366336 
1.848509 
1.504483 
1.864483 
1.258758 
1.371992 
1.642245 
1.413373 
1.656784 
1.506471 
1.556908 
1.457030 
1.374568 
1.592876 
1.600569 
1.281799 
1.167587 
1.216334 
1.067244 
1.081412 
0.983264 
0.959037 
1.034967 
1.113795 
1.046157 
1.398287 
1.368236 
1.381644 
1.364106 
1.568480 
1.673720 
1.404282 
1.405746 
1.235951 
1.441922 
1.384976 
1.323499 
1.334602 
1.306341 
1.325362 
1.489477 
1.501170 
1.449013 
1.656790 
1.550800 
1.198281 
1.261000 
1.066950 
1.184308 
1.140522 
1.031261 
0.984022 
1.115076 
1.004797 
1.001162 
0.970202 
0.947890 
0.920732 
0.774931 
1.292224 
1.034038 
0.999045 
1.195485 
1.129445 
0.996573 
1.321187 
0.996297 
1.270062 
1.215168 
0.976716 
0.688124 
0.503539 
0.362680 
0.418268 
0.388703 
0.385162 
0.389310 
0.377965 
0.303965 
0.306345 
0.276375 
0.286049 
0.304043 
0.439612 
0.384089 
0.381075 
0.418621 
0.403931 
0.623815 
0.547716 
0.601782 
0.517051 
0.621679 
0.930898 
0.992113 
1.135657 
1.263130 
1.305260 
1.177457 
1.239442 
1.039200 
0.944773 
0.902121 
0.931024 
0.831323 
0.735759 
0.750434 
0.650060 
0.684502 
0.732782 
0.567781 
0.673824 
0.597760 
0.651588 
0.532925 
0.660947 
0.739207 
0.751417 
0.750082 
1.072604 
1.197024 
0.948369 
1.236339 
1.024370 
1.200066 
1.207915 
1.246765 
0.997789 
1.027860 
1.006351 
0.898038 
0.666580 
0.771426 
0.663444 
0.785319 
0.841609 
0.737845 
0.699315 
0.691624 
0.618992 
0.654723 
0.753163 
0.836780 
0.713553 
0.949506 
0.775222 
0.773592 
0.815402 
0.904136 
0.762990 
0.924025 
0.850490 
0.870830 
0.696613 
0.613443 
0.548481 
0.596351 
0.613303 
0.561469 
0.617089 
0.662111 
0.629949 
0.748341 
0.650147 
0.633813 
0.484227 
0.478747 
0.437232 
0.398616 
0.435177 
0.376609 
0.508817 
0.469495 
0.488962 
0.378240 
0.437994 
0.466942 
0.523581 
0.436673 
0.460281 
0.362954 
0.459856 
0.384655 
0.365227 
0.366109 
0.366717 
0.298125 
0.333676 
0.366422 
0.267817 
0.291407 
0.243711 
0.228738 
0.255726 
0.227230 
0.187696 
0.188460 
0.235156 
0.146388 
0.168383 
0.147677 
0.159408 
0.162342 
0.135915 
0.137648 
0.112326 
0.130588 
0.127707 
0.107672 
0.176489 
0.152253 
0.129062 
0.164925 
0.148470 
0.137068 
0.153871 
0.160637 
0.167314 
0.163629 
0.133743 
0.192076 
0.161393 
0.180585 
0.186499 
0.238885 
0.204443 
0.223378 
0.216396 
0.225579 
0.288239 
0.237769 
0.215422 
0.248635 
0.221049 
0.304229 
0.255737 
0.217898 
0.289837 
0.213965 
0.233921 
0.279298 
0.217369 
0.237225 
0.205115 
0.298726 
0.280345 
0.326803 
0.309323 
0.272451 
0.326799 
0.333280 
0.370571 
0.368456 
0.417503 
0.440008 
0.547429 
0.510397 
0.573937 
0.520656 
0.565747 
0.567191 
0.557076 
0.557093 
0.438172 
0.437128 
0.333601 
0.315186 
0.245339 
0.267181 
0.249135 
0.229736 
0.245191 
0.231966 
0.237285 
0.183380 
0.171506 
0.160170 
0.151110 
0.132444 
0.124992 
0.127033 
0.117678 
0.099333 
0.102820 
0.097806 
0.086830 
0.104435 
0.097423 
0.099849 
0.107241 
0.125618 
0.101561 
0.116275 
0.116819 
0.115222 
0.101313 
0.120145 
0.127514 
0.134471 
0.108469 
0.120457 
0.105238 
0.095723 
0.107490 
0.100566 
0.104745 
0.119717 
0.130608 
0.135608 
0.123609 
0.106044 
0.123619 
0.090617 
0.099473 
0.083379 
0.080732 
0.082686 
0.066321 
0.084950 
0.064476 
0.054276 
0.046967 
0.067061 
0.045641 
0.052850 
0.054551 
0.053894 
0.053826 
0.053629 
0.048994 
0.044593 
0.039998 
0.039385 
0.045316 
0.049457 
0.040783 
0.042072 
0.031952 
0.038211 
0.026816 
0.027704 
0.034763 
0.026986 
0.020294 
0.024860 
0.022804 
0.024063 
0.019410 
0.017359 
0.015450 
0.014789 
0.014263 
0.015063 
0.010627 
0.012221 
0.010876 
0.009206 
0.009817 
0.010090 
0.010500 
0.008458 
0.010356 
0.010079 
0.009836 
0.011305 
0.009822 
0.011076 
0.011834 
0.012906 
0.010144 
0.009963 
0.010218 
0.011390 
0.009181 
0.008305 
0.007627 
0.005282 
0.005688 
0.004321 
0.004874 
0.004226 
0.003594 
0.004255 
0.004378 
0.003968 
0.004089 
0.003747 
0.003828 
0.004319 
0.003507 
0.003731 
0.003677 
0.004042 
0.003042 
0.002632 
0.003625 
0.002273 
0.002474 
0.002116 
0.002293 
0.001576 
0.001214 
0.001155 
0.001099 
0.000725 
0.000524 
0.000233 
0.000130 
0.000085 
0.000043 
0.000022 
0.000005 
0.000000 
0.000000 
0.000000 
0.000000 
0.000000 
0.000000 
0.000000 
0.000000 
0.000000 
0.000000 
0.000000 
0.000000 
0.000000 
0.000000 
0.000000 
0.000000 
0.000000 
0.000000 
0.000000 
0.000000 
0.000000 
0.000000 
0.000000 
0.000000 
0.000000 
0.000000 
0.000000 
0.000000 
0.000000 
0.000000 
0.000000 
0.000000 
0.000000 
0.000000 
0.000000 
0.000000 
0.000000 
0.000000 
0.000000 
0.000000 
0.000000 
0.000000 
0.000000 
0.000000 
0.000000 
0.000000 
0.000000 
0.000000 
0.000000 
0.000000 
0.000000 
0.000000 
0.000000 
0.000000 
0.000000 
0.000000 
0.000000 
0.000000 
0.000000 
0.000000 
0.000000 
0.000000 
0.000000 
0.000000 
0.000000 
0.000000 
0.000000 
0.000000 
0.000000 
0.000000 
0.000000 
0.000000 
0.000000 
0.000000 
0.000000 
0.000000 
0.000000 
0.000000 
0.000000 
0.000000 
0.000000 
0.000000 
0.000000 
0.000000 
0.000000 
0.000000 
0.000000 
0.000000 
0.000000 
0.000000 
0.000000 
0.000000 
0.000000 
0.000000 
0.000000 
0.000000 
0.000000 
0.000000 
0.000000 
0.000000 
0.000000 
0.000000 
0.000000 
0.000000 
0.000000 
0.000000 
0.000000 
0.000000 
0.000000 
0.000000 
0.000000 
0.000000 
0.000000 
0.000000 
0.000000 
0.000000 
0.000000 
0.000000 
0.000000 
0.000000 
0.000000 
0.000000 
0.000000 
0.000000 
0.000000 
0.000000 
0.000000 
0.000000 
0.000000 
0.000000 
0.000000 
0.000000 
0.000000 
0.000000 
0.000000 
0.000000 
0.000000 
0.000000 
0.000000 
0.000000 
0.000000 
0.000000 
0.000000 
0.000000 
0.000000 
0.000000 
0.000000 
0.000000 
0.000000 
0.000000 
0.000000 
0.000000 
0.000000 
0.000000 
0.000000 
0.000000 
0.000000 
0.000000 
0.000000 
0.000000 
0.000000 
0.000000 
0.000000 
0.000000 
0.000000 
0.000000 
0.000000 
0.000000 
0.000000 
0.000000 
0.000000 
0.000000 
0.000000 
0.000000 
0.000000 
0.000000 
0.000000 
0.000000 
0.000000 
0.000000 
0.000000 
0.000000 
0.000000 
0.000000 
0.000000 
0.000000 
0.000000 
0.000000 
0.000000 
0.000000 
0.000000 
