0.042000 
0.042000 
0.042000 
0.042000 
0.042000 
0.042000 
0.042000 
0.042000 
0.042000 
0.042000 
0.042000 
0.042000 
0.042000 
0.042000 
0.042000 
0.042000 
0.042000 
0.042000 
0.042000 
0.042000 
0.042000 
0.042000 
0.042000 
0.042000 
0.042000 
0.042000 
0.042000 
0.042000 
0.042000 
0.042000 
0.042000 
0.042000 
0.042000 
0.042000 
0.042000 
0.042000 
0.042000 
0.042000 
0.042000 
0.042000 
0.042000 
0.042000 
0.042000 
0.042000 
0.042000 
0.042000 
0.042000 
0.042000 
0.042000 
0.042000 
0.042000 
0.042000 
0.042000 
0.042000 
0.042000 
0.042737 
0.044768 
0.047826 
0.051642 
0.055950 
0.063446 
0.075312 
0.089011 
0.102003 
0.111750 
0.117834 
0.122347 
0.126519 
0.131577 
0.138750 
0.155512 
0.182987 
0.212881 
0.236900 
0.246750 
0.243469 
0.235233 
0.224452 
0.213538 
0.204900 
0.197713 
0.190258 
0.183607 
0.178830 
0.177000 
0.181274 
0.191467 
0.203633 
0.213826 
0.218100 
0.214372 
0.205061 
0.192979 
0.180938 
0.171750 
0.165776 
0.160937 
0.156386 
0.151273 
0.144750 
0.135110 
0.122376 
0.108298 
0.094623 
0.083100 
0.072513 
0.061531 
0.051732 
0.044696 
0.042000 
0.042000 
0.042000 
0.042000 
0.042000 
0.042000 
0.042000 
0.042000 
0.042000 
0.042000 
0.042000 
0.042000 
0.042000 
0.042000 
0.042000 
0.042000 
0.042000 
0.042000 
0.042000 
0.042000 
0.042000 
0.042000 
0.042000 
0.042000 
0.042000 
0.042000 
0.051850 
0.075869 
0.105763 
0.133238 
0.150000 
0.158338 
0.165725 
0.171643 
0.175574 
0.177000 
0.177000 
0.177000 
0.177000 
0.177000 
0.177000 
0.177000 
0.177000 
0.177000 
0.177000 
0.177000 
0.173458 
0.164213 
0.151339 
0.136910 
0.123000 
0.106282 
0.085157 
0.064291 
0.048350 
0.042000 
0.052686 
0.078168 
0.108582 
0.134064 
0.144750 
0.144750 
0.144750 
0.144750 
0.144750 
0.144750 
0.143665 
0.140673 
0.136168 
0.130546 
0.124200 
0.111443 
0.090531 
0.067778 
0.049497 
0.042000 
0.042000 
0.042000 
0.042000 
0.042000 
0.042000 
0.042000 
0.042000 
0.042000 
0.042000 
0.042000 
0.042000 
0.042000 
0.042000 
0.042000 
0.042000 
0.042000 
0.042000 
0.042000 
0.042000 
0.042000 
0.042000 
0.042000 
0.042000 
0.042000 
0.042000 
0.042000 
0.042000 
0.042000 
0.042000 
0.042000 
0.042000 
0.042000 
0.042000 
0.042000 
0.042000 
0.042000 
0.042000 
0.042000 
0.042000 
0.042000 
0.042000 
0.042000 
0.042000 
0.042000 
0.042000 
0.042000 
0.042000 
0.042000 
0.042000 
0.042000 
0.051722 
0.076356 
0.109103 
0.143167 
0.171750 
0.198071 
0.226741 
0.253050 
0.272290 
0.279750 
0.278665 
0.275673 
0.271168 
0.265546 
0.259200 
0.246443 
0.225531 
0.202778 
0.184497 
0.177000 
0.177000 
0.177000 
0.177000 
0.177000 
0.177000 
0.167150 
0.143131 
0.113237 
0.085762 
0.069000 
0.060662 
0.053275 
0.047357 
0.043426 
0.042000 
0.042000 
0.042000 
0.042000 
0.042000 
0.042000 
0.042000 
0.042000 
0.042000 
0.042000 
0.042000 
0.042000 
0.042000 
0.042000 
0.042000 
0.042000 
0.042000 
0.042000 
0.042000 
0.042000 
0.042000 
0.042000 
0.042000 
0.042000 
0.042000 
0.042000 
0.049254 
0.066552 
0.087198 
0.104496 
0.111750 
0.111750 
0.111750 
0.111750 
0.111750 
0.111750 
0.111750 
0.111750 
0.111750 
0.111750 
0.111750 
0.108848 
0.101929 
0.093671 
0.086752 
0.083850 
0.087175 
0.095439 
0.106075 
0.116518 
0.124200 
0.129823 
0.135355 
0.140131 
0.143484 
0.144750 
0.144750 
0.144750 
0.144750 
0.144750 
0.144750 
0.134064 
0.108582 
0.078168 
0.052686 
0.042000 
0.042000 
0.042000 
0.042000 
0.042000 
0.042000 
0.042000 
0.042000 
0.042000 
0.042000 
0.042000 
0.042000 
0.042000 
0.042000 
0.042000 
0.042000 
0.042000 
0.042000 
0.042000 
0.042000 
0.042000 
0.042000 
0.042000 
0.042000 
0.042000 
0.042000 
0.063294 
0.114072 
0.174678 
0.225456 
0.246750 
0.246750 
0.246750 
0.246750 
0.246750 
0.246750 
0.246750 
0.246750 
0.246750 
0.246750 
0.246750 
0.245304 
0.241295 
0.235219 
0.227572 
0.218850 
0.200253 
0.169059 
0.134878 
0.107321 
0.096000 
0.096383 
0.097454 
0.099100 
0.101203 
0.103650 
0.109575 
0.119975 
0.131521 
0.140888 
0.144750 
0.144750 
0.144750 
0.144750 
0.144750 
0.144750 
0.137253 
0.118972 
0.096219 
0.075307 
0.062550 
0.056204 
0.050582 
0.046077 
0.043085 
0.042000 
0.042000 
0.042000 
0.042000 
0.042000 
0.042000 
0.042000 
0.042000 
0.042000 
0.042000 
0.042000 
0.043521 
0.047698 
0.053950 
0.061694 
0.070350 
0.086915 
0.113520 
0.142282 
0.165319 
0.174750 
0.173299 
0.169840 
0.165710 
0.162251 
0.160800 
0.162515 
0.167133 
0.173864 
0.181916 
0.190500 
0.204044 
0.223926 
0.244776 
0.261224 
0.267900 
0.263126 
0.251743 
0.238157 
0.226774 
0.222000 
0.222000 
0.222000 
0.222000 
0.222000 
0.222000 
0.331287 
0.604275 
0.958655 
1.312116 
1.582350 
1.790100 
1.996100 
2.178025 
2.313550 
2.380350 
2.399480 
2.410457 
2.418649 
2.429424 
2.448150 
2.529500 
2.688071 
2.869117 
3.017892 
3.079650 
2.943133 
2.600091 
2.150288 
1.693487 
1.329450 
1.022899 
0.703180 
0.416991 
0.211031 
0.132000 
0.132000 
0.132000 
0.132000 
0.132000 
0.132000 
0.132000 
0.132000 
0.132000 
0.132000 
0.132000 
0.133085 
0.136077 
0.140582 
0.146204 
0.152550 
0.165307 
0.186219 
0.208972 
0.227253 
0.234750 
0.234750 
0.234750 
0.234750 
0.234750 
0.234750 
0.531836 
1.240273 
2.085827 
2.794264 
3.091350 
3.054830 
2.967745 
2.863805 
2.776720 
2.740200 
2.782991 
2.885030 
3.006820 
3.108859 
3.151650 
3.138312 
3.100140 
3.039896 
2.960345 
2.864250 
2.529490 
1.880816 
1.141298 
0.534003 
0.282000 
0.282390 
0.283320 
0.284430 
0.285360 
0.285750 
0.282294 
0.273222 
0.260478 
0.246006 
0.231750 
0.215396 
0.195287 
0.174356 
0.155533 
0.141750 
0.131423 
0.121672 
0.113485 
0.107848 
0.105750 
0.105750 
0.105750 
0.105750 
0.105750 
0.105750 
0.105750 
0.105750 
0.105750 
0.105750 
0.105750 
0.105750 
0.105750 
0.105750 
0.105750 
0.105750 
0.105750 
0.105750 
0.105750 
0.105750 
0.105750 
0.107501 
0.112646 
0.121026 
0.132481 
0.146850 
0.258033 
0.500351 
0.784277 
1.020286 
1.118850 
1.029790 
0.817415 
0.563935 
0.351560 
0.262500 
0.264512 
0.269311 
0.275039 
0.279838 
0.281850 
0.277576 
0.267383 
0.255217 
0.245024 
0.240750 
0.243897 
0.251486 
0.260743 
0.268889 
0.273150 
0.274447 
0.275525 
0.276346 
0.276867 
0.277050 
0.261029 
0.222824 
0.177226 
0.139021 
0.123000 
0.125540 
0.131916 
0.140263 
0.148713 
0.155400 
0.160964 
0.166736 
0.171885 
0.175583 
0.177000 
0.177000 
0.177000 
0.177000 
0.177000 
0.177000 
0.177000 
0.177000 
0.177000 
0.177000 
0.177000 
0.177000 
0.177000 
0.177000 
0.177000 
0.177000 
0.176713 
0.176019 
0.175169 
0.174412 
0.174000 
0.173853 
0.173729 
0.173633 
0.173572 
0.173550 
0.177217 
0.186111 
0.197072 
0.206938 
0.212550 
0.214855 
0.216835 
0.218383 
0.219390 
0.219750 
0.217030 
0.210163 
0.201086 
0.191735 
0.184050 
0.177426 
0.170529 
0.164200 
0.159276 
0.156600 
0.155411 
0.154416 
0.153656 
0.153171 
0.153000 
0.155949 
0.163522 
0.173804 
0.184885 
0.194850 
0.203358 
0.211692 
0.220377 
0.229938 
0.240900 
0.255213 
0.272946 
0.291803 
0.309487 
0.323700 
0.335907 
0.348078 
0.358676 
0.366163 
0.369000 
0.358891 
0.334786 
0.306014 
0.281909 
0.271800 
0.286064 
0.324678 
0.381375 
0.449888 
0.523950 
0.646856 
0.831842 
1.027555 
1.182642 
1.245750 
1.245750 
1.245750 
1.245750 
1.245750 
1.245750 
1.245750 
1.245750 
1.245750 
1.245750 
1.245750 
1.234518 
1.207734 
1.175766 
1.148982 
1.137750 
1.141354 
1.149947 
1.160203 
1.168796 
1.172400 
1.165383 
1.145775 
1.115740 
1.077443 
1.033050 
0.931197 
0.754684 
0.556918 
0.391304 
0.311250 
0.294303 
0.281687 
0.272325 
0.265138 
0.259050 
0.253138 
0.247570 
0.242903 
0.239694 
0.238500 
0.240474 
0.246097 
0.254918 
0.266485 
0.280350 
0.314185 
0.377275 
0.456582 
0.539069 
0.611700 
0.683808 
0.764132 
0.838747 
0.893728 
0.915150 
0.865106 
0.745170 
0.600637 
0.476798 
0.418950 
0.411096 
0.406067 
0.402402 
0.398634 
0.393300 
0.384252 
0.372229 
0.360095 
0.350714 
0.346950 
0.350507 
0.358988 
0.369112 
0.377593 
0.381150 
0.377312 
0.368161 
0.357239 
0.348088 
0.344250 
0.568266 
1.102458 
1.740042 
2.274234 
2.498250 
2.498250 
2.498250 
2.498250 
2.498250 
2.498250 
2.497086 
2.494163 
2.490338 
2.486465 
2.483400 
2.481481 
2.480097 
2.478683 
2.476673 
2.473500 
2.237289 
1.679717 
1.015552 
0.459557 
0.226500 
0.228478 
0.233388 
0.239694 
0.245860 
0.250350 
0.253129 
0.255386 
0.257424 
0.259545 
0.262050 
0.265048 
0.268381 
0.271955 
0.275676 
0.279450 
0.283999 
0.289397 
0.294575 
0.298466 
0.300000 
0.294697 
0.281301 
0.263581 
0.245308 
0.230250 
0.217906 
0.205685 
0.194220 
0.184147 
0.176100 
0.169217 
0.162643 
0.157020 
0.152991 
0.151200 
0.150782 
0.150448 
0.150203 
0.150052 
0.150000 
0.152808 
0.159504 
0.167496 
0.174192 
0.177000 
0.177000 
0.177000 
0.177000 
0.177000 
0.177000 
0.177000 
0.177000 
0.177000 
0.177000 
0.177000 
0.171384 
0.157992 
0.142008 
0.128616 
0.123000 
0.216506 
0.439483 
0.705617 
0.928594 
1.022100 
0.927424 
0.701657 
0.432193 
0.206426 
0.111750 
0.170686 
0.324317 
0.537881 
0.776613 
1.005750 
1.278474 
1.621143 
1.958760 
2.216328 
2.318850 
2.317125 
2.312002 
2.303556 
2.291864 
2.277000 
2.040460 
1.500156 
0.860786 
0.327051 
0.103650 
0.107924 
0.118117 
0.130283 
0.140476 
0.144750 
0.144750 
0.144750 
0.144750 
0.144750 
0.144750 
0.137253 
0.118972 
0.096219 
0.075307 
0.062550 
0.056204 
0.050582 
0.046077 
0.043085 
0.042000 
0.048616 
0.065646 
0.088863 
0.114040 
0.136950 
0.161404 
0.190264 
0.217877 
0.238590 
0.246750 
0.246750 
0.246750 
0.246750 
0.246750 
0.246750 
0.246750 
0.246750 
0.246750 
0.246750 
0.246750 
0.242514 
0.231289 
0.215296 
0.196759 
0.177900 
0.152068 
0.116902 
0.081063 
0.053209 
0.042000 
0.042000 
0.042000 
0.042000 
0.042000 
0.042000 
0.042000 
0.042000 
0.042000 
0.042000 
0.042000 
0.042000 
0.042000 
0.042000 
0.042000 
0.042000 
0.042000 
0.042000 
0.042000 
0.042000 
0.042000 
0.042000 
0.042000 
0.042000 
0.042000 
0.042000 
0.042000 
0.042000 
0.042000 
0.042000 
0.042000 
0.042000 
0.042000 
0.042000 
0.042000 
0.042000 
0.046328 
0.057449 
0.072572 
0.088903 
0.103650 
0.117494 
0.132313 
0.147111 
0.160889 
0.172650 
0.183671 
0.194884 
0.204770 
0.211815 
0.214500 
0.207003 
0.188722 
0.165969 
0.145057 
0.132300 
0.126915 
0.123215 
0.120153 
0.116680 
0.111750 
0.102816 
0.089926 
0.075922 
0.063649 
0.055950 
0.051642 
0.047826 
0.044768 
0.042737 
0.042000 
0.048350 
0.064291 
0.085157 
0.106282 
0.123000 
0.136910 
0.151339 
0.164213 
0.173458 
0.177000 
0.177000 
0.177000 
0.177000 
0.177000 
0.177000 
0.177000 
0.177000 
0.177000 
0.177000 
0.177000 
0.175574 
0.171643 
0.165725 
0.158338 
0.150000 
0.133238 
0.105763 
0.075869 
0.051850 
0.042000 
0.042000 
0.042000 
0.042000 
0.042000 
0.042000 
0.045281 
0.053517 
0.064298 
0.075212 
0.083850 
0.091037 
0.098492 
0.105143 
0.109920 
0.111750 
0.111750 
0.111750 
0.111750 
0.111750 
0.111750 
0.111750 
0.111750 
0.111750 
0.111750 
0.111750 
0.115182 
0.123366 
0.133134 
0.141318 
0.144750 
0.144750 
0.144750 
0.144750 
0.144750 
0.144750 
0.143665 
0.140673 
0.136168 
0.130546 
0.124200 
0.111443 
0.090531 
0.067778 
0.049497 
0.042000 
0.042000 
0.042000 
0.042000 
0.042000 
0.042000 
0.042000 
0.042000 
0.042000 
0.042000 
0.042000 
0.056040 
0.089520 
0.129480 
0.162960 
0.177000 
0.177000 
0.177000 
0.177000 
0.177000 
0.177000 
0.182089 
0.194499 
0.209944 
0.224140 
0.232800 
0.237108 
0.240924 
0.243982 
0.246013 
0.246750 
0.240691 
0.225333 
0.204904 
0.183634 
0.165750 
0.151184 
0.137072 
0.123448 
0.110346 
0.097800 
0.084153 
0.069334 
0.055759 
0.045842 
0.042000 
0.042000 
0.042000 
0.042000 
0.042000 
0.042000 
0.276936 
0.837168 
1.505832 
2.066064 
2.301000 
2.242443 
2.089839 
1.877789 
1.640892 
1.413750 
1.144004 
0.805514 
0.472208 
0.218011 
0.116850 
0.124580 
0.143803 
0.168566 
0.192916 
0.210900 
0.224157 
0.237235 
0.248545 
0.256496 
0.259500 
0.256318 
0.248729 
0.239671 
0.232082 
0.228900 
0.236861 
0.257187 
0.284543 
0.313592 
0.339000 
0.358321 
0.375114 
0.393047 
0.415786 
0.447000 
0.533589 
0.687034 
0.857875 
0.996650 
1.053900 
1.028811 
0.964820 
0.878844 
0.787798 
0.708600 
0.638121 
0.565073 
0.494129 
0.429963 
0.377250 
0.332416 
0.290351 
0.253423 
0.224000 
0.204450 
0.191110 
0.179290 
0.169821 
0.163531 
0.161250 
0.171770 
0.197658 
0.230406 
0.261506 
0.282450 
0.295423 
0.307513 
0.317573 
0.324452 
0.327000 
0.316954 
0.292997 
0.264403 
0.240446 
0.230400 
0.230735 
0.231704 
0.233256 
0.235339 
0.237900 
0.249681 
0.273749 
0.301541 
0.324496 
0.334050 
0.334050 
0.334050 
0.334050 
0.334050 
0.334050 
0.332496 
0.328356 
0.322413 
0.315450 
0.308250 
0.297930 
0.283527 
0.268704 
0.257124 
0.252450 
0.261031 
0.282674 
0.311232 
0.340556 
0.364500 
0.385341 
0.407339 
0.427316 
0.442095 
0.448500 
0.449365 
0.449824 
0.450151 
0.450619 
0.451500 
0.470101 
0.512752 
0.563263 
0.605442 
0.623100 
0.615873 
0.598298 
0.576537 
0.556751 
0.545100 
0.539814 
0.535205 
0.531560 
0.529163 
0.528300 
0.775746 
1.366073 
2.071267 
2.663314 
2.914200 
2.918076 
2.921098 
2.923263 
2.924565 
2.925000 
2.911238 
2.877564 
2.835396 
2.796152 
2.771250 
2.760482 
2.753855 
2.748112 
2.739996 
2.726250 
2.480644 
1.920488 
1.257835 
0.704738 
0.473250 
0.475262 
0.480061 
0.485789 
0.490588 
0.492600 
0.489792 
0.483096 
0.475104 
0.468408 
0.465600 
0.468938 
0.477629 
0.489692 
0.503143 
0.516000 
0.530973 
0.549543 
0.567887 
0.582181 
0.588600 
0.589700 
0.590578 
0.591221 
0.591616 
0.591750 
0.580484 
0.552912 
0.518374 
0.486206 
0.465750 
0.455335 
0.446803 
0.439758 
0.433806 
0.428550 
0.423344 
0.418216 
0.413787 
0.410675 
0.409500 
0.634167 
1.170352 
1.811329 
2.350370 
2.580750 
2.586578 
2.590385 
2.593078 
2.595564 
2.598750 
2.602329 
2.605704 
2.609344 
2.613719 
2.619300 
2.630565 
2.648258 
2.667250 
2.682407 
2.688600 
2.466144 
1.935672 
1.302528 
0.772056 
0.549600 
0.552229 
0.559850 
0.572068 
0.588483 
0.608700 
0.704421 
0.900884 
1.127998 
1.315667 
1.393800 
1.316051 
1.123743 
0.878285 
0.641084 
0.473550 
0.361412 
0.255669 
0.165629 
0.100603 
0.069900 
0.060318 
0.052563 
0.046810 
0.043231 
0.042000 
0.048350 
0.064291 
0.085157 
0.106282 
0.123000 
0.136910 
0.151339 
0.164213 
0.173458 
0.177000 
0.177000 
0.177000 
0.177000 
0.177000 
0.177000 
0.177000 
0.177000 
0.177000 
0.177000 
0.177000 
0.175574 
0.171643 
0.165725 
0.158338 
0.150000 
0.133238 
0.105763 
0.075869 
0.051850 
0.042000 
0.042000 
0.042000 
0.042000 
0.042000 
0.042000 
0.042000 
0.042000 
0.042000 
0.042000 
0.042000 
