0.000000 
0.000000 
0.000000 
0.000000 
0.000000 
0.000000 
0.000000 
0.000000 
0.000000 
0.000000 
0.000000 
0.000000 
0.000000 
0.000000 
0.000000 
0.000000 
0.000000 
0.000000 
0.000000 
0.000000 
0.000000 
0.000000 
0.000000 
0.000000 
0.000000 
0.000000 
0.000000 
0.000000 
0.000000 
0.000000 
0.000000 
0.000000 
0.000000 
0.000000 
0.000000 
0.000000 
0.000000 
0.000000 
0.000000 
0.000000 
0.000000 
0.000000 
0.000000 
0.000000 
0.000000 
0.000000 
0.000000 
0.000000 
0.000000 
0.000000 
0.000000 
0.000000 
0.000000 
0.000000 
0.000000 
0.000000 
0.000000 
0.000000 
0.000000 
0.000000 
0.000000 
0.000000 
0.000000 
0.000000 
0.000000 
0.000000 
0.000000 
0.000000 
0.000000 
0.000000 
0.000000 
0.000000 
0.000000 
0.000000 
0.000000 
0.000000 
0.000000 
0.000000 
0.000000 
0.000000 
0.000000 
0.000000 
0.000000 
0.000000 
0.000000 
0.000000 
0.000000 
0.000000 
0.000000 
0.000000 
0.000000 
0.000000 
0.000000 
0.000000 
0.000000 
0.000000 
0.000000 
0.000000 
0.000000 
0.000000 
0.000000 
0.000000 
0.000000 
0.000000 
0.000000 
0.000000 
0.000000 
0.000000 
0.000000 
0.000000 
0.000000 
0.000000 
0.000000 
0.000000 
0.000000 
0.000000 
0.000000 
0.000000 
0.000000 
0.000000 
0.000000 
0.000000 
0.000000 
0.000000 
0.000000 
0.000000 
0.000000 
0.000000 
0.000000 
0.000000 
0.000000 
0.000000 
0.000000 
0.000000 
0.000000 
0.000000 
0.000000 
0.000000 
0.000000 
0.000000 
0.000000 
0.000000 
0.000000 
0.000000 
0.000000 
0.000000 
0.000000 
0.000000 
0.000000 
0.000000 
0.000000 
0.000000 
0.000000 
0.000000 
0.000000 
0.000000 
0.000000 
0.000000 
0.000000 
0.000000 
0.000000 
0.000000 
0.000000 
0.000000 
0.000000 
0.000000 
0.000000 
0.000000 
0.000000 
0.000000 
0.000000 
0.000000 
0.000000 
0.000000 
0.000000 
0.000000 
0.000000 
0.000000 
0.000000 
0.000000 
0.000000 
0.000000 
0.000000 
0.000000 
0.000000 
0.000000 
0.000000 
0.000000 
0.000000 
0.000000 
0.000000 
0.000000 
0.000000 
0.000000 
0.000000 
0.000000 
0.000000 
0.000000 
0.000000 
0.000000 
0.000000 
0.000000 
0.000000 
0.000000 
0.000000 
0.000000 
0.000000 
0.000000 
0.000000 
0.000000 
0.000000 
0.000000 
0.000000 
0.000000 
0.000000 
0.000000 
0.000000 
0.000000 
0.000000 
0.000000 
0.000000 
0.000000 
0.000000 
0.000000 
0.000000 
0.000017 
0.000078 
0.000161 
0.000248 
0.000432 
0.000439 
0.000693 
0.000963 
0.001345 
0.001460 
0.001678 
0.002204 
0.002530 
0.003071 
0.004202 
0.005109 
0.006261 
0.006777 
0.006915 
0.007610 
0.010117 
0.011683 
0.010885 
0.012899 
0.014624 
0.012869 
0.012870 
0.009746 
0.013047 
0.010996 
0.011517 
0.012441 
0.009733 
0.012683 
0.011006 
0.013608 
0.012012 
0.013455 
0.012321 
0.014117 
0.012537 
0.015559 
0.012797 
0.015781 
0.016838 
0.020245 
0.020724 
0.018581 
0.022272 
0.020917 
0.025020 
0.022810 
0.018982 
0.029868 
0.029179 
0.029962 
0.025071 
0.027481 
0.028915 
0.029859 
0.027337 
0.032987 
0.029611 
0.032358 
0.029563 
0.031517 
0.038340 
0.040950 
0.030271 
0.034729 
0.036217 
0.041291 
0.029399 
0.033417 
0.036668 
0.036683 
0.041376 
0.044840 
0.040242 
0.042267 
0.047223 
0.042844 
0.043383 
0.048657 
0.046744 
0.048011 
0.041428 
0.046360 
0.043308 
0.040990 
0.049914 
0.045213 
0.049772 
0.048710 
0.054609 
0.029941 
0.045995 
0.063902 
0.059650 
0.051371 
0.063199 
0.068680 
0.078286 
0.074690 
0.078292 
0.081667 
0.086827 
0.106299 
0.114016 
0.115516 
0.120371 
0.123065 
0.125295 
0.125859 
0.126717 
0.114916 
0.138292 
0.127507 
0.111808 
0.107607 
0.127176 
0.109437 
0.105116 
0.131164 
0.127737 
0.145155 
0.127964 
0.158363 
0.149676 
0.164415 
0.151410 
0.150432 
0.158458 
0.160179 
0.160019 
0.181479 
0.167679 
0.210480 
0.228087 
0.239859 
0.229421 
0.267140 
0.285992 
0.250083 
0.296265 
0.252370 
0.341602 
0.388367 
0.374118 
0.402451 
0.370929 
0.410629 
0.378885 
0.319137 
0.300999 
0.334647 
0.315835 
0.318479 
0.278436 
0.332542 
0.281269 
0.275320 
0.331861 
0.308589 
0.340420 
0.355671 
0.272161 
0.303781 
0.328601 
0.293735 
0.236275 
0.302370 
0.281968 
0.320976 
0.316400 
0.304071 
0.383554 
0.330497 
0.366746 
0.390247 
0.430368 
0.373860 
0.346881 
0.386125 
0.382852 
0.360384 
0.356207 
0.324072 
0.326709 
0.272172 
0.303112 
0.303728 
0.370205 
0.431653 
0.457997 
0.415409 
0.441141 
0.540089 
0.426155 
0.512891 
0.443507 
0.513138 
0.387003 
0.396064 
0.444585 
0.517902 
0.456830 
0.445123 
0.539979 
0.616674 
0.695298 
0.505095 
0.509057 
0.593512 
0.649985 
0.631039 
0.495012 
0.667206 
0.577096 
0.645442 
0.713378 
0.668445 
0.649157 
0.689482 
0.662572 
0.771049 
0.719269 
0.698720 
0.750948 
0.592636 
0.810898 
0.677887 
0.685404 
0.712735 
0.668695 
0.859226 
0.795267 
0.656326 
0.693762 
0.618043 
0.524295 
0.369767 
0.361732 
0.315512 
0.210232 
0.289902 
0.350337 
0.426467 
0.556910 
0.672812 
0.645738 
0.590630 
0.645480 
0.677100 
0.704357 
0.660681 
0.774981 
0.677143 
0.801744 
0.827812 
0.661472 
0.759753 
0.779362 
0.567260 
0.630325 
0.952244 
0.741054 
0.688585 
0.676500 
0.583818 
0.585820 
0.738345 
0.779256 
0.756770 
0.738002 
0.758752 
0.708514 
0.513051 
0.622012 
0.650328 
0.603509 
0.658339 
0.536763 
0.757610 
0.750501 
0.888244 
0.592841 
0.676057 
0.436266 
0.386580 
0.322319 
0.217286 
0.201148 
0.141619 
0.133810 
0.174470 
0.270926 
0.395577 
0.501398 
0.518744 
0.523798 
0.577183 
0.655583 
0.857283 
0.736400 
0.846690 
0.749964 
0.935063 
0.800513 
0.858781 
0.835102 
0.849461 
0.859677 
0.897373 
0.692966 
0.809900 
0.708055 
0.782908 
0.904986 
0.754959 
1.037743 
0.814376 
0.786404 
0.870157 
0.924041 
0.868348 
0.811235 
0.991350 
1.005252 
1.014234 
0.805075 
0.932273 
0.888316 
0.965271 
0.900960 
0.974169 
0.891649 
0.817645 
0.928616 
0.850049 
1.074081 
0.907777 
0.802223 
0.675402 
0.946698 
1.038810 
0.938586 
0.905823 
0.867072 
0.868966 
1.098651 
0.926886 
0.950051 
1.148992 
0.901085 
1.043439 
1.143940 
0.916181 
1.000972 
0.876876 
0.959964 
1.042583 
1.067732 
1.088629 
1.011171 
0.766958 
0.929979 
1.066611 
1.119848 
0.994620 
1.060154 
0.788571 
0.818944 
0.672073 
0.681487 
0.571868 
0.652892 
0.813230 
0.794451 
0.769038 
0.725010 
0.866786 
0.847167 
1.140117 
1.149757 
1.071593 
1.132770 
0.989346 
0.857085 
1.091517 
0.973434 
0.707301 
0.750732 
0.721781 
0.709102 
0.593154 
0.523397 
0.564466 
0.452075 
0.460169 
0.621528 
0.565917 
0.903629 
1.028845 
1.311460 
1.062696 
1.263164 
1.162823 
1.014806 
1.146860 
0.924023 
0.830416 
0.747147 
0.771548 
0.632490 
0.784615 
0.820469 
0.890917 
0.926061 
1.485812 
1.048722 
1.244301 
1.247749 
1.046979 
1.193105 
1.020388 
1.149954 
1.005463 
0.996113 
1.007606 
0.917201 
1.195550 
1.184477 
1.179425 
1.314414 
1.171702 
1.073482 
0.869617 
0.971646 
0.774646 
0.620243 
0.595642 
0.368709 
0.290561 
0.257589 
0.280307 
0.183764 
0.236051 
0.224016 
0.187630 
0.249225 
0.521291 
0.629094 
0.915419 
0.871039 
0.888537 
1.107733 
0.932942 
1.002295 
1.136761 
1.167263 
1.164075 
1.166662 
1.201712 
1.325827 
1.091991 
1.107148 
1.051061 
1.088512 
1.236972 
1.026225 
1.335845 
1.212992 
1.163118 
1.192899 
1.263015 
1.237965 
1.136291 
1.046750 
1.089402 
0.997816 
0.916179 
0.550784 
0.442762 
0.290111 
0.301160 
0.379254 
0.452856 
0.526363 
0.483029 
0.572305 
0.629670 
0.652688 
0.653168 
0.655371 
0.772493 
0.524123 
0.503349 
0.325391 
0.489294 
0.461896 
0.443884 
0.559443 
0.587669 
0.809931 
0.882616 
0.817854 
0.926344 
0.927905 
0.917372 
0.908579 
0.883354 
0.738204 
0.468433 
0.437434 
0.446095 
0.391820 
0.460040 
0.442099 
0.516373 
0.479469 
0.406349 
0.490540 
0.369499 
0.397491 
0.395524 
0.578717 
0.459236 
0.460291 
0.604471 
0.637614 
0.559464 
0.678305 
0.591514 
0.751159 
0.968561 
1.066956 
0.920442 
1.126939 
1.231462 
1.164361 
0.962348 
1.083570 
0.868173 
1.063551 
0.984811 
0.783840 
0.473465 
0.487467 
0.401682 
0.366322 
0.330229 
0.310300 
0.266470 
0.319353 
0.319902 
0.417674 
0.448837 
0.659846 
0.753464 
0.809663 
1.130797 
1.080081 
1.245654 
1.049459 
1.446855 
1.325506 
1.296323 
1.138398 
1.022651 
1.334601 
1.097111 
1.280017 
1.023428 
1.173637 
1.106802 
1.095053 
1.027504 
1.355161 
1.310262 
0.947420 
1.202419 
1.148675 
1.134675 
1.143916 
1.040043 
1.241434 
1.286126 
1.260610 
1.363065 
1.202799 
1.371328 
1.034287 
1.409994 
0.867784 
1.134979 
1.054936 
1.070642 
0.940925 
0.956272 
1.099156 
0.992973 
0.889079 
0.946311 
0.785062 
1.043485 
1.074986 
1.016701 
1.014592 
1.240416 
0.820432 
1.054828 
1.052143 
1.093581 
1.063880 
1.071274 
1.123222 
1.165090 
0.908241 
1.185561 
1.027686 
1.177275 
0.931213 
1.021557 
1.092183 
0.958451 
0.964878 
0.907267 
0.911064 
0.804986 
0.878282 
0.536434 
0.661405 
0.665065 
0.659986 
0.663679 
0.780193 
1.057180 
1.047139 
1.065906 
0.818080 
1.023744 
1.123479 
1.092017 
0.826401 
1.076315 
1.178835 
1.134424 
0.915484 
1.066847 
0.929476 
0.768461 
1.080885 
0.959987 
1.085586 
1.213957 
0.972923 
0.839037 
0.862554 
0.807093 
0.744277 
0.891931 
0.686860 
0.821236 
0.790893 
0.794344 
0.683803 
0.625439 
0.822626 
0.701305 
0.795546 
0.846865 
0.767315 
0.819779 
0.925706 
0.921762 
0.773818 
1.047297 
0.847572 
0.874169 
0.833071 
0.707374 
0.567909 
0.350314 
0.309755 
0.291923 
0.256575 
0.274793 
0.238095 
0.238139 
0.200730 
0.278576 
0.281760 
0.254591 
0.246411 
0.226000 
0.309385 
0.281652 
0.250506 
0.321553 
0.302118 
0.338908 
0.404500 
0.511434 
0.512290 
0.566332 
0.704964 
0.736024 
0.825565 
0.942954 
0.745653 
0.665722 
0.756681 
0.745503 
0.690452 
0.618742 
0.508828 
0.598367 
0.546549 
0.469667 
0.432822 
0.389950 
0.415604 
0.402158 
0.439194 
0.398548 
0.438189 
0.494743 
0.570744 
0.553521 
0.516539 
0.670985 
0.872610 
0.627044 
0.888973 
0.720363 
0.876034 
0.814437 
0.879215 
0.896569 
0.832617 
0.707950 
0.664941 
0.578361 
0.489012 
0.513830 
0.525707 
0.497445 
0.538490 
0.506664 
0.595430 
0.503690 
0.342077 
0.470364 
0.511754 
0.477573 
0.535316 
0.551609 
0.572275 
0.681627 
0.589330 
0.568657 
0.579703 
0.625832 
0.570767 
0.666069 
0.459775 
0.412961 
0.423685 
0.395261 
0.350234 
0.370568 
0.475052 
0.518097 
0.449364 
0.552746 
0.459100 
0.312697 
0.345300 
0.264633 
0.321668 
0.281420 
0.321258 
0.389372 
0.322988 
0.345921 
0.339883 
0.330866 
0.248467 
0.291856 
0.297539 
0.318222 
0.275710 
0.286630 
0.302531 
0.195349 
0.309453 
0.245669 
0.291579 
0.260212 
0.220188 
0.168046 
0.205416 
0.203756 
0.188862 
0.183525 
0.150025 
0.143763 
0.158589 
0.120072 
0.130402 
0.115535 
0.148901 
0.109773 
0.107251 
0.100679 
0.120329 
0.105015 
0.110465 
0.068176 
0.106830 
0.104093 
0.101323 
0.099389 
0.100169 
0.104407 
0.107446 
0.121512 
0.106417 
0.117275 
0.131466 
0.092474 
0.138356 
0.127926 
0.133277 
0.153008 
0.148915 
0.143129 
0.138865 
0.130174 
0.158741 
0.159903 
0.181635 
0.163467 
0.202282 
0.170480 
0.147017 
0.170101 
0.185830 
0.196024 
0.195134 
0.169085 
0.175009 
0.205151 
0.169890 
0.209847 
0.212216 
0.212311 
0.166782 
0.226742 
0.201164 
0.240195 
0.248204 
0.221675 
0.239086 
0.301014 
0.315665 
0.363902 
0.419685 
0.438299 
0.361302 
0.491017 
0.425655 
0.386045 
0.401269 
0.362732 
0.314422 
0.221757 
0.192799 
0.179895 
0.167495 
0.153579 
0.199519 
0.151301 
0.151746 
0.151308 
0.133936 
0.161130 
0.116644 
0.094363 
0.092967 
0.094028 
0.082706 
0.076413 
0.084229 
0.079257 
0.073780 
0.069953 
0.075426 
0.082013 
0.076404 
0.071066 
0.077330 
0.081214 
0.093480 
0.072527 
0.076814 
0.085245 
0.083064 
0.078789 
0.079657 
0.076618 
0.068914 
0.061709 
0.072570 
0.077024 
0.078032 
0.091660 
0.064645 
0.083373 
0.078706 
0.074099 
0.080266 
0.077042 
0.071632 
0.065440 
0.066278 
0.064016 
0.050814 
0.045203 
0.049440 
0.045762 
0.040912 
0.039652 
0.046407 
0.035903 
0.033518 
0.037802 
0.033014 
0.036604 
0.035114 
0.030373 
0.040041 
0.031141 
0.032457 
0.029702 
0.030368 
0.028568 
0.024237 
0.026208 
0.030616 
0.026564 
0.022605 
0.023148 
0.019576 
0.017545 
0.017797 
0.018194 
0.015270 
0.014237 
0.009807 
0.011003 
0.009392 
0.010262 
0.009974 
0.009226 
0.007426 
0.007980 
0.008360 
0.007715 
0.007402 
0.006254 
0.007889 
0.007276 
0.007349 
0.008057 
0.007630 
0.007911 
0.008261 
0.008567 
0.008427 
0.008128 
0.007466 
0.007864 
0.007357 
0.006146 
0.005764 
0.005175 
0.004046 
0.003704 
0.003181 
0.003197 
0.003258 
0.002498 
0.002756 
0.002964 
0.002748 
0.002059 
0.002935 
0.002413 
0.002611 
0.002126 
0.002953 
0.002250 
0.002523 
0.002151 
0.002249 
0.002126 
0.002410 
0.001722 
0.001566 
0.001527 
0.001139 
0.001135 
0.000906 
0.000804 
0.000507 
0.000348 
0.000161 
0.000081 
0.000048 
0.000035 
0.000014 
0.000004 
0.000000 
0.000000 
0.000000 
0.000000 
0.000000 
0.000000 
0.000000 
0.000000 
0.000000 
0.000000 
0.000000 
0.000000 
0.000000 
0.000000 
0.000000 
0.000000 
0.000000 
0.000000 
0.000000 
0.000000 
0.000000 
0.000000 
0.000000 
0.000000 
0.000000 
0.000000 
0.000000 
0.000000 
0.000000 
0.000000 
0.000000 
0.000000 
0.000000 
0.000000 
0.000000 
0.000000 
0.000000 
0.000000 
0.000000 
0.000000 
0.000000 
0.000000 
0.000000 
0.000000 
0.000000 
0.000000 
0.000000 
0.000000 
0.000000 
0.000000 
0.000000 
0.000000 
0.000000 
0.000000 
0.000000 
0.000000 
0.000000 
0.000000 
0.000000 
0.000000 
0.000000 
0.000000 
0.000000 
0.000000 
0.000000 
0.000000 
0.000000 
0.000000 
0.000000 
0.000000 
0.000000 
0.000000 
0.000000 
0.000000 
0.000000 
0.000000 
0.000000 
0.000000 
0.000000 
0.000000 
0.000000 
0.000000 
0.000000 
0.000000 
0.000000 
0.000000 
0.000000 
0.000000 
0.000000 
0.000000 
0.000000 
0.000000 
0.000000 
0.000000 
0.000000 
0.000000 
0.000000 
0.000000 
0.000000 
0.000000 
0.000000 
0.000000 
0.000000 
0.000000 
0.000000 
0.000000 
0.000000 
0.000000 
0.000000 
0.000000 
0.000000 
0.000000 
0.000000 
0.000000 
0.000000 
0.000000 
0.000000 
0.000000 
0.000000 
0.000000 
0.000000 
0.000000 
0.000000 
0.000000 
0.000000 
0.000000 
0.000000 
0.000000 
0.000000 
0.000000 
0.000000 
0.000000 
0.000000 
0.000000 
0.000000 
0.000000 
0.000000 
0.000000 
0.000000 
0.000000 
0.000000 
0.000000 
0.000000 
0.000000 
0.000000 
0.000000 
0.000000 
0.000000 
0.000000 
0.000000 
0.000000 
0.000000 
0.000000 
0.000000 
0.000000 
0.000000 
0.000000 
0.000000 
0.000000 
0.000000 
0.000000 
0.000000 
0.000000 
0.000000 
0.000000 
0.000000 
0.000000 
0.000000 
0.000000 
0.000000 
0.000000 
0.000000 
0.000000 
0.000000 
0.000000 
0.000000 
0.000000 
0.000000 
0.000000 
0.000000 
0.000000 
0.000000 
0.000000 
0.000000 
0.000000 
0.000000 
0.000000 
0.000000 
0.000000 
0.000000 
0.000000 
