0.039000 
0.039000 
0.039000 
0.039000 
0.039000 
0.039000 
0.039000 
0.039000 
0.039000 
0.039000 
0.039000 
0.039000 
0.039000 
0.039000 
0.039000 
0.039000 
0.039000 
0.039000 
0.039000 
0.039000 
0.039000 
0.039000 
0.039000 
0.039000 
0.039000 
0.039000 
0.039000 
0.039000 
0.039000 
0.039000 
0.039000 
0.039000 
0.039000 
0.039000 
0.039000 
0.039000 
0.039000 
0.039000 
0.039000 
0.039000 
0.039000 
0.039000 
0.039000 
0.039000 
0.039000 
0.039000 
0.039000 
0.039000 
0.039000 
0.039000 
0.039000 
0.039000 
0.039000 
0.039000 
0.039000 
0.039000 
0.039000 
0.039000 
0.039000 
0.039000 
0.039000 
0.039000 
0.039000 
0.039000 
0.039000 
0.039000 
0.039000 
0.039000 
0.039000 
0.039000 
0.039000 
0.039000 
0.039000 
0.039000 
0.039000 
0.039000 
0.039000 
0.039000 
0.039000 
0.039000 
0.039000 
0.039000 
0.039000 
0.039000 
0.039000 
0.039000 
0.039000 
0.039000 
0.039000 
0.039000 
0.039000 
0.039000 
0.039000 
0.039000 
0.039000 
0.039000 
0.039000 
0.039000 
0.039000 
0.039000 
0.039000 
0.039000 
0.039000 
0.039000 
0.039000 
0.039000 
0.039000 
0.039000 
0.039000 
0.039000 
0.039000 
0.039000 
0.039000 
0.039000 
0.039000 
0.039000 
0.039000 
0.039000 
0.039000 
0.039000 
0.039000 
0.039000 
0.039000 
0.039000 
0.039000 
0.039000 
0.039000 
0.039000 
0.039000 
0.039000 
0.039000 
0.039000 
0.039000 
0.039000 
0.039000 
0.039000 
0.039000 
0.039000 
0.039000 
0.039000 
0.039000 
0.039000 
0.039000 
0.039000 
0.039000 
0.039000 
0.039000 
0.039000 
0.039000 
0.039000 
0.039000 
0.039000 
0.039000 
0.039000 
0.039000 
0.039000 
0.039000 
0.039000 
0.039000 
0.039000 
0.039000 
0.039000 
0.039000 
0.039000 
0.039000 
0.039000 
0.039000 
0.039000 
0.039000 
0.039000 
0.039000 
0.039000 
0.039000 
0.039000 
0.039000 
0.039000 
0.039000 
0.039000 
0.039000 
0.039000 
0.039000 
0.039000 
0.039000 
0.039000 
0.039000 
0.039000 
0.039000 
0.039000 
0.039000 
0.039000 
0.039000 
0.039000 
0.039000 
0.039000 
0.039000 
0.039000 
0.039000 
0.039000 
0.039000 
0.039000 
0.039000 
0.039000 
0.039000 
0.039000 
0.039000 
0.039000 
0.039000 
0.039000 
0.039000 
0.039000 
0.039000 
0.039000 
0.039000 
0.039000 
0.039000 
0.039000 
0.039000 
0.039000 
0.039000 
0.039000 
0.039000 
0.039000 
0.039000 
0.039000 
0.039000 
0.039000 
0.039000 
0.039000 
0.039000 
0.039000 
0.039000 
0.039000 
0.039000 
0.039000 
0.039000 
0.039000 
0.039000 
0.039000 
0.039000 
0.039000 
0.039000 
0.039000 
0.039000 
0.039000 
0.039000 
0.039000 
0.039000 
0.039000 
0.039000 
0.039000 
0.039000 
0.039000 
0.039000 
0.039000 
0.039000 
0.039000 
0.039000 
0.039000 
0.039000 
0.039000 
0.039000 
0.039000 
0.039000 
0.039000 
0.039000 
0.039000 
0.039000 
0.039000 
0.039000 
0.039000 
0.039000 
0.039000 
0.039000 
0.039000 
0.039000 
0.039000 
0.039000 
0.039000 
0.039000 
0.039000 
0.039000 
0.039000 
0.039000 
0.039000 
0.039000 
0.039000 
0.039000 
0.039000 
0.039000 
0.039000 
0.039000 
0.039000 
0.039000 
0.039000 
0.039000 
0.039000 
0.039000 
0.039000 
0.039000 
0.039000 
0.039000 
0.039000 
0.039000 
0.039000 
0.039000 
0.039000 
0.039000 
0.039000 
0.039000 
0.039000 
0.039000 
0.039000 
0.039000 
0.039000 
0.039000 
0.039000 
0.039000 
0.039000 
0.039000 
0.039000 
0.039000 
0.039000 
0.039000 
0.039000 
0.039000 
0.039000 
0.039000 
0.039000 
0.039000 
0.039000 
0.039000 
0.039000 
0.039000 
0.039000 
0.039000 
0.039000 
0.039000 
0.039000 
0.039000 
0.039000 
0.039000 
0.039000 
0.039000 
0.039000 
0.039000 
0.039000 
0.039000 
0.039000 
0.039000 
0.039000 
0.039000 
0.039000 
0.039000 
0.039000 
0.039000 
0.039000 
0.039000 
0.039000 
0.039000 
0.039000 
0.039000 
0.039000 
0.039000 
0.039000 
0.039000 
0.039000 
0.039000 
0.039000 
0.039000 
0.039000 
0.042117 
0.050511 
0.062747 
0.077388 
0.093000 
0.112261 
0.137680 
0.167569 
0.200239 
0.234000 
0.273334 
0.319909 
0.367818 
0.411151 
0.444000 
0.464655 
0.478890 
0.492023 
0.509370 
0.536250 
0.649740 
0.872043 
1.126160 
1.335095 
1.421850 
1.326004 
1.097447 
0.824653 
0.596096 
0.500250 
0.503292 
0.510546 
0.519204 
0.526458 
0.529500 
0.528475 
0.525674 
0.521511 
0.516399 
0.510750 
0.500499 
0.484413 
0.467152 
0.453377 
0.447750 
0.449445 
0.453676 
0.459159 
0.464611 
0.468750 
0.471214 
0.472956 
0.474666 
0.477034 
0.480750 
0.505825 
0.562719 
0.637796 
0.717419 
0.787950 
0.859220 
0.940321 
1.016507 
1.073032 
1.095150 
1.032908 
0.883847 
0.704467 
0.551269 
0.480750 
0.472358 
0.466908 
0.462954 
0.459050 
0.453750 
0.446755 
0.438921 
0.430535 
0.421882 
0.413250 
0.404826 
0.396408 
0.387703 
0.378416 
0.368250 
0.354536 
0.337312 
0.320345 
0.307402 
0.302250 
0.312390 
0.336570 
0.365430 
0.389610 
0.399750 
0.399750 
0.399750 
0.399750 
0.399750 
0.399750 
0.398982 
0.396979 
0.394190 
0.391064 
0.388050 
0.384428 
0.379851 
0.375330 
0.371876 
0.370500 
0.370500 
0.370500 
0.370500 
0.370500 
0.370500 
0.371211 
0.372946 
0.375105 
0.377089 
0.378300 
0.378902 
0.379436 
0.379863 
0.380147 
0.380250 
0.380250 
0.380250 
0.380250 
0.380250 
0.380250 
0.380250 
0.380250 
0.380250 
0.380250 
0.380250 
0.380250 
0.380250 
0.380250 
0.380250 
0.380250 
0.380250 
0.380250 
0.380250 
0.380250 
0.380250 
0.380250 
0.380250 
0.380250 
0.380250 
0.380250 
0.380250 
0.380250 
0.380250 
0.380250 
0.380250 
0.380250 
0.380250 
0.380250 
0.380250 
0.380250 
0.344760 
0.260130 
0.159120 
0.074490 
0.039000 
0.039000 
0.039000 
0.039000 
0.039000 
0.039000 
0.039000 
0.039000 
0.039000 
0.039000 
0.039000 
0.039000 
0.039000 
0.039000 
0.039000 
0.039000 
0.039000 
0.039000 
0.039000 
0.039000 
0.039000 
0.039000 
0.039000 
0.039000 
0.039000 
0.039000 
0.039000 
0.039000 
0.039000 
0.039000 
0.039000 
0.039000 
0.039000 
0.039000 
0.039000 
0.039000 
0.039000 
0.039000 
0.039000 
0.039000 
0.039000 
0.039000 
0.039000 
0.039000 
0.039000 
0.039000 
0.039000 
0.039000 
0.039000 
0.039000 
0.039000 
0.039000 
0.039000 
0.039000 
0.039000 
0.039000 
0.039000 
0.039000 
0.039000 
0.039000 
0.039000 
0.039000 
0.039000 
0.039000 
0.039000 
0.039000 
0.039000 
0.039000 
0.039000 
0.039000 
0.039000 
0.039000 
0.039000 
0.039000 
0.039000 
0.039000 
0.039000 
0.039000 
0.039000 
0.039000 
0.039000 
0.039000 
0.039000 
0.039000 
0.039000 
0.039000 
0.039000 
0.039000 
0.039000 
0.039000 
0.039000 
0.039000 
0.039000 
0.039000 
0.039000 
0.039000 
0.039000 
0.039000 
0.039000 
0.039000 
0.039000 
0.039000 
0.039000 
0.039000 
0.039000 
0.039000 
0.039000 
0.039000 
0.039000 
0.039000 
0.039000 
0.039000 
0.039000 
0.039000 
0.039000 
0.039000 
0.039000 
0.039000 
0.039000 
0.039000 
0.039000 
0.039000 
0.039000 
0.039000 
0.039000 
0.039000 
0.051090 
0.079920 
0.114330 
0.143160 
0.155250 
0.155250 
0.155250 
0.155250 
0.155250 
0.155250 
0.155250 
0.155250 
0.155250 
0.155250 
0.155250 
0.154539 
0.152804 
0.150645 
0.148661 
0.147450 
0.146848 
0.146314 
0.145887 
0.145603 
0.145500 
0.145500 
0.145500 
0.145500 
0.145500 
0.145500 
0.145500 
0.145500 
0.145500 
0.145500 
0.145500 
0.145795 
0.146566 
0.147638 
0.148841 
0.150000 
0.151393 
0.153154 
0.154892 
0.156221 
0.156750 
0.156750 
0.156750 
0.156750 
0.156750 
0.156750 
0.156750 
0.156750 
0.156750 
0.156750 
0.156750 
0.156750 
0.156750 
0.156750 
0.156750 
0.156750 
0.156750 
0.156750 
0.156750 
0.156750 
0.156750 
0.156750 
0.156750 
0.156750 
0.156750 
0.156750 
0.160447 
0.169264 
0.179786 
0.188603 
0.192300 
0.191645 
0.190082 
0.188218 
0.186655 
0.186000 
0.186000 
0.186000 
0.186000 
0.186000 
0.186000 
0.186000 
0.186000 
0.186000 
0.186000 
0.186000 
0.186000 
0.186000 
0.186000 
0.186000 
0.186000 
0.186000 
0.186000 
0.186000 
0.186000 
0.186000 
0.186000 
0.186000 
0.186000 
0.186000 
0.186000 
0.186000 
0.186000 
0.186000 
0.186000 
0.186000 
0.185891 
0.185624 
0.185292 
0.184986 
0.184800 
0.184727 
0.184683 
0.184646 
0.184592 
0.184500 
0.169291 
0.133198 
0.090159 
0.054113 
0.039000 
0.039000 
0.039000 
0.039000 
0.039000 
0.039000 
0.039000 
0.039000 
0.039000 
0.039000 
0.039000 
0.039000 
0.039000 
0.039000 
0.039000 
0.039000 
0.039000 
0.039000 
0.039000 
0.039000 
0.039000 
0.039000 
0.039000 
0.039000 
0.039000 
0.039000 
0.039000 
0.039000 
0.039000 
0.039000 
0.039000 
0.039000 
0.039000 
0.039000 
0.039000 
0.039000 
0.039000 
0.039000 
0.039000 
0.039000 
0.039000 
0.039000 
0.039000 
0.039000 
0.039000 
0.039000 
0.039000 
0.039000 
0.039000 
0.039000 
0.039000 
0.039000 
0.039000 
0.039000 
0.039000 
0.039000 
0.039000 
0.039000 
0.039000 
0.039000 
0.039000 
0.039000 
0.039000 
0.039000 
0.039000 
0.039000 
0.039000 
0.039000 
0.039000 
0.039000 
0.039000 
0.039000 
0.039000 
0.039000 
0.039000 
0.039000 
0.039000 
0.039000 
0.039000 
0.039000 
0.039000 
0.039000 
0.039000 
0.039000 
0.039000 
0.039000 
0.039000 
0.039000 
0.039000 
0.039000 
0.039000 
0.039000 
0.039000 
0.039000 
0.039000 
0.039000 
0.039000 
0.039000 
0.039000 
0.039000 
0.039000 
0.039000 
0.039000 
0.039000 
0.039000 
0.039000 
0.039000 
0.039000 
0.039000 
0.039000 
0.039000 
0.039000 
0.039000 
0.039000 
0.039000 
0.039000 
0.039000 
0.039000 
0.039000 
0.039000 
0.039000 
0.039000 
0.039000 
0.039000 
0.039000 
0.039000 
0.039000 
0.039000 
0.039000 
0.039000 
0.039000 
0.039000 
0.039000 
0.039000 
0.039000 
0.039000 
0.039000 
0.039000 
0.039000 
0.039000 
0.039000 
0.039000 
0.039000 
0.039000 
0.039000 
0.039000 
0.039000 
0.039000 
0.039000 
0.039000 
0.039000 
0.039000 
0.039000 
0.039000 
0.039000 
0.039000 
0.039000 
0.039000 
0.039000 
0.039000 
0.039000 
0.039000 
0.039000 
0.039000 
0.039000 
0.039000 
0.039000 
0.039000 
0.039000 
0.039000 
0.039000 
0.039000 
0.039000 
0.039000 
0.039000 
0.039000 
0.039000 
0.039000 
0.039000 
0.039000 
0.039000 
0.039000 
0.039000 
0.039000 
0.039000 
0.039000 
0.039000 
0.039000 
0.039000 
0.039000 
0.039000 
0.039000 
0.039000 
0.039000 
0.039000 
0.039000 
0.039000 
0.039000 
0.039000 
0.039000 
0.039000 
0.039000 
0.039000 
0.039000 
0.039000 
0.039000 
0.039000 
0.039000 
0.039000 
0.039000 
0.039000 
0.039000 
0.039000 
0.039000 
0.039000 
0.039000 
0.149978 
0.414619 
0.730481 
0.995122 
1.106100 
1.010254 
0.781697 
0.508903 
0.280346 
0.184500 
0.184500 
0.184500 
0.184500 
0.184500 
0.184500 
0.184500 
0.184500 
0.184500 
0.184500 
0.184500 
0.184500 
0.184500 
0.184500 
0.184500 
0.184500 
0.186138 
0.190044 
0.194706 
0.198612 
0.200250 
0.199432 
0.197285 
0.194273 
0.190857 
0.187500 
0.183285 
0.177823 
0.172369 
0.168176 
0.166500 
0.166500 
0.166500 
0.166500 
0.166500 
0.166500 
0.166500 
0.166500 
0.166500 
0.166500 
0.166500 
0.165789 
0.164054 
0.161895 
0.159911 
0.158700 
0.158098 
0.157564 
0.157137 
0.156853 
0.156750 
0.157061 
0.157917 
0.159202 
0.160801 
0.162600 
0.166146 
0.171912 
0.178170 
0.183192 
0.185250 
0.183300 
0.178650 
0.173100 
0.168450 
0.166500 
0.166500 
0.166500 
0.166500 
0.166500 
0.166500 
0.166500 
0.166500 
0.166500 
0.166500 
0.166500 
0.166500 
0.166500 
0.166500 
0.166500 
0.166500 
0.166500 
0.166500 
0.166500 
0.166500 
0.166500 
0.166500 
0.166500 
0.166500 
0.166500 
0.166500 
0.166500 
0.166500 
0.166500 
0.166500 
0.166500 
0.166205 
0.165346 
0.163959 
0.162081 
0.159750 
0.146577 
0.118845 
0.086600 
0.059887 
0.048750 
0.048750 
0.048750 
0.048750 
0.048750 
0.048750 
0.048291 
0.047140 
0.045633 
0.044107 
0.042900 
0.041895 
0.040853 
0.039924 
0.039256 
0.039000 
0.039000 
0.039000 
0.039000 
0.039000 
0.039000 
0.039000 
0.039000 
0.039000 
0.039000 
0.039000 
0.039000 
0.039000 
0.039000 
0.039000 
0.039000 
0.039000 
0.039000 
0.039000 
0.039000 
0.039000 
0.039459 
0.040610 
0.042117 
0.043643 
0.044850 
0.045855 
0.046897 
0.047826 
0.048494 
0.048750 
0.048750 
0.048750 
0.048750 
0.048750 
0.048750 
0.049048 
0.049913 
0.051305 
0.053181 
0.055500 
0.067335 
0.091903 
0.120379 
0.143936 
0.153750 
0.153750 
0.153750 
0.153750 
0.153750 
0.153750 
0.173219 
0.219644 
0.275056 
0.321481 
0.340950 
0.314290 
0.250715 
0.174835 
0.111260 
0.084600 
0.087442 
0.094811 
0.104974 
0.116198 
0.126750 
0.138768 
0.153489 
0.167826 
0.178692 
0.183000 
0.183000 
0.183000 
0.183000 
0.183000 
0.183000 
0.183000 
0.183000 
0.183000 
0.183000 
0.183000 
0.182541 
0.181390 
0.179883 
0.178357 
0.177150 
0.176145 
0.175103 
0.174174 
0.173506 
0.173250 
0.173250 
0.173250 
0.173250 
0.173250 
0.173250 
0.163500 
0.140250 
0.112500 
0.089250 
0.079500 
0.079500 
0.079500 
0.079500 
0.079500 
0.079500 
0.083438 
0.093745 
0.108157 
0.124413 
0.140250 
0.159737 
0.184698 
0.209500 
0.228511 
0.236100 
0.233245 
0.225735 
0.215153 
0.203080 
0.191100 
0.175703 
0.155484 
0.135178 
0.119521 
0.113250 
0.113250 
0.113250 
0.113250 
0.113250 
0.113250 
0.108570 
0.097067 
0.082549 
0.068824 
0.059700 
0.054195 
0.049100 
0.044884 
0.042011 
0.040950 
0.041866 
0.044489 
0.048634 
0.054117 
0.060750 
0.075766 
0.104548 
0.144137 
0.191574 
0.243900 
0.318257 
0.422662 
0.540469 
0.655030 
0.749700 
0.834193 
0.921176 
0.998434 
1.053747 
1.074900 
1.003866 
0.831821 
0.620354 
0.431051 
0.325500 
0.284783 
0.250083 
0.223142 
0.205701 
0.199500 
0.208268 
0.229549 
0.255805 
0.279501 
0.293100 
0.298470 
0.302684 
0.306013 
0.308728 
0.311100 
0.313440 
0.315706 
0.317643 
0.318993 
0.319500 
0.317316 
0.312108 
0.305892 
0.300684 
0.298500 
0.301541 
0.309543 
0.320824 
0.333704 
0.346500 
0.360469 
0.377117 
0.395135 
0.413216 
0.430050 
0.447775 
0.467283 
0.485399 
0.498946 
0.504750 
0.505405 
0.505756 
0.506005 
0.506353 
0.507000 
0.513169 
0.526630 
0.542407 
0.555522 
0.561000 
0.558129 
0.550588 
0.539982 
0.527917 
0.516000 
0.503656 
0.489495 
0.473901 
0.457259 
0.439950 
0.418008 
0.391014 
0.364670 
0.344681 
0.336750 
0.336750 
0.336750 
0.336750 
0.336750 
0.336750 
0.369323 
0.446996 
0.539704 
0.617377 
0.649950 
0.586411 
0.434896 
0.254054 
0.102539 
0.039000 
0.039000 
0.039000 
0.039000 
0.039000 
0.039000 
0.039000 
0.039000 
0.039000 
0.039000 
0.039000 
0.039000 
0.039000 
0.039000 
0.039000 
0.039000 
0.039000 
0.039000 
0.039000 
0.039000 
0.039000 
0.039000 
0.039000 
0.039000 
0.039000 
0.039000 
0.039000 
0.039000 
0.039000 
0.039000 
0.039000 
0.039000 
0.039000 
0.039000 
0.039000 
0.039000 
0.039000 
0.039000 
0.039000 
0.039000 
0.039000 
0.039000 
0.039000 
0.039000 
0.039000 
0.039000 
0.039000 
0.039000 
0.039000 
0.039000 
0.039000 
0.039000 
0.039000 
0.039000 
0.039000 
0.039000 
0.039000 
0.039000 
0.039000 
0.039000 
0.039000 
0.039000 
0.039000 
0.039000 
0.039000 
0.039000 
