0.032250 
0.032250 
0.032250 
0.032250 
0.032250 
0.032250 
0.032250 
0.032250 
0.032250 
0.032250 
0.032250 
0.032250 
0.032250 
0.032250 
0.032250 
0.032250 
0.032250 
0.032250 
0.032250 
0.032250 
0.032250 
0.032250 
0.032250 
0.032250 
0.032250 
0.032250 
0.032250 
0.032250 
0.032250 
0.032250 
0.041401 
0.064581 
0.095380 
0.127390 
0.154200 
0.178811 
0.205575 
0.230114 
0.248049 
0.255000 
0.255000 
0.255000 
0.255000 
0.255000 
0.255000 
0.255000 
0.255000 
0.255000 
0.255000 
0.255000 
0.247344 
0.227718 
0.201135 
0.172608 
0.147150 
0.120959 
0.090683 
0.062014 
0.040639 
0.032250 
0.032250 
0.032250 
0.032250 
0.032250 
0.032250 
0.032250 
0.032250 
0.032250 
0.032250 
0.032250 
0.032250 
0.032250 
0.032250 
0.032250 
0.032250 
0.032250 
0.032250 
0.032250 
0.032250 
0.032250 
0.032250 
0.032250 
0.032250 
0.032250 
0.032250 
0.032250 
0.032250 
0.032250 
0.032250 
0.032250 
0.032250 
0.032250 
0.032250 
0.032250 
0.032250 
0.032250 
0.032250 
0.032250 
0.032250 
0.032250 
0.042191 
0.067234 
0.100206 
0.133935 
0.161250 
0.184899 
0.209886 
0.232424 
0.248725 
0.255000 
0.255000 
0.255000 
0.255000 
0.255000 
0.255000 
0.255000 
0.255000 
0.255000 
0.255000 
0.255000 
0.246611 
0.225236 
0.196567 
0.166291 
0.140100 
0.114642 
0.086115 
0.059532 
0.039906 
0.032250 
0.032250 
0.032250 
0.032250 
0.032250 
0.032250 
0.032250 
0.032250 
0.032250 
0.032250 
0.032250 
0.032250 
0.032250 
0.032250 
0.032250 
0.032250 
0.032250 
0.032250 
0.032250 
0.032250 
0.032250 
0.032250 
0.032250 
0.032250 
0.032250 
0.032250 
0.032250 
0.032250 
0.032250 
0.032250 
0.032250 
0.032250 
0.032250 
0.032250 
0.032250 
0.032250 
0.032250 
0.032250 
0.032250 
0.032250 
0.032250 
0.033612 
0.037369 
0.043024 
0.050083 
0.058050 
0.074067 
0.100321 
0.128886 
0.151838 
0.161250 
0.161250 
0.161250 
0.161250 
0.161250 
0.161250 
0.161250 
0.161250 
0.161250 
0.161250 
0.161250 
0.161250 
0.161250 
0.161250 
0.161250 
0.161250 
0.151838 
0.128886 
0.100321 
0.074067 
0.058050 
0.050083 
0.043024 
0.037369 
0.033612 
0.032250 
0.032250 
0.032250 
0.032250 
0.032250 
0.032250 
0.032250 
0.032250 
0.032250 
0.032250 
0.032250 
0.032250 
0.032250 
0.032250 
0.032250 
0.032250 
0.032250 
0.032250 
0.032250 
0.032250 
0.032250 
0.032250 
0.032250 
0.032250 
0.032250 
0.032250 
0.032250 
0.032250 
0.032250 
0.032250 
0.032250 
0.032250 
0.032250 
0.032250 
0.032250 
0.032250 
0.042191 
0.067234 
0.100206 
0.133935 
0.161250 
0.184899 
0.209886 
0.232424 
0.248725 
0.255000 
0.255000 
0.255000 
0.255000 
0.255000 
0.255000 
0.255000 
0.255000 
0.255000 
0.255000 
0.255000 
0.246611 
0.225236 
0.196567 
0.166291 
0.140100 
0.114642 
0.086115 
0.059532 
0.039906 
0.032250 
0.032250 
0.032250 
0.032250 
0.032250 
0.032250 
0.032250 
0.032250 
0.032250 
0.032250 
0.032250 
0.032250 
0.032250 
0.032250 
0.032250 
0.032250 
0.032250 
0.032250 
0.032250 
0.032250 
0.032250 
0.032250 
0.032250 
0.032250 
0.032250 
0.032250 
0.032250 
0.032250 
0.032250 
0.032250 
0.032250 
0.032250 
0.032250 
0.032250 
0.032250 
0.032250 
0.039719 
0.058786 
0.084438 
0.111663 
0.135450 
0.157976 
0.182582 
0.206006 
0.224983 
0.236250 
0.242247 
0.247403 
0.251435 
0.254062 
0.255000 
0.255000 
0.255000 
0.255000 
0.255000 
0.255000 
0.250764 
0.239478 
0.223275 
0.204288 
0.184650 
0.156479 
0.117143 
0.076654 
0.045019 
0.032250 
0.032250 
0.032250 
0.032250 
0.032250 
0.032250 
0.032250 
0.032250 
0.032250 
0.032250 
0.032250 
0.032250 
0.032250 
0.032250 
0.032250 
0.032250 
0.032250 
0.032250 
0.032250 
0.032250 
0.032250 
0.032250 
0.032250 
0.032250 
0.032250 
0.032250 
0.032250 
0.032250 
0.032250 
0.032250 
0.032250 
0.032250 
0.032250 
0.032250 
0.032250 
0.032250 
0.032250 
0.032250 
0.032250 
0.032250 
0.032250 
0.032250 
0.032250 
0.032250 
0.032250 
0.032250 
0.032250 
0.032250 
0.032250 
0.032250 
0.032250 
0.032250 
0.032250 
0.032250 
0.032250 
0.032250 
0.033612 
0.037369 
0.043024 
0.050083 
0.058050 
0.074067 
0.100321 
0.128886 
0.151838 
0.161250 
0.161250 
0.161250 
0.161250 
0.161250 
0.161250 
0.166591 
0.180274 
0.198787 
0.218616 
0.236250 
0.254274 
0.275033 
0.294656 
0.309269 
0.315000 
0.311697 
0.303458 
0.292792 
0.282203 
0.274200 
0.269143 
0.265161 
0.261413 
0.257056 
0.251250 
0.240027 
0.223114 
0.205212 
0.191024 
0.185250 
0.191490 
0.206370 
0.224130 
0.239010 
0.245250 
0.239393 
0.224679 
0.205393 
0.185821 
0.170250 
0.157796 
0.145420 
0.134171 
0.125098 
0.119250 
0.115515 
0.112228 
0.109609 
0.107876 
0.107250 
0.113907 
0.130016 
0.149786 
0.167428 
0.177150 
0.180439 
0.182862 
0.184751 
0.186436 
0.188250 
0.189886 
0.191133 
0.192461 
0.194343 
0.197250 
0.310757 
0.589038 
0.949466 
1.309413 
1.586250 
1.805471 
2.027806 
2.223481 
2.362720 
2.415750 
2.411154 
2.399945 
2.385994 
2.373172 
2.365350 
2.362258 
2.360407 
2.358843 
2.356609 
2.352750 
2.249542 
1.998296 
1.671603 
1.342056 
1.082250 
0.867509 
0.645734 
0.448379 
0.306900 
0.252750 
0.252750 
0.252750 
0.252750 
0.252750 
0.252750 
0.252750 
0.252750 
0.252750 
0.252750 
0.252750 
0.242298 
0.217374 
0.187626 
0.162702 
0.152250 
0.161662 
0.184614 
0.213179 
0.239433 
0.255450 
0.263417 
0.270476 
0.276131 
0.279888 
0.281250 
0.281250 
0.281250 
0.281250 
0.281250 
0.281250 
0.281250 
0.281250 
0.281250 
0.281250 
0.281250 
0.277655 
0.268797 
0.257566 
0.246854 
0.239550 
0.234914 
0.230563 
0.226924 
0.224427 
0.223500 
0.228476 
0.240919 
0.257098 
0.273285 
0.285750 
0.295641 
0.305690 
0.314543 
0.320848 
0.323250 
0.323250 
0.323250 
0.323250 
0.323250 
0.323250 
0.323250 
0.323250 
0.323250 
0.323250 
0.323250 
0.466926 
0.809538 
1.218462 
1.561074 
1.704750 
1.704750 
1.704750 
1.704750 
1.704750 
1.704750 
1.704750 
1.704750 
1.704750 
1.704750 
1.704750 
1.704750 
1.704750 
1.704750 
1.704750 
1.704750 
1.557377 
1.205948 
0.786502 
0.435073 
0.287700 
0.291433 
0.300592 
0.312114 
0.322937 
0.330000 
0.333339 
0.335574 
0.337520 
0.339990 
0.343800 
0.353261 
0.369891 
0.390310 
0.411139 
0.429000 
0.442072 
0.452677 
0.463646 
0.477810 
0.498000 
0.563639 
0.685244 
0.822283 
0.934228 
0.980550 
0.907997 
0.733119 
0.520087 
0.333073 
0.236250 
0.209316 
0.188475 
0.172656 
0.160788 
0.151800 
0.144753 
0.139112 
0.134414 
0.130198 
0.126000 
0.122230 
0.119153 
0.116085 
0.112345 
0.107250 
0.095610 
0.076530 
0.055770 
0.039090 
0.032250 
0.032250 
0.032250 
0.032250 
0.032250 
0.032250 
0.032250 
0.032250 
0.032250 
0.032250 
0.032250 
0.032250 
0.032250 
0.032250 
0.032250 
0.032250 
0.032250 
0.032250 
0.032250 
0.032250 
0.032250 
0.032250 
0.032250 
0.032250 
0.032250 
0.032250 
0.033612 
0.037369 
0.043024 
0.050083 
0.058050 
0.074067 
0.100321 
0.128886 
0.151838 
0.161250 
0.161250 
0.161250 
0.161250 
0.161250 
0.161250 
0.161250 
0.161250 
0.161250 
0.161250 
0.161250 
0.167100 
0.181050 
0.197700 
0.211650 
0.217500 
0.211853 
0.197930 
0.180262 
0.163375 
0.151800 
0.144374 
0.137383 
0.131525 
0.127498 
0.126000 
0.126000 
0.126000 
0.126000 
0.126000 
0.126000 
0.116250 
0.093000 
0.065250 
0.042000 
0.032250 
0.032250 
0.032250 
0.032250 
0.032250 
0.032250 
0.032250 
0.032250 
0.032250 
0.032250 
0.032250 
0.032250 
0.032250 
0.032250 
0.032250 
0.032250 
0.032250 
0.032250 
0.032250 
0.032250 
0.032250 
0.032250 
0.032250 
0.032250 
0.032250 
0.032250 
0.032250 
0.032250 
0.032250 
0.032250 
0.032250 
0.032250 
0.032250 
0.032250 
0.032250 
0.032250 
0.041662 
0.064614 
0.093179 
0.119433 
0.135450 
0.143417 
0.150476 
0.156131 
0.159888 
0.161250 
0.161250 
0.161250 
0.161250 
0.161250 
0.161250 
0.167100 
0.181050 
0.197700 
0.211650 
0.217500 
0.216797 
0.214827 
0.211798 
0.207920 
0.203400 
0.192297 
0.172720 
0.150955 
0.133286 
0.126000 
0.126000 
0.126000 
0.126000 
0.126000 
0.126000 
0.116250 
0.093000 
0.065250 
0.042000 
0.032250 
0.032250 
0.032250 
0.032250 
0.032250 
0.032250 
0.032250 
0.032250 
0.032250 
0.032250 
0.032250 
0.032250 
0.032250 
0.032250 
0.032250 
0.032250 
0.032250 
0.032250 
0.032250 
0.032250 
0.032250 
0.032250 
0.032250 
0.032250 
0.032250 
0.032250 
0.032250 
0.032250 
0.032250 
0.032250 
0.032250 
0.032250 
0.032250 
0.032250 
0.032250 
0.032250 
0.032250 
0.032250 
0.032250 
0.032250 
0.032250 
0.032250 
0.032250 
0.032250 
0.032250 
0.032250 
0.032250 
0.032250 
0.032250 
0.032250 
0.032250 
0.032250 
0.032250 
0.032250 
0.032250 
0.032250 
0.032250 
0.032250 
0.032250 
0.032250 
0.032250 
0.032250 
0.032250 
0.032250 
0.032250 
0.032250 
0.032250 
0.032250 
0.032250 
0.032250 
0.032250 
0.032250 
0.032250 
0.032250 
0.032250 
0.032250 
0.039090 
0.055770 
0.076530 
0.095610 
0.107250 
0.113040 
0.118170 
0.122280 
0.125010 
0.126000 
0.126000 
0.126000 
0.126000 
0.126000 
0.126000 
0.125010 
0.122280 
0.118170 
0.113040 
0.107250 
0.095610 
0.076530 
0.055770 
0.039090 
0.032250 
0.032250 
0.032250 
0.032250 
0.032250 
0.032250 
0.032250 
0.032250 
0.032250 
0.032250 
0.032250 
0.032250 
0.032250 
0.032250 
0.032250 
0.032250 
0.045666 
0.077658 
0.115842 
0.147834 
0.161250 
0.161250 
0.161250 
0.161250 
0.161250 
0.161250 
0.161250 
0.161250 
0.161250 
0.161250 
0.161250 
0.161250 
0.161250 
0.161250 
0.161250 
0.161250 
0.155182 
0.139950 
0.120011 
0.099825 
0.083850 
0.070558 
0.056770 
0.044469 
0.035635 
0.032250 
0.032250 
0.032250 
0.032250 
0.032250 
0.032250 
0.053076 
0.102738 
0.162012 
0.211674 
0.232500 
0.232500 
0.232500 
0.232500 
0.232500 
0.232500 
0.448170 
0.962460 
1.576290 
2.090580 
2.306250 
2.306250 
2.306250 
2.306250 
2.306250 
2.306250 
2.305192 
2.302535 
2.299057 
2.295536 
2.292750 
2.291005 
2.289747 
2.288461 
2.286634 
2.283750 
2.076082 
1.586058 
1.002392 
0.513801 
0.309000 
0.309833 
0.312278 
0.316257 
0.321691 
0.328500 
0.379254 
0.489480 
0.618534 
0.725772 
0.770550 
0.719780 
0.597557 
0.449014 
0.319284 
0.253500 
0.238012 
0.227493 
0.219557 
0.211821 
0.201900 
0.187166 
0.169110 
0.151520 
0.138187 
0.132900 
0.132987 
0.133245 
0.133669 
0.134256 
0.135000 
0.145276 
0.168592 
0.196144 
0.219131 
0.228750 
0.228750 
0.228750 
0.228750 
0.228750 
0.228750 
0.228750 
0.228750 
0.228750 
0.228750 
0.228750 
0.224850 
0.215550 
0.204450 
0.195150 
0.191250 
0.209667 
0.260841 
0.338657 
0.436998 
0.549750 
0.797754 
1.218619 
1.681383 
2.055081 
2.208750 
2.208750 
2.208750 
2.208750 
2.208750 
2.208750 
2.219483 
2.245076 
2.275624 
2.301217 
2.311950 
2.291664 
2.235535 
2.150653 
2.044111 
1.923000 
1.670338 
1.249894 
0.789880 
0.418510 
0.264000 
0.260987 
0.258636 
0.256952 
0.255939 
0.255600 
0.274337 
0.326252 
0.404904 
0.503850 
0.616650 
0.854042 
1.250997 
1.687415 
2.043199 
2.198250 
2.210088 
2.217680 
2.223103 
2.228434 
2.235750 
2.247360 
2.262030 
2.276520 
2.287590 
2.292000 
2.262778 
2.187743 
2.085844 
1.976030 
1.877250 
1.774102 
1.653872 
1.539541 
1.454090 
1.420500 
1.503336 
1.700868 
1.936632 
2.134164 
2.217000 
2.215050 
2.210400 
2.204850 
2.200200 
2.198250 
2.198250 
2.198250 
2.198250 
2.198250 
2.198250 
2.173639 
2.108295 
2.014952 
1.906342 
1.795200 
1.640518 
1.428083 
1.210819 
1.041650 
0.973500 
1.103000 
1.413834 
1.789504 
2.113509 
2.269350 
2.297882 
2.318951 
2.334544 
2.346647 
2.357250 
2.367879 
2.378020 
2.386597 
2.392532 
2.394750 
2.344853 
2.214128 
2.031027 
1.824001 
1.621500 
1.377496 
1.068622 
0.757326 
0.506053 
0.377250 
0.336947 
0.307286 
0.284875 
0.266327 
0.248250 
0.229269 
0.211071 
0.194864 
0.181855 
0.173250 
0.167460 
0.162330 
0.158220 
0.155490 
0.154500 
0.155590 
0.158549 
0.162913 
0.168218 
0.174000 
0.183900 
0.199026 
0.215112 
0.227892 
0.233100 
0.230152 
0.223121 
0.214729 
0.207698 
0.204750 
0.204750 
0.204750 
0.204750 
0.204750 
0.204750 
0.204833 
0.205070 
0.205447 
0.205945 
0.206550 
0.207934 
0.210615 
0.214343 
0.218871 
0.223950 
0.231202 
0.241554 
0.253709 
0.266373 
0.278250 
0.289544 
0.301120 
0.312673 
0.323901 
0.334500 
0.344993 
0.355619 
0.365649 
0.374353 
0.381000 
0.386406 
0.391523 
0.395827 
0.398794 
0.399900 
0.399749 
0.399303 
0.398572 
0.397568 
0.396300 
0.383598 
0.355325 
0.322050 
0.294336 
0.282750 
0.282750 
0.282750 
0.282750 
0.282750 
0.282750 
0.282750 
0.282750 
0.282750 
0.282750 
0.282750 
0.282750 
0.282750 
0.282750 
0.282750 
0.282750 
0.284239 
0.288620 
0.295767 
0.305553 
0.317850 
0.385934 
0.541715 
0.753019 
0.987672 
1.213500 
1.479045 
1.808458 
2.132973 
2.383825 
2.492250 
2.505170 
2.515333 
2.522711 
2.527276 
2.529000 
2.529266 
2.529476 
2.529627 
2.529719 
2.529750 
2.484588 
2.376894 
2.248356 
2.140662 
2.095500 
2.157884 
2.306647 
2.484203 
2.632966 
2.695350 
2.694461 
2.692340 
2.689810 
2.687689 
2.686800 
2.702026 
2.738333 
2.781667 
2.817974 
2.833200 
2.808742 
2.741580 
2.641031 
2.516415 
2.377050 
2.109624 
1.679633 
1.214606 
0.842069 
0.689550 
0.692305 
0.699428 
0.709209 
0.719937 
0.729900 
0.740971 
0.754340 
0.767273 
0.777038 
0.780900 
0.771914 
0.750487 
0.724913 
0.703486 
0.694500 
0.702612 
0.721956 
0.745044 
0.764388 
0.772500 
0.769536 
0.762468 
0.754032 
0.746964 
0.744000 
0.748368 
0.758784 
0.771216 
0.781632 
0.786000 
0.781556 
0.770027 
0.754120 
0.736542 
0.720000 
0.701118 
0.677960 
0.655393 
0.638284 
0.631500 
0.634783 
0.642790 
0.652754 
0.661913 
0.667500 
0.669771 
0.671218 
0.672429 
0.673993 
0.676500 
0.681478 
0.690312 
0.703378 
0.721049 
0.743700 
0.834850 
1.028915 
1.282614 
1.552669 
1.795800 
2.048106 
2.338485 
2.612856 
2.817138 
2.897250 
2.896314 
2.894082 
2.891418 
2.889186 
2.888250 
2.888250 
2.888250 
2.888250 
2.888250 
2.888250 
2.821781 
2.650216 
2.415315 
2.158839 
1.922550 
1.667981 
1.366450 
1.074394 
0.848248 
0.744450 
0.725174 
0.712690 
0.703574 
0.694401 
0.681750 
0.661521 
0.635621 
0.609637 
0.589151 
0.579750 
0.578213 
0.577326 
0.576682 
0.575875 
0.574500 
0.570725 
0.564092 
0.556258 
0.548875 
0.543600 
0.539894 
0.536364 
0.533382 
0.531320 
0.530550 
0.536790 
0.551670 
0.569430 
0.584310 
0.590550 
0.579443 
0.552956 
0.521344 
0.494857 
0.483750 
0.560970 
0.745110 
0.964890 
1.149030 
1.226250 
1.140450 
0.935850 
0.691650 
0.487050 
0.401250 
0.401250 
0.401250 
0.401250 
0.401250 
0.401250 
0.370924 
0.298607 
0.212293 
0.139976 
0.109650 
0.115016 
0.127813 
0.143087 
0.155884 
0.161250 
0.161250 
0.161250 
0.161250 
0.161250 
0.161250 
0.169050 
0.187650 
0.209850 
0.228450 
0.236250 
0.235939 
0.235035 
0.233582 
0.231623 
0.229200 
0.221619 
0.205495 
0.182843 
0.155674 
0.126000 
