0.048750 
0.048750 
0.048750 
0.048750 
0.048750 
0.048750 
0.048750 
0.048750 
0.048750 
0.048750 
0.048126 
0.046638 
0.044862 
0.043374 
0.042750 
0.141654 
0.377502 
0.658998 
0.894846 
0.993750 
0.916062 
0.730806 
0.509694 
0.324438 
0.246750 
0.246750 
0.246750 
0.246750 
0.246750 
0.246750 
0.228654 
0.185502 
0.133998 
0.090846 
0.072750 
0.174181 
0.416056 
0.704744 
0.946619 
1.048050 
0.964871 
0.766520 
0.529780 
0.331429 
0.248250 
0.248739 
0.250078 
0.252072 
0.254528 
0.257250 
0.260875 
0.266019 
0.272454 
0.279957 
0.288300 
0.299619 
0.314724 
0.331399 
0.347429 
0.360600 
0.371304 
0.381284 
0.390352 
0.398320 
0.405000 
0.410897 
0.416422 
0.421250 
0.425051 
0.427500 
0.429095 
0.430493 
0.431603 
0.432336 
0.432600 
0.421930 
0.396485 
0.366115 
0.340670 
0.330000 
0.332189 
0.337526 
0.344170 
0.350275 
0.354000 
0.355661 
0.356918 
0.357946 
0.358915 
0.360000 
0.361392 
0.362976 
0.364464 
0.365568 
0.366000 
0.366000 
0.366000 
0.366000 
0.366000 
0.366000 
0.365976 
0.365903 
0.365782 
0.365614 
0.365400 
0.360319 
0.348545 
0.334571 
0.322892 
0.318000 
0.323586 
0.337405 
0.355045 
0.372097 
0.384150 
0.392350 
0.400214 
0.406887 
0.411517 
0.413250 
0.413250 
0.413250 
0.413250 
0.413250 
0.413250 
0.424872 
0.452586 
0.485664 
0.513378 
0.525000 
0.514579 
0.489656 
0.459743 
0.434354 
0.423000 
0.421942 
0.421105 
0.420496 
0.420125 
0.420000 
0.423245 
0.430982 
0.440218 
0.447955 
0.451200 
0.448950 
0.442944 
0.434298 
0.424128 
0.413550 
0.398120 
0.376381 
0.353927 
0.336352 
0.329250 
0.329313 
0.329498 
0.329802 
0.330221 
0.330750 
0.335060 
0.345051 
0.358062 
0.371432 
0.382500 
0.391126 
0.399143 
0.406852 
0.414554 
0.422550 
0.432240 
0.443427 
0.454014 
0.461904 
0.465000 
0.461404 
0.451482 
0.436533 
0.417856 
0.396750 
0.356765 
0.292022 
0.219670 
0.156862 
0.120750 
0.105889 
0.094606 
0.085714 
0.078025 
0.070350 
0.061695 
0.052717 
0.044706 
0.038954 
0.036750 
0.042430 
0.056688 
0.075351 
0.094246 
0.109200 
0.121642 
0.134548 
0.146063 
0.154332 
0.157500 
0.157500 
0.157500 
0.157500 
0.157500 
0.157500 
0.157500 
0.157500 
0.157500 
0.157500 
0.157500 
0.156225 
0.152709 
0.147415 
0.140808 
0.133350 
0.118358 
0.093783 
0.067044 
0.045560 
0.036750 
0.036750 
0.036750 
0.036750 
0.036750 
0.036750 
0.036750 
0.036750 
0.036750 
0.036750 
0.036750 
0.036750 
0.036750 
0.036750 
0.036750 
0.036750 
0.036750 
0.036750 
0.036750 
0.036750 
0.036750 
0.045486 
0.066318 
0.091182 
0.112014 
0.120750 
0.120750 
0.120750 
0.120750 
0.120750 
0.120750 
0.120750 
0.120750 
0.120750 
0.120750 
0.120750 
0.117256 
0.108923 
0.098977 
0.090644 
0.087150 
0.090940 
0.100367 
0.112520 
0.124485 
0.133350 
0.139922 
0.146418 
0.152044 
0.156003 
0.157500 
0.157500 
0.157500 
0.157500 
0.157500 
0.157500 
0.157500 
0.157500 
0.157500 
0.157500 
0.157500 
0.154332 
0.146063 
0.134548 
0.121642 
0.109200 
0.094246 
0.075351 
0.056688 
0.042430 
0.036750 
0.036750 
0.036750 
0.036750 
0.036750 
0.036750 
0.036750 
0.036750 
0.036750 
0.036750 
0.036750 
0.036750 
0.036750 
0.036750 
0.036750 
0.036750 
0.036750 
0.036750 
0.036750 
0.036750 
0.036750 
0.036750 
0.036750 
0.036750 
0.036750 
0.036750 
0.045486 
0.066318 
0.091182 
0.112014 
0.120750 
0.120750 
0.120750 
0.120750 
0.120750 
0.120750 
0.120750 
0.120750 
0.120750 
0.120750 
0.120750 
0.117382 
0.109302 
0.099546 
0.091150 
0.087150 
0.086426 
0.085842 
0.085410 
0.085142 
0.085050 
0.092585 
0.110552 
0.131998 
0.149965 
0.157500 
0.157500 
0.157500 
0.157500 
0.157500 
0.157500 
0.157500 
0.157500 
0.157500 
0.157500 
0.157500 
0.157500 
0.157500 
0.157500 
0.157500 
0.157500 
0.144942 
0.114996 
0.079254 
0.049308 
0.036750 
0.036750 
0.036750 
0.036750 
0.036750 
0.036750 
0.036750 
0.036750 
0.036750 
0.036750 
0.036750 
0.036750 
0.036750 
0.036750 
0.036750 
0.036750 
0.036750 
0.036750 
0.036750 
0.036750 
0.036750 
0.036750 
0.036750 
0.036750 
0.036750 
0.036750 
0.036750 
0.036750 
0.036750 
0.036750 
0.036750 
0.036750 
0.036750 
0.036750 
0.036750 
0.036750 
0.036750 
0.036750 
0.036750 
0.036750 
0.036750 
0.036750 
0.036750 
0.036750 
0.036750 
0.036750 
0.036750 
0.036750 
0.036750 
0.036750 
0.036750 
0.043523 
0.060430 
0.082350 
0.104163 
0.120750 
0.131769 
0.141019 
0.149590 
0.158571 
0.169050 
0.184004 
0.202899 
0.221562 
0.235820 
0.241500 
0.238006 
0.229673 
0.219727 
0.211394 
0.207900 
0.212341 
0.223856 
0.239736 
0.257271 
0.273750 
0.292507 
0.315472 
0.337835 
0.354782 
0.361500 
0.348942 
0.318996 
0.283254 
0.253308 
0.240750 
0.241184 
0.242412 
0.244322 
0.246805 
0.249750 
0.254907 
0.263902 
0.276438 
0.292220 
0.310950 
0.338509 
0.380750 
0.437337 
0.507932 
0.592200 
0.774174 
1.076523 
1.406866 
1.672819 
1.782000 
1.781012 
1.778532 
1.775287 
1.772001 
1.769400 
1.767236 
1.764992 
1.762989 
1.761551 
1.761000 
1.767490 
1.782965 
1.801435 
1.816910 
1.823400 
1.672844 
1.313827 
0.885323 
0.526306 
0.375750 
0.376717 
0.379024 
0.381776 
0.384083 
0.385050 
0.384881 
0.384381 
0.383560 
0.382430 
0.381000 
0.365016 
0.329178 
0.286932 
0.251724 
0.237000 
0.240168 
0.248437 
0.259952 
0.272858 
0.285300 
0.300254 
0.319149 
0.337812 
0.352070 
0.357750 
0.342540 
0.306270 
0.262980 
0.226710 
0.211500 
0.211500 
0.211500 
0.211500 
0.211500 
0.211500 
0.211500 
0.211500 
0.211500 
0.211500 
0.211500 
0.198942 
0.168996 
0.133254 
0.103308 
0.090750 
0.090750 
0.090750 
0.090750 
0.090750 
0.090750 
0.090750 
0.090750 
0.090750 
0.090750 
0.090750 
0.096272 
0.109441 
0.125159 
0.138328 
0.143850 
0.138328 
0.125159 
0.109441 
0.096272 
0.090750 
0.095546 
0.107826 
0.124428 
0.142190 
0.157950 
0.173991 
0.192422 
0.209823 
0.222773 
0.227850 
0.222328 
0.209159 
0.193441 
0.180272 
0.174750 
0.175546 
0.177527 
0.180085 
0.182612 
0.184500 
0.185649 
0.186519 
0.187339 
0.188340 
0.189750 
0.191906 
0.195057 
0.199306 
0.204753 
0.211500 
0.224976 
0.248106 
0.277233 
0.308700 
0.338850 
0.373465 
0.415122 
0.455356 
0.485703 
0.497700 
0.464694 
0.384109 
0.283592 
0.190789 
0.133350 
0.103757 
0.077356 
0.056093 
0.041910 
0.036750 
0.036750 
0.036750 
0.036750 
0.036750 
0.036750 
0.036750 
0.036750 
0.036750 
0.036750 
0.036750 
0.036750 
0.036750 
0.036750 
0.036750 
0.036750 
0.036750 
0.036750 
0.036750 
0.036750 
0.036750 
0.037637 
0.040083 
0.043766 
0.048362 
0.053550 
0.063979 
0.081075 
0.099676 
0.114621 
0.120750 
0.120750 
0.120750 
0.120750 
0.120750 
0.120750 
0.120750 
0.120750 
0.120750 
0.120750 
0.120750 
0.116799 
0.106880 
0.093897 
0.080753 
0.070350 
0.061695 
0.052717 
0.044706 
0.038954 
0.036750 
0.036750 
0.036750 
0.036750 
0.036750 
0.036750 
0.036750 
0.036750 
0.036750 
0.036750 
0.036750 
0.036750 
0.036750 
0.036750 
0.036750 
0.036750 
0.036750 
0.036750 
0.036750 
0.036750 
0.036750 
0.036750 
0.036750 
0.036750 
0.036750 
0.036750 
0.042430 
0.056688 
0.075351 
0.094246 
0.109200 
0.121642 
0.134548 
0.146063 
0.154332 
0.157500 
0.157500 
0.157500 
0.157500 
0.157500 
0.157500 
0.157500 
0.157500 
0.157500 
0.157500 
0.157500 
0.156225 
0.152709 
0.147415 
0.140808 
0.133350 
0.118358 
0.093783 
0.067044 
0.045560 
0.036750 
0.036750 
0.036750 
0.036750 
0.036750 
0.036750 
0.036750 
0.036750 
0.036750 
0.036750 
0.036750 
0.036750 
0.036750 
0.036750 
0.036750 
0.036750 
0.036750 
0.036750 
0.036750 
0.036750 
0.036750 
0.036750 
0.036750 
0.036750 
0.036750 
0.036750 
0.036750 
0.036750 
0.036750 
0.036750 
0.036750 
0.036750 
0.036750 
0.036750 
0.036750 
0.036750 
0.036750 
0.036750 
0.036750 
0.036750 
0.036750 
0.036750 
0.036750 
0.036750 
0.036750 
0.036750 
0.036750 
0.036750 
0.036750 
0.036750 
0.036750 
0.036750 
0.036750 
0.036750 
0.036750 
0.036750 
0.036750 
0.036750 
0.036750 
0.036750 
0.036750 
0.036750 
0.036750 
0.036750 
0.036750 
0.036750 
0.037510 
0.039703 
0.043195 
0.047855 
0.053550 
0.077045 
0.124150 
0.178303 
0.222940 
0.241500 
0.241500 
0.241500 
0.241500 
0.241500 
0.241500 
0.241500 
0.241500 
0.241500 
0.241500 
0.241500 
0.238445 
0.230319 
0.218680 
0.205088 
0.191100 
0.173449 
0.150303 
0.125378 
0.102388 
0.085050 
0.071531 
0.058491 
0.047380 
0.039649 
0.036750 
0.036750 
0.036750 
0.036750 
0.036750 
0.036750 
0.036750 
0.036750 
0.036750 
0.036750 
0.036750 
0.036750 
0.036750 
0.036750 
0.036750 
0.036750 
0.036750 
0.036750 
0.036750 
0.036750 
0.036750 
0.036750 
0.036750 
0.036750 
0.036750 
0.036750 
0.036750 
0.036750 
0.036750 
0.036750 
0.036750 
0.036750 
0.036750 
0.036750 
0.036750 
0.036750 
0.036750 
0.036750 
0.036750 
0.036750 
0.036750 
0.040701 
0.050620 
0.063603 
0.076747 
0.087150 
0.095805 
0.104783 
0.112794 
0.118546 
0.120750 
0.120750 
0.120750 
0.120750 
0.120750 
0.120750 
0.120750 
0.120750 
0.120750 
0.120750 
0.120750 
0.112014 
0.091182 
0.066318 
0.045486 
0.036750 
0.036750 
0.036750 
0.036750 
0.036750 
0.036750 
0.036750 
0.036750 
0.036750 
0.036750 
0.036750 
0.036750 
0.036750 
0.036750 
0.036750 
0.036750 
0.036750 
0.036750 
0.036750 
0.036750 
0.036750 
0.036750 
0.036750 
0.036750 
0.036750 
0.036750 
0.036750 
0.036750 
0.036750 
0.036750 
0.036750 
0.036750 
0.036750 
0.036750 
0.036750 
0.036750 
0.036750 
0.036750 
0.036750 
0.036750 
0.036750 
0.040850 
0.051737 
0.067294 
0.085404 
0.103950 
0.129812 
0.165369 
0.201750 
0.230084 
0.241500 
0.241500 
0.241500 
0.241500 
0.241500 
0.241500 
0.240613 
0.238167 
0.234484 
0.229888 
0.224700 
0.216502 
0.203869 
0.188615 
0.172554 
0.157500 
0.142895 
0.127521 
0.112205 
0.097772 
0.085050 
0.072608 
0.059702 
0.048187 
0.039918 
0.036750 
0.037537 
0.039592 
0.042452 
0.045659 
0.048750 
0.052465 
0.057160 
0.061796 
0.065339 
0.066750 
0.066750 
0.066750 
0.066750 
0.066750 
0.066750 
0.066387 
0.065421 
0.064037 
0.062418 
0.060750 
0.058380 
0.055087 
0.051705 
0.049065 
0.048000 
0.048000 
0.048000 
0.048000 
0.048000 
0.048000 
0.048000 
0.048000 
0.048000 
0.048000 
0.048000 
0.050247 
0.056229 
0.064807 
0.074844 
0.085200 
0.099956 
0.120482 
0.141582 
0.158054 
0.164700 
0.161830 
0.154985 
0.146815 
0.139970 
0.137100 
0.151114 
0.184997 
0.226513 
0.263427 
0.283500 
0.290610 
0.296610 
0.301230 
0.304200 
0.305250 
0.305250 
0.305250 
0.305250 
0.305250 
0.305250 
0.313986 
0.334818 
0.359682 
0.380514 
0.389250 
0.379540 
0.356255 
0.328165 
0.304040 
0.292650 
0.290729 
0.289185 
0.288046 
0.287341 
0.287100 
0.290173 
0.297502 
0.306248 
0.313577 
0.316650 
0.311408 
0.298909 
0.283991 
0.271492 
0.266250 
0.266250 
0.266250 
0.266250 
0.266250 
0.266250 
0.266250 
0.266250 
0.266250 
0.266250 
0.266250 
0.266545 
0.267316 
0.268388 
0.269591 
0.270750 
0.272143 
0.273904 
0.275642 
0.276971 
0.277500 
0.277500 
0.277500 
0.277500 
0.277500 
0.277500 
0.283127 
0.297734 
0.317913 
0.340254 
0.361350 
0.385597 
0.415453 
0.444601 
0.466722 
0.475500 
0.465261 
0.439690 
0.406503 
0.373417 
0.348150 
0.329235 
0.310971 
0.294724 
0.281862 
0.273750 
0.269593 
0.266975 
0.264830 
0.262094 
0.257700 
0.243086 
0.216302 
0.186205 
0.161652 
0.151500 
0.151500 
0.151500 
0.151500 
0.151500 
0.151500 
0.159986 
0.180223 
0.204377 
0.224614 
0.233100 
0.233100 
0.233100 
0.233100 
0.233100 
0.233100 
0.224546 
0.203995 
0.179110 
0.157557 
0.147000 
0.144696 
0.142821 
0.141424 
0.140551 
0.140250 
0.140250 
0.140250 
0.140250 
0.140250 
0.140250 
0.140250 
0.140250 
0.140250 
0.140250 
0.140250 
0.140250 
0.140250 
0.140250 
0.140250 
0.140250 
0.138503 
0.134336 
0.129364 
0.125197 
0.123450 
0.123594 
0.124021 
0.124721 
0.125684 
0.126900 
0.139676 
0.168204 
0.201804 
0.229796 
0.241500 
0.241500 
0.241500 
0.241500 
0.241500 
0.241500 
0.241500 
0.241500 
0.241500 
0.241500 
0.241500 
0.240625 
0.238192 
0.234486 
0.229793 
0.224400 
0.212694 
0.192819 
0.170697 
0.152250 
0.143400 
0.141493 
0.139950 
0.138806 
0.138095 
0.137850 
0.144539 
0.160894 
0.181345 
0.200320 
0.212250 
0.218627 
0.224359 
0.229002 
0.232114 
0.233250 
0.233250 
0.233250 
0.233250 
0.233250 
0.233250 
0.233250 
0.233250 
0.233250 
0.233250 
0.233250 
0.233250 
0.233250 
0.233250 
0.233250 
0.233250 
0.241184 
0.260533 
0.284615 
0.306748 
0.320250 
0.326121 
0.330382 
0.333882 
0.337472 
0.342000 
0.347584 
0.353759 
0.360502 
0.367790 
0.375600 
0.383469 
0.391548 
0.400731 
0.411916 
0.426000 
0.451138 
0.489790 
0.534308 
0.577044 
0.610350 
0.636232 
0.660771 
0.682434 
0.699688 
0.711000 
0.717483 
0.722025 
0.725756 
0.729804 
0.735300 
0.744856 
0.758107 
0.771708 
0.782320 
0.786600 
0.780258 
0.763722 
0.740727 
0.715008 
0.690300 
0.660834 
0.623769 
0.587232 
0.559350 
0.548250 
0.549915 
0.554404 
0.560954 
0.568807 
0.577200 
0.590570 
0.610289 
0.631003 
0.647358 
0.654000 
0.644640 
0.622320 
0.595680 
0.573360 
0.564000 
0.564438 
0.565505 
0.566834 
0.568055 
0.568800 
0.569094 
0.569269 
0.569417 
0.569630 
0.570000 
0.618666 
0.734025 
0.871550 
0.986717 
1.035000 
1.009350 
0.944161 
0.857071 
0.765721 
0.687750 
0.613757 
0.531893 
0.456125 
0.400422 
0.378750 
0.379162 
0.380347 
0.382225 
0.384719 
0.387750 
0.395145 
0.409619 
0.429426 
0.452818 
0.478050 
0.514826 
0.566448 
0.621568 
0.668835 
0.696900 
0.709888 
0.720010 
0.728048 
0.734784 
0.741000 
0.747475 
0.753924 
0.759536 
0.763499 
0.765000 
0.763395 
0.758986 
0.752379 
0.744181 
0.735000 
0.717254 
0.688634 
0.657651 
0.632819 
0.622650 
0.623851 
0.626716 
0.630134 
0.632999 
0.634200 
0.631315 
0.624266 
0.615466 
0.607323 
0.602250 
0.599595 
0.597218 
0.595300 
0.594017 
0.593550 
0.596873 
0.604796 
0.614254 
0.622177 
0.625500 
0.622766 
0.615917 
0.606986 
0.598003 
0.591000 
0.585818 
0.580987 
0.576572 
0.572638 
0.569250 
0.566022 
0.562799 
0.559989 
0.558003 
0.557250 
0.557250 
0.557250 
0.557250 
0.557250 
0.557250 
0.561836 
0.573331 
0.588337 
0.603459 
0.615300 
0.623276 
0.629834 
0.636124 
0.643296 
0.652500 
0.668881 
0.692607 
0.717368 
0.736853 
0.744750 
0.743783 
0.741476 
0.738724 
0.736417 
0.735450 
0.736576 
0.739705 
0.744461 
0.750468 
0.757350 
0.772422 
0.797959 
0.826025 
0.848684 
0.858000 
0.795371 
0.645454 
0.465201 
0.311565 
0.241500 
0.234386 
0.230347 
0.227450 
0.223762 
0.217350 
0.195902 
0.156556 
0.111555 
0.073139 
0.053550 
0.047902 
0.043248 
0.039738 
0.037522 
0.036750 
0.036750 
0.036750 
0.036750 
0.036750 
0.036750 
0.036750 
0.036750 
0.036750 
0.036750 
0.036750 
0.036750 
0.036750 
0.036750 
0.036750 
0.036750 
0.036750 
0.036750 
0.036750 
0.036750 
0.036750 
