0.042000 
0.042000 
0.042000 
0.042000 
0.042000 
0.042000 
0.042000 
0.042000 
0.042000 
0.042000 
0.042000 
0.042000 
0.042000 
0.042000 
0.042000 
0.042000 
0.042000 
0.042000 
0.042000 
0.042000 
0.042000 
0.042000 
0.042000 
0.042000 
0.042000 
0.042000 
0.042000 
0.042000 
0.042000 
0.042000 
0.042000 
0.042000 
0.042000 
0.042000 
0.042000 
0.042000 
0.042000 
0.042000 
0.042000 
0.042000 
0.050190 
0.069720 
0.093030 
0.112560 
0.120750 
0.120750 
0.120750 
0.120750 
0.120750 
0.120750 
0.120750 
0.120750 
0.120750 
0.120750 
0.120750 
0.118684 
0.113291 
0.105781 
0.097364 
0.089250 
0.079498 
0.067175 
0.055003 
0.045704 
0.042000 
0.042000 
0.042000 
0.042000 
0.042000 
0.042000 
0.042000 
0.042000 
0.042000 
0.042000 
0.042000 
0.042000 
0.042000 
0.042000 
0.042000 
0.042000 
0.042000 
0.042000 
0.042000 
0.042000 
0.042000 
0.042000 
0.042000 
0.042000 
0.042000 
0.042000 
0.042000 
0.042000 
0.042000 
0.042000 
0.042000 
0.042000 
0.042000 
0.042000 
0.042000 
0.042000 
0.042000 
0.042000 
0.042000 
0.042000 
0.042000 
0.042000 
0.042000 
0.042000 
0.042000 
0.042000 
0.042000 
0.042000 
0.042000 
0.042000 
0.042000 
0.047746 
0.061757 
0.079195 
0.095222 
0.105000 
0.109864 
0.114173 
0.117625 
0.119918 
0.120750 
0.120750 
0.120750 
0.120750 
0.120750 
0.120750 
0.119918 
0.117625 
0.114173 
0.109864 
0.105000 
0.095222 
0.079195 
0.061757 
0.047746 
0.042000 
0.042000 
0.042000 
0.042000 
0.042000 
0.042000 
0.042000 
0.042000 
0.042000 
0.042000 
0.042000 
0.042000 
0.042000 
0.042000 
0.042000 
0.042000 
0.042000 
0.042000 
0.042000 
0.042000 
0.042000 
0.042000 
0.042000 
0.042000 
0.042000 
0.042000 
0.042000 
0.042000 
0.042000 
0.042000 
0.042000 
0.042000 
0.042000 
0.042000 
0.042000 
0.042000 
0.044066 
0.049459 
0.056969 
0.065386 
0.073500 
0.083252 
0.095575 
0.107747 
0.117046 
0.120750 
0.120750 
0.120750 
0.120750 
0.120750 
0.120750 
0.120750 
0.120750 
0.120750 
0.120750 
0.120750 
0.115004 
0.100993 
0.083555 
0.067528 
0.057750 
0.052886 
0.048577 
0.045125 
0.042832 
0.042000 
0.042000 
0.042000 
0.042000 
0.042000 
0.042000 
0.042000 
0.042000 
0.042000 
0.042000 
0.042000 
0.042000 
0.042000 
0.042000 
0.042000 
0.042000 
0.042000 
0.042000 
0.042000 
0.042000 
0.042000 
0.042000 
0.042000 
0.042000 
0.042000 
0.042000 
0.042000 
0.042000 
0.042000 
0.042000 
0.042000 
0.042000 
0.042000 
0.042000 
0.042000 
0.042000 
0.042000 
0.042000 
0.042000 
0.042000 
0.042000 
0.042000 
0.042000 
0.042000 
0.042000 
0.042000 
0.042000 
0.042000 
0.042000 
0.042000 
0.042000 
0.042000 
0.042000 
0.042000 
0.042000 
0.042000 
0.042000 
0.042000 
0.042000 
0.042000 
0.042000 
0.042000 
0.042000 
0.042000 
0.042000 
0.042000 
0.042000 
0.042000 
0.042000 
0.042000 
0.042000 
0.042000 
0.042000 
0.042000 
0.042000 
0.042000 
0.042000 
0.042000 
0.042000 
0.042000 
0.042000 
0.042000 
0.042000 
0.042000 
0.042000 
0.042000 
0.042000 
0.042000 
0.042000 
0.042000 
0.042000 
0.042000 
0.042000 
0.042000 
0.042000 
0.042000 
0.042000 
0.042000 
0.042000 
0.042000 
0.042000 
0.042000 
0.042000 
0.042000 
0.042000 
0.042000 
0.042000 
0.042000 
0.042000 
0.042000 
0.042000 
0.042000 
0.042000 
0.042000 
0.042000 
0.042000 
0.042000 
0.042000 
0.042000 
0.042000 
0.042000 
0.050190 
0.069720 
0.093030 
0.112560 
0.120750 
0.120750 
0.120750 
0.120750 
0.120750 
0.120750 
0.120750 
0.120750 
0.120750 
0.120750 
0.120750 
0.118684 
0.113291 
0.105781 
0.097364 
0.089250 
0.079498 
0.067175 
0.055003 
0.045704 
0.042000 
0.042000 
0.042000 
0.042000 
0.042000 
0.042000 
0.042000 
0.042000 
0.042000 
0.042000 
0.042000 
0.042000 
0.042000 
0.042000 
0.042000 
0.042000 
0.042000 
0.042000 
0.042000 
0.042000 
0.042000 
0.042000 
0.042000 
0.042000 
0.042000 
0.042000 
0.042000 
0.042000 
0.042000 
0.042000 
0.042000 
0.050190 
0.069720 
0.093030 
0.112560 
0.120750 
0.120750 
0.120750 
0.120750 
0.120750 
0.120750 
0.120750 
0.120750 
0.120750 
0.120750 
0.120750 
0.118684 
0.113291 
0.105781 
0.097364 
0.089250 
0.079498 
0.067175 
0.055003 
0.045704 
0.042000 
0.042000 
0.042000 
0.042000 
0.042000 
0.042000 
0.042000 
0.042000 
0.042000 
0.042000 
0.042000 
0.042000 
0.042000 
0.042000 
0.042000 
0.042000 
0.042706 
0.044477 
0.046795 
0.049142 
0.051000 
0.052190 
0.053082 
0.053979 
0.055184 
0.057000 
0.063730 
0.077523 
0.095451 
0.114586 
0.132000 
0.148771 
0.166860 
0.184664 
0.200578 
0.213000 
0.223327 
0.233290 
0.241779 
0.247685 
0.249900 
0.248870 
0.246415 
0.243485 
0.241030 
0.240000 
0.240265 
0.241004 
0.242136 
0.243579 
0.245250 
0.247937 
0.252283 
0.257984 
0.264740 
0.272250 
0.284487 
0.302408 
0.321185 
0.335992 
0.342000 
0.338256 
0.329328 
0.318672 
0.309744 
0.306000 
0.306000 
0.306000 
0.306000 
0.306000 
0.306000 
0.304592 
0.300875 
0.295613 
0.289567 
0.283500 
0.275483 
0.264787 
0.253975 
0.245608 
0.242250 
0.242250 
0.242250 
0.242250 
0.242250 
0.242250 
0.383661 
0.757352 
1.287514 
1.898333 
2.514000 
3.336804 
4.441565 
5.561269 
6.428902 
6.777450 
6.323053 
5.239492 
3.946208 
2.862647 
2.408250 
2.408250 
2.408250 
2.408250 
2.408250 
2.408250 
2.170896 
1.604898 
0.929352 
0.363354 
0.126000 
0.126000 
0.126000 
0.126000 
0.126000 
0.126000 
0.126000 
0.126000 
0.126000 
0.126000 
0.126000 
0.126000 
0.126000 
0.126000 
0.126000 
0.126000 
0.126000 
0.126000 
0.126000 
0.126000 
0.126000 
0.126118 
0.126426 
0.126855 
0.127336 
0.127800 
0.128185 
0.128544 
0.128980 
0.129598 
0.130500 
0.429338 
1.140390 
1.988704 
2.699325 
2.997300 
2.888575 
2.613789 
2.250026 
1.874368 
1.563900 
1.285459 
0.986173 
0.713563 
0.515148 
0.438450 
0.566557 
0.872044 
1.236656 
1.542143 
1.670250 
1.670250 
1.670250 
1.670250 
1.670250 
1.670250 
1.672506 
1.679196 
1.690203 
1.705410 
1.724700 
1.982575 
2.567857 
3.261906 
3.846083 
4.101750 
4.118524 
4.131725 
4.141263 
4.147051 
4.149000 
4.036660 
3.762708 
3.421745 
3.108375 
2.917200 
2.839526 
2.790114 
2.748743 
2.695195 
2.609250 
2.297114 
1.709690 
1.043810 
0.496303 
0.264000 
0.255902 
0.249697 
0.245245 
0.242410 
0.241050 
0.240512 
0.240166 
0.239909 
0.239638 
0.239250 
0.238614 
0.237775 
0.236894 
0.236132 
0.235650 
0.235372 
0.235126 
0.234929 
0.234798 
0.234750 
0.244266 
0.266958 
0.294042 
0.316734 
0.326250 
0.326250 
0.326250 
0.326250 
0.326250 
0.326250 
0.323436 
0.315990 
0.305406 
0.293178 
0.280800 
0.264888 
0.243920 
0.222177 
0.203943 
0.193500 
0.188663 
0.184533 
0.181322 
0.179241 
0.178500 
0.178712 
0.179243 
0.179939 
0.180643 
0.181200 
0.181664 
0.182145 
0.182574 
0.182882 
0.183000 
0.183000 
0.183000 
0.183000 
0.183000 
0.183000 
0.168336 
0.133368 
0.091632 
0.056664 
0.042000 
0.042832 
0.045125 
0.048577 
0.052886 
0.057750 
0.067528 
0.083555 
0.100993 
0.115004 
0.120750 
0.120750 
0.120750 
0.120750 
0.120750 
0.120750 
0.120750 
0.120750 
0.120750 
0.120750 
0.120750 
0.117046 
0.107747 
0.095575 
0.083252 
0.073500 
0.065386 
0.056969 
0.049459 
0.044066 
0.042000 
0.042000 
0.042000 
0.042000 
0.042000 
0.042000 
0.042000 
0.042000 
0.042000 
0.042000 
0.042000 
0.042000 
0.042000 
0.042000 
0.042000 
0.042000 
0.042000 
0.042000 
0.042000 
0.042000 
0.042000 
0.042000 
0.042000 
0.042000 
0.042000 
0.042000 
0.042000 
0.042000 
0.042000 
0.042000 
0.042000 
0.042832 
0.045125 
0.048577 
0.052886 
0.057750 
0.067528 
0.083555 
0.100993 
0.115004 
0.120750 
0.120750 
0.120750 
0.120750 
0.120750 
0.120750 
0.120750 
0.120750 
0.120750 
0.120750 
0.120750 
0.117046 
0.107747 
0.095575 
0.083252 
0.073500 
0.065386 
0.056969 
0.049459 
0.044066 
0.042000 
0.042000 
0.042000 
0.042000 
0.042000 
0.042000 
0.042000 
0.042000 
0.042000 
0.042000 
0.042000 
0.042000 
0.042000 
0.042000 
0.042000 
0.042000 
0.042000 
0.042000 
0.042000 
0.042000 
0.042000 
0.042000 
0.042000 
0.042000 
0.042000 
0.042000 
0.042000 
0.042000 
0.042000 
0.042000 
0.042000 
0.042000 
0.042000 
0.042000 
0.042000 
0.042000 
0.045704 
0.055003 
0.067175 
0.079498 
0.089250 
0.097364 
0.105781 
0.113291 
0.118684 
0.120750 
0.120750 
0.120750 
0.120750 
0.120750 
0.120750 
0.120750 
0.120750 
0.120750 
0.120750 
0.120750 
0.112560 
0.093030 
0.069720 
0.050190 
0.042000 
0.042000 
0.042000 
0.042000 
0.042000 
0.042000 
0.042000 
0.042000 
0.042000 
0.042000 
0.042000 
0.042000 
0.042000 
0.042000 
0.042000 
0.042000 
0.042000 
0.042000 
0.042000 
0.042000 
0.042000 
0.042000 
0.042000 
0.042000 
0.042000 
0.042000 
0.042000 
0.042000 
0.042000 
0.042000 
0.042000 
0.042000 
0.042000 
0.042000 
0.042000 
0.042000 
0.042000 
0.042000 
0.042000 
0.042000 
0.042000 
0.042000 
0.042000 
0.042000 
0.042000 
0.042000 
0.051984 
0.075792 
0.104208 
0.128016 
0.138000 
0.138000 
0.138000 
0.138000 
0.138000 
0.138000 
0.138000 
0.138000 
0.138000 
0.138000 
0.138000 
0.138000 
0.138000 
0.138000 
0.138000 
0.138000 
0.138000 
0.138000 
0.138000 
0.138000 
0.138000 
0.138158 
0.138595 
0.139253 
0.140074 
0.141000 
0.142862 
0.145915 
0.149237 
0.151906 
0.153000 
0.153000 
0.153000 
0.153000 
0.153000 
0.153000 
0.153000 
0.153000 
0.153000 
0.153000 
0.153000 
0.319513 
0.725571 
1.230952 
1.695436 
1.978800 
2.119752 
2.244636 
2.344690 
2.411149 
2.435250 
2.435250 
2.435250 
2.435250 
2.435250 
2.435250 
2.435069 
2.434528 
2.433627 
2.432367 
2.430750 
2.263088 
1.856886 
1.351936 
0.888027 
0.604950 
0.463998 
0.339114 
0.239060 
0.172601 
0.148500 
0.148500 
0.148500 
0.148500 
0.148500 
0.148500 
0.148500 
0.148500 
0.148500 
0.148500 
0.148500 
0.220712 
0.392911 
0.598439 
0.770638 
0.842850 
0.820688 
0.764053 
0.687719 
0.606460 
0.535050 
0.465469 
0.387868 
0.314277 
0.256727 
0.227250 
0.217975 
0.211881 
0.207275 
0.202462 
0.195750 
0.184506 
0.169519 
0.154230 
0.142077 
0.136500 
0.135457 
0.134622 
0.134008 
0.133629 
0.133500 
0.133500 
0.133500 
0.133500 
0.133500 
0.133500 
0.133500 
0.133500 
0.133500 
0.133500 
0.133500 
0.133500 
0.133500 
0.133500 
0.133500 
0.133500 
0.133500 
0.133500 
0.133500 
0.133500 
0.133500 
0.133500 
0.133500 
0.133500 
0.133500 
0.133500 
0.133500 
0.133500 
0.133500 
0.133500 
0.133500 
0.143945 
0.172874 
0.216682 
0.271759 
0.334500 
0.466152 
0.685981 
0.927404 
1.123838 
1.208700 
1.214370 
1.218155 
1.220859 
1.223289 
1.226250 
1.229405 
1.232219 
1.235194 
1.238836 
1.243650 
1.254452 
1.272158 
1.291423 
1.306902 
1.313250 
1.313250 
1.313250 
1.313250 
1.313250 
1.313250 
1.305561 
1.284105 
1.251299 
1.209558 
1.161300 
1.049254 
0.855402 
0.641044 
0.467477 
0.396000 
0.396000 
0.396000 
0.396000 
0.396000 
0.396000 
0.396000 
0.396000 
0.396000 
0.396000 
0.396000 
0.387810 
0.368280 
0.344970 
0.325440 
0.317250 
0.317250 
0.317250 
0.317250 
0.317250 
0.317250 
0.317155 
0.316893 
0.316498 
0.316006 
0.315450 
0.314333 
0.312501 
0.310508 
0.308907 
0.308250 
0.326349 
0.372754 
0.435624 
0.503119 
0.563400 
0.625506 
0.697354 
0.765418 
0.816175 
0.836100 
0.772078 
0.619409 
0.437191 
0.284522 
0.220500 
0.220729 
0.221331 
0.222179 
0.223144 
0.224100 
0.225016 
0.226005 
0.227151 
0.228538 
0.230250 
0.233652 
0.239012 
0.244771 
0.249370 
0.251250 
0.251250 
0.251250 
0.251250 
0.251250 
0.251250 
0.253316 
0.258709 
0.266219 
0.274636 
0.282750 
0.292502 
0.304825 
0.316997 
0.326296 
0.330000 
0.322869 
0.305054 
0.281926 
0.258851 
0.241200 
0.229182 
0.218839 
0.209284 
0.199633 
0.189000 
0.175140 
0.158602 
0.142695 
0.130725 
0.126000 
0.126858 
0.128904 
0.131346 
0.133392 
0.134250 
0.133914 
0.133002 
0.131658 
0.130026 
0.128250 
0.125226 
0.120618 
0.115722 
0.111834 
0.110250 
0.110250 
0.110250 
0.110250 
0.110250 
0.110250 
0.110250 
0.110250 
0.110250 
0.110250 
0.110250 
0.110211 
0.110098 
0.109914 
0.109663 
0.109350 
0.107196 
0.102556 
0.097132 
0.092629 
0.090750 
0.094954 
0.105343 
0.118580 
0.131327 
0.140250 
0.145278 
0.149097 
0.152502 
0.156288 
0.161250 
0.169829 
0.181900 
0.194405 
0.204290 
0.208500 
0.208763 
0.208902 
0.208999 
0.209137 
0.209400 
0.214056 
0.224649 
0.237174 
0.247626 
0.252000 
0.249829 
0.244406 
0.237369 
0.230355 
0.225000 
0.220815 
0.216591 
0.212884 
0.210251 
0.209250 
0.209250 
0.209250 
0.209250 
0.209250 
0.209250 
0.209250 
0.209250 
0.209250 
0.209250 
0.209250 
0.210661 
0.214204 
0.218840 
0.223535 
0.227250 
0.229770 
0.231834 
0.233839 
0.236178 
0.239250 
0.244218 
0.251263 
0.259304 
0.267260 
0.274050 
0.279715 
0.285038 
0.290047 
0.294775 
0.299250 
0.303055 
0.306204 
0.309369 
0.313226 
0.318450 
0.327808 
0.342206 
0.359532 
0.377668 
0.394500 
0.411036 
0.428687 
0.445945 
0.461302 
0.473250 
0.483150 
0.492671 
0.500767 
0.506392 
0.508500 
0.508188 
0.507444 
0.506556 
0.505812 
0.505500 
0.517013 
0.544466 
0.577234 
0.604687 
0.616200 
0.615295 
0.613138 
0.610562 
0.608405 
0.607500 
0.607890 
0.608820 
0.609930 
0.610860 
0.611250 
0.610002 
0.607026 
0.603474 
0.600498 
0.599250 
0.659528 
0.803269 
0.974831 
1.118572 
1.178850 
1.155893 
1.097428 
1.019061 
0.936399 
0.865050 
0.795978 
0.718748 
0.646863 
0.593829 
0.573150 
0.574259 
0.577222 
0.581490 
0.586515 
0.591750 
0.597995 
0.605977 
0.615037 
0.624515 
0.633750 
0.643018 
0.652772 
0.662616 
0.672157 
0.681000 
0.689566 
0.698164 
0.706228 
0.713195 
0.718500 
0.722803 
0.726866 
0.730277 
0.732626 
0.733500 
0.674240 
0.531210 
0.356535 
0.202340 
0.120750 
0.094696 
0.072933 
0.056322 
0.045724 
0.042000 
0.042000 
0.042000 
0.042000 
0.042000 
0.042000 
0.042000 
0.042000 
0.042000 
0.042000 
0.042000 
0.042000 
0.042000 
0.042000 
0.042000 
0.042000 
0.042000 
0.042000 
0.042000 
0.042000 
0.042000 
0.042000 
0.042000 
0.042000 
0.042000 
0.042000 
0.042000 
0.042000 
0.042000 
0.042000 
0.042000 
0.065466 
0.123048 
0.195522 
0.263664 
0.308250 
0.334272 
0.358146 
0.377784 
0.391098 
0.396000 
0.395742 
0.395016 
0.393894 
0.392448 
0.390750 
0.386799 
0.379796 
0.371618 
0.364144 
0.359250 
0.356330 
0.353674 
0.351502 
0.350037 
0.349500 
0.358772 
0.381607 
0.410531 
0.438070 
0.456750 
0.466002 
0.472015 
0.477451 
0.484975 
0.497250 
0.570066 
0.735069 
0.958704 
1.207416 
1.447650 
1.734565 
2.093637 
2.446786 
2.715933 
2.823000 
2.816682 
2.801616 
2.783634 
2.768568 
2.762250 
2.765058 
2.771754 
2.779746 
2.786442 
2.789250 
2.733311 
2.586296 
2.379412 
2.143861 
1.910850 
1.613676 
1.225122 
0.835620 
0.535602 
0.415500 
0.417402 
0.422437 
0.429596 
0.437870 
0.446250 
0.457594 
0.472936 
0.488531 
0.500634 
0.505500 
0.504012 
0.499296 
0.490974 
0.478668 
0.462000 
