0.024750 
0.024750 
0.024750 
0.024750 
0.024750 
0.024750 
0.024750 
0.024750 
0.024750 
0.024750 
0.024750 
0.024750 
0.024750 
0.024750 
0.024750 
0.024750 
0.024750 
0.024750 
0.024750 
0.024750 
0.026318 
0.030642 
0.037153 
0.045279 
0.054450 
0.072888 
0.103110 
0.135994 
0.162415 
0.173250 
0.173250 
0.173250 
0.173250 
0.173250 
0.173250 
0.173250 
0.173250 
0.173250 
0.173250 
0.173250 
0.173250 
0.173250 
0.173250 
0.173250 
0.173250 
0.162415 
0.135994 
0.103110 
0.072888 
0.054450 
0.045279 
0.037153 
0.030642 
0.026318 
0.024750 
0.024750 
0.024750 
0.024750 
0.024750 
0.024750 
0.024750 
0.024750 
0.024750 
0.024750 
0.024750 
0.024750 
0.024750 
0.024750 
0.024750 
0.024750 
0.024750 
0.024750 
0.024750 
0.024750 
0.024750 
0.024750 
0.024750 
0.024750 
0.024750 
0.024750 
0.024750 
0.024750 
0.024750 
0.024750 
0.024750 
0.024750 
0.024750 
0.024750 
0.024750 
0.024750 
0.024750 
0.024750 
0.024750 
0.024750 
0.024750 
0.028647 
0.038816 
0.052977 
0.068849 
0.084150 
0.102540 
0.125778 
0.148730 
0.166265 
0.173250 
0.173250 
0.173250 
0.173250 
0.173250 
0.173250 
0.173250 
0.173250 
0.173250 
0.173250 
0.173250 
0.173250 
0.173250 
0.173250 
0.173250 
0.173250 
0.169288 
0.159839 
0.148561 
0.139112 
0.135150 
0.138020 
0.144865 
0.153035 
0.159880 
0.162750 
0.162750 
0.162750 
0.162750 
0.162750 
0.162750 
0.162750 
0.162750 
0.162750 
0.162750 
0.162750 
0.152682 
0.128129 
0.097570 
0.069484 
0.052350 
0.043827 
0.036276 
0.030226 
0.026207 
0.024750 
0.024750 
0.024750 
0.024750 
0.024750 
0.024750 
0.024750 
0.024750 
0.024750 
0.024750 
0.024750 
0.024750 
0.024750 
0.024750 
0.024750 
0.024750 
0.024750 
0.024750 
0.024750 
0.024750 
0.024750 
0.024750 
0.024750 
0.024750 
0.024750 
0.024750 
0.024750 
0.024750 
0.024750 
0.024750 
0.024750 
0.024750 
0.024750 
0.024750 
0.024750 
0.024750 
0.024750 
0.024750 
0.024750 
0.024750 
0.024750 
0.024750 
0.024750 
0.024750 
0.024750 
0.024750 
0.024750 
0.024750 
0.024750 
0.024750 
0.024750 
0.026207 
0.030226 
0.036276 
0.043827 
0.052350 
0.065431 
0.085412 
0.109891 
0.136471 
0.162750 
0.194405 
0.233259 
0.271136 
0.299859 
0.311250 
0.311250 
0.311250 
0.311250 
0.311250 
0.311250 
0.309793 
0.305774 
0.299724 
0.292173 
0.283650 
0.269672 
0.247897 
0.222072 
0.195941 
0.173250 
0.153642 
0.134529 
0.116311 
0.099385 
0.084150 
0.068849 
0.052977 
0.038816 
0.028647 
0.024750 
0.024750 
0.024750 
0.024750 
0.024750 
0.024750 
0.024750 
0.024750 
0.024750 
0.024750 
0.024750 
0.024750 
0.024750 
0.024750 
0.024750 
0.024750 
0.024750 
0.024750 
0.024750 
0.024750 
0.024750 
0.024750 
0.024750 
0.024750 
0.024750 
0.024750 
0.024750 
0.024750 
0.024750 
0.024750 
0.024750 
0.039102 
0.073326 
0.114174 
0.148398 
0.162750 
0.162750 
0.162750 
0.162750 
0.162750 
0.162750 
0.166647 
0.176816 
0.190977 
0.206849 
0.222150 
0.240540 
0.263778 
0.286730 
0.304265 
0.311250 
0.296898 
0.262674 
0.221826 
0.187602 
0.173250 
0.173250 
0.173250 
0.173250 
0.173250 
0.173250 
0.173250 
0.173250 
0.173250 
0.173250 
0.173250 
0.157806 
0.120978 
0.077022 
0.040194 
0.024750 
0.024750 
0.024750 
0.024750 
0.024750 
0.024750 
0.024750 
0.024750 
0.024750 
0.024750 
0.024750 
0.024750 
0.024750 
0.024750 
0.024750 
0.024750 
0.024750 
0.024750 
0.024750 
0.024750 
0.024750 
0.024750 
0.024750 
0.024750 
0.024750 
0.024750 
0.024750 
0.024750 
0.024750 
0.024750 
0.024750 
0.024750 
0.024750 
0.024750 
0.024750 
0.024750 
0.026209 
0.030314 
0.036660 
0.044841 
0.054450 
0.078137 
0.120438 
0.168775 
0.210572 
0.233250 
0.240754 
0.246069 
0.250183 
0.254081 
0.258750 
0.263810 
0.268610 
0.273730 
0.279750 
0.287250 
0.301071 
0.321834 
0.343786 
0.361175 
0.368250 
0.361309 
0.344114 
0.322110 
0.300741 
0.285450 
0.274808 
0.264524 
0.255751 
0.249642 
0.247350 
0.258832 
0.286211 
0.318889 
0.346268 
0.357750 
0.357750 
0.357750 
0.357750 
0.357750 
0.357750 
0.339017 
0.293752 
0.238353 
0.189220 
0.162750 
0.155103 
0.150311 
0.146582 
0.142125 
0.135150 
0.118016 
0.089930 
0.059371 
0.034818 
0.024750 
0.024750 
0.024750 
0.024750 
0.024750 
0.024750 
0.024750 
0.024750 
0.024750 
0.024750 
0.024750 
0.024750 
0.024750 
0.024750 
0.024750 
0.024750 
0.024750 
0.024750 
0.024750 
0.024750 
0.024750 
0.035585 
0.062006 
0.094890 
0.125112 
0.143550 
0.152721 
0.160847 
0.167358 
0.171682 
0.173250 
0.173250 
0.173250 
0.173250 
0.173250 
0.173250 
0.173250 
0.173250 
0.173250 
0.173250 
0.173250 
0.181424 
0.200917 
0.224183 
0.243676 
0.251850 
0.242584 
0.220487 
0.194113 
0.172016 
0.162750 
0.162750 
0.162750 
0.162750 
0.162750 
0.162750 
0.162750 
0.162750 
0.162750 
0.162750 
0.162750 
0.148398 
0.114174 
0.073326 
0.039102 
0.024750 
0.024750 
0.024750 
0.024750 
0.024750 
0.024750 
0.024750 
0.024750 
0.024750 
0.024750 
0.024750 
0.024750 
0.024750 
0.024750 
0.024750 
0.024750 
0.024750 
0.024750 
0.024750 
0.024750 
0.024750 
0.024750 
0.024750 
0.024750 
0.024750 
0.024750 
0.040194 
0.077022 
0.120978 
0.157806 
0.173250 
0.173250 
0.173250 
0.173250 
0.173250 
0.173250 
0.173250 
0.173250 
0.173250 
0.173250 
0.173250 
0.173250 
0.173250 
0.173250 
0.173250 
0.173250 
0.166265 
0.148730 
0.125778 
0.102540 
0.084150 
0.068849 
0.052977 
0.038816 
0.028647 
0.024750 
0.024750 
0.024750 
0.024750 
0.024750 
0.024750 
0.024750 
0.024750 
0.024750 
0.024750 
0.024750 
0.024750 
0.024750 
0.024750 
0.024750 
0.024750 
0.024750 
0.024750 
0.024750 
0.024750 
0.024750 
0.024750 
0.024750 
0.024750 
0.024750 
0.024750 
0.024750 
0.024750 
0.024750 
0.024750 
0.024750 
0.024750 
0.024750 
0.024750 
0.024750 
0.024750 
0.030285 
0.044666 
0.064560 
0.086633 
0.107550 
0.128566 
0.152109 
0.176604 
0.200476 
0.222150 
0.244249 
0.267950 
0.289511 
0.305192 
0.311250 
0.311250 
0.311250 
0.311250 
0.311250 
0.311250 
0.304758 
0.288463 
0.267134 
0.245540 
0.228450 
0.216806 
0.207207 
0.197911 
0.187173 
0.173250 
0.147504 
0.109388 
0.069296 
0.037619 
0.024750 
0.024750 
0.024750 
0.024750 
0.024750 
0.024750 
0.024750 
0.024750 
0.024750 
0.024750 
0.024750 
0.024750 
0.024750 
0.024750 
0.024750 
0.024750 
0.024750 
0.024750 
0.024750 
0.024750 
0.024750 
0.024750 
0.024750 
0.024750 
0.024750 
0.024750 
0.024750 
0.024750 
0.024750 
0.024750 
0.024750 
0.024750 
0.024750 
0.024750 
0.024750 
0.024750 
0.024750 
0.024750 
0.024750 
0.024750 
0.024750 
0.024750 
0.024750 
0.024750 
0.024750 
0.024750 
0.024750 
0.024750 
0.024750 
0.024750 
0.024750 
0.024750 
0.024750 
0.024750 
0.024750 
0.024750 
0.031242 
0.047537 
0.068866 
0.090460 
0.107550 
0.119938 
0.131026 
0.141439 
0.151804 
0.162750 
0.173971 
0.185056 
0.196470 
0.208680 
0.222150 
0.240540 
0.263778 
0.286730 
0.304265 
0.311250 
0.304758 
0.288463 
0.267134 
0.245540 
0.228450 
0.214230 
0.199481 
0.186321 
0.176871 
0.173250 
0.173250 
0.173250 
0.173250 
0.173250 
0.173250 
0.157806 
0.120978 
0.077022 
0.040194 
0.024750 
0.024750 
0.024750 
0.024750 
0.024750 
0.024750 
0.024750 
0.024750 
0.024750 
0.024750 
0.024750 
0.024750 
0.024750 
0.024750 
0.024750 
0.024750 
0.024750 
0.024750 
0.024750 
0.024750 
0.024750 
0.024750 
0.024750 
0.024750 
0.024750 
0.024750 
0.024750 
0.024750 
0.024750 
0.024750 
0.024750 
0.024750 
0.024750 
0.024750 
0.024750 
0.024750 
0.024750 
0.024750 
0.024750 
0.024750 
0.024750 
0.028371 
0.037821 
0.050981 
0.065730 
0.079950 
0.093917 
0.109266 
0.125911 
0.143768 
0.162750 
0.186076 
0.214058 
0.242258 
0.266235 
0.281550 
0.290721 
0.298847 
0.305358 
0.309682 
0.311250 
0.307629 
0.298179 
0.285019 
0.270270 
0.256050 
0.241174 
0.224007 
0.205998 
0.188596 
0.173250 
0.160499 
0.149223 
0.138382 
0.126938 
0.113850 
0.095460 
0.072222 
0.049270 
0.031735 
0.024750 
0.024750 
0.024750 
0.024750 
0.024750 
0.024750 
0.024750 
0.024750 
0.024750 
0.024750 
0.024750 
0.024750 
0.024750 
0.024750 
0.024750 
0.024750 
0.024750 
0.024750 
0.024750 
0.024750 
0.024750 
0.024750 
0.024750 
0.024750 
0.024750 
0.024750 
0.024750 
0.024750 
0.024750 
0.024750 
0.024750 
0.024750 
0.024750 
0.024750 
0.024750 
0.024750 
0.024750 
0.024750 
0.024750 
0.024750 
0.024750 
0.024750 
0.024750 
0.024750 
0.024750 
0.024750 
0.028647 
0.038816 
0.052977 
0.068849 
0.084150 
0.102540 
0.125778 
0.148730 
0.166265 
0.173250 
0.173250 
0.173250 
0.173250 
0.173250 
0.173250 
0.173250 
0.173250 
0.173250 
0.173250 
0.173250 
0.173250 
0.173250 
0.173250 
0.173250 
0.173250 
0.157806 
0.120978 
0.077022 
0.040194 
0.024750 
0.024750 
0.024750 
0.024750 
0.024750 
0.024750 
0.034818 
0.059371 
0.089930 
0.118016 
0.135150 
0.143673 
0.151224 
0.157274 
0.161293 
0.162750 
0.162750 
0.162750 
0.162750 
0.162750 
0.162750 
0.162750 
0.162750 
0.162750 
0.162750 
0.162750 
0.152682 
0.128129 
0.097570 
0.069484 
0.052350 
0.043827 
0.036276 
0.030226 
0.026207 
0.024750 
0.024750 
0.024750 
0.024750 
0.024750 
0.024750 
0.024750 
0.024750 
0.024750 
0.024750 
0.024750 
0.024750 
0.024750 
0.024750 
0.024750 
0.024750 
0.024750 
0.024750 
0.024750 
0.024750 
0.024750 
0.024750 
0.024750 
0.024750 
0.024750 
0.024750 
0.040194 
0.077022 
0.120978 
0.157806 
0.173250 
0.173250 
0.173250 
0.173250 
0.173250 
0.173250 
0.187602 
0.221826 
0.262674 
0.296898 
0.311250 
0.311250 
0.311250 
0.311250 
0.311250 
0.311250 
0.304265 
0.286730 
0.263778 
0.240540 
0.222150 
0.209506 
0.198950 
0.188775 
0.177277 
0.162750 
0.137767 
0.102215 
0.065353 
0.036444 
0.024750 
0.024750 
0.024750 
0.024750 
0.024750 
0.024750 
0.024750 
0.024750 
0.024750 
0.024750 
0.024750 
0.024750 
0.024750 
0.024750 
0.024750 
0.024750 
0.024750 
0.024750 
0.024750 
0.024750 
0.024750 
0.024750 
0.024750 
0.024750 
0.024750 
0.024750 
0.024750 
0.024750 
0.024750 
0.024750 
0.024750 
0.024750 
0.024750 
0.024750 
0.024750 
0.024750 
0.029952 
0.044292 
0.065871 
0.092790 
0.123150 
0.164418 
0.224860 
0.303772 
0.400453 
0.514200 
0.736703 
1.090789 
1.472465 
1.777734 
1.902600 
1.884710 
1.840986 
1.786347 
1.735712 
1.704000 
1.689321 
1.678489 
1.669476 
1.660255 
1.648800 
1.636685 
1.625041 
1.611174 
1.592391 
1.566000 
1.414000 
1.096503 
0.727986 
0.422926 
0.295800 
0.378449 
0.575534 
0.810766 
1.007851 
1.090500 
1.085820 
1.074660 
1.061340 
1.050180 
1.045500 
1.045500 
1.045500 
1.045500 
1.045500 
1.045500 
1.045500 
1.045500 
1.045500 
1.045500 
1.045500 
1.033727 
1.004240 
0.965791 
0.927127 
0.897000 
0.877655 
0.862759 
0.848190 
0.829827 
0.803550 
0.730093 
0.600638 
0.456731 
0.339920 
0.291750 
0.291750 
0.291750 
0.291750 
0.291750 
0.291750 
0.291750 
0.291750 
0.291750 
0.291750 
0.291750 
0.283154 
0.261355 
0.232334 
0.202072 
0.176550 
0.152838 
0.126891 
0.103020 
0.085536 
0.078750 
0.088952 
0.113281 
0.142319 
0.166648 
0.176850 
0.174448 
0.168719 
0.161881 
0.156152 
0.153750 
0.157977 
0.169004 
0.184353 
0.201545 
0.218100 
0.237947 
0.262987 
0.287705 
0.306582 
0.314100 
0.305458 
0.284849 
0.260251 
0.239642 
0.231000 
0.233463 
0.240028 
0.249456 
0.260509 
0.271950 
0.288399 
0.311393 
0.335073 
0.353579 
0.361050 
0.358289 
0.351704 
0.343846 
0.337261 
0.334500 
0.346830 
0.378791 
0.422843 
0.471443 
0.517050 
0.568803 
0.632060 
0.693606 
0.740224 
0.758700 
0.712555 
0.602518 
0.471182 
0.361145 
0.315000 
0.419645 
0.669182 
0.967018 
1.216555 
1.321200 
1.215730 
0.962334 
0.655534 
0.389848 
0.259800 
0.231526 
0.208534 
0.191398 
0.180695 
0.177000 
0.177000 
0.177000 
0.177000 
0.177000 
0.177000 
0.177000 
0.177000 
0.177000 
0.177000 
0.177000 
0.212068 
0.300097 
0.415321 
0.531977 
0.624300 
0.701116 
0.780795 
0.851886 
0.902938 
0.922500 
0.919217 
0.911210 
0.901246 
0.892087 
0.886500 
0.883721 
0.881258 
0.879286 
0.877975 
0.877500 
0.884326 
0.901795 
0.925390 
0.950597 
0.972900 
0.995484 
1.021360 
1.045755 
1.063893 
1.071000 
1.035932 
0.947903 
0.832679 
0.716023 
0.623700 
0.546884 
0.467205 
0.396114 
0.345062 
0.325500 
0.325500 
0.325500 
0.325500 
0.325500 
0.325500 
0.310056 
0.273228 
0.229272 
0.192444 
0.177000 
0.177000 
0.177000 
0.177000 
0.177000 
0.177000 
0.476738 
1.191499 
2.044601 
2.759362 
3.059100 
2.955344 
2.690191 
2.332811 
1.952374 
1.618050 
1.283726 
0.903289 
0.545909 
0.280756 
0.177000 
0.190811 
0.223954 
0.263991 
0.298485 
0.315000 
0.318099 
0.320601 
0.322454 
0.323605 
0.324000 
0.323064 
0.320832 
0.318168 
0.315936 
0.315000 
0.315000 
0.315000 
0.315000 
0.315000 
0.315000 
0.319212 
0.329256 
0.341244 
0.351288 
0.355500 
0.354420 
0.351660 
0.347940 
0.343980 
0.340500 
0.337637 
0.334911 
0.332117 
0.329049 
0.325500 
0.321550 
0.317197 
0.312120 
0.305995 
0.298500 
0.284722 
0.263549 
0.240355 
0.220514 
0.209400 
0.204729 
0.200761 
0.197689 
0.195704 
0.195000 
0.301392 
0.555096 
0.857904 
1.111608 
1.218000 
1.123887 
0.897500 
0.622770 
0.383627 
0.264000 
0.234541 
0.210414 
0.192316 
0.180945 
0.177000 
0.177000 
0.177000 
0.177000 
0.177000 
0.177000 
0.177000 
0.177000 
0.177000 
0.177000 
0.177000 
0.177757 
0.179632 
0.182028 
0.184349 
0.186000 
0.186959 
0.187699 
0.188365 
0.189100 
0.190050 
0.191662 
0.193908 
0.196218 
0.198022 
0.198750 
0.198750 
0.198750 
0.198750 
0.198750 
0.198750 
0.198750 
0.198750 
0.198750 
0.198750 
0.198750 
0.215947 
0.259256 
0.316257 
0.374529 
0.421650 
0.462344 
0.505289 
0.543997 
0.571980 
0.582750 
0.578616 
0.568758 
0.556992 
0.547134 
0.543000 
0.543772 
0.545825 
0.548768 
0.552207 
0.555750 
0.560775 
0.567748 
0.574909 
0.580496 
0.582750 
0.552954 
0.481902 
0.397098 
0.326046 
0.296250 
0.301164 
0.312882 
0.326868 
0.338586 
0.343500 
0.341394 
0.336372 
0.330378 
0.325356 
0.323250 
0.329062 
0.343493 
0.362039 
0.380193 
0.393450 
0.403025 
0.412400 
0.420468 
0.426120 
0.428250 
0.423570 
0.412410 
0.399090 
0.387930 
0.383250 
0.386542 
0.394391 
0.403759 
0.411608 
0.414900 
0.404916 
0.381108 
0.352692 
0.328884 
0.318900 
0.319113 
0.319744 
0.320778 
0.322202 
0.324000 
0.340606 
0.378315 
0.424912 
0.468180 
0.495900 
0.510069 
0.521422 
0.530850 
0.539245 
0.547500 
0.556673 
0.566279 
0.574899 
0.581113 
0.583500 
0.582029 
0.578008 
0.572022 
0.564657 
0.556500 
0.546427 
0.532616 
0.514600 
0.491916 
0.464100 
0.398864 
0.287462 
0.164743 
0.065556 
0.024750 
0.024750 
0.024750 
0.024750 
0.024750 
0.024750 
0.024750 
0.024750 
0.024750 
0.024750 
0.024750 
0.024750 
0.024750 
0.024750 
0.024750 
0.024750 
0.035585 
0.062006 
0.094890 
0.125112 
0.143550 
0.152721 
0.160847 
0.167358 
0.171682 
0.173250 
