0.000000 
0.000000 
0.000000 
0.000000 
0.000000 
0.000000 
0.000000 
0.000000 
0.000000 
0.000000 
0.000000 
0.000000 
0.000000 
0.000000 
0.000000 
0.000000 
0.000000 
0.000000 
0.000000 
0.000000 
0.000000 
0.000000 
0.000000 
0.000000 
0.000000 
0.000000 
0.000000 
0.000000 
0.000000 
0.000000 
0.000000 
0.000000 
0.000000 
0.000000 
0.000000 
0.000000 
0.000000 
0.000000 
0.000000 
0.000000 
0.000000 
0.000000 
0.000000 
0.000000 
0.000000 
0.000000 
0.000000 
0.000000 
0.000000 
0.000000 
0.000000 
0.000000 
0.000000 
0.000000 
0.000000 
0.000000 
0.000000 
0.000000 
0.000000 
0.000000 
0.000000 
0.000000 
0.000000 
0.000000 
0.000000 
0.000000 
0.000000 
0.000000 
0.000000 
0.000000 
0.000000 
0.000000 
0.000000 
0.000000 
0.000000 
0.000000 
0.000000 
0.000000 
0.000000 
0.000000 
0.000000 
0.000000 
0.000000 
0.000000 
0.000000 
0.000000 
0.000000 
0.000000 
0.000000 
0.000000 
0.000000 
0.000000 
0.000000 
0.000000 
0.000000 
0.000000 
0.000000 
0.000000 
0.000000 
0.000000 
0.000000 
0.000000 
0.000000 
0.000000 
0.000000 
0.000000 
0.000000 
0.000000 
0.000000 
0.000000 
0.000000 
0.000000 
0.000000 
0.000000 
0.000000 
0.000000 
0.000000 
0.000000 
0.000000 
0.000000 
0.000000 
0.000000 
0.000000 
0.000000 
0.000000 
0.000000 
0.000000 
0.000000 
0.000000 
0.000000 
0.000000 
0.000000 
0.000000 
0.000000 
0.000000 
0.000000 
0.000000 
0.000000 
0.000000 
0.000000 
0.000000 
0.000000 
0.000000 
0.000000 
0.000000 
0.000000 
0.000000 
0.000000 
0.000000 
0.000000 
0.000000 
0.000000 
0.000000 
0.000000 
0.000000 
0.000000 
0.000000 
0.000000 
0.000000 
0.000000 
0.000000 
0.000000 
0.000000 
0.000000 
0.000000 
0.000000 
0.000000 
0.000000 
0.000000 
0.000000 
0.000000 
0.000000 
0.000000 
0.000000 
0.000000 
0.000000 
0.000000 
0.000000 
0.000000 
0.000000 
0.000000 
0.000000 
0.000000 
0.000000 
0.000000 
0.000000 
0.000000 
0.000000 
0.000000 
0.000000 
0.000000 
0.000000 
0.000000 
0.000000 
0.000000 
0.000000 
0.000000 
0.000000 
0.000000 
0.000000 
0.000000 
0.000000 
0.000000 
0.000000 
0.000000 
0.000000 
0.000000 
0.000000 
0.000000 
0.000000 
0.000000 
0.000000 
0.000000 
0.000000 
0.000000 
0.000000 
0.000000 
0.000000 
0.000000 
0.000000 
0.000000 
0.000000 
0.000000 
0.000000 
0.000000 
0.000036 
0.000126 
0.000254 
0.000413 
0.000518 
0.000845 
0.001144 
0.001716 
0.002020 
0.002263 
0.002927 
0.003475 
0.003661 
0.005298 
0.007207 
0.007466 
0.009888 
0.011831 
0.011073 
0.016807 
0.013439 
0.017363 
0.014630 
0.016947 
0.021677 
0.012815 
0.019065 
0.018801 
0.022887 
0.022243 
0.017717 
0.021099 
0.018424 
0.020620 
0.018622 
0.019343 
0.018954 
0.016983 
0.020537 
0.019138 
0.021575 
0.022246 
0.026443 
0.029451 
0.033863 
0.030556 
0.028859 
0.040996 
0.033048 
0.039347 
0.045585 
0.039198 
0.039196 
0.050286 
0.041938 
0.047362 
0.038347 
0.050033 
0.051094 
0.047004 
0.045936 
0.040936 
0.053356 
0.053133 
0.049166 
0.057938 
0.057780 
0.054486 
0.053840 
0.057589 
0.054416 
0.058488 
0.057994 
0.056534 
0.065329 
0.063017 
0.061536 
0.060619 
0.069181 
0.058485 
0.075190 
0.072154 
0.071029 
0.069836 
0.075691 
0.063941 
0.075194 
0.066573 
0.068334 
0.085632 
0.081694 
0.076878 
0.081829 
0.082612 
0.084777 
0.082369 
0.087971 
0.104131 
0.096335 
0.106487 
0.103915 
0.115403 
0.124295 
0.110258 
0.131221 
0.161127 
0.171170 
0.138615 
0.183284 
0.155379 
0.195446 
0.179861 
0.199298 
0.226842 
0.225627 
0.197616 
0.194232 
0.168849 
0.183277 
0.143213 
0.181384 
0.162344 
0.191877 
0.180559 
0.248053 
0.188701 
0.208171 
0.184902 
0.228318 
0.207430 
0.267513 
0.245393 
0.246410 
0.245298 
0.257859 
0.285746 
0.299356 
0.374327 
0.437866 
0.413017 
0.352525 
0.364225 
0.506266 
0.484976 
0.374169 
0.339031 
0.524337 
0.480559 
0.546337 
0.682425 
0.585511 
0.599038 
0.637602 
0.515775 
0.523914 
0.448533 
0.526724 
0.581840 
0.463008 
0.540019 
0.440737 
0.492308 
0.469852 
0.541641 
0.598801 
0.507927 
0.552507 
0.316111 
0.374321 
0.409596 
0.467583 
0.494777 
0.372413 
0.475081 
0.388908 
0.475119 
0.538344 
0.454652 
0.631135 
0.671967 
0.615430 
0.722725 
0.609714 
0.696290 
0.617599 
0.683801 
0.515131 
0.561685 
0.453463 
0.504977 
0.451346 
0.645539 
0.521093 
0.576530 
0.646115 
0.650029 
0.621686 
0.672917 
0.787988 
0.789589 
0.839550 
0.780590 
0.874478 
0.784564 
0.818895 
0.711515 
0.810597 
0.842362 
0.859968 
0.996822 
1.044014 
0.948257 
1.051922 
1.023251 
1.002581 
0.974881 
1.051666 
1.049382 
1.090473 
1.090229 
0.871726 
0.905055 
1.035180 
1.076058 
1.092564 
1.006781 
0.949801 
1.049445 
1.203555 
1.063490 
1.182703 
1.150945 
1.078588 
1.389125 
1.171236 
1.476672 
0.935627 
0.761751 
1.280117 
1.035518 
0.992544 
0.674887 
0.511135 
0.456136 
0.379509 
0.432332 
0.644410 
0.722487 
0.846544 
0.976841 
1.163902 
0.876067 
1.272622 
1.040365 
1.071845 
1.026421 
1.063046 
1.016438 
1.286318 
1.142770 
1.151150 
1.101531 
1.083212 
1.123400 
1.056850 
1.086526 
1.313990 
0.924696 
1.181018 
0.974310 
1.012722 
0.917915 
1.117296 
1.173906 
1.266593 
1.318112 
0.977418 
0.900888 
0.931287 
0.951274 
1.030781 
1.172656 
1.097515 
1.022657 
1.212943 
1.140074 
1.029732 
0.814249 
0.635899 
0.628272 
0.525164 
0.363311 
0.320573 
0.234414 
0.214630 
0.232575 
0.397288 
0.558087 
0.737697 
0.824998 
0.954824 
0.994570 
1.094593 
1.318709 
1.485127 
1.267663 
1.220818 
1.121407 
1.222685 
1.370171 
1.441693 
1.222639 
1.374862 
1.201593 
1.104845 
1.572404 
1.314629 
1.433091 
1.476831 
1.289569 
1.524071 
1.544140 
1.530119 
1.501368 
1.286042 
1.428620 
1.165734 
1.210493 
1.263754 
1.704154 
1.491196 
1.372438 
1.387928 
1.343336 
1.261002 
1.477380 
1.450811 
1.510638 
1.732981 
1.506228 
1.404040 
1.723327 
1.482140 
1.546342 
1.381323 
1.526081 
1.312886 
1.524916 
1.715248 
1.422459 
1.409581 
1.440671 
1.573853 
1.564384 
1.425946 
1.924646 
1.714690 
1.629657 
1.504140 
1.698430 
1.640644 
1.547562 
1.307556 
1.386235 
1.314159 
1.491169 
1.599268 
1.683263 
1.559867 
1.497415 
1.711250 
1.923422 
1.455948 
1.200873 
0.956665 
0.978776 
1.048931 
1.127024 
1.138990 
1.389943 
1.399586 
1.600496 
1.707232 
1.525295 
1.841402 
1.597555 
1.766643 
1.573250 
1.797261 
1.671288 
1.448289 
1.683223 
1.325438 
1.139138 
1.196988 
1.048440 
0.750981 
0.854817 
0.877831 
0.839058 
0.883683 
1.161585 
1.493689 
1.634848 
1.381111 
1.788224 
1.727364 
1.837807 
1.747500 
1.642081 
1.971953 
1.268085 
1.309169 
1.247638 
1.232420 
1.085759 
1.679990 
1.597289 
1.767434 
1.881038 
1.914272 
1.706433 
1.428150 
1.894841 
1.790931 
1.799289 
1.766715 
1.430232 
1.631956 
1.581278 
1.583487 
1.550913 
1.403835 
1.931864 
1.761703 
1.796696 
1.866389 
1.466350 
1.673538 
1.357463 
1.248287 
0.790467 
0.636183 
0.568763 
0.383484 
0.423227 
0.343974 
0.311840 
0.437496 
0.413340 
0.450217 
0.643224 
0.880916 
1.173783 
1.342434 
1.713568 
1.581343 
1.585398 
1.777711 
2.148026 
1.696676 
2.079605 
1.748538 
2.002275 
1.827577 
1.618758 
2.066256 
1.913180 
2.007473 
1.766051 
1.941804 
1.979060 
1.431813 
1.770420 
1.883713 
1.730118 
2.037439 
2.173727 
1.630498 
1.758250 
1.469742 
1.097975 
0.876182 
0.588875 
0.389159 
0.469148 
0.600390 
0.589426 
0.731604 
0.754368 
0.778198 
1.021328 
0.933489 
0.880421 
1.281602 
1.298979 
1.062896 
0.801446 
0.753863 
0.616990 
0.578305 
1.005659 
0.944693 
1.393465 
1.242680 
1.400322 
1.744650 
1.531122 
1.608679 
1.495275 
1.440691 
1.271254 
0.898463 
0.712193 
0.650463 
0.801066 
0.741634 
0.783805 
0.658757 
0.846289 
0.774960 
0.739394 
0.616836 
0.701032 
0.757682 
0.745592 
0.761623 
0.827580 
1.026626 
1.096959 
0.881788 
0.882732 
1.095082 
1.107251 
1.037695 
1.318965 
1.707608 
1.486159 
1.463190 
2.020468 
2.026183 
1.832052 
1.623185 
2.147632 
2.129940 
1.604823 
1.227292 
0.765820 
0.878250 
0.682248 
0.665661 
0.519224 
0.563995 
0.410330 
0.532301 
0.499674 
0.688573 
0.770823 
0.953797 
1.015506 
1.351671 
1.561290 
1.945768 
1.847741 
1.849360 
1.791421 
2.241337 
2.119685 
2.176041 
1.720483 
1.625034 
1.808386 
2.189131 
1.792753 
1.989773 
1.770323 
1.682262 
1.723561 
2.044906 
2.230844 
2.078099 
1.837974 
1.696276 
1.440617 
1.444097 
1.839603 
1.750014 
1.792277 
1.891038 
1.961518 
1.871861 
1.927287 
1.805986 
1.777618 
1.651163 
1.791171 
2.244105 
1.683104 
1.766356 
1.507782 
1.707508 
1.613367 
1.532750 
1.367590 
1.209763 
1.327666 
1.560221 
1.576244 
1.810284 
1.805502 
1.809162 
1.532340 
1.305685 
1.654926 
1.920541 
1.882632 
1.765553 
1.716089 
1.833757 
1.479235 
2.069150 
1.554565 
1.629352 
1.662607 
1.679273 
1.775129 
1.393107 
1.491192 
1.431844 
1.180499 
1.300787 
1.115636 
1.115447 
0.915047 
1.057110 
1.158262 
1.066208 
1.432116 
1.499989 
1.416127 
1.746478 
1.560266 
1.592453 
1.562961 
1.762810 
1.646985 
1.769729 
1.433060 
1.647367 
1.725596 
1.372792 
1.698010 
1.672001 
1.580291 
1.326964 
1.426963 
1.855424 
1.445327 
1.448345 
1.317182 
1.312915 
1.394765 
1.214655 
1.188692 
1.274264 
1.164477 
1.238337 
1.040603 
1.235220 
0.942537 
1.127131 
1.281909 
1.263021 
1.317794 
1.349300 
1.296011 
1.285124 
1.603926 
1.321675 
1.259172 
1.120155 
1.184048 
0.876777 
0.669224 
0.608448 
0.473311 
0.537853 
0.429328 
0.397738 
0.365447 
0.363741 
0.399043 
0.371167 
0.394077 
0.451299 
0.412772 
0.448076 
0.462295 
0.505605 
0.415293 
0.582709 
0.556755 
0.647991 
0.692601 
0.904459 
1.038888 
1.077256 
1.244790 
1.355963 
1.406173 
1.468509 
1.230804 
1.236745 
1.145951 
1.060009 
1.152728 
0.927840 
0.818787 
0.786307 
0.711052 
0.830813 
0.634350 
0.768711 
0.813889 
0.716802 
0.730614 
0.693173 
0.727530 
0.847834 
0.817940 
0.869001 
1.122441 
1.032643 
1.149350 
1.300746 
1.223884 
1.221917 
1.288723 
1.192921 
1.023494 
1.342482 
1.121807 
0.974044 
0.917245 
0.867042 
0.817622 
0.913914 
0.787339 
0.800702 
0.814375 
0.665098 
0.751089 
0.795066 
0.733507 
0.657381 
0.885594 
0.730218 
0.867441 
0.927972 
0.859025 
0.871391 
1.068732 
0.808360 
1.100403 
0.924438 
1.127209 
0.910075 
0.740400 
0.600279 
0.677760 
0.552329 
0.689843 
0.790839 
0.853775 
0.790497 
0.733277 
0.521436 
0.558069 
0.534016 
0.463107 
0.437444 
0.498827 
0.443392 
0.602456 
0.441077 
0.494319 
0.430764 
0.402341 
0.511466 
0.458227 
0.478215 
0.541886 
0.500422 
0.516401 
0.496813 
0.480636 
0.473829 
0.374245 
0.334203 
0.381177 
0.361059 
0.370021 
0.371111 
0.289971 
0.350088 
0.228303 
0.266209 
0.227804 
0.251220 
0.257160 
0.180632 
0.227647 
0.207386 
0.167131 
0.201104 
0.180650 
0.183538 
0.174359 
0.159078 
0.150261 
0.176909 
0.143914 
0.162609 
0.172220 
0.140850 
0.162992 
0.162980 
0.159747 
0.184207 
0.193002 
0.213412 
0.216516 
0.201446 
0.195744 
0.197269 
0.229799 
0.215557 
0.238177 
0.227228 
0.237555 
0.241728 
0.291818 
0.260370 
0.246719 
0.282305 
0.307625 
0.281717 
0.297515 
0.299128 
0.283703 
0.238859 
0.223879 
0.290397 
0.307428 
0.304474 
0.265529 
0.354665 
0.365515 
0.352737 
0.346369 
0.298346 
0.374113 
0.375026 
0.399853 
0.398031 
0.481259 
0.425867 
0.628514 
0.552431 
0.786698 
0.656376 
0.657878 
0.596186 
0.574331 
0.560168 
0.460374 
0.431083 
0.379720 
0.275847 
0.255522 
0.321538 
0.273557 
0.333841 
0.295237 
0.264893 
0.214395 
0.244905 
0.204594 
0.174986 
0.144024 
0.165981 
0.134977 
0.129156 
0.144969 
0.128929 
0.121601 
0.099830 
0.105714 
0.111755 
0.096226 
0.114365 
0.111463 
0.133637 
0.134138 
0.129492 
0.144104 
0.139661 
0.126171 
0.147633 
0.107521 
0.117235 
0.113925 
0.124024 
0.109873 
0.145854 
0.141099 
0.143658 
0.122022 
0.134001 
0.118574 
0.128338 
0.130120 
0.151244 
0.097765 
0.109383 
0.090532 
0.112720 
0.092405 
0.067985 
0.083845 
0.084922 
0.080657 
0.069437 
0.069635 
0.068011 
0.061838 
0.067460 
0.054584 
0.053354 
0.055632 
0.050296 
0.055015 
0.051177 
0.066183 
0.052568 
0.053564 
0.054076 
0.052830 
0.039252 
0.042682 
0.049272 
0.035900 
0.035506 
0.033197 
0.026578 
0.034846 
0.023664 
0.028111 
0.022117 
0.021819 
0.018334 
0.019603 
0.017074 
0.016556 
0.012423 
0.011963 
0.011589 
0.013762 
0.013488 
0.013816 
0.012295 
0.011617 
0.009606 
0.012495 
0.012080 
0.012595 
0.013116 
0.011693 
0.013505 
0.011784 
0.014421 
0.012869 
0.013345 
0.014851 
0.011709 
0.010751 
0.008359 
0.007133 
0.005530 
0.006911 
0.005407 
0.005233 
0.005582 
0.004730 
0.005304 
0.004737 
0.004683 
0.004559 
0.004582 
0.004788 
0.003861 
0.004203 
0.003985 
0.004179 
0.004630 
0.004022 
0.003321 
0.003133 
0.003042 
0.002837 
0.002796 
0.002433 
0.002053 
0.001528 
0.001457 
0.001239 
0.000780 
0.000494 
0.000267 
0.000132 
0.000088 
0.000052 
0.000021 
0.000006 
0.000000 
0.000000 
0.000000 
0.000000 
0.000000 
0.000000 
0.000000 
0.000000 
0.000000 
0.000000 
0.000000 
0.000000 
0.000000 
0.000000 
0.000000 
0.000000 
0.000000 
0.000000 
0.000000 
0.000000 
0.000000 
0.000000 
0.000000 
0.000000 
0.000000 
0.000000 
0.000000 
0.000000 
0.000000 
0.000000 
0.000000 
0.000000 
0.000000 
0.000000 
0.000000 
0.000000 
0.000000 
0.000000 
0.000000 
0.000000 
0.000000 
0.000000 
0.000000 
0.000000 
0.000000 
0.000000 
0.000000 
0.000000 
0.000000 
0.000000 
0.000000 
0.000000 
0.000000 
0.000000 
0.000000 
0.000000 
0.000000 
0.000000 
0.000000 
0.000000 
0.000000 
0.000000 
0.000000 
0.000000 
0.000000 
0.000000 
0.000000 
0.000000 
0.000000 
0.000000 
0.000000 
0.000000 
0.000000 
0.000000 
0.000000 
0.000000 
0.000000 
0.000000 
0.000000 
0.000000 
0.000000 
0.000000 
0.000000 
0.000000 
0.000000 
0.000000 
0.000000 
0.000000 
0.000000 
0.000000 
0.000000 
0.000000 
0.000000 
0.000000 
0.000000 
0.000000 
0.000000 
0.000000 
0.000000 
0.000000 
0.000000 
0.000000 
0.000000 
0.000000 
0.000000 
0.000000 
0.000000 
0.000000 
0.000000 
0.000000 
0.000000 
0.000000 
0.000000 
0.000000 
0.000000 
0.000000 
0.000000 
0.000000 
0.000000 
0.000000 
0.000000 
0.000000 
0.000000 
0.000000 
0.000000 
0.000000 
0.000000 
0.000000 
0.000000 
0.000000 
0.000000 
0.000000 
0.000000 
0.000000 
0.000000 
0.000000 
0.000000 
0.000000 
0.000000 
0.000000 
0.000000 
0.000000 
0.000000 
0.000000 
0.000000 
0.000000 
0.000000 
0.000000 
0.000000 
0.000000 
0.000000 
0.000000 
0.000000 
0.000000 
0.000000 
0.000000 
0.000000 
0.000000 
0.000000 
0.000000 
0.000000 
0.000000 
0.000000 
0.000000 
0.000000 
0.000000 
0.000000 
0.000000 
0.000000 
0.000000 
0.000000 
0.000000 
0.000000 
0.000000 
0.000000 
0.000000 
0.000000 
0.000000 
0.000000 
0.000000 
0.000000 
0.000000 
0.000000 
0.000000 
0.000000 
0.000000 
0.000000 
0.000000 
0.000000 
0.000000 
0.000000 
