0.034500 
0.034500 
0.034500 
0.034500 
0.034500 
0.034500 
0.034500 
0.034500 
0.034500 
0.034500 
0.034500 
0.034500 
0.034500 
0.034500 
0.034500 
0.034500 
0.034500 
0.034500 
0.034500 
0.034500 
0.034500 
0.034500 
0.034500 
0.034500 
0.034500 
0.034500 
0.034500 
0.034500 
0.034500 
0.034500 
0.034500 
0.034500 
0.034500 
0.034500 
0.034500 
0.034500 
0.034500 
0.034500 
0.034500 
0.034500 
0.034500 
0.034500 
0.034500 
0.034500 
0.034500 
0.034500 
0.034500 
0.034500 
0.034500 
0.034500 
0.034500 
0.034500 
0.034500 
0.034500 
0.034500 
0.034500 
0.034500 
0.034500 
0.034500 
0.034500 
0.034500 
0.034500 
0.034500 
0.034500 
0.034500 
0.034500 
0.034500 
0.034500 
0.034500 
0.034500 
0.034500 
0.034500 
0.034500 
0.034500 
0.034500 
0.034500 
0.034500 
0.034500 
0.034500 
0.034500 
0.034500 
0.034500 
0.034500 
0.034500 
0.034500 
0.034500 
0.034500 
0.034500 
0.034500 
0.034500 
0.034500 
0.034500 
0.034500 
0.034500 
0.034500 
0.034500 
0.034500 
0.034500 
0.034500 
0.034500 
0.034500 
0.034500 
0.034500 
0.034500 
0.034500 
0.034500 
0.034500 
0.034500 
0.034500 
0.034500 
0.034500 
0.034500 
0.034500 
0.034500 
0.034500 
0.034500 
0.034500 
0.034500 
0.034500 
0.034500 
0.034500 
0.034500 
0.034500 
0.034500 
0.034500 
0.040519 
0.055198 
0.073466 
0.090257 
0.100500 
0.105595 
0.110110 
0.113726 
0.116129 
0.117000 
0.117000 
0.117000 
0.117000 
0.117000 
0.117000 
0.116129 
0.113726 
0.110110 
0.105595 
0.100500 
0.090257 
0.073466 
0.055198 
0.040519 
0.034500 
0.034500 
0.034500 
0.034500 
0.034500 
0.034500 
0.034500 
0.034500 
0.034500 
0.034500 
0.034500 
0.034500 
0.034500 
0.034500 
0.034500 
0.034500 
0.034500 
0.034500 
0.034500 
0.034500 
0.034500 
0.034500 
0.034500 
0.034500 
0.034500 
0.034500 
0.034500 
0.034500 
0.034500 
0.034500 
0.034500 
0.034500 
0.034500 
0.034500 
0.034500 
0.034500 
0.034500 
0.034500 
0.034500 
0.034500 
0.034500 
0.034500 
0.034500 
0.034500 
0.034500 
0.034500 
0.034500 
0.034500 
0.034500 
0.034500 
0.034500 
0.034500 
0.034500 
0.034500 
0.034500 
0.034500 
0.034500 
0.034500 
0.034500 
0.034500 
0.034500 
0.034500 
0.034500 
0.034500 
0.034500 
0.034500 
0.034500 
0.034500 
0.034500 
0.034500 
0.034500 
0.034500 
0.034500 
0.034500 
0.034500 
0.034500 
0.034500 
0.034500 
0.034500 
0.034500 
0.034500 
0.034500 
0.034500 
0.034500 
0.034500 
0.034500 
0.034500 
0.034500 
0.034500 
0.034500 
0.034500 
0.034500 
0.034500 
0.034500 
0.034500 
0.034500 
0.038381 
0.048122 
0.060874 
0.073783 
0.084000 
0.092501 
0.101318 
0.109186 
0.114835 
0.117000 
0.117000 
0.117000 
0.117000 
0.117000 
0.117000 
0.117000 
0.117000 
0.117000 
0.117000 
0.117000 
0.108420 
0.087960 
0.063540 
0.043080 
0.034500 
0.034500 
0.034500 
0.034500 
0.034500 
0.034500 
0.034500 
0.034500 
0.034500 
0.034500 
0.034500 
0.034500 
0.034500 
0.034500 
0.034500 
0.034500 
0.034500 
0.034500 
0.034500 
0.034500 
0.034500 
0.034500 
0.034500 
0.034500 
0.034500 
0.034500 
0.034500 
0.034500 
0.034500 
0.034500 
0.034500 
0.034500 
0.034500 
0.034500 
0.034500 
0.034500 
0.034500 
0.034500 
0.034500 
0.034500 
0.034500 
0.034500 
0.034500 
0.034500 
0.034500 
0.034500 
0.034500 
0.034500 
0.034500 
0.034500 
0.034500 
0.034500 
0.034500 
0.034500 
0.034500 
0.034500 
0.034500 
0.034500 
0.034500 
0.034500 
0.034500 
0.034500 
0.034500 
0.034500 
0.034500 
0.034500 
0.034500 
0.034500 
0.034500 
0.034500 
0.034500 
0.034500 
0.034500 
0.034500 
0.034500 
0.034500 
0.034500 
0.034500 
0.034500 
0.034500 
0.034500 
0.034500 
0.034500 
0.034500 
0.034500 
0.034500 
0.034500 
0.034500 
0.034500 
0.034500 
0.034500 
0.034500 
0.034500 
0.034500 
0.034500 
0.034500 
0.034500 
0.034500 
0.034500 
0.034500 
0.034500 
0.034939 
0.036176 
0.038093 
0.040574 
0.043500 
0.049116 
0.058896 
0.071569 
0.085861 
0.100500 
0.119386 
0.143793 
0.168506 
0.188313 
0.198000 
0.200660 
0.202826 
0.204441 
0.205451 
0.205800 
0.205211 
0.203529 
0.200882 
0.197396 
0.193200 
0.179192 
0.152307 
0.121732 
0.096651 
0.086250 
0.086692 
0.087937 
0.089860 
0.092339 
0.095250 
0.101689 
0.113024 
0.126539 
0.139520 
0.149250 
0.156666 
0.163938 
0.170202 
0.174594 
0.176250 
0.176250 
0.176250 
0.176250 
0.176250 
0.176250 
0.176606 
0.177617 
0.179201 
0.181273 
0.183750 
0.191375 
0.205723 
0.221959 
0.235246 
0.240750 
0.240005 
0.237976 
0.234969 
0.231291 
0.227250 
0.220089 
0.208971 
0.197084 
0.187615 
0.183750 
0.183750 
0.183750 
0.183750 
0.183750 
0.183750 
0.179920 
0.170579 
0.158953 
0.148268 
0.141750 
0.138508 
0.135635 
0.133333 
0.131804 
0.131250 
0.131250 
0.131250 
0.131250 
0.131250 
0.131250 
0.131250 
0.131250 
0.131250 
0.131250 
0.131250 
0.133824 
0.139962 
0.147288 
0.153426 
0.156000 
0.156000 
0.156000 
0.156000 
0.156000 
0.156000 
0.156000 
0.156000 
0.156000 
0.156000 
0.156000 
0.156000 
0.156000 
0.156000 
0.156000 
0.156000 
0.159528 
0.168384 
0.179976 
0.191712 
0.201000 
0.208728 
0.216744 
0.223896 
0.229032 
0.231000 
0.231000 
0.231000 
0.231000 
0.231000 
0.231000 
0.231000 
0.231000 
0.231000 
0.231000 
0.231000 
0.231000 
0.231000 
0.231000 
0.231000 
0.231000 
0.227880 
0.220440 
0.211560 
0.204120 
0.201000 
0.201215 
0.201824 
0.202776 
0.204018 
0.205500 
0.209946 
0.218256 
0.227644 
0.235321 
0.238500 
0.238500 
0.238500 
0.238500 
0.238500 
0.238500 
0.229009 
0.205166 
0.173919 
0.142215 
0.117000 
0.095841 
0.073809 
0.054106 
0.039935 
0.034500 
0.038818 
0.049164 
0.061626 
0.072292 
0.077250 
0.077981 
0.078566 
0.078995 
0.079260 
0.079350 
0.077806 
0.074123 
0.069727 
0.066044 
0.064500 
0.152624 
0.362767 
0.613583 
0.823726 
0.911850 
0.823726 
0.613583 
0.362767 
0.152624 
0.064500 
0.064975 
0.066286 
0.068258 
0.070721 
0.073500 
0.079087 
0.088246 
0.098210 
0.106217 
0.109500 
0.106380 
0.098940 
0.090060 
0.082620 
0.079500 
0.079500 
0.079500 
0.079500 
0.079500 
0.079500 
0.080371 
0.082774 
0.086390 
0.090905 
0.096000 
0.106243 
0.123034 
0.141302 
0.155981 
0.162000 
0.162000 
0.162000 
0.162000 
0.162000 
0.162000 
0.158829 
0.150686 
0.139629 
0.127714 
0.117000 
0.107085 
0.096589 
0.086101 
0.076208 
0.067500 
0.058999 
0.050182 
0.042314 
0.036665 
0.034500 
0.034500 
0.034500 
0.034500 
0.034500 
0.034500 
0.034500 
0.034500 
0.034500 
0.034500 
0.034500 
0.034500 
0.034500 
0.034500 
0.034500 
0.034500 
0.034500 
0.034500 
0.034500 
0.034500 
0.034500 
0.034500 
0.034500 
0.034500 
0.034500 
0.034500 
0.034500 
0.034500 
0.034500 
0.034500 
0.034500 
0.034500 
0.034500 
0.034500 
0.034500 
0.034500 
0.036665 
0.042314 
0.050182 
0.058999 
0.067500 
0.077717 
0.090626 
0.103378 
0.113119 
0.117000 
0.117000 
0.117000 
0.117000 
0.117000 
0.117000 
0.117000 
0.117000 
0.117000 
0.117000 
0.117000 
0.110981 
0.096302 
0.078034 
0.061243 
0.051000 
0.045905 
0.041390 
0.037774 
0.035371 
0.034500 
0.034500 
0.034500 
0.034500 
0.034500 
0.034500 
0.034500 
0.034500 
0.034500 
0.034500 
0.034500 
0.034500 
0.034500 
0.034500 
0.034500 
0.034500 
0.034500 
0.034500 
0.034500 
0.034500 
0.034500 
0.034500 
0.034500 
0.034500 
0.034500 
0.034500 
0.034500 
0.034500 
0.034500 
0.034500 
0.034500 
0.034500 
0.034500 
0.034500 
0.034500 
0.034500 
0.034500 
0.034500 
0.034500 
0.034500 
0.034500 
0.043080 
0.063540 
0.087960 
0.108420 
0.117000 
0.117000 
0.117000 
0.117000 
0.117000 
0.117000 
0.117000 
0.117000 
0.117000 
0.117000 
0.117000 
0.114835 
0.109186 
0.101318 
0.092501 
0.084000 
0.073783 
0.060874 
0.048122 
0.038381 
0.034500 
0.034500 
0.034500 
0.034500 
0.034500 
0.034500 
0.034500 
0.034500 
0.034500 
0.034500 
0.034500 
0.034500 
0.034500 
0.034500 
0.034500 
0.034500 
0.034500 
0.034500 
0.034500 
0.034500 
0.034500 
0.034500 
0.034500 
0.034500 
0.034500 
0.034500 
0.034500 
0.034500 
0.034500 
0.034500 
0.034500 
0.034500 
0.034500 
0.034500 
0.034500 
0.034500 
0.034500 
0.034500 
0.034500 
0.034500 
0.034500 
0.034500 
0.034500 
0.034500 
0.034500 
0.034500 
0.034500 
0.034500 
0.034500 
0.034500 
0.034500 
0.034500 
0.034500 
0.034500 
0.034500 
0.034500 
0.034500 
0.034500 
0.034500 
0.034500 
0.034500 
0.034500 
0.034500 
0.034500 
0.034500 
0.034500 
0.034500 
0.034500 
0.034500 
0.034500 
0.034500 
0.034500 
0.034500 
0.034500 
0.034500 
0.034500 
0.034500 
0.034500 
0.034500 
0.034500 
0.034500 
0.034500 
0.034500 
0.034500 
0.034500 
0.034500 
0.034500 
0.034500 
0.034500 
0.034500 
0.034500 
0.034500 
0.034500 
0.034500 
0.034500 
0.034500 
0.041604 
0.059773 
0.084289 
0.110437 
0.133500 
0.150996 
0.166070 
0.182446 
0.203847 
0.234000 
0.341273 
0.545349 
0.776924 
0.966693 
1.045350 
0.958765 
0.751700 
0.503193 
0.292281 
0.198000 
0.190326 
0.185530 
0.182097 
0.178509 
0.173250 
0.163878 
0.151074 
0.138006 
0.127842 
0.123750 
0.123750 
0.123750 
0.123750 
0.123750 
0.123750 
0.126151 
0.132417 
0.141142 
0.150922 
0.160350 
0.171681 
0.185999 
0.200142 
0.210946 
0.215250 
0.215250 
0.215250 
0.215250 
0.215250 
0.215250 
0.196452 
0.151626 
0.098124 
0.053298 
0.034500 
0.034500 
0.034500 
0.034500 
0.034500 
0.034500 
0.034500 
0.034500 
0.034500 
0.034500 
0.034500 
0.038381 
0.048122 
0.060874 
0.073783 
0.084000 
0.092501 
0.101318 
0.109186 
0.114835 
0.117000 
0.117000 
0.117000 
0.117000 
0.117000 
0.117000 
0.117000 
0.117000 
0.117000 
0.117000 
0.117000 
0.108420 
0.087960 
0.063540 
0.043080 
0.034500 
0.034500 
0.034500 
0.034500 
0.034500 
0.034500 
0.034500 
0.034500 
0.034500 
0.034500 
0.034500 
0.034500 
0.034500 
0.034500 
0.034500 
0.034500 
0.034500 
0.034500 
0.034500 
0.034500 
0.034500 
0.034500 
0.034500 
0.034500 
0.034500 
0.034500 
0.034500 
0.034500 
0.034500 
0.034500 
0.034500 
0.034500 
0.034500 
0.034500 
0.034500 
0.034500 
0.034500 
0.034500 
0.034500 
0.034500 
0.034500 
0.034500 
0.034500 
0.034500 
0.034500 
0.034500 
0.034500 
0.034500 
0.034500 
0.034500 
0.034500 
0.034500 
0.034500 
0.034500 
0.034500 
0.034500 
0.034500 
0.034500 
0.034500 
0.034500 
0.034500 
0.040519 
0.055198 
0.073466 
0.090257 
0.100500 
0.105595 
0.110110 
0.113726 
0.116129 
0.117000 
0.117000 
0.117000 
0.117000 
0.117000 
0.117000 
0.116129 
0.113726 
0.110110 
0.105595 
0.100500 
0.090257 
0.073466 
0.055198 
0.040519 
0.034500 
0.034500 
0.034500 
0.034500 
0.034500 
0.034500 
0.034500 
0.034500 
0.034500 
0.034500 
0.034500 
0.034500 
0.034500 
0.034500 
0.034500 
0.034500 
0.034500 
0.034500 
0.034500 
0.034500 
0.034500 
0.034500 
0.034500 
0.034500 
0.034500 
0.034500 
0.034500 
0.034500 
0.034500 
0.034500 
0.034500 
0.036665 
0.042314 
0.050182 
0.058999 
0.067500 
0.077717 
0.090626 
0.103378 
0.113119 
0.117000 
0.117000 
0.117000 
0.117000 
0.117000 
0.117000 
0.117000 
0.117000 
0.117000 
0.117000 
0.117000 
0.110981 
0.096302 
0.078034 
0.061243 
0.051000 
0.045905 
0.041390 
0.037774 
0.035371 
0.034500 
0.034500 
0.034500 
0.034500 
0.034500 
0.034500 
0.034500 
0.034500 
0.034500 
0.034500 
0.034500 
0.034500 
0.034500 
0.034500 
0.034500 
0.034500 
0.034500 
0.034500 
0.034500 
0.034500 
0.034500 
0.034500 
0.034500 
0.034500 
0.034500 
0.034500 
0.034500 
0.034500 
0.034500 
0.034500 
0.034500 
0.034500 
0.034500 
0.034500 
0.034500 
0.034500 
0.034500 
0.034500 
0.034500 
0.034500 
0.034500 
0.036665 
0.042314 
0.050182 
0.058999 
0.067500 
0.077717 
0.090626 
0.103378 
0.113119 
0.117000 
0.117000 
0.117000 
0.117000 
0.117000 
0.117000 
0.117000 
0.117000 
0.117000 
0.117000 
0.117000 
0.110136 
0.093768 
0.074232 
0.057864 
0.051000 
0.068082 
0.108816 
0.157434 
0.198168 
0.215250 
0.210681 
0.198950 
0.183023 
0.165868 
0.150450 
0.135923 
0.120298 
0.104827 
0.090760 
0.079350 
0.069358 
0.059508 
0.050994 
0.045010 
0.042750 
0.042750 
0.042750 
0.042750 
0.042750 
0.042750 
0.042750 
0.042750 
0.042750 
0.042750 
0.042750 
0.042750 
0.042750 
0.042750 
0.042750 
0.042750 
0.042750 
0.042750 
0.042750 
0.042750 
0.042750 
0.042534 
0.041969 
0.041182 
0.040300 
0.039450 
0.038428 
0.037137 
0.035862 
0.034888 
0.034500 
0.034500 
0.034500 
0.034500 
0.034500 
0.034500 
0.038199 
0.048838 
0.065727 
0.088177 
0.115500 
0.221057 
0.430065 
0.669620 
0.866817 
0.948750 
0.863184 
0.659142 
0.415608 
0.211566 
0.126000 
0.126000 
0.126000 
0.126000 
0.126000 
0.126000 
0.124955 
0.122462 
0.119488 
0.116995 
0.115950 
0.117853 
0.122392 
0.127808 
0.132347 
0.134250 
0.134250 
0.134250 
0.134250 
0.134250 
0.134250 
0.127574 
0.111294 
0.091033 
0.072411 
0.061050 
0.055399 
0.050392 
0.046381 
0.043716 
0.042750 
0.043657 
0.046191 
0.050072 
0.055018 
0.060750 
0.070235 
0.085681 
0.105670 
0.128782 
0.153600 
0.186679 
0.230437 
0.277245 
0.319476 
0.349500 
0.369463 
0.386674 
0.401254 
0.413323 
0.423000 
0.431574 
0.439696 
0.446530 
0.451243 
0.453000 
0.441216 
0.412668 
0.377562 
0.346104 
0.328500 
0.322521 
0.318441 
0.315220 
0.311820 
0.307200 
0.299435 
0.288982 
0.278377 
0.270154 
0.266850 
0.274354 
0.292247 
0.313603 
0.331496 
0.339000 
0.335677 
0.327754 
0.318296 
0.310373 
0.307050 
0.308657 
0.312488 
0.317062 
0.320893 
0.322500 
0.322500 
0.322500 
0.322500 
0.322500 
0.322500 
0.323004 
0.324432 
0.326657 
0.329555 
0.333000 
0.341629 
0.357421 
0.376264 
0.394044 
0.406650 
0.414201 
0.420150 
0.425384 
0.430788 
0.437250 
0.446593 
0.458336 
0.469907 
0.478736 
0.482250 
0.482220 
0.482129 
0.481978 
0.481768 
0.481500 
0.474055 
0.456520 
0.435208 
0.416431 
0.406500 
0.403871 
0.402313 
0.401110 
0.399544 
0.396900 
0.386519 
0.366716 
0.344227 
0.325792 
0.318150 
0.323299 
0.336562 
0.354660 
0.374316 
0.392250 
0.411495 
0.434275 
0.456103 
0.472490 
0.478950 
0.432727 
0.322504 
0.190946 
0.080723 
0.034500 
0.034500 
0.034500 
0.034500 
0.034500 
0.034500 
0.034500 
0.034500 
0.034500 
0.034500 
0.034500 
0.035371 
0.037774 
0.041390 
0.045905 
0.051000 
0.061243 
0.078034 
0.096302 
0.110981 
0.117000 
0.117000 
0.117000 
0.117000 
0.117000 
0.117000 
0.117000 
0.117000 
0.117000 
0.117000 
0.117000 
0.113119 
0.103378 
0.090626 
0.077717 
0.067500 
0.058999 
0.050182 
0.042314 
0.036665 
0.034500 
0.034500 
0.034500 
0.034500 
0.034500 
0.034500 
0.034500 
0.034500 
0.034500 
0.034500 
0.034500 
0.034500 
0.034500 
0.034500 
0.034500 
0.034500 
0.034500 
0.034500 
0.034500 
0.034500 
0.034500 
0.034500 
0.034500 
0.034500 
0.034500 
0.034500 
0.035371 
0.037774 
0.041390 
0.045905 
0.051000 
0.061243 
0.078034 
0.096302 
0.110981 
0.117000 
0.117000 
0.117000 
0.117000 
0.117000 
0.117000 
0.117000 
0.117000 
0.117000 
0.117000 
0.117000 
