0.000000 
0.000000 
0.000000 
0.000000 
0.000000 
0.000000 
0.000000 
0.000000 
0.000000 
0.000000 
0.000000 
0.000000 
0.000000 
0.000000 
0.000000 
0.000000 
0.000000 
0.000000 
0.000000 
0.000000 
0.000000 
0.000000 
0.000000 
0.000000 
0.000000 
0.000000 
0.000000 
0.000000 
0.000000 
0.000000 
0.000000 
0.000000 
0.000000 
0.000000 
0.000000 
0.000000 
0.000000 
0.000000 
0.000000 
0.000000 
0.000000 
0.000000 
0.000000 
0.000000 
0.000000 
0.000000 
0.000000 
0.000000 
0.000000 
0.000000 
0.000000 
0.000000 
0.000000 
0.000000 
0.000000 
0.000000 
0.000000 
0.000000 
0.000000 
0.000000 
0.000000 
0.000000 
0.000000 
0.000000 
0.000000 
0.000000 
0.000000 
0.000000 
0.000000 
0.000000 
0.000000 
0.000000 
0.000000 
0.000000 
0.000000 
0.000000 
0.000000 
0.000000 
0.000000 
0.000000 
0.000000 
0.000000 
0.000000 
0.000000 
0.000000 
0.000000 
0.000000 
0.000000 
0.000000 
0.000000 
0.000000 
0.000000 
0.000000 
0.000000 
0.000000 
0.000000 
0.000000 
0.000000 
0.000000 
0.000000 
0.000000 
0.000000 
0.000000 
0.000000 
0.000000 
0.000000 
0.000000 
0.000000 
0.000000 
0.000000 
0.000000 
0.000000 
0.000000 
0.000000 
0.000000 
0.000000 
0.000000 
0.000000 
0.000000 
0.000000 
0.000000 
0.000000 
0.000000 
0.000000 
0.000000 
0.000000 
0.000000 
0.000000 
0.000000 
0.000000 
0.000000 
0.000000 
0.000000 
0.000000 
0.000000 
0.000000 
0.000000 
0.000000 
0.000000 
0.000000 
0.000000 
0.000000 
0.000000 
0.000000 
0.000000 
0.000000 
0.000000 
0.000000 
0.000000 
0.000000 
0.000000 
0.000000 
0.000000 
0.000000 
0.000000 
0.000000 
0.000000 
0.000000 
0.000000 
0.000000 
0.000000 
0.000000 
0.000000 
0.000000 
0.000000 
0.000000 
0.000000 
0.000000 
0.000000 
0.000000 
0.000000 
0.000000 
0.000000 
0.000000 
0.000000 
0.000000 
0.000000 
0.000000 
0.000000 
0.000000 
0.000000 
0.000000 
0.000000 
0.000000 
0.000000 
0.000000 
0.000000 
0.000000 
0.000000 
0.000000 
0.000000 
0.000000 
0.000000 
0.000000 
0.000000 
0.000000 
0.000000 
0.000000 
0.000000 
0.000000 
0.000000 
0.000000 
0.000000 
0.000000 
0.000000 
0.000000 
0.000000 
0.000000 
0.000000 
0.000000 
0.000000 
0.000000 
0.000000 
0.000000 
0.000000 
0.000000 
0.000000 
0.000000 
0.000000 
0.000000 
0.000000 
0.000000 
0.000000 
0.000000 
0.000000 
0.000022 
0.000079 
0.000156 
0.000296 
0.000376 
0.000577 
0.000712 
0.000974 
0.001259 
0.001755 
0.001740 
0.001889 
0.002679 
0.003510 
0.004270 
0.004473 
0.006124 
0.007691 
0.007866 
0.009751 
0.008872 
0.010220 
0.011120 
0.012832 
0.012513 
0.013645 
0.011720 
0.012595 
0.012615 
0.012828 
0.012052 
0.012681 
0.010845 
0.009612 
0.011346 
0.011634 
0.012955 
0.012703 
0.011206 
0.013626 
0.015446 
0.013004 
0.017704 
0.016919 
0.015586 
0.015646 
0.021315 
0.021128 
0.020602 
0.025404 
0.024066 
0.023445 
0.024877 
0.029857 
0.025599 
0.029785 
0.025147 
0.030882 
0.028976 
0.033595 
0.034091 
0.024408 
0.031830 
0.027330 
0.027332 
0.025510 
0.029134 
0.031153 
0.035892 
0.033625 
0.035020 
0.040822 
0.029091 
0.035289 
0.031176 
0.032100 
0.039096 
0.037694 
0.036056 
0.046869 
0.043509 
0.049038 
0.042280 
0.045908 
0.042244 
0.039235 
0.046118 
0.049260 
0.048408 
0.043355 
0.043478 
0.044803 
0.052418 
0.052371 
0.055356 
0.052843 
0.056995 
0.054533 
0.066952 
0.053369 
0.062826 
0.063696 
0.063443 
0.070928 
0.104006 
0.098995 
0.092802 
0.095582 
0.094542 
0.115055 
0.114551 
0.142236 
0.131221 
0.135175 
0.144620 
0.096112 
0.124830 
0.117666 
0.111697 
0.098806 
0.110798 
0.120833 
0.117965 
0.148379 
0.131656 
0.142794 
0.139200 
0.156872 
0.151551 
0.157018 
0.128105 
0.154489 
0.135016 
0.143623 
0.157263 
0.174823 
0.173944 
0.173618 
0.231202 
0.255274 
0.284079 
0.220739 
0.293961 
0.273544 
0.268756 
0.250483 
0.325462 
0.387255 
0.369866 
0.359335 
0.473860 
0.371901 
0.375804 
0.315257 
0.292365 
0.267665 
0.308034 
0.349907 
0.296683 
0.276447 
0.329328 
0.341163 
0.365551 
0.314007 
0.330847 
0.353755 
0.319587 
0.344413 
0.353695 
0.299113 
0.242788 
0.244397 
0.317784 
0.306136 
0.303517 
0.296528 
0.338281 
0.402965 
0.308274 
0.280625 
0.395943 
0.473190 
0.319936 
0.373566 
0.369362 
0.399387 
0.360891 
0.286252 
0.357666 
0.290658 
0.287919 
0.282758 
0.327291 
0.415388 
0.500800 
0.491351 
0.427788 
0.490112 
0.469571 
0.503181 
0.478269 
0.487358 
0.450231 
0.456006 
0.431422 
0.444431 
0.544983 
0.483436 
0.577903 
0.558704 
0.568601 
0.429127 
0.608679 
0.552450 
0.566918 
0.578896 
0.648604 
0.619496 
0.573217 
0.635125 
0.714506 
0.664971 
0.596675 
0.650055 
0.695009 
0.581032 
0.692970 
0.739641 
0.624325 
0.628328 
0.671462 
0.736174 
0.685523 
0.765164 
0.808835 
0.717846 
0.711831 
0.809047 
0.824764 
0.600763 
0.517310 
0.449998 
0.362224 
0.193334 
0.196971 
0.283142 
0.325743 
0.490427 
0.506111 
0.659314 
0.673084 
0.646531 
0.693564 
0.839627 
0.724472 
0.638021 
0.623330 
0.796056 
0.711941 
0.752492 
0.564711 
0.797700 
0.772024 
0.750896 
0.679458 
0.699209 
0.618810 
0.736876 
0.525024 
0.741549 
0.770361 
0.683803 
0.826295 
0.688608 
0.847612 
0.796369 
0.643147 
0.682570 
0.680005 
0.602624 
0.610825 
0.712589 
0.666682 
0.773188 
0.713833 
0.809588 
0.756089 
0.597003 
0.369078 
0.413125 
0.276126 
0.249701 
0.192724 
0.161399 
0.118500 
0.171311 
0.187572 
0.368457 
0.418694 
0.616085 
0.588836 
0.729059 
0.867341 
0.702762 
0.869998 
0.930616 
0.852405 
0.710133 
0.810799 
0.895886 
0.682856 
0.752309 
0.960918 
0.812569 
0.917178 
0.834317 
0.839569 
0.897800 
0.857306 
0.904090 
0.876628 
0.999416 
0.912078 
0.935914 
0.888116 
0.734587 
0.980953 
0.779810 
0.787155 
0.771957 
0.931459 
0.929265 
0.897223 
0.953589 
1.036481 
0.935152 
1.027581 
0.669514 
0.958052 
1.134954 
0.926279 
0.939333 
0.927706 
0.905593 
1.129242 
0.917710 
0.776785 
0.882532 
0.941122 
0.926489 
1.013608 
1.034345 
0.891003 
1.038507 
1.165689 
0.912164 
1.108265 
1.017760 
1.241646 
1.105366 
0.931030 
1.095480 
1.086882 
0.830610 
0.975055 
1.185543 
1.079768 
1.274897 
1.058986 
1.334586 
1.201828 
0.958198 
0.821138 
0.591735 
0.600158 
0.624186 
0.660222 
0.612937 
0.754791 
0.913780 
0.902773 
1.133972 
0.744951 
1.218633 
1.037996 
1.153889 
1.118742 
1.235506 
1.050334 
1.023849 
0.948683 
0.859463 
0.819485 
0.761785 
0.652998 
0.614584 
0.605950 
0.544524 
0.445373 
0.452842 
0.578240 
0.759394 
0.894489 
0.995946 
1.320503 
1.067227 
1.138163 
1.110118 
1.041939 
1.108803 
1.148903 
0.851930 
0.828751 
0.655940 
0.587786 
0.756783 
0.929399 
1.010436 
1.173694 
1.135465 
1.267651 
0.938747 
1.083933 
1.064526 
1.136071 
1.107959 
0.827268 
0.935032 
0.949838 
0.886235 
1.137811 
0.956811 
1.204421 
1.197207 
1.195347 
1.136637 
1.255143 
1.034894 
0.923732 
0.779217 
0.710125 
0.527638 
0.452105 
0.269554 
0.198950 
0.219284 
0.227879 
0.235076 
0.202997 
0.216149 
0.306561 
0.517086 
0.598584 
0.860930 
0.858995 
0.926466 
1.047104 
0.934052 
1.161633 
1.158179 
1.147067 
1.112088 
1.243411 
1.080198 
1.240664 
1.221588 
1.301293 
1.104858 
1.061435 
1.156498 
1.043923 
1.210828 
1.075130 
0.950494 
1.252233 
1.218936 
1.181593 
1.114125 
1.141921 
1.033791 
0.982308 
0.832710 
0.482115 
0.319242 
0.335928 
0.251005 
0.392561 
0.402211 
0.473012 
0.566943 
0.549112 
0.552536 
0.675647 
0.668787 
0.697672 
0.731231 
0.649099 
0.496207 
0.524524 
0.505956 
0.480914 
0.482695 
0.675012 
0.616099 
0.827078 
0.797861 
0.868100 
0.813522 
0.838783 
1.085666 
0.970303 
0.738447 
0.541352 
0.415989 
0.383970 
0.459751 
0.549985 
0.503559 
0.454322 
0.584188 
0.497314 
0.437350 
0.446113 
0.420588 
0.479978 
0.475869 
0.422767 
0.443795 
0.513967 
0.546147 
0.635951 
0.487996 
0.697388 
0.812099 
0.728976 
0.708025 
0.949852 
1.001753 
1.137023 
1.002145 
1.172007 
1.252005 
1.009619 
1.016054 
0.947725 
1.075220 
0.730292 
0.627502 
0.436025 
0.491814 
0.349135 
0.372642 
0.325512 
0.276779 
0.346308 
0.381359 
0.413990 
0.445292 
0.591471 
0.631229 
0.790676 
1.031168 
0.989802 
1.111307 
1.000892 
1.022530 
1.196596 
0.965308 
1.206232 
1.323482 
1.021635 
0.947187 
1.354221 
0.964883 
0.972999 
1.069159 
1.131976 
1.154829 
1.181338 
1.268893 
0.992518 
1.139735 
1.274146 
0.822106 
1.153096 
1.215631 
1.048446 
1.185641 
1.273484 
1.105126 
1.284566 
1.032107 
1.006811 
1.280886 
1.100945 
1.162288 
1.146404 
1.021578 
0.928194 
1.159048 
1.116994 
1.127090 
1.054393 
1.008972 
0.928174 
0.834272 
0.858579 
1.027978 
0.895265 
1.301495 
1.137783 
1.042447 
1.289810 
1.236403 
1.182468 
0.935769 
1.072947 
1.026450 
1.043861 
0.967673 
0.866008 
1.074632 
1.017353 
1.079636 
1.015877 
1.011563 
1.131116 
0.883471 
0.902202 
0.846868 
0.765687 
0.680565 
0.649526 
0.696310 
0.830265 
0.662137 
0.886899 
0.774476 
1.077509 
0.992668 
1.105428 
0.996386 
1.108876 
1.013828 
1.075385 
1.087306 
0.988485 
0.976030 
0.935229 
1.114616 
0.842320 
0.962225 
1.091588 
1.186236 
1.010362 
1.175612 
1.007672 
1.006223 
0.975097 
0.858373 
0.811621 
0.826039 
0.857496 
0.885155 
0.746551 
0.666755 
0.864211 
0.692997 
0.636735 
0.750086 
0.687720 
0.727936 
0.826312 
0.642079 
0.878766 
0.874541 
0.807039 
0.825130 
0.861784 
0.977578 
0.698106 
0.649536 
0.465650 
0.458291 
0.292873 
0.291199 
0.316181 
0.289675 
0.270570 
0.232736 
0.233835 
0.203501 
0.274762 
0.241898 
0.221782 
0.226168 
0.294499 
0.312525 
0.231323 
0.282453 
0.341874 
0.339895 
0.415269 
0.478179 
0.630483 
0.639917 
0.677812 
0.743974 
0.808303 
0.718119 
0.783967 
0.732122 
0.651941 
0.630649 
0.680170 
0.781949 
0.616999 
0.489300 
0.498553 
0.564973 
0.457712 
0.414893 
0.398614 
0.451337 
0.436547 
0.562675 
0.478623 
0.503728 
0.414270 
0.441538 
0.591103 
0.765926 
0.796280 
0.832272 
0.703791 
0.904968 
0.837517 
0.669687 
0.818290 
0.827199 
0.819681 
0.770438 
0.757570 
0.551295 
0.463278 
0.557174 
0.518812 
0.455059 
0.550866 
0.468672 
0.441182 
0.483189 
0.478833 
0.611611 
0.557537 
0.455884 
0.489862 
0.608593 
0.764174 
0.592439 
0.610100 
0.596756 
0.774302 
0.636711 
0.532617 
0.522545 
0.574021 
0.411153 
0.422976 
0.357401 
0.353907 
0.463948 
0.447531 
0.516141 
0.557258 
0.520666 
0.434606 
0.365842 
0.267069 
0.293335 
0.249088 
0.333697 
0.350809 
0.335171 
0.329396 
0.278257 
0.319180 
0.319839 
0.315794 
0.319893 
0.310601 
0.289912 
0.284921 
0.255631 
0.304128 
0.321876 
0.284485 
0.288977 
0.257737 
0.264037 
0.223289 
0.181231 
0.199051 
0.157863 
0.198171 
0.180079 
0.139956 
0.161912 
0.133205 
0.112231 
0.128478 
0.117801 
0.113156 
0.117055 
0.118146 
0.100393 
0.092241 
0.101838 
0.094114 
0.091224 
0.107353 
0.090010 
0.098989 
0.104911 
0.091522 
0.124572 
0.119249 
0.089033 
0.104753 
0.100625 
0.102577 
0.128547 
0.129455 
0.138258 
0.151787 
0.151401 
0.133220 
0.158899 
0.142615 
0.145185 
0.152511 
0.161997 
0.156117 
0.176900 
0.170977 
0.160556 
0.216765 
0.181721 
0.199786 
0.143118 
0.170739 
0.179609 
0.184339 
0.171329 
0.185420 
0.142227 
0.173836 
0.205541 
0.212064 
0.232795 
0.245661 
0.221936 
0.240133 
0.266846 
0.275461 
0.286575 
0.295473 
0.375733 
0.406272 
0.399847 
0.451005 
0.427980 
0.474508 
0.297071 
0.352575 
0.315158 
0.324248 
0.279610 
0.201147 
0.225066 
0.184631 
0.196701 
0.205117 
0.176918 
0.162865 
0.172941 
0.152983 
0.137016 
0.109725 
0.106970 
0.100162 
0.091534 
0.073735 
0.083212 
0.072632 
0.088650 
0.072384 
0.082797 
0.064409 
0.089074 
0.077720 
0.083468 
0.069749 
0.071587 
0.074370 
0.081150 
0.069418 
0.092973 
0.082164 
0.071540 
0.093904 
0.072500 
0.075060 
0.082207 
0.073241 
0.068446 
0.076571 
0.070093 
0.071234 
0.081571 
0.092912 
0.071844 
0.081195 
0.077348 
0.053539 
0.064928 
0.055016 
0.054480 
0.057835 
0.049235 
0.046097 
0.042051 
0.042936 
0.035697 
0.041432 
0.035476 
0.037835 
0.042696 
0.038056 
0.035670 
0.038304 
0.030799 
0.028685 
0.040070 
0.036011 
0.030575 
0.033239 
0.026314 
0.032226 
0.024446 
0.026197 
0.026114 
0.023483 
0.024372 
0.022430 
0.019967 
0.020480 
0.017032 
0.014785 
0.013703 
0.011543 
0.011245 
0.010392 
0.009757 
0.007725 
0.009057 
0.007623 
0.008713 
0.008573 
0.008721 
0.006540 
0.007639 
0.007760 
0.010518 
0.007629 
0.008053 
0.008381 
0.007021 
0.007135 
0.008050 
0.008011 
0.007779 
0.008340 
0.006784 
0.009085 
0.005960 
0.006650 
0.004271 
0.003727 
0.003639 
0.004186 
0.003047 
0.003145 
0.002946 
0.003102 
0.003299 
0.002942 
0.002812 
0.002794 
0.002423 
0.002711 
0.002091 
0.003198 
0.002591 
0.002542 
0.002456 
0.001657 
0.002403 
0.001933 
0.001693 
0.001654 
0.001462 
0.001334 
0.000946 
0.000800 
0.000701 
0.000512 
0.000312 
0.000156 
0.000080 
0.000059 
0.000035 
0.000013 
0.000004 
0.000000 
0.000000 
0.000000 
0.000000 
0.000000 
0.000000 
0.000000 
0.000000 
0.000000 
0.000000 
0.000000 
0.000000 
0.000000 
0.000000 
0.000000 
0.000000 
0.000000 
0.000000 
0.000000 
0.000000 
0.000000 
0.000000 
0.000000 
0.000000 
0.000000 
0.000000 
0.000000 
0.000000 
0.000000 
0.000000 
0.000000 
0.000000 
0.000000 
0.000000 
0.000000 
0.000000 
0.000000 
0.000000 
0.000000 
0.000000 
0.000000 
0.000000 
0.000000 
0.000000 
0.000000 
0.000000 
0.000000 
0.000000 
0.000000 
0.000000 
0.000000 
0.000000 
0.000000 
0.000000 
0.000000 
0.000000 
0.000000 
0.000000 
0.000000 
0.000000 
0.000000 
0.000000 
0.000000 
0.000000 
0.000000 
0.000000 
0.000000 
0.000000 
0.000000 
0.000000 
0.000000 
0.000000 
0.000000 
0.000000 
0.000000 
0.000000 
0.000000 
0.000000 
0.000000 
0.000000 
0.000000 
0.000000 
0.000000 
0.000000 
0.000000 
0.000000 
0.000000 
0.000000 
0.000000 
0.000000 
0.000000 
0.000000 
0.000000 
0.000000 
0.000000 
0.000000 
0.000000 
0.000000 
0.000000 
0.000000 
0.000000 
0.000000 
0.000000 
0.000000 
0.000000 
0.000000 
0.000000 
0.000000 
0.000000 
0.000000 
0.000000 
0.000000 
0.000000 
0.000000 
0.000000 
0.000000 
0.000000 
0.000000 
0.000000 
0.000000 
0.000000 
0.000000 
0.000000 
0.000000 
0.000000 
0.000000 
0.000000 
0.000000 
0.000000 
0.000000 
0.000000 
0.000000 
0.000000 
0.000000 
0.000000 
0.000000 
0.000000 
0.000000 
0.000000 
0.000000 
0.000000 
0.000000 
0.000000 
0.000000 
0.000000 
0.000000 
0.000000 
0.000000 
0.000000 
0.000000 
0.000000 
0.000000 
0.000000 
0.000000 
0.000000 
0.000000 
0.000000 
0.000000 
0.000000 
0.000000 
0.000000 
0.000000 
0.000000 
0.000000 
0.000000 
0.000000 
0.000000 
0.000000 
0.000000 
0.000000 
0.000000 
0.000000 
0.000000 
0.000000 
0.000000 
0.000000 
0.000000 
0.000000 
0.000000 
0.000000 
0.000000 
0.000000 
0.000000 
0.000000 
0.000000 
0.000000 
0.000000 
0.000000 
0.000000 
0.000000 
0.000000 
