0.000000 
0.000000 
0.000000 
0.000000 
0.000000 
0.000000 
0.000000 
0.000000 
0.000000 
0.000000 
0.000000 
0.000000 
0.000000 
0.000000 
0.000000 
0.000000 
0.000000 
0.000000 
0.000000 
0.000000 
0.000000 
0.000000 
0.000000 
0.000000 
0.000000 
0.000000 
0.000000 
0.000000 
0.000000 
0.000000 
0.000000 
0.000000 
0.000000 
0.000000 
0.000000 
0.000000 
0.000000 
0.000000 
0.000000 
0.000000 
0.000000 
0.000000 
0.000000 
0.000000 
0.000000 
0.000000 
0.000000 
0.000000 
0.000000 
0.000000 
0.000000 
0.000000 
0.000000 
0.000000 
0.000000 
0.000000 
0.000000 
0.000000 
0.000000 
0.000000 
0.000000 
0.000000 
0.000000 
0.000000 
0.000000 
0.000000 
0.000000 
0.000000 
0.000000 
0.000000 
0.000000 
0.000000 
0.000000 
0.000000 
0.000000 
0.000000 
0.000000 
0.000000 
0.000000 
0.000000 
0.000000 
0.000000 
0.000000 
0.000000 
0.000000 
0.000000 
0.000000 
0.000000 
0.000000 
0.000000 
0.000000 
0.000000 
0.000000 
0.000000 
0.000000 
0.000000 
0.000000 
0.000000 
0.000000 
0.000000 
0.000000 
0.000000 
0.000000 
0.000000 
0.000000 
0.000000 
0.000000 
0.000000 
0.000000 
0.000000 
0.000000 
0.000000 
0.000000 
0.000000 
0.000000 
0.000000 
0.000000 
0.000000 
0.000000 
0.000000 
0.000000 
0.000000 
0.000000 
0.000000 
0.000000 
0.000000 
0.000000 
0.000000 
0.000000 
0.000000 
0.000000 
0.000000 
0.000000 
0.000000 
0.000000 
0.000000 
0.000000 
0.000000 
0.000000 
0.000000 
0.000000 
0.000000 
0.000000 
0.000000 
0.000000 
0.000000 
0.000000 
0.000000 
0.000000 
0.000000 
0.000000 
0.000000 
0.000000 
0.000000 
0.000000 
0.000000 
0.000000 
0.000000 
0.000000 
0.000000 
0.000000 
0.000000 
0.000000 
0.000000 
0.000000 
0.000000 
0.000000 
0.000000 
0.000000 
0.000000 
0.000000 
0.000000 
0.000000 
0.000000 
0.000000 
0.000000 
0.000000 
0.000000 
0.000000 
0.000000 
0.000000 
0.000000 
0.000000 
0.000000 
0.000000 
0.000000 
0.000000 
0.000000 
0.000000 
0.000000 
0.000000 
0.000000 
0.000000 
0.000000 
0.000000 
0.000000 
0.000000 
0.000000 
0.000000 
0.000000 
0.000000 
0.000000 
0.000000 
0.000000 
0.000000 
0.000000 
0.000000 
0.000000 
0.000000 
0.000000 
0.000000 
0.000000 
0.000000 
0.000000 
0.000000 
0.000000 
0.000000 
0.000000 
0.000000 
0.000000 
0.000000 
0.000000 
0.000000 
0.000000 
0.000000 
0.000020 
0.000072 
0.000195 
0.000309 
0.000461 
0.000526 
0.000749 
0.000996 
0.001617 
0.001740 
0.002144 
0.002614 
0.003793 
0.004000 
0.004373 
0.005493 
0.007110 
0.008562 
0.009171 
0.012731 
0.012875 
0.013372 
0.015218 
0.015190 
0.015599 
0.017183 
0.015120 
0.016142 
0.015502 
0.013170 
0.011198 
0.014057 
0.015980 
0.014000 
0.016262 
0.013715 
0.014687 
0.012702 
0.014891 
0.013229 
0.015778 
0.016613 
0.019270 
0.019720 
0.015988 
0.021839 
0.023882 
0.026935 
0.029315 
0.031719 
0.026686 
0.026656 
0.027467 
0.024666 
0.028834 
0.025945 
0.034558 
0.028381 
0.033044 
0.032466 
0.036775 
0.033483 
0.035432 
0.038390 
0.039037 
0.038085 
0.038184 
0.040996 
0.039647 
0.049759 
0.041452 
0.039586 
0.046677 
0.048390 
0.046888 
0.051125 
0.048778 
0.047400 
0.040886 
0.038088 
0.053001 
0.048822 
0.055451 
0.048289 
0.052697 
0.048678 
0.059882 
0.049771 
0.060432 
0.053149 
0.047490 
0.070082 
0.057012 
0.056374 
0.066639 
0.054961 
0.059019 
0.073428 
0.074102 
0.065686 
0.073776 
0.062290 
0.081795 
0.088545 
0.094451 
0.097389 
0.116322 
0.116733 
0.115675 
0.130178 
0.132653 
0.128219 
0.159234 
0.170856 
0.192418 
0.124918 
0.155471 
0.110275 
0.147227 
0.139909 
0.136683 
0.164888 
0.156959 
0.173009 
0.152209 
0.194202 
0.159463 
0.154045 
0.144625 
0.140967 
0.153701 
0.185381 
0.210589 
0.181002 
0.164531 
0.228661 
0.209985 
0.231139 
0.315302 
0.338404 
0.264308 
0.277555 
0.333046 
0.331155 
0.334975 
0.361477 
0.378602 
0.433207 
0.430907 
0.428569 
0.490445 
0.477083 
0.445879 
0.393912 
0.433749 
0.358103 
0.359671 
0.305294 
0.359260 
0.389963 
0.301153 
0.434882 
0.362315 
0.371473 
0.441963 
0.429786 
0.365213 
0.400810 
0.379209 
0.323038 
0.304087 
0.355118 
0.325386 
0.377718 
0.314782 
0.377717 
0.393175 
0.435768 
0.453269 
0.491411 
0.516626 
0.498426 
0.402642 
0.475315 
0.454205 
0.421430 
0.438395 
0.396298 
0.355205 
0.358125 
0.344497 
0.452672 
0.363567 
0.405721 
0.542903 
0.509465 
0.587207 
0.550079 
0.603670 
0.528515 
0.563920 
0.520450 
0.423352 
0.586828 
0.575879 
0.683513 
0.626527 
0.601306 
0.552465 
0.664627 
0.645302 
0.845069 
0.794092 
0.695442 
0.704607 
0.597509 
0.718184 
0.708075 
0.744378 
0.783105 
0.594009 
0.924198 
0.696729 
0.785042 
0.762229 
0.871011 
0.707996 
0.810886 
0.857976 
0.863917 
0.638138 
0.836937 
0.961383 
0.818195 
0.834803 
0.926630 
0.803981 
0.712171 
0.917682 
0.623253 
0.681958 
0.459699 
0.486814 
0.338137 
0.319077 
0.369060 
0.412849 
0.569221 
0.604730 
0.793285 
0.785585 
0.692479 
0.785581 
0.891550 
0.743493 
0.928620 
0.929145 
0.795934 
0.837753 
0.884720 
0.857276 
0.821167 
0.917278 
0.707085 
0.856355 
1.070166 
0.830854 
0.862904 
0.923527 
0.851768 
1.049673 
0.974930 
0.770575 
0.906221 
0.936964 
0.977590 
0.929974 
0.721641 
0.733739 
0.628918 
0.671467 
0.906059 
0.879508 
0.899794 
1.051793 
0.851452 
0.845055 
0.668945 
0.509916 
0.392712 
0.344781 
0.287670 
0.200904 
0.188217 
0.150175 
0.165705 
0.327534 
0.430686 
0.490746 
0.678545 
0.565185 
0.871035 
1.025860 
1.011291 
0.985980 
1.019140 
0.962692 
1.127576 
0.782384 
0.917904 
1.007850 
1.113741 
1.122536 
1.027259 
1.169624 
0.903188 
1.086658 
1.182263 
1.115166 
1.140927 
1.128484 
1.067093 
1.199539 
1.307687 
0.988894 
0.982325 
1.092416 
1.134558 
0.942817 
1.090125 
1.096950 
1.180134 
1.034948 
0.876228 
1.163336 
1.172584 
1.137615 
1.011962 
0.917013 
1.195933 
1.056067 
1.146397 
1.115523 
0.937748 
1.023104 
1.154900 
1.079362 
1.148402 
1.159457 
1.136778 
0.989493 
1.263811 
1.125712 
1.111038 
0.810540 
1.344527 
1.412650 
0.984414 
1.272717 
1.104555 
1.362176 
1.354949 
1.064597 
1.074115 
1.419639 
1.004566 
1.104969 
1.333686 
1.237899 
1.277950 
1.381963 
1.264739 
0.766928 
0.785054 
0.601176 
0.767789 
0.799561 
0.739831 
0.955814 
1.031409 
1.055901 
1.116579 
1.220246 
1.344634 
1.209750 
1.155043 
1.221390 
1.323007 
0.956294 
1.226825 
1.168540 
1.056006 
1.040914 
0.827359 
0.816201 
0.725723 
0.591142 
0.674389 
0.682708 
0.585209 
0.726156 
0.852726 
1.182906 
1.050050 
1.320954 
1.214859 
1.370119 
1.291348 
1.123431 
1.300697 
1.138985 
0.890483 
0.923257 
0.779908 
0.762842 
0.818398 
1.000866 
1.219843 
1.208381 
1.264538 
1.411189 
1.426116 
1.284563 
1.500275 
1.541062 
1.284018 
1.279083 
1.386823 
0.992841 
1.250251 
1.309108 
1.513493 
1.340505 
1.258544 
1.338972 
1.403050 
1.104235 
1.255116 
1.238876 
0.969346 
0.866752 
0.573115 
0.451563 
0.352062 
0.309627 
0.252682 
0.272460 
0.255744 
0.276696 
0.285146 
0.319405 
0.545343 
0.908960 
0.864532 
1.315882 
1.173036 
1.234124 
1.520796 
1.431870 
1.695232 
1.444557 
1.465595 
1.367286 
1.397166 
1.470162 
1.561240 
1.264844 
1.314032 
1.477807 
1.792405 
1.246839 
1.326408 
1.559617 
1.666718 
1.467565 
1.554895 
1.279356 
1.394390 
1.230519 
1.276636 
1.158387 
1.057237 
0.776094 
0.430182 
0.361315 
0.413758 
0.414053 
0.510216 
0.487139 
0.544320 
0.676707 
0.781764 
0.874010 
0.943081 
0.799963 
0.791855 
0.793414 
0.612819 
0.670671 
0.574034 
0.577934 
0.695559 
0.680763 
0.827506 
0.824920 
1.030695 
0.986864 
1.138505 
1.124524 
1.411042 
1.041457 
0.923213 
0.783884 
0.547454 
0.560547 
0.577455 
0.513352 
0.655705 
0.595344 
0.598553 
0.609948 
0.490979 
0.416631 
0.522045 
0.644538 
0.563311 
0.624112 
0.615824 
0.578029 
0.786790 
0.745225 
0.784093 
0.784564 
0.750287 
1.015901 
0.948694 
1.116783 
1.242414 
1.292629 
1.435297 
1.119214 
1.269548 
1.264906 
1.203193 
1.104616 
1.151831 
1.013917 
0.704157 
0.544121 
0.445999 
0.408141 
0.379232 
0.449787 
0.361627 
0.402792 
0.480190 
0.385927 
0.562800 
0.731952 
0.873002 
1.091301 
1.181228 
1.324710 
1.275625 
1.736626 
1.326302 
1.569426 
1.350226 
1.355667 
1.375334 
1.174406 
1.487162 
1.211292 
1.208235 
1.270407 
1.579827 
1.556349 
1.368345 
1.467801 
1.507692 
1.438127 
1.378982 
1.036506 
1.268951 
1.249730 
1.076750 
1.306541 
1.220603 
1.405639 
1.670531 
1.273071 
1.417382 
1.467828 
1.353222 
1.466955 
1.444381 
1.008125 
1.456515 
1.645064 
1.342548 
1.226399 
1.230301 
1.115236 
0.947143 
1.126595 
1.001881 
1.031204 
1.221732 
1.165391 
1.286532 
1.500642 
1.492009 
1.360836 
1.212130 
1.256731 
1.349918 
1.392202 
1.250888 
1.388827 
1.155390 
1.499167 
1.293914 
1.176096 
1.214756 
1.353456 
1.396818 
1.377847 
1.054762 
1.159311 
1.087168 
0.923436 
0.795868 
0.849069 
0.834654 
0.840260 
0.935628 
0.883839 
0.987766 
1.074431 
1.202251 
1.181096 
1.267119 
1.212998 
1.418782 
1.267572 
1.356623 
1.224271 
1.471864 
1.136735 
1.042404 
1.274568 
1.359122 
1.387452 
1.203419 
1.237884 
1.189894 
1.129342 
1.034192 
1.145135 
0.925567 
1.244331 
0.916009 
0.804665 
0.894392 
0.955394 
0.794104 
0.758973 
0.779149 
0.878094 
0.731970 
0.870183 
0.855015 
0.867287 
1.118029 
0.994019 
1.040624 
0.903460 
0.967088 
1.069002 
1.158936 
0.907942 
0.876060 
0.636295 
0.416330 
0.360058 
0.345037 
0.385225 
0.302304 
0.313225 
0.322027 
0.303725 
0.294206 
0.357478 
0.274619 
0.378359 
0.325231 
0.287670 
0.263158 
0.390072 
0.361862 
0.423495 
0.416022 
0.499179 
0.656649 
0.629135 
0.690209 
0.854616 
0.974755 
1.093398 
0.934044 
0.921613 
1.000882 
0.871732 
0.987686 
0.897725 
0.735692 
0.699847 
0.687875 
0.636413 
0.608668 
0.542776 
0.525562 
0.469338 
0.478661 
0.554944 
0.562378 
0.504536 
0.681202 
0.677563 
0.595964 
0.715953 
0.775279 
0.921097 
1.188615 
1.015855 
1.031869 
0.988604 
0.658901 
1.054090 
0.915609 
0.830631 
0.793489 
0.759831 
0.683920 
0.528593 
0.568636 
0.483321 
0.534792 
0.533028 
0.530601 
0.508669 
0.698036 
0.510842 
0.597701 
0.628134 
0.771282 
0.626459 
0.650780 
0.663533 
0.838710 
0.742203 
0.861368 
0.686948 
0.774732 
0.802846 
0.793716 
0.631297 
0.659562 
0.432550 
0.406659 
0.428243 
0.564633 
0.580530 
0.568426 
0.794835 
0.489999 
0.500127 
0.432427 
0.381202 
0.368018 
0.385716 
0.310001 
0.384128 
0.436590 
0.397721 
0.424194 
0.425660 
0.361610 
0.371656 
0.467563 
0.426711 
0.384263 
0.382035 
0.380803 
0.325466 
0.313905 
0.373011 
0.277251 
0.227510 
0.307918 
0.279838 
0.238031 
0.231113 
0.219096 
0.241959 
0.194313 
0.198968 
0.201459 
0.182136 
0.171613 
0.163046 
0.149770 
0.144066 
0.122332 
0.129289 
0.141124 
0.123267 
0.129315 
0.114731 
0.126319 
0.110333 
0.131245 
0.152217 
0.112440 
0.140871 
0.131477 
0.127661 
0.128755 
0.120677 
0.111060 
0.135925 
0.160577 
0.139787 
0.153083 
0.173174 
0.183089 
0.173060 
0.145953 
0.179222 
0.176694 
0.187745 
0.188782 
0.230519 
0.220752 
0.250468 
0.200261 
0.205535 
0.206514 
0.220845 
0.190675 
0.217597 
0.246842 
0.167682 
0.226709 
0.228041 
0.189785 
0.263472 
0.269454 
0.317237 
0.304776 
0.309559 
0.266099 
0.235321 
0.280194 
0.325529 
0.343855 
0.387171 
0.453605 
0.458680 
0.486465 
0.514810 
0.573027 
0.461967 
0.427222 
0.445095 
0.419998 
0.405159 
0.296175 
0.274022 
0.233574 
0.190102 
0.229646 
0.222633 
0.225231 
0.192426 
0.198393 
0.191428 
0.164105 
0.142178 
0.130543 
0.123188 
0.112648 
0.085508 
0.108401 
0.089020 
0.100112 
0.101361 
0.078724 
0.080575 
0.082506 
0.075447 
0.100699 
0.084375 
0.090241 
0.104495 
0.092731 
0.077910 
0.097265 
0.079317 
0.102929 
0.098349 
0.100783 
0.095920 
0.099570 
0.104829 
0.074606 
0.094043 
0.102666 
0.095505 
0.099176 
0.092843 
0.106539 
0.096517 
0.080383 
0.091137 
0.065445 
0.084367 
0.071371 
0.062895 
0.054306 
0.058074 
0.059124 
0.059437 
0.056869 
0.043714 
0.045702 
0.047231 
0.042547 
0.042167 
0.041042 
0.034396 
0.040609 
0.035236 
0.041343 
0.034644 
0.033340 
0.037002 
0.033106 
0.034337 
0.030199 
0.031491 
0.027931 
0.025091 
0.025298 
0.031167 
0.021297 
0.018048 
0.014972 
0.020901 
0.020407 
0.017393 
0.013422 
0.011896 
0.013702 
0.008963 
0.012036 
0.009972 
0.008498 
0.007505 
0.008790 
0.008849 
0.009767 
0.008202 
0.008399 
0.006743 
0.008734 
0.008564 
0.009091 
0.008959 
0.009064 
0.009865 
0.009789 
0.009174 
0.008945 
0.007842 
0.007921 
0.006520 
0.007150 
0.005542 
0.004713 
0.003887 
0.004198 
0.004001 
0.003386 
0.003370 
0.003848 
0.003142 
0.003118 
0.003307 
0.003327 
0.003345 
0.003403 
0.003674 
0.003583 
0.003045 
0.003010 
0.002325 
0.002450 
0.002034 
0.002105 
0.001998 
0.001726 
0.001460 
0.001239 
0.001042 
0.000852 
0.000515 
0.000466 
0.000197 
0.000079 
0.000069 
0.000035 
0.000016 
0.000005 
0.000000 
0.000000 
0.000000 
0.000000 
0.000000 
0.000000 
0.000000 
0.000000 
0.000000 
0.000000 
0.000000 
0.000000 
0.000000 
0.000000 
0.000000 
0.000000 
0.000000 
0.000000 
0.000000 
0.000000 
0.000000 
0.000000 
0.000000 
0.000000 
0.000000 
0.000000 
0.000000 
0.000000 
0.000000 
0.000000 
0.000000 
0.000000 
0.000000 
0.000000 
0.000000 
0.000000 
0.000000 
0.000000 
0.000000 
0.000000 
0.000000 
0.000000 
0.000000 
0.000000 
0.000000 
0.000000 
0.000000 
0.000000 
0.000000 
0.000000 
0.000000 
0.000000 
0.000000 
0.000000 
0.000000 
0.000000 
0.000000 
0.000000 
0.000000 
0.000000 
0.000000 
0.000000 
0.000000 
0.000000 
0.000000 
0.000000 
0.000000 
0.000000 
0.000000 
0.000000 
0.000000 
0.000000 
0.000000 
0.000000 
0.000000 
0.000000 
0.000000 
0.000000 
0.000000 
0.000000 
0.000000 
0.000000 
0.000000 
0.000000 
0.000000 
0.000000 
0.000000 
0.000000 
0.000000 
0.000000 
0.000000 
0.000000 
0.000000 
0.000000 
0.000000 
0.000000 
0.000000 
0.000000 
0.000000 
0.000000 
0.000000 
0.000000 
0.000000 
0.000000 
0.000000 
0.000000 
0.000000 
0.000000 
0.000000 
0.000000 
0.000000 
0.000000 
0.000000 
0.000000 
0.000000 
0.000000 
0.000000 
0.000000 
0.000000 
0.000000 
0.000000 
0.000000 
0.000000 
0.000000 
0.000000 
0.000000 
0.000000 
0.000000 
0.000000 
0.000000 
0.000000 
0.000000 
0.000000 
0.000000 
0.000000 
0.000000 
0.000000 
0.000000 
0.000000 
0.000000 
0.000000 
0.000000 
0.000000 
0.000000 
0.000000 
0.000000 
0.000000 
0.000000 
0.000000 
0.000000 
0.000000 
0.000000 
0.000000 
0.000000 
0.000000 
0.000000 
0.000000 
0.000000 
0.000000 
0.000000 
0.000000 
0.000000 
0.000000 
0.000000 
0.000000 
0.000000 
0.000000 
0.000000 
0.000000 
0.000000 
0.000000 
0.000000 
0.000000 
0.000000 
0.000000 
0.000000 
0.000000 
0.000000 
0.000000 
0.000000 
0.000000 
0.000000 
0.000000 
0.000000 
0.000000 
0.000000 
0.000000 
0.000000 
0.000000 
0.000000 
0.000000 
