0.040500 
0.040500 
0.040500 
0.040500 
0.040500 
0.040500 
0.040500 
0.040500 
0.040500 
0.040500 
0.040500 
0.040500 
0.040500 
0.040500 
0.040500 
0.040500 
0.040500 
0.040500 
0.040500 
0.040500 
0.040500 
0.040500 
0.040500 
0.040500 
0.040500 
0.040500 
0.040500 
0.040500 
0.040500 
0.040500 
0.040500 
0.040500 
0.040500 
0.040500 
0.040500 
0.040500 
0.040500 
0.040500 
0.040500 
0.040500 
0.040500 
0.040500 
0.040500 
0.040500 
0.040500 
0.040500 
0.040500 
0.040500 
0.040500 
0.040500 
0.040500 
0.040500 
0.040500 
0.040500 
0.040500 
0.040500 
0.040500 
0.040500 
0.040500 
0.040500 
0.040500 
0.040500 
0.040500 
0.040500 
0.040500 
0.040500 
0.040500 
0.040500 
0.040500 
0.040500 
0.040500 
0.040500 
0.040500 
0.040500 
0.040500 
0.040500 
0.040500 
0.040500 
0.040500 
0.040500 
0.040500 
0.040500 
0.040500 
0.040500 
0.040500 
0.040500 
0.040500 
0.040500 
0.040500 
0.040500 
0.040500 
0.040500 
0.040500 
0.040500 
0.040500 
0.040500 
0.040500 
0.040500 
0.040500 
0.040500 
0.040500 
0.040500 
0.040500 
0.040500 
0.040500 
0.040500 
0.040500 
0.040500 
0.040500 
0.040500 
0.040500 
0.040500 
0.040500 
0.040500 
0.040500 
0.040500 
0.040500 
0.040500 
0.040500 
0.040500 
0.040500 
0.040500 
0.040500 
0.040500 
0.040500 
0.040500 
0.040500 
0.040500 
0.040500 
0.040500 
0.040500 
0.040500 
0.040500 
0.040500 
0.040500 
0.040500 
0.040500 
0.040500 
0.040500 
0.040500 
0.040500 
0.040500 
0.040500 
0.040500 
0.040500 
0.040500 
0.040500 
0.040500 
0.040500 
0.040500 
0.040500 
0.040500 
0.040500 
0.040500 
0.040500 
0.040500 
0.040500 
0.040500 
0.040500 
0.040500 
0.040500 
0.040500 
0.040500 
0.040500 
0.040500 
0.040500 
0.040500 
0.040500 
0.040500 
0.040500 
0.041566 
0.044417 
0.048535 
0.053402 
0.058500 
0.065042 
0.073757 
0.083402 
0.092731 
0.100500 
0.107515 
0.114737 
0.121151 
0.125744 
0.127500 
0.125884 
0.121571 
0.115367 
0.108075 
0.100500 
0.089493 
0.074017 
0.058045 
0.045548 
0.040500 
0.040500 
0.040500 
0.040500 
0.040500 
0.040500 
0.040500 
0.040500 
0.040500 
0.040500 
0.040500 
0.040500 
0.040500 
0.040500 
0.040500 
0.040500 
0.040500 
0.040500 
0.040500 
0.040500 
0.040500 
0.040500 
0.040500 
0.040500 
0.040500 
0.040500 
0.040500 
0.040500 
0.040500 
0.040500 
0.040500 
0.040500 
0.040500 
0.040500 
0.040500 
0.040500 
0.040500 
0.040500 
0.040500 
0.040500 
0.040500 
0.040500 
0.040500 
0.040500 
0.040500 
0.040500 
0.040500 
0.040500 
0.040500 
0.040500 
0.040500 
0.040500 
0.040500 
0.040500 
0.040500 
0.040500 
0.040500 
0.040500 
0.040500 
0.040500 
0.040500 
0.040500 
0.040500 
0.040500 
0.040500 
0.040500 
0.040500 
0.040500 
0.040500 
0.040500 
0.040500 
0.040500 
0.040500 
0.040500 
0.040500 
0.040500 
0.040500 
0.040500 
0.040500 
0.040500 
0.040500 
0.040500 
0.040500 
0.040500 
0.040500 
0.040500 
0.040500 
0.040500 
0.040500 
0.040500 
0.040500 
0.040500 
0.040500 
0.040500 
0.040500 
0.040500 
0.040500 
0.040500 
0.040500 
0.040500 
0.040500 
0.040500 
0.040500 
0.040500 
0.040500 
0.040500 
0.040500 
0.040500 
0.040500 
0.040500 
0.040500 
0.040500 
0.040500 
0.040500 
0.040500 
0.040500 
0.040500 
0.040500 
0.040500 
0.040500 
0.040500 
0.040500 
0.040500 
0.040500 
0.040500 
0.040500 
0.040500 
0.040500 
0.040500 
0.040500 
0.040500 
0.040500 
0.040500 
0.040500 
0.040500 
0.040500 
0.040500 
0.040500 
0.040500 
0.040500 
0.040500 
0.040500 
0.040500 
0.040500 
0.040500 
0.040500 
0.040500 
0.040500 
0.040500 
0.040500 
0.040500 
0.040500 
0.040500 
0.040500 
0.040500 
0.040500 
0.040500 
0.040500 
0.040500 
0.040500 
0.040500 
0.040500 
0.040500 
0.040500 
0.040500 
0.040500 
0.040500 
0.040500 
0.040500 
0.040500 
0.040500 
0.040500 
0.040500 
0.040500 
0.040500 
0.040500 
0.040500 
0.040500 
0.040500 
0.040500 
0.040500 
0.040500 
0.040500 
0.040500 
0.040500 
0.040500 
0.040500 
0.040500 
0.040500 
0.040500 
0.040500 
0.040500 
0.040500 
0.040500 
0.040500 
0.040500 
0.040622 
0.040985 
0.041587 
0.042427 
0.043500 
0.070227 
0.136280 
0.224041 
0.315887 
0.394200 
0.468335 
0.550147 
0.625760 
0.681303 
0.702900 
0.638066 
0.483463 
0.298937 
0.144334 
0.079500 
0.083244 
0.092172 
0.102828 
0.111756 
0.115500 
0.115500 
0.115500 
0.115500 
0.115500 
0.115500 
0.147262 
0.223001 
0.313399 
0.389138 
0.420900 
0.411103 
0.386122 
0.352569 
0.317058 
0.286200 
0.255966 
0.221943 
0.190166 
0.166673 
0.157500 
0.165050 
0.183055 
0.204545 
0.222550 
0.230100 
0.210382 
0.163361 
0.107239 
0.060218 
0.040500 
0.040500 
0.040500 
0.040500 
0.040500 
0.040500 
0.040500 
0.040500 
0.040500 
0.040500 
0.040500 
0.040500 
0.040500 
0.040500 
0.040500 
0.040500 
0.040500 
0.040500 
0.040500 
0.040500 
0.040500 
0.040500 
0.040500 
0.040500 
0.040500 
0.040500 
0.040500 
0.040500 
0.040500 
0.040500 
0.040500 
0.040500 
0.040500 
0.040500 
0.040500 
0.040500 
0.040500 
0.040500 
0.040500 
0.040500 
0.040500 
0.040500 
0.040500 
0.040500 
0.040500 
0.040500 
0.040500 
0.040500 
0.040500 
0.040500 
0.040500 
0.040500 
0.040500 
0.040500 
0.040500 
0.040500 
0.040500 
0.040500 
0.040500 
0.040500 
0.040500 
0.040500 
0.040500 
0.040500 
0.040500 
0.040500 
0.040500 
0.040500 
0.040500 
0.040500 
0.040500 
0.040500 
0.040500 
0.040500 
0.040500 
0.040500 
0.040500 
0.040500 
0.040500 
0.040500 
0.040500 
0.040500 
0.040500 
0.040500 
0.040500 
0.040500 
0.040500 
0.040500 
0.040500 
0.040500 
0.040500 
0.040500 
0.040500 
0.040500 
0.040500 
0.040500 
0.040500 
0.040500 
0.040500 
0.040500 
0.040500 
0.040500 
0.040500 
0.040500 
0.040500 
0.040500 
0.040500 
0.040500 
0.040500 
0.040500 
0.040500 
0.040500 
0.040500 
0.040500 
0.040500 
0.040500 
0.040500 
0.040500 
0.040500 
0.040500 
0.040500 
0.040500 
0.040500 
0.040500 
0.040500 
0.040500 
0.040500 
0.040500 
0.040500 
0.040500 
0.040500 
0.040500 
0.040500 
0.040500 
0.040500 
0.040500 
0.040500 
0.040500 
0.040500 
0.040500 
0.040500 
0.040500 
0.040500 
0.040500 
0.040500 
0.040500 
0.040500 
0.040500 
0.040500 
0.040500 
0.040500 
0.040500 
0.040500 
0.040500 
0.040500 
0.040500 
0.052074 
0.081216 
0.119556 
0.158724 
0.190350 
0.217593 
0.246307 
0.272171 
0.290860 
0.298050 
0.281249 
0.241184 
0.193366 
0.153301 
0.136500 
0.136500 
0.136500 
0.136500 
0.136500 
0.136500 
0.136500 
0.136500 
0.136500 
0.136500 
0.136500 
0.136500 
0.136500 
0.136500 
0.136500 
0.136500 
0.136500 
0.136500 
0.136500 
0.136500 
0.136500 
0.136500 
0.136500 
0.136500 
0.136500 
0.136500 
0.136500 
0.136500 
0.136500 
0.136500 
0.136500 
0.136500 
0.136500 
0.136500 
0.136500 
0.136500 
0.136500 
0.136500 
0.136500 
0.136500 
0.136500 
0.136500 
0.136500 
0.136500 
0.136500 
0.136500 
0.136959 
0.138110 
0.139617 
0.141143 
0.142350 
0.143355 
0.144397 
0.145326 
0.145994 
0.146250 
0.146250 
0.146250 
0.146250 
0.146250 
0.146250 
0.146250 
0.146250 
0.146250 
0.146250 
0.146250 
0.146250 
0.146250 
0.146250 
0.146250 
0.146250 
0.146250 
0.146250 
0.146250 
0.146250 
0.146250 
0.135252 
0.109026 
0.077724 
0.051498 
0.040500 
0.040500 
0.040500 
0.040500 
0.040500 
0.040500 
0.040500 
0.040500 
0.040500 
0.040500 
0.040500 
0.040500 
0.040500 
0.040500 
0.040500 
0.040500 
0.040500 
0.040500 
0.040500 
0.040500 
0.040500 
0.040500 
0.040500 
0.040500 
0.040500 
0.040500 
0.040500 
0.040500 
0.040500 
0.040500 
0.040500 
0.040500 
0.040500 
0.040500 
0.040500 
0.040500 
0.040500 
0.040500 
0.040500 
0.040500 
0.040500 
0.040500 
0.040500 
0.040500 
0.040500 
0.040500 
0.040500 
0.040500 
0.040500 
0.040500 
0.040500 
0.040500 
0.040500 
0.040500 
0.040500 
0.040500 
0.040500 
0.040500 
0.040500 
0.040500 
0.040500 
0.040500 
0.040500 
0.040500 
0.040500 
0.040500 
0.040500 
0.040500 
0.040500 
0.040500 
0.040500 
0.040500 
0.040500 
0.040500 
0.040500 
0.040500 
0.040500 
0.040500 
0.040500 
0.040500 
0.040500 
0.040500 
0.040500 
0.040500 
0.040500 
0.040500 
0.040500 
0.040500 
0.040500 
0.040500 
0.040500 
0.040500 
0.040500 
0.040500 
0.040500 
0.040500 
0.040500 
0.040500 
0.040500 
0.040500 
0.040500 
0.040500 
0.040500 
0.040500 
0.040500 
0.040500 
0.040500 
0.040500 
0.040500 
0.040500 
0.040500 
0.040500 
0.040500 
0.040500 
0.040500 
0.040500 
0.040500 
0.040500 
0.040500 
0.040500 
0.040500 
0.040500 
0.040500 
0.040500 
0.040500 
0.040500 
0.040500 
0.040500 
0.040500 
0.040500 
0.040500 
0.040500 
0.040500 
0.040500 
0.040500 
0.040500 
0.040500 
0.040500 
0.040500 
0.040500 
0.040500 
0.040500 
0.040500 
0.040500 
0.040500 
0.040500 
0.040500 
0.040500 
0.040500 
0.040500 
0.040500 
0.040500 
0.040500 
0.040500 
0.040500 
0.040500 
0.040500 
0.040500 
0.040500 
0.040500 
0.040500 
0.040500 
0.040500 
0.040500 
0.040500 
0.040500 
0.040500 
0.040500 
0.040500 
0.040500 
0.040500 
0.040500 
0.040500 
0.040500 
0.040500 
0.040500 
0.040500 
0.040500 
0.040500 
0.040500 
0.040500 
0.040500 
0.040500 
0.040500 
0.040500 
0.040500 
0.040500 
0.040500 
0.040500 
0.040500 
0.040500 
0.040500 
0.040500 
0.040500 
0.040500 
0.040500 
0.040500 
0.040500 
0.040500 
0.040500 
0.040500 
0.040500 
0.040500 
0.040500 
0.040500 
0.040500 
0.040500 
0.040500 
0.040500 
0.040500 
0.040500 
0.040500 
0.040500 
0.040500 
0.040500 
0.040500 
0.040500 
0.040500 
0.040500 
0.040500 
0.040500 
0.040500 
0.040500 
0.040500 
0.040500 
0.040500 
0.040500 
0.040500 
0.040500 
0.040500 
0.040500 
0.040500 
0.040500 
0.040500 
0.040500 
0.040500 
0.040500 
0.040500 
0.040500 
0.040500 
0.040500 
0.040500 
0.040500 
0.040500 
0.040500 
0.040500 
0.040500 
0.040500 
0.040500 
0.040500 
0.040500 
0.040500 
0.040500 
0.040500 
0.040500 
0.040500 
0.040500 
0.040500 
0.040500 
0.040500 
0.040500 
0.040500 
0.040500 
0.040500 
0.040500 
0.040500 
0.051498 
0.077724 
0.109026 
0.135252 
0.146250 
0.146250 
0.146250 
0.146250 
0.146250 
0.146250 
0.146496 
0.147173 
0.148192 
0.149464 
0.150900 
0.153787 
0.158519 
0.163667 
0.167804 
0.169500 
0.169500 
0.169500 
0.169500 
0.169500 
0.169500 
0.169500 
0.169500 
0.169500 
0.169500 
0.169500 
0.177362 
0.196111 
0.218489 
0.237238 
0.245100 
0.237238 
0.218489 
0.196111 
0.177362 
0.169500 
0.169500 
0.169500 
0.169500 
0.169500 
0.169500 
0.168486 
0.166068 
0.163182 
0.160764 
0.159750 
0.160686 
0.162918 
0.165582 
0.167814 
0.168750 
0.168350 
0.167189 
0.165328 
0.162828 
0.159750 
0.145206 
0.115364 
0.080869 
0.052366 
0.040500 
0.040500 
0.040500 
0.040500 
0.040500 
0.040500 
0.040500 
0.040500 
0.040500 
0.040500 
0.040500 
0.040500 
0.040500 
0.040500 
0.040500 
0.040500 
0.040500 
0.040500 
0.040500 
0.040500 
0.040500 
0.040500 
0.040500 
0.040500 
0.040500 
0.040500 
0.040500 
0.040500 
0.040500 
0.040500 
0.040500 
0.040500 
0.040500 
0.040500 
0.040500 
0.040500 
0.040500 
0.040500 
0.040500 
0.040500 
0.040500 
0.040500 
0.040500 
0.040500 
0.040500 
0.040500 
0.040500 
0.040500 
0.040500 
0.040500 
0.040500 
0.040500 
0.040500 
0.040500 
0.040500 
0.040500 
0.040500 
0.040500 
0.040500 
0.040500 
0.040500 
0.040500 
0.040500 
0.040500 
0.040500 
0.040500 
0.040500 
0.040500 
0.040500 
0.040500 
0.040500 
0.040500 
0.040500 
0.040500 
0.040500 
0.040500 
0.040500 
0.040500 
0.040500 
0.040500 
0.040500 
0.040500 
0.040500 
0.040500 
0.040500 
0.040500 
0.040500 
0.040500 
0.040500 
0.040500 
0.040500 
0.040500 
0.040500 
0.040500 
0.040500 
0.040500 
0.040500 
0.040500 
0.040500 
0.040500 
0.040500 
0.040500 
0.040500 
0.040500 
0.040500 
0.040500 
0.040500 
0.040500 
0.040500 
0.040500 
0.040500 
0.040500 
0.040500 
0.040500 
0.040500 
0.040500 
0.040500 
0.040500 
0.040500 
0.040500 
0.040500 
0.040500 
0.040500 
0.040500 
0.040500 
0.040500 
0.040500 
0.040500 
0.040500 
0.040500 
0.040500 
0.040500 
0.040500 
0.040500 
0.040500 
0.040500 
0.040500 
0.040500 
0.040500 
0.040500 
0.040500 
0.040500 
0.040500 
0.040500 
0.040500 
0.040500 
0.052902 
0.082476 
0.117774 
0.147348 
0.159750 
0.159750 
0.159750 
0.159750 
0.159750 
0.159750 
0.159750 
0.159750 
0.159750 
0.159750 
0.159750 
0.159750 
0.159750 
0.159750 
0.159750 
0.159750 
0.161165 
0.164780 
0.169654 
0.174841 
0.179400 
0.183959 
0.189146 
0.194020 
0.197635 
0.199050 
0.198823 
0.198231 
0.197407 
0.196486 
0.195600 
0.194829 
0.194070 
0.193187 
0.192042 
0.190500 
0.185612 
0.176541 
0.166314 
0.157958 
0.154500 
0.154500 
0.154500 
0.154500 
0.154500 
0.154500 
0.154500 
0.154500 
0.154500 
0.154500 
0.154500 
0.154500 
0.154500 
0.154500 
0.154500 
0.154500 
0.154500 
0.154500 
0.154500 
0.154500 
0.154500 
0.154500 
0.154500 
0.154500 
0.154500 
0.154500 
0.156784 
0.162863 
0.171581 
0.181779 
0.192300 
0.206026 
0.224350 
0.243881 
0.261228 
0.273000 
0.279774 
0.284935 
0.289305 
0.293702 
0.298950 
0.306375 
0.315481 
0.324355 
0.331082 
0.333750 
0.331128 
0.324683 
0.316550 
0.308861 
0.303750 
0.300667 
0.297814 
0.295453 
0.293844 
0.293250 
0.294473 
0.297638 
0.301992 
0.306781 
0.311250 
0.315675 
0.320584 
0.325606 
0.330369 
0.334500 
0.337741 
0.340405 
0.342978 
0.345948 
0.349800 
0.355538 
0.363306 
0.372300 
0.381715 
0.390750 
0.400472 
0.411426 
0.422019 
0.430657 
0.435750 
0.437988 
0.439449 
0.440615 
0.441970 
0.444000 
0.446714 
0.450189 
0.455006 
0.461749 
0.471000 
0.774310 
1.482114 
2.323324 
3.026849 
3.321600 
3.214865 
2.941923 
2.573669 
2.180996 
1.834800 
1.491662 
1.104315 
0.737877 
0.457466 
0.328200 
0.299304 
0.276519 
0.259736 
0.248849 
0.243750 
0.241692 
0.240025 
0.238786 
0.238015 
0.237750 
0.242995 
0.256268 
0.273878 
0.292136 
0.307350 
0.319699 
0.331698 
0.343164 
0.353909 
0.363750 
0.371410 
0.377128 
0.382990 
0.391085 
0.403500 
0.513487 
0.753682 
1.035242 
1.269329 
1.367100 
1.276608 
1.059180 
0.795887 
0.567803 
0.456000 
0.431479 
0.411529 
0.396654 
0.387360 
0.384150 
0.385997 
0.390706 
0.397026 
0.403708 
0.409500 
0.414599 
0.419840 
0.424931 
0.429581 
0.433500 
0.436270 
0.438202 
0.440100 
0.442765 
0.447000 
0.516388 
0.674204 
0.860791 
1.016492 
1.081650 
1.058111 
0.997964 
0.916917 
0.830677 
0.754950 
0.679370 
0.593467 
0.512789 
0.452883 
0.429300 
0.429122 
0.429029 
0.428965 
0.428874 
0.428700 
0.425929 
0.419661 
0.412258 
0.406083 
0.403500 
0.503558 
0.742159 
1.026941 
1.265542 
1.365600 
1.269894 
1.041672 
0.769278 
0.541056 
0.445350 
0.446754 
0.450102 
0.454098 
0.457446 
0.458850 
0.458086 
0.456263 
0.454087 
0.452264 
0.451500 
0.451878 
0.452994 
0.454820 
0.457331 
0.460500 
0.491998 
0.562064 
0.644522 
0.713193 
0.741900 
0.668954 
0.495007 
0.287393 
0.113446 
0.040500 
0.040500 
0.040500 
0.040500 
0.040500 
0.040500 
