0.040500 
0.040500 
0.040500 
0.040500 
0.040500 
0.040500 
0.040500 
0.040500 
0.040500 
0.040500 
0.040500 
0.040500 
0.040500 
0.040500 
0.040500 
0.040500 
0.040500 
0.040500 
0.040500 
0.040500 
0.040500 
0.040500 
0.040500 
0.040500 
0.040500 
0.040500 
0.040500 
0.040500 
0.040500 
0.040500 
0.040500 
0.040500 
0.040500 
0.040500 
0.040500 
0.040500 
0.040500 
0.040500 
0.040500 
0.040500 
0.040500 
0.040500 
0.040500 
0.040500 
0.040500 
0.040500 
0.040500 
0.040500 
0.040500 
0.040500 
0.040500 
0.040500 
0.040500 
0.040500 
0.040500 
0.040500 
0.040500 
0.040500 
0.040500 
0.040500 
0.040500 
0.040500 
0.040500 
0.040500 
0.040500 
0.040500 
0.040500 
0.040500 
0.040500 
0.040500 
0.040500 
0.040500 
0.040500 
0.040500 
0.040500 
0.040500 
0.040500 
0.040500 
0.040500 
0.040500 
0.040500 
0.040500 
0.040500 
0.040500 
0.040500 
0.040500 
0.040500 
0.040500 
0.040500 
0.040500 
0.040500 
0.040500 
0.040500 
0.040500 
0.040500 
0.040500 
0.040500 
0.040500 
0.040500 
0.040500 
0.040500 
0.040500 
0.040500 
0.040500 
0.040500 
0.040500 
0.040500 
0.040500 
0.040500 
0.040500 
0.040500 
0.040500 
0.040500 
0.040500 
0.040500 
0.040500 
0.040500 
0.040500 
0.040500 
0.040500 
0.040500 
0.040500 
0.040500 
0.040500 
0.040500 
0.040500 
0.040500 
0.040500 
0.040500 
0.040500 
0.040500 
0.040500 
0.040500 
0.040500 
0.040500 
0.040500 
0.040500 
0.040500 
0.040500 
0.040500 
0.040500 
0.040500 
0.040500 
0.040500 
0.040500 
0.040500 
0.040500 
0.040500 
0.040500 
0.040500 
0.040500 
0.040500 
0.040500 
0.040500 
0.040500 
0.040500 
0.040500 
0.040500 
0.040500 
0.040500 
0.040500 
0.040500 
0.040500 
0.040500 
0.040500 
0.040500 
0.040500 
0.040500 
0.040500 
0.040500 
0.040500 
0.040500 
0.040500 
0.040500 
0.040500 
0.040500 
0.040500 
0.040500 
0.040500 
0.040500 
0.040500 
0.040500 
0.040500 
0.040500 
0.040500 
0.040500 
0.040500 
0.040500 
0.040500 
0.040500 
0.040500 
0.040500 
0.040500 
0.040500 
0.040500 
0.040500 
0.040500 
0.040500 
0.040500 
0.040500 
0.040500 
0.040500 
0.040500 
0.040500 
0.040500 
0.040500 
0.040500 
0.040500 
0.040500 
0.040500 
0.040500 
0.040500 
0.040500 
0.040500 
0.040500 
0.040500 
0.040500 
0.040500 
0.040500 
0.040500 
0.040500 
0.040500 
0.040500 
0.040500 
0.040500 
0.040500 
0.040500 
0.040500 
0.040500 
0.040500 
0.040500 
0.040500 
0.040500 
0.040500 
0.040500 
0.040500 
0.040500 
0.040500 
0.040500 
0.040500 
0.040500 
0.040500 
0.040500 
0.040500 
0.040500 
0.040500 
0.040500 
0.040500 
0.040500 
0.040500 
0.040500 
0.040500 
0.040500 
0.040500 
0.040500 
0.040500 
0.040500 
0.040500 
0.040500 
0.040500 
0.040500 
0.040500 
0.040500 
0.040500 
0.040500 
0.040500 
0.040500 
0.040500 
0.040500 
0.040500 
0.040500 
0.040500 
0.040500 
0.040500 
0.040500 
0.040500 
0.040500 
0.040500 
0.040500 
0.040500 
0.040500 
0.040500 
0.040500 
0.040500 
0.040500 
0.040500 
0.040500 
0.040500 
0.040500 
0.040500 
0.040500 
0.040500 
0.040500 
0.040500 
0.040500 
0.040500 
0.040500 
0.040500 
0.040500 
0.040500 
0.040500 
0.040500 
0.040500 
0.040500 
0.040500 
0.040500 
0.040500 
0.040500 
0.040500 
0.040500 
0.040500 
0.040500 
0.040500 
0.040500 
0.040500 
0.040500 
0.040500 
0.040500 
0.040500 
0.040500 
0.040500 
0.040500 
0.040500 
0.040500 
0.040500 
0.040500 
0.040500 
0.040500 
0.040500 
0.040500 
0.040500 
0.040500 
0.040500 
0.040500 
0.040500 
0.040500 
0.040500 
0.040500 
0.040500 
0.040500 
0.040500 
0.040500 
0.040500 
0.040500 
0.040500 
0.040500 
0.040500 
0.040500 
0.040500 
0.040500 
0.068409 
0.145196 
0.260454 
0.403775 
0.564750 
0.842892 
1.280006 
1.779124 
2.243278 
2.575500 
2.779813 
2.940707 
3.081914 
3.227167 
3.400200 
3.648632 
3.959289 
4.264710 
4.497434 
4.590000 
4.566852 
4.502167 
4.403080 
4.276729 
4.130250 
3.843125 
3.358531 
2.779150 
2.207662 
1.746750 
1.350872 
0.943952 
0.582871 
0.324510 
0.225750 
0.228140 
0.235026 
0.245982 
0.260582 
0.278400 
0.321492 
0.407418 
0.529008 
0.679092 
0.850500 
1.182959 
1.715901 
2.291714 
2.752785 
2.941500 
2.932761 
2.910106 
2.878875 
2.844409 
2.812050 
2.775291 
2.730335 
2.686584 
2.653438 
2.640300 
2.672873 
2.750546 
2.843254 
2.920927 
2.953500 
2.745396 
2.249148 
1.656852 
1.160604 
0.952500 
0.966886 
1.008065 
1.073071 
1.158938 
1.262700 
1.625812 
2.330129 
3.133285 
3.792914 
4.066650 
4.014359 
3.889664 
3.740836 
3.616141 
3.563850 
3.565894 
3.570767 
3.576583 
3.581456 
3.583500 
3.538583 
3.416619 
3.236789 
3.018272 
2.780250 
2.373451 
1.752468 
1.092274 
0.567843 
0.354150 
0.416486 
0.579402 
0.806761 
1.062423 
1.310250 
1.611757 
1.995424 
2.375563 
2.666484 
2.782500 
2.782500 
2.782500 
2.782500 
2.782500 
2.782500 
2.845150 
2.994545 
3.172855 
3.322250 
3.384900 
3.364557 
3.307108 
3.217920 
3.102361 
2.965800 
2.589732 
1.903042 
1.132181 
0.503600 
0.243750 
0.243750 
0.243750 
0.243750 
0.243750 
0.243750 
0.243750 
0.243750 
0.243750 
0.243750 
0.243750 
0.361596 
0.657499 
1.045003 
1.437655 
1.749000 
2.008912 
2.278916 
2.520033 
2.693287 
2.759700 
2.476903 
1.802542 
0.997658 
0.323297 
0.040500 
0.040500 
0.040500 
0.040500 
0.040500 
0.040500 
0.040500 
0.040500 
0.040500 
0.040500 
0.040500 
0.040500 
0.040500 
0.040500 
0.040500 
0.040500 
0.040500 
0.040500 
0.040500 
0.040500 
0.040500 
0.040500 
0.040500 
0.040500 
0.040500 
0.040500 
0.040500 
0.040500 
0.040500 
0.040500 
0.040500 
0.040500 
0.040500 
0.040500 
0.040500 
0.040500 
0.040500 
0.040500 
0.040500 
0.040500 
0.040500 
0.040500 
0.040500 
0.040500 
0.040500 
0.040500 
0.040500 
0.040500 
0.040500 
0.040500 
0.040500 
0.040500 
0.040500 
0.040500 
0.040500 
0.040500 
0.040500 
0.040500 
0.040500 
0.040500 
0.040500 
0.040500 
0.040500 
0.040500 
0.040500 
0.040500 
0.040500 
0.040500 
0.040500 
0.040500 
0.040500 
0.040500 
0.040500 
0.040500 
0.040500 
0.040500 
0.040500 
0.040500 
0.040500 
0.040500 
0.040500 
0.040500 
0.040500 
0.040500 
0.040500 
0.040500 
0.040500 
0.040500 
0.040500 
0.040500 
0.040500 
0.040500 
0.040500 
0.040500 
0.040500 
0.040500 
0.040500 
0.040500 
0.040500 
0.040500 
0.040500 
0.040500 
0.040500 
0.040500 
0.040500 
0.040500 
0.040500 
0.040500 
0.040500 
0.040500 
0.040500 
0.040500 
0.040500 
0.040500 
0.040500 
0.040500 
0.040500 
0.040500 
0.040500 
0.040500 
0.040500 
0.040500 
0.040500 
0.040500 
0.040500 
0.040500 
0.040500 
0.040500 
0.040500 
0.040500 
0.040500 
0.040500 
0.040500 
0.040500 
0.040500 
0.040500 
0.040500 
0.040500 
0.040500 
0.040500 
0.040500 
0.040500 
0.040500 
0.040500 
0.040500 
0.040500 
0.040500 
0.040500 
0.040500 
0.040500 
0.040500 
0.040500 
0.040500 
0.040500 
0.040500 
0.040500 
0.040500 
0.040500 
0.040500 
0.040500 
0.040500 
0.040500 
0.040500 
0.040500 
0.040500 
0.040500 
0.040500 
0.040500 
0.040500 
0.040500 
0.040500 
0.040500 
0.040500 
0.040500 
0.040500 
0.040500 
0.040500 
0.040500 
0.040500 
0.040500 
0.040500 
0.040500 
0.040500 
0.040500 
0.040500 
0.040500 
0.040500 
0.040500 
0.040500 
0.040500 
0.040500 
0.040500 
0.040500 
0.040500 
0.040500 
0.040500 
0.040500 
0.040500 
0.040500 
0.040500 
0.040500 
0.040500 
0.040500 
0.040500 
0.040500 
0.040500 
0.040500 
0.040500 
0.040500 
0.040500 
0.040500 
0.040500 
0.040500 
0.040500 
0.040500 
0.040500 
0.040500 
0.040500 
0.040500 
0.040500 
0.040500 
0.040500 
0.040500 
0.040500 
0.040500 
0.040500 
0.040500 
0.040500 
0.040500 
0.040500 
0.040500 
0.040500 
0.040500 
0.040500 
0.040500 
0.040500 
0.040500 
0.040500 
0.040500 
0.040500 
0.040500 
0.040500 
0.040500 
0.040500 
0.040500 
0.040500 
0.040500 
0.040500 
0.040500 
0.040500 
0.040500 
0.040500 
0.040500 
0.040500 
0.040500 
0.040500 
0.040500 
0.040500 
0.040500 
0.040500 
0.040500 
0.040500 
0.040500 
0.040500 
0.040500 
0.040500 
0.312564 
0.961332 
1.735668 
2.384436 
2.656500 
2.653101 
2.643160 
2.627058 
2.605178 
2.577900 
2.442892 
2.149716 
1.776593 
1.401747 
1.103400 
0.852755 
0.593498 
0.362574 
0.196926 
0.133500 
0.133500 
0.133500 
0.133500 
0.133500 
0.133500 
0.133500 
0.133500 
0.133500 
0.133500 
0.133500 
0.133716 
0.134281 
0.135068 
0.135950 
0.136800 
0.137512 
0.138183 
0.138994 
0.140123 
0.141750 
0.157715 
0.196129 
0.248581 
0.306659 
0.361950 
0.426287 
0.505816 
0.583597 
0.642688 
0.666150 
0.603332 
0.453359 
0.273956 
0.122845 
0.057750 
0.055272 
0.053443 
0.052133 
0.051212 
0.050550 
0.049994 
0.049502 
0.049107 
0.048845 
0.048750 
0.048750 
0.048750 
0.048750 
0.048750 
0.048750 
0.048750 
0.048750 
0.048750 
0.048750 
0.048750 
0.048750 
0.048750 
0.048750 
0.048750 
0.048750 
0.049879 
0.052713 
0.056422 
0.060178 
0.063150 
0.065011 
0.066352 
0.067722 
0.069672 
0.072750 
0.343035 
0.982507 
1.745573 
2.386635 
2.660100 
2.667136 
2.672633 
2.676578 
2.678955 
2.679750 
2.679750 
2.679750 
2.679750 
2.679750 
2.679750 
2.679485 
2.678690 
2.677368 
2.675521 
2.673150 
2.442988 
1.897946 
1.248295 
0.704306 
0.476250 
0.606666 
0.917658 
1.288842 
1.599834 
1.730250 
1.730250 
1.730250 
1.730250 
1.730250 
1.730250 
1.730250 
1.730250 
1.730250 
1.730250 
1.730250 
1.713697 
1.668052 
1.599332 
1.513559 
1.416750 
1.222129 
0.903112 
0.556004 
0.277115 
0.162750 
0.164622 
0.169086 
0.174414 
0.178878 
0.180750 
0.173851 
0.157204 
0.136881 
0.118956 
0.109500 
0.107019 
0.105533 
0.104388 
0.102928 
0.100500 
0.092257 
0.077126 
0.060117 
0.046239 
0.040500 
0.042606 
0.048101 
0.055754 
0.064331 
0.072600 
0.081355 
0.091547 
0.102176 
0.112243 
0.120750 
0.128602 
0.136633 
0.143739 
0.148813 
0.150750 
0.150750 
0.150750 
0.150750 
0.150750 
0.150750 
0.150750 
0.150750 
0.150750 
0.150750 
0.150750 
0.150882 
0.151279 
0.151940 
0.152863 
0.154050 
0.338818 
0.787010 
1.343413 
1.852814 
2.160000 
2.308464 
2.439294 
2.543666 
2.612759 
2.637750 
2.637750 
2.637750 
2.637750 
2.637750 
2.637750 
2.637750 
2.637750 
2.637750 
2.637750 
2.637750 
2.454712 
2.008355 
1.452817 
0.942236 
0.630750 
0.476805 
0.341517 
0.233026 
0.159474 
0.129000 
0.124171 
0.121337 
0.119311 
0.116911 
0.112950 
0.102986 
0.086654 
0.068883 
0.054605 
0.048750 
0.091318 
0.202410 
0.357107 
0.530493 
0.697650 
0.868406 
1.061967 
1.267487 
1.474114 
1.671000 
1.886486 
2.127883 
2.352796 
2.518833 
2.583600 
2.498206 
2.294573 
2.051527 
1.847894 
1.762500 
1.767180 
1.778340 
1.791660 
1.802820 
1.807500 
1.807500 
1.807500 
1.807500 
1.807500 
1.807500 
1.638100 
1.234145 
0.752005 
0.348050 
0.178650 
0.440324 
1.064317 
1.809083 
2.433076 
2.694750 
2.691247 
2.682532 
2.671294 
2.660220 
2.652000 
2.645886 
2.639834 
2.634590 
2.630897 
2.629500 
2.629500 
2.629500 
2.629500 
2.629500 
2.629500 
2.679966 
2.800308 
2.943942 
3.064284 
3.114750 
3.074502 
2.978526 
2.863974 
2.767998 
2.727750 
2.727750 
2.727750 
2.727750 
2.727750 
2.727750 
2.735550 
2.754150 
2.776350 
2.794950 
2.802750 
2.543088 
1.923413 
1.182695 
0.559901 
0.294000 
0.287971 
0.284486 
0.282051 
0.279170 
0.274350 
0.265491 
0.252174 
0.235427 
0.216277 
0.195750 
0.166246 
0.126074 
0.085129 
0.053306 
0.040500 
0.040500 
0.040500 
0.040500 
0.040500 
0.040500 
0.040500 
0.040500 
0.040500 
0.040500 
0.040500 
0.040500 
0.040500 
0.040500 
0.040500 
0.040500 
0.143756 
0.389983 
0.683867 
0.930094 
1.033350 
0.938440 
0.712115 
0.441985 
0.215660 
0.120750 
0.223835 
0.469652 
0.763048 
1.008865 
1.111950 
1.015368 
0.784128 
0.505988 
0.268710 
0.160050 
0.146301 
0.135347 
0.127337 
0.122422 
0.120750 
0.120750 
0.120750 
0.120750 
0.120750 
0.120750 
0.121509 
0.123747 
0.127405 
0.132426 
0.138750 
0.170453 
0.246062 
0.357195 
0.495468 
0.652500 
0.965943 
1.476769 
2.031572 
2.476951 
2.659500 
2.659500 
2.659500 
2.659500 
2.659500 
2.659500 
2.658471 
2.655452 
2.650548 
2.643863 
2.635500 
2.602762 
2.527976 
2.418784 
2.282828 
2.127750 
1.815283 
1.304580 
0.749410 
0.303543 
0.120750 
0.188087 
0.363670 
0.607853 
0.880995 
1.143450 
1.456503 
1.850335 
2.238645 
2.535133 
2.653500 
2.653899 
2.654105 
2.654246 
2.654451 
2.654850 
2.732509 
2.916915 
3.136832 
3.321023 
3.398250 
3.394215 
3.382348 
3.363003 
3.336535 
3.303300 
3.036377 
2.452653 
1.768196 
1.199073 
0.961350 
1.058304 
1.289502 
1.565448 
1.796646 
1.893600 
1.799626 
1.575533 
1.308067 
1.083974 
0.990000 
0.990000 
0.990000 
0.990000 
0.990000 
0.990000 
0.913248 
0.730224 
0.511776 
0.328752 
0.252000 
0.398321 
0.755140 
1.199238 
1.607397 
1.856400 
1.980260 
2.090001 
2.177922 
2.236322 
2.257500 
2.257500 
2.257500 
2.257500 
2.257500 
2.257500 
2.167019 
1.939724 
1.641840 
1.339590 
1.099200 
0.897466 
0.687399 
0.499538 
0.364425 
0.312600 
0.333101 
0.384334 
0.450891 
0.517366 
0.568350 
0.601437 
0.627959 
0.653117 
0.682114 
0.720150 
0.772582 
0.840666 
0.923455 
1.019999 
1.129350 
1.259555 
1.420606 
1.614475 
1.843132 
2.108550 
2.560762 
3.227748 
3.928398 
4.481602 
4.706250 
4.699826 
4.683979 
4.663843 
4.644555 
4.631250 
4.624503 
4.620125 
4.616106 
4.610435 
4.601100 
4.489766 
4.217409 
3.840984 
3.417445 
3.003750 
2.494389 
1.843454 
1.197299 
0.702280 
0.504750 
0.505856 
0.508907 
0.513506 
0.519253 
0.525750 
0.533650 
0.544770 
0.560461 
0.582071 
0.610950 
0.893408 
1.519294 
2.255261 
2.867962 
3.124050 
3.120954 
3.113141 
3.102826 
3.092224 
3.083550 
3.076885 
3.070696 
3.064781 
3.058934 
3.052950 
3.047786 
3.043577 
3.038890 
3.032293 
3.022350 
2.754026 
2.131342 
1.391450 
0.771502 
0.508650 
0.504573 
0.502193 
0.500532 
0.498611 
0.495450 
0.488017 
0.476231 
0.463541 
0.453398 
0.449250 
0.453705 
0.465255 
0.481178 
0.498750 
0.515250 
0.533996 
0.556926 
0.579242 
0.596149 
0.602850 
0.595908 
0.579354 
0.559596 
0.543042 
0.536100 
0.537754 
0.541697 
0.546403 
0.550346 
0.552000 
0.549861 
0.544168 
0.536005 
0.526454 
0.516600 
0.502565 
0.483045 
0.462982 
0.447319 
0.441000 
0.442248 
0.445224 
0.448776 
0.451752 
0.453000 
0.451752 
0.448776 
0.445224 
0.442248 
0.441000 
0.713143 
1.362441 
2.138198 
2.789716 
3.066300 
3.071303 
3.075207 
3.078004 
3.079687 
3.080250 
3.072310 
3.053375 
3.030775 
3.011840 
3.003900 
3.096704 
3.318007 
3.582143 
3.803446 
3.896250 
3.538776 
2.686338 
1.668912 
0.816474 
0.459000 
0.461106 
0.466128 
0.472122 
0.477144 
0.479250 
0.433620 
0.324810 
0.194940 
0.086130 
0.040500 
0.040500 
0.040500 
0.040500 
0.040500 
0.040500 
0.040500 
0.040500 
0.040500 
0.040500 
0.040500 
0.040500 
0.040500 
0.040500 
0.040500 
0.040500 
0.040500 
0.040500 
0.040500 
0.040500 
0.040500 
0.040500 
0.040500 
0.040500 
0.040500 
0.040500 
