-2.231076 
-1.560066 
-0.956808 
-0.424290 
0.034500 
0.416574 
0.718944 
0.938622 
1.072620 
1.117950 
1.018219 
0.780400 
0.496550 
0.258731 
0.159000 
0.161709 
0.168928 
0.179293 
0.191438 
0.204000 
0.222022 
0.247187 
0.273092 
0.293331 
0.301500 
0.299394 
0.294372 
0.288378 
0.283356 
0.281250 
0.285072 
0.294186 
0.305064 
0.314178 
0.318000 
0.310278 
0.291864 
0.269886 
0.251472 
0.243750 
0.253032 
0.275166 
0.301584 
0.323718 
0.333000 
0.324853 
0.304958 
0.280137 
0.257211 
0.243000 
0.235653 
0.229095 
0.223810 
0.220283 
0.219000 
0.219312 
0.220056 
0.220944 
0.221688 
0.222000 
0.200940 
0.150720 
0.090780 
0.040560 
0.019500 
0.019500 
0.019500 
0.019500 
0.019500 
0.019500 
0.019500 
0.019500 
0.019500 
0.019500 
0.019500 
0.019500 
0.019500 
0.019500 
0.019500 
0.019500 
0.019500 
0.019500 
0.019500 
0.019500 
0.019500 
0.019500 
0.019500 
0.019500 
0.019500 
0.019500 
0.019500 
0.019500 
0.019500 
0.019500 
0.019500 
0.019500 
0.019500 
0.019500 
0.019500 
0.019500 
0.019500 
0.019500 
0.019500 
0.019500 
0.019500 
0.019500 
0.019500 
0.019500 
0.019500 
0.019500 
0.019500 
0.019500 
0.019500 
0.019500 
0.019500 
0.019500 
0.019500 
0.019500 
0.019500 
0.019500 
0.019500 
0.019500 
0.019500 
0.019500 
0.019500 
0.019500 
0.019500 
0.019500 
0.019500 
0.019500 
0.019500 
0.019500 
0.019500 
0.019500 
0.019500 
0.019500 
0.019500 
0.019500 
0.019500 
0.019500 
0.019500 
0.019500 
0.019500 
0.019500 
0.019500 
0.019500 
0.019500 
0.019500 
0.019500 
0.019500 
0.019500 
0.019500 
0.019500 
0.019500 
0.019500 
0.019500 
0.019500 
0.019500 
0.019500 
0.019500 
0.019500 
0.019500 
0.019500 
0.019500 
0.019500 
0.019500 
0.019500 
0.019500 
0.019500 
0.019500 
0.019500 
0.019500 
0.019500 
0.019500 
0.019500 
0.019500 
0.019500 
0.019500 
0.019500 
0.019500 
0.019500 
0.019500 
0.019500 
0.019500 
0.019500 
0.019500 
0.019500 
0.019500 
0.019500 
0.019500 
0.019500 
0.019500 
0.019500 
0.019500 
0.019500 
0.019500 
0.019500 
0.019500 
0.019500 
0.019500 
0.019500 
0.019500 
0.019500 
0.019500 
0.019500 
0.019500 
0.019500 
0.019500 
0.019500 
0.019500 
0.019500 
0.019500 
0.019500 
0.019500 
0.019500 
0.019500 
0.019500 
0.019500 
0.019500 
0.019500 
0.019500 
0.019500 
0.019500 
0.019500 
0.019500 
0.019500 
0.019500 
0.019500 
0.019500 
0.019500 
0.019500 
0.019500 
0.019500 
0.019500 
0.019500 
0.019500 
0.019500 
0.019500 
0.019500 
0.019500 
0.019500 
0.019500 
0.019500 
0.019500 
0.019500 
0.019500 
0.019500 
0.019500 
0.019500 
0.019500 
0.019500 
0.019500 
0.019500 
0.019500 
0.019500 
0.019500 
0.019500 
0.019500 
0.019500 
0.019500 
0.019500 
0.019500 
0.019500 
0.019500 
0.019500 
0.019500 
0.019500 
0.019500 
0.019500 
0.019500 
0.019500 
0.019500 
0.019500 
0.019500 
0.019500 
0.019500 
0.019500 
0.019500 
0.019500 
0.019500 
0.019500 
0.019500 
0.019500 
0.019500 
0.019500 
0.019500 
0.019500 
0.019500 
0.019500 
0.019500 
0.019500 
0.019500 
0.019500 
0.019500 
0.019500 
0.019500 
0.019500 
0.019500 
0.019500 
0.019500 
0.019500 
0.019500 
0.019500 
0.019500 
0.019500 
0.019500 
0.019500 
0.019500 
0.019500 
0.019500 
0.019500 
0.019500 
0.019500 
0.019500 
0.019500 
0.019500 
0.019500 
0.019500 
0.019500 
0.019500 
0.019500 
0.019500 
0.019500 
0.019500 
0.019500 
0.019500 
0.019500 
0.019500 
0.019500 
0.019500 
0.019500 
0.019500 
0.019500 
0.019500 
0.019500 
0.019500 
0.019500 
0.019500 
0.019500 
0.019500 
0.019500 
0.019500 
0.019500 
0.019500 
0.019500 
0.019500 
0.019500 
0.019500 
0.019500 
0.019500 
0.019500 
0.019500 
0.019500 
0.019500 
0.019500 
0.019500 
0.019500 
0.019500 
0.019500 
0.019500 
0.019500 
0.019500 
0.019500 
0.019500 
0.019500 
0.019500 
0.019500 
0.019500 
0.019500 
0.019500 
0.019500 
0.019500 
0.019500 
0.019500 
0.019500 
0.019500 
0.019500 
0.019500 
0.019500 
0.019500 
0.019500 
0.019500 
0.019500 
0.019500 
0.019500 
0.019500 
0.019500 
0.019500 
0.019500 
0.019500 
0.022277 
0.029482 
0.039423 
0.050409 
0.060750 
0.069728 
0.078554 
0.088425 
0.100541 
0.116100 
0.146016 
0.193408 
0.247788 
0.298665 
0.335550 
0.362254 
0.387764 
0.409357 
0.424310 
0.429900 
0.428828 
0.426137 
0.422617 
0.419058 
0.416250 
0.413925 
0.411520 
0.409377 
0.407839 
0.407250 
0.407345 
0.407625 
0.408082 
0.408710 
0.409500 
0.416608 
0.432302 
0.450741 
0.466087 
0.472500 
0.471022 
0.467088 
0.461447 
0.454852 
0.448050 
0.440579 
0.431541 
0.421033 
0.409154 
0.396000 
0.376872 
0.351069 
0.324690 
0.303834 
0.294600 
0.293336 
0.292332 
0.291600 
0.291152 
0.291000 
0.291000 
0.291000 
0.291000 
0.291000 
0.291000 
0.291437 
0.292478 
0.293722 
0.294763 
0.295200 
0.291186 
0.281370 
0.269091 
0.257688 
0.250500 
0.246634 
0.243155 
0.240333 
0.238441 
0.237750 
0.237750 
0.237750 
0.237750 
0.237750 
0.237750 
0.233070 
0.221910 
0.208590 
0.197430 
0.192750 
0.192750 
0.192750 
0.192750 
0.192750 
0.192750 
0.190245 
0.183957 
0.175727 
0.167394 
0.160800 
0.155313 
0.149622 
0.144544 
0.140897 
0.139500 
0.140393 
0.143042 
0.147405 
0.153439 
0.161100 
0.262750 
0.496595 
0.781360 
1.035770 
1.178550 
1.228236 
1.262780 
1.290031 
1.317838 
1.354050 
1.410496 
1.482870 
1.554816 
1.609978 
1.632000 
1.631816 
1.631280 
1.630417 
1.629249 
1.627800 
1.623806 
1.615034 
1.601554 
1.583435 
1.560750 
1.474825 
1.297214 
1.073332 
0.848590 
0.668400 
0.515154 
0.356196 
0.214372 
0.112525 
0.073500 
0.073500 
0.073500 
0.073500 
0.073500 
0.073500 
0.073500 
0.073500 
0.073500 
0.073500 
0.073500 
0.073500 
0.073500 
0.073500 
0.073500 
0.073500 
0.077667 
0.088070 
0.101565 
0.115006 
0.125250 
0.133232 
0.141279 
0.148336 
0.153345 
0.155250 
0.149010 
0.134130 
0.116370 
0.101490 
0.095250 
0.095250 
0.095250 
0.095250 
0.095250 
0.095250 
0.095250 
0.095250 
0.095250 
0.095250 
0.095250 
0.095907 
0.097508 
0.099501 
0.101333 
0.102450 
0.102897 
0.103170 
0.103401 
0.103718 
0.104250 
0.106872 
0.112633 
0.120429 
0.129153 
0.137700 
0.148197 
0.161529 
0.174728 
0.184825 
0.188850 
0.183328 
0.170159 
0.154441 
0.141272 
0.135750 
0.141272 
0.154441 
0.170159 
0.183328 
0.188850 
0.180239 
0.159704 
0.135196 
0.114661 
0.106050 
0.106370 
0.107328 
0.108921 
0.111146 
0.114000 
0.323304 
0.817834 
1.407017 
1.900280 
2.107050 
2.060184 
1.947991 
1.813075 
1.698043 
1.645500 
1.639040 
1.633896 
1.630138 
1.627833 
1.627050 
1.657938 
1.731594 
1.819506 
1.893162 
1.924050 
1.827371 
1.585917 
1.272562 
0.960181 
0.721650 
0.535145 
0.346826 
0.181545 
0.064153 
0.019500 
0.019500 
0.019500 
0.019500 
0.019500 
0.019500 
0.019500 
0.019500 
0.019500 
0.019500 
0.019500 
0.019500 
0.019500 
0.019500 
0.019500 
0.019500 
0.019500 
0.019500 
0.019500 
0.019500 
0.019500 
0.019500 
0.019500 
0.019500 
0.019500 
0.019500 
0.019500 
0.019500 
0.019500 
0.019500 
0.019500 
0.019500 
0.019500 
0.019500 
0.019500 
0.019500 
0.019500 
0.019500 
0.019500 
0.019500 
0.019500 
0.019500 
0.019500 
0.019500 
0.019500 
0.019500 
0.020592 
0.023196 
0.026304 
0.028908 
0.030000 
0.028908 
0.026304 
0.023196 
0.020592 
0.019500 
0.019500 
0.019500 
0.019500 
0.019500 
0.019500 
0.019500 
0.019500 
0.019500 
0.019500 
0.019500 
0.019500 
0.019500 
0.019500 
0.019500 
0.019500 
0.019500 
0.019500 
0.019500 
0.019500 
0.019500 
0.019500 
0.019500 
0.019500 
0.019500 
0.019500 
0.019500 
0.019500 
0.019500 
0.019500 
0.019500 
0.019500 
0.019500 
0.019500 
0.019500 
0.019500 
0.021087 
0.024957 
0.029773 
0.034200 
0.036900 
0.037995 
0.038688 
0.039269 
0.040027 
0.041250 
0.045527 
0.053657 
0.063250 
0.071911 
0.077250 
0.079511 
0.080937 
0.082132 
0.083702 
0.086250 
0.094571 
0.110555 
0.130448 
0.150497 
0.166950 
0.181487 
0.196770 
0.210514 
0.220435 
0.224250 
0.224250 
0.224250 
0.224250 
0.224250 
0.224250 
0.224250 
0.224250 
0.224250 
0.224250 
0.224250 
0.220904 
0.212173 
0.200015 
0.186388 
0.173250 
0.157460 
0.137509 
0.117803 
0.102748 
0.096750 
0.096750 
0.096750 
0.096750 
0.096750 
0.096750 
0.099558 
0.106254 
0.114246 
0.120942 
0.123750 
0.122065 
0.118048 
0.113252 
0.109235 
0.107550 
0.109406 
0.114847 
0.123679 
0.135711 
0.150750 
0.217265 
0.366041 
0.570360 
0.803502 
1.038750 
1.348597 
1.758616 
2.171707 
2.490768 
2.618700 
2.516671 
2.273217 
1.982288 
1.737832 
1.633800 
1.631941 
1.630976 
1.630311 
1.629350 
1.627500 
1.586879 
1.484832 
1.343607 
1.185447 
1.032600 
0.848419 
0.615694 
0.385825 
0.210210 
0.140250 
0.140250 
0.140250 
0.140250 
0.140250 
0.140250 
0.140250 
0.140250 
0.140250 
0.140250 
0.140250 
0.140250 
0.140250 
0.140250 
0.140250 
0.140250 
0.140250 
0.140250 
0.140250 
0.140250 
0.140250 
0.148830 
0.169290 
0.193710 
0.214170 
0.222750 
0.222750 
0.222750 
0.222750 
0.222750 
0.222750 
0.222750 
0.222750 
0.222750 
0.222750 
0.222750 
0.207228 
0.170214 
0.126036 
0.089022 
0.073500 
0.073500 
0.073500 
0.073500 
0.073500 
0.073500 
0.073500 
0.073500 
0.073500 
0.073500 
0.073500 
0.073500 
0.073500 
0.073500 
0.073500 
0.073500 
0.079022 
0.092191 
0.107909 
0.121078 
0.126600 
0.121078 
0.107909 
0.092191 
0.079022 
0.073500 
0.091003 
0.132742 
0.182558 
0.224297 
0.241800 
0.241800 
0.241800 
0.241800 
0.241800 
0.241800 
0.238586 
0.230923 
0.221777 
0.214114 
0.210900 
0.214613 
0.223466 
0.234034 
0.242887 
0.246600 
0.241078 
0.227909 
0.212191 
0.199022 
0.193500 
0.193500 
0.193500 
0.193500 
0.193500 
0.193500 
0.209708 
0.248359 
0.294491 
0.333142 
0.349350 
0.338008 
0.308935 
0.269558 
0.227304 
0.189600 
0.150820 
0.105999 
0.063558 
0.031918 
0.019500 
0.019500 
0.019500 
0.019500 
0.019500 
0.019500 
0.019500 
0.019500 
0.019500 
0.019500 
0.019500 
0.019500 
0.019500 
0.019500 
0.019500 
0.019500 
0.019500 
0.019500 
0.019500 
0.019500 
0.019500 
0.019500 
0.019500 
0.019500 
0.019500 
0.019500 
0.019500 
0.019500 
0.019500 
0.019500 
0.019500 
0.019500 
0.019500 
0.019500 
0.019500 
0.019500 
0.019500 
0.019500 
0.019500 
0.019500 
0.019500 
0.019500 
0.019500 
0.019500 
0.019500 
0.019500 
0.019500 
0.019500 
0.019500 
0.019500 
0.019500 
0.019500 
0.019500 
0.019500 
0.019500 
0.019500 
0.023208 
0.033924 
0.051036 
0.073932 
0.102000 
0.223933 
0.470661 
0.754928 
0.989477 
1.087050 
0.984605 
0.740312 
0.448738 
0.204445 
0.102000 
0.102000 
0.102000 
0.102000 
0.102000 
0.102000 
0.102000 
0.102000 
0.102000 
0.102000 
0.102000 
0.102000 
0.102000 
0.102000 
0.102000 
0.102000 
0.093420 
0.072960 
0.048540 
0.028080 
0.019500 
0.027147 
0.045742 
0.068763 
0.089689 
0.102000 
0.107091 
0.110985 
0.114104 
0.116869 
0.119700 
0.122980 
0.126457 
0.129599 
0.131874 
0.132750 
0.132750 
0.132750 
0.132750 
0.132750 
0.132750 
0.132514 
0.131898 
0.131039 
0.130077 
0.129150 
0.128296 
0.127408 
0.126408 
0.125215 
0.123750 
0.121837 
0.119305 
0.116078 
0.112085 
0.107250 
0.097007 
0.080216 
0.061948 
0.047269 
0.041250 
0.043748 
0.050291 
0.059455 
0.069816 
0.079950 
0.092167 
0.107636 
0.123222 
0.135789 
0.142200 
0.144320 
0.146065 
0.147381 
0.148211 
0.148500 
0.148500 
0.148500 
0.148500 
0.148500 
0.148500 
0.148500 
0.148500 
0.148500 
0.148500 
0.148500 
0.191509 
0.294070 
0.416480 
0.519041 
0.562050 
0.519041 
0.416480 
0.294070 
0.191509 
0.148500 
0.148500 
0.148500 
0.148500 
0.148500 
0.148500 
0.146913 
0.143043 
0.138227 
0.133800 
0.131100 
0.129757 
0.128567 
0.127613 
0.126980 
0.126750 
0.126750 
0.126750 
0.126750 
0.126750 
0.126750 
0.206886 
0.397998 
0.626142 
0.817374 
0.897750 
0.898020 
0.898230 
0.898380 
0.898470 
0.898500 
0.898224 
0.897505 
0.896504 
0.895382 
0.894300 
0.893000 
0.891357 
0.889734 
0.888494 
0.888000 
0.888000 
0.888000 
0.888000 
0.888000 
0.888000 
0.888000 
0.888000 
0.888000 
0.888000 
0.888000 
0.888000 
0.888000 
0.888000 
0.888000 
0.888000 
0.888000 
0.888000 
0.888000 
0.888000 
0.888000 
0.888000 
0.888000 
0.888000 
0.888000 
0.888000 
0.888000 
0.888000 
0.888000 
0.888000 
0.888000 
0.888000 
0.888000 
0.888000 
0.888000 
0.888000 
0.890917 
0.897874 
0.906176 
0.913133 
0.916050 
0.861833 
0.729224 
0.563289 
0.409092 
0.311700 
0.259095 
0.211700 
0.173237 
0.147430 
0.138000 
0.138000 
0.138000 
0.138000 
0.138000 
0.138000 
0.141443 
0.149912 
0.160620 
0.170778 
0.177600 
0.181801 
0.185710 
0.188959 
0.191178 
0.192000 
0.191496 
0.190128 
0.188112 
0.185664 
0.183000 
0.179155 
0.173626 
0.167318 
0.161141 
0.156000 
0.151363 
0.146554 
0.142262 
0.139181 
0.138000 
0.138475 
0.139786 
0.141758 
0.144221 
0.147000 
0.150871 
0.156598 
0.163990 
0.172854 
0.183000 
0.200642 
0.227258 
0.255553 
0.278232 
0.288000 
0.288657 
0.289004 
0.289248 
0.289594 
0.290250 
0.298607 
0.318059 
0.342812 
0.367073 
0.385050 
0.396320 
0.405330 
0.413596 
0.422631 
0.433950 
0.449992 
0.470362 
0.492327 
0.513151 
0.530100 
0.543162 
0.554593 
0.565058 
0.575222 
0.585750 
0.597659 
0.610507 
0.622771 
0.632927 
0.639450 
0.643255 
0.646348 
0.648844 
0.650856 
0.652500 
0.653695 
0.654498 
0.655228 
0.656205 
0.657750 
0.665384 
0.680791 
0.698531 
0.713164 
0.719250 
0.716130 
0.708690 
0.699810 
0.692370 
0.689250 
0.693790 
0.704615 
0.717535 
0.728360 
0.732900 
0.728541 
0.717914 
0.704696 
0.692566 
0.685200 
0.682222 
0.680308 
0.678713 
0.676692 
0.673500 
0.663947 
0.646793 
0.627216 
0.610392 
0.601500 
0.598516 
0.596028 
0.594132 
0.592924 
0.592500 
0.592578 
0.592764 
0.592986 
0.593172 
0.593250 
0.591338 
0.586392 
0.579598 
0.572138 
0.565200 
0.559014 
0.552754 
0.546016 
0.538399 
0.529500 
0.515508 
0.496134 
0.476256 
0.460752 
0.454500 
0.455857 
0.459094 
0.462956 
0.466193 
0.467550 
0.466612 
0.463867 
0.459416 
0.453360 
0.445800 
0.396167 
0.289782 
0.165584 
0.062511 
0.019500 
0.019500 
0.019500 
0.019500 
0.019500 
0.019500 
0.019500 
0.019500 
0.019500 
0.019500 
0.019500 
0.019500 
0.019500 
0.019500 
0.019500 
0.019500 
0.019500 
0.019500 
0.019500 
0.019500 
0.019500 
0.019500 
0.019500 
0.019500 
0.019500 
0.019500 
0.019500 
0.019500 
0.019500 
0.019500 
0.019500 
0.019500 
0.019500 
0.019500 
0.019500 
0.019500 
0.019500 
0.019500 
0.019500 
0.019500 
0.019500 
0.019500 
0.019500 
0.019500 
0.019500 
0.019500 
0.019500 
0.019500 
0.019500 
0.019500 
0.019500 
0.019500 
0.019500 
0.019500 
0.019500 
0.019500 
0.019500 
0.019500 
0.019500 
0.019500 
0.019500 
0.019500 
0.019500 
0.019500 
0.019500 
0.019500 
0.019500 
0.019500 
0.019500 
0.019500 
0.019500 
0.019500 
0.019500 
0.019500 
0.019500 
0.019500 
0.019500 
0.019500 
0.019500 
0.019500 
0.019500 
0.019500 
0.019500 
0.019500 
0.019500 
0.019500 
