0.040500 
0.040500 
0.040500 
0.040500 
0.040500 
0.040500 
0.040500 
0.040500 
0.040500 
0.040500 
0.040500 
0.040500 
0.040500 
0.040500 
0.040500 
0.040500 
0.040500 
0.040500 
0.040500 
0.040500 
0.040500 
0.040500 
0.040500 
0.040500 
0.040500 
0.040500 
0.040500 
0.040500 
0.040500 
0.040500 
0.040500 
0.040500 
0.040500 
0.040500 
0.040500 
0.040500 
0.040500 
0.040500 
0.040500 
0.040500 
0.040500 
0.040500 
0.040500 
0.040500 
0.040500 
0.040500 
0.040500 
0.040500 
0.040500 
0.040500 
0.040500 
0.040500 
0.040500 
0.040500 
0.040500 
0.040500 
0.040500 
0.040500 
0.040500 
0.040500 
0.040500 
0.040500 
0.040500 
0.040500 
0.040500 
0.040500 
0.040500 
0.040500 
0.040500 
0.040500 
0.040500 
0.040500 
0.040500 
0.040500 
0.040500 
0.040500 
0.040500 
0.040500 
0.040500 
0.040500 
0.040500 
0.040500 
0.040500 
0.040500 
0.040500 
0.040500 
0.040500 
0.040500 
0.040500 
0.040500 
0.040500 
0.040500 
0.040500 
0.040500 
0.040500 
0.040500 
0.040500 
0.040500 
0.040500 
0.040500 
0.047627 
0.065516 
0.088932 
0.112638 
0.131400 
0.147011 
0.163203 
0.177650 
0.188025 
0.192000 
0.192000 
0.192000 
0.192000 
0.192000 
0.192000 
0.180947 
0.153992 
0.120444 
0.089610 
0.070800 
0.061443 
0.053153 
0.046512 
0.042100 
0.040500 
0.040500 
0.040500 
0.040500 
0.040500 
0.040500 
0.040500 
0.040500 
0.040500 
0.040500 
0.040500 
0.040500 
0.040500 
0.040500 
0.040500 
0.040500 
0.040500 
0.040500 
0.040500 
0.040500 
0.040500 
0.040500 
0.040500 
0.040500 
0.040500 
0.040500 
0.040500 
0.040500 
0.040500 
0.040500 
0.040500 
0.040500 
0.040500 
0.040500 
0.040500 
0.040500 
0.040500 
0.040500 
0.040500 
0.040500 
0.040500 
0.040500 
0.040500 
0.040500 
0.040500 
0.040500 
0.042100 
0.046512 
0.053153 
0.061443 
0.070800 
0.089610 
0.120444 
0.153992 
0.180947 
0.192000 
0.192000 
0.192000 
0.192000 
0.192000 
0.192000 
0.188025 
0.177650 
0.163203 
0.147011 
0.131400 
0.112638 
0.088932 
0.065516 
0.047627 
0.040500 
0.040500 
0.040500 
0.040500 
0.040500 
0.040500 
0.040500 
0.040500 
0.040500 
0.040500 
0.040500 
0.040500 
0.040500 
0.040500 
0.040500 
0.040500 
0.040500 
0.040500 
0.040500 
0.040500 
0.040500 
0.040500 
0.040500 
0.040500 
0.040500 
0.040500 
0.040500 
0.040500 
0.040500 
0.040500 
0.040500 
0.040500 
0.040500 
0.040500 
0.040500 
0.040500 
0.040500 
0.040500 
0.040500 
0.040500 
0.040500 
0.040500 
0.040500 
0.040500 
0.040500 
0.040500 
0.040500 
0.040500 
0.040500 
0.040500 
0.040500 
0.047627 
0.065516 
0.088932 
0.112638 
0.131400 
0.147011 
0.163203 
0.177650 
0.188025 
0.192000 
0.192000 
0.192000 
0.192000 
0.192000 
0.192000 
0.180947 
0.153992 
0.120444 
0.089610 
0.070800 
0.061443 
0.053153 
0.046512 
0.042100 
0.040500 
0.040500 
0.040500 
0.040500 
0.040500 
0.040500 
0.040500 
0.040500 
0.040500 
0.040500 
0.040500 
0.040500 
0.040500 
0.040500 
0.040500 
0.040500 
0.040500 
0.040500 
0.040500 
0.040500 
0.040500 
0.040500 
0.040500 
0.040500 
0.040500 
0.040500 
0.040500 
0.040500 
0.040500 
0.040500 
0.040500 
0.040500 
0.040500 
0.040500 
0.040500 
0.040500 
0.040500 
0.040500 
0.040500 
0.040500 
0.040500 
0.040500 
0.040500 
0.040500 
0.040500 
0.040500 
0.040500 
0.040500 
0.040500 
0.040500 
0.040500 
0.040500 
0.040500 
0.040500 
0.040500 
0.040500 
0.040500 
0.040500 
0.040500 
0.040500 
0.040500 
0.042100 
0.046512 
0.053153 
0.061443 
0.070800 
0.089610 
0.120444 
0.153992 
0.180947 
0.192000 
0.192000 
0.192000 
0.192000 
0.192000 
0.192000 
0.188025 
0.177650 
0.163203 
0.147011 
0.131400 
0.112638 
0.088932 
0.065516 
0.047627 
0.040500 
0.040500 
0.040500 
0.040500 
0.040500 
0.040500 
0.040500 
0.040500 
0.040500 
0.040500 
0.040500 
0.040500 
0.040500 
0.040500 
0.040500 
0.040500 
0.040500 
0.040500 
0.040500 
0.040500 
0.040500 
0.040500 
0.040500 
0.040500 
0.040500 
0.040500 
0.040500 
0.040500 
0.040500 
0.040500 
0.040500 
0.040500 
0.040500 
0.040500 
0.040500 
0.040500 
0.042784 
0.048863 
0.057581 
0.067779 
0.078300 
0.093283 
0.114120 
0.135536 
0.152255 
0.159000 
0.149827 
0.127954 
0.101846 
0.079973 
0.070800 
0.083405 
0.113462 
0.149338 
0.179395 
0.192000 
0.192000 
0.192000 
0.192000 
0.192000 
0.192000 
0.188025 
0.177650 
0.163203 
0.147011 
0.131400 
0.112638 
0.088932 
0.065516 
0.047627 
0.040500 
0.040500 
0.040500 
0.040500 
0.040500 
0.040500 
0.040500 
0.040500 
0.040500 
0.040500 
0.040500 
0.040500 
0.040500 
0.040500 
0.040500 
0.040500 
0.040500 
0.040500 
0.040500 
0.040500 
0.040500 
0.040500 
0.040500 
0.040500 
0.040500 
0.040500 
0.040995 
0.042404 
0.044616 
0.047519 
0.051000 
0.061050 
0.080030 
0.102386 
0.122561 
0.135000 
0.140148 
0.143221 
0.145820 
0.149546 
0.156000 
0.546463 
1.465487 
2.559586 
3.475269 
3.859050 
3.477084 
2.566242 
1.479108 
0.568266 
0.186300 
0.198905 
0.228962 
0.264838 
0.294895 
0.307500 
0.307500 
0.307500 
0.307500 
0.307500 
0.307500 
0.303525 
0.293150 
0.278703 
0.262511 
0.246900 
0.228138 
0.204432 
0.181016 
0.163127 
0.156000 
0.258305 
0.502262 
0.793438 
1.037395 
1.139700 
1.037008 
0.792023 
0.499384 
0.253731 
0.149700 
0.148193 
0.147017 
0.146175 
0.145669 
0.145500 
0.145500 
0.145500 
0.145500 
0.145500 
0.145500 
0.145500 
0.145500 
0.145500 
0.145500 
0.145500 
0.145500 
0.145500 
0.145500 
0.145500 
0.145500 
0.145500 
0.145500 
0.145500 
0.145500 
0.145500 
0.145841 
0.146858 
0.148544 
0.150894 
0.153900 
0.258555 
0.503300 
0.794298 
1.037710 
1.139700 
1.037395 
0.793438 
0.502262 
0.258305 
0.156000 
0.156000 
0.156000 
0.156000 
0.156000 
0.156000 
0.156000 
0.156000 
0.156000 
0.156000 
0.156000 
0.157600 
0.162012 
0.168653 
0.176943 
0.186300 
0.203828 
0.232097 
0.263722 
0.291318 
0.307500 
0.315124 
0.321718 
0.326898 
0.330286 
0.331500 
0.325506 
0.310134 
0.289299 
0.266916 
0.246900 
0.226229 
0.202283 
0.179584 
0.162649 
0.156000 
0.156000 
0.156000 
0.156000 
0.156000 
0.156000 
0.156000 
0.156000 
0.156000 
0.156000 
0.156000 
0.155234 
0.153366 
0.151041 
0.148904 
0.147600 
0.146952 
0.146377 
0.145917 
0.145611 
0.145500 
0.145500 
0.145500 
0.145500 
0.145500 
0.145500 
0.145500 
0.145500 
0.145500 
0.145500 
0.145500 
0.145500 
0.145500 
0.145500 
0.145500 
0.145500 
0.145500 
0.145500 
0.145500 
0.145500 
0.145500 
0.215919 
0.392685 
0.624061 
0.858312 
1.043700 
1.197951 
1.357950 
1.500704 
1.603219 
1.642500 
1.631580 
1.605540 
1.574460 
1.548420 
1.537500 
1.537500 
1.537500 
1.537500 
1.537500 
1.537500 
1.553256 
1.590828 
1.635672 
1.673244 
1.689000 
1.689000 
1.689000 
1.689000 
1.689000 
1.689000 
1.687400 
1.682988 
1.676347 
1.668057 
1.658700 
1.639890 
1.609056 
1.575508 
1.548553 
1.537500 
1.537500 
1.537500 
1.537500 
1.537500 
1.537500 
1.537500 
1.537500 
1.537500 
1.537500 
1.537500 
1.537500 
1.537500 
1.537500 
1.537500 
1.537500 
1.537500 
1.537500 
1.537500 
1.537500 
1.537500 
1.467081 
1.290315 
1.058939 
0.824688 
0.639300 
0.485049 
0.325050 
0.182296 
0.079781 
0.040500 
0.040500 
0.040500 
0.040500 
0.040500 
0.040500 
0.040500 
0.040500 
0.040500 
0.040500 
0.040500 
0.040500 
0.040500 
0.040500 
0.040500 
0.040500 
0.040500 
0.040500 
0.040500 
0.040500 
0.040500 
0.051553 
0.078508 
0.112056 
0.142890 
0.161700 
0.171057 
0.179347 
0.185988 
0.190400 
0.192000 
0.192000 
0.192000 
0.192000 
0.192000 
0.192000 
0.176244 
0.138672 
0.093828 
0.056256 
0.040500 
0.040500 
0.040500 
0.040500 
0.040500 
0.040500 
0.040500 
0.040500 
0.040500 
0.040500 
0.040500 
0.040500 
0.040500 
0.040500 
0.040500 
0.040500 
0.040500 
0.040500 
0.040500 
0.040500 
0.040500 
0.040500 
0.040500 
0.040500 
0.040500 
0.040500 
0.040500 
0.040500 
0.040500 
0.040500 
0.040500 
0.040500 
0.040500 
0.040500 
0.040500 
0.040500 
0.040500 
0.040500 
0.040500 
0.040500 
0.040500 
0.040500 
0.040500 
0.040500 
0.040500 
0.040500 
0.040500 
0.040500 
0.040500 
0.040500 
0.040500 
0.040500 
0.040500 
0.040500 
0.040500 
0.040500 
0.040500 
0.040500 
0.040500 
0.040500 
0.040500 
0.040500 
0.040500 
0.040500 
0.040500 
0.040500 
0.042100 
0.046512 
0.053153 
0.061443 
0.070800 
0.089610 
0.120444 
0.153992 
0.180947 
0.192000 
0.192000 
0.192000 
0.192000 
0.192000 
0.192000 
0.188025 
0.177650 
0.163203 
0.147011 
0.131400 
0.112638 
0.088932 
0.065516 
0.047627 
0.040500 
0.040500 
0.040500 
0.040500 
0.040500 
0.040500 
0.040500 
0.040500 
0.040500 
0.040500 
0.040500 
0.040500 
0.040500 
0.040500 
0.040500 
0.040500 
0.040500 
0.040500 
0.040500 
0.040500 
0.040500 
0.040500 
0.040500 
0.040500 
0.040500 
0.040500 
0.040500 
0.040500 
0.040500 
0.040500 
0.040500 
0.040500 
0.040500 
0.040500 
0.040500 
0.040500 
0.040500 
0.040500 
0.040500 
0.040500 
0.040500 
0.040500 
0.040500 
0.040500 
0.040500 
0.040500 
0.042100 
0.046512 
0.053153 
0.061443 
0.070800 
0.089610 
0.120444 
0.153992 
0.180947 
0.192000 
0.192000 
0.192000 
0.192000 
0.192000 
0.192000 
0.188025 
0.177650 
0.163203 
0.147011 
0.131400 
0.112638 
0.088932 
0.065516 
0.047627 
0.040500 
0.040500 
0.040500 
0.040500 
0.040500 
0.040500 
0.040500 
0.040500 
0.040500 
0.040500 
0.040500 
0.040500 
0.040500 
0.040500 
0.040500 
0.040500 
0.040500 
0.040500 
0.040500 
0.040500 
0.040500 
0.040500 
0.040500 
0.040500 
0.040500 
0.040500 
0.040500 
0.040500 
0.040500 
0.040500 
0.040500 
0.051420 
0.077460 
0.108540 
0.134580 
0.145500 
0.145500 
0.145500 
0.145500 
0.145500 
0.145500 
0.147306 
0.151709 
0.157190 
0.162227 
0.165300 
0.166523 
0.167266 
0.167893 
0.168766 
0.170250 
0.182450 
0.209946 
0.244812 
0.279122 
0.304950 
0.324672 
0.344304 
0.361380 
0.373434 
0.378000 
0.378000 
0.378000 
0.378000 
0.378000 
0.378000 
0.362244 
0.324672 
0.279828 
0.242256 
0.226500 
0.226500 
0.226500 
0.226500 
0.226500 
0.226500 
0.226500 
0.226500 
0.226500 
0.226500 
0.226500 
0.226500 
0.226500 
0.226500 
0.226500 
0.226500 
0.226500 
0.226500 
0.226500 
0.226500 
0.226500 
0.226500 
0.226500 
0.226500 
0.226500 
0.226500 
0.226500 
0.226500 
0.226500 
0.226500 
0.226500 
0.231180 
0.242340 
0.255660 
0.266820 
0.271500 
0.271500 
0.271500 
0.271500 
0.271500 
0.271500 
0.270049 
0.266590 
0.262460 
0.259001 
0.257550 
0.259453 
0.263992 
0.269408 
0.273947 
0.275850 
0.273244 
0.266767 
0.258427 
0.250235 
0.244200 
0.239772 
0.235412 
0.231645 
0.228999 
0.228000 
0.234916 
0.252294 
0.275079 
0.298216 
0.316650 
0.332167 
0.348348 
0.362830 
0.373251 
0.377250 
0.373455 
0.364064 
0.352071 
0.340468 
0.332250 
0.327704 
0.324450 
0.321473 
0.317761 
0.312300 
0.297437 
0.271644 
0.243098 
0.219975 
0.210450 
0.298933 
0.509932 
0.761768 
0.972767 
1.061250 
1.060002 
1.057026 
1.053474 
1.050498 
1.049250 
1.052908 
1.062401 
1.075510 
1.090016 
1.103700 
1.119396 
1.138701 
1.157538 
1.171830 
1.177500 
1.177389 
1.177083 
1.176623 
1.176048 
1.175400 
1.174629 
1.173557 
1.172031 
1.169896 
1.167000 
1.073964 
0.856455 
0.596890 
0.377683 
0.281250 
0.275391 
0.271987 
0.269578 
0.266703 
0.261900 
0.249427 
0.228727 
0.206118 
0.187920 
0.180450 
0.229730 
0.347245 
0.487505 
0.605020 
0.654300 
0.620183 
0.538826 
0.441724 
0.360367 
0.326250 
0.326250 
0.326250 
0.326250 
0.326250 
0.326250 
0.319112 
0.301110 
0.277361 
0.252986 
0.233100 
0.215664 
0.197128 
0.180351 
0.168189 
0.163500 
0.163500 
0.163500 
0.163500 
0.163500 
0.163500 
0.163500 
0.163500 
0.163500 
0.163500 
0.163500 
0.165092 
0.169235 
0.174983 
0.181387 
0.187500 
0.193210 
0.199223 
0.205815 
0.213265 
0.221850 
0.230867 
0.240634 
0.252957 
0.269643 
0.292500 
0.408404 
0.652093 
0.947165 
1.217218 
1.385850 
1.475504 
1.555589 
1.620157 
1.663260 
1.678950 
1.678732 
1.678211 
1.677589 
1.677068 
1.676850 
1.701061 
1.758796 
1.827704 
1.885439 
1.909650 
1.875782 
1.795021 
1.698629 
1.617868 
1.584000 
1.599756 
1.637328 
1.682172 
1.719744 
1.735500 
1.735500 
1.735500 
1.735500 
1.735500 
1.735500 
1.733900 
1.729488 
1.722847 
1.714557 
1.705200 
1.686390 
1.655556 
1.622008 
1.595053 
1.584000 
1.584000 
1.584000 
1.584000 
1.584000 
1.584000 
1.588988 
1.601123 
1.616164 
1.629871 
1.638000 
1.641761 
1.645052 
1.647661 
1.649380 
1.650000 
1.550063 
1.305646 
0.999837 
0.715725 
0.536400 
0.439693 
0.352592 
0.281925 
0.234519 
0.217200 
0.238868 
0.290539 
0.352211 
0.403882 
0.425550 
0.402275 
0.346772 
0.280528 
0.225025 
0.201750 
0.201750 
0.201750 
0.201750 
0.201750 
0.201750 
0.201631 
0.201304 
0.200810 
0.200195 
0.199500 
0.198103 
0.195814 
0.193322 
0.191321 
0.190500 
0.190500 
0.190500 
0.190500 
0.190500 
0.190500 
0.192719 
0.199318 
0.210207 
0.225297 
0.244500 
0.518326 
1.164306 
1.982883 
2.774500 
3.339600 
3.731661 
4.109339 
4.430847 
4.654397 
4.738200 
4.494481 
3.913306 
3.219644 
2.638469 
2.394750 
2.398591 
2.408673 
2.422834 
2.438914 
2.454750 
2.474736 
2.500711 
2.526682 
2.546659 
2.554650 
2.469510 
2.256023 
1.977092 
1.695617 
1.474500 
1.293798 
1.108337 
0.943178 
0.823379 
0.774000 
0.769579 
0.767122 
0.765392 
0.763147 
0.759150 
0.743271 
0.713051 
0.678755 
0.650650 
0.639000 
0.639000 
0.639000 
0.639000 
0.639000 
0.639000 
0.639000 
0.639000 
0.639000 
0.639000 
0.639000 
0.640057 
0.642771 
0.646457 
0.650429 
0.654000 
0.657727 
0.662071 
0.666201 
0.669287 
0.670500 
0.664478 
0.650119 
0.632981 
0.618622 
0.612600 
0.623614 
0.649877 
0.681223 
0.707486 
0.718500 
0.717388 
0.714265 
0.709447 
0.703253 
0.696000 
0.677515 
0.644537 
0.607751 
0.577844 
0.565500 
0.571585 
0.586846 
0.606790 
0.626922 
0.642750 
0.655770 
0.669206 
0.681158 
0.689723 
0.693000 
0.689116 
0.679853 
0.668797 
0.659534 
0.655650 
0.667215 
0.696106 
0.733614 
0.771031 
0.799650 
0.819688 
0.837569 
0.853890 
0.869251 
0.884250 
0.900881 
0.918823 
0.935199 
0.947133 
0.951750 
0.932125 
0.885328 
0.829472 
0.782675 
0.763050 
0.765615 
0.772234 
0.781290 
0.791168 
0.800250 
0.810143 
0.821955 
0.833320 
0.841873 
0.845250 
0.845250 
0.845250 
0.845250 
0.845250 
0.845250 
0.843167 
0.837561 
0.829397 
0.819638 
0.809250 
0.796505 
0.779753 
0.760073 
0.738546 
0.716250 
0.687457 
0.651076 
0.615140 
0.587687 
0.576750 
0.584238 
0.602094 
0.623406 
0.641262 
0.648750 
0.585492 
0.434646 
0.254604 
0.103758 
0.040500 
0.040500 
0.040500 
0.040500 
0.040500 
0.040500 
0.040500 
0.040500 
0.040500 
0.040500 
0.040500 
0.040500 
0.040500 
0.040500 
0.040500 
0.040500 
0.049728 
0.073193 
0.104569 
0.137530 
0.165750 
0.192675 
0.222548 
0.250240 
0.270617 
0.278550 
0.253793 
0.194756 
0.124294 
0.065257 
0.040500 
0.040500 
0.040500 
0.040500 
0.040500 
0.040500 
