0.000000 
0.000000 
0.000000 
0.000000 
0.000000 
0.000000 
0.000000 
0.000000 
0.000000 
0.000000 
0.000000 
0.000000 
0.000000 
0.000000 
0.000000 
0.000000 
0.000000 
0.000000 
0.000000 
0.000000 
0.000000 
0.000000 
0.000000 
0.000000 
0.000000 
0.000000 
0.000000 
0.000000 
0.000000 
0.000000 
0.000000 
0.000000 
0.000000 
0.000000 
0.000000 
0.000000 
0.000000 
0.000000 
0.000000 
0.000000 
0.000000 
0.000000 
0.000000 
0.000000 
0.000000 
0.000000 
0.000000 
0.000000 
0.000000 
0.000000 
0.000000 
0.000000 
0.000000 
0.000000 
0.000000 
0.000000 
0.000000 
0.000000 
0.000000 
0.000000 
0.000000 
0.000000 
0.000000 
0.000000 
0.000000 
0.000000 
0.000000 
0.000000 
0.000000 
0.000000 
0.000000 
0.000000 
0.000000 
0.000000 
0.000000 
0.000000 
0.000000 
0.000000 
0.000000 
0.000000 
0.000000 
0.000000 
0.000000 
0.000000 
0.000000 
0.000000 
0.000000 
0.000000 
0.000000 
0.000000 
0.000000 
0.000000 
0.000000 
0.000000 
0.000000 
0.000000 
0.000000 
0.000000 
0.000000 
0.000000 
0.000000 
0.000000 
0.000000 
0.000000 
0.000000 
0.000000 
0.000000 
0.000000 
0.000000 
0.000000 
0.000000 
0.000000 
0.000000 
0.000000 
0.000000 
0.000000 
0.000000 
0.000000 
0.000000 
0.000000 
0.000000 
0.000000 
0.000000 
0.000000 
0.000000 
0.000000 
0.000000 
0.000000 
0.000000 
0.000000 
0.000000 
0.000000 
0.000000 
0.000000 
0.000000 
0.000000 
0.000000 
0.000000 
0.000000 
0.000000 
0.000000 
0.000000 
0.000000 
0.000000 
0.000000 
0.000000 
0.000000 
0.000000 
0.000000 
0.000000 
0.000000 
0.000000 
0.000000 
0.000000 
0.000000 
0.000000 
0.000000 
0.000000 
0.000000 
0.000000 
0.000000 
0.000000 
0.000000 
0.000000 
0.000000 
0.000000 
0.000000 
0.000000 
0.000000 
0.000000 
0.000000 
0.000000 
0.000000 
0.000000 
0.000000 
0.000000 
0.000000 
0.000000 
0.000000 
0.000000 
0.000000 
0.000000 
0.000000 
0.000000 
0.000000 
0.000000 
0.000000 
0.000000 
0.000000 
0.000000 
0.000000 
0.000000 
0.000000 
0.000000 
0.000000 
0.000000 
0.000000 
0.000000 
0.000000 
0.000000 
0.000000 
0.000000 
0.000000 
0.000000 
0.000000 
0.000000 
0.000000 
0.000000 
0.000000 
0.000000 
0.000000 
0.000000 
0.000000 
0.000000 
0.000000 
0.000000 
0.000000 
0.000000 
0.000000 
0.000000 
0.000000 
0.000000 
0.000000 
0.000000 
0.000000 
0.000032 
0.000138 
0.000226 
0.000323 
0.000593 
0.000925 
0.001187 
0.001298 
0.001989 
0.002803 
0.003319 
0.003747 
0.004372 
0.006100 
0.007195 
0.007267 
0.009368 
0.011878 
0.009730 
0.011837 
0.014777 
0.015333 
0.017874 
0.020632 
0.019249 
0.021792 
0.022691 
0.022082 
0.021474 
0.021948 
0.017427 
0.021519 
0.018648 
0.020405 
0.017191 
0.021230 
0.020604 
0.017873 
0.021838 
0.015880 
0.023962 
0.024930 
0.022284 
0.024564 
0.033143 
0.026772 
0.032528 
0.035167 
0.033431 
0.038810 
0.041709 
0.037584 
0.041711 
0.039568 
0.038972 
0.041103 
0.039956 
0.043910 
0.045378 
0.048858 
0.046018 
0.054114 
0.050543 
0.060239 
0.049522 
0.052600 
0.039972 
0.056414 
0.050939 
0.065134 
0.055217 
0.061400 
0.059051 
0.060470 
0.051152 
0.059632 
0.071386 
0.067329 
0.050230 
0.076303 
0.066475 
0.063489 
0.068935 
0.064382 
0.076174 
0.078650 
0.074363 
0.073113 
0.071313 
0.083607 
0.083072 
0.078911 
0.096494 
0.078848 
0.086762 
0.075448 
0.091108 
0.078164 
0.095735 
0.114742 
0.085881 
0.108698 
0.111908 
0.136595 
0.128509 
0.116653 
0.152002 
0.177669 
0.178410 
0.219995 
0.182382 
0.197953 
0.184603 
0.176530 
0.232031 
0.180136 
0.193027 
0.216909 
0.173116 
0.180715 
0.204212 
0.192853 
0.194017 
0.210881 
0.164875 
0.247413 
0.243775 
0.200485 
0.231329 
0.239568 
0.235318 
0.221873 
0.219217 
0.250508 
0.237388 
0.286084 
0.283804 
0.293319 
0.359655 
0.279891 
0.421818 
0.483565 
0.440462 
0.422276 
0.454785 
0.452407 
0.576773 
0.646889 
0.664311 
0.692118 
0.649625 
0.609273 
0.626112 
0.585258 
0.575759 
0.516654 
0.488314 
0.402149 
0.562596 
0.490262 
0.489724 
0.537564 
0.446555 
0.467741 
0.601564 
0.511180 
0.392374 
0.487243 
0.355967 
0.425844 
0.513369 
0.519081 
0.438321 
0.490755 
0.547037 
0.471362 
0.483662 
0.590188 
0.756939 
0.733075 
0.631117 
0.651893 
0.635306 
0.585840 
0.604575 
0.636305 
0.535778 
0.441028 
0.495112 
0.466538 
0.521590 
0.442017 
0.605317 
0.565589 
0.612920 
0.621786 
0.611426 
0.731794 
0.878986 
0.813972 
0.800430 
0.950935 
0.846915 
0.651525 
0.842736 
0.708426 
0.798069 
0.710257 
0.885056 
0.883864 
0.915418 
0.979060 
1.099894 
1.025401 
0.899025 
1.040510 
0.957068 
0.938172 
1.006072 
0.775163 
0.935310 
0.872811 
1.125090 
1.145288 
1.168957 
1.020039 
1.199842 
1.125806 
1.053410 
1.072637 
0.915357 
1.085903 
1.039334 
1.247327 
1.186654 
1.328654 
1.005946 
1.056222 
0.957139 
1.018430 
0.907425 
0.843735 
0.661849 
0.493423 
0.366489 
0.349412 
0.547857 
0.725238 
0.918558 
0.840710 
1.092023 
0.983689 
1.076175 
1.175338 
0.873782 
1.152824 
1.092542 
1.053124 
1.286052 
1.140529 
1.188596 
1.100393 
1.032170 
1.025794 
1.088121 
1.055868 
1.033281 
1.075369 
1.137243 
1.213182 
1.134367 
1.252036 
1.061178 
1.247206 
1.177406 
1.340086 
0.864489 
0.967026 
1.021354 
1.006234 
1.056117 
1.221441 
1.077645 
1.400853 
0.898225 
1.098228 
1.178035 
1.026887 
0.683195 
0.649096 
0.557750 
0.387071 
0.308247 
0.238108 
0.189599 
0.243541 
0.456358 
0.526474 
0.769839 
0.901350 
0.777475 
1.094190 
1.319500 
1.384138 
1.379158 
1.217446 
1.238184 
1.349245 
1.373648 
1.568121 
1.407161 
1.396074 
1.417514 
1.533290 
1.480160 
1.443023 
1.315989 
1.452450 
1.419020 
1.369564 
1.229771 
1.481390 
1.105829 
1.378915 
1.526570 
1.377317 
1.656168 
1.355282 
1.238561 
1.512131 
1.284537 
1.567169 
1.515964 
1.462098 
1.169612 
1.417339 
1.446662 
1.483613 
1.634280 
1.493375 
1.392925 
1.391687 
1.553665 
1.258887 
1.647373 
1.421844 
1.579000 
1.329929 
1.739157 
1.571486 
1.563740 
1.785169 
1.700070 
1.635196 
1.482107 
1.718499 
1.745019 
1.717415 
1.600052 
1.375059 
1.620661 
1.413985 
1.783302 
1.284706 
1.699377 
1.485942 
1.554740 
1.825709 
1.845487 
1.297036 
1.887883 
1.596584 
1.088991 
0.932033 
0.936875 
0.955616 
0.926462 
1.274683 
1.320759 
1.323480 
1.382768 
1.599893 
1.830408 
1.661043 
1.652241 
1.818380 
1.856374 
1.787976 
1.719841 
1.841127 
1.958642 
1.282072 
1.398024 
1.410156 
1.015287 
1.150467 
1.018158 
1.024647 
0.760591 
0.742719 
0.996570 
1.244317 
1.591653 
1.791299 
1.764663 
1.921542 
1.849771 
1.519267 
1.531960 
1.559066 
1.430344 
1.270191 
1.033051 
0.952464 
1.076207 
1.257956 
1.355461 
1.487236 
1.658357 
1.916511 
1.855185 
1.945832 
1.611546 
2.050800 
1.851781 
1.590106 
1.588522 
1.728749 
1.463275 
1.717034 
1.470322 
1.490881 
1.878313 
1.885523 
1.709069 
2.286506 
1.739961 
1.669753 
1.392203 
1.289382 
1.125581 
0.852581 
0.613609 
0.470141 
0.405073 
0.335218 
0.336675 
0.348194 
0.388641 
0.317702 
0.428280 
0.611219 
0.959394 
1.360228 
1.471256 
1.440393 
1.782531 
1.845444 
1.553599 
1.994128 
1.852880 
1.761510 
1.726085 
1.717718 
1.909398 
1.976690 
1.946156 
1.829635 
1.533450 
2.059610 
1.743196 
1.561319 
1.830772 
2.028640 
2.285248 
1.980599 
1.776315 
1.858043 
1.871096 
2.010649 
1.531164 
1.278381 
0.844669 
0.631098 
0.493460 
0.603898 
0.508075 
0.590782 
0.690994 
0.829820 
0.870620 
0.962315 
1.002728 
1.214819 
1.140694 
1.131171 
0.966587 
0.918048 
0.804630 
0.678275 
0.806894 
0.852597 
1.094455 
1.402096 
1.176949 
1.184414 
1.488597 
1.684033 
1.714631 
1.550578 
1.254207 
1.480093 
0.863211 
0.891925 
0.664584 
0.710864 
0.700122 
0.847929 
0.770826 
0.730879 
0.744470 
0.839625 
0.878071 
0.669937 
0.777979 
0.586435 
0.614135 
0.784661 
0.749766 
0.765017 
1.106554 
0.943256 
1.008492 
1.100080 
1.161178 
0.924834 
1.435857 
1.802066 
1.690417 
1.579750 
1.887826 
1.719800 
1.572204 
1.752240 
1.444424 
1.446504 
1.400093 
1.002526 
0.735800 
0.674765 
0.660438 
0.702944 
0.549025 
0.497409 
0.364124 
0.547476 
0.755928 
0.778223 
1.054642 
1.100768 
1.381600 
1.431792 
1.966794 
1.782566 
1.995153 
2.315671 
1.859255 
1.830135 
1.654582 
1.695450 
1.818075 
1.647915 
1.715956 
1.598404 
1.804650 
1.676291 
1.789866 
1.451971 
1.701732 
1.941285 
2.072598 
1.659952 
1.586538 
1.744811 
1.510849 
1.735516 
2.019889 
2.161270 
1.711257 
1.817205 
2.079127 
1.721240 
1.747931 
2.046223 
2.106053 
1.799341 
2.034998 
1.691485 
1.805848 
1.972760 
1.643851 
1.573601 
1.449665 
1.466327 
1.258805 
1.453841 
1.597464 
1.550924 
1.472746 
1.729426 
1.761670 
1.541619 
1.848210 
1.588324 
1.631382 
1.815115 
1.680944 
2.018665 
1.846849 
1.497911 
1.708040 
2.143604 
1.764498 
1.536328 
1.482297 
1.220121 
1.472265 
1.199943 
1.512871 
1.405107 
1.166437 
1.071060 
1.229782 
1.194128 
1.088234 
1.309892 
1.410982 
1.569994 
1.572226 
1.420595 
1.817902 
1.473881 
1.602876 
1.410698 
1.554890 
1.558134 
1.297479 
1.534323 
1.457739 
1.348571 
1.492341 
1.366207 
1.582947 
1.752792 
1.771490 
1.575303 
1.626878 
1.614923 
1.311232 
1.321938 
1.199397 
1.386708 
1.269787 
0.998980 
1.191821 
1.228892 
1.015760 
1.431592 
1.072877 
0.945071 
1.034627 
1.109350 
1.290072 
1.378699 
1.469401 
1.360659 
1.199792 
1.303680 
0.924409 
1.310652 
1.148080 
0.963193 
0.791379 
0.598135 
0.534829 
0.443504 
0.486232 
0.415831 
0.396064 
0.403909 
0.367256 
0.371669 
0.440340 
0.479252 
0.425906 
0.433686 
0.464013 
0.399351 
0.466143 
0.486313 
0.552227 
0.576000 
0.851065 
0.736403 
0.810238 
1.042007 
1.082063 
1.261529 
1.263606 
1.378817 
1.319100 
1.405068 
1.366364 
1.194573 
1.050564 
1.079661 
0.796225 
0.918980 
0.801541 
0.763982 
0.670688 
0.708506 
0.711555 
0.666284 
0.646057 
0.615901 
0.898151 
0.706223 
0.820440 
0.850679 
1.090585 
1.140874 
1.294694 
1.069546 
1.231075 
1.299254 
1.283418 
1.392409 
1.111076 
1.209743 
1.031389 
1.193622 
1.084458 
0.928308 
0.900773 
0.806077 
0.787124 
0.772925 
0.887470 
0.835589 
0.754244 
0.759080 
0.771243 
0.652500 
0.865672 
0.752703 
0.917161 
0.813965 
1.089348 
0.848046 
0.912719 
1.000848 
0.907718 
0.962077 
0.907417 
0.846521 
0.863992 
0.923438 
0.638865 
0.574420 
0.551420 
0.782290 
0.757817 
0.789207 
0.879478 
0.747337 
0.775040 
0.707545 
0.534357 
0.407407 
0.396441 
0.513139 
0.560117 
0.525453 
0.517995 
0.576357 
0.674626 
0.484202 
0.549777 
0.498580 
0.461070 
0.413951 
0.545743 
0.517882 
0.445643 
0.440644 
0.490234 
0.462492 
0.384956 
0.407460 
0.322351 
0.353526 
0.360418 
0.317283 
0.271835 
0.310637 
0.248788 
0.215052 
0.217624 
0.232412 
0.194435 
0.206019 
0.201482 
0.171413 
0.183983 
0.179179 
0.169152 
0.166346 
0.170953 
0.172705 
0.190730 
0.161330 
0.171246 
0.179717 
0.162718 
0.151365 
0.174442 
0.210781 
0.197309 
0.182455 
0.212813 
0.176691 
0.225865 
0.215213 
0.226562 
0.216762 
0.250317 
0.195124 
0.226420 
0.288509 
0.195237 
0.231909 
0.270921 
0.291903 
0.278259 
0.319663 
0.285673 
0.239768 
0.286513 
0.362610 
0.312157 
0.322494 
0.310430 
0.302245 
0.293060 
0.276441 
0.305030 
0.336232 
0.325515 
0.371662 
0.327824 
0.304069 
0.406387 
0.375682 
0.407885 
0.439702 
0.496550 
0.481039 
0.693449 
0.606322 
0.662961 
0.676600 
0.675285 
0.710620 
0.558733 
0.598667 
0.470330 
0.361078 
0.325725 
0.315940 
0.276597 
0.285905 
0.351835 
0.234483 
0.264452 
0.248876 
0.212281 
0.216925 
0.207200 
0.177628 
0.159653 
0.155272 
0.153550 
0.139167 
0.130637 
0.115341 
0.117939 
0.129471 
0.108318 
0.122011 
0.104561 
0.116622 
0.123469 
0.137527 
0.137777 
0.116320 
0.131085 
0.148584 
0.118798 
0.113999 
0.121934 
0.100094 
0.106823 
0.114696 
0.100473 
0.126223 
0.113964 
0.114499 
0.138133 
0.144522 
0.130809 
0.145976 
0.110746 
0.126634 
0.126258 
0.125909 
0.118644 
0.093442 
0.087776 
0.092197 
0.081371 
0.088141 
0.074769 
0.068445 
0.063655 
0.058462 
0.065170 
0.053603 
0.067084 
0.062851 
0.056114 
0.061304 
0.050783 
0.055145 
0.049123 
0.054932 
0.051000 
0.042982 
0.049111 
0.044003 
0.040576 
0.040789 
0.036501 
0.032727 
0.029430 
0.027671 
0.030203 
0.027014 
0.027266 
0.020453 
0.020725 
0.021031 
0.018530 
0.014128 
0.013603 
0.011394 
0.013997 
0.013267 
0.010686 
0.015231 
0.012806 
0.010527 
0.012486 
0.010280 
0.012721 
0.010653 
0.012566 
0.013159 
0.008911 
0.010663 
0.013702 
0.011015 
0.013167 
0.012397 
0.009497 
0.011126 
0.008901 
0.006718 
0.007709 
0.006255 
0.005654 
0.005358 
0.004556 
0.005057 
0.003813 
0.005045 
0.004521 
0.004450 
0.004546 
0.004509 
0.004117 
0.004358 
0.003709 
0.004185 
0.003494 
0.003972 
0.004225 
0.003331 
0.003170 
0.002733 
0.002520 
0.002232 
0.001842 
0.002031 
0.001291 
0.001030 
0.001003 
0.000598 
0.000295 
0.000137 
0.000084 
0.000047 
0.000027 
0.000006 
0.000000 
0.000000 
0.000000 
0.000000 
0.000000 
0.000000 
0.000000 
0.000000 
0.000000 
0.000000 
0.000000 
0.000000 
0.000000 
0.000000 
0.000000 
0.000000 
0.000000 
0.000000 
0.000000 
0.000000 
0.000000 
0.000000 
0.000000 
0.000000 
0.000000 
0.000000 
0.000000 
0.000000 
0.000000 
0.000000 
0.000000 
0.000000 
0.000000 
0.000000 
0.000000 
0.000000 
0.000000 
0.000000 
0.000000 
0.000000 
0.000000 
0.000000 
0.000000 
0.000000 
0.000000 
0.000000 
0.000000 
0.000000 
0.000000 
0.000000 
0.000000 
0.000000 
0.000000 
0.000000 
0.000000 
0.000000 
0.000000 
0.000000 
0.000000 
0.000000 
0.000000 
0.000000 
0.000000 
0.000000 
0.000000 
0.000000 
0.000000 
0.000000 
0.000000 
0.000000 
0.000000 
0.000000 
0.000000 
0.000000 
0.000000 
0.000000 
0.000000 
0.000000 
0.000000 
0.000000 
0.000000 
0.000000 
0.000000 
0.000000 
0.000000 
0.000000 
0.000000 
0.000000 
0.000000 
0.000000 
0.000000 
0.000000 
0.000000 
0.000000 
0.000000 
0.000000 
0.000000 
0.000000 
0.000000 
0.000000 
0.000000 
0.000000 
0.000000 
0.000000 
0.000000 
0.000000 
0.000000 
0.000000 
0.000000 
0.000000 
0.000000 
0.000000 
0.000000 
0.000000 
0.000000 
0.000000 
0.000000 
0.000000 
0.000000 
0.000000 
0.000000 
0.000000 
0.000000 
0.000000 
0.000000 
0.000000 
0.000000 
0.000000 
0.000000 
0.000000 
0.000000 
0.000000 
0.000000 
0.000000 
0.000000 
0.000000 
0.000000 
0.000000 
0.000000 
0.000000 
0.000000 
0.000000 
0.000000 
0.000000 
0.000000 
0.000000 
0.000000 
0.000000 
0.000000 
0.000000 
0.000000 
0.000000 
0.000000 
0.000000 
0.000000 
0.000000 
0.000000 
0.000000 
0.000000 
0.000000 
0.000000 
0.000000 
0.000000 
0.000000 
0.000000 
0.000000 
0.000000 
0.000000 
0.000000 
0.000000 
0.000000 
0.000000 
0.000000 
0.000000 
0.000000 
0.000000 
0.000000 
0.000000 
0.000000 
0.000000 
0.000000 
0.000000 
0.000000 
0.000000 
0.000000 
0.000000 
0.000000 
0.000000 
0.000000 
0.000000 
0.000000 
