0.000000 
0.000000 
0.000000 
0.000000 
0.000000 
0.000000 
0.000000 
0.000000 
0.000000 
0.000000 
0.000000 
0.000000 
0.000000 
0.000000 
0.000000 
0.000000 
0.000000 
0.000000 
0.000000 
0.000000 
0.000000 
0.000000 
0.000000 
0.000000 
0.000000 
0.000000 
0.000000 
0.000000 
0.000000 
0.000000 
0.000000 
0.000000 
0.000000 
0.000000 
0.000000 
0.000000 
0.000000 
0.000000 
0.000000 
0.000000 
0.000000 
0.000000 
0.000000 
0.000000 
0.000000 
0.000000 
0.000000 
0.000000 
0.000000 
0.000000 
0.000000 
0.000000 
0.000000 
0.000000 
0.000000 
0.000000 
0.000000 
0.000000 
0.000000 
0.000000 
0.000000 
0.000000 
0.000000 
0.000000 
0.000000 
0.000000 
0.000000 
0.000000 
0.000000 
0.000000 
0.000000 
0.000000 
0.000000 
0.000000 
0.000000 
0.000000 
0.000000 
0.000000 
0.000000 
0.000000 
0.000000 
0.000000 
0.000000 
0.000000 
0.000000 
0.000000 
0.000000 
0.000000 
0.000000 
0.000000 
0.000000 
0.000000 
0.000000 
0.000000 
0.000000 
0.000000 
0.000000 
0.000000 
0.000000 
0.000000 
0.000000 
0.000000 
0.000000 
0.000000 
0.000000 
0.000000 
0.000000 
0.000000 
0.000000 
0.000000 
0.000000 
0.000000 
0.000000 
0.000000 
0.000000 
0.000000 
0.000000 
0.000000 
0.000000 
0.000000 
0.000000 
0.000000 
0.000000 
0.000000 
0.000000 
0.000000 
0.000000 
0.000000 
0.000000 
0.000000 
0.000000 
0.000000 
0.000000 
0.000000 
0.000000 
0.000000 
0.000000 
0.000000 
0.000000 
0.000000 
0.000000 
0.000000 
0.000000 
0.000000 
0.000000 
0.000000 
0.000000 
0.000000 
0.000000 
0.000000 
0.000000 
0.000000 
0.000000 
0.000000 
0.000000 
0.000000 
0.000000 
0.000000 
0.000000 
0.000000 
0.000000 
0.000000 
0.000000 
0.000000 
0.000000 
0.000000 
0.000000 
0.000000 
0.000000 
0.000000 
0.000000 
0.000000 
0.000000 
0.000000 
0.000000 
0.000000 
0.000000 
0.000000 
0.000000 
0.000000 
0.000000 
0.000000 
0.000000 
0.000000 
0.000000 
0.000000 
0.000000 
0.000000 
0.000000 
0.000000 
0.000000 
0.000000 
0.000000 
0.000000 
0.000000 
0.000000 
0.000000 
0.000000 
0.000000 
0.000000 
0.000000 
0.000000 
0.000000 
0.000000 
0.000000 
0.000000 
0.000000 
0.000000 
0.000000 
0.000000 
0.000000 
0.000000 
0.000000 
0.000000 
0.000000 
0.000000 
0.000000 
0.000000 
0.000000 
0.000000 
0.000000 
0.000000 
0.000000 
0.000000 
0.000000 
0.000014 
0.000046 
0.000097 
0.000181 
0.000223 
0.000379 
0.000425 
0.000566 
0.000882 
0.000958 
0.000930 
0.001596 
0.001815 
0.001930 
0.002265 
0.002802 
0.003421 
0.003749 
0.005566 
0.005177 
0.006634 
0.006244 
0.006740 
0.007652 
0.007247 
0.007246 
0.007935 
0.008131 
0.007422 
0.007661 
0.008261 
0.008331 
0.007546 
0.008861 
0.007880 
0.006910 
0.007952 
0.007312 
0.007713 
0.007492 
0.007560 
0.007933 
0.009227 
0.009107 
0.010916 
0.011470 
0.010500 
0.013802 
0.014211 
0.016028 
0.017004 
0.016884 
0.014641 
0.018833 
0.017609 
0.019078 
0.015541 
0.015429 
0.015608 
0.018690 
0.015816 
0.017741 
0.019040 
0.018237 
0.021662 
0.021850 
0.021509 
0.022890 
0.024399 
0.021201 
0.022559 
0.022521 
0.021278 
0.017234 
0.027421 
0.026254 
0.022932 
0.023652 
0.028304 
0.023073 
0.024210 
0.029700 
0.022731 
0.025981 
0.023344 
0.028855 
0.031535 
0.024570 
0.030044 
0.028324 
0.028781 
0.032860 
0.025715 
0.029826 
0.037033 
0.030902 
0.035099 
0.030890 
0.043121 
0.040627 
0.035113 
0.043736 
0.041991 
0.048127 
0.043931 
0.053239 
0.063385 
0.053470 
0.064082 
0.069096 
0.074937 
0.078390 
0.071003 
0.087945 
0.085892 
0.083116 
0.093082 
0.057325 
0.062430 
0.069342 
0.077212 
0.061549 
0.082636 
0.087063 
0.075185 
0.094334 
0.088343 
0.086588 
0.101331 
0.088789 
0.094391 
0.075686 
0.089105 
0.093890 
0.091453 
0.116217 
0.097293 
0.128215 
0.139360 
0.122367 
0.132554 
0.168727 
0.189828 
0.171095 
0.183718 
0.174570 
0.229835 
0.237745 
0.269866 
0.304566 
0.247846 
0.224673 
0.221801 
0.204267 
0.172093 
0.192693 
0.235180 
0.176959 
0.195856 
0.202367 
0.198083 
0.226839 
0.199357 
0.184305 
0.190024 
0.199403 
0.192408 
0.180390 
0.181102 
0.175075 
0.171870 
0.158206 
0.172142 
0.167148 
0.238408 
0.197023 
0.215263 
0.252728 
0.207054 
0.205191 
0.294526 
0.249989 
0.281771 
0.264328 
0.255557 
0.168699 
0.223291 
0.220335 
0.190295 
0.180649 
0.219673 
0.219829 
0.218832 
0.225933 
0.256157 
0.239355 
0.260783 
0.310313 
0.346227 
0.326618 
0.325652 
0.231925 
0.249908 
0.253639 
0.336021 
0.352444 
0.279679 
0.284014 
0.275241 
0.334802 
0.321167 
0.396589 
0.405308 
0.464277 
0.358527 
0.384010 
0.370064 
0.359484 
0.402465 
0.397062 
0.425150 
0.504940 
0.466491 
0.432484 
0.441525 
0.371055 
0.437834 
0.365959 
0.389852 
0.403704 
0.460484 
0.455041 
0.445192 
0.461817 
0.486467 
0.550477 
0.454693 
0.464064 
0.427501 
0.343080 
0.309130 
0.275568 
0.239628 
0.165731 
0.152925 
0.154931 
0.244696 
0.236730 
0.360390 
0.373563 
0.430866 
0.435895 
0.438666 
0.370370 
0.479136 
0.459072 
0.455510 
0.395310 
0.433912 
0.423189 
0.404029 
0.400257 
0.407818 
0.457834 
0.392103 
0.407979 
0.562407 
0.485042 
0.466228 
0.417718 
0.519615 
0.321948 
0.472583 
0.470840 
0.495610 
0.436568 
0.372646 
0.419644 
0.396014 
0.317868 
0.377948 
0.409229 
0.515246 
0.544180 
0.350658 
0.455746 
0.334132 
0.366542 
0.307033 
0.282191 
0.176290 
0.184905 
0.110720 
0.088770 
0.070038 
0.099586 
0.148617 
0.200967 
0.220006 
0.373488 
0.325494 
0.413064 
0.469586 
0.500835 
0.568834 
0.499691 
0.490478 
0.487492 
0.444615 
0.602540 
0.517699 
0.596194 
0.604883 
0.583894 
0.532330 
0.533457 
0.581682 
0.556169 
0.474478 
0.599465 
0.535986 
0.454199 
0.625837 
0.550073 
0.522164 
0.603712 
0.544282 
0.539484 
0.630680 
0.586771 
0.611373 
0.567764 
0.594395 
0.563680 
0.618303 
0.527386 
0.623414 
0.554244 
0.575251 
0.516074 
0.620133 
0.554778 
0.602399 
0.537394 
0.491323 
0.570673 
0.537022 
0.604416 
0.532307 
0.708324 
0.497051 
0.618386 
0.496788 
0.627186 
0.661659 
0.568122 
0.587424 
0.705580 
0.573690 
0.626538 
0.658240 
0.732338 
0.542355 
0.630163 
0.492117 
0.700435 
0.631003 
0.579599 
0.521955 
0.655547 
0.563914 
0.573304 
0.498636 
0.371562 
0.391110 
0.381331 
0.452144 
0.474356 
0.421158 
0.463230 
0.544379 
0.577659 
0.665658 
0.718205 
0.690770 
0.660612 
0.660644 
0.696163 
0.612157 
0.707547 
0.553384 
0.506227 
0.531652 
0.492579 
0.399665 
0.399884 
0.341092 
0.357046 
0.323584 
0.340829 
0.378227 
0.506777 
0.532695 
0.629635 
0.633112 
0.739835 
0.725719 
0.786714 
0.686092 
0.595333 
0.581200 
0.583735 
0.457407 
0.417377 
0.414849 
0.428988 
0.527194 
0.552682 
0.714057 
0.672191 
0.684859 
0.663896 
0.774965 
0.809750 
0.732057 
0.508107 
0.568697 
0.638437 
0.645532 
0.679013 
0.702188 
0.615471 
0.627810 
0.777861 
0.857677 
0.718102 
0.688598 
0.700085 
0.473125 
0.566529 
0.441600 
0.339130 
0.271999 
0.151513 
0.161552 
0.158423 
0.108447 
0.154766 
0.113821 
0.140187 
0.210410 
0.322032 
0.320248 
0.430608 
0.547686 
0.635460 
0.612403 
0.793037 
0.584079 
0.724235 
0.701286 
0.706358 
0.697411 
0.747324 
0.597241 
0.560118 
0.735499 
0.774078 
0.703532 
0.837645 
0.797699 
0.740647 
0.763415 
0.688440 
0.688003 
0.759491 
0.736597 
0.721821 
0.688077 
0.685512 
0.683220 
0.509082 
0.351528 
0.244170 
0.194389 
0.190037 
0.228316 
0.216808 
0.244749 
0.335263 
0.358496 
0.438572 
0.462723 
0.436212 
0.438849 
0.480994 
0.346415 
0.383697 
0.312610 
0.206178 
0.287665 
0.327824 
0.360357 
0.439733 
0.497949 
0.559697 
0.501489 
0.594385 
0.468339 
0.607304 
0.501759 
0.536830 
0.410699 
0.357534 
0.261859 
0.272842 
0.272227 
0.250749 
0.292691 
0.292453 
0.307714 
0.306110 
0.244383 
0.307075 
0.296071 
0.269660 
0.267607 
0.353058 
0.368356 
0.387038 
0.376218 
0.411011 
0.522242 
0.508625 
0.433869 
0.581234 
0.591661 
0.579986 
0.688685 
0.696296 
0.750744 
0.728180 
0.794530 
0.547007 
0.614112 
0.574245 
0.482047 
0.410417 
0.285387 
0.241287 
0.235609 
0.220990 
0.192556 
0.188091 
0.207420 
0.205857 
0.251394 
0.348089 
0.374203 
0.481108 
0.511761 
0.677894 
0.763533 
0.623724 
0.715327 
0.743621 
0.728006 
0.912736 
0.809575 
0.770435 
0.744587 
0.673679 
0.730975 
0.709271 
0.743226 
0.627418 
0.739895 
0.730035 
0.596994 
0.749290 
0.749435 
0.586161 
0.700970 
0.555651 
0.643523 
0.783408 
0.795026 
0.705299 
0.794050 
0.711947 
0.893216 
0.722705 
0.723840 
0.768415 
0.696760 
0.732856 
0.774715 
0.756309 
0.818034 
0.640144 
0.614530 
0.579809 
0.581568 
0.486215 
0.613343 
0.495992 
0.641533 
0.582486 
0.702966 
0.680262 
0.615889 
0.758377 
0.724703 
0.643222 
0.762562 
0.676082 
0.730631 
0.559743 
0.778170 
0.683900 
0.743224 
0.719828 
0.671906 
0.603941 
0.527067 
0.757803 
0.619559 
0.576800 
0.563200 
0.499801 
0.489080 
0.445018 
0.499505 
0.417039 
0.394672 
0.433516 
0.451236 
0.573851 
0.591455 
0.614697 
0.760144 
0.768597 
0.638515 
0.513848 
0.567726 
0.747072 
0.543755 
0.644688 
0.560116 
0.483472 
0.591024 
0.604599 
0.668305 
0.677088 
0.659660 
0.653800 
0.699848 
0.599429 
0.560807 
0.527871 
0.450724 
0.513272 
0.494265 
0.546519 
0.454459 
0.507755 
0.478931 
0.416487 
0.455786 
0.451031 
0.482593 
0.498009 
0.515909 
0.443563 
0.532986 
0.566324 
0.596217 
0.459209 
0.524816 
0.495851 
0.541241 
0.420825 
0.305907 
0.237275 
0.238343 
0.158253 
0.175350 
0.153824 
0.177973 
0.184740 
0.184699 
0.138414 
0.160099 
0.142267 
0.156703 
0.169923 
0.139416 
0.147155 
0.169886 
0.214289 
0.194859 
0.238765 
0.253277 
0.328614 
0.355463 
0.334234 
0.420491 
0.542642 
0.471681 
0.512484 
0.470121 
0.444989 
0.581865 
0.464080 
0.359733 
0.396480 
0.324207 
0.372587 
0.320864 
0.295162 
0.292013 
0.293631 
0.321971 
0.280853 
0.297824 
0.313713 
0.284197 
0.273291 
0.351119 
0.294873 
0.383564 
0.385078 
0.506986 
0.545100 
0.573698 
0.508632 
0.509110 
0.479382 
0.536046 
0.479509 
0.481201 
0.406391 
0.399684 
0.310279 
0.319285 
0.310344 
0.344582 
0.271671 
0.276410 
0.300309 
0.272166 
0.293149 
0.297887 
0.344202 
0.308252 
0.307170 
0.314341 
0.388277 
0.332404 
0.369852 
0.350882 
0.381914 
0.464729 
0.363137 
0.347241 
0.428673 
0.373596 
0.281274 
0.280350 
0.214075 
0.252739 
0.296217 
0.294106 
0.313679 
0.327606 
0.368296 
0.275226 
0.215260 
0.198434 
0.182958 
0.158133 
0.175801 
0.229458 
0.231634 
0.254094 
0.234161 
0.226740 
0.241190 
0.164737 
0.196932 
0.168889 
0.175529 
0.210412 
0.186395 
0.189693 
0.203936 
0.148709 
0.139066 
0.147861 
0.165361 
0.163148 
0.143743 
0.121959 
0.136310 
0.105590 
0.100841 
0.108052 
0.113470 
0.089367 
0.082729 
0.083014 
0.094890 
0.068713 
0.071788 
0.070820 
0.079758 
0.068025 
0.057874 
0.066532 
0.067653 
0.065479 
0.072035 
0.061833 
0.069434 
0.062154 
0.069848 
0.065855 
0.064056 
0.076047 
0.060108 
0.080067 
0.076172 
0.093922 
0.073208 
0.098568 
0.079890 
0.072098 
0.084956 
0.098965 
0.077602 
0.100387 
0.104213 
0.112319 
0.109153 
0.104946 
0.127471 
0.112040 
0.128272 
0.095162 
0.119734 
0.117851 
0.107294 
0.113396 
0.095869 
0.102945 
0.107429 
0.107574 
0.127426 
0.114334 
0.129178 
0.156626 
0.123202 
0.150457 
0.180514 
0.151035 
0.176533 
0.166649 
0.232318 
0.279200 
0.232051 
0.309743 
0.235036 
0.243075 
0.224997 
0.241488 
0.205491 
0.191660 
0.138585 
0.136946 
0.105516 
0.117338 
0.107270 
0.121308 
0.114088 
0.104354 
0.117747 
0.100364 
0.060785 
0.068019 
0.070299 
0.057875 
0.055319 
0.052264 
0.056075 
0.051264 
0.046223 
0.049793 
0.046928 
0.044278 
0.043133 
0.044496 
0.046118 
0.050639 
0.043351 
0.049206 
0.051302 
0.045839 
0.050428 
0.046626 
0.044105 
0.040419 
0.048495 
0.049200 
0.047258 
0.052245 
0.056579 
0.049271 
0.049079 
0.045016 
0.049177 
0.060533 
0.045659 
0.043540 
0.055672 
0.055076 
0.037897 
0.043870 
0.037533 
0.034505 
0.033265 
0.027597 
0.027165 
0.029189 
0.030612 
0.024792 
0.023378 
0.024956 
0.019651 
0.024161 
0.024157 
0.019569 
0.018832 
0.020567 
0.020672 
0.022234 
0.019045 
0.021569 
0.024544 
0.015001 
0.016872 
0.016859 
0.015893 
0.012709 
0.009740 
0.012105 
0.012275 
0.011017 
0.009127 
0.009223 
0.008393 
0.007966 
0.007258 
0.006958 
0.007010 
0.005334 
0.005258 
0.005401 
0.005692 
0.004693 
0.004705 
0.004468 
0.004137 
0.005074 
0.003897 
0.005111 
0.004679 
0.005149 
0.004826 
0.005013 
0.005186 
0.005115 
0.004530 
0.004726 
0.005241 
0.004862 
0.005011 
0.003340 
0.003204 
0.002670 
0.002243 
0.002201 
0.002083 
0.001611 
0.001927 
0.001727 
0.001469 
0.001942 
0.002067 
0.001694 
0.001650 
0.001926 
0.001651 
0.001557 
0.001267 
0.001816 
0.001689 
0.001483 
0.001254 
0.001031 
0.001167 
0.000958 
0.000895 
0.000775 
0.000671 
0.000546 
0.000424 
0.000317 
0.000171 
0.000099 
0.000056 
0.000033 
0.000024 
0.000010 
0.000002 
0.000000 
0.000000 
0.000000 
0.000000 
0.000000 
0.000000 
0.000000 
0.000000 
0.000000 
0.000000 
0.000000 
0.000000 
0.000000 
0.000000 
0.000000 
0.000000 
0.000000 
0.000000 
0.000000 
0.000000 
0.000000 
0.000000 
0.000000 
0.000000 
0.000000 
0.000000 
0.000000 
0.000000 
0.000000 
0.000000 
0.000000 
0.000000 
0.000000 
0.000000 
0.000000 
0.000000 
0.000000 
0.000000 
0.000000 
0.000000 
0.000000 
0.000000 
0.000000 
0.000000 
0.000000 
0.000000 
0.000000 
0.000000 
0.000000 
0.000000 
0.000000 
0.000000 
0.000000 
0.000000 
0.000000 
0.000000 
0.000000 
0.000000 
0.000000 
0.000000 
0.000000 
0.000000 
0.000000 
0.000000 
0.000000 
0.000000 
0.000000 
0.000000 
0.000000 
0.000000 
0.000000 
0.000000 
0.000000 
0.000000 
0.000000 
0.000000 
0.000000 
0.000000 
0.000000 
0.000000 
0.000000 
0.000000 
0.000000 
0.000000 
0.000000 
0.000000 
0.000000 
0.000000 
0.000000 
0.000000 
0.000000 
0.000000 
0.000000 
0.000000 
0.000000 
0.000000 
0.000000 
0.000000 
0.000000 
0.000000 
0.000000 
0.000000 
0.000000 
0.000000 
0.000000 
0.000000 
0.000000 
0.000000 
0.000000 
0.000000 
0.000000 
0.000000 
0.000000 
0.000000 
0.000000 
0.000000 
0.000000 
0.000000 
0.000000 
0.000000 
0.000000 
0.000000 
0.000000 
0.000000 
0.000000 
0.000000 
0.000000 
0.000000 
0.000000 
0.000000 
0.000000 
0.000000 
0.000000 
0.000000 
0.000000 
0.000000 
0.000000 
0.000000 
0.000000 
0.000000 
0.000000 
0.000000 
0.000000 
0.000000 
0.000000 
0.000000 
0.000000 
0.000000 
0.000000 
0.000000 
0.000000 
0.000000 
0.000000 
0.000000 
0.000000 
0.000000 
0.000000 
0.000000 
0.000000 
0.000000 
0.000000 
0.000000 
0.000000 
0.000000 
0.000000 
0.000000 
0.000000 
0.000000 
0.000000 
0.000000 
0.000000 
0.000000 
0.000000 
0.000000 
0.000000 
0.000000 
0.000000 
0.000000 
0.000000 
0.000000 
0.000000 
0.000000 
0.000000 
0.000000 
0.000000 
0.000000 
0.000000 
0.000000 
0.000000 
0.000000 
0.000000 
