0.000000 
0.000000 
0.000000 
0.000000 
0.000000 
0.000000 
0.000000 
0.000000 
0.000000 
0.000000 
0.000000 
0.000000 
0.000000 
0.000000 
0.000000 
0.000000 
0.000000 
0.000000 
0.000000 
0.000000 
0.000000 
0.000000 
0.000000 
0.000000 
0.000000 
0.000000 
0.000000 
0.000000 
0.000000 
0.000000 
0.000000 
0.000000 
0.000000 
0.000000 
0.000000 
0.000000 
0.000000 
0.000000 
0.000000 
0.000000 
0.000000 
0.000000 
0.000000 
0.000000 
0.000000 
0.000000 
0.000000 
0.000000 
0.000000 
0.000000 
0.000000 
0.000000 
0.000000 
0.000000 
0.000000 
0.000000 
0.000000 
0.000000 
0.000000 
0.000000 
0.000000 
0.000000 
0.000000 
0.000000 
0.000000 
0.000000 
0.000000 
0.000000 
0.000000 
0.000000 
0.000000 
0.000000 
0.000000 
0.000000 
0.000000 
0.000000 
0.000000 
0.000000 
0.000000 
0.000000 
0.000000 
0.000000 
0.000000 
0.000000 
0.000000 
0.000000 
0.000000 
0.000000 
0.000000 
0.000000 
0.000000 
0.000000 
0.000000 
0.000000 
0.000000 
0.000000 
0.000000 
0.000000 
0.000000 
0.000000 
0.000000 
0.000000 
0.000000 
0.000000 
0.000000 
0.000000 
0.000000 
0.000000 
0.000000 
0.000000 
0.000000 
0.000000 
0.000000 
0.000000 
0.000000 
0.000000 
0.000000 
0.000000 
0.000000 
0.000000 
0.000000 
0.000000 
0.000000 
0.000000 
0.000000 
0.000000 
0.000000 
0.000000 
0.000000 
0.000000 
0.000000 
0.000000 
0.000000 
0.000000 
0.000000 
0.000000 
0.000000 
0.000000 
0.000000 
0.000000 
0.000000 
0.000000 
0.000000 
0.000000 
0.000000 
0.000000 
0.000000 
0.000000 
0.000000 
0.000000 
0.000000 
0.000000 
0.000000 
0.000000 
0.000000 
0.000000 
0.000000 
0.000000 
0.000000 
0.000000 
0.000000 
0.000000 
0.000000 
0.000000 
0.000000 
0.000000 
0.000000 
0.000000 
0.000000 
0.000000 
0.000000 
0.000000 
0.000000 
0.000000 
0.000000 
0.000000 
0.000000 
0.000000 
0.000000 
0.000000 
0.000000 
0.000000 
0.000000 
0.000000 
0.000000 
0.000000 
0.000000 
0.000000 
0.000000 
0.000000 
0.000000 
0.000000 
0.000000 
0.000000 
0.000000 
0.000000 
0.000000 
0.000000 
0.000000 
0.000000 
0.000000 
0.000000 
0.000000 
0.000000 
0.000000 
0.000000 
0.000000 
0.000000 
0.000000 
0.000000 
0.000000 
0.000000 
0.000000 
0.000000 
0.000000 
0.000000 
0.000000 
0.000000 
0.000000 
0.000000 
0.000000 
0.000000 
0.000000 
0.000000 
0.000000 
0.000026 
0.000085 
0.000200 
0.000308 
0.000412 
0.000495 
0.000865 
0.001293 
0.001354 
0.001879 
0.002497 
0.002747 
0.002809 
0.004093 
0.004871 
0.007161 
0.006640 
0.008089 
0.010177 
0.011472 
0.010100 
0.014583 
0.014605 
0.013849 
0.013979 
0.013242 
0.014834 
0.013246 
0.014013 
0.015279 
0.013249 
0.014742 
0.015702 
0.014889 
0.013807 
0.014447 
0.014772 
0.012762 
0.014903 
0.014761 
0.014767 
0.013968 
0.016269 
0.021221 
0.017956 
0.019556 
0.020564 
0.025705 
0.025409 
0.030356 
0.025236 
0.030710 
0.026445 
0.030700 
0.028624 
0.039147 
0.030337 
0.035285 
0.031696 
0.033024 
0.033362 
0.036882 
0.034649 
0.027094 
0.029969 
0.032722 
0.042255 
0.044633 
0.040244 
0.038439 
0.044964 
0.030851 
0.044119 
0.041053 
0.052198 
0.034052 
0.049183 
0.053741 
0.050351 
0.049913 
0.049757 
0.046845 
0.052080 
0.054484 
0.054260 
0.051942 
0.046511 
0.045044 
0.055921 
0.053765 
0.051140 
0.058777 
0.055718 
0.063691 
0.062865 
0.063752 
0.069082 
0.069647 
0.061564 
0.061612 
0.079634 
0.083390 
0.091748 
0.081950 
0.094231 
0.087905 
0.100055 
0.122227 
0.120365 
0.097647 
0.134644 
0.137434 
0.154520 
0.164977 
0.173090 
0.168855 
0.133924 
0.130838 
0.139853 
0.122392 
0.154417 
0.141649 
0.155631 
0.152843 
0.164066 
0.146302 
0.150325 
0.155057 
0.169508 
0.186526 
0.165213 
0.175760 
0.185039 
0.162277 
0.188436 
0.206035 
0.198860 
0.262450 
0.284210 
0.302411 
0.268961 
0.312903 
0.332928 
0.300174 
0.317688 
0.368841 
0.392873 
0.436821 
0.437280 
0.539259 
0.457651 
0.445075 
0.458823 
0.351207 
0.372055 
0.279428 
0.408201 
0.393199 
0.287722 
0.299750 
0.345278 
0.378116 
0.444911 
0.501879 
0.402259 
0.448950 
0.365380 
0.372785 
0.299245 
0.365894 
0.304426 
0.328744 
0.280807 
0.355622 
0.352494 
0.431638 
0.427410 
0.454858 
0.439645 
0.451758 
0.465828 
0.444495 
0.434385 
0.465521 
0.468836 
0.401468 
0.450787 
0.393331 
0.372906 
0.362190 
0.401386 
0.383963 
0.387824 
0.363092 
0.480906 
0.488557 
0.664753 
0.479229 
0.551173 
0.710754 
0.572134 
0.645271 
0.535922 
0.595858 
0.733551 
0.566510 
0.569353 
0.511816 
0.623769 
0.630251 
0.647665 
0.624285 
0.574257 
0.766199 
0.608130 
0.666202 
0.739853 
0.776350 
0.762049 
0.776478 
0.697319 
0.841252 
0.727479 
0.995662 
0.792773 
0.952303 
0.825020 
0.605564 
0.762490 
0.853604 
0.705090 
0.750294 
0.799513 
0.906211 
0.951265 
0.868034 
0.806337 
0.847904 
0.866706 
0.641833 
0.551766 
0.491663 
0.444139 
0.301806 
0.350850 
0.310252 
0.480787 
0.725668 
0.700180 
0.704327 
0.684122 
0.907159 
0.825732 
0.851573 
0.863924 
0.831910 
0.927222 
0.924535 
0.915024 
0.921686 
0.824952 
0.922351 
0.818603 
1.009559 
0.839499 
0.842401 
0.843148 
0.858613 
0.787809 
0.666795 
0.817240 
0.686070 
0.730335 
0.941940 
0.745944 
0.844824 
0.768337 
0.740613 
0.711599 
0.870884 
0.701341 
0.793261 
0.900761 
0.936526 
0.926734 
0.915484 
0.785212 
0.654184 
0.507651 
0.380332 
0.401227 
0.246346 
0.204553 
0.151314 
0.168464 
0.190845 
0.301085 
0.382582 
0.437835 
0.649979 
0.625232 
0.838297 
0.854388 
1.097687 
1.022382 
0.980936 
1.080515 
1.134493 
1.194640 
0.971871 
0.697069 
1.130528 
0.921546 
1.089315 
1.269546 
0.974989 
0.887083 
1.103202 
0.954083 
1.066335 
1.003526 
1.142082 
1.044649 
0.967035 
1.263897 
1.032018 
0.979414 
1.049099 
1.044805 
1.245904 
1.181954 
1.209202 
1.235558 
1.157689 
1.095680 
1.007425 
1.185049 
1.055055 
0.932890 
1.235870 
1.371009 
1.203309 
1.097585 
1.178120 
1.386302 
1.194788 
1.235043 
1.030189 
1.080436 
1.222795 
1.141194 
1.057370 
1.178392 
1.194359 
1.277207 
1.299394 
1.187515 
1.202224 
1.165065 
0.997119 
1.303858 
1.052874 
1.315393 
0.968685 
1.332633 
0.891438 
1.084275 
1.355063 
1.558736 
1.495421 
1.323694 
0.984238 
0.894667 
0.739625 
0.703429 
0.628384 
0.838403 
0.811745 
0.961430 
0.933829 
0.998719 
1.248944 
1.195113 
1.487095 
1.220780 
1.642510 
1.379122 
1.181000 
1.354668 
1.191995 
0.951206 
1.262553 
1.075964 
0.834703 
0.824513 
0.836486 
0.743551 
0.603915 
0.598475 
0.494675 
0.558185 
0.788965 
1.082939 
1.241243 
1.606600 
1.530756 
1.436920 
1.195762 
1.338694 
1.199860 
1.015630 
1.007292 
1.029482 
0.889706 
0.732899 
0.878811 
1.029479 
1.211082 
1.478902 
1.335002 
1.509888 
1.273071 
1.309876 
1.206363 
1.444560 
1.292591 
1.414476 
1.134415 
1.171181 
1.248465 
1.383498 
1.419240 
1.449287 
1.425288 
1.313683 
1.366368 
1.109518 
1.326508 
1.156199 
0.811862 
0.888024 
0.701212 
0.467321 
0.327351 
0.292000 
0.243646 
0.288750 
0.240493 
0.267013 
0.221669 
0.381104 
0.489483 
0.751570 
1.048561 
1.217946 
1.147113 
1.225641 
1.177347 
1.435063 
1.538327 
1.280966 
1.580516 
1.354505 
1.437776 
1.239823 
1.341329 
1.469346 
1.545717 
1.480545 
1.660865 
1.355919 
1.444413 
1.712965 
1.372844 
1.711995 
1.395188 
1.185183 
1.467308 
1.425200 
1.251972 
1.110872 
0.845707 
0.585100 
0.482306 
0.309662 
0.450404 
0.476352 
0.501301 
0.478999 
0.628783 
0.633202 
0.824872 
0.693033 
0.718926 
0.793088 
0.707770 
0.679563 
0.603097 
0.528283 
0.563385 
0.552822 
0.475786 
0.695839 
0.758292 
1.017464 
1.031448 
1.023966 
0.921945 
0.997005 
1.122164 
0.890515 
0.994287 
0.820967 
0.600966 
0.637274 
0.496813 
0.566082 
0.613790 
0.443531 
0.570036 
0.535758 
0.615849 
0.621879 
0.523978 
0.581085 
0.397347 
0.549036 
0.557956 
0.683957 
0.759934 
0.682905 
0.692971 
0.874829 
0.840444 
0.950170 
0.965537 
1.115447 
1.034701 
1.423189 
1.357969 
1.456108 
1.158492 
1.422367 
1.290903 
1.327404 
1.023910 
0.895988 
0.812194 
0.573237 
0.442905 
0.416219 
0.330170 
0.380030 
0.393768 
0.313802 
0.395477 
0.470261 
0.522168 
0.842749 
0.826126 
0.961802 
1.426956 
1.266885 
1.302380 
1.321402 
1.712284 
1.452666 
1.460803 
1.563313 
1.223166 
1.518695 
1.586337 
1.506042 
1.247718 
1.374256 
1.416776 
1.398951 
1.171450 
1.228634 
1.380565 
1.318734 
1.577144 
1.012450 
1.330465 
1.375371 
1.428789 
1.498849 
1.463125 
1.670508 
1.628034 
1.396377 
1.389556 
1.355997 
1.397040 
1.330096 
1.315124 
1.339855 
1.263758 
1.348663 
1.228052 
1.167484 
1.082507 
0.974860 
1.018858 
0.995327 
0.916351 
1.267084 
1.089447 
1.569390 
1.416991 
1.213301 
1.236038 
1.300309 
1.252202 
1.230005 
1.572655 
1.503149 
1.308405 
1.245939 
1.306084 
1.520206 
1.520071 
1.351010 
1.302480 
1.202181 
1.430048 
1.267760 
1.194103 
1.044360 
0.803291 
0.825534 
0.983083 
0.828457 
0.791176 
0.816295 
0.799894 
1.031404 
1.251749 
1.338668 
1.268496 
1.252053 
1.397828 
1.306499 
1.289394 
1.270037 
1.212426 
1.010980 
0.925239 
1.266666 
1.262558 
1.244857 
1.215067 
0.996125 
1.359528 
1.408021 
1.225721 
1.327253 
1.067360 
1.120003 
0.804841 
0.938055 
0.950094 
0.900270 
0.799765 
0.929923 
0.978413 
0.838634 
0.862864 
0.878409 
0.798218 
0.724137 
1.019422 
0.981193 
1.053053 
0.886292 
0.941854 
1.085623 
0.856029 
0.842152 
0.867349 
1.032171 
0.725597 
0.666277 
0.448803 
0.389143 
0.405647 
0.334516 
0.265086 
0.294248 
0.316424 
0.324007 
0.304216 
0.280191 
0.301247 
0.274635 
0.270423 
0.274240 
0.337696 
0.336917 
0.336097 
0.417111 
0.350118 
0.434728 
0.599581 
0.597299 
0.669217 
0.947047 
0.731443 
0.973062 
1.058658 
0.809855 
0.992604 
0.932411 
0.754775 
0.746842 
0.701511 
0.635232 
0.746822 
0.556636 
0.584697 
0.537514 
0.641084 
0.549309 
0.593205 
0.527066 
0.551399 
0.524652 
0.629933 
0.726286 
0.528360 
0.766713 
0.886794 
0.903187 
0.881079 
0.927146 
1.166144 
0.938149 
0.980454 
1.092640 
1.040893 
0.824300 
0.753215 
0.549353 
0.717683 
0.550132 
0.636663 
0.507299 
0.630681 
0.622344 
0.566208 
0.569841 
0.621041 
0.750310 
0.476945 
0.579015 
0.601381 
0.690471 
0.754219 
0.643599 
0.750958 
0.774785 
0.712081 
0.653138 
0.678885 
0.657382 
0.783685 
0.644472 
0.673859 
0.530274 
0.383531 
0.412942 
0.553368 
0.597060 
0.612730 
0.574574 
0.591264 
0.663917 
0.427600 
0.372347 
0.391185 
0.325816 
0.377612 
0.373700 
0.406266 
0.418042 
0.439261 
0.369446 
0.401487 
0.399418 
0.389481 
0.431184 
0.414321 
0.394621 
0.378639 
0.435172 
0.336885 
0.276510 
0.319845 
0.251479 
0.317274 
0.263145 
0.275309 
0.261719 
0.236460 
0.189850 
0.213139 
0.163701 
0.206722 
0.174872 
0.155957 
0.157780 
0.130255 
0.150661 
0.131449 
0.128695 
0.136190 
0.113814 
0.138066 
0.116173 
0.146077 
0.128634 
0.102249 
0.136510 
0.109762 
0.128977 
0.120673 
0.142522 
0.151777 
0.122563 
0.160102 
0.156884 
0.137189 
0.146474 
0.152036 
0.150193 
0.145048 
0.179139 
0.215958 
0.213314 
0.191956 
0.242803 
0.218023 
0.197849 
0.215033 
0.213830 
0.219171 
0.177358 
0.203981 
0.245194 
0.211572 
0.249260 
0.213129 
0.235376 
0.206029 
0.221866 
0.233908 
0.212293 
0.237338 
0.232072 
0.251308 
0.268937 
0.292771 
0.322673 
0.270313 
0.234589 
0.378323 
0.393850 
0.402130 
0.452071 
0.518932 
0.493184 
0.518721 
0.445213 
0.505886 
0.442516 
0.350428 
0.293893 
0.294917 
0.254531 
0.199809 
0.251102 
0.211253 
0.219361 
0.204611 
0.204637 
0.209442 
0.168687 
0.170181 
0.127806 
0.141651 
0.112183 
0.097770 
0.091406 
0.115030 
0.105039 
0.113660 
0.086587 
0.071193 
0.096780 
0.085529 
0.084674 
0.088999 
0.095032 
0.100228 
0.096181 
0.093687 
0.100042 
0.097251 
0.091571 
0.084470 
0.079492 
0.101736 
0.086754 
0.076783 
0.086151 
0.084883 
0.085315 
0.103537 
0.099005 
0.104217 
0.094491 
0.114011 
0.087577 
0.098445 
0.081863 
0.093996 
0.091376 
0.077307 
0.071478 
0.072872 
0.060572 
0.058851 
0.053399 
0.045426 
0.050279 
0.047550 
0.043748 
0.049819 
0.050024 
0.042575 
0.043771 
0.044798 
0.050266 
0.035453 
0.039045 
0.039063 
0.030683 
0.034139 
0.032790 
0.024745 
0.028709 
0.030430 
0.023609 
0.026207 
0.021960 
0.022953 
0.021769 
0.020433 
0.017464 
0.016302 
0.012914 
0.015849 
0.013079 
0.012049 
0.011046 
0.007955 
0.009445 
0.007031 
0.009020 
0.009406 
0.010560 
0.008168 
0.008304 
0.010114 
0.007493 
0.008339 
0.008977 
0.008644 
0.008477 
0.008518 
0.010664 
0.009599 
0.010194 
0.009093 
0.008361 
0.009401 
0.006729 
0.006517 
0.004762 
0.004351 
0.004419 
0.003563 
0.003962 
0.003843 
0.003746 
0.002846 
0.003802 
0.003178 
0.003549 
0.003505 
0.002893 
0.002911 
0.003360 
0.003345 
0.003248 
0.002984 
0.003004 
0.002424 
0.002514 
0.002409 
0.001731 
0.001695 
0.001620 
0.001438 
0.001105 
0.000929 
0.000620 
0.000368 
0.000230 
0.000128 
0.000074 
0.000045 
0.000020 
0.000005 
0.000000 
0.000000 
0.000000 
0.000000 
0.000000 
0.000000 
0.000000 
0.000000 
0.000000 
0.000000 
0.000000 
0.000000 
0.000000 
0.000000 
0.000000 
0.000000 
0.000000 
0.000000 
0.000000 
0.000000 
0.000000 
0.000000 
0.000000 
0.000000 
0.000000 
0.000000 
0.000000 
0.000000 
0.000000 
0.000000 
0.000000 
0.000000 
0.000000 
0.000000 
0.000000 
0.000000 
0.000000 
0.000000 
0.000000 
0.000000 
0.000000 
0.000000 
0.000000 
0.000000 
0.000000 
0.000000 
0.000000 
0.000000 
0.000000 
0.000000 
0.000000 
0.000000 
0.000000 
0.000000 
0.000000 
0.000000 
0.000000 
0.000000 
0.000000 
0.000000 
0.000000 
0.000000 
0.000000 
0.000000 
0.000000 
0.000000 
0.000000 
0.000000 
0.000000 
0.000000 
0.000000 
0.000000 
0.000000 
0.000000 
0.000000 
0.000000 
0.000000 
0.000000 
0.000000 
0.000000 
0.000000 
0.000000 
0.000000 
0.000000 
0.000000 
0.000000 
0.000000 
0.000000 
0.000000 
0.000000 
0.000000 
0.000000 
0.000000 
0.000000 
0.000000 
0.000000 
0.000000 
0.000000 
0.000000 
0.000000 
0.000000 
0.000000 
0.000000 
0.000000 
0.000000 
0.000000 
0.000000 
0.000000 
0.000000 
0.000000 
0.000000 
0.000000 
0.000000 
0.000000 
0.000000 
0.000000 
0.000000 
0.000000 
0.000000 
0.000000 
0.000000 
0.000000 
0.000000 
0.000000 
0.000000 
0.000000 
0.000000 
0.000000 
0.000000 
0.000000 
0.000000 
0.000000 
0.000000 
0.000000 
0.000000 
0.000000 
0.000000 
0.000000 
0.000000 
0.000000 
0.000000 
0.000000 
0.000000 
0.000000 
0.000000 
0.000000 
0.000000 
0.000000 
0.000000 
0.000000 
0.000000 
0.000000 
0.000000 
0.000000 
0.000000 
0.000000 
0.000000 
0.000000 
0.000000 
0.000000 
0.000000 
0.000000 
0.000000 
0.000000 
0.000000 
0.000000 
0.000000 
0.000000 
0.000000 
0.000000 
0.000000 
0.000000 
0.000000 
0.000000 
0.000000 
0.000000 
0.000000 
0.000000 
0.000000 
0.000000 
0.000000 
0.000000 
0.000000 
0.000000 
0.000000 
0.000000 
0.000000 
0.000000 
0.000000 
0.000000 
0.000000 
