0.000000 
0.000000 
0.000000 
0.000000 
0.000000 
0.000000 
0.000000 
0.000000 
0.000000 
0.000000 
0.000000 
0.000000 
0.000000 
0.000000 
0.000000 
0.000000 
0.000000 
0.000000 
0.000000 
0.000000 
0.000000 
0.000000 
0.000000 
0.000000 
0.000000 
0.000000 
0.000000 
0.000000 
0.000000 
0.000000 
0.000000 
0.000000 
0.000000 
0.000000 
0.000000 
0.000000 
0.000000 
0.000000 
0.000000 
0.000000 
0.000000 
0.000000 
0.000000 
0.000000 
0.000000 
0.000000 
0.000000 
0.000000 
0.000000 
0.000000 
0.000000 
0.000000 
0.000000 
0.000000 
0.000000 
0.000000 
0.000000 
0.000000 
0.000000 
0.000000 
0.000000 
0.000000 
0.000000 
0.000000 
0.000000 
0.000000 
0.000000 
0.000000 
0.000000 
0.000000 
0.000000 
0.000000 
0.000000 
0.000000 
0.000000 
0.000000 
0.000000 
0.000000 
0.000000 
0.000000 
0.000000 
0.000000 
0.000000 
0.000000 
0.000000 
0.000000 
0.000000 
0.000000 
0.000000 
0.000000 
0.000000 
0.000000 
0.000000 
0.000000 
0.000000 
0.000000 
0.000000 
0.000000 
0.000000 
0.000000 
0.000000 
0.000000 
0.000000 
0.000000 
0.000000 
0.000000 
0.000000 
0.000000 
0.000000 
0.000000 
0.000000 
0.000000 
0.000000 
0.000000 
0.000000 
0.000000 
0.000000 
0.000000 
0.000000 
0.000000 
0.000000 
0.000000 
0.000000 
0.000000 
0.000000 
0.000000 
0.000000 
0.000000 
0.000000 
0.000000 
0.000000 
0.000000 
0.000000 
0.000000 
0.000000 
0.000000 
0.000000 
0.000000 
0.000000 
0.000000 
0.000000 
0.000000 
0.000000 
0.000000 
0.000000 
0.000000 
0.000000 
0.000000 
0.000000 
0.000000 
0.000000 
0.000000 
0.000000 
0.000000 
0.000000 
0.000000 
0.000000 
0.000000 
0.000000 
0.000000 
0.000000 
0.000000 
0.000000 
0.000000 
0.000000 
0.000000 
0.000000 
0.000000 
0.000000 
0.000000 
0.000000 
0.000000 
0.000000 
0.000000 
0.000000 
0.000000 
0.000000 
0.000000 
0.000000 
0.000000 
0.000000 
0.000000 
0.000000 
0.000000 
0.000000 
0.000000 
0.000000 
0.000000 
0.000000 
0.000000 
0.000000 
0.000000 
0.000000 
0.000000 
0.000000 
0.000000 
0.000000 
0.000000 
0.000000 
0.000000 
0.000000 
0.000000 
0.000000 
0.000000 
0.000000 
0.000000 
0.000000 
0.000000 
0.000000 
0.000000 
0.000000 
0.000000 
0.000000 
0.000000 
0.000000 
0.000000 
0.000000 
0.000000 
0.000000 
0.000000 
0.000000 
0.000000 
0.000000 
0.000000 
0.000000 
0.000030 
0.000111 
0.000305 
0.000452 
0.000581 
0.000737 
0.000989 
0.001603 
0.001851 
0.002480 
0.002860 
0.003626 
0.003837 
0.005011 
0.006052 
0.007709 
0.009049 
0.010282 
0.013958 
0.013112 
0.013396 
0.017165 
0.017191 
0.017926 
0.018975 
0.020795 
0.018620 
0.018139 
0.020500 
0.022186 
0.018197 
0.020905 
0.020820 
0.018253 
0.021394 
0.021144 
0.019776 
0.024363 
0.020940 
0.020455 
0.023313 
0.018550 
0.025902 
0.024281 
0.023662 
0.026389 
0.028951 
0.035567 
0.038541 
0.035563 
0.041189 
0.042260 
0.045556 
0.042016 
0.037217 
0.040883 
0.047740 
0.042978 
0.039891 
0.044433 
0.044696 
0.044667 
0.049513 
0.048863 
0.045760 
0.047639 
0.045082 
0.054800 
0.055961 
0.055375 
0.055721 
0.067948 
0.055549 
0.056322 
0.066035 
0.064549 
0.057506 
0.069142 
0.053352 
0.071271 
0.063182 
0.064268 
0.085059 
0.071036 
0.062471 
0.077620 
0.075352 
0.070782 
0.081083 
0.069625 
0.078925 
0.072742 
0.073210 
0.075602 
0.075668 
0.088863 
0.075957 
0.090978 
0.110477 
0.098494 
0.096643 
0.099016 
0.093983 
0.106214 
0.126462 
0.150563 
0.167660 
0.151143 
0.198823 
0.159053 
0.187818 
0.162039 
0.210209 
0.189683 
0.200319 
0.213176 
0.234100 
0.183102 
0.204657 
0.181110 
0.166143 
0.163343 
0.230747 
0.188229 
0.244522 
0.218261 
0.187528 
0.226859 
0.237679 
0.234857 
0.229219 
0.220907 
0.197738 
0.250246 
0.270828 
0.238505 
0.331500 
0.357631 
0.358808 
0.343317 
0.443848 
0.497111 
0.433389 
0.510573 
0.370550 
0.479172 
0.551793 
0.459516 
0.671432 
0.568678 
0.723283 
0.639331 
0.518479 
0.611728 
0.537446 
0.510843 
0.529633 
0.500022 
0.517906 
0.527494 
0.559898 
0.532901 
0.582618 
0.625992 
0.558066 
0.526937 
0.466685 
0.461500 
0.464175 
0.494103 
0.453228 
0.481229 
0.417373 
0.528088 
0.380057 
0.539274 
0.486944 
0.655767 
0.549807 
0.556578 
0.569951 
0.531634 
0.480542 
0.723157 
0.597698 
0.571723 
0.544149 
0.531981 
0.395655 
0.554470 
0.526642 
0.619357 
0.492248 
0.664593 
0.669208 
0.675681 
0.714105 
0.703215 
0.835832 
0.869842 
0.848713 
0.743646 
0.783921 
0.736696 
0.838965 
0.739689 
0.793884 
0.980287 
0.735073 
0.759399 
0.882543 
0.934013 
0.913793 
0.734881 
1.034654 
0.960809 
0.985044 
0.960176 
1.100076 
0.990984 
0.980836 
0.925259 
1.194138 
1.087602 
1.161421 
0.997556 
1.030176 
1.083733 
1.065036 
0.986787 
1.324172 
1.135196 
1.098856 
1.054963 
1.216033 
0.881941 
1.318689 
0.994514 
0.894837 
0.998252 
0.821307 
0.653210 
0.510385 
0.468604 
0.366740 
0.432709 
0.646959 
0.771864 
0.834075 
0.952971 
0.810391 
0.863790 
1.098944 
1.017153 
1.052331 
1.104095 
1.112073 
1.135862 
1.084623 
1.044366 
1.336979 
1.274127 
1.073325 
1.273199 
1.052081 
1.102417 
1.288865 
1.004687 
1.282243 
1.235352 
1.264829 
1.124343 
1.440690 
1.239789 
1.348925 
1.290417 
0.949934 
0.885235 
0.870670 
0.910576 
1.131104 
1.199333 
1.130512 
1.392096 
1.263070 
1.319873 
0.994717 
0.933432 
0.718898 
0.630410 
0.499809 
0.342447 
0.299529 
0.229524 
0.228500 
0.251513 
0.468130 
0.598849 
0.722081 
0.805424 
0.911436 
1.196470 
1.344122 
1.380951 
1.207881 
1.493142 
1.305664 
1.402821 
1.486891 
1.299972 
1.309856 
1.423773 
1.335827 
1.312729 
1.550529 
1.095399 
1.568849 
1.758592 
1.313609 
1.661307 
1.478434 
1.452153 
1.490843 
1.553157 
1.415467 
1.410950 
1.264559 
1.240613 
1.599759 
1.671164 
1.559733 
1.328032 
1.450553 
1.381810 
1.224430 
1.415925 
1.592117 
1.359072 
1.727283 
1.250236 
1.595588 
1.465828 
1.494641 
1.594351 
1.146843 
1.549252 
1.394544 
1.477458 
1.340391 
1.471872 
1.517898 
1.541854 
1.764204 
1.593982 
1.817631 
1.852994 
1.776464 
1.880369 
1.801163 
1.371021 
1.606477 
1.722663 
2.095851 
1.554864 
1.528775 
1.630854 
1.341646 
1.451262 
1.745731 
1.734338 
1.718440 
1.475843 
1.329857 
0.995242 
0.911605 
0.934626 
1.031158 
1.147545 
1.127028 
1.217596 
1.590929 
1.522834 
1.750110 
1.830962 
1.880642 
1.980337 
1.486247 
1.621492 
1.934231 
1.247848 
1.696097 
1.490469 
1.269166 
1.267769 
1.263616 
0.900097 
1.018047 
0.994057 
0.741361 
0.672404 
0.908755 
0.929581 
1.517224 
1.382835 
1.828324 
1.802718 
1.809023 
1.748235 
1.754037 
1.459212 
1.451182 
1.754787 
1.338791 
1.061618 
1.035512 
1.126650 
1.270288 
1.547340 
1.465405 
1.820477 
2.128923 
1.756754 
1.836892 
1.835695 
1.913473 
1.993046 
1.650392 
1.798194 
1.862891 
1.690230 
1.626411 
1.341655 
1.650704 
2.111567 
1.588642 
1.796565 
1.689083 
1.828612 
1.608840 
1.208044 
1.328537 
0.864360 
0.585951 
0.482291 
0.342694 
0.330067 
0.431158 
0.331217 
0.416725 
0.437771 
0.410978 
0.637286 
1.053484 
1.213258 
1.820134 
1.207121 
1.751500 
1.963916 
1.762723 
1.963364 
1.787875 
1.869748 
2.070266 
1.823777 
1.924803 
2.089500 
2.244711 
2.008507 
2.051753 
1.773602 
2.186184 
2.011441 
1.713053 
1.950755 
2.133306 
1.873621 
1.603229 
1.615483 
1.805204 
1.862120 
1.552310 
1.365017 
0.842385 
0.471237 
0.544046 
0.541319 
0.640454 
0.637042 
0.648618 
0.881872 
0.755941 
0.808346 
1.060522 
1.169913 
1.184521 
1.007058 
0.968422 
0.827436 
0.683562 
0.569496 
0.747057 
0.753382 
0.912623 
1.100883 
1.108060 
1.374429 
1.429364 
1.434267 
1.667200 
1.272403 
1.424070 
1.215738 
1.164260 
0.661211 
0.657876 
0.726379 
0.819682 
0.762503 
0.821476 
0.749614 
0.679352 
0.710051 
0.666142 
0.750053 
0.623789 
0.693646 
0.771078 
0.672839 
0.875211 
0.801888 
0.911150 
0.920733 
1.067596 
0.992412 
1.159192 
1.170281 
1.364862 
1.605760 
2.018427 
1.810444 
1.788741 
1.927990 
1.582860 
1.522279 
1.315507 
1.473733 
1.175064 
0.886038 
0.767382 
0.594282 
0.650263 
0.601230 
0.570561 
0.574694 
0.598191 
0.474502 
0.572850 
0.776911 
0.831616 
1.244031 
1.399168 
1.497035 
1.710758 
2.193652 
1.873486 
1.950637 
2.012160 
2.023053 
1.776668 
2.001152 
1.867487 
1.747303 
1.416698 
1.864706 
1.832244 
1.989081 
1.680762 
1.610781 
1.888862 
1.579150 
1.866776 
1.855828 
1.748936 
1.896580 
1.479433 
1.605353 
1.667500 
1.922724 
1.990796 
2.092325 
2.351271 
1.638055 
1.945713 
1.852439 
1.959198 
1.947041 
1.966202 
1.726908 
1.759391 
1.716035 
1.593335 
1.510899 
1.596950 
1.586438 
1.386170 
1.552033 
1.336047 
1.340665 
1.582961 
1.723582 
2.137895 
1.611261 
1.591022 
1.932427 
1.981737 
1.996763 
1.620751 
1.725517 
1.670271 
1.723487 
1.708141 
1.696112 
1.152385 
1.857105 
1.731137 
1.855619 
1.780314 
1.707556 
1.442138 
1.185915 
1.257257 
1.159868 
1.074459 
0.966100 
1.204381 
0.967729 
1.239932 
1.417194 
1.600829 
1.730174 
1.832283 
1.655422 
1.398467 
1.897813 
1.378562 
1.863457 
1.676857 
1.500019 
1.495426 
1.550029 
1.636540 
1.615867 
1.825877 
1.486674 
1.643411 
1.665118 
1.614376 
1.483364 
1.374402 
1.232098 
1.387294 
1.284689 
1.214570 
1.220401 
1.177256 
1.485550 
1.059548 
1.266961 
1.173450 
1.296602 
1.276954 
1.185065 
1.195288 
1.131288 
1.209555 
1.471562 
1.314822 
1.297774 
1.401541 
1.149856 
1.153974 
1.005744 
0.827828 
0.653458 
0.518250 
0.477748 
0.520156 
0.444806 
0.375921 
0.420873 
0.394570 
0.365733 
0.395411 
0.480751 
0.407702 
0.403209 
0.389563 
0.426804 
0.450051 
0.431844 
0.564608 
0.767413 
0.620211 
0.740507 
0.708397 
1.100114 
0.989697 
1.131396 
1.262883 
1.425984 
1.063503 
1.165772 
1.060828 
1.000603 
1.071853 
1.012750 
0.906349 
0.793322 
0.952156 
0.830441 
0.643676 
0.733159 
0.837957 
0.883544 
0.563305 
0.786506 
0.725806 
0.771312 
0.811670 
0.893747 
0.970257 
1.154980 
1.189106 
1.414731 
1.244912 
1.554773 
1.281297 
1.364401 
1.231923 
1.323721 
1.360993 
1.204635 
0.939834 
1.142461 
0.909274 
0.826374 
0.852663 
0.698660 
0.658903 
0.717268 
0.762604 
0.733936 
0.799084 
0.805304 
0.824894 
0.840938 
1.045058 
0.971969 
0.841614 
1.099586 
0.799214 
0.946412 
1.018946 
0.820156 
1.078289 
1.041719 
0.807903 
0.786329 
0.775447 
0.564465 
0.579043 
0.760389 
0.717717 
0.688516 
0.886733 
0.802906 
0.763355 
0.592594 
0.477779 
0.464919 
0.427185 
0.560514 
0.643565 
0.519130 
0.507644 
0.509208 
0.576296 
0.513664 
0.614964 
0.469925 
0.485921 
0.505515 
0.524124 
0.560238 
0.514482 
0.429268 
0.459188 
0.384089 
0.397495 
0.341364 
0.354609 
0.353118 
0.312609 
0.341658 
0.266494 
0.242107 
0.271291 
0.270660 
0.247054 
0.175545 
0.220699 
0.232275 
0.183169 
0.171259 
0.193689 
0.171367 
0.165150 
0.167650 
0.137420 
0.175292 
0.171392 
0.142217 
0.169516 
0.161348 
0.162559 
0.180944 
0.190533 
0.200899 
0.214860 
0.207005 
0.182506 
0.198794 
0.176478 
0.204942 
0.198014 
0.229694 
0.259483 
0.208381 
0.268348 
0.251757 
0.235586 
0.269245 
0.265498 
0.262429 
0.303956 
0.283793 
0.278312 
0.328358 
0.279681 
0.280225 
0.320581 
0.303926 
0.328185 
0.297453 
0.277259 
0.314213 
0.339172 
0.297550 
0.354017 
0.383466 
0.448750 
0.446599 
0.337801 
0.364661 
0.332721 
0.352948 
0.554801 
0.590308 
0.731631 
0.748308 
0.570458 
0.704979 
0.576384 
0.649118 
0.633414 
0.562277 
0.433372 
0.416333 
0.298954 
0.288927 
0.356718 
0.298386 
0.265649 
0.314745 
0.276987 
0.277366 
0.231131 
0.201597 
0.222255 
0.176141 
0.134397 
0.140107 
0.146992 
0.127748 
0.124169 
0.115938 
0.112607 
0.119924 
0.111893 
0.116252 
0.105497 
0.139255 
0.127161 
0.149492 
0.151602 
0.132613 
0.105807 
0.121188 
0.116062 
0.110388 
0.108560 
0.115556 
0.104566 
0.110789 
0.090335 
0.109562 
0.111797 
0.119913 
0.142815 
0.123445 
0.157334 
0.135797 
0.124810 
0.116466 
0.127733 
0.127390 
0.096925 
0.097026 
0.093593 
0.097905 
0.088133 
0.077935 
0.051555 
0.062876 
0.063515 
0.069392 
0.042105 
0.063953 
0.058461 
0.060533 
0.066280 
0.057289 
0.068877 
0.059078 
0.045152 
0.059471 
0.044085 
0.039891 
0.036462 
0.044380 
0.039977 
0.039079 
0.035182 
0.035930 
0.033214 
0.030833 
0.028933 
0.027210 
0.023861 
0.025452 
0.023893 
0.019389 
0.018490 
0.013010 
0.011054 
0.014126 
0.011642 
0.011260 
0.011015 
0.011478 
0.010863 
0.012983 
0.012963 
0.012586 
0.012312 
0.011904 
0.013338 
0.010492 
0.013227 
0.012101 
0.013156 
0.012690 
0.011840 
0.011398 
0.011998 
0.009681 
0.009320 
0.007589 
0.007283 
0.005903 
0.005157 
0.005041 
0.004606 
0.005268 
0.004696 
0.004729 
0.004736 
0.004837 
0.005344 
0.004245 
0.003157 
0.004159 
0.004300 
0.004577 
0.005161 
0.003913 
0.003545 
0.003247 
0.002959 
0.002315 
0.002740 
0.002310 
0.001916 
0.001821 
0.001400 
0.001445 
0.000682 
0.000498 
0.000258 
0.000148 
0.000096 
0.000055 
0.000022 
0.000006 
0.000000 
0.000000 
0.000000 
0.000000 
0.000000 
0.000000 
0.000000 
0.000000 
0.000000 
0.000000 
0.000000 
0.000000 
0.000000 
0.000000 
0.000000 
0.000000 
0.000000 
0.000000 
0.000000 
0.000000 
0.000000 
0.000000 
0.000000 
0.000000 
0.000000 
0.000000 
0.000000 
0.000000 
0.000000 
0.000000 
0.000000 
0.000000 
0.000000 
0.000000 
0.000000 
0.000000 
0.000000 
0.000000 
0.000000 
0.000000 
0.000000 
0.000000 
0.000000 
0.000000 
0.000000 
0.000000 
0.000000 
0.000000 
0.000000 
0.000000 
0.000000 
0.000000 
0.000000 
0.000000 
0.000000 
0.000000 
0.000000 
0.000000 
0.000000 
0.000000 
0.000000 
0.000000 
0.000000 
0.000000 
0.000000 
0.000000 
0.000000 
0.000000 
0.000000 
0.000000 
0.000000 
0.000000 
0.000000 
0.000000 
0.000000 
0.000000 
0.000000 
0.000000 
0.000000 
0.000000 
0.000000 
0.000000 
0.000000 
0.000000 
0.000000 
0.000000 
0.000000 
0.000000 
0.000000 
0.000000 
0.000000 
0.000000 
0.000000 
0.000000 
0.000000 
0.000000 
0.000000 
0.000000 
0.000000 
0.000000 
0.000000 
0.000000 
0.000000 
0.000000 
0.000000 
0.000000 
0.000000 
0.000000 
0.000000 
0.000000 
0.000000 
0.000000 
0.000000 
0.000000 
0.000000 
0.000000 
0.000000 
0.000000 
0.000000 
0.000000 
0.000000 
0.000000 
0.000000 
0.000000 
0.000000 
0.000000 
0.000000 
0.000000 
0.000000 
0.000000 
0.000000 
0.000000 
0.000000 
0.000000 
0.000000 
0.000000 
0.000000 
0.000000 
0.000000 
0.000000 
0.000000 
0.000000 
0.000000 
0.000000 
0.000000 
0.000000 
0.000000 
0.000000 
0.000000 
0.000000 
0.000000 
0.000000 
0.000000 
0.000000 
0.000000 
0.000000 
0.000000 
0.000000 
0.000000 
0.000000 
0.000000 
0.000000 
0.000000 
0.000000 
0.000000 
0.000000 
0.000000 
0.000000 
0.000000 
0.000000 
0.000000 
0.000000 
0.000000 
0.000000 
0.000000 
0.000000 
0.000000 
0.000000 
0.000000 
0.000000 
0.000000 
0.000000 
0.000000 
0.000000 
0.000000 
0.000000 
0.000000 
0.000000 
0.000000 
0.000000 
0.000000 
