0.069333 
0.069333 
0.069333 
0.069333 
0.069333 
0.069333 
0.069333 
0.069333 
0.069333 
0.069333 
0.069333 
0.069333 
0.069333 
0.069333 
0.069333 
0.076984 
0.096340 
0.122003 
0.148577 
0.170667 
0.186857 
0.200834 
0.214849 
0.231154 
0.252000 
0.290571 
0.348032 
0.408608 
0.456523 
0.476000 
0.474662 
0.470974 
0.465421 
0.458490 
0.450667 
0.434940 
0.409161 
0.381111 
0.358575 
0.349333 
0.349333 
0.349333 
0.349333 
0.349333 
0.349333 
0.328905 
0.279087 
0.217084 
0.160098 
0.125333 
0.108041 
0.092719 
0.080444 
0.072290 
0.069333 
0.069333 
0.069333 
0.069333 
0.069333 
0.069333 
0.069333 
0.069333 
0.069333 
0.069333 
0.069333 
0.069333 
0.069333 
0.069333 
0.069333 
0.069333 
0.069333 
0.069333 
0.069333 
0.069333 
0.069333 
0.069333 
0.069333 
0.069333 
0.069333 
0.069333 
0.069333 
0.069333 
0.069333 
0.069333 
0.069333 
0.069333 
0.069333 
0.069333 
0.069333 
0.069333 
0.075003 
0.090395 
0.113085 
0.140651 
0.170667 
0.221899 
0.300056 
0.383131 
0.449115 
0.476000 
0.476000 
0.476000 
0.476000 
0.476000 
0.476000 
0.474662 
0.470974 
0.465421 
0.458490 
0.450667 
0.438985 
0.421296 
0.399315 
0.374756 
0.349333 
0.319981 
0.284896 
0.247687 
0.211963 
0.181333 
0.152482 
0.122556 
0.095855 
0.076681 
0.069333 
0.069333 
0.069333 
0.069333 
0.069333 
0.069333 
0.069333 
0.069333 
0.069333 
0.069333 
0.069333 
0.069333 
0.069333 
0.069333 
0.069333 
0.069333 
0.069333 
0.069333 
0.069333 
0.069333 
0.069333 
0.069333 
0.069333 
0.069333 
0.069333 
0.069333 
0.078575 
0.101111 
0.129161 
0.154940 
0.170667 
0.177167 
0.181454 
0.185024 
0.189373 
0.196000 
0.208921 
0.229327 
0.254473 
0.281612 
0.308000 
0.338900 
0.376289 
0.412495 
0.439845 
0.450667 
0.440128 
0.414997 
0.385003 
0.359872 
0.349333 
0.349333 
0.349333 
0.349333 
0.349333 
0.349333 
0.349333 
0.349333 
0.349333 
0.349333 
0.349333 
0.320213 
0.250773 
0.167893 
0.098453 
0.069333 
0.069333 
0.069333 
0.069333 
0.069333 
0.069333 
0.069333 
0.069333 
0.069333 
0.069333 
0.069333 
0.069333 
0.069333 
0.069333 
0.069333 
0.069333 
0.069333 
0.069333 
0.069333 
0.069333 
0.069333 
0.069333 
0.069333 
0.069333 
0.069333 
0.069333 
0.075292 
0.090249 
0.109826 
0.129647 
0.145333 
0.158385 
0.171923 
0.184002 
0.192676 
0.196000 
0.196000 
0.196000 
0.196000 
0.196000 
0.196000 
0.196000 
0.196000 
0.196000 
0.196000 
0.196000 
0.203848 
0.223436 
0.248834 
0.274110 
0.293333 
0.308258 
0.323283 
0.336447 
0.345784 
0.349333 
0.349333 
0.349333 
0.349333 
0.349333 
0.349333 
0.349333 
0.349333 
0.349333 
0.349333 
0.349333 
0.341986 
0.322812 
0.296111 
0.266185 
0.237333 
0.202658 
0.158844 
0.115567 
0.082505 
0.069333 
0.069333 
0.069333 
0.069333 
0.069333 
0.069333 
0.069333 
0.069333 
0.069333 
0.069333 
0.069333 
0.069333 
0.069333 
0.069333 
0.069333 
0.069333 
0.069333 
0.069333 
0.069333 
0.069333 
0.069333 
0.078575 
0.101111 
0.129161 
0.154940 
0.170667 
0.178490 
0.185421 
0.190974 
0.194662 
0.196000 
0.196000 
0.196000 
0.196000 
0.196000 
0.196000 
0.202602 
0.219272 
0.241308 
0.264007 
0.282667 
0.299246 
0.316986 
0.333101 
0.344812 
0.349333 
0.349333 
0.349333 
0.349333 
0.349333 
0.349333 
0.349333 
0.349333 
0.349333 
0.349333 
0.349333 
0.349333 
0.349333 
0.349333 
0.349333 
0.349333 
0.320213 
0.250773 
0.167893 
0.098453 
0.069333 
0.069333 
0.069333 
0.069333 
0.069333 
0.069333 
0.069333 
0.069333 
0.069333 
0.069333 
0.069333 
0.069333 
0.069333 
0.069333 
0.069333 
0.069333 
0.078575 
0.101111 
0.129161 
0.154940 
0.170667 
0.178490 
0.185421 
0.190974 
0.194662 
0.196000 
0.196000 
0.196000 
0.196000 
0.196000 
0.196000 
0.194662 
0.190974 
0.185421 
0.178490 
0.170667 
0.154940 
0.129161 
0.101111 
0.078575 
0.069333 
0.069333 
0.069333 
0.069333 
0.069333 
0.069333 
0.069333 
0.069333 
0.069333 
0.069333 
0.069333 
0.069333 
0.069333 
0.069333 
0.069333 
0.069333 
0.069333 
0.069333 
0.069333 
0.069333 
0.069333 
0.069333 
0.069333 
0.069333 
0.069333 
0.069333 
0.092872 
0.151148 
0.225656 
0.297887 
0.349333 
0.384833 
0.419037 
0.448158 
0.468408 
0.476000 
0.476000 
0.476000 
0.476000 
0.476000 
0.476000 
0.476000 
0.476000 
0.476000 
0.476000 
0.476000 
0.459355 
0.417320 
0.361740 
0.304462 
0.257333 
0.215391 
0.170480 
0.129661 
0.099992 
0.088533 
0.099849 
0.126831 
0.159036 
0.186018 
0.197333 
0.187904 
0.165419 
0.138581 
0.116096 
0.106667 
0.109403 
0.116519 
0.126373 
0.137325 
0.147733 
0.159861 
0.174913 
0.189661 
0.200877 
0.205333 
0.200341 
0.188437 
0.174229 
0.162325 
0.157333 
0.157333 
0.157333 
0.157333 
0.157333 
0.157333 
0.178214 
0.229533 
0.294305 
0.355545 
0.396267 
0.416723 
0.431222 
0.443867 
0.458759 
0.480000 
0.525621 
0.597124 
0.673816 
0.735005 
0.760000 
0.717291 
0.615445 
0.493888 
0.392043 
0.349333 
0.358575 
0.381111 
0.409161 
0.434940 
0.450667 
0.458490 
0.465421 
0.470974 
0.474662 
0.476000 
0.463364 
0.431372 
0.388898 
0.344816 
0.308000 
0.278105 
0.249092 
0.221293 
0.195040 
0.170667 
0.145201 
0.118204 
0.093807 
0.076140 
0.069333 
0.069333 
0.069333 
0.069333 
0.069333 
0.069333 
0.069333 
0.069333 
0.069333 
0.069333 
0.069333 
0.069333 
0.069333 
0.069333 
0.069333 
0.069333 
0.069333 
0.069333 
0.069333 
0.069333 
0.069333 
0.069333 
0.069333 
0.069333 
0.069333 
0.069333 
0.069333 
0.069333 
0.069333 
0.069333 
0.069333 
0.069333 
0.069333 
0.069333 
0.069333 
0.069333 
0.069333 
0.069333 
0.069333 
0.069333 
0.069333 
0.069333 
0.069333 
0.069333 
0.069333 
0.069333 
0.069333 
0.069333 
0.069333 
0.069333 
0.069333 
0.069333 
0.069333 
0.069333 
0.069333 
0.069333 
0.089762 
0.139580 
0.201583 
0.258569 
0.293333 
0.310626 
0.325948 
0.338223 
0.346377 
0.349333 
0.349333 
0.349333 
0.349333 
0.349333 
0.349333 
0.357237 
0.376085 
0.398581 
0.417429 
0.425333 
0.421830 
0.412371 
0.398529 
0.381881 
0.364000 
0.335026 
0.291924 
0.246509 
0.210596 
0.196000 
0.196000 
0.196000 
0.196000 
0.196000 
0.196000 
0.182827 
0.151413 
0.113920 
0.082507 
0.069333 
0.069333 
0.069333 
0.069333 
0.069333 
0.069333 
0.069333 
0.069333 
0.069333 
0.069333 
0.069333 
0.069333 
0.069333 
0.069333 
0.069333 
0.069333 
0.069333 
0.069333 
0.069333 
0.069333 
0.069333 
0.069333 
0.069333 
0.069333 
0.069333 
0.069333 
0.069333 
0.069333 
0.069333 
0.069333 
0.069333 
0.069333 
0.069333 
0.069333 
0.069333 
0.069333 
0.069333 
0.069333 
0.069333 
0.069333 
0.069333 
0.069333 
0.069333 
0.069333 
0.069333 
0.069333 
0.072290 
0.080444 
0.092719 
0.108041 
0.125333 
0.160098 
0.217084 
0.279087 
0.328905 
0.349333 
0.349333 
0.349333 
0.349333 
0.349333 
0.349333 
0.349333 
0.349333 
0.349333 
0.349333 
0.349333 
0.349333 
0.349333 
0.349333 
0.349333 
0.349333 
0.328905 
0.279087 
0.217084 
0.160098 
0.125333 
0.108041 
0.092719 
0.080444 
0.072290 
0.069333 
0.069333 
0.069333 
0.069333 
0.069333 
0.069333 
0.069333 
0.069333 
0.069333 
0.069333 
0.069333 
0.069333 
0.069333 
0.069333 
0.069333 
0.069333 
0.069333 
0.069333 
0.069333 
0.069333 
0.069333 
0.069333 
0.069333 
0.069333 
0.069333 
0.069333 
0.069333 
0.069333 
0.069333 
0.069333 
0.069333 
0.069333 
0.069333 
0.069333 
0.069333 
0.069333 
0.069333 
0.069333 
0.069333 
0.069333 
0.069333 
0.069333 
0.069333 
0.069333 
0.069333 
0.069333 
0.069333 
0.069333 
0.069333 
0.069333 
0.069333 
0.069333 
0.069333 
0.069333 
0.069333 
0.069333 
0.069333 
0.069333 
0.069333 
0.069333 
0.069333 
0.069333 
0.069333 
0.069333 
0.069333 
0.069333 
0.069333 
0.069333 
0.069333 
0.069333 
0.069333 
0.069333 
0.069333 
0.069333 
0.069333 
0.069333 
0.069333 
0.069333 
0.069333 
0.069333 
0.069333 
0.069333 
0.069333 
0.069333 
0.069333 
0.069333 
0.069333 
0.069333 
0.069333 
0.069333 
0.069333 
0.069333 
0.069333 
0.069333 
0.069333 
0.069333 
0.069333 
0.069333 
0.069333 
0.069333 
0.069333 
0.069333 
0.069333 
0.069333 
0.069333 
0.069333 
0.104832 
0.189483 
0.290517 
0.375168 
0.410667 
0.410667 
0.410667 
0.410667 
0.410667 
0.410667 
0.416625 
0.431582 
0.451159 
0.470980 
0.486667 
0.497919 
0.507857 
0.517236 
0.526810 
0.537333 
0.551105 
0.567679 
0.583686 
0.595760 
0.600533 
0.595372 
0.581572 
0.561659 
0.538160 
0.513600 
0.477254 
0.425648 
0.372188 
0.330281 
0.313333 
0.313333 
0.313333 
0.313333 
0.313333 
0.313333 
0.313333 
0.313333 
0.313333 
0.313333 
0.313333 
0.313333 
0.313333 
0.313333 
0.313333 
0.313333 
0.313333 
0.313333 
0.313333 
0.313333 
0.313333 
0.313333 
0.313333 
0.313333 
0.313333 
0.313333 
0.313333 
0.313333 
0.313333 
0.313333 
0.313333 
0.313722 
0.314647 
0.315753 
0.316678 
0.317067 
0.291302 
0.229865 
0.156535 
0.095098 
0.069333 
0.089762 
0.139580 
0.201583 
0.258569 
0.293333 
0.309510 
0.322599 
0.333199 
0.341911 
0.349333 
0.355136 
0.359383 
0.363262 
0.367960 
0.374667 
0.390394 
0.416173 
0.444222 
0.466758 
0.476000 
0.468653 
0.449478 
0.422778 
0.392851 
0.364000 
0.332674 
0.295557 
0.257304 
0.222567 
0.196000 
0.176646 
0.160014 
0.145460 
0.132337 
0.120000 
0.106948 
0.093410 
0.081331 
0.072657 
0.069333 
0.069333 
0.069333 
0.069333 
0.069333 
0.069333 
0.069333 
0.069333 
0.069333 
0.069333 
0.069333 
0.069333 
0.069333 
0.069333 
0.069333 
0.069333 
0.069333 
0.069333 
0.069333 
0.069333 
0.069333 
0.069333 
0.069333 
0.069333 
0.069333 
0.069333 
0.069333 
0.069333 
0.069333 
0.069333 
0.069333 
0.069333 
0.069333 
0.069333 
0.069333 
0.069333 
0.069333 
0.069333 
0.069333 
0.069333 
0.069333 
0.069333 
0.069333 
0.069333 
0.069333 
0.069333 
0.070671 
0.074359 
0.079913 
0.086844 
0.094667 
0.110394 
0.136173 
0.164222 
0.186758 
0.196000 
0.196000 
0.196000 
0.196000 
0.196000 
0.196000 
0.196000 
0.196000 
0.196000 
0.196000 
0.196000 
0.190042 
0.175085 
0.155507 
0.135686 
0.120000 
0.106948 
0.093410 
0.081331 
0.072657 
0.069333 
0.069333 
0.069333 
0.069333 
0.069333 
0.069333 
0.069333 
0.069333 
0.069333 
0.069333 
0.069333 
0.069333 
0.069333 
0.069333 
0.069333 
0.069333 
0.076681 
0.095855 
0.122556 
0.152482 
0.181333 
0.216009 
0.259823 
0.303100 
0.336162 
0.349333 
0.349333 
0.349333 
0.349333 
0.349333 
0.349333 
0.349333 
0.349333 
0.349333 
0.349333 
0.349333 
0.349333 
0.349333 
0.349333 
0.349333 
0.349333 
0.349590 
0.350350 
0.351594 
0.353305 
0.355467 
0.377846 
0.427768 
0.486555 
0.535525 
0.556000 
0.546433 
0.522798 
0.492693 
0.463717 
0.443467 
0.429984 
0.417144 
0.406298 
0.398800 
0.396000 
0.404015 
0.423127 
0.445939 
0.465052 
0.473067 
0.466743 
0.451665 
0.433668 
0.418590 
0.412267 
0.421807 
0.444557 
0.471710 
0.494460 
0.504000 
0.499008 
0.487104 
0.472896 
0.460992 
0.456000 
0.456659 
0.458617 
0.461845 
0.466316 
0.472000 
0.564295 
0.775300 
1.025038 
1.233530 
1.320800 
1.248610 
1.076465 
0.871002 
0.698857 
0.626667 
0.647859 
0.698895 
0.760962 
0.815245 
0.842933 
0.850459 
0.856664 
0.861346 
0.864303 
0.865333 
0.857013 
0.837173 
0.813493 
0.793653 
0.785333 
0.790068 
0.802098 
0.818160 
0.834993 
0.849333 
0.862897 
0.877878 
0.891730 
0.901908 
0.905867 
0.881961 
0.824954 
0.756913 
0.699906 
0.676000 
0.852994 
1.275057 
1.778810 
2.200873 
2.377867 
2.201566 
1.781156 
1.279377 
0.858967 
0.682667 
0.685024 
0.690645 
0.697355 
0.702976 
0.705333 
0.705333 
0.705333 
0.705333 
0.705333 
0.705333 
0.704489 
0.702159 
0.698652 
0.694274 
0.689333 
0.679401 
0.663119 
0.645404 
0.631170 
0.625333 
0.627031 
0.631440 
0.637534 
0.644285 
0.650667 
0.658019 
0.667085 
0.675941 
0.682665 
0.685333 
0.681856 
0.672980 
0.661044 
0.648383 
0.637333 
0.627166 
0.616322 
0.605896 
0.596979 
0.590667 
0.586945 
0.584458 
0.582286 
0.579507 
0.575200 
0.561053 
0.535095 
0.505918 
0.482111 
0.472267 
0.490493 
0.536161 
0.595756 
0.655763 
0.702667 
0.740862 
0.780103 
0.814913 
0.839816 
0.849333 
0.843232 
0.828683 
0.811317 
0.796768 
0.790667 
0.791998 
0.795172 
0.798961 
0.802135 
0.803467 
0.793795 
0.769246 
0.736520 
0.702316 
0.673333 
0.646181 
0.616342 
0.588825 
0.568641 
0.560800 
0.605756 
0.712958 
0.840909 
0.948111 
0.993067 
0.948444 
0.842035 
0.715031 
0.608623 
0.564000 
0.567324 
0.575998 
0.588077 
0.601615 
0.614667 
0.630353 
0.650174 
0.669751 
0.684708 
0.690667 
0.687339 
0.679403 
0.669931 
0.661995 
0.658667 
0.658667 
0.658667 
0.658667 
0.658667 
0.658667 
0.666008 
0.685172 
0.711865 
0.741794 
0.770667 
0.799147 
0.830554 
0.864572 
0.900892 
0.939200 
0.981635 
1.028834 
1.078228 
1.127250 
1.173333 
1.222693 
1.277116 
1.327393 
1.364313 
1.378667 
1.362443 
1.323755 
1.277579 
1.238891 
1.222667 
1.332934 
1.595881 
1.909719 
2.172666 
2.282933 
2.214170 
2.041827 
1.816825 
1.590087 
1.412533 
1.267483 
1.118253 
0.985762 
0.890927 
0.854667 
0.855388 
0.857107 
0.859159 
0.860879 
0.861600 
0.844932 
0.805186 
0.757747 
0.718001 
0.701333 
0.702983 
0.707478 
0.714135 
0.722270 
0.731200 
0.743251 
0.760253 
0.780776 
0.803390 
0.826667 
0.851070 
0.877986 
0.907368 
0.939166 
0.973333 
1.019050 
1.076966 
1.134237 
1.178019 
1.195467 
1.185122 
1.160454 
1.131012 
1.106345 
1.096000 
1.114120 
1.157826 
1.211139 
1.258079 
1.282667 
1.290198 
1.296466 
1.301235 
1.304270 
1.305333 
1.287057 
1.243475 
1.191458 
1.147876 
1.129600 
1.145408 
1.183104 
1.228096 
1.265792 
1.281600 
1.271451 
1.245350 
1.209817 
1.171371 
1.136533 
1.108562 
1.083059 
1.055063 
1.019609 
0.971733 
0.842210 
0.613955 
0.360223 
0.154264 
0.069333 
0.069333 
0.069333 
0.069333 
0.069333 
0.069333 
0.069333 
0.069333 
0.069333 
0.069333 
0.069333 
0.069333 
0.069333 
0.069333 
0.069333 
0.069333 
0.124657 
0.257705 
0.419091 
0.559429 
0.629333 
0.643660 
0.652426 
0.658988 
0.666705 
0.678933 
0.703553 
0.741374 
0.785153 
0.827643 
0.861600 
0.890371 
0.919535 
0.945194 
0.963449 
0.970400 
0.957532 
0.926846 
0.890221 
0.859535 
0.846667 
0.868541 
0.922125 
0.989358 
1.052181 
1.092533 
1.115164 
1.135728 
1.152522 
1.163847 
1.168000 
1.167711 
1.166878 
1.165549 
1.163773 
1.161600 
1.152438 
1.133997 
1.112777 
1.095278 
1.088000 
1.088361 
1.089220 
1.090246 
1.091106 
1.091467 
1.050762 
0.951317 
0.827130 
0.712202 
0.640533 
0.606795 
0.580838 
0.559429 
0.539338 
0.517333 
0.491397 
0.463677 
0.437192 
0.414960 
0.400000 
0.389957 
0.380931 
0.373620 
0.368721 
0.366933 
0.390305 
0.447244 
0.517992 
0.582786 
0.621867 
0.640757 
0.657407 
0.670691 
0.679485 
0.682667 
0.618880 
0.466773 
0.285227 
0.133120 
0.069333 
0.069333 
0.069333 
0.069333 
0.069333 
0.069333 
0.069333 
0.069333 
0.069333 
0.069333 
0.069333 
0.069333 
0.069333 
0.069333 
0.069333 
0.069333 
