0.000000 
0.000000 
0.000000 
0.000000 
0.000000 
0.000000 
0.000000 
0.000000 
0.000000 
0.000000 
0.000000 
0.000000 
0.000000 
0.000000 
0.000000 
0.000000 
0.000000 
0.000000 
0.000000 
0.000000 
0.000000 
0.000000 
0.000000 
0.000000 
0.000000 
0.000000 
0.000000 
0.000000 
0.000000 
0.000000 
0.000000 
0.000000 
0.000000 
0.000000 
0.000000 
0.000000 
0.000000 
0.000000 
0.000000 
0.000000 
0.000000 
0.000000 
0.000000 
0.000000 
0.000000 
0.000000 
0.000000 
0.000000 
0.000000 
0.000000 
0.000000 
0.000000 
0.000000 
0.000000 
0.000000 
0.000000 
0.000000 
0.000000 
0.000000 
0.000000 
0.000000 
0.000000 
0.000000 
0.000000 
0.000000 
0.000000 
0.000000 
0.000000 
0.000000 
0.000000 
0.000000 
0.000000 
0.000000 
0.000000 
0.000000 
0.000000 
0.000000 
0.000000 
0.000000 
0.000000 
0.000000 
0.000000 
0.000000 
0.000000 
0.000000 
0.000000 
0.000000 
0.000000 
0.000000 
0.000000 
0.000000 
0.000000 
0.000000 
0.000000 
0.000000 
0.000000 
0.000000 
0.000000 
0.000000 
0.000000 
0.000000 
0.000000 
0.000000 
0.000000 
0.000000 
0.000000 
0.000000 
0.000000 
0.000000 
0.000000 
0.000000 
0.000000 
0.000000 
0.000000 
0.000000 
0.000000 
0.000000 
0.000000 
0.000000 
0.000000 
0.000000 
0.000000 
0.000000 
0.000000 
0.000000 
0.000000 
0.000000 
0.000000 
0.000000 
0.000000 
0.000000 
0.000000 
0.000000 
0.000000 
0.000000 
0.000000 
0.000000 
0.000000 
0.000000 
0.000000 
0.000000 
0.000000 
0.000000 
0.000000 
0.000000 
0.000000 
0.000000 
0.000000 
0.000000 
0.000000 
0.000000 
0.000000 
0.000000 
0.000000 
0.000000 
0.000000 
0.000000 
0.000000 
0.000000 
0.000000 
0.000000 
0.000000 
0.000000 
0.000000 
0.000000 
0.000000 
0.000000 
0.000000 
0.000000 
0.000000 
0.000000 
0.000000 
0.000000 
0.000000 
0.000000 
0.000000 
0.000000 
0.000000 
0.000000 
0.000000 
0.000000 
0.000000 
0.000000 
0.000000 
0.000000 
0.000000 
0.000000 
0.000000 
0.000000 
0.000000 
0.000000 
0.000000 
0.000000 
0.000000 
0.000000 
0.000000 
0.000000 
0.000000 
0.000000 
0.000000 
0.000000 
0.000000 
0.000000 
0.000000 
0.000000 
0.000000 
0.000000 
0.000000 
0.000000 
0.000000 
0.000000 
0.000000 
0.000000 
0.000000 
0.000000 
0.000000 
0.000000 
0.000000 
0.000000 
0.000000 
0.000000 
0.000000 
0.000000 
0.000000 
0.000000 
0.000000 
0.000000 
0.000000 
0.000000 
0.000000 
0.000000 
0.000000 
0.000000 
0.000000 
0.000000 
0.000000 
0.000000 
0.000000 
0.000000 
0.000000 
0.000000 
0.000000 
0.000000 
0.000000 
0.000000 
0.000000 
0.000000 
0.000000 
0.000000 
0.000000 
0.000000 
0.000000 
0.000000 
0.000000 
0.000000 
0.000000 
0.000000 
0.000000 
0.000000 
0.000000 
0.000000 
0.000000 
0.000000 
0.000000 
0.000000 
0.000000 
0.000000 
0.000000 
0.000000 
0.000000 
0.000000 
0.000000 
0.000000 
0.000000 
0.000000 
0.000000 
0.000000 
0.000000 
0.000000 
0.000000 
0.000000 
0.000000 
0.000000 
0.000000 
0.000000 
0.000000 
0.000000 
0.000000 
0.000000 
0.000000 
0.000000 
0.000000 
0.000000 
0.000000 
0.000000 
0.000000 
0.000000 
0.000000 
0.000000 
0.000000 
0.000000 
0.000000 
0.000000 
0.000000 
0.000000 
0.000000 
0.000000 
0.000000 
0.000000 
0.000000 
0.000000 
0.000000 
0.000000 
0.000000 
0.000000 
0.000000 
0.000000 
0.000000 
0.000000 
0.000000 
0.000000 
0.000000 
0.000000 
0.000000 
0.000000 
0.000000 
0.000000 
0.000000 
0.000000 
0.000000 
0.000000 
0.000000 
0.000000 
0.000000 
0.000000 
0.000000 
0.000000 
0.000000 
0.000000 
0.000000 
0.000000 
0.000000 
0.000000 
0.000000 
0.000000 
0.000000 
0.000000 
0.000000 
0.000000 
0.000000 
0.000000 
0.000000 
0.000000 
0.000000 
0.000000 
0.000000 
0.000000 
0.000000 
0.000000 
0.000000 
0.000000 
0.000000 
0.000000 
0.000000 
0.000000 
0.000000 
0.000000 
0.000000 
0.000000 
0.000000 
0.000000 
0.000000 
0.000000 
0.000000 
0.000000 
0.000000 
0.000000 
0.000000 
0.000000 
0.000000 
0.000000 
0.000000 
0.000000 
0.000000 
0.000000 
0.000000 
0.000000 
0.000000 
0.000000 
0.000000 
0.000000 
0.000000 
0.000000 
0.000000 
0.000000 
0.000000 
0.000000 
0.000000 
0.000000 
0.000000 
0.000000 
0.000000 
0.000000 
0.000000 
0.000000 
0.000000 
0.000000 
0.000000 
0.000000 
0.000000 
0.000000 
0.000000 
0.000000 
0.000000 
0.000000 
0.000000 
0.000000 
0.000000 
0.000000 
0.000000 
0.000000 
0.003456 
0.012644 
0.024126 
0.022346 
0.022564 
0.025910 
0.023186 
0.017259 
0.018925 
0.019509 
0.027913 
0.050496 
0.060600 
0.069068 
0.077461 
0.083177 
0.080838 
0.083819 
0.117663 
0.098023 
0.103453 
0.123627 
0.100134 
0.117393 
0.126594 
0.135229 
0.146587 
0.138706 
0.178572 
0.156975 
0.136356 
0.107972 
0.139299 
0.140203 
0.140459 
0.166461 
0.154501 
0.153200 
0.207927 
0.221659 
0.195272 
0.153040 
0.143128 
0.091109 
0.051484 
0.002508 
0.000000 
0.000000 
0.000000 
0.000000 
0.000000 
0.020833 
0.069179 
0.107695 
0.119055 
0.137031 
0.119192 
0.143115 
0.167879 
0.182445 
0.143307 
0.161874 
0.145079 
0.125081 
0.124258 
0.144351 
0.149556 
0.138505 
0.154521 
0.141769 
0.186927 
0.170559 
0.168769 
0.170629 
0.152582 
0.102727 
0.198896 
0.191603 
0.149412 
0.178424 
0.149559 
0.145818 
0.087763 
0.090424 
0.114221 
0.142773 
0.164200 
0.206308 
0.215851 
0.230908 
0.118062 
0.081879 
0.009574 
0.000000 
0.000000 
0.000000 
0.000000 
0.000000 
0.000000 
0.000000 
0.000000 
0.000000 
0.011760 
0.076600 
0.107279 
0.153712 
0.166125 
0.205126 
0.230222 
0.258867 
0.254584 
0.239766 
0.269128 
0.247697 
0.236420 
0.218483 
0.282821 
0.256001 
0.245282 
0.298333 
0.255943 
0.281900 
0.274583 
0.231248 
0.275606 
0.257140 
0.247640 
0.250381 
0.237186 
0.261679 
0.291661 
0.272606 
0.300461 
0.315229 
0.282978 
0.336780 
0.298810 
0.334887 
0.305451 
0.253221 
0.278064 
0.357682 
0.251506 
0.321507 
0.337646 
0.312159 
0.304934 
0.256577 
0.326166 
0.308611 
0.264278 
0.318719 
0.301093 
0.330777 
0.275770 
0.428178 
0.411570 
0.397370 
0.285733 
0.420940 
0.306137 
0.400827 
0.288856 
0.334814 
0.340185 
0.349578 
0.342572 
0.272130 
0.315400 
0.260270 
0.345056 
0.389615 
0.495589 
0.408018 
0.355958 
0.248252 
0.228670 
0.138305 
0.103274 
0.126878 
0.108656 
0.107379 
0.184015 
0.233538 
0.245833 
0.275417 
0.406991 
0.434450 
0.518677 
0.392880 
0.385793 
0.347204 
0.357081 
0.397300 
0.348111 
0.278991 
0.262304 
0.150190 
0.147756 
0.131645 
0.080352 
0.060964 
0.039244 
0.029867 
0.058398 
0.186069 
0.269073 
0.383740 
0.424207 
0.383424 
0.427772 
0.373079 
0.348109 
0.406558 
0.374276 
0.249599 
0.223323 
0.151533 
0.156193 
0.197775 
0.260793 
0.340136 
0.391952 
0.441890 
0.398485 
0.403493 
0.441878 
0.342277 
0.374625 
0.369910 
0.422416 
0.341025 
0.328900 
0.292671 
0.380770 
0.343073 
0.475015 
0.559692 
0.437466 
0.399597 
0.354821 
0.354940 
0.262512 
0.246879 
0.155600 
0.061720 
0.000000 
0.000000 
0.000000 
0.000000 
0.000000 
0.000000 
0.000000 
0.000000 
0.000000 
0.001615 
0.128851 
0.222467 
0.306676 
0.304571 
0.329149 
0.376070 
0.450169 
0.484957 
0.352978 
0.510580 
0.402901 
0.403981 
0.430186 
0.480498 
0.476048 
0.411881 
0.493222 
0.488895 
0.530401 
0.364531 
0.446836 
0.461970 
0.528207 
0.523694 
0.488323 
0.382885 
0.498281 
0.434882 
0.304554 
0.222746 
0.067888 
0.000000 
0.000000 
0.000000 
0.000000 
0.000000 
0.020841 
0.051341 
0.066507 
0.111970 
0.137800 
0.144321 
0.142901 
0.156256 
0.092206 
0.047276 
0.003523 
0.000000 
0.003424 
0.049402 
0.099577 
0.144821 
0.190535 
0.274615 
0.270364 
0.314270 
0.312672 
0.306721 
0.319703 
0.215829 
0.106107 
0.050890 
0.014538 
0.016222 
0.025548 
0.030653 
0.037143 
0.034216 
0.036554 
0.022470 
0.010245 
0.000552 
0.000000 
0.001827 
0.018174 
0.037652 
0.057474 
0.085071 
0.089228 
0.123352 
0.143819 
0.151146 
0.171014 
0.213072 
0.282290 
0.347007 
0.453549 
0.468303 
0.454716 
0.402029 
0.360395 
0.378148 
0.359129 
0.227614 
0.235921 
0.127524 
0.034095 
0.000000 
0.000000 
0.000000 
0.000000 
0.000000 
0.000000 
0.000000 
0.000000 
0.034826 
0.092800 
0.140554 
0.189500 
0.312178 
0.417588 
0.525696 
0.446100 
0.456998 
0.465316 
0.496687 
0.458231 
0.383915 
0.480906 
0.464155 
0.406173 
0.428177 
0.366924 
0.435967 
0.406877 
0.440919 
0.413257 
0.422321 
0.415855 
0.440556 
0.376074 
0.421439 
0.407144 
0.415883 
0.498799 
0.438874 
0.428272 
0.458542 
0.454592 
0.451572 
0.446525 
0.443620 
0.383544 
0.411144 
0.417413 
0.444387 
0.420956 
0.411788 
0.364895 
0.380715 
0.297431 
0.321654 
0.301979 
0.267338 
0.315503 
0.367919 
0.348435 
0.356294 
0.391371 
0.475931 
0.432937 
0.403847 
0.423533 
0.490638 
0.514360 
0.444528 
0.346337 
0.377010 
0.414840 
0.369537 
0.358063 
0.398649 
0.431981 
0.454991 
0.343010 
0.415997 
0.299390 
0.257007 
0.281157 
0.217802 
0.191178 
0.205662 
0.140051 
0.219395 
0.225957 
0.297420 
0.396274 
0.364984 
0.368710 
0.297384 
0.418726 
0.416456 
0.328355 
0.418009 
0.357546 
0.363827 
0.272034 
0.314252 
0.342808 
0.358111 
0.427427 
0.384806 
0.382883 
0.421988 
0.312581 
0.305240 
0.300470 
0.276500 
0.356146 
0.295724 
0.327612 
0.237821 
0.224006 
0.230788 
0.256110 
0.254693 
0.230119 
0.290211 
0.253731 
0.288857 
0.282256 
0.338005 
0.324725 
0.334288 
0.370235 
0.361530 
0.309720 
0.301014 
0.300025 
0.226781 
0.144534 
0.049101 
0.016237 
0.003976 
0.000000 
0.000000 
0.000000 
0.000000 
0.000000 
0.000000 
0.000000 
0.000000 
0.000000 
0.000000 
0.000000 
0.000000 
0.000000 
0.008851 
0.022211 
0.047963 
0.094429 
0.129109 
0.128684 
0.212971 
0.232501 
0.248345 
0.234783 
0.356729 
0.283783 
0.308962 
0.272241 
0.230495 
0.239540 
0.204374 
0.150582 
0.166825 
0.108896 
0.112067 
0.111559 
0.083324 
0.098360 
0.091628 
0.086289 
0.088909 
0.098767 
0.125727 
0.135889 
0.157492 
0.161061 
0.230175 
0.300734 
0.305965 
0.307239 
0.284356 
0.273889 
0.334982 
0.279839 
0.325409 
0.314629 
0.274365 
0.305333 
0.204812 
0.155764 
0.154185 
0.153338 
0.147977 
0.173360 
0.141450 
0.163566 
0.158976 
0.158247 
0.151767 
0.179309 
0.183041 
0.192669 
0.226391 
0.204870 
0.253589 
0.248961 
0.255058 
0.230402 
0.216604 
0.211367 
0.214565 
0.204011 
0.169153 
0.128114 
0.127257 
0.146042 
0.140386 
0.182304 
0.175336 
0.215529 
0.225592 
0.177569 
0.131121 
0.085312 
0.084107 
0.079818 
0.086909 
0.102189 
0.080940 
0.115328 
0.110503 
0.108008 
0.122510 
0.088407 
0.110561 
0.090644 
0.092402 
0.085827 
0.102690 
0.093154 
0.072092 
0.069649 
0.054996 
0.066137 
0.053159 
0.034213 
0.034903 
0.028134 
0.024083 
0.018566 
0.008965 
0.005583 
0.000392 
0.000000 
0.000000 
0.000000 
0.000000 
0.000000 
0.000000 
0.000000 
0.000000 
0.000000 
0.000000 
0.000000 
0.000000 
0.000000 
0.000000 
0.000000 
0.000000 
0.000000 
0.000000 
0.000000 
0.000000 
0.000000 
0.000000 
0.000000 
0.000000 
0.000000 
0.000000 
0.000000 
0.000000 
0.000000 
0.000000 
0.001412 
0.003747 
0.005813 
0.010122 
0.011521 
0.015212 
0.017907 
0.016735 
0.016345 
0.019163 
0.019826 
0.018690 
0.021768 
0.020009 
0.019508 
0.017667 
0.017814 
0.022823 
0.023864 
0.034075 
0.040667 
0.037662 
0.046815 
0.045443 
0.049174 
0.057187 
0.054615 
0.068407 
0.089857 
0.123303 
0.156466 
0.180188 
0.165290 
0.194033 
0.142849 
0.144958 
0.136246 
0.142654 
0.104711 
0.101221 
0.068524 
0.064079 
0.054526 
0.068143 
0.054194 
0.065145 
0.061003 
0.056004 
0.037423 
0.027646 
0.018534 
0.014393 
0.008284 
0.005443 
0.002381 
0.000585 
0.000000 
0.000000 
0.000000 
0.000000 
0.000000 
0.000000 
0.000000 
0.000000 
0.000000 
0.000000 
0.000640 
0.000247 
0.000000 
0.000000 
0.000000 
0.000000 
0.000000 
0.000000 
0.000000 
0.000000 
0.000000 
0.000000 
0.000000 
0.000000 
0.001297 
0.002218 
0.001666 
0.000394 
0.000000 
0.000000 
0.000000 
0.000000 
0.000000 
0.000000 
0.000000 
0.000000 
0.000000 
0.000000 
0.000000 
0.000000 
0.000000 
0.000000 
0.000000 
0.000000 
0.000000 
0.000000 
0.000000 
0.000000 
0.000000 
0.000000 
0.000000 
0.000000 
0.000000 
0.000000 
0.000000 
0.000000 
0.000000 
0.000000 
0.000000 
0.000000 
0.000000 
0.000000 
0.000000 
0.000000 
0.000000 
0.000000 
0.000000 
0.000000 
0.000000 
0.000000 
0.000000 
0.000000 
0.000000 
0.000000 
0.000000 
0.000000 
0.000000 
0.000000 
0.000000 
0.000000 
0.000000 
0.000000 
0.000000 
0.000000 
0.000000 
0.000000 
0.000000 
0.000000 
0.000000 
0.000000 
0.000000 
0.000000 
0.000000 
0.000000 
0.000000 
0.000000 
0.000000 
0.000000 
0.000000 
0.000000 
0.000000 
0.000000 
0.000000 
0.000000 
0.000000 
0.000000 
0.000000 
0.000000 
0.000000 
0.000000 
0.000000 
0.000000 
0.000000 
0.000000 
0.000000 
0.000000 
0.000000 
0.000000 
0.000000 
0.000000 
0.000000 
0.000000 
0.000000 
0.000000 
0.000000 
0.000000 
0.000000 
0.000000 
0.000000 
0.000000 
0.000000 
0.000000 
0.000000 
0.000000 
0.000000 
0.000000 
0.000000 
0.000000 
0.000000 
0.000000 
0.000000 
0.000000 
0.000000 
0.000000 
0.000000 
0.000000 
0.000000 
0.000000 
0.000000 
0.000000 
0.000000 
0.000000 
0.000000 
0.000000 
0.000000 
0.000000 
0.000000 
0.000000 
0.000000 
0.000000 
0.000000 
0.000000 
0.000000 
0.000000 
0.000000 
0.000000 
0.000000 
0.000000 
0.000000 
0.000000 
0.000000 
0.000000 
0.000000 
0.000000 
0.000000 
0.000000 
0.000000 
0.000000 
0.000000 
0.000000 
0.000000 
0.000000 
0.000000 
0.000000 
0.000000 
0.000000 
0.000000 
0.000000 
0.000000 
0.000000 
0.000000 
0.000000 
0.000000 
0.000000 
0.000000 
0.000000 
0.000000 
0.000000 
0.000000 
0.000000 
0.000000 
0.000000 
0.000000 
0.000000 
0.000000 
0.000000 
0.000000 
0.000000 
0.000000 
0.000000 
0.000000 
0.000000 
0.000000 
0.000000 
0.000000 
0.000000 
0.000000 
0.000000 
0.000000 
0.000000 
0.000000 
0.000000 
0.000000 
0.000000 
0.000000 
0.000000 
0.000000 
0.000000 
0.000000 
0.000000 
0.000000 
0.000000 
0.000000 
0.000000 
0.000000 
0.000000 
0.000000 
0.000000 
0.000000 
0.000000 
0.000000 
0.000000 
0.000000 
0.000000 
0.000000 
0.000000 
0.000000 
0.000000 
0.000000 
0.000000 
0.000000 
0.000000 
0.000000 
0.000000 
0.000000 
0.000000 
0.000000 
0.000000 
0.000000 
0.000000 
0.000000 
0.000000 
0.000000 
0.000000 
0.000000 
0.000000 
0.000000 
0.000000 
0.000000 
0.000000 
0.000000 
0.000000 
0.000000 
0.000000 
0.000000 
0.000000 
0.000000 
0.000000 
0.000000 
0.000000 
0.000000 
0.000000 
0.000000 
0.000000 
0.000000 
0.000000 
0.000000 
0.000000 
0.000000 
0.000000 
0.000000 
0.000000 
0.000000 
0.000000 
0.000000 
0.000000 
0.000000 
0.000000 
0.000000 
0.000000 
0.000000 
0.000000 
0.000000 
0.000000 
0.000000 
0.000000 
0.000000 
0.000000 
0.000000 
0.000000 
0.000000 
0.000000 
0.000000 
0.000000 
0.000000 
0.000000 
0.000000 
0.000000 
0.000000 
0.000000 
0.000000 
