-0.010244 
0.015027 
0.041637 
0.069534 
0.098667 
0.128984 
0.160433 
0.192965 
0.226526 
0.261067 
0.293683 
0.324496 
0.357987 
0.398639 
0.450933 
0.527096 
0.635600 
0.775303 
0.945062 
1.143733 
1.509399 
2.077019 
2.690766 
3.194813 
3.433333 
3.482639 
3.522392 
3.551785 
3.570012 
3.576267 
3.555921 
3.504936 
3.438391 
3.371364 
3.318933 
3.286065 
3.261884 
3.237711 
3.204865 
3.154667 
2.850870 
2.214357 
1.472143 
0.851242 
0.578667 
0.561195 
0.551215 
0.544157 
0.535453 
0.520533 
0.476100 
0.398416 
0.312256 
0.242393 
0.213600 
0.224887 
0.251804 
0.283930 
0.310846 
0.322133 
0.306103 
0.267878 
0.222255 
0.184030 
0.168000 
0.168000 
0.168000 
0.168000 
0.168000 
0.168000 
0.168000 
0.168000 
0.168000 
0.168000 
0.168000 
0.168000 
0.168000 
0.168000 
0.168000 
0.168000 
0.168000 
0.168000 
0.168000 
0.168000 
0.168000 
0.168000 
0.168000 
0.168000 
0.168000 
0.168000 
0.168000 
0.168000 
0.168000 
0.168000 
0.168000 
0.172860 
0.185952 
0.205040 
0.227889 
0.252267 
0.284193 
0.327604 
0.377130 
0.427407 
0.473067 
0.520078 
0.572077 
0.620197 
0.655572 
0.669333 
0.669333 
0.669333 
0.669333 
0.669333 
0.669333 
0.667119 
0.660771 
0.650730 
0.637437 
0.621333 
0.563075 
0.449260 
0.319240 
0.212369 
0.168000 
0.172909 
0.184614 
0.198586 
0.210291 
0.215200 
0.215200 
0.215200 
0.215200 
0.215200 
0.215200 
0.210291 
0.198586 
0.184614 
0.172909 
0.168000 
0.182867 
0.221657 
0.275653 
0.336140 
0.394400 
0.464281 
0.552477 
0.639547 
0.706046 
0.732533 
0.692819 
0.598116 
0.485084 
0.390381 
0.350667 
0.350667 
0.350667 
0.350667 
0.350667 
0.350667 
0.360576 
0.385452 
0.418013 
0.450978 
0.477067 
0.498774 
0.521290 
0.541379 
0.555805 
0.561333 
0.541002 
0.491421 
0.429713 
0.372999 
0.338400 
0.323153 
0.311832 
0.302561 
0.293464 
0.282667 
0.267712 
0.249800 
0.232539 
0.219536 
0.214400 
0.229820 
0.266590 
0.310477 
0.347247 
0.362667 
0.362667 
0.362667 
0.362667 
0.362667 
0.362667 
0.355040 
0.335135 
0.307417 
0.276350 
0.246400 
0.210404 
0.164920 
0.119995 
0.085673 
0.072000 
0.072000 
0.072000 
0.072000 
0.072000 
0.072000 
0.072000 
0.072000 
0.072000 
0.072000 
0.072000 
0.092332 
0.141912 
0.203620 
0.260334 
0.294933 
0.309463 
0.319351 
0.327547 
0.337002 
0.350667 
0.376759 
0.415581 
0.458210 
0.495724 
0.519200 
0.532211 
0.543738 
0.552974 
0.559109 
0.561333 
0.554021 
0.534938 
0.508364 
0.478580 
0.449867 
0.420728 
0.387866 
0.352853 
0.317262 
0.282667 
0.245810 
0.205642 
0.167050 
0.134918 
0.114133 
0.101123 
0.089595 
0.080359 
0.074225 
0.072000 
0.085673 
0.119995 
0.164920 
0.210404 
0.246400 
0.276350 
0.307417 
0.335135 
0.355040 
0.362667 
0.362667 
0.362667 
0.362667 
0.362667 
0.362667 
0.341460 
0.289744 
0.225379 
0.166223 
0.130133 
0.112182 
0.096276 
0.083534 
0.075069 
0.072000 
0.072000 
0.072000 
0.072000 
0.072000 
0.072000 
0.087370 
0.124852 
0.171502 
0.214377 
0.240533 
0.251390 
0.258610 
0.264615 
0.271827 
0.282667 
0.304390 
0.338372 
0.378212 
0.417510 
0.449867 
0.478580 
0.508364 
0.534938 
0.554021 
0.561333 
0.545963 
0.508481 
0.461831 
0.418956 
0.392800 
0.381325 
0.372868 
0.365936 
0.359034 
0.350667 
0.341581 
0.332699 
0.322786 
0.310608 
0.294933 
0.260334 
0.203620 
0.141912 
0.092332 
0.072000 
0.072000 
0.072000 
0.072000 
0.072000 
0.072000 
0.072000 
0.072000 
0.072000 
0.072000 
0.072000 
0.075069 
0.083534 
0.096276 
0.112182 
0.130133 
0.166223 
0.225379 
0.289744 
0.341460 
0.362667 
0.362667 
0.362667 
0.362667 
0.362667 
0.362667 
0.355040 
0.335135 
0.307417 
0.276350 
0.246400 
0.210404 
0.164920 
0.119995 
0.085673 
0.072000 
0.072000 
0.072000 
0.072000 
0.072000 
0.072000 
0.074849 
0.082776 
0.094853 
0.110148 
0.127733 
0.160495 
0.214518 
0.278666 
0.341805 
0.392800 
0.436702 
0.481796 
0.521791 
0.550400 
0.561333 
0.561333 
0.561333 
0.561333 
0.561333 
0.561333 
0.561333 
0.561333 
0.561333 
0.561333 
0.561333 
0.541541 
0.491355 
0.424557 
0.354933 
0.296267 
0.241843 
0.182338 
0.127617 
0.087549 
0.072000 
0.072000 
0.072000 
0.072000 
0.072000 
0.072000 
0.072000 
0.072000 
0.072000 
0.072000 
0.072000 
0.072000 
0.072000 
0.072000 
0.072000 
0.072000 
0.072000 
0.072000 
0.072000 
0.072000 
0.072000 
0.072000 
0.072000 
0.072000 
0.072000 
0.072000 
0.093207 
0.144922 
0.209288 
0.268444 
0.304533 
0.322485 
0.338390 
0.351133 
0.359597 
0.362667 
0.362667 
0.362667 
0.362667 
0.362667 
0.362667 
0.332437 
0.260352 
0.174315 
0.102229 
0.072000 
0.072000 
0.072000 
0.072000 
0.072000 
0.072000 
0.089780 
0.132539 
0.184408 
0.229518 
0.252000 
0.256448 
0.258932 
0.260792 
0.263368 
0.268000 
0.299164 
0.367506 
0.453627 
0.538126 
0.601600 
0.640298 
0.669037 
0.696266 
0.730437 
0.780000 
0.917235 
1.157608 
1.424350 
1.640693 
1.729867 
1.695012 
1.606443 
1.488156 
1.364143 
1.258400 
1.166382 
1.071965 
0.981770 
0.902419 
0.840533 
0.791520 
0.747298 
0.709263 
0.678810 
0.657333 
0.641212 
0.626663 
0.614842 
0.606903 
0.604000 
0.604000 
0.604000 
0.604000 
0.604000 
0.604000 
0.621918 
0.667056 
0.726489 
0.787289 
0.836533 
0.879177 
0.924238 
0.964884 
0.994282 
1.005600 
0.971767 
0.886812 
0.775545 
0.662782 
0.573333 
0.498611 
0.420964 
0.351612 
0.301773 
0.282667 
0.282667 
0.282667 
0.282667 
0.282667 
0.282667 
0.277139 
0.262712 
0.242623 
0.220107 
0.198400 
0.172311 
0.139346 
0.106785 
0.081910 
0.072000 
0.072000 
0.072000 
0.072000 
0.072000 
0.072000 
0.072000 
0.072000 
0.072000 
0.072000 
0.072000 
0.072000 
0.072000 
0.072000 
0.072000 
0.072000 
0.072000 
0.072000 
0.072000 
0.072000 
0.072000 
0.072000 
0.072000 
0.072000 
0.072000 
0.072000 
0.072000 
0.072000 
0.072000 
0.072000 
0.072000 
0.072000 
0.072000 
0.072000 
0.072000 
0.072000 
0.072000 
0.072000 
0.072000 
0.072000 
0.072000 
0.081230 
0.105833 
0.141182 
0.182647 
0.225600 
0.284324 
0.364615 
0.449118 
0.520476 
0.561333 
0.577088 
0.587138 
0.595124 
0.604686 
0.619467 
0.655556 
0.714712 
0.779078 
0.830793 
0.852000 
0.851582 
0.850341 
0.848296 
0.845465 
0.841867 
0.792429 
0.677705 
0.536153 
0.406232 
0.326400 
0.285840 
0.249813 
0.220892 
0.201652 
0.194667 
0.194667 
0.194667 
0.194667 
0.194667 
0.194667 
0.194667 
0.194667 
0.194667 
0.194667 
0.194667 
0.194667 
0.194667 
0.194667 
0.194667 
0.194667 
0.194667 
0.194667 
0.194667 
0.194667 
0.194667 
0.194667 
0.194667 
0.194667 
0.194667 
0.194667 
0.194667 
0.194667 
0.194667 
0.194667 
0.194667 
0.194667 
0.194667 
0.194667 
0.194667 
0.194667 
0.194667 
0.194667 
0.194667 
0.194667 
0.194667 
0.194667 
0.194667 
0.194667 
0.194667 
0.194667 
0.194667 
0.194667 
0.194667 
0.194667 
0.194667 
0.194667 
0.194667 
0.194667 
0.194667 
0.194667 
0.207662 
0.240394 
0.283482 
0.327544 
0.363200 
0.391242 
0.418220 
0.443391 
0.466010 
0.485333 
0.500944 
0.513962 
0.525948 
0.538462 
0.553067 
0.569052 
0.585629 
0.604241 
0.626328 
0.653333 
0.693612 
0.750055 
0.815905 
0.884405 
0.948800 
1.003905 
1.054231 
1.107565 
1.171692 
1.254400 
1.423682 
1.690558 
1.977353 
2.206392 
2.300000 
2.107603 
1.648035 
1.097733 
0.633131 
0.430667 
0.419285 
0.410342 
0.403890 
0.399981 
0.398667 
0.433008 
0.528059 
0.671858 
0.852448 
1.057867 
1.488924 
2.207574 
2.993576 
3.626687 
3.886667 
3.873558 
3.840653 
3.797583 
3.753977 
3.719467 
3.697663 
3.681700 
3.665492 
3.642954 
3.608000 
3.221933 
2.363771 
1.354002 
0.513115 
0.161600 
0.277803 
0.554901 
0.885632 
1.162731 
1.278933 
1.245854 
1.161284 
1.047227 
0.925687 
0.818667 
0.711259 
0.588793 
0.473631 
0.388135 
0.354667 
0.362294 
0.382199 
0.409917 
0.440983 
0.470933 
0.506929 
0.552413 
0.597338 
0.631660 
0.645333 
0.645333 
0.645333 
0.645333 
0.645333 
0.645333 
0.632021 
0.600277 
0.562389 
0.530645 
0.517333 
0.532679 
0.573238 
0.630791 
0.697118 
0.764000 
0.838637 
0.929167 
1.028778 
1.130659 
1.228000 
1.335648 
1.458144 
1.573216 
1.658592 
1.692000 
1.601489 
1.380212 
1.103550 
0.846885 
0.685600 
0.605127 
0.539005 
0.484772 
0.439969 
0.402133 
0.366367 
0.331942 
0.302653 
0.282296 
0.274667 
0.274667 
0.274667 
0.274667 
0.274667 
0.274667 
0.274513 
0.274056 
0.273303 
0.272260 
0.270933 
0.249306 
0.199853 
0.141321 
0.092455 
0.072000 
0.072000 
0.072000 
0.072000 
0.072000 
0.072000 
0.072000 
0.072000 
0.072000 
0.072000 
0.072000 
0.102229 
0.174315 
0.260352 
0.332437 
0.362667 
0.362667 
0.362667 
0.362667 
0.362667 
0.362667 
0.356621 
0.342204 
0.324996 
0.310579 
0.304533 
0.309331 
0.320772 
0.334428 
0.345869 
0.350667 
0.350667 
0.350667 
0.350667 
0.350667 
0.350667 
0.350667 
0.350667 
0.350667 
0.350667 
0.350667 
0.368194 
0.409990 
0.459876 
0.501673 
0.519200 
0.509965 
0.486493 
0.455131 
0.422228 
0.394133 
0.367453 
0.337923 
0.310587 
0.290487 
0.282667 
0.282667 
0.282667 
0.282667 
0.282667 
0.282667 
0.267296 
0.229815 
0.183165 
0.140290 
0.114133 
0.101123 
0.089595 
0.080359 
0.074225 
0.072000 
0.072000 
0.072000 
0.072000 
0.072000 
0.072000 
0.072000 
0.072000 
0.072000 
0.072000 
0.072000 
0.072000 
0.072000 
0.072000 
0.072000 
0.072000 
0.072000 
0.072000 
0.072000 
0.072000 
0.072000 
0.072000 
0.072000 
0.072000 
0.072000 
0.072000 
0.100981 
0.170091 
0.252576 
0.321685 
0.350667 
0.350667 
0.350667 
0.350667 
0.350667 
0.350667 
0.350667 
0.350667 
0.350667 
0.350667 
0.350667 
0.350667 
0.350667 
0.350667 
0.350667 
0.350667 
0.337558 
0.304653 
0.261583 
0.217977 
0.183467 
0.154753 
0.124969 
0.098395 
0.079312 
0.072000 
0.072000 
0.072000 
0.072000 
0.072000 
0.072000 
0.072000 
0.072000 
0.072000 
0.072000 
0.072000 
0.072000 
0.072000 
0.072000 
0.072000 
0.072000 
0.072000 
0.072000 
0.072000 
0.072000 
0.072000 
0.072000 
0.072000 
0.072000 
0.072000 
0.072000 
0.081910 
0.106785 
0.139346 
0.172311 
0.198400 
0.220107 
0.242623 
0.262712 
0.277139 
0.282667 
0.282667 
0.282667 
0.282667 
0.282667 
0.282667 
0.310539 
0.377003 
0.456331 
0.522795 
0.550667 
0.537105 
0.504766 
0.466167 
0.433828 
0.420267 
0.435388 
0.473310 
0.522871 
0.572911 
0.612267 
0.643085 
0.673373 
0.700758 
0.722869 
0.737333 
0.745559 
0.751416 
0.756227 
0.761314 
0.768000 
0.775538 
0.783343 
0.792978 
0.806009 
0.824000 
0.924268 
1.133011 
1.375113 
1.575459 
1.658933 
1.629334 
1.554754 
1.456521 
1.355961 
1.274400 
1.203600 
1.128699 
1.061092 
1.012172 
0.993333 
1.001366 
1.022295 
1.051368 
1.083832 
1.114933 
1.151804 
1.198023 
1.243514 
1.278199 
1.292000 
1.289380 
1.282242 
1.271668 
1.258737 
1.244533 
1.219402 
1.180416 
1.138741 
1.105547 
1.092000 
1.094108 
1.099134 
1.105133 
1.110159 
1.112267 
1.025988 
0.820247 
0.574686 
0.368945 
0.282667 
0.282667 
0.282667 
0.282667 
0.282667 
0.282667 
0.282667 
0.282667 
0.282667 
0.282667 
0.282667 
0.302884 
0.351095 
0.408638 
0.456849 
0.477067 
0.463921 
0.432574 
0.395159 
0.363812 
0.350667 
0.380896 
0.452981 
0.539019 
0.611104 
0.641333 
0.641333 
0.641333 
0.641333 
0.641333 
0.641333 
0.626612 
0.588157 
0.534528 
0.474289 
0.416000 
0.345370 
0.255701 
0.166947 
0.099062 
0.072000 
0.072000 
0.072000 
0.072000 
0.072000 
0.072000 
0.072000 
0.072000 
0.072000 
0.072000 
0.072000 
0.072000 
0.072000 
0.072000 
0.072000 
0.072000 
0.072000 
0.072000 
0.072000 
0.072000 
0.072000 
0.072000 
0.072000 
0.072000 
0.072000 
0.072000 
0.122313 
0.243259 
0.389848 
0.517092 
0.580000 
0.593239 
0.602532 
0.609471 
0.615651 
0.622667 
0.630534 
0.638205 
0.645675 
0.652941 
0.660000 
0.665984 
0.670908 
0.676094 
0.682862 
0.692533 
0.724387 
0.784597 
0.854827 
0.916740 
0.952000 
0.966979 
0.979818 
0.989834 
0.996345 
0.998667 
0.998021 
0.996217 
0.993457 
0.989940 
0.985867 
0.979705 
0.969897 
0.956611 
0.940012 
0.920267 
0.880788 
0.816137 
0.743198 
0.678857 
0.640000 
0.621437 
0.606387 
0.594353 
0.584834 
0.577333 
0.570715 
0.564561 
0.559449 
0.555959 
0.554667 
0.563555 
0.585480 
0.613334 
0.640010 
0.658400 
0.668576 
0.676340 
0.683176 
0.690568 
0.700000 
0.711327 
0.724043 
0.739096 
0.757433 
0.780000 
0.814355 
0.864491 
0.926009 
0.994512 
1.065600 
1.158359 
1.277477 
1.396963 
1.490824 
1.533067 
1.539132 
1.542749 
1.545360 
1.548407 
1.553333 
1.563044 
1.577772 
1.594951 
1.612016 
1.626400 
1.638143 
1.649094 
1.659401 
1.669209 
1.678667 
1.687099 
1.694450 
1.701800 
1.710224 
1.720800 
1.739359 
1.766244 
1.794303 
1.816384 
1.825333 
1.825280 
1.825119 
1.824851 
1.824478 
1.824000 
1.796204 
1.730690 
1.652673 
1.587371 
1.560000 
1.706349 
2.055334 
2.471866 
2.820851 
2.967200 
2.804832 
2.416874 
1.952048 
1.559072 
1.386667 
1.375309 
1.366370 
1.359909 
1.355987 
1.354667 
1.357995 
1.365931 
1.375403 
1.383339 
1.386667 
1.365958 
1.315581 
1.253158 
1.196313 
1.162667 
1.148139 
1.136517 
1.127225 
1.119689 
1.113333 
1.108456 
1.104997 
1.101843 
1.097882 
1.092000 
1.075264 
1.045787 
1.013024 
0.986432 
0.975467 
0.998402 
1.053094 
1.118372 
1.173065 
1.196000 
1.116849 
0.928105 
0.702829 
0.514084 
0.434933 
0.442838 
0.463704 
0.493257 
0.527224 
0.561333 
0.606480 
0.666769 
0.727737 
0.774924 
0.793867 
0.787006 
0.768923 
0.743363 
0.714073 
0.684800 
0.655039 
0.621308 
0.582883 
0.539043 
0.489067 
0.411589 
0.303893 
0.193230 
0.106849 
0.072000 
0.072000 
0.072000 
0.072000 
0.072000 
0.072000 
0.072000 
0.072000 
0.072000 
0.072000 
0.072000 
0.072000 
0.072000 
0.072000 
0.072000 
0.072000 
0.072000 
0.072000 
0.072000 
0.072000 
0.072000 
0.072000 
0.072000 
0.072000 
0.072000 
0.072000 
0.072000 
0.072000 
0.072000 
0.072000 
0.072000 
0.072000 
0.072000 
0.072000 
0.072000 
0.072000 
0.072000 
0.072000 
0.072000 
0.072000 
0.072000 
0.072000 
0.072000 
0.072000 
0.072000 
0.072000 
0.079312 
0.098395 
0.124969 
0.154753 
0.183467 
0.217977 
0.261583 
0.304653 
0.337558 
0.350667 
0.350667 
0.350667 
0.350667 
0.350667 
0.350667 
0.353736 
0.362200 
0.374943 
0.390848 
0.408800 
0.444889 
0.504046 
0.568411 
0.620126 
0.641333 
0.617602 
0.558994 
0.484384 
0.412650 
0.362667 
0.334038 
0.311508 
0.291665 
0.271100 
0.246400 
0.210404 
0.164920 
0.119995 
0.085673 
0.072000 
0.072000 
0.072000 
0.072000 
0.072000 
0.072000 
0.072000 
0.072000 
0.072000 
0.072000 
0.072000 
0.072000 
0.072000 
0.072000 
0.072000 
0.072000 
0.072000 
0.072000 
0.072000 
0.072000 
0.072000 
0.072000 
0.072000 
0.072000 
0.072000 
0.072000 
0.074943 
0.083057 
0.095274 
0.110523 
0.127733 
0.162333 
0.219047 
0.280755 
0.330335 
0.350667 
0.350667 
0.350667 
0.350667 
0.350667 
0.350667 
0.357745 
0.376958 
0.405271 
0.439652 
0.477067 
