-0.010347 
0.011413 
0.030613 
0.047253 
0.061333 
0.072853 
0.081813 
0.088213 
0.092053 
0.093333 
0.090005 
0.082069 
0.072597 
0.064661 
0.061333 
0.061333 
0.061333 
0.061333 
0.061333 
0.061333 
0.061333 
0.061333 
0.061333 
0.061333 
0.061333 
0.062665 
0.065839 
0.069628 
0.072802 
0.074133 
0.072802 
0.069628 
0.065839 
0.062665 
0.061333 
0.061333 
0.061333 
0.061333 
0.061333 
0.061333 
0.061333 
0.061333 
0.061333 
0.061333 
0.061333 
0.061333 
0.061333 
0.061333 
0.061333 
0.061333 
0.061333 
0.061333 
0.061333 
0.061333 
0.061333 
0.061333 
0.061333 
0.061333 
0.061333 
0.061333 
0.061333 
0.061333 
0.061333 
0.061333 
0.061333 
0.061333 
0.061333 
0.061333 
0.061333 
0.061333 
0.061333 
0.061333 
0.061333 
0.061333 
0.061333 
0.061333 
0.061333 
0.061333 
0.061333 
0.061333 
0.061333 
0.061333 
0.061333 
0.061333 
0.061333 
0.061333 
0.061333 
0.061333 
0.061333 
0.061333 
0.087403 
0.149568 
0.223765 
0.285931 
0.312000 
0.312000 
0.312000 
0.312000 
0.312000 
0.312000 
0.312000 
0.312000 
0.312000 
0.312000 
0.312000 
0.312000 
0.312000 
0.312000 
0.312000 
0.312000 
0.300209 
0.270610 
0.231867 
0.192643 
0.161600 
0.135771 
0.108980 
0.085076 
0.067911 
0.061333 
0.061333 
0.061333 
0.061333 
0.061333 
0.061333 
0.061333 
0.061333 
0.061333 
0.061333 
0.061333 
0.061333 
0.061333 
0.061333 
0.061333 
0.061333 
0.061333 
0.061333 
0.061333 
0.061333 
0.061333 
0.061333 
0.061333 
0.061333 
0.061333 
0.061333 
0.061333 
0.061333 
0.061333 
0.061333 
0.061333 
0.061333 
0.061333 
0.061333 
0.061333 
0.061333 
0.061333 
0.061333 
0.061333 
0.061333 
0.061333 
0.061333 
0.061333 
0.061333 
0.061333 
0.061333 
0.061333 
0.061333 
0.061333 
0.061333 
0.061333 
0.073125 
0.102723 
0.141466 
0.180691 
0.211733 
0.237562 
0.264353 
0.288257 
0.305423 
0.312000 
0.312000 
0.312000 
0.312000 
0.312000 
0.312000 
0.312000 
0.312000 
0.312000 
0.312000 
0.312000 
0.309353 
0.302054 
0.291064 
0.277348 
0.261867 
0.230744 
0.179728 
0.124221 
0.079622 
0.061333 
0.061333 
0.061333 
0.061333 
0.061333 
0.061333 
0.061333 
0.061333 
0.061333 
0.061333 
0.061333 
0.061333 
0.061333 
0.061333 
0.061333 
0.061333 
0.061333 
0.061333 
0.061333 
0.061333 
0.061333 
0.061333 
0.061333 
0.061333 
0.061333 
0.061333 
0.061333 
0.061333 
0.061333 
0.061333 
0.061333 
0.061333 
0.061333 
0.061333 
0.061333 
0.061333 
0.061333 
0.061333 
0.061333 
0.061333 
0.061333 
0.079622 
0.124221 
0.179728 
0.230744 
0.261867 
0.277348 
0.291064 
0.302054 
0.309353 
0.312000 
0.312000 
0.312000 
0.312000 
0.312000 
0.312000 
0.312000 
0.312000 
0.312000 
0.312000 
0.312000 
0.305423 
0.288257 
0.264353 
0.237562 
0.211733 
0.180691 
0.141466 
0.102723 
0.073125 
0.061333 
0.061333 
0.061333 
0.061333 
0.061333 
0.061333 
0.061333 
0.061333 
0.061333 
0.061333 
0.061333 
0.061333 
0.061333 
0.061333 
0.061333 
0.061333 
0.061333 
0.061333 
0.061333 
0.061333 
0.061333 
0.061333 
0.061333 
0.061333 
0.061333 
0.061333 
0.061333 
0.061333 
0.061333 
0.061333 
0.061333 
0.061333 
0.061333 
0.061333 
0.061333 
0.061333 
0.061333 
0.061333 
0.061333 
0.061333 
0.061333 
0.061333 
0.061333 
0.061333 
0.061333 
0.061333 
0.061333 
0.061333 
0.061333 
0.061333 
0.061333 
0.061333 
0.061333 
0.061333 
0.061333 
0.061333 
0.061333 
0.061333 
0.061333 
0.061333 
0.061333 
0.061333 
0.061333 
0.061333 
0.061333 
0.061333 
0.061333 
0.061333 
0.061333 
0.061333 
0.061333 
0.061333 
0.061333 
0.061333 
0.061333 
0.061333 
0.061333 
0.061333 
0.061333 
0.061333 
0.061333 
0.061333 
0.061333 
0.061333 
0.061333 
0.061333 
0.061333 
0.061333 
0.061333 
0.061333 
0.061333 
0.061333 
0.061333 
0.061333 
0.061333 
0.061333 
0.061333 
0.061333 
0.061333 
0.061333 
0.061333 
0.061333 
0.061333 
0.061333 
0.061333 
0.061333 
0.061333 
0.061333 
0.061333 
0.061333 
0.061333 
0.061333 
0.061333 
0.061333 
0.061333 
0.061333 
0.061333 
0.061333 
0.061333 
0.061333 
0.061333 
0.061333 
0.061333 
0.061333 
0.061333 
0.061333 
0.061333 
0.061333 
0.061333 
0.061333 
0.061333 
0.087403 
0.149568 
0.223765 
0.285931 
0.312000 
0.312000 
0.312000 
0.312000 
0.312000 
0.312000 
0.312000 
0.312000 
0.312000 
0.312000 
0.312000 
0.312000 
0.312000 
0.312000 
0.312000 
0.312000 
0.300209 
0.270610 
0.231867 
0.192643 
0.161600 
0.135771 
0.108980 
0.085076 
0.067911 
0.061333 
0.061333 
0.061333 
0.061333 
0.061333 
0.061333 
0.061333 
0.061333 
0.061333 
0.061333 
0.061333 
0.061333 
0.061333 
0.061333 
0.061333 
0.061333 
0.061333 
0.061333 
0.061333 
0.061333 
0.061333 
0.061333 
0.061333 
0.061333 
0.061333 
0.061333 
0.061333 
0.061333 
0.061333 
0.061333 
0.061333 
0.065180 
0.075433 
0.090163 
0.107440 
0.125333 
0.148854 
0.180416 
0.214190 
0.244350 
0.265067 
0.278178 
0.289415 
0.298789 
0.306313 
0.312000 
0.316719 
0.321068 
0.324659 
0.327100 
0.328000 
0.327112 
0.324697 
0.321125 
0.316769 
0.312000 
0.306074 
0.298040 
0.287955 
0.275878 
0.261867 
0.236984 
0.199282 
0.159301 
0.127582 
0.114667 
0.120061 
0.134050 
0.153341 
0.174644 
0.194667 
0.217463 
0.245379 
0.272564 
0.293166 
0.301333 
0.301333 
0.301333 
0.301333 
0.301333 
0.301333 
0.301333 
0.301333 
0.301333 
0.301333 
0.301333 
0.294033 
0.275164 
0.249280 
0.220930 
0.194667 
0.165630 
0.130667 
0.096889 
0.071407 
0.061333 
0.061333 
0.061333 
0.061333 
0.061333 
0.061333 
0.061333 
0.061333 
0.061333 
0.061333 
0.061333 
0.061333 
0.061333 
0.061333 
0.061333 
0.061333 
0.061333 
0.061333 
0.061333 
0.061333 
0.061333 
0.063980 
0.071280 
0.082269 
0.095985 
0.111467 
0.142589 
0.193605 
0.249113 
0.293711 
0.312000 
0.312000 
0.312000 
0.312000 
0.312000 
0.312000 
0.312000 
0.312000 
0.312000 
0.312000 
0.312000 
0.312000 
0.312000 
0.312000 
0.312000 
0.312000 
0.293711 
0.249113 
0.193605 
0.142589 
0.111467 
0.095985 
0.082269 
0.071280 
0.063980 
0.061333 
0.061333 
0.061333 
0.061333 
0.061333 
0.061333 
0.061333 
0.061333 
0.061333 
0.061333 
0.061333 
0.061333 
0.061333 
0.061333 
0.061333 
0.061333 
0.061333 
0.061333 
0.061333 
0.061333 
0.061333 
0.061333 
0.061333 
0.061333 
0.061333 
0.061333 
0.061333 
0.061333 
0.061333 
0.061333 
0.061333 
0.061333 
0.061333 
0.061333 
0.061333 
0.061333 
0.061333 
0.061333 
0.061333 
0.061333 
0.061333 
0.079622 
0.124221 
0.179728 
0.230744 
0.261867 
0.277348 
0.291064 
0.302054 
0.309353 
0.312000 
0.312000 
0.312000 
0.312000 
0.312000 
0.312000 
0.312000 
0.312000 
0.312000 
0.312000 
0.312000 
0.305423 
0.288257 
0.264353 
0.237562 
0.211733 
0.180691 
0.141466 
0.102723 
0.073125 
0.061333 
0.061333 
0.061333 
0.061333 
0.061333 
0.061333 
0.061333 
0.061333 
0.061333 
0.061333 
0.061333 
0.061333 
0.061333 
0.061333 
0.061333 
0.061333 
0.061333 
0.061333 
0.061333 
0.061333 
0.061333 
0.061333 
0.061333 
0.061333 
0.061333 
0.061333 
0.061333 
0.061333 
0.061333 
0.061333 
0.061333 
0.061333 
0.061333 
0.061333 
0.061333 
0.061333 
0.061333 
0.061333 
0.061333 
0.061333 
0.061333 
0.087403 
0.149568 
0.223765 
0.285931 
0.312000 
0.312000 
0.312000 
0.312000 
0.312000 
0.312000 
0.312000 
0.312000 
0.312000 
0.312000 
0.312000 
0.312000 
0.312000 
0.312000 
0.312000 
0.312000 
0.300209 
0.270610 
0.231867 
0.192643 
0.161600 
0.135771 
0.108980 
0.085076 
0.067911 
0.061333 
0.064788 
0.073299 
0.084081 
0.094354 
0.101333 
0.105734 
0.109856 
0.113298 
0.115657 
0.116533 
0.110793 
0.097103 
0.080764 
0.067074 
0.061333 
0.061333 
0.061333 
0.061333 
0.061333 
0.061333 
0.061333 
0.061333 
0.061333 
0.061333 
0.061333 
0.061333 
0.061333 
0.061333 
0.061333 
0.061333 
0.061333 
0.061333 
0.061333 
0.061333 
0.061333 
0.061333 
0.061333 
0.061333 
0.061333 
0.061333 
0.061333 
0.061333 
0.061333 
0.061333 
0.061333 
0.061333 
0.061333 
0.061333 
0.061333 
0.061333 
0.061333 
0.061333 
0.061333 
0.061333 
0.061333 
0.061333 
0.061333 
0.061333 
0.061333 
0.061333 
0.061333 
0.061333 
0.061333 
0.061333 
0.061333 
0.061333 
0.061333 
0.061333 
0.061333 
0.061333 
0.079622 
0.124221 
0.179728 
0.230744 
0.261867 
0.277348 
0.291064 
0.302054 
0.309353 
0.312000 
0.312000 
0.312000 
0.312000 
0.312000 
0.312000 
0.312000 
0.312000 
0.312000 
0.312000 
0.312000 
0.305423 
0.288257 
0.264353 
0.237562 
0.211733 
0.180691 
0.141466 
0.102723 
0.073125 
0.061333 
0.061333 
0.061333 
0.061333 
0.061333 
0.061333 
0.061333 
0.061333 
0.061333 
0.061333 
0.061333 
0.061333 
0.061333 
0.061333 
0.061333 
0.061333 
0.061333 
0.061333 
0.061333 
0.061333 
0.061333 
0.061333 
0.061333 
0.061333 
0.061333 
0.061333 
0.061333 
0.061333 
0.061333 
0.061333 
0.061333 
0.061333 
0.061333 
0.061333 
0.061333 
0.061333 
0.061333 
0.061333 
0.061333 
0.061333 
0.061333 
0.061333 
0.061333 
0.061333 
0.061333 
0.061333 
0.061333 
0.061333 
0.061333 
0.061333 
0.061333 
0.079622 
0.124221 
0.179728 
0.230744 
0.261867 
0.277348 
0.291064 
0.302054 
0.309353 
0.312000 
0.312000 
0.312000 
0.312000 
0.312000 
0.312000 
0.312000 
0.312000 
0.312000 
0.312000 
0.312000 
0.305423 
0.288257 
0.264353 
0.237562 
0.211733 
0.180691 
0.141466 
0.102723 
0.073125 
0.061333 
0.061333 
0.061333 
0.061333 
0.061333 
0.061333 
0.061333 
0.061333 
0.061333 
0.061333 
0.061333 
0.061333 
0.061333 
0.061333 
0.061333 
0.061333 
0.061333 
0.061333 
0.061333 
0.061333 
0.061333 
0.061333 
0.061333 
0.061333 
0.061333 
0.061333 
0.061333 
0.061333 
0.061333 
0.061333 
0.061333 
0.061333 
0.061333 
0.061333 
0.061333 
0.061333 
0.061333 
0.061333 
0.061333 
0.061333 
0.061333 
0.061333 
0.061333 
0.061333 
0.061333 
0.061333 
0.061333 
0.061333 
0.061333 
0.061333 
0.061333 
0.061333 
0.061333 
0.061333 
0.061333 
0.061333 
0.061333 
0.061333 
0.061333 
0.061333 
0.061333 
0.061333 
0.061333 
0.061333 
0.061333 
0.061333 
0.061333 
0.061333 
0.061333 
0.061333 
0.061333 
0.061333 
0.061333 
0.061333 
0.061333 
0.061333 
0.063980 
0.071280 
0.082269 
0.095985 
0.111467 
0.142589 
0.193605 
0.249113 
0.293711 
0.312000 
0.312000 
0.312000 
0.312000 
0.312000 
0.312000 
0.312000 
0.312000 
0.312000 
0.312000 
0.312000 
0.312000 
0.312000 
0.312000 
0.312000 
0.312000 
0.293711 
0.249113 
0.193605 
0.142589 
0.111467 
0.095985 
0.082269 
0.071280 
0.063980 
0.061333 
0.061333 
0.061333 
0.061333 
0.061333 
0.061333 
0.061333 
0.061333 
0.061333 
0.061333 
0.061333 
0.061333 
0.061333 
0.061333 
0.061333 
0.061333 
0.061333 
0.061333 
0.061333 
0.061333 
0.061333 
0.061333 
0.061333 
0.061333 
0.061333 
0.061333 
0.061333 
0.061333 
0.061333 
0.061333 
0.061333 
0.061333 
0.061333 
0.061333 
0.061333 
0.061333 
0.061333 
0.061333 
0.061333 
0.061333 
0.061333 
0.061333 
0.061333 
0.061333 
0.061333 
0.061333 
0.061333 
0.061333 
0.061333 
0.061333 
0.061333 
0.079622 
0.124221 
0.179728 
0.230744 
0.261867 
0.277348 
0.291064 
0.302054 
0.309353 
0.312000 
0.312000 
0.312000 
0.312000 
0.312000 
0.312000 
0.312000 
0.312000 
0.312000 
0.312000 
0.312000 
0.305423 
0.288257 
0.264353 
0.237562 
0.211733 
0.180691 
0.141466 
0.102723 
0.073125 
0.061333 
0.061333 
0.061333 
0.061333 
0.061333 
0.061333 
0.061333 
0.061333 
0.061333 
0.061333 
0.061333 
0.061333 
0.061333 
0.061333 
0.061333 
0.061333 
0.061333 
0.061333 
0.061333 
0.061333 
0.061333 
0.251356 
0.737438 
1.393602 
2.093871 
2.712267 
3.336209 
4.049705 
4.721656 
5.220964 
5.416533 
4.867913 
3.559663 
1.998204 
0.689954 
0.141333 
0.141333 
0.141333 
0.141333 
0.141333 
0.141333 
0.158786 
0.202352 
0.258846 
0.315080 
0.357867 
0.386067 
0.409459 
0.431230 
0.454570 
0.482667 
0.519629 
0.564273 
0.611849 
0.657608 
0.696800 
0.733661 
0.771921 
0.806070 
0.830599 
0.840000 
0.829557 
0.802206 
0.763917 
0.720659 
0.678400 
0.626074 
0.558810 
0.491868 
0.440511 
0.420000 
0.568290 
0.921905 
1.343962 
1.697577 
1.845867 
1.697410 
1.343398 
0.920868 
0.566857 
0.418400 
0.423103 
0.435241 
0.451853 
0.469981 
0.486667 
0.504220 
0.524670 
0.544636 
0.560740 
0.569600 
0.573052 
0.575492 
0.577379 
0.579173 
0.581333 
0.584318 
0.587824 
0.591172 
0.593679 
0.594667 
0.539200 
0.406933 
0.249067 
0.116800 
0.061333 
0.061333 
0.061333 
0.061333 
0.061333 
0.061333 
0.067911 
0.085076 
0.108980 
0.135771 
0.161600 
0.190896 
0.226628 
0.262752 
0.293223 
0.312000 
0.320738 
0.326452 
0.331129 
0.336759 
0.345333 
0.364904 
0.396635 
0.432181 
0.463195 
0.481333 
0.489814 
0.497141 
0.502894 
0.506654 
0.508000 
0.480267 
0.414133 
0.335200 
0.269067 
0.241333 
0.241333 
0.241333 
0.241333 
0.241333 
0.241333 
0.255225 
0.289227 
0.331830 
0.371524 
0.396800 
0.408379 
0.416305 
0.423056 
0.431106 
0.442933 
0.468099 
0.507838 
0.552142 
0.591000 
0.614400 
0.624305 
0.630817 
0.636136 
0.642463 
0.652000 
0.670202 
0.697999 
0.730801 
0.764020 
0.793067 
0.821378 
0.852114 
0.880268 
0.900833 
0.908800 
0.885346 
0.827121 
0.752329 
0.679176 
0.625867 
0.587506 
0.549998 
0.517752 
0.495172 
0.486667 
0.508600 
0.568233 
0.656313 
0.763586 
0.880800 
1.037967 
1.258083 
1.521376 
1.808073 
2.098400 
2.460616 
2.911409 
3.353654 
3.690226 
3.824000 
3.819644 
3.807275 
3.787936 
3.762674 
3.732533 
3.675720 
3.573697 
3.432401 
3.257768 
3.055733 
2.655205 
2.009068 
1.309221 
0.747565 
0.516000 
0.513803 
0.512216 
0.511088 
0.510267 
0.509600 
0.508969 
0.508388 
0.507910 
0.507586 
0.507467 
0.512309 
0.524576 
0.540874 
0.557813 
0.572000 
0.585022 
0.599183 
0.612167 
0.621656 
0.625333 
0.618293 
0.601013 
0.579253 
0.558773 
0.545333 
0.537440 
0.530187 
0.524213 
0.520160 
0.518667 
0.536004 
0.578200 
0.630527 
0.678258 
0.706667 
0.719304 
0.729668 
0.737953 
0.744354 
0.749067 
0.752253 
0.754418 
0.756270 
0.758517 
0.761867 
0.769046 
0.780594 
0.793940 
0.806510 
0.815733 
0.822540 
0.829093 
0.834670 
0.838547 
0.840000 
0.839129 
0.836629 
0.832671 
0.827427 
0.821067 
0.797706 
0.751922 
0.699578 
0.656538 
0.638667 
0.638667 
0.638667 
0.638667 
0.638667 
0.638667 
0.638667 
0.638667 
0.638667 
0.638667 
0.638667 
0.638667 
0.638667 
0.638667 
0.638667 
0.638667 
0.642124 
0.651375 
0.664736 
0.680528 
0.697067 
0.720774 
0.754016 
0.789031 
0.818058 
0.833333 
0.838745 
0.843244 
0.846664 
0.848838 
0.849600 
0.793690 
0.660365 
0.501235 
0.367910 
0.312000 
0.312000 
0.312000 
0.312000 
0.312000 
0.312000 
0.285931 
0.223765 
0.149568 
0.087403 
0.061333 
0.061333 
0.061333 
0.061333 
0.061333 
0.061333 
0.061333 
0.061333 
0.061333 
0.061333 
0.061333 
0.061333 
0.061333 
0.061333 
0.061333 
0.061333 
0.061333 
0.061333 
0.061333 
0.061333 
0.061333 
0.061333 
0.061333 
0.061333 
0.061333 
0.061333 
