0.000000 
0.000000 
0.000000 
0.000000 
0.000000 
0.000000 
0.000000 
0.000000 
0.000000 
0.000000 
0.000000 
0.000000 
0.000000 
0.000000 
0.000000 
0.000000 
0.000000 
0.000000 
0.000000 
0.000000 
0.000000 
0.000000 
0.000000 
0.000000 
0.000000 
0.000000 
0.000000 
0.000000 
0.000000 
0.000000 
0.000000 
0.000000 
0.000000 
0.000000 
0.000000 
0.000000 
0.000000 
0.000000 
0.000000 
0.000000 
0.000000 
0.000000 
0.000000 
0.000000 
0.000000 
0.000000 
0.000000 
0.000000 
0.000000 
0.000000 
0.000000 
0.000000 
0.000000 
0.000000 
0.000000 
0.000000 
0.000000 
0.000000 
0.000000 
0.000000 
0.000000 
0.000000 
0.000000 
0.000000 
0.000000 
0.000000 
0.000000 
0.000000 
0.000000 
0.000000 
0.000000 
0.000000 
0.000000 
0.000000 
0.000000 
0.000000 
0.000000 
0.000000 
0.000000 
0.000000 
0.000000 
0.000000 
0.000000 
0.000000 
0.000000 
0.000000 
0.000000 
0.000000 
0.000000 
0.000000 
0.000000 
0.000000 
0.000000 
0.000000 
0.000000 
0.000000 
0.000000 
0.000000 
0.000000 
0.000000 
0.000000 
0.000000 
0.000000 
0.000000 
0.000000 
0.000000 
0.000000 
0.000000 
0.000000 
0.000000 
0.000000 
0.000000 
0.000000 
0.000000 
0.000000 
0.000000 
0.000000 
0.000000 
0.000000 
0.000000 
0.000000 
0.000000 
0.000000 
0.000000 
0.000000 
0.000000 
0.000000 
0.000000 
0.000000 
0.000000 
0.000000 
0.000000 
0.000000 
0.000000 
0.000000 
0.000000 
0.000000 
0.000000 
0.000000 
0.000000 
0.000000 
0.000000 
0.000000 
0.000000 
0.000000 
0.000000 
0.000000 
0.000000 
0.000000 
0.000000 
0.000000 
0.000000 
0.000000 
0.000000 
0.000000 
0.000000 
0.000000 
0.000000 
0.000000 
0.000000 
0.000000 
0.000000 
0.000000 
0.000000 
0.000000 
0.000000 
0.000000 
0.000000 
0.000000 
0.000000 
0.000000 
0.000000 
0.000000 
0.000000 
0.000000 
0.000000 
0.000000 
0.000000 
0.000000 
0.000000 
0.000000 
0.000000 
0.000000 
0.000000 
0.000000 
0.000000 
0.000000 
0.000000 
0.000000 
0.000000 
0.000000 
0.000000 
0.000000 
0.000000 
0.000000 
0.000000 
0.000000 
0.000000 
0.000000 
0.000000 
0.000000 
0.000000 
0.000000 
0.000000 
0.000000 
0.000000 
0.000000 
0.000000 
0.000000 
0.000000 
0.000000 
0.000000 
0.000000 
0.000000 
0.000000 
0.000000 
0.000000 
0.000000 
0.000000 
0.000000 
0.000000 
0.000000 
0.000000 
0.000000 
0.000000 
0.000000 
0.000000 
0.000000 
0.000000 
0.000000 
0.000000 
0.000000 
0.000000 
0.000000 
0.000000 
0.000000 
0.000000 
0.000000 
0.000000 
0.000000 
0.000000 
0.000000 
0.000000 
0.000000 
0.000000 
0.000000 
0.000000 
0.000000 
0.000000 
0.000000 
0.000000 
0.000000 
0.000000 
0.000000 
0.000000 
0.000000 
0.000000 
0.000000 
0.000000 
0.000000 
0.000000 
0.000000 
0.000000 
0.000000 
0.000000 
0.000000 
0.000000 
0.000000 
0.000000 
0.000000 
0.000000 
0.000000 
0.000000 
0.000000 
0.000000 
0.000000 
0.000000 
0.000000 
0.000000 
0.000000 
0.000000 
0.000000 
0.000000 
0.000000 
0.000000 
0.000000 
0.000000 
0.000000 
0.000000 
0.000000 
0.000000 
0.000000 
0.000000 
0.000000 
0.000000 
0.000000 
0.000000 
0.000000 
0.000000 
0.000000 
0.000000 
0.000000 
0.000000 
0.000000 
0.000000 
0.000000 
0.000000 
0.000000 
0.000000 
0.000000 
0.000000 
0.000000 
0.000000 
0.000000 
0.000000 
0.000000 
0.000000 
0.000000 
0.000000 
0.000000 
0.000000 
0.000000 
0.000000 
0.000000 
0.000000 
0.000000 
0.000000 
0.000000 
0.000000 
0.000000 
0.000000 
0.000000 
0.000000 
0.000000 
0.000000 
0.000000 
0.000000 
0.000000 
0.000000 
0.000000 
0.000000 
0.000000 
0.000000 
0.000000 
0.000000 
0.000000 
0.000000 
0.000000 
0.000000 
0.000000 
0.000000 
0.000000 
0.000000 
0.000000 
0.000000 
0.000000 
0.000000 
0.000000 
0.000000 
0.000000 
0.000000 
0.000000 
0.000000 
0.000000 
0.000000 
0.000000 
0.000000 
0.000000 
0.000000 
0.000000 
0.000000 
0.000000 
0.000000 
0.000000 
0.000000 
0.000000 
0.000000 
0.000000 
0.000000 
0.000000 
0.000000 
0.000000 
0.000000 
0.000000 
0.000000 
0.000000 
0.000000 
0.000000 
0.000000 
0.000000 
0.000000 
0.000000 
0.000000 
0.000000 
0.000000 
0.000000 
0.000000 
0.000000 
0.000000 
0.000000 
0.000000 
0.000000 
0.000000 
0.000000 
0.000000 
0.000000 
0.000000 
0.000000 
0.000000 
0.000000 
0.000000 
0.000000 
0.000000 
0.000000 
0.000000 
0.000000 
0.000000 
0.000000 
0.000000 
0.000000 
0.000000 
0.003490 
0.010993 
0.018206 
0.018729 
0.017083 
0.022934 
0.015200 
0.014902 
0.015356 
0.017000 
0.022939 
0.032096 
0.041751 
0.054175 
0.057735 
0.067385 
0.064675 
0.077695 
0.068222 
0.072269 
0.086017 
0.090586 
0.077180 
0.105108 
0.109827 
0.086702 
0.088993 
0.141926 
0.133555 
0.150337 
0.145308 
0.099337 
0.113195 
0.141007 
0.139015 
0.152317 
0.162255 
0.165620 
0.151384 
0.159504 
0.156530 
0.138328 
0.095871 
0.077316 
0.049876 
0.001626 
0.000000 
0.000000 
0.000000 
0.000000 
0.000000 
0.014884 
0.059645 
0.094120 
0.097183 
0.116747 
0.126930 
0.110373 
0.125408 
0.132810 
0.118881 
0.145274 
0.136615 
0.142299 
0.113817 
0.146286 
0.099246 
0.130914 
0.124225 
0.146375 
0.116242 
0.170607 
0.135771 
0.112689 
0.164848 
0.150031 
0.170845 
0.138680 
0.172924 
0.135543 
0.106660 
0.093966 
0.075396 
0.075147 
0.076805 
0.119198 
0.158934 
0.154957 
0.163627 
0.132212 
0.104349 
0.065945 
0.008957 
0.000000 
0.000000 
0.000000 
0.000000 
0.000000 
0.000000 
0.000000 
0.000000 
0.000000 
0.008692 
0.057150 
0.093338 
0.129378 
0.122617 
0.179411 
0.153872 
0.190817 
0.219023 
0.172586 
0.230641 
0.199058 
0.224651 
0.204894 
0.230383 
0.231637 
0.230434 
0.200454 
0.271884 
0.229799 
0.208639 
0.217368 
0.237102 
0.253800 
0.245971 
0.219423 
0.208776 
0.248584 
0.245654 
0.230644 
0.257975 
0.186676 
0.270109 
0.232638 
0.278746 
0.247188 
0.198219 
0.265615 
0.278436 
0.259836 
0.282448 
0.252255 
0.238266 
0.210356 
0.238516 
0.267575 
0.251403 
0.288240 
0.214305 
0.283752 
0.289665 
0.270943 
0.322928 
0.325381 
0.319882 
0.290422 
0.325743 
0.284442 
0.280590 
0.330947 
0.288275 
0.285990 
0.323219 
0.256434 
0.295639 
0.278803 
0.260730 
0.279292 
0.268404 
0.306592 
0.322975 
0.344995 
0.266831 
0.227216 
0.174206 
0.102701 
0.091117 
0.085608 
0.098374 
0.117019 
0.128934 
0.157730 
0.187503 
0.239750 
0.271145 
0.350460 
0.293320 
0.347183 
0.383103 
0.319359 
0.319858 
0.270310 
0.255004 
0.187390 
0.186687 
0.149095 
0.119965 
0.088959 
0.073303 
0.051680 
0.028947 
0.025497 
0.055480 
0.152500 
0.209198 
0.286477 
0.304289 
0.390279 
0.367277 
0.301859 
0.328772 
0.318674 
0.244745 
0.190112 
0.194324 
0.125637 
0.129741 
0.137924 
0.229912 
0.296843 
0.353339 
0.349758 
0.372898 
0.339747 
0.395127 
0.297518 
0.287045 
0.382329 
0.366559 
0.304258 
0.260343 
0.280495 
0.295463 
0.306349 
0.353621 
0.286346 
0.358740 
0.423076 
0.377254 
0.246462 
0.226829 
0.194776 
0.127188 
0.050961 
0.000000 
0.000000 
0.000000 
0.000000 
0.000000 
0.000000 
0.000000 
0.000000 
0.000000 
0.001272 
0.103120 
0.176505 
0.234740 
0.243692 
0.290025 
0.316248 
0.359326 
0.360576 
0.336902 
0.381343 
0.319294 
0.374160 
0.339318 
0.342964 
0.422218 
0.416238 
0.401138 
0.346272 
0.395316 
0.364560 
0.353456 
0.375262 
0.399671 
0.355725 
0.315859 
0.312625 
0.345883 
0.247911 
0.303304 
0.161787 
0.070803 
0.000000 
0.000000 
0.000000 
0.000000 
0.000000 
0.015841 
0.040585 
0.061261 
0.083104 
0.114289 
0.128721 
0.139303 
0.112735 
0.087327 
0.032069 
0.002574 
0.000000 
0.002722 
0.037268 
0.091994 
0.129802 
0.129291 
0.179486 
0.190753 
0.260439 
0.288797 
0.296207 
0.266641 
0.167725 
0.102303 
0.034058 
0.012766 
0.016232 
0.020075 
0.017247 
0.027006 
0.029334 
0.027758 
0.018596 
0.008679 
0.000442 
0.000000 
0.001612 
0.011995 
0.028398 
0.040650 
0.065877 
0.078872 
0.105694 
0.109317 
0.120837 
0.111260 
0.143736 
0.231074 
0.324963 
0.402018 
0.269484 
0.350417 
0.384920 
0.309075 
0.336559 
0.255782 
0.270631 
0.144587 
0.103208 
0.028553 
0.000000 
0.000000 
0.000000 
0.000000 
0.000000 
0.000000 
0.000000 
0.000000 
0.026500 
0.081835 
0.119434 
0.194329 
0.280951 
0.318173 
0.423976 
0.361988 
0.388330 
0.376068 
0.342665 
0.456386 
0.338572 
0.353507 
0.377047 
0.433218 
0.314954 
0.368815 
0.401310 
0.391350 
0.355014 
0.370316 
0.314824 
0.354660 
0.400870 
0.361953 
0.347666 
0.359695 
0.323015 
0.302691 
0.309926 
0.360504 
0.365405 
0.420857 
0.428012 
0.446884 
0.379457 
0.447295 
0.416590 
0.385666 
0.405912 
0.398043 
0.411407 
0.266066 
0.300724 
0.253470 
0.270287 
0.204001 
0.225580 
0.225487 
0.298888 
0.323586 
0.362088 
0.398325 
0.342691 
0.385126 
0.253586 
0.379092 
0.370000 
0.291910 
0.291661 
0.373361 
0.373215 
0.355185 
0.346696 
0.406613 
0.347561 
0.298775 
0.331356 
0.281025 
0.279987 
0.244180 
0.199704 
0.206865 
0.201823 
0.169985 
0.137535 
0.147676 
0.153782 
0.218399 
0.238679 
0.294675 
0.307660 
0.345292 
0.379712 
0.390961 
0.340073 
0.292875 
0.341332 
0.288474 
0.312543 
0.282959 
0.296993 
0.276862 
0.318975 
0.341040 
0.331058 
0.336267 
0.328592 
0.315521 
0.272918 
0.280795 
0.268445 
0.228675 
0.313378 
0.234710 
0.252486 
0.244244 
0.204157 
0.243866 
0.166424 
0.207506 
0.201599 
0.229640 
0.244353 
0.219079 
0.249646 
0.265076 
0.266276 
0.222890 
0.238596 
0.266206 
0.253482 
0.266442 
0.190451 
0.110351 
0.040557 
0.011651 
0.003224 
0.000000 
0.000000 
0.000000 
0.000000 
0.000000 
0.000000 
0.000000 
0.000000 
0.000000 
0.000000 
0.000000 
0.000000 
0.000000 
0.008029 
0.022142 
0.037238 
0.067391 
0.100107 
0.135901 
0.179848 
0.146844 
0.263811 
0.288413 
0.280174 
0.267680 
0.222159 
0.263434 
0.190693 
0.160730 
0.167485 
0.132828 
0.129192 
0.116636 
0.109078 
0.096017 
0.096173 
0.090342 
0.075587 
0.070625 
0.072659 
0.098723 
0.086169 
0.093615 
0.121456 
0.132055 
0.171901 
0.278953 
0.241671 
0.265249 
0.256029 
0.293608 
0.245700 
0.216044 
0.315854 
0.244536 
0.187709 
0.189784 
0.161959 
0.153695 
0.148953 
0.136638 
0.145582 
0.126817 
0.133614 
0.131210 
0.130938 
0.116513 
0.138026 
0.144016 
0.134730 
0.174537 
0.163287 
0.188669 
0.201992 
0.203548 
0.193908 
0.195121 
0.213853 
0.211853 
0.195395 
0.166461 
0.156250 
0.107312 
0.088086 
0.111093 
0.113340 
0.158658 
0.153063 
0.155796 
0.154779 
0.145617 
0.092604 
0.066177 
0.064474 
0.057131 
0.073796 
0.088475 
0.090928 
0.107263 
0.080489 
0.088764 
0.088738 
0.087291 
0.078255 
0.086113 
0.080614 
0.072201 
0.069369 
0.068107 
0.065833 
0.064316 
0.055533 
0.042959 
0.041666 
0.040589 
0.035644 
0.028183 
0.021189 
0.015698 
0.008879 
0.004314 
0.000316 
0.000000 
0.000000 
0.000000 
0.000000 
0.000000 
0.000000 
0.000000 
0.000000 
0.000000 
0.000000 
0.000000 
0.000000 
0.000000 
0.000000 
0.000000 
0.000000 
0.000000 
0.000000 
0.000000 
0.000000 
0.000000 
0.000000 
0.000000 
0.000000 
0.000000 
0.000000 
0.000000 
0.000000 
0.000000 
0.000000 
0.001437 
0.003062 
0.005505 
0.006577 
0.012211 
0.011652 
0.012992 
0.013311 
0.018413 
0.018139 
0.018580 
0.018418 
0.017326 
0.016287 
0.012713 
0.014609 
0.013876 
0.015479 
0.024605 
0.026740 
0.032473 
0.045909 
0.042874 
0.047165 
0.037960 
0.046824 
0.043092 
0.069994 
0.093263 
0.090385 
0.146179 
0.139428 
0.111060 
0.114008 
0.126700 
0.128465 
0.121610 
0.113842 
0.104826 
0.077314 
0.050368 
0.051733 
0.051016 
0.041755 
0.048993 
0.043115 
0.051362 
0.037712 
0.036822 
0.024329 
0.019634 
0.012938 
0.008564 
0.005840 
0.003306 
0.001103 
0.000000 
0.000000 
0.000000 
0.000000 
0.000000 
0.000000 
0.000000 
0.000000 
0.000000 
0.000789 
0.001168 
0.000931 
0.000356 
0.000000 
0.000000 
0.000000 
0.000000 
0.000000 
0.000000 
0.000000 
0.000000 
0.000000 
0.000000 
0.000430 
0.001646 
0.002155 
0.001987 
0.001119 
0.000000 
0.000000 
0.000000 
0.000000 
0.000000 
0.000000 
0.000000 
0.000000 
0.000000 
0.000000 
0.000000 
0.000000 
0.000000 
0.000000 
0.000000 
0.000000 
0.000000 
0.000000 
0.000000 
0.000000 
0.000000 
0.000000 
0.000000 
0.000000 
0.000000 
0.000000 
0.000000 
0.000000 
0.000000 
0.000000 
0.000000 
0.000000 
0.000000 
0.000000 
0.000000 
0.000000 
0.000000 
0.000000 
0.000000 
0.000000 
0.000000 
0.000000 
0.000000 
0.000000 
0.000000 
0.000000 
0.000000 
0.000000 
0.000000 
0.000000 
0.000000 
0.000000 
0.000000 
0.000000 
0.000000 
0.000000 
0.000000 
0.000000 
0.000000 
0.000000 
0.000000 
0.000000 
0.000000 
0.000000 
0.000000 
0.000000 
0.000000 
0.000000 
0.000000 
0.000000 
0.000000 
0.000000 
0.000000 
0.000000 
0.000000 
0.000000 
0.000000 
0.000000 
0.000000 
0.000000 
0.000000 
0.000000 
0.000000 
0.000000 
0.000000 
0.000000 
0.000000 
0.000000 
0.000000 
0.000000 
0.000000 
0.000000 
0.000000 
0.000000 
0.000000 
0.000000 
0.000000 
0.000000 
0.000000 
0.000000 
0.000000 
0.000000 
0.000000 
0.000000 
0.000000 
0.000000 
0.000000 
0.000000 
0.000000 
0.000000 
0.000000 
0.000000 
0.000000 
0.000000 
0.000000 
0.000000 
0.000000 
0.000000 
0.000000 
0.000000 
0.000000 
0.000000 
0.000000 
0.000000 
0.000000 
0.000000 
0.000000 
0.000000 
0.000000 
0.000000 
0.000000 
0.000000 
0.000000 
0.000000 
0.000000 
0.000000 
0.000000 
0.000000 
0.000000 
0.000000 
0.000000 
0.000000 
0.000000 
0.000000 
0.000000 
0.000000 
0.000000 
0.000000 
0.000000 
0.000000 
0.000000 
0.000000 
0.000000 
0.000000 
0.000000 
0.000000 
0.000000 
0.000000 
0.000000 
0.000000 
0.000000 
0.000000 
0.000000 
0.000000 
0.000000 
0.000000 
0.000000 
0.000000 
0.000000 
0.000000 
0.000000 
0.000000 
0.000000 
0.000000 
0.000000 
0.000000 
0.000000 
0.000000 
0.000000 
0.000000 
0.000000 
0.000000 
0.000000 
0.000000 
0.000000 
0.000000 
0.000000 
0.000000 
0.000000 
0.000000 
0.000000 
0.000000 
0.000000 
0.000000 
0.000000 
0.000000 
0.000000 
0.000000 
0.000000 
0.000000 
0.000000 
0.000000 
0.000000 
0.000000 
0.000000 
0.000000 
0.000000 
0.000000 
0.000000 
0.000000 
0.000000 
0.000000 
0.000000 
0.000000 
0.000000 
0.000000 
0.000000 
0.000000 
0.000000 
0.000000 
0.000000 
0.000000 
0.000000 
0.000000 
0.000000 
0.000000 
0.000000 
0.000000 
0.000000 
0.000000 
0.000000 
0.000000 
0.000000 
0.000000 
0.000000 
0.000000 
0.000000 
0.000000 
0.000000 
0.000000 
0.000000 
0.000000 
0.000000 
0.000000 
0.000000 
0.000000 
0.000000 
0.000000 
0.000000 
0.000000 
0.000000 
0.000000 
0.000000 
0.000000 
0.000000 
0.000000 
0.000000 
0.000000 
0.000000 
0.000000 
0.000000 
0.000000 
0.000000 
0.000000 
0.000000 
0.000000 
0.000000 
0.000000 
0.000000 
0.000000 
0.000000 
0.000000 
0.000000 
0.000000 
0.000000 
0.000000 
0.000000 
0.000000 
0.000000 
0.000000 
0.000000 
0.000000 
0.000000 
0.000000 
0.000000 
0.000000 
0.000000 
0.000000 
0.000000 
0.000000 
0.000000 
0.000000 
0.000000 
