0.077333 
0.077333 
0.077333 
0.077333 
0.077333 
0.077333 
0.077333 
0.077333 
0.077333 
0.077333 
0.077333 
0.077333 
0.077333 
0.077333 
0.077333 
0.077333 
0.077333 
0.077333 
0.077333 
0.077333 
0.077333 
0.077333 
0.077333 
0.077333 
0.077333 
0.077333 
0.077333 
0.077333 
0.077333 
0.077333 
0.077333 
0.077333 
0.077333 
0.077333 
0.077333 
0.077333 
0.077333 
0.077333 
0.077333 
0.077333 
0.077333 
0.077333 
0.077333 
0.077333 
0.077333 
0.077333 
0.077333 
0.077333 
0.077333 
0.077333 
0.077333 
0.077333 
0.077333 
0.077333 
0.077333 
0.077333 
0.077333 
0.077333 
0.077333 
0.077333 
0.077333 
0.077333 
0.077333 
0.077333 
0.077333 
0.077333 
0.077333 
0.077333 
0.077333 
0.077333 
0.088999 
0.118283 
0.156614 
0.195421 
0.226133 
0.251687 
0.278193 
0.301843 
0.318826 
0.325333 
0.325333 
0.325333 
0.325333 
0.325333 
0.325333 
0.325333 
0.325333 
0.325333 
0.325333 
0.325333 
0.322714 
0.315493 
0.304620 
0.291050 
0.275733 
0.244942 
0.194469 
0.139552 
0.095427 
0.077333 
0.077333 
0.077333 
0.077333 
0.077333 
0.077333 
0.077333 
0.077333 
0.077333 
0.077333 
0.077333 
0.077333 
0.077333 
0.077333 
0.077333 
0.077333 
0.085675 
0.106615 
0.134023 
0.161772 
0.183733 
0.202006 
0.220959 
0.237870 
0.250013 
0.254667 
0.254667 
0.254667 
0.254667 
0.254667 
0.254667 
0.254667 
0.254667 
0.254667 
0.254667 
0.254667 
0.236224 
0.192245 
0.139755 
0.095776 
0.077333 
0.077333 
0.077333 
0.077333 
0.077333 
0.077333 
0.077333 
0.077333 
0.077333 
0.077333 
0.077333 
0.077333 
0.077333 
0.077333 
0.077333 
0.077333 
0.079952 
0.087174 
0.098046 
0.111617 
0.126933 
0.157725 
0.208198 
0.263115 
0.307239 
0.325333 
0.325333 
0.325333 
0.325333 
0.325333 
0.325333 
0.325333 
0.325333 
0.325333 
0.325333 
0.325333 
0.325333 
0.325333 
0.325333 
0.325333 
0.325333 
0.307239 
0.263115 
0.208198 
0.157725 
0.126933 
0.111617 
0.098046 
0.087174 
0.079952 
0.077333 
0.077333 
0.077333 
0.077333 
0.077333 
0.077333 
0.079206 
0.084370 
0.092144 
0.101848 
0.112800 
0.134818 
0.170909 
0.210177 
0.241728 
0.254667 
0.254667 
0.254667 
0.254667 
0.254667 
0.254667 
0.254667 
0.254667 
0.254667 
0.254667 
0.254667 
0.246325 
0.225385 
0.197977 
0.170228 
0.148267 
0.129994 
0.111041 
0.094130 
0.081987 
0.077333 
0.095427 
0.139552 
0.194469 
0.244942 
0.275733 
0.291050 
0.304620 
0.315493 
0.322714 
0.325333 
0.325333 
0.325333 
0.325333 
0.325333 
0.325333 
0.325333 
0.325333 
0.325333 
0.325333 
0.325333 
0.318826 
0.301843 
0.278193 
0.251687 
0.226133 
0.195421 
0.156614 
0.118283 
0.088999 
0.077333 
0.077333 
0.077333 
0.077333 
0.077333 
0.077333 
0.079206 
0.084370 
0.092144 
0.101848 
0.112800 
0.134818 
0.170909 
0.210177 
0.241728 
0.254667 
0.254667 
0.254667 
0.254667 
0.254667 
0.254667 
0.254667 
0.254667 
0.254667 
0.254667 
0.254667 
0.246325 
0.225385 
0.197977 
0.170228 
0.148267 
0.129994 
0.111041 
0.094130 
0.081987 
0.077333 
0.077333 
0.077333 
0.077333 
0.077333 
0.077333 
0.079952 
0.087174 
0.098046 
0.111617 
0.126933 
0.157725 
0.208198 
0.263115 
0.307239 
0.325333 
0.325333 
0.325333 
0.325333 
0.325333 
0.325333 
0.325333 
0.325333 
0.325333 
0.325333 
0.325333 
0.325333 
0.325333 
0.325333 
0.325333 
0.325333 
0.315765 
0.292949 
0.265717 
0.242901 
0.233333 
0.235552 
0.240843 
0.247157 
0.252448 
0.254667 
0.254667 
0.254667 
0.254667 
0.254667 
0.254667 
0.254667 
0.254667 
0.254667 
0.254667 
0.254667 
0.236224 
0.192245 
0.139755 
0.095776 
0.077333 
0.077333 
0.077333 
0.077333 
0.077333 
0.077333 
0.077333 
0.077333 
0.077333 
0.077333 
0.077333 
0.077333 
0.077333 
0.077333 
0.077333 
0.077333 
0.077333 
0.077333 
0.077333 
0.077333 
0.077333 
0.077333 
0.077333 
0.077333 
0.077333 
0.077333 
0.077333 
0.077333 
0.077333 
0.077333 
0.077333 
0.077333 
0.077333 
0.077333 
0.077333 
0.077333 
0.077333 
0.077333 
0.077333 
0.077333 
0.077333 
0.104096 
0.167915 
0.244085 
0.307904 
0.334667 
0.333696 
0.331381 
0.328619 
0.326304 
0.325333 
0.331170 
0.345404 
0.363119 
0.379401 
0.389333 
0.394274 
0.398652 
0.402159 
0.404489 
0.405333 
0.393625 
0.365111 
0.329704 
0.297318 
0.277867 
0.269363 
0.262774 
0.257451 
0.252743 
0.248000 
0.242596 
0.236907 
0.231787 
0.228089 
0.226667 
0.228218 
0.232388 
0.238448 
0.245673 
0.253333 
0.265109 
0.282186 
0.300094 
0.314366 
0.320533 
0.320999 
0.321244 
0.321416 
0.321664 
0.322133 
0.330508 
0.350682 
0.377122 
0.404295 
0.426667 
0.444163 
0.460602 
0.476294 
0.491546 
0.506667 
0.523856 
0.542924 
0.560598 
0.573604 
0.578667 
0.574950 
0.566089 
0.555511 
0.546650 
0.542933 
0.550615 
0.569434 
0.593052 
0.615131 
0.629333 
0.637323 
0.644589 
0.650526 
0.654531 
0.656000 
0.656000 
0.656000 
0.656000 
0.656000 
0.656000 
0.667093 
0.693547 
0.725120 
0.751573 
0.762667 
0.761536 
0.758422 
0.753739 
0.747904 
0.741333 
0.728273 
0.706963 
0.683810 
0.665220 
0.657600 
0.675964 
0.721108 
0.778110 
0.832048 
0.868000 
0.887553 
0.903253 
0.916617 
0.929160 
0.942400 
0.958381 
0.976108 
0.992538 
1.004627 
1.009333 
1.005728 
0.996065 
0.982071 
0.965474 
0.948000 
0.927087 
0.900154 
0.868904 
0.835041 
0.800267 
0.756284 
0.701531 
0.647808 
0.606919 
0.590667 
0.590667 
0.590667 
0.590667 
0.590667 
0.590667 
0.589950 
0.588004 
0.585137 
0.581655 
0.577867 
0.571874 
0.562960 
0.553202 
0.544679 
0.539467 
0.536719 
0.534307 
0.532390 
0.531124 
0.530667 
0.530667 
0.530667 
0.530667 
0.530667 
0.530667 
0.530667 
0.530667 
0.530667 
0.530667 
0.530667 
0.530667 
0.530667 
0.530667 
0.530667 
0.530667 
0.530667 
0.530667 
0.530667 
0.530667 
0.530667 
0.530667 
0.530667 
0.530667 
0.530667 
0.530667 
0.529822 
0.527492 
0.523985 
0.519607 
0.514667 
0.504734 
0.488452 
0.470737 
0.456503 
0.450667 
0.475371 
0.535691 
0.610939 
0.680427 
0.723467 
0.745679 
0.765500 
0.781470 
0.792124 
0.796000 
0.784907 
0.758453 
0.726880 
0.700427 
0.689333 
0.690498 
0.693276 
0.696591 
0.699369 
0.700533 
0.688646 
0.659218 
0.621600 
0.585144 
0.559200 
0.544552 
0.533791 
0.523981 
0.512185 
0.495467 
0.457522 
0.396191 
0.329752 
0.276485 
0.254667 
0.254667 
0.254667 
0.254667 
0.254667 
0.254667 
0.254667 
0.254667 
0.254667 
0.254667 
0.254667 
0.246325 
0.225385 
0.197977 
0.170228 
0.148267 
0.129994 
0.111041 
0.094130 
0.081987 
0.077333 
0.077333 
0.077333 
0.077333 
0.077333 
0.077333 
0.077333 
0.077333 
0.077333 
0.077333 
0.077333 
0.077333 
0.077333 
0.077333 
0.077333 
0.077333 
0.077333 
0.077333 
0.077333 
0.077333 
0.077333 
0.077333 
0.077333 
0.077333 
0.077333 
0.077333 
0.077333 
0.077333 
0.077333 
0.077333 
0.077333 
0.091918 
0.129311 
0.179972 
0.234360 
0.282933 
0.332977 
0.390870 
0.445714 
0.486612 
0.502667 
0.502667 
0.502667 
0.502667 
0.502667 
0.502667 
0.502667 
0.502667 
0.502667 
0.502667 
0.502667 
0.490841 
0.460098 
0.417533 
0.370246 
0.325333 
0.273071 
0.208259 
0.144777 
0.096508 
0.077333 
0.077333 
0.077333 
0.077333 
0.077333 
0.077333 
0.077333 
0.077333 
0.077333 
0.077333 
0.077333 
0.077333 
0.077333 
0.077333 
0.077333 
0.077333 
0.077333 
0.077333 
0.077333 
0.077333 
0.077333 
0.077333 
0.077333 
0.077333 
0.077333 
0.077333 
0.077333 
0.077333 
0.077333 
0.077333 
0.077333 
0.077333 
0.077333 
0.077333 
0.077333 
0.077333 
0.077333 
0.077333 
0.077333 
0.077333 
0.077333 
0.077333 
0.077333 
0.077333 
0.077333 
0.077333 
0.077333 
0.077333 
0.077333 
0.077333 
0.077333 
0.077333 
0.077333 
0.077333 
0.077333 
0.077333 
0.077333 
0.077333 
0.077333 
0.077333 
0.077333 
0.095427 
0.139552 
0.194469 
0.244942 
0.275733 
0.291050 
0.304620 
0.315493 
0.322714 
0.325333 
0.325333 
0.325333 
0.325333 
0.325333 
0.325333 
0.332292 
0.349047 
0.369416 
0.387216 
0.396267 
0.398689 
0.400684 
0.402187 
0.403136 
0.403467 
0.387991 
0.351089 
0.307044 
0.270142 
0.254667 
0.254667 
0.254667 
0.254667 
0.254667 
0.254667 
0.241728 
0.210177 
0.170909 
0.134818 
0.112800 
0.101848 
0.092144 
0.084370 
0.079206 
0.077333 
0.077333 
0.077333 
0.077333 
0.077333 
0.077333 
0.077333 
0.077333 
0.077333 
0.077333 
0.077333 
0.097717 
0.146325 
0.204341 
0.252949 
0.273333 
0.273333 
0.273333 
0.273333 
0.273333 
0.273333 
0.275952 
0.283174 
0.294046 
0.307617 
0.322933 
0.353725 
0.404198 
0.459115 
0.503239 
0.521333 
0.521333 
0.521333 
0.521333 
0.521333 
0.521333 
0.513956 
0.496365 
0.475369 
0.457777 
0.450400 
0.457777 
0.475369 
0.496365 
0.513956 
0.521333 
0.503541 
0.460341 
0.406997 
0.358773 
0.330933 
0.318985 
0.308655 
0.300540 
0.295234 
0.293333 
0.386989 
0.610321 
0.876879 
1.100211 
1.193867 
1.163269 
1.084773 
0.978323 
0.863862 
0.761333 
0.655117 
0.531860 
0.414911 
0.327619 
0.293333 
0.293333 
0.293333 
0.293333 
0.293333 
0.293333 
0.293333 
0.293333 
0.293333 
0.293333 
0.293333 
0.439349 
0.787541 
1.203125 
1.551317 
1.697333 
1.559564 
1.227864 
0.824649 
0.472334 
0.293333 
0.246610 
0.209335 
0.181235 
0.162037 
0.151467 
0.145546 
0.140608 
0.136842 
0.134443 
0.133600 
0.136346 
0.142893 
0.150707 
0.157254 
0.160000 
0.160000 
0.160000 
0.160000 
0.160000 
0.160000 
0.161427 
0.165562 
0.172183 
0.181070 
0.192000 
0.235324 
0.324220 
0.432707 
0.534805 
0.604533 
0.644413 
0.676476 
0.704013 
0.730314 
0.758667 
0.793841 
0.833644 
0.870927 
0.898540 
0.909333 
0.879770 
0.809271 
0.725129 
0.654630 
0.625067 
0.766645 
1.104256 
1.507211 
1.844821 
1.986400 
1.811693 
1.394822 
0.896665 
0.478099 
0.300000 
0.296177 
0.293193 
0.291053 
0.289764 
0.289333 
0.289333 
0.289333 
0.289333 
0.289333 
0.289333 
0.286382 
0.278558 
0.267411 
0.254487 
0.241333 
0.223683 
0.199886 
0.175422 
0.155768 
0.146400 
0.144546 
0.143460 
0.142661 
0.141668 
0.140000 
0.135403 
0.127402 
0.118178 
0.109916 
0.104800 
0.102083 
0.099675 
0.097746 
0.096465 
0.096000 
0.096000 
0.096000 
0.096000 
0.096000 
0.096000 
0.111418 
0.152173 
0.210019 
0.276710 
0.344000 
0.417448 
0.505257 
0.603142 
0.706817 
0.812000 
0.940398 
1.095442 
1.245434 
1.358675 
1.403467 
1.322541 
1.129564 
0.899236 
0.706259 
0.625333 
0.626078 
0.628283 
0.631902 
0.636889 
0.643200 
0.715765 
0.878745 
1.070936 
1.231133 
1.298133 
1.217623 
1.025638 
0.796495 
0.604510 
0.524000 
0.527628 
0.537092 
0.550262 
0.565008 
0.579200 
0.594227 
0.611721 
0.629914 
0.647041 
0.661333 
0.673471 
0.684964 
0.695295 
0.703947 
0.710400 
0.715547 
0.720326 
0.724292 
0.726999 
0.728000 
0.727124 
0.724731 
0.721177 
0.716815 
0.712000 
0.703303 
0.689682 
0.675077 
0.663426 
0.658667 
0.661981 
0.670998 
0.684332 
0.700595 
0.718400 
0.743488 
0.779416 
0.821520 
0.865136 
0.905600 
0.944790 
0.985816 
1.025860 
1.062105 
1.091733 
1.117988 
1.143893 
1.166297 
1.182049 
1.188000 
1.183923 
1.173357 
1.158804 
1.142762 
1.127733 
1.110735 
1.089998 
1.069841 
1.054580 
1.048533 
1.319765 
1.966549 
2.738517 
3.385301 
3.656533 
3.641090 
3.603676 
3.557663 
3.516424 
3.493333 
3.485542 
3.480310 
3.476174 
3.471670 
3.465333 
3.455968 
3.444021 
3.430489 
3.416372 
3.402667 
3.391295 
3.381578 
3.370613 
3.355499 
3.333333 
3.178753 
2.832772 
2.392054 
1.953265 
1.613067 
1.339739 
1.062051 
0.817399 
0.643183 
0.576800 
0.740482 
1.130801 
1.596666 
1.986985 
2.150667 
2.001739 
1.646603 
1.222731 
0.867595 
0.718667 
0.729372 
0.754899 
0.785367 
0.810895 
0.821600 
0.818265 
0.809729 
0.798193 
0.785861 
0.774933 
0.763840 
0.751110 
0.739101 
0.730168 
0.726667 
0.728868 
0.734924 
0.744013 
0.755313 
0.768000 
0.784492 
0.808073 
0.839221 
0.878415 
0.926133 
1.036657 
1.224811 
1.431890 
1.599188 
1.668000 
1.635410 
1.551511 
1.437107 
1.313002 
1.200000 
1.082965 
0.947807 
0.816899 
0.712616 
0.657333 
0.635926 
0.618489 
0.605221 
0.596325 
0.592000 
0.590281 
0.588995 
0.588036 
0.587296 
0.586667 
0.586055 
0.585477 
0.584992 
0.584658 
0.584533 
0.595769 
0.622700 
0.655159 
0.682981 
0.696000 
0.698037 
0.699670 
0.700872 
0.701613 
0.701867 
0.698206 
0.689476 
0.679057 
0.670327 
0.666667 
0.674987 
0.694827 
0.718507 
0.738347 
0.746667 
0.741120 
0.727893 
0.712107 
0.698880 
0.693333 
0.694787 
0.698964 
0.705587 
0.714380 
0.725067 
0.757250 
0.820482 
0.899409 
0.978678 
1.042933 
1.093783 
1.142219 
1.186963 
1.226738 
1.260267 
1.287035 
1.309173 
1.329366 
1.350302 
1.374667 
1.409014 
1.451910 
1.494059 
1.526165 
1.538933 
1.523799 
1.487492 
1.443660 
1.405947 
1.388000 
1.384912 
1.382581 
1.380862 
1.379606 
1.378667 
1.377858 
1.377131 
1.376540 
1.376145 
1.376000 
1.377747 
1.381914 
1.386886 
1.391053 
1.392800 
1.383842 
1.362481 
1.336986 
1.315625 
1.306667 
1.432437 
1.732352 
2.090315 
2.390229 
2.516000 
2.342827 
1.928320 
1.430000 
1.005387 
0.812000 
0.789007 
0.770716 
0.757363 
0.749180 
0.746400 
0.753848 
0.773556 
0.801566 
0.833922 
0.866667 
0.910893 
0.970628 
1.031316 
1.078403 
1.097333 
1.083189 
1.049461 
1.009205 
0.975477 
0.961333 
0.961333 
0.961333 
0.961333 
0.961333 
0.961333 
0.944083 
0.902948 
0.853852 
0.812717 
0.795467 
0.936663 
1.289956 
1.749904 
2.211066 
2.568000 
2.853742 
3.145140 
3.402467 
3.585996 
3.656000 
3.645406 
3.620143 
3.589990 
3.564727 
3.554133 
3.556130 
3.560892 
3.566575 
3.571337 
3.573333 
3.568646 
3.555356 
3.534623 
3.507607 
3.475467 
3.414783 
3.306786 
3.159611 
2.981393 
2.780267 
2.423502 
1.876257 
1.293501 
0.830203 
0.641333 
0.657190 
0.698461 
0.755697 
0.819449 
0.880267 
0.951707 
1.040787 
1.128255 
1.194855 
1.221333 
1.212216 
1.189716 
1.161107 
1.133666 
1.114667 
1.103745 
1.094986 
1.087341 
1.079762 
1.071200 
1.061294 
1.050719 
1.039976 
1.029569 
1.020000 
1.012060 
1.005360 
0.998630 
0.990600 
0.980000 
0.963398 
0.939630 
0.910830 
0.879131 
0.846667 
0.810454 
0.768506 
0.724452 
0.681918 
0.644533 
0.608441 
0.570829 
0.536889 
0.511815 
0.500800 
0.498747 
0.497112 
0.495916 
0.495183 
0.494933 
0.520382 
0.582201 
0.658603 
0.727799 
0.768000 
0.785571 
0.800802 
0.812794 
0.820649 
0.823467 
0.771661 
0.648124 
0.500676 
0.377139 
0.325333 
0.325333 
0.325333 
0.325333 
0.325333 
0.325333 
0.320177 
0.307604 
0.291956 
0.277574 
0.268800 
0.264436 
0.260569 
0.257471 
0.255413 
0.254667 
0.254667 
0.254667 
0.254667 
0.254667 
0.254667 
0.252794 
0.247630 
0.239856 
0.230152 
0.219200 
0.197182 
0.161091 
0.121823 
0.090272 
0.077333 
0.077333 
0.077333 
0.077333 
0.077333 
0.077333 
0.077333 
0.077333 
0.077333 
0.077333 
0.077333 
0.077333 
0.077333 
0.077333 
0.077333 
0.077333 
0.077333 
0.077333 
0.077333 
0.077333 
0.077333 
0.088444 
0.118601 
0.163042 
0.217007 
0.275733 
