0.000000 
0.000000 
0.000000 
0.000000 
0.000000 
0.000000 
0.000000 
0.000000 
0.000000 
0.000000 
0.000000 
0.000000 
0.000000 
0.000000 
0.000000 
0.000000 
0.000000 
0.000000 
0.000000 
0.000000 
0.000000 
0.000000 
0.000000 
0.000000 
0.000000 
0.000000 
0.000000 
0.000000 
0.000000 
0.000000 
0.000000 
0.000000 
0.000000 
0.000000 
0.000000 
0.000000 
0.000000 
0.000000 
0.000000 
0.000000 
0.000000 
0.000000 
0.000000 
0.000000 
0.000000 
0.000000 
0.000000 
0.000000 
0.000000 
0.000000 
0.000000 
0.000000 
0.000000 
0.000000 
0.000000 
0.000000 
0.000000 
0.000000 
0.000000 
0.000000 
0.000000 
0.000000 
0.000000 
0.000000 
0.000000 
0.000000 
0.000000 
0.000000 
0.000000 
0.000000 
0.000000 
0.000000 
0.000000 
0.000000 
0.000000 
0.000000 
0.000000 
0.000000 
0.000000 
0.000000 
0.000000 
0.000000 
0.000000 
0.000000 
0.000000 
0.000000 
0.000000 
0.000000 
0.000000 
0.000000 
0.000000 
0.000000 
0.000000 
0.000000 
0.000000 
0.000000 
0.000000 
0.000000 
0.000000 
0.000000 
0.000000 
0.000000 
0.000000 
0.000000 
0.000000 
0.000000 
0.000000 
0.000000 
0.000000 
0.000000 
0.000000 
0.000000 
0.000000 
0.000000 
0.000000 
0.000000 
0.000000 
0.000000 
0.000000 
0.000000 
0.000000 
0.000000 
0.000000 
0.000000 
0.000000 
0.000000 
0.000000 
0.000000 
0.000000 
0.000000 
0.000000 
0.000000 
0.000000 
0.000000 
0.000000 
0.000000 
0.000000 
0.000000 
0.000000 
0.000000 
0.000000 
0.000000 
0.000000 
0.000000 
0.000000 
0.000000 
0.000000 
0.000000 
0.000000 
0.000000 
0.000000 
0.000000 
0.000000 
0.000000 
0.000000 
0.000000 
0.000000 
0.000000 
0.000000 
0.000000 
0.000000 
0.000000 
0.000000 
0.000000 
0.000000 
0.000000 
0.000000 
0.000000 
0.000000 
0.000000 
0.000000 
0.000000 
0.000000 
0.000000 
0.000000 
0.000000 
0.000000 
0.000000 
0.000000 
0.000000 
0.000000 
0.000000 
0.000000 
0.000000 
0.000000 
0.000000 
0.000000 
0.000000 
0.000000 
0.000000 
0.000000 
0.000000 
0.000000 
0.000000 
0.000000 
0.000000 
0.000000 
0.000000 
0.000000 
0.000000 
0.000000 
0.000000 
0.000000 
0.000000 
0.000000 
0.000000 
0.000000 
0.000000 
0.000000 
0.000000 
0.000000 
0.000000 
0.000000 
0.000000 
0.000000 
0.000000 
0.000000 
0.000000 
0.000000 
0.000000 
0.000000 
0.000000 
0.000000 
0.000000 
0.000000 
0.000000 
0.000000 
0.000000 
0.000000 
0.000000 
0.000000 
0.000000 
0.000000 
0.000000 
0.000000 
0.000000 
0.000000 
0.000000 
0.000000 
0.000000 
0.000000 
0.000000 
0.000000 
0.000000 
0.000000 
0.000000 
0.000000 
0.000000 
0.000000 
0.000000 
0.000000 
0.000000 
0.000000 
0.000000 
0.000000 
0.000000 
0.000000 
0.000000 
0.000000 
0.000000 
0.000000 
0.000000 
0.000000 
0.000000 
0.000000 
0.000000 
0.000000 
0.000000 
0.000000 
0.000000 
0.000000 
0.000000 
0.000000 
0.000000 
0.000000 
0.000000 
0.000000 
0.000000 
0.000000 
0.000000 
0.000000 
0.000000 
0.000000 
0.000000 
0.000000 
0.000000 
0.000000 
0.000000 
0.000000 
0.000000 
0.000000 
0.000000 
0.000000 
0.000000 
0.000000 
0.000000 
0.000000 
0.000000 
0.000000 
0.000000 
0.000000 
0.000000 
0.000000 
0.000000 
0.000000 
0.000000 
0.000000 
0.000000 
0.000000 
0.000000 
0.000000 
0.000000 
0.000000 
0.000000 
0.000000 
0.000000 
0.000000 
0.000000 
0.000000 
0.000000 
0.000000 
0.000000 
0.000000 
0.000000 
0.000000 
0.000000 
0.000000 
0.000000 
0.000000 
0.000000 
0.000000 
0.000000 
0.000000 
0.000000 
0.000000 
0.000000 
0.000000 
0.000000 
0.000000 
0.000000 
0.000000 
0.000000 
0.000000 
0.000000 
0.000000 
0.000000 
0.000000 
0.000000 
0.000000 
0.000000 
0.000000 
0.000000 
0.000000 
0.000000 
0.000000 
0.000000 
0.000000 
0.000000 
0.000000 
0.000000 
0.000000 
0.000000 
0.000000 
0.000000 
0.000000 
0.000000 
0.000000 
0.000000 
0.000000 
0.000000 
0.000000 
0.000000 
0.000000 
0.000000 
0.000000 
0.000000 
0.000000 
0.000000 
0.000000 
0.000000 
0.000000 
0.000000 
0.000000 
0.000000 
0.000000 
0.000000 
0.000000 
0.000000 
0.000000 
0.000000 
0.000000 
0.000000 
0.000000 
0.000000 
0.000000 
0.000000 
0.000000 
0.000000 
0.000000 
0.000000 
0.000000 
0.000000 
0.000000 
0.000000 
0.000000 
0.000000 
0.000000 
0.000000 
0.000000 
0.000000 
0.000000 
0.000000 
0.000000 
0.000000 
0.000000 
0.000000 
0.000000 
0.000000 
0.000000 
0.000000 
0.000000 
0.002747 
0.008313 
0.015350 
0.015861 
0.016840 
0.015570 
0.012076 
0.013352 
0.012079 
0.013932 
0.020002 
0.028866 
0.034926 
0.040129 
0.048990 
0.043950 
0.059443 
0.065259 
0.058505 
0.067359 
0.064766 
0.071340 
0.064640 
0.078471 
0.086897 
0.088877 
0.098152 
0.102828 
0.108175 
0.101239 
0.106493 
0.103529 
0.092383 
0.092070 
0.112907 
0.138590 
0.138322 
0.159607 
0.115896 
0.129737 
0.116306 
0.090252 
0.082850 
0.076015 
0.031713 
0.001390 
0.000000 
0.000000 
0.000000 
0.000000 
0.000000 
0.013063 
0.057535 
0.076189 
0.072380 
0.082725 
0.097043 
0.094587 
0.088817 
0.127732 
0.096129 
0.108228 
0.114919 
0.098808 
0.112957 
0.104126 
0.097219 
0.115304 
0.102257 
0.095629 
0.096965 
0.110017 
0.102893 
0.113864 
0.109783 
0.129624 
0.121064 
0.098053 
0.103340 
0.099374 
0.118499 
0.073361 
0.064288 
0.066514 
0.072401 
0.098261 
0.108749 
0.145671 
0.143057 
0.127369 
0.106975 
0.056873 
0.007250 
0.000000 
0.000000 
0.000000 
0.000000 
0.000000 
0.000000 
0.000000 
0.000000 
0.000000 
0.008859 
0.042153 
0.078192 
0.115647 
0.109305 
0.141190 
0.141857 
0.149267 
0.141142 
0.139033 
0.182880 
0.178852 
0.164336 
0.194816 
0.179976 
0.170641 
0.168759 
0.174876 
0.195323 
0.177737 
0.170230 
0.186030 
0.181880 
0.185120 
0.149369 
0.176460 
0.198078 
0.192934 
0.161108 
0.181367 
0.195843 
0.211331 
0.174874 
0.199307 
0.182408 
0.175907 
0.189478 
0.213973 
0.201816 
0.223715 
0.223359 
0.213833 
0.205549 
0.193632 
0.197086 
0.211932 
0.189908 
0.195883 
0.232328 
0.174297 
0.225902 
0.176857 
0.237043 
0.264339 
0.256233 
0.199484 
0.201081 
0.254961 
0.217746 
0.228164 
0.235016 
0.198414 
0.231385 
0.174808 
0.224566 
0.173969 
0.207451 
0.209590 
0.203016 
0.232855 
0.278183 
0.268718 
0.223807 
0.185386 
0.119851 
0.090781 
0.044695 
0.068211 
0.081586 
0.080986 
0.103159 
0.135819 
0.182842 
0.205422 
0.259009 
0.300824 
0.297124 
0.265006 
0.251288 
0.245878 
0.228574 
0.226271 
0.184881 
0.174512 
0.155725 
0.114280 
0.099153 
0.077565 
0.057652 
0.042312 
0.024748 
0.019698 
0.050753 
0.118725 
0.190043 
0.196837 
0.326443 
0.262369 
0.271976 
0.227254 
0.280917 
0.256352 
0.219795 
0.175993 
0.164938 
0.098814 
0.100315 
0.113255 
0.171133 
0.223073 
0.300991 
0.240966 
0.307384 
0.353473 
0.257684 
0.274349 
0.213599 
0.260437 
0.231993 
0.238820 
0.214998 
0.225068 
0.214597 
0.267889 
0.272506 
0.281762 
0.307961 
0.217945 
0.266967 
0.269608 
0.182289 
0.117849 
0.086265 
0.035711 
0.000000 
0.000000 
0.000000 
0.000000 
0.000000 
0.000000 
0.000000 
0.000000 
0.000000 
0.001044 
0.076547 
0.147108 
0.189571 
0.217526 
0.203207 
0.270850 
0.259785 
0.248097 
0.353868 
0.328448 
0.261732 
0.252578 
0.288633 
0.323692 
0.287422 
0.297890 
0.248996 
0.316957 
0.309526 
0.279740 
0.305611 
0.294220 
0.302103 
0.254234 
0.253806 
0.274643 
0.290531 
0.269426 
0.197968 
0.139049 
0.049102 
0.000000 
0.000000 
0.000000 
0.000000 
0.000000 
0.014089 
0.027791 
0.048292 
0.069988 
0.072821 
0.094862 
0.100653 
0.082563 
0.060538 
0.029738 
0.002417 
0.000000 
0.002339 
0.032926 
0.066592 
0.111475 
0.116185 
0.142058 
0.206455 
0.173359 
0.195676 
0.260121 
0.179767 
0.131082 
0.083992 
0.032776 
0.008975 
0.010273 
0.014909 
0.018936 
0.019831 
0.023992 
0.022315 
0.015074 
0.005879 
0.000398 
0.000000 
0.001349 
0.011132 
0.026394 
0.033274 
0.058328 
0.072784 
0.082143 
0.090784 
0.115738 
0.135031 
0.160389 
0.176638 
0.214616 
0.242336 
0.279054 
0.329775 
0.279057 
0.270119 
0.230815 
0.228404 
0.209245 
0.137556 
0.078116 
0.024031 
0.000000 
0.000000 
0.000000 
0.000000 
0.000000 
0.000000 
0.000000 
0.000000 
0.025776 
0.066381 
0.097745 
0.134510 
0.230631 
0.258565 
0.326092 
0.325506 
0.312223 
0.272994 
0.300375 
0.332061 
0.334532 
0.360231 
0.268566 
0.262343 
0.308464 
0.250348 
0.306550 
0.261867 
0.296321 
0.278226 
0.272427 
0.275994 
0.234482 
0.287870 
0.292344 
0.302747 
0.269649 
0.305311 
0.266103 
0.314728 
0.298416 
0.279596 
0.325186 
0.306843 
0.306145 
0.293261 
0.284234 
0.309812 
0.301017 
0.277791 
0.277586 
0.285137 
0.218174 
0.226594 
0.173216 
0.190659 
0.208417 
0.216460 
0.197151 
0.248508 
0.270780 
0.287034 
0.195742 
0.274628 
0.315963 
0.336636 
0.317178 
0.288952 
0.266485 
0.292750 
0.286415 
0.277310 
0.291766 
0.280384 
0.302120 
0.278771 
0.279322 
0.229558 
0.229462 
0.204891 
0.216511 
0.161318 
0.118369 
0.147532 
0.120764 
0.103099 
0.139681 
0.179512 
0.205773 
0.272394 
0.252521 
0.254778 
0.252551 
0.277811 
0.290115 
0.265096 
0.239428 
0.309827 
0.252169 
0.201896 
0.248449 
0.216234 
0.248329 
0.284554 
0.258641 
0.255595 
0.298465 
0.266726 
0.218126 
0.193983 
0.202633 
0.207942 
0.184626 
0.188145 
0.204515 
0.189571 
0.159262 
0.160448 
0.141227 
0.154053 
0.183189 
0.161654 
0.178986 
0.208023 
0.189904 
0.187216 
0.204663 
0.246487 
0.197908 
0.219823 
0.197717 
0.166077 
0.136350 
0.076336 
0.039830 
0.011540 
0.002093 
0.000000 
0.000000 
0.000000 
0.000000 
0.000000 
0.000000 
0.000000 
0.000000 
0.000000 
0.000000 
0.000000 
0.000000 
0.000000 
0.006737 
0.019248 
0.041281 
0.066226 
0.082089 
0.092039 
0.116397 
0.157650 
0.191407 
0.216081 
0.213293 
0.207287 
0.167287 
0.177594 
0.142948 
0.143995 
0.121313 
0.117668 
0.085139 
0.096741 
0.077687 
0.070647 
0.077683 
0.070761 
0.053487 
0.053959 
0.068163 
0.071808 
0.071488 
0.095781 
0.100081 
0.110505 
0.137437 
0.202861 
0.217758 
0.223568 
0.209501 
0.224782 
0.244034 
0.227033 
0.162194 
0.211827 
0.159929 
0.194956 
0.146760 
0.131357 
0.111883 
0.102940 
0.100159 
0.108794 
0.110464 
0.109264 
0.098950 
0.119039 
0.123539 
0.109313 
0.121530 
0.132773 
0.140086 
0.147464 
0.149458 
0.162624 
0.204498 
0.168500 
0.159063 
0.173495 
0.147837 
0.137374 
0.102629 
0.083097 
0.079415 
0.088120 
0.090206 
0.124239 
0.134822 
0.125836 
0.111494 
0.106238 
0.095374 
0.065442 
0.045296 
0.055299 
0.053122 
0.072081 
0.069231 
0.081447 
0.063837 
0.069707 
0.088124 
0.070704 
0.080076 
0.057460 
0.059409 
0.069580 
0.058773 
0.050207 
0.059083 
0.043702 
0.044981 
0.039932 
0.044249 
0.028719 
0.022331 
0.022064 
0.014965 
0.013383 
0.008370 
0.003961 
0.000282 
0.000000 
0.000000 
0.000000 
0.000000 
0.000000 
0.000000 
0.000000 
0.000000 
0.000000 
0.000000 
0.000000 
0.000000 
0.000000 
0.000000 
0.000000 
0.000000 
0.000000 
0.000000 
0.000000 
0.000000 
0.000000 
0.000000 
0.000000 
0.000000 
0.000000 
0.000000 
0.000000 
0.000000 
0.000000 
0.000000 
0.001071 
0.002365 
0.004170 
0.005501 
0.010216 
0.011177 
0.011288 
0.011904 
0.011010 
0.011209 
0.013889 
0.014394 
0.012988 
0.011711 
0.011089 
0.011294 
0.011145 
0.011592 
0.015869 
0.022450 
0.030142 
0.029389 
0.036549 
0.036127 
0.033702 
0.035276 
0.038557 
0.055103 
0.060400 
0.088910 
0.100015 
0.117525 
0.125131 
0.114940 
0.108552 
0.102736 
0.084942 
0.098275 
0.075932 
0.060394 
0.050186 
0.044579 
0.037254 
0.043363 
0.039632 
0.041860 
0.036854 
0.036623 
0.030298 
0.019832 
0.015628 
0.009364 
0.006797 
0.005700 
0.003014 
0.001729 
0.000297 
0.000000 
0.000000 
0.000000 
0.000000 
0.000000 
0.000000 
0.000000 
0.000000 
0.001280 
0.001294 
0.001288 
0.000714 
0.000000 
0.000000 
0.000000 
0.000000 
0.000000 
0.000000 
0.000000 
0.000000 
0.000000 
0.000000 
0.000841 
0.001752 
0.002270 
0.002215 
0.001352 
0.000288 
0.000000 
0.000000 
0.000000 
0.000000 
0.000000 
0.000000 
0.000000 
0.000000 
0.000000 
0.000000 
0.000000 
0.000000 
0.000000 
0.000000 
0.000000 
0.000000 
0.000000 
0.000000 
0.000000 
0.000000 
0.000000 
0.000000 
0.000000 
0.000000 
0.000000 
0.000000 
0.000000 
0.000000 
0.000000 
0.000000 
0.000000 
0.000000 
0.000000 
0.000000 
0.000000 
0.000000 
0.000000 
0.000000 
0.000000 
0.000000 
0.000000 
0.000000 
0.000000 
0.000000 
0.000000 
0.000000 
0.000000 
0.000000 
0.000000 
0.000000 
0.000000 
0.000000 
0.000000 
0.000000 
0.000000 
0.000000 
0.000000 
0.000000 
0.000000 
0.000000 
0.000000 
0.000000 
0.000000 
0.000000 
0.000000 
0.000000 
0.000000 
0.000000 
0.000000 
0.000000 
0.000000 
0.000000 
0.000000 
0.000000 
0.000000 
0.000000 
0.000000 
0.000000 
0.000000 
0.000000 
0.000000 
0.000000 
0.000000 
0.000000 
0.000000 
0.000000 
0.000000 
0.000000 
0.000000 
0.000000 
0.000000 
0.000000 
0.000000 
0.000000 
0.000000 
0.000000 
0.000000 
0.000000 
0.000000 
0.000000 
0.000000 
0.000000 
0.000000 
0.000000 
0.000000 
0.000000 
0.000000 
0.000000 
0.000000 
0.000000 
0.000000 
0.000000 
0.000000 
0.000000 
0.000000 
0.000000 
0.000000 
0.000000 
0.000000 
0.000000 
0.000000 
0.000000 
0.000000 
0.000000 
0.000000 
0.000000 
0.000000 
0.000000 
0.000000 
0.000000 
0.000000 
0.000000 
0.000000 
0.000000 
0.000000 
0.000000 
0.000000 
0.000000 
0.000000 
0.000000 
0.000000 
0.000000 
0.000000 
0.000000 
0.000000 
0.000000 
0.000000 
0.000000 
0.000000 
0.000000 
0.000000 
0.000000 
0.000000 
0.000000 
0.000000 
0.000000 
0.000000 
0.000000 
0.000000 
0.000000 
0.000000 
0.000000 
0.000000 
0.000000 
0.000000 
0.000000 
0.000000 
0.000000 
0.000000 
0.000000 
0.000000 
0.000000 
0.000000 
0.000000 
0.000000 
0.000000 
0.000000 
0.000000 
0.000000 
0.000000 
0.000000 
0.000000 
0.000000 
0.000000 
0.000000 
0.000000 
0.000000 
0.000000 
0.000000 
0.000000 
0.000000 
0.000000 
0.000000 
0.000000 
0.000000 
0.000000 
0.000000 
0.000000 
0.000000 
0.000000 
0.000000 
0.000000 
0.000000 
0.000000 
0.000000 
0.000000 
0.000000 
0.000000 
0.000000 
0.000000 
0.000000 
0.000000 
0.000000 
0.000000 
0.000000 
0.000000 
0.000000 
0.000000 
0.000000 
0.000000 
0.000000 
0.000000 
0.000000 
0.000000 
0.000000 
0.000000 
0.000000 
0.000000 
0.000000 
0.000000 
0.000000 
0.000000 
0.000000 
0.000000 
0.000000 
0.000000 
0.000000 
0.000000 
0.000000 
0.000000 
0.000000 
0.000000 
0.000000 
0.000000 
0.000000 
0.000000 
0.000000 
0.000000 
0.000000 
0.000000 
0.000000 
0.000000 
0.000000 
0.000000 
0.000000 
0.000000 
0.000000 
0.000000 
0.000000 
0.000000 
0.000000 
0.000000 
0.000000 
0.000000 
0.000000 
0.000000 
0.000000 
0.000000 
0.000000 
0.000000 
0.000000 
0.000000 
0.000000 
0.000000 
0.000000 
0.000000 
0.000000 
0.000000 
0.000000 
0.000000 
0.000000 
0.000000 
0.000000 
0.000000 
0.000000 
0.000000 
0.000000 
0.000000 
0.000000 
0.000000 
0.000000 
0.000000 
