0.000000 
0.000000 
0.000000 
0.000000 
0.000000 
0.000000 
0.000000 
0.000000 
0.000000 
0.000000 
0.000000 
0.000000 
0.000000 
0.000000 
0.000000 
0.000000 
0.000000 
0.000000 
0.000000 
0.000000 
0.000000 
0.000000 
0.000000 
0.000000 
0.000000 
0.000000 
0.000000 
0.000000 
0.000000 
0.000000 
0.000000 
0.000000 
0.000000 
0.000000 
0.000000 
0.000000 
0.000000 
0.000000 
0.000000 
0.000000 
0.000000 
0.000000 
0.000000 
0.000000 
0.000000 
0.000000 
0.000000 
0.000000 
0.000000 
0.000000 
0.000000 
0.000000 
0.000000 
0.000000 
0.000000 
0.000000 
0.000000 
0.000000 
0.000000 
0.000000 
0.000000 
0.000000 
0.000000 
0.000000 
0.000000 
0.000000 
0.000000 
0.000000 
0.000000 
0.000000 
0.000000 
0.000000 
0.000000 
0.000000 
0.000000 
0.000000 
0.000000 
0.000000 
0.000000 
0.000000 
0.000000 
0.000000 
0.000000 
0.000000 
0.000000 
0.000000 
0.000000 
0.000000 
0.000000 
0.000000 
0.000000 
0.000000 
0.000000 
0.000000 
0.000000 
0.000000 
0.000000 
0.000000 
0.000000 
0.000000 
0.000000 
0.000000 
0.000000 
0.000000 
0.000000 
0.000000 
0.000000 
0.000000 
0.000000 
0.000000 
0.000000 
0.000000 
0.000000 
0.000000 
0.000000 
0.000000 
0.000000 
0.000000 
0.000000 
0.000000 
0.000000 
0.000000 
0.000000 
0.000000 
0.000000 
0.000000 
0.000000 
0.000000 
0.000000 
0.000000 
0.000000 
0.000000 
0.000000 
0.000000 
0.000000 
0.000000 
0.000000 
0.000000 
0.000000 
0.000000 
0.000000 
0.000000 
0.000000 
0.000000 
0.000000 
0.000000 
0.000000 
0.000000 
0.000000 
0.000000 
0.000000 
0.000000 
0.000000 
0.000000 
0.000000 
0.000000 
0.000000 
0.000000 
0.000000 
0.000000 
0.000000 
0.000000 
0.000000 
0.000000 
0.000000 
0.000000 
0.000000 
0.000000 
0.000000 
0.000000 
0.000000 
0.000000 
0.000000 
0.000000 
0.000000 
0.000000 
0.000000 
0.000000 
0.000000 
0.000000 
0.000000 
0.000000 
0.000000 
0.000000 
0.000000 
0.000000 
0.000000 
0.000000 
0.000000 
0.000000 
0.000000 
0.000000 
0.000000 
0.000000 
0.000000 
0.000000 
0.000000 
0.000000 
0.000000 
0.000000 
0.000000 
0.000000 
0.000000 
0.000000 
0.000000 
0.000000 
0.000000 
0.000000 
0.000000 
0.000000 
0.000000 
0.000000 
0.000000 
0.000000 
0.000000 
0.000000 
0.000000 
0.000000 
0.000000 
0.000000 
0.000000 
0.000000 
0.000000 
0.000000 
0.000000 
0.000000 
0.000000 
0.000000 
0.000000 
0.000000 
0.000000 
0.000000 
0.000000 
0.000000 
0.000000 
0.000000 
0.000000 
0.000000 
0.000000 
0.000000 
0.000000 
0.000000 
0.000000 
0.000000 
0.000000 
0.000000 
0.000000 
0.000000 
0.000000 
0.000000 
0.000000 
0.000000 
0.000000 
0.000000 
0.000000 
0.000000 
0.000000 
0.000000 
0.000000 
0.000000 
0.000000 
0.000000 
0.000000 
0.000000 
0.000000 
0.000000 
0.000000 
0.000000 
0.000000 
0.000000 
0.000000 
0.000000 
0.000000 
0.000000 
0.000000 
0.000000 
0.000000 
0.000000 
0.000000 
0.000000 
0.000000 
0.000000 
0.000000 
0.000000 
0.000000 
0.000000 
0.000000 
0.000000 
0.000000 
0.000000 
0.000000 
0.000000 
0.000000 
0.000000 
0.000000 
0.000000 
0.000000 
0.000000 
0.000000 
0.000000 
0.000000 
0.000000 
0.000000 
0.000000 
0.000000 
0.000000 
0.000000 
0.000000 
0.000000 
0.000000 
0.000000 
0.000000 
0.000000 
0.000000 
0.000000 
0.000000 
0.000000 
0.000000 
0.000000 
0.000000 
0.000000 
0.000000 
0.000000 
0.000000 
0.000000 
0.000000 
0.000000 
0.000000 
0.000000 
0.000000 
0.000000 
0.000000 
0.000000 
0.000000 
0.000000 
0.000000 
0.000000 
0.000000 
0.000000 
0.000000 
0.000000 
0.000000 
0.000000 
0.000000 
0.000000 
0.000000 
0.000000 
0.000000 
0.000000 
0.000000 
0.000000 
0.000000 
0.000000 
0.000000 
0.000000 
0.000000 
0.000000 
0.000000 
0.000000 
0.000000 
0.000000 
0.000000 
0.000000 
0.000000 
0.000000 
0.000000 
0.000000 
0.000000 
0.000000 
0.000000 
0.000000 
0.000000 
0.000000 
0.000000 
0.000000 
0.000000 
0.000000 
0.000000 
0.000000 
0.000000 
0.000000 
0.000000 
0.000000 
0.000000 
0.000000 
0.000000 
0.000000 
0.000000 
0.000000 
0.000000 
0.000000 
0.000000 
0.000000 
0.000000 
0.000000 
0.000000 
0.000000 
0.000000 
0.000000 
0.000000 
0.000000 
0.000000 
0.000000 
0.000000 
0.000000 
0.000000 
0.000000 
0.000000 
0.000000 
0.000000 
0.000000 
0.000000 
0.000000 
0.000000 
0.000000 
0.000000 
0.000000 
0.000000 
0.000000 
0.000000 
0.000000 
0.003446 
0.015809 
0.028268 
0.029058 
0.023862 
0.025599 
0.021563 
0.021424 
0.024319 
0.020195 
0.040816 
0.056558 
0.059838 
0.085607 
0.090851 
0.092019 
0.103223 
0.116546 
0.118053 
0.114405 
0.130007 
0.108881 
0.112252 
0.109845 
0.158624 
0.144556 
0.179309 
0.156338 
0.169791 
0.189091 
0.204139 
0.189175 
0.156633 
0.155578 
0.188862 
0.180501 
0.192745 
0.235906 
0.237886 
0.242428 
0.238002 
0.195479 
0.137663 
0.125599 
0.073734 
0.003008 
0.000000 
0.000000 
0.000000 
0.000000 
0.000000 
0.020512 
0.091074 
0.114066 
0.151408 
0.155530 
0.191732 
0.177863 
0.155641 
0.170065 
0.194730 
0.169642 
0.180182 
0.170394 
0.188253 
0.181269 
0.168807 
0.180032 
0.183581 
0.160968 
0.157323 
0.191610 
0.189193 
0.192826 
0.204144 
0.187807 
0.193594 
0.191229 
0.228457 
0.211621 
0.177462 
0.144099 
0.095881 
0.118446 
0.115684 
0.160803 
0.207093 
0.257896 
0.206692 
0.185122 
0.143387 
0.094233 
0.012634 
0.000000 
0.000000 
0.000000 
0.000000 
0.000000 
0.000000 
0.000000 
0.000000 
0.000000 
0.013775 
0.077069 
0.130678 
0.153660 
0.182041 
0.276005 
0.246256 
0.295070 
0.236675 
0.286437 
0.236949 
0.228602 
0.319236 
0.239463 
0.266428 
0.321943 
0.304656 
0.314860 
0.295437 
0.314222 
0.295993 
0.324088 
0.357548 
0.353016 
0.363756 
0.373025 
0.273890 
0.306096 
0.313926 
0.344659 
0.256288 
0.321380 
0.316351 
0.295890 
0.334716 
0.351392 
0.349423 
0.387972 
0.325434 
0.263338 
0.399670 
0.374421 
0.397483 
0.321070 
0.330066 
0.411497 
0.346096 
0.401162 
0.318727 
0.375494 
0.347590 
0.352552 
0.377617 
0.422022 
0.425775 
0.420733 
0.330315 
0.413814 
0.342196 
0.399885 
0.400905 
0.394868 
0.424720 
0.424130 
0.395546 
0.342251 
0.409655 
0.402457 
0.453595 
0.476643 
0.470172 
0.460582 
0.416020 
0.389094 
0.220431 
0.141107 
0.120337 
0.122556 
0.102897 
0.170015 
0.228680 
0.286865 
0.273722 
0.402138 
0.411972 
0.412154 
0.454941 
0.450802 
0.468285 
0.489801 
0.461786 
0.426943 
0.385501 
0.314487 
0.249922 
0.188085 
0.210362 
0.151988 
0.102725 
0.060255 
0.051800 
0.036279 
0.088060 
0.205248 
0.327896 
0.477445 
0.481535 
0.433058 
0.528717 
0.474674 
0.414380 
0.336985 
0.382040 
0.335512 
0.265413 
0.198795 
0.182865 
0.187720 
0.294626 
0.354986 
0.458474 
0.573746 
0.569644 
0.540695 
0.545849 
0.444019 
0.395442 
0.443970 
0.434057 
0.385777 
0.427457 
0.369852 
0.418890 
0.461065 
0.389598 
0.597312 
0.450905 
0.482950 
0.396418 
0.389228 
0.344984 
0.287074 
0.174521 
0.065318 
0.000000 
0.000000 
0.000000 
0.000000 
0.000000 
0.000000 
0.000000 
0.000000 
0.000000 
0.001855 
0.169150 
0.264469 
0.331256 
0.316651 
0.381302 
0.486727 
0.420879 
0.386840 
0.505284 
0.450410 
0.480264 
0.564857 
0.476257 
0.538294 
0.411506 
0.557776 
0.514149 
0.442779 
0.566018 
0.427141 
0.576990 
0.536469 
0.614505 
0.554886 
0.559060 
0.484666 
0.461998 
0.421703 
0.424446 
0.261270 
0.074355 
0.000000 
0.000000 
0.000000 
0.000000 
0.000000 
0.021856 
0.051306 
0.082160 
0.126575 
0.138733 
0.148170 
0.182797 
0.156478 
0.121366 
0.055898 
0.003994 
0.000000 
0.004010 
0.054005 
0.099859 
0.188910 
0.226141 
0.262045 
0.337505 
0.338130 
0.323307 
0.346214 
0.343881 
0.220256 
0.148876 
0.057419 
0.019156 
0.021813 
0.029240 
0.036176 
0.042455 
0.044822 
0.041075 
0.026888 
0.009325 
0.000672 
0.000000 
0.002004 
0.018491 
0.035661 
0.063718 
0.081366 
0.098573 
0.120646 
0.161329 
0.164598 
0.215068 
0.221207 
0.381722 
0.435880 
0.460228 
0.434548 
0.476920 
0.463384 
0.456870 
0.458265 
0.374915 
0.332377 
0.258496 
0.129166 
0.035918 
0.000000 
0.000000 
0.000000 
0.000000 
0.000000 
0.000000 
0.000000 
0.000000 
0.040121 
0.089937 
0.188669 
0.217705 
0.430307 
0.440621 
0.498053 
0.651260 
0.623812 
0.611898 
0.592853 
0.480100 
0.587497 
0.510049 
0.512314 
0.544726 
0.589530 
0.430708 
0.431961 
0.443579 
0.598099 
0.505790 
0.500003 
0.629847 
0.480027 
0.489269 
0.454236 
0.438725 
0.430437 
0.511186 
0.560189 
0.635026 
0.487354 
0.504061 
0.534271 
0.533714 
0.569056 
0.512285 
0.439087 
0.448914 
0.449314 
0.491688 
0.552154 
0.464815 
0.438066 
0.460443 
0.321569 
0.290445 
0.305843 
0.446070 
0.387435 
0.552501 
0.496539 
0.530075 
0.385608 
0.510617 
0.463456 
0.552715 
0.543972 
0.520060 
0.448987 
0.430275 
0.593810 
0.387864 
0.442820 
0.539351 
0.442293 
0.499687 
0.475298 
0.413564 
0.359455 
0.358648 
0.341805 
0.285684 
0.230098 
0.221979 
0.223634 
0.228808 
0.214218 
0.288476 
0.371114 
0.428948 
0.528642 
0.445403 
0.421108 
0.405362 
0.502213 
0.431839 
0.461089 
0.454731 
0.402764 
0.385210 
0.396955 
0.371065 
0.452698 
0.404211 
0.420694 
0.520406 
0.411923 
0.440974 
0.425501 
0.423510 
0.292639 
0.340155 
0.303815 
0.366879 
0.340373 
0.263708 
0.295178 
0.308508 
0.301566 
0.324196 
0.310416 
0.298222 
0.333073 
0.413315 
0.363649 
0.426612 
0.350199 
0.415116 
0.403946 
0.376867 
0.301809 
0.303751 
0.181377 
0.165525 
0.059516 
0.016360 
0.004013 
0.000000 
0.000000 
0.000000 
0.000000 
0.000000 
0.000000 
0.000000 
0.000000 
0.000000 
0.000000 
0.000000 
0.000000 
0.000000 
0.010332 
0.030489 
0.061574 
0.098174 
0.149496 
0.162616 
0.206022 
0.326240 
0.331177 
0.319781 
0.359302 
0.328013 
0.370719 
0.268548 
0.285708 
0.278908 
0.222032 
0.187352 
0.156974 
0.153048 
0.150030 
0.123093 
0.115607 
0.099359 
0.120163 
0.117222 
0.107220 
0.124835 
0.142311 
0.140176 
0.172857 
0.194558 
0.251012 
0.247873 
0.376723 
0.299733 
0.377228 
0.373028 
0.442912 
0.307889 
0.342596 
0.392539 
0.365873 
0.317594 
0.181454 
0.235434 
0.216927 
0.225684 
0.163669 
0.192699 
0.167850 
0.186876 
0.152749 
0.206869 
0.172088 
0.199658 
0.245932 
0.226566 
0.274571 
0.276425 
0.248963 
0.280944 
0.295091 
0.247564 
0.227349 
0.302224 
0.297461 
0.250507 
0.195299 
0.120681 
0.147178 
0.142586 
0.183034 
0.201260 
0.197063 
0.272611 
0.200757 
0.189731 
0.143757 
0.124089 
0.104204 
0.107922 
0.109155 
0.123816 
0.106894 
0.127666 
0.110013 
0.129874 
0.126100 
0.125563 
0.127921 
0.133140 
0.088644 
0.114588 
0.127612 
0.107163 
0.102591 
0.073627 
0.072860 
0.082318 
0.068213 
0.060837 
0.043280 
0.035395 
0.026652 
0.021988 
0.012460 
0.005358 
0.000443 
0.000000 
0.000000 
0.000000 
0.000000 
0.000000 
0.000000 
0.000000 
0.000000 
0.000000 
0.000000 
0.000000 
0.000000 
0.000000 
0.000000 
0.000000 
0.000000 
0.000000 
0.000000 
0.000000 
0.000000 
0.000000 
0.000000 
0.000000 
0.000000 
0.000000 
0.000000 
0.000000 
0.000000 
0.000000 
0.000000 
0.001566 
0.005304 
0.007024 
0.009828 
0.015906 
0.019909 
0.018928 
0.023138 
0.022141 
0.024050 
0.023919 
0.022477 
0.019188 
0.023229 
0.022861 
0.021850 
0.021783 
0.023753 
0.030667 
0.044558 
0.042867 
0.056688 
0.053171 
0.064989 
0.063535 
0.058061 
0.065571 
0.080523 
0.117314 
0.169258 
0.136734 
0.195587 
0.186122 
0.209681 
0.201927 
0.195942 
0.144860 
0.154523 
0.152305 
0.088847 
0.076916 
0.075316 
0.071765 
0.071345 
0.078506 
0.064099 
0.064658 
0.069433 
0.045592 
0.029515 
0.021724 
0.017002 
0.013677 
0.007514 
0.003717 
0.000842 
0.000000 
0.000000 
0.000000 
0.000000 
0.000000 
0.000000 
0.000000 
0.000000 
0.000000 
0.000016 
0.001009 
0.000522 
0.000000 
0.000000 
0.000000 
0.000000 
0.000000 
0.000000 
0.000000 
0.000000 
0.000000 
0.000000 
0.000000 
0.000000 
0.001446 
0.002486 
0.001645 
0.000453 
0.000000 
0.000000 
0.000000 
0.000000 
0.000000 
0.000000 
0.000000 
0.000000 
0.000000 
0.000000 
0.000000 
0.000000 
0.000000 
0.000000 
0.000000 
0.000000 
0.000000 
0.000000 
0.000000 
0.000000 
0.000000 
0.000000 
0.000000 
0.000000 
0.000000 
0.000000 
0.000000 
0.000000 
0.000000 
0.000000 
0.000000 
0.000000 
0.000000 
0.000000 
0.000000 
0.000000 
0.000000 
0.000000 
0.000000 
0.000000 
0.000000 
0.000000 
0.000000 
0.000000 
0.000000 
0.000000 
0.000000 
0.000000 
0.000000 
0.000000 
0.000000 
0.000000 
0.000000 
0.000000 
0.000000 
0.000000 
0.000000 
0.000000 
0.000000 
0.000000 
0.000000 
0.000000 
0.000000 
0.000000 
0.000000 
0.000000 
0.000000 
0.000000 
0.000000 
0.000000 
0.000000 
0.000000 
0.000000 
0.000000 
0.000000 
0.000000 
0.000000 
0.000000 
0.000000 
0.000000 
0.000000 
0.000000 
0.000000 
0.000000 
0.000000 
0.000000 
0.000000 
0.000000 
0.000000 
0.000000 
0.000000 
0.000000 
0.000000 
0.000000 
0.000000 
0.000000 
0.000000 
0.000000 
0.000000 
0.000000 
0.000000 
0.000000 
0.000000 
0.000000 
0.000000 
0.000000 
0.000000 
0.000000 
0.000000 
0.000000 
0.000000 
0.000000 
0.000000 
0.000000 
0.000000 
0.000000 
0.000000 
0.000000 
0.000000 
0.000000 
0.000000 
0.000000 
0.000000 
0.000000 
0.000000 
0.000000 
0.000000 
0.000000 
0.000000 
0.000000 
0.000000 
0.000000 
0.000000 
0.000000 
0.000000 
0.000000 
0.000000 
0.000000 
0.000000 
0.000000 
0.000000 
0.000000 
0.000000 
0.000000 
0.000000 
0.000000 
0.000000 
0.000000 
0.000000 
0.000000 
0.000000 
0.000000 
0.000000 
0.000000 
0.000000 
0.000000 
0.000000 
0.000000 
0.000000 
0.000000 
0.000000 
0.000000 
0.000000 
0.000000 
0.000000 
0.000000 
0.000000 
0.000000 
0.000000 
0.000000 
0.000000 
0.000000 
0.000000 
0.000000 
0.000000 
0.000000 
0.000000 
0.000000 
0.000000 
0.000000 
0.000000 
0.000000 
0.000000 
0.000000 
0.000000 
0.000000 
0.000000 
0.000000 
0.000000 
0.000000 
0.000000 
0.000000 
0.000000 
0.000000 
0.000000 
0.000000 
0.000000 
0.000000 
0.000000 
0.000000 
0.000000 
0.000000 
0.000000 
0.000000 
0.000000 
0.000000 
0.000000 
0.000000 
0.000000 
0.000000 
0.000000 
0.000000 
0.000000 
0.000000 
0.000000 
0.000000 
0.000000 
0.000000 
0.000000 
0.000000 
0.000000 
0.000000 
0.000000 
0.000000 
0.000000 
0.000000 
0.000000 
0.000000 
0.000000 
0.000000 
0.000000 
0.000000 
0.000000 
0.000000 
0.000000 
0.000000 
0.000000 
0.000000 
0.000000 
0.000000 
0.000000 
0.000000 
0.000000 
0.000000 
0.000000 
0.000000 
0.000000 
0.000000 
0.000000 
0.000000 
0.000000 
0.000000 
0.000000 
0.000000 
0.000000 
0.000000 
0.000000 
0.000000 
0.000000 
0.000000 
0.000000 
0.000000 
0.000000 
0.000000 
0.000000 
0.000000 
0.000000 
0.000000 
0.000000 
0.000000 
0.000000 
0.000000 
0.000000 
0.000000 
0.000000 
0.000000 
0.000000 
0.000000 
0.000000 
0.000000 
0.000000 
0.000000 
0.000000 
0.000000 
0.000000 
0.000000 
0.000000 
0.000000 
0.000000 
0.000000 
0.000000 
0.000000 
0.000000 
