0.072000 
0.072000 
0.072000 
0.072000 
0.072000 
0.072000 
0.072000 
0.072000 
0.072000 
0.072000 
0.072000 
0.072000 
0.072000 
0.072000 
0.072000 
0.072000 
0.072000 
0.072000 
0.072000 
0.072000 
0.072000 
0.072000 
0.072000 
0.072000 
0.072000 
0.072000 
0.072000 
0.072000 
0.072000 
0.072000 
0.087808 
0.125504 
0.170496 
0.208192 
0.224000 
0.224000 
0.224000 
0.224000 
0.224000 
0.224000 
0.224000 
0.224000 
0.224000 
0.224000 
0.224000 
0.220012 
0.209603 
0.195108 
0.178862 
0.163200 
0.144376 
0.120591 
0.097098 
0.079150 
0.072000 
0.093791 
0.146929 
0.213066 
0.273851 
0.310933 
0.329379 
0.345722 
0.358816 
0.367513 
0.370667 
0.370667 
0.370667 
0.370667 
0.370667 
0.370667 
0.370667 
0.370667 
0.370667 
0.370667 
0.370667 
0.362830 
0.342377 
0.313896 
0.281975 
0.251200 
0.214213 
0.167478 
0.121316 
0.086049 
0.072000 
0.075988 
0.086397 
0.100892 
0.117138 
0.132800 
0.151624 
0.175409 
0.198902 
0.216850 
0.224000 
0.224000 
0.224000 
0.224000 
0.224000 
0.224000 
0.224000 
0.224000 
0.224000 
0.224000 
0.224000 
0.212910 
0.185866 
0.152207 
0.121272 
0.102400 
0.093012 
0.084695 
0.078031 
0.073605 
0.072000 
0.072000 
0.072000 
0.072000 
0.072000 
0.072000 
0.072000 
0.072000 
0.072000 
0.072000 
0.072000 
0.072000 
0.072000 
0.072000 
0.072000 
0.072000 
0.072000 
0.072000 
0.072000 
0.072000 
0.072000 
0.072000 
0.072000 
0.072000 
0.072000 
0.072000 
0.072000 
0.072000 
0.072000 
0.072000 
0.072000 
0.072000 
0.072000 
0.072000 
0.072000 
0.072000 
0.072000 
0.072000 
0.072000 
0.072000 
0.072000 
0.104881 
0.185063 
0.284859 
0.376579 
0.432533 
0.460367 
0.485027 
0.504784 
0.517908 
0.522667 
0.522667 
0.522667 
0.522667 
0.522667 
0.522667 
0.521233 
0.517149 
0.510742 
0.502339 
0.492267 
0.466863 
0.419372 
0.360476 
0.300857 
0.251200 
0.206249 
0.158518 
0.115343 
0.084058 
0.072000 
0.072000 
0.072000 
0.072000 
0.072000 
0.072000 
0.072000 
0.072000 
0.072000 
0.072000 
0.072000 
0.072000 
0.072000 
0.072000 
0.072000 
0.072000 
0.072000 
0.072000 
0.072000 
0.072000 
0.072000 
0.072000 
0.072000 
0.072000 
0.072000 
0.072000 
0.072000 
0.072000 
0.072000 
0.072000 
0.072000 
0.072000 
0.072000 
0.072000 
0.072000 
0.072000 
0.072000 
0.072000 
0.072000 
0.072000 
0.072000 
0.072000 
0.072000 
0.072000 
0.072000 
0.072000 
0.072000 
0.072000 
0.072000 
0.072000 
0.072000 
0.072000 
0.072000 
0.072000 
0.072000 
0.072000 
0.079150 
0.097098 
0.120591 
0.144376 
0.163200 
0.176283 
0.187371 
0.197998 
0.209696 
0.224000 
0.242152 
0.263894 
0.288507 
0.315271 
0.343467 
0.380454 
0.427189 
0.473351 
0.508617 
0.522667 
0.506859 
0.469163 
0.424171 
0.386475 
0.370667 
0.370667 
0.370667 
0.370667 
0.370667 
0.370667 
0.370667 
0.370667 
0.370667 
0.370667 
0.370667 
0.339605 
0.265536 
0.177131 
0.103061 
0.072000 
0.072000 
0.072000 
0.072000 
0.072000 
0.072000 
0.072000 
0.072000 
0.072000 
0.072000 
0.072000 
0.072000 
0.072000 
0.072000 
0.072000 
0.072000 
0.072000 
0.072000 
0.072000 
0.072000 
0.072000 
0.072000 
0.072000 
0.072000 
0.072000 
0.072000 
0.072000 
0.072000 
0.072000 
0.072000 
0.072000 
0.072000 
0.072000 
0.072000 
0.072000 
0.072000 
0.072000 
0.072000 
0.072000 
0.072000 
0.072000 
0.079150 
0.097098 
0.120591 
0.144376 
0.163200 
0.178862 
0.195108 
0.209603 
0.220012 
0.224000 
0.224000 
0.224000 
0.224000 
0.224000 
0.224000 
0.224000 
0.224000 
0.224000 
0.224000 
0.224000 
0.208192 
0.170496 
0.125504 
0.087808 
0.072000 
0.072000 
0.072000 
0.072000 
0.072000 
0.072000 
0.072000 
0.072000 
0.072000 
0.072000 
0.072000 
0.072000 
0.072000 
0.072000 
0.072000 
0.072000 
0.072000 
0.072000 
0.072000 
0.072000 
0.072000 
0.086049 
0.121316 
0.167478 
0.214213 
0.251200 
0.281975 
0.313896 
0.342377 
0.362830 
0.370667 
0.370667 
0.370667 
0.370667 
0.370667 
0.370667 
0.370667 
0.370667 
0.370667 
0.370667 
0.370667 
0.367487 
0.358739 
0.345608 
0.329277 
0.310933 
0.274951 
0.216560 
0.153226 
0.102418 
0.081600 
0.086421 
0.100671 
0.124030 
0.156180 
0.196800 
0.546943 
1.348454 
2.362199 
3.349048 
4.069867 
4.582209 
5.072786 
5.496205 
5.807074 
5.960000 
6.007093 
6.037068 
6.059444 
6.083738 
6.119467 
6.186627 
6.282254 
6.381421 
6.459201 
6.490667 
6.131686 
5.275657 
4.253943 
3.397914 
3.038933 
3.049666 
3.075260 
3.105807 
3.131401 
3.142133 
3.140173 
3.134599 
3.125872 
3.114452 
3.100800 
3.064621 
2.997203 
2.916381 
2.839991 
2.785867 
2.748512 
2.713011 
2.683067 
2.662384 
2.654667 
2.663541 
2.684704 
2.709963 
2.731125 
2.740000 
2.510564 
1.956919 
1.281059 
0.684977 
0.370667 
0.271706 
0.189149 
0.126206 
0.086086 
0.072000 
0.072000 
0.072000 
0.072000 
0.072000 
0.072000 
0.072000 
0.072000 
0.072000 
0.072000 
0.072000 
0.270613 
0.747060 
1.322254 
1.817108 
2.052533 
2.094685 
2.128656 
2.153763 
2.169327 
2.174667 
2.174667 
2.174667 
2.174667 
2.174667 
2.174667 
1.983334 
1.527081 
0.982519 
0.526266 
0.334933 
0.344739 
0.370302 
0.405842 
0.445579 
0.483733 
0.529181 
0.586312 
0.642611 
0.685567 
0.702667 
0.684917 
0.642592 
0.592075 
0.549749 
0.532000 
0.532000 
0.532000 
0.532000 
0.532000 
0.532000 
0.493860 
0.401612 
0.288514 
0.187824 
0.132800 
0.112969 
0.096202 
0.083271 
0.074946 
0.072000 
0.072000 
0.072000 
0.072000 
0.072000 
0.072000 
0.072000 
0.072000 
0.072000 
0.072000 
0.072000 
0.072000 
0.072000 
0.072000 
0.072000 
0.072000 
0.072000 
0.072000 
0.072000 
0.072000 
0.072000 
0.072000 
0.072000 
0.072000 
0.072000 
0.072000 
0.073395 
0.077400 
0.083748 
0.092170 
0.102400 
0.135279 
0.199816 
0.277994 
0.351794 
0.403200 
0.437514 
0.469878 
0.497032 
0.515715 
0.522667 
0.522667 
0.522667 
0.522667 
0.522667 
0.522667 
0.516505 
0.500532 
0.478521 
0.454242 
0.431467 
0.410768 
0.389469 
0.366467 
0.340656 
0.310933 
0.265574 
0.203755 
0.140722 
0.091722 
0.072000 
0.072000 
0.072000 
0.072000 
0.072000 
0.072000 
0.072000 
0.072000 
0.072000 
0.072000 
0.072000 
0.072000 
0.072000 
0.072000 
0.072000 
0.072000 
0.072000 
0.072000 
0.072000 
0.072000 
0.072000 
0.072000 
0.072000 
0.072000 
0.072000 
0.072000 
0.072000 
0.072000 
0.072000 
0.072000 
0.072000 
0.105474 
0.185297 
0.280570 
0.360393 
0.393867 
0.381997 
0.353692 
0.319908 
0.291603 
0.279733 
0.307270 
0.375059 
0.460866 
0.542458 
0.597600 
0.631998 
0.664122 
0.690886 
0.709207 
0.716000 
0.716000 
0.716000 
0.716000 
0.716000 
0.716000 
0.716000 
0.716000 
0.716000 
0.716000 
0.716000 
0.703972 
0.674861 
0.639123 
0.607217 
0.589600 
0.583021 
0.577436 
0.573114 
0.570323 
0.569333 
0.569333 
0.569333 
0.569333 
0.569333 
0.569333 
0.569333 
0.569333 
0.569333 
0.569333 
0.569333 
0.553525 
0.515829 
0.470837 
0.433141 
0.417333 
0.417333 
0.417333 
0.417333 
0.417333 
0.417333 
0.417333 
0.417333 
0.417333 
0.417333 
0.417333 
0.597904 
1.051174 
1.644478 
2.245153 
2.720533 
3.116070 
3.526346 
3.892401 
4.155273 
4.256000 
4.256000 
4.256000 
4.256000 
4.256000 
4.256000 
4.256000 
4.256000 
4.256000 
4.256000 
4.256000 
4.075429 
3.622159 
3.028855 
2.428180 
1.952800 
1.557264 
1.146987 
0.780932 
0.518060 
0.417333 
0.518060 
0.780932 
1.146987 
1.557264 
1.952800 
2.419055 
3.001478 
3.581094 
4.038926 
4.256000 
4.308311 
4.350570 
4.381873 
4.401318 
4.408000 
4.408000 
4.408000 
4.408000 
4.408000 
4.408000 
4.326261 
4.110921 
3.806798 
3.458708 
3.111467 
2.665036 
2.078257 
1.484266 
1.016202 
0.807200 
0.775257 
0.749832 
0.731259 
0.719870 
0.716000 
0.716000 
0.716000 
0.716000 
0.716000 
0.716000 
0.708163 
0.687710 
0.659229 
0.627308 
0.596533 
0.559546 
0.512811 
0.466649 
0.431383 
0.417333 
0.417333 
0.417333 
0.417333 
0.417333 
0.417333 
0.424378 
0.441175 
0.461225 
0.478022 
0.485067 
0.476081 
0.454654 
0.429079 
0.407652 
0.398667 
0.398667 
0.398667 
0.398667 
0.398667 
0.398667 
0.398667 
0.398667 
0.398667 
0.398667 
0.398667 
0.398667 
0.398667 
0.398667 
0.398667 
0.398667 
0.398667 
0.398667 
0.398667 
0.398667 
0.398667 
0.380085 
0.335776 
0.282891 
0.238581 
0.220000 
0.220000 
0.220000 
0.220000 
0.220000 
0.220000 
0.220000 
0.220000 
0.220000 
0.220000 
0.220000 
0.220000 
0.220000 
0.220000 
0.220000 
0.220000 
0.220000 
0.220000 
0.220000 
0.220000 
0.220000 
0.241120 
0.292916 
0.358047 
0.419167 
0.458933 
0.481866 
0.502843 
0.520061 
0.531714 
0.536000 
0.536000 
0.536000 
0.536000 
0.536000 
0.536000 
0.536000 
0.536000 
0.536000 
0.536000 
0.536000 
0.523575 
0.493948 
0.458586 
0.428958 
0.416533 
0.580392 
0.993070 
1.536219 
2.091489 
2.540533 
2.928370 
3.337684 
3.706627 
3.973349 
4.076000 
4.076000 
4.076000 
4.076000 
4.076000 
4.076000 
4.084320 
4.104160 
4.127840 
4.147680 
4.156000 
3.967760 
3.495952 
2.879943 
2.259103 
1.772800 
1.375326 
0.966312 
0.603127 
0.343144 
0.243733 
0.343942 
0.605522 
0.969905 
1.378520 
1.772800 
2.247590 
2.848190 
3.441716 
3.895281 
4.076000 
4.076000 
4.076000 
4.076000 
4.076000 
4.076000 
4.097771 
4.149685 
4.211648 
4.263563 
4.285333 
4.118822 
3.721758 
3.247842 
2.850778 
2.684267 
2.841428 
3.216752 
3.666003 
4.044942 
4.209333 
4.217502 
4.223913 
4.228532 
4.231328 
4.232267 
4.231489 
4.229348 
4.226129 
4.222118 
4.217600 
4.212139 
4.204526 
4.193882 
4.179332 
4.160000 
4.017144 
3.708326 
3.347122 
3.047110 
2.921867 
3.075319 
3.449615 
3.915665 
4.344379 
4.606667 
4.738053 
4.854617 
4.948102 
5.010249 
5.032800 
5.014194 
4.961324 
4.878610 
4.770473 
4.641333 
4.312035 
3.701779 
2.962519 
2.246208 
1.704800 
1.286996 
0.873936 
0.516231 
0.264493 
0.169333 
0.169333 
0.169333 
0.169333 
0.169333 
0.169333 
0.169333 
0.169333 
0.169333 
0.169333 
0.169333 
0.172042 
0.179847 
0.192273 
0.208838 
0.229067 
0.295396 
0.428025 
0.593117 
0.756832 
0.885333 
0.990826 
1.098325 
1.193212 
1.260866 
1.286667 
1.194079 
0.972958 
0.708264 
0.484957 
0.388000 
0.383901 
0.381704 
0.380170 
0.378059 
0.374133 
0.348633 
0.294232 
0.228342 
0.168372 
0.131733 
0.113253 
0.096905 
0.083825 
0.075145 
0.072000 
0.072000 
0.072000 
0.072000 
0.072000 
0.072000 
0.072000 
0.072000 
0.072000 
0.072000 
0.072000 
0.072000 
0.072000 
0.072000 
0.072000 
0.072000 
0.072000 
0.072000 
0.072000 
0.072000 
0.072000 
0.072000 
0.072000 
0.072000 
0.072000 
0.072000 
0.072000 
0.072000 
0.072000 
0.072000 
0.072000 
0.072000 
0.072000 
0.072000 
0.072000 
0.072000 
0.095250 
0.153697 
0.230385 
0.308360 
0.370667 
0.419273 
0.466155 
0.509375 
0.546992 
0.577067 
0.603166 
0.628300 
0.649689 
0.664560 
0.670133 
0.669773 
0.668913 
0.667887 
0.667027 
0.666667 
0.710891 
0.819073 
0.954475 
1.080363 
1.160000 
1.194488 
1.216053 
1.234640 
1.260196 
1.302667 
1.584474 
2.192671 
2.934151 
3.615807 
4.044533 
4.275769 
4.483149 
4.650856 
4.763078 
4.804000 
4.780218 
4.712356 
4.605639 
4.465289 
4.296533 
3.741202 
2.679021 
1.472051 
0.482357 
0.072000 
0.072000 
0.072000 
0.072000 
0.072000 
0.072000 
0.072000 
0.072000 
0.072000 
0.072000 
0.072000 
0.072000 
0.072000 
0.072000 
0.072000 
0.072000 
0.495765 
1.506283 
2.712384 
3.722901 
4.146667 
3.968727 
3.522001 
2.937123 
2.344733 
1.875467 
1.484380 
1.078420 
0.716056 
0.455759 
0.356000 
0.361681 
0.375602 
0.393083 
0.409443 
0.420000 
0.425096 
0.428774 
0.431903 
0.435355 
0.440000 
0.445398 
0.451348 
0.459079 
0.469821 
0.484800 
0.627260 
0.967329 
1.426569 
1.926539 
2.388800 
2.863354 
3.404039 
3.938167 
4.393050 
4.696000 
4.880682 
5.032726 
5.157389 
5.259928 
5.345600 
5.425663 
5.502348 
5.567375 
5.612464 
5.629333 
5.508478 
5.195236 
4.763595 
4.287543 
3.841067 
3.339939 
2.731673 
2.137864 
1.680108 
1.480000 
1.452054 
1.429887 
1.413745 
1.403878 
1.400533 
1.402268 
1.407113 
1.414531 
1.423984 
1.434933 
1.456502 
1.492888 
1.536170 
1.578426 
1.611733 
1.639313 
1.667200 
1.691698 
1.709108 
1.715733 
1.647676 
1.485385 
1.291682 
1.129391 
1.061333 
1.083359 
1.136072 
1.199425 
1.253372 
1.277867 
1.280165 
1.281377 
1.282241 
1.283492 
1.285867 
1.373839 
1.603362 
1.932392 
2.318886 
2.720800 
3.304987 
4.125937 
4.973060 
5.635767 
5.903467 
5.878166 
5.814071 
5.728893 
5.640344 
5.566133 
5.513109 
5.469245 
5.423948 
5.366620 
5.286667 
5.126351 
4.857098 
4.512057 
4.124375 
3.727200 
3.211395 
2.544148 
1.873097 
1.345880 
1.110133 
1.072984 
1.043399 
1.021776 
1.008510 
1.004000 
1.004000 
1.004000 
1.004000 
1.004000 
1.004000 
1.017506 
1.049713 
1.088154 
1.120361 
1.133867 
1.115785 
1.072666 
1.021201 
0.978082 
0.960000 
0.980437 
1.034377 
1.110765 
1.198547 
1.286667 
1.403213 
1.558782 
1.716077 
1.837803 
1.886667 
1.883550 
1.875013 
1.862274 
1.846553 
1.829067 
1.796383 
1.744420 
1.688426 
1.643648 
1.625333 
1.660487 
1.751424 
1.876358 
2.013501 
2.141067 
2.281295 
2.449385 
2.612987 
2.739753 
2.797333 
2.808472 
2.817385 
2.823928 
2.827958 
2.829333 
2.807883 
2.752609 
2.677127 
2.595052 
2.520000 
2.448875 
2.372413 
2.294980 
2.220943 
2.154667 
2.088486 
2.018800 
1.956071 
1.910761 
1.893333 
2.290891 
3.238912 
4.370421 
5.318443 
5.716000 
5.666080 
5.547040 
5.404960 
5.285920 
5.236000 
5.244043 
5.263221 
5.286112 
5.305291 
5.313333 
5.310257 
5.301118 
5.286051 
5.265189 
5.238667 
4.812618 
3.839039 
2.686858 
1.725002 
1.322400 
1.323565 
1.326342 
1.329658 
1.332435 
1.333600 
1.327114 
1.310559 
1.288286 
1.264649 
1.244000 
1.223573 
1.200465 
1.178824 
1.162797 
1.156533 
1.160638 
1.170426 
1.182108 
1.191895 
1.196000 
1.183775 
1.154546 
1.119483 
1.089756 
1.076533 
1.075403 
1.074509 
1.073861 
1.073467 
1.073333 
1.112992 
1.213473 
1.347031 
1.485921 
1.602400 
1.702834 
1.806051 
1.902998 
1.984621 
2.041867 
2.076538 
2.100958 
2.121855 
2.145960 
2.180000 
2.248722 
2.352941 
2.463493 
2.551212 
2.586933 
2.368583 
1.843231 
1.205428 
0.649724 
0.370667 
0.300525 
0.243003 
0.199804 
0.172635 
0.163200 
0.169523 
0.184602 
0.202598 
0.217677 
0.224000 
0.224000 
0.224000 
0.224000 
0.224000 
0.224000 
0.224000 
0.224000 
0.224000 
0.224000 
0.224000 
0.208192 
0.170496 
0.125504 
0.087808 
0.072000 
0.072000 
0.072000 
0.072000 
0.072000 
0.072000 
0.072000 
0.072000 
0.072000 
0.072000 
0.072000 
0.072000 
0.072000 
0.072000 
0.072000 
0.072000 
0.072000 
0.072000 
0.072000 
0.072000 
0.072000 
0.072000 
0.072000 
0.072000 
0.072000 
0.072000 
0.072000 
0.072000 
0.072000 
0.072000 
0.072000 
0.072000 
0.072000 
0.072000 
0.072000 
0.072000 
0.072000 
0.072000 
0.072000 
0.072000 
0.072000 
0.072000 
0.072000 
0.072000 
0.072000 
0.072000 
0.072000 
0.072000 
0.072000 
0.072000 
0.072000 
