0.000000 
0.000000 
0.000000 
0.000000 
0.000000 
0.000000 
0.000000 
0.000000 
0.000000 
0.000000 
0.000000 
0.000000 
0.000000 
0.000000 
0.000000 
0.000000 
0.000000 
0.000000 
0.000000 
0.000000 
0.000000 
0.000000 
0.000000 
0.000000 
0.000000 
0.000000 
0.000000 
0.000000 
0.000000 
0.000000 
0.000000 
0.000000 
0.000000 
0.000000 
0.000000 
0.000000 
0.000000 
0.000000 
0.000000 
0.000000 
0.000000 
0.000000 
0.000000 
0.000000 
0.000000 
0.000000 
0.000000 
0.000000 
0.000000 
0.000000 
0.000000 
0.000000 
0.000000 
0.000000 
0.000000 
0.000000 
0.000000 
0.000000 
0.000000 
0.000000 
0.000000 
0.000000 
0.000000 
0.000000 
0.000000 
0.000000 
0.000000 
0.000000 
0.000000 
0.000000 
0.000000 
0.000000 
0.000000 
0.000000 
0.000000 
0.000000 
0.000000 
0.000000 
0.000000 
0.000000 
0.000000 
0.000000 
0.000000 
0.000000 
0.000000 
0.000000 
0.000000 
0.000000 
0.000000 
0.000000 
0.000000 
0.000000 
0.000000 
0.000000 
0.000000 
0.000000 
0.000000 
0.000000 
0.000000 
0.000000 
0.000000 
0.000000 
0.000000 
0.000000 
0.000000 
0.000000 
0.000000 
0.000000 
0.000000 
0.000000 
0.000000 
0.000000 
0.000000 
0.000000 
0.000000 
0.000000 
0.000000 
0.000000 
0.000000 
0.000000 
0.000000 
0.000000 
0.000000 
0.000000 
0.000000 
0.000000 
0.000000 
0.000000 
0.000000 
0.000000 
0.000000 
0.000000 
0.000000 
0.000000 
0.000000 
0.000000 
0.000000 
0.000000 
0.000000 
0.000000 
0.000000 
0.000000 
0.000000 
0.000000 
0.000000 
0.000000 
0.000000 
0.000000 
0.000000 
0.000000 
0.000000 
0.000000 
0.000000 
0.000000 
0.000000 
0.000000 
0.000000 
0.000000 
0.000000 
0.000000 
0.000000 
0.000000 
0.000000 
0.000000 
0.000000 
0.000000 
0.000000 
0.000000 
0.000000 
0.000000 
0.000000 
0.000000 
0.000000 
0.000000 
0.000000 
0.000000 
0.000000 
0.000000 
0.000000 
0.000000 
0.000000 
0.000000 
0.000000 
0.000000 
0.000000 
0.000000 
0.000000 
0.000000 
0.000000 
0.000000 
0.000000 
0.000000 
0.000000 
0.000000 
0.000000 
0.000000 
0.000000 
0.000000 
0.000000 
0.000000 
0.000000 
0.000000 
0.000000 
0.000000 
0.000000 
0.000000 
0.000000 
0.000000 
0.000000 
0.000000 
0.000000 
0.000000 
0.000000 
0.000000 
0.000000 
0.000000 
0.000000 
0.000000 
0.000000 
0.000000 
0.000000 
0.000000 
0.000000 
0.000000 
0.000000 
0.000000 
0.000000 
0.000000 
0.000000 
0.000000 
0.000000 
0.000000 
0.000000 
0.000000 
0.000000 
0.000000 
0.000000 
0.000000 
0.000000 
0.000000 
0.000000 
0.000000 
0.000000 
0.000000 
0.000000 
0.000000 
0.000000 
0.000000 
0.000000 
0.000000 
0.000000 
0.000000 
0.000000 
0.000000 
0.000000 
0.000000 
0.000000 
0.000000 
0.000000 
0.000000 
0.000000 
0.000000 
0.000000 
0.000000 
0.000000 
0.000000 
0.000000 
0.000000 
0.000000 
0.000000 
0.000000 
0.000000 
0.000000 
0.000000 
0.000000 
0.000000 
0.000000 
0.000000 
0.000000 
0.000000 
0.000000 
0.000000 
0.000000 
0.000000 
0.000000 
0.000000 
0.000000 
0.000000 
0.000000 
0.000000 
0.000000 
0.000000 
0.000000 
0.000000 
0.000000 
0.000000 
0.000000 
0.000000 
0.000000 
0.000000 
0.000000 
0.000000 
0.000000 
0.000000 
0.000000 
0.000000 
0.000000 
0.000000 
0.000000 
0.000000 
0.000000 
0.000000 
0.000000 
0.000000 
0.000000 
0.000000 
0.000000 
0.000000 
0.000000 
0.000000 
0.000000 
0.000000 
0.000000 
0.000000 
0.000000 
0.000000 
0.000000 
0.000000 
0.000000 
0.000000 
0.000000 
0.000000 
0.000000 
0.000000 
0.000000 
0.000000 
0.000000 
0.000000 
0.000000 
0.000000 
0.000000 
0.000000 
0.000000 
0.000000 
0.000000 
0.000000 
0.000000 
0.000000 
0.000000 
0.000000 
0.000000 
0.000000 
0.000000 
0.000000 
0.000000 
0.000000 
0.000000 
0.000000 
0.000000 
0.000000 
0.000000 
0.000000 
0.000000 
0.000000 
0.000000 
0.000000 
0.000000 
0.000000 
0.000000 
0.000000 
0.000000 
0.000000 
0.000000 
0.000000 
0.000000 
0.000000 
0.000000 
0.000000 
0.000000 
0.000000 
0.000000 
0.000000 
0.000000 
0.000000 
0.000000 
0.000000 
0.000000 
0.000000 
0.000000 
0.000000 
0.000000 
0.000000 
0.000000 
0.000000 
0.000000 
0.000000 
0.000000 
0.000000 
0.000000 
0.000000 
0.000000 
0.000000 
0.000000 
0.000000 
0.000000 
0.000000 
0.000000 
0.000000 
0.000000 
0.000000 
0.000000 
0.000000 
0.000000 
0.000000 
0.000000 
0.000000 
0.000000 
0.000000 
0.000000 
0.000000 
0.000000 
0.006069 
0.020196 
0.031844 
0.037310 
0.033376 
0.032369 
0.020104 
0.027011 
0.023764 
0.027526 
0.034677 
0.060673 
0.062772 
0.093761 
0.073607 
0.112664 
0.124842 
0.137264 
0.131714 
0.141256 
0.143303 
0.133590 
0.159464 
0.147832 
0.139436 
0.173654 
0.166108 
0.200186 
0.200045 
0.178323 
0.195714 
0.196548 
0.187768 
0.201787 
0.187698 
0.217329 
0.197719 
0.235129 
0.241810 
0.250555 
0.222583 
0.199109 
0.173747 
0.123027 
0.059835 
0.003380 
0.000000 
0.000000 
0.000000 
0.000000 
0.000000 
0.023317 
0.091878 
0.152225 
0.160814 
0.147760 
0.200066 
0.213713 
0.177652 
0.168851 
0.223709 
0.210415 
0.195881 
0.224930 
0.197392 
0.189794 
0.195510 
0.264808 
0.219723 
0.220252 
0.227720 
0.229245 
0.181018 
0.173304 
0.228325 
0.228840 
0.226534 
0.255490 
0.229786 
0.181107 
0.214318 
0.195340 
0.139513 
0.139089 
0.153791 
0.191990 
0.255571 
0.269466 
0.254839 
0.216239 
0.181619 
0.094651 
0.013073 
0.000000 
0.000000 
0.000000 
0.000000 
0.000000 
0.000000 
0.000000 
0.000000 
0.000000 
0.015462 
0.082065 
0.115925 
0.194001 
0.212557 
0.263882 
0.289034 
0.290998 
0.284374 
0.312651 
0.297172 
0.319449 
0.337349 
0.340586 
0.384612 
0.377432 
0.296247 
0.375122 
0.284170 
0.392355 
0.327083 
0.357044 
0.343603 
0.316155 
0.359893 
0.395896 
0.384202 
0.315399 
0.361899 
0.329055 
0.326959 
0.369152 
0.362694 
0.425607 
0.425602 
0.421707 
0.458813 
0.418672 
0.388287 
0.328901 
0.368605 
0.420941 
0.408997 
0.424964 
0.428381 
0.434270 
0.398342 
0.392214 
0.457816 
0.430440 
0.373288 
0.472007 
0.458754 
0.427620 
0.487710 
0.523935 
0.473593 
0.458297 
0.460734 
0.467159 
0.497139 
0.433746 
0.516796 
0.394260 
0.383017 
0.460979 
0.444224 
0.313754 
0.410623 
0.516444 
0.526008 
0.683964 
0.482714 
0.362063 
0.240472 
0.182606 
0.135986 
0.147797 
0.152693 
0.184388 
0.222498 
0.267012 
0.333879 
0.368097 
0.467591 
0.574255 
0.456930 
0.547109 
0.528750 
0.526015 
0.510073 
0.510482 
0.388713 
0.383417 
0.302714 
0.234824 
0.197939 
0.144037 
0.097445 
0.068396 
0.057112 
0.040471 
0.086239 
0.216901 
0.358748 
0.516302 
0.560740 
0.541970 
0.577288 
0.556083 
0.429481 
0.434149 
0.429716 
0.384954 
0.274711 
0.209467 
0.214137 
0.235915 
0.337411 
0.428420 
0.523632 
0.552173 
0.677546 
0.590981 
0.554245 
0.502603 
0.484768 
0.547764 
0.387696 
0.509202 
0.459049 
0.492300 
0.516407 
0.474297 
0.462977 
0.644710 
0.524743 
0.514756 
0.532503 
0.463990 
0.327118 
0.294563 
0.173272 
0.075559 
0.000000 
0.000000 
0.000000 
0.000000 
0.000000 
0.000000 
0.000000 
0.000000 
0.000000 
0.002045 
0.109262 
0.321320 
0.351036 
0.425120 
0.486209 
0.646221 
0.590089 
0.485300 
0.601843 
0.521507 
0.536504 
0.573897 
0.530589 
0.592724 
0.569414 
0.679308 
0.566177 
0.567902 
0.643390 
0.563549 
0.512726 
0.608077 
0.559223 
0.612194 
0.604706 
0.547794 
0.481933 
0.562745 
0.439232 
0.292160 
0.119190 
0.000000 
0.000000 
0.000000 
0.000000 
0.000000 
0.022444 
0.070413 
0.090570 
0.135725 
0.185572 
0.198224 
0.224203 
0.183451 
0.137236 
0.057478 
0.004737 
0.000000 
0.004275 
0.055545 
0.135825 
0.201693 
0.246265 
0.304963 
0.383060 
0.403819 
0.451620 
0.419385 
0.474581 
0.283907 
0.200211 
0.056713 
0.022517 
0.023296 
0.028223 
0.035631 
0.051489 
0.050014 
0.047796 
0.025964 
0.014190 
0.000738 
0.000000 
0.002236 
0.023459 
0.047256 
0.067160 
0.083435 
0.134751 
0.151074 
0.168766 
0.180189 
0.256878 
0.288422 
0.391155 
0.417789 
0.532315 
0.477645 
0.593655 
0.433395 
0.463317 
0.615612 
0.486240 
0.353179 
0.274599 
0.143572 
0.035441 
0.000000 
0.000000 
0.000000 
0.000000 
0.000000 
0.000000 
0.000000 
0.000000 
0.044704 
0.125806 
0.207212 
0.251174 
0.335353 
0.445544 
0.696609 
0.707100 
0.629339 
0.585644 
0.601133 
0.629003 
0.686202 
0.513142 
0.632346 
0.555285 
0.615926 
0.590604 
0.630646 
0.598364 
0.542120 
0.577887 
0.554139 
0.572389 
0.459558 
0.533993 
0.558770 
0.576895 
0.463828 
0.659325 
0.665137 
0.690187 
0.601886 
0.610798 
0.728608 
0.634871 
0.641812 
0.649767 
0.576800 
0.646281 
0.666634 
0.578623 
0.580865 
0.521047 
0.487240 
0.436622 
0.350176 
0.376194 
0.358309 
0.416401 
0.478871 
0.496589 
0.608861 
0.513616 
0.597853 
0.589638 
0.639543 
0.546040 
0.533949 
0.501021 
0.532174 
0.521238 
0.609819 
0.449756 
0.544474 
0.490633 
0.556032 
0.554664 
0.540261 
0.494035 
0.417136 
0.414478 
0.361184 
0.345065 
0.289981 
0.271155 
0.274109 
0.246316 
0.235740 
0.371867 
0.443892 
0.595187 
0.494952 
0.535976 
0.562595 
0.551589 
0.554548 
0.487620 
0.508905 
0.521299 
0.466594 
0.519442 
0.474357 
0.380494 
0.420241 
0.564185 
0.523881 
0.606629 
0.559436 
0.457232 
0.550115 
0.462952 
0.432334 
0.348493 
0.388600 
0.378683 
0.301205 
0.317610 
0.270207 
0.326927 
0.347953 
0.349713 
0.298745 
0.367475 
0.407507 
0.392366 
0.468977 
0.393040 
0.465338 
0.443767 
0.400790 
0.426131 
0.373422 
0.389980 
0.283855 
0.154916 
0.067755 
0.017325 
0.003822 
0.000000 
0.000000 
0.000000 
0.000000 
0.000000 
0.000000 
0.000000 
0.000000 
0.000000 
0.000000 
0.000000 
0.000000 
0.000000 
0.012905 
0.035290 
0.068264 
0.115914 
0.187281 
0.195056 
0.282014 
0.270230 
0.376764 
0.392327 
0.395785 
0.395012 
0.437924 
0.410323 
0.400577 
0.282316 
0.276053 
0.222538 
0.183012 
0.172985 
0.181728 
0.151590 
0.139713 
0.130957 
0.132119 
0.114095 
0.122129 
0.136634 
0.175789 
0.178203 
0.180374 
0.196216 
0.329696 
0.359255 
0.398039 
0.427733 
0.442636 
0.414167 
0.501177 
0.430306 
0.394801 
0.438459 
0.327433 
0.294389 
0.300311 
0.275506 
0.221176 
0.244624 
0.239635 
0.194888 
0.181631 
0.219484 
0.215630 
0.233374 
0.223007 
0.241937 
0.283344 
0.271739 
0.276219 
0.322869 
0.336947 
0.325272 
0.374170 
0.290588 
0.322859 
0.342762 
0.327114 
0.304767 
0.219349 
0.175019 
0.149309 
0.151480 
0.215210 
0.245837 
0.251944 
0.266042 
0.310451 
0.198386 
0.176252 
0.115235 
0.113345 
0.126781 
0.103003 
0.132277 
0.144127 
0.122321 
0.140773 
0.134736 
0.137063 
0.125178 
0.122425 
0.127668 
0.128682 
0.122359 
0.113488 
0.120314 
0.098961 
0.080170 
0.089381 
0.075110 
0.075555 
0.058035 
0.052370 
0.037571 
0.031191 
0.018722 
0.014098 
0.007397 
0.000511 
0.000000 
0.000000 
0.000000 
0.000000 
0.000000 
0.000000 
0.000000 
0.000000 
0.000000 
0.000000 
0.000000 
0.000000 
0.000000 
0.000000 
0.000000 
0.000000 
0.000000 
0.000000 
0.000000 
0.000000 
0.000000 
0.000000 
0.000000 
0.000000 
0.000000 
0.000000 
0.000000 
0.000000 
0.000000 
0.000000 
0.002151 
0.005040 
0.008951 
0.012175 
0.018831 
0.016543 
0.025076 
0.024219 
0.025813 
0.028389 
0.023726 
0.026351 
0.025885 
0.027495 
0.020122 
0.017605 
0.019705 
0.028121 
0.035808 
0.052424 
0.048918 
0.062668 
0.061948 
0.070573 
0.061930 
0.073761 
0.085620 
0.096579 
0.145182 
0.156077 
0.225436 
0.214606 
0.228041 
0.177645 
0.226678 
0.201805 
0.198258 
0.174020 
0.143188 
0.119254 
0.105066 
0.091452 
0.084806 
0.068834 
0.078182 
0.075152 
0.076104 
0.069554 
0.057155 
0.047262 
0.027731 
0.018393 
0.018366 
0.009640 
0.005764 
0.002485 
0.000000 
0.000000 
0.000000 
0.000000 
0.000000 
0.000000 
0.000000 
0.000000 
0.000000 
0.001405 
0.002086 
0.001928 
0.000543 
0.000000 
0.000000 
0.000000 
0.000000 
0.000000 
0.000000 
0.000000 
0.000000 
0.000000 
0.000000 
0.000869 
0.003574 
0.004023 
0.003721 
0.002021 
0.000000 
0.000000 
0.000000 
0.000000 
0.000000 
0.000000 
0.000000 
0.000000 
0.000000 
0.000000 
0.000000 
0.000000 
0.000000 
0.000000 
0.000000 
0.000000 
0.000000 
0.000000 
0.000000 
0.000000 
0.000000 
0.000000 
0.000000 
0.000000 
0.000000 
0.000000 
0.000000 
0.000000 
0.000000 
0.000000 
0.000000 
0.000000 
0.000000 
0.000000 
0.000000 
0.000000 
0.000000 
0.000000 
0.000000 
0.000000 
0.000000 
0.000000 
0.000000 
0.000000 
0.000000 
0.000000 
0.000000 
0.000000 
0.000000 
0.000000 
0.000000 
0.000000 
0.000000 
0.000000 
0.000000 
0.000000 
0.000000 
0.000000 
0.000000 
0.000000 
0.000000 
0.000000 
0.000000 
0.000000 
0.000000 
0.000000 
0.000000 
0.000000 
0.000000 
0.000000 
0.000000 
0.000000 
0.000000 
0.000000 
0.000000 
0.000000 
0.000000 
0.000000 
0.000000 
0.000000 
0.000000 
0.000000 
0.000000 
0.000000 
0.000000 
0.000000 
0.000000 
0.000000 
0.000000 
0.000000 
0.000000 
0.000000 
0.000000 
0.000000 
0.000000 
0.000000 
0.000000 
0.000000 
0.000000 
0.000000 
0.000000 
0.000000 
0.000000 
0.000000 
0.000000 
0.000000 
0.000000 
0.000000 
0.000000 
0.000000 
0.000000 
0.000000 
0.000000 
0.000000 
0.000000 
0.000000 
0.000000 
0.000000 
0.000000 
0.000000 
0.000000 
0.000000 
0.000000 
0.000000 
0.000000 
0.000000 
0.000000 
0.000000 
0.000000 
0.000000 
0.000000 
0.000000 
0.000000 
0.000000 
0.000000 
0.000000 
0.000000 
0.000000 
0.000000 
0.000000 
0.000000 
0.000000 
0.000000 
0.000000 
0.000000 
0.000000 
0.000000 
0.000000 
0.000000 
0.000000 
0.000000 
0.000000 
0.000000 
0.000000 
0.000000 
0.000000 
0.000000 
0.000000 
0.000000 
0.000000 
0.000000 
0.000000 
0.000000 
0.000000 
0.000000 
0.000000 
0.000000 
0.000000 
0.000000 
0.000000 
0.000000 
0.000000 
0.000000 
0.000000 
0.000000 
0.000000 
0.000000 
0.000000 
0.000000 
0.000000 
0.000000 
0.000000 
0.000000 
0.000000 
0.000000 
0.000000 
0.000000 
0.000000 
0.000000 
0.000000 
0.000000 
0.000000 
0.000000 
0.000000 
0.000000 
0.000000 
0.000000 
0.000000 
0.000000 
0.000000 
0.000000 
0.000000 
0.000000 
0.000000 
0.000000 
0.000000 
0.000000 
0.000000 
0.000000 
0.000000 
0.000000 
0.000000 
0.000000 
0.000000 
0.000000 
0.000000 
0.000000 
0.000000 
0.000000 
0.000000 
0.000000 
0.000000 
0.000000 
0.000000 
0.000000 
0.000000 
0.000000 
0.000000 
0.000000 
0.000000 
0.000000 
0.000000 
0.000000 
0.000000 
0.000000 
0.000000 
0.000000 
0.000000 
0.000000 
0.000000 
0.000000 
0.000000 
0.000000 
0.000000 
0.000000 
0.000000 
0.000000 
0.000000 
0.000000 
0.000000 
0.000000 
0.000000 
0.000000 
0.000000 
0.000000 
0.000000 
0.000000 
0.000000 
0.000000 
0.000000 
0.000000 
0.000000 
0.000000 
0.000000 
0.000000 
0.000000 
0.000000 
0.000000 
0.000000 
0.000000 
0.000000 
0.000000 
0.000000 
0.000000 
0.000000 
0.000000 
0.000000 
0.000000 
0.000000 
0.000000 
0.000000 
0.000000 
0.000000 
0.000000 
0.000000 
0.000000 
0.000000 
0.000000 
0.000000 
0.000000 
0.000000 
0.000000 
0.000000 
