0.200054 
0.169574 
0.148867 
0.137073 
0.133333 
0.136787 
0.146573 
0.161833 
0.181707 
0.205333 
0.274165 
0.401836 
0.545757 
0.663341 
0.712000 
0.693451 
0.648246 
0.592049 
0.540523 
0.509333 
0.494118 
0.480685 
0.469954 
0.462841 
0.460267 
0.475703 
0.515153 
0.568324 
0.624926 
0.674667 
0.724407 
0.781009 
0.834180 
0.873630 
0.889067 
0.882668 
0.867054 
0.847600 
0.829680 
0.818667 
0.813855 
0.810429 
0.807595 
0.804560 
0.800533 
0.793809 
0.784696 
0.775426 
0.768228 
0.765333 
0.765333 
0.765333 
0.765333 
0.765333 
0.765333 
0.765333 
0.765333 
0.765333 
0.765333 
0.765333 
0.765333 
0.765333 
0.765333 
0.765333 
0.765333 
0.770603 
0.783168 
0.798165 
0.810731 
0.816000 
0.738901 
0.555051 
0.335616 
0.151765 
0.074667 
0.074667 
0.074667 
0.074667 
0.074667 
0.074667 
0.074667 
0.074667 
0.074667 
0.074667 
0.074667 
0.074667 
0.074667 
0.074667 
0.074667 
0.074667 
0.074667 
0.074667 
0.074667 
0.074667 
0.074667 
0.091029 
0.130048 
0.176619 
0.215637 
0.232000 
0.232000 
0.232000 
0.232000 
0.232000 
0.232000 
0.232000 
0.232000 
0.232000 
0.232000 
0.232000 
0.227872 
0.217097 
0.202094 
0.185278 
0.169067 
0.149583 
0.124963 
0.100646 
0.082068 
0.074667 
0.074667 
0.074667 
0.074667 
0.074667 
0.074667 
0.074667 
0.074667 
0.074667 
0.074667 
0.074667 
0.074667 
0.074667 
0.074667 
0.074667 
0.074667 
0.074667 
0.074667 
0.074667 
0.074667 
0.074667 
0.074667 
0.074667 
0.074667 
0.074667 
0.074667 
0.074667 
0.074667 
0.074667 
0.074667 
0.074667 
0.082068 
0.100646 
0.124963 
0.149583 
0.169067 
0.185278 
0.202094 
0.217097 
0.227872 
0.232000 
0.232000 
0.232000 
0.232000 
0.232000 
0.232000 
0.232000 
0.232000 
0.232000 
0.232000 
0.232000 
0.215637 
0.176619 
0.130048 
0.091029 
0.074667 
0.074667 
0.074667 
0.074667 
0.074667 
0.074667 
0.074667 
0.074667 
0.074667 
0.074667 
0.074667 
0.074667 
0.074667 
0.074667 
0.074667 
0.074667 
0.074667 
0.074667 
0.074667 
0.074667 
0.074667 
0.074667 
0.074667 
0.074667 
0.074667 
0.074667 
0.074667 
0.074667 
0.074667 
0.074667 
0.074667 
0.082068 
0.100646 
0.124963 
0.149583 
0.169067 
0.185278 
0.202094 
0.217097 
0.227872 
0.232000 
0.232000 
0.232000 
0.232000 
0.232000 
0.232000 
0.232000 
0.232000 
0.232000 
0.232000 
0.232000 
0.215637 
0.176619 
0.130048 
0.091029 
0.074667 
0.074667 
0.074667 
0.074667 
0.074667 
0.074667 
0.074667 
0.074667 
0.074667 
0.074667 
0.074667 
0.074667 
0.074667 
0.074667 
0.074667 
0.074667 
0.074667 
0.074667 
0.074667 
0.074667 
0.074667 
0.074667 
0.074667 
0.074667 
0.074667 
0.074667 
0.074667 
0.074667 
0.074667 
0.074667 
0.074667 
0.074667 
0.074667 
0.074667 
0.074667 
0.074667 
0.074667 
0.074667 
0.074667 
0.074667 
0.074667 
0.074667 
0.074667 
0.074667 
0.074667 
0.074667 
0.074667 
0.074667 
0.074667 
0.074667 
0.074667 
0.074667 
0.074667 
0.074667 
0.074667 
0.074667 
0.074667 
0.074667 
0.074667 
0.074667 
0.074667 
0.148334 
0.330613 
0.563419 
0.788665 
0.948267 
1.057338 
1.162090 
1.251078 
1.312863 
1.336000 
1.221184 
0.947392 
0.620608 
0.346816 
0.232000 
0.232000 
0.232000 
0.232000 
0.232000 
0.232000 
0.220521 
0.192528 
0.157688 
0.125668 
0.106133 
0.096416 
0.087807 
0.080910 
0.076328 
0.074667 
0.074667 
0.074667 
0.074667 
0.074667 
0.074667 
0.074667 
0.074667 
0.074667 
0.074667 
0.074667 
0.074667 
0.074667 
0.074667 
0.074667 
0.074667 
0.074667 
0.074667 
0.074667 
0.074667 
0.074667 
0.074667 
0.074667 
0.074667 
0.074667 
0.074667 
0.074667 
0.074667 
0.074667 
0.074667 
0.074667 
0.074667 
0.074667 
0.074667 
0.074667 
0.074667 
0.074667 
0.074667 
0.074667 
0.074667 
0.074667 
0.074667 
0.074667 
0.074667 
0.074667 
0.074667 
0.074667 
0.074667 
0.074667 
0.074667 
0.074667 
0.164545 
0.380568 
0.642319 
0.869380 
0.981333 
1.003948 
1.019051 
1.030313 
1.041406 
1.056000 
1.078337 
1.106196 
1.133553 
1.154384 
1.162667 
1.161225 
1.157786 
1.153681 
1.150242 
1.148800 
1.178253 
1.248486 
1.332314 
1.402547 
1.432000 
1.426218 
1.411623 
1.392347 
1.372518 
1.356267 
1.344980 
1.335808 
1.326518 
1.314881 
1.298667 
1.267257 
1.215843 
1.150908 
1.078933 
1.006400 
0.918077 
0.808354 
0.698154 
0.608396 
0.560000 
0.540937 
0.525355 
0.513436 
0.505368 
0.501333 
0.499527 
0.498048 
0.496939 
0.496242 
0.496000 
0.516523 
0.565461 
0.623872 
0.672811 
0.693333 
0.684672 
0.662869 
0.634197 
0.604928 
0.581333 
0.561067 
0.539733 
0.520533 
0.506667 
0.501333 
0.507989 
0.523861 
0.542805 
0.558677 
0.565333 
0.556015 
0.533794 
0.507273 
0.485052 
0.475733 
0.476555 
0.479010 
0.483080 
0.488749 
0.496000 
0.709858 
1.221030 
1.858019 
2.449329 
2.823467 
3.026299 
3.208751 
3.356905 
3.456849 
3.494667 
3.496306 
3.497257 
3.497923 
3.498703 
3.500000 
3.503189 
3.508350 
3.513943 
3.518429 
3.520267 
3.356723 
2.966735 
2.501265 
2.111277 
1.947733 
2.352196 
3.316685 
4.467849 
5.432337 
5.836800 
5.657032 
5.197721 
4.578853 
3.920417 
3.342400 
2.770132 
2.123620 
1.514868 
1.055882 
0.858667 
0.832345 
0.811508 
0.796365 
0.787126 
0.784000 
0.784262 
0.785000 
0.786139 
0.787608 
0.789333 
0.793832 
0.801914 
0.810947 
0.818298 
0.821333 
0.821333 
0.821333 
0.821333 
0.821333 
0.821333 
0.819448 
0.813969 
0.805168 
0.793310 
0.778667 
0.705228 
0.553168 
0.377028 
0.231347 
0.170667 
0.170667 
0.170667 
0.170667 
0.170667 
0.170667 
0.170667 
0.170667 
0.170667 
0.170667 
0.170667 
0.176708 
0.192567 
0.214846 
0.240145 
0.265067 
0.296533 
0.337440 
0.378347 
0.409813 
0.422400 
0.412582 
0.389171 
0.361229 
0.337818 
0.328000 
0.337818 
0.361229 
0.389171 
0.412582 
0.422400 
0.396220 
0.333790 
0.259277 
0.196847 
0.170667 
0.170667 
0.170667 
0.170667 
0.170667 
0.170667 
0.180484 
0.203895 
0.231838 
0.255249 
0.265067 
0.255249 
0.231838 
0.203895 
0.180484 
0.170667 
0.172803 
0.178962 
0.188774 
0.201866 
0.217867 
0.256752 
0.334845 
0.446296 
0.585253 
0.745867 
1.047101 
1.532004 
2.080851 
2.573914 
2.891467 
3.072743 
3.231814 
3.361206 
3.453447 
3.501067 
3.518776 
3.529329 
3.537322 
3.547348 
3.564000 
3.596772 
3.651240 
3.726122 
3.820136 
3.932000 
4.142268 
4.484385 
4.886409 
5.276395 
5.582400 
5.834087 
6.087137 
6.308637 
6.465674 
6.525333 
6.525333 
6.525333 
6.525333 
6.525333 
6.525333 
6.453156 
6.264790 
6.002487 
5.708495 
5.425067 
5.084424 
4.654000 
4.228857 
3.904058 
3.774667 
3.774667 
3.774667 
3.774667 
3.774667 
3.774667 
3.774667 
3.774667 
3.774667 
3.774667 
3.774667 
3.774667 
3.774667 
3.774667 
3.774667 
3.774667 
3.531564 
2.938735 
2.200896 
1.522768 
1.109067 
0.903282 
0.720955 
0.574880 
0.477853 
0.442667 
0.444293 
0.448473 
0.454161 
0.460308 
0.465867 
0.470693 
0.475493 
0.480493 
0.485920 
0.492000 
0.500586 
0.511686 
0.522760 
0.531267 
0.534667 
0.534667 
0.534667 
0.534667 
0.534667 
0.534667 
0.542068 
0.560646 
0.584963 
0.609583 
0.629067 
0.645278 
0.662094 
0.677097 
0.687872 
0.692000 
0.692000 
0.692000 
0.692000 
0.692000 
0.692000 
0.690247 
0.685249 
0.677393 
0.667069 
0.654667 
0.614253 
0.537135 
0.449557 
0.377763 
0.348000 
0.348000 
0.348000 
0.348000 
0.348000 
0.348000 
0.348000 
0.348000 
0.348000 
0.348000 
0.348000 
0.348000 
0.348000 
0.348000 
0.348000 
0.348000 
0.345227 
0.338613 
0.330720 
0.324107 
0.321333 
0.355945 
0.438479 
0.536988 
0.619522 
0.654133 
0.618983 
0.534304 
0.431253 
0.340989 
0.294667 
0.281708 
0.271002 
0.262908 
0.257787 
0.256000 
0.256000 
0.256000 
0.256000 
0.256000 
0.256000 
0.265818 
0.289229 
0.317171 
0.340582 
0.350400 
0.343468 
0.326319 
0.304423 
0.283249 
0.268267 
0.258054 
0.248255 
0.239936 
0.234162 
0.232000 
0.261474 
0.342428 
0.463658 
0.613961 
0.782133 
1.044388 
1.442578 
1.913961 
2.395793 
2.825333 
3.257043 
3.733380 
4.173595 
4.496941 
4.622667 
4.508423 
4.209589 
3.792010 
3.321532 
2.864000 
2.303300 
1.586806 
0.875595 
0.330745 
0.113333 
0.113333 
0.113333 
0.113333 
0.113333 
0.113333 
0.113333 
0.113333 
0.113333 
0.113333 
0.113333 
0.113333 
0.113333 
0.113333 
0.113333 
0.113333 
0.116288 
0.123905 
0.134311 
0.145633 
0.156000 
0.167199 
0.180505 
0.193279 
0.202880 
0.206667 
0.206667 
0.206667 
0.206667 
0.206667 
0.206667 
0.206667 
0.206667 
0.206667 
0.206667 
0.206667 
0.206667 
0.206667 
0.206667 
0.206667 
0.206667 
0.206667 
0.206667 
0.206667 
0.206667 
0.206667 
0.207921 
0.211070 
0.215191 
0.219364 
0.222667 
0.224801 
0.226424 
0.228047 
0.230180 
0.233333 
0.245604 
0.269322 
0.296345 
0.318529 
0.327733 
0.317777 
0.294035 
0.265698 
0.241956 
0.232000 
0.232000 
0.232000 
0.232000 
0.232000 
0.232000 
0.232000 
0.232000 
0.232000 
0.232000 
0.232000 
0.215637 
0.176619 
0.130048 
0.091029 
0.074667 
0.074667 
0.074667 
0.074667 
0.074667 
0.074667 
0.074667 
0.074667 
0.074667 
0.074667 
0.074667 
0.074667 
0.074667 
0.074667 
0.074667 
0.074667 
0.074667 
0.074667 
0.074667 
0.074667 
0.074667 
0.074667 
0.074667 
0.074667 
0.074667 
0.074667 
0.074667 
0.074667 
0.074667 
0.074667 
0.074667 
0.074667 
0.074667 
0.074667 
0.074667 
0.074667 
0.074667 
0.074667 
0.074667 
0.074667 
0.074667 
0.074667 
0.074667 
0.074667 
0.074667 
0.074667 
0.074667 
0.074667 
0.074667 
0.074667 
0.074667 
0.074667 
0.074667 
0.074667 
0.074667 
0.074667 
0.074667 
0.074667 
0.074667 
0.074667 
0.074667 
0.074667 
0.074667 
0.074667 
0.074667 
0.074667 
0.074667 
0.074667 
0.074667 
0.074667 
0.074667 
0.074667 
0.074667 
0.074667 
0.074667 
0.074667 
0.081507 
0.098963 
0.122439 
0.147339 
0.169067 
0.190517 
0.214756 
0.237442 
0.254237 
0.260800 
0.259191 
0.255356 
0.250778 
0.246942 
0.245333 
0.246221 
0.248337 
0.250863 
0.252979 
0.253867 
0.237726 
0.199236 
0.153297 
0.114807 
0.098667 
0.128149 
0.210867 
0.338231 
0.501650 
0.692533 
1.169763 
2.016009 
2.958360 
3.723905 
4.039733 
3.969113 
3.794529 
3.571895 
3.357125 
3.206133 
3.124227 
3.066593 
3.013966 
2.947079 
2.846667 
2.566217 
2.065612 
1.485179 
0.965244 
0.646133 
0.480553 
0.334334 
0.217492 
0.140042 
0.112000 
0.304774 
0.764467 
1.313133 
1.772826 
1.965600 
1.779482 
1.335661 
0.805939 
0.362118 
0.176000 
0.176000 
0.176000 
0.176000 
0.176000 
0.176000 
0.176000 
0.176000 
0.176000 
0.176000 
0.176000 
0.176000 
0.176000 
0.176000 
0.176000 
0.176000 
0.177254 
0.180403 
0.184525 
0.188698 
0.192000 
0.194068 
0.195558 
0.197081 
0.199247 
0.202667 
0.485926 
1.156049 
1.956303 
2.629953 
2.920267 
2.931124 
2.938481 
2.943715 
2.948206 
2.953333 
2.959886 
2.966971 
2.973448 
2.978171 
2.980000 
2.787745 
2.318628 
1.734117 
1.195685 
0.864800 
0.698614 
0.552394 
0.434788 
0.354441 
0.320000 
0.312162 
0.305919 
0.301354 
0.298553 
0.297600 
0.306542 
0.328202 
0.354831 
0.378680 
0.392000 
0.396347 
0.399115 
0.401308 
0.403935 
0.408000 
0.417933 
0.434214 
0.451930 
0.466163 
0.472000 
0.453641 
0.409860 
0.357606 
0.313826 
0.295467 
0.297332 
0.302365 
0.309719 
0.318546 
0.328000 
0.341100 
0.359417 
0.379930 
0.399620 
0.415467 
0.429059 
0.442790 
0.454845 
0.463409 
0.466667 
0.465003 
0.461035 
0.456299 
0.452331 
0.450667 
0.453995 
0.461931 
0.471403 
0.479339 
0.482667 
0.481907 
0.479961 
0.477328 
0.474508 
0.472000 
0.469437 
0.466484 
0.463693 
0.461615 
0.460800 
0.472592 
0.502491 
0.542280 
0.583744 
0.618667 
0.651038 
0.686418 
0.718945 
0.742759 
0.752000 
0.747937 
0.737251 
0.722196 
0.705028 
0.688000 
0.666147 
0.637471 
0.608682 
0.586489 
0.577600 
0.579810 
0.585871 
0.594935 
0.606150 
0.618667 
0.637273 
0.664997 
0.698352 
0.733849 
0.768000 
0.803068 
0.841465 
0.879928 
0.915195 
0.944000 
0.969434 
0.994672 
1.016579 
1.032022 
1.037867 
1.031987 
1.017967 
1.001233 
0.987213 
0.981333 
0.986880 
1.000107 
1.015893 
1.029120 
1.034667 
1.034645 
1.034579 
1.034471 
1.034322 
1.034133 
1.031615 
1.025911 
1.019172 
1.013552 
1.011200 
1.016109 
1.027814 
1.041786 
1.053491 
1.058400 
1.048636 
1.024074 
0.991807 
0.958929 
0.932533 
0.910020 
0.886401 
0.865185 
0.849881 
0.844000 
0.853984 
0.877792 
0.906208 
0.930016 
0.940000 
0.936395 
0.927797 
0.917536 
0.908939 
0.905333 
0.910769 
0.923731 
0.939202 
0.952164 
0.957600 
0.954445 
0.946044 
0.933994 
0.919892 
0.905333 
0.884562 
0.855646 
0.825915 
0.802701 
0.793333 
0.799435 
0.813984 
0.831349 
0.845899 
0.852000 
0.842182 
0.818706 
0.790539 
0.766648 
0.756000 
0.755216 
0.754787 
0.754483 
0.754075 
0.753333 
0.749375 
0.741360 
0.732125 
0.724504 
0.721333 
0.721888 
0.723211 
0.724789 
0.726112 
0.726667 
0.725308 
0.721736 
0.716711 
0.710991 
0.705333 
0.698531 
0.689923 
0.681089 
0.673611 
0.669067 
0.666631 
0.664509 
0.662832 
0.661730 
0.661333 
0.663259 
0.668562 
0.676529 
0.686446 
0.697600 
0.717980 
0.750529 
0.786968 
0.819018 
0.838400 
0.848257 
0.856883 
0.863728 
0.868240 
0.869867 
0.861214 
0.840580 
0.815953 
0.795319 
0.786667 
0.846016 
0.987541 
1.156459 
1.297984 
1.357333 
1.355951 
1.351905 
1.345351 
1.336443 
1.325333 
1.254486 
1.103126 
0.926550 
0.780054 
0.718933 
0.724036 
0.736205 
0.750729 
0.762897 
0.768000 
0.766324 
0.761905 
0.755657 
0.748495 
0.741333 
0.731953 
0.719500 
0.706938 
0.697228 
0.693333 
0.698965 
0.712789 
0.730197 
0.746581 
0.757333 
0.762355 
0.765573 
0.768413 
0.772302 
0.778667 
0.814210 
0.890751 
0.987386 
1.083214 
1.157333 
1.216660 
1.276715 
1.329508 
1.367045 
1.381333 
1.332523 
1.216128 
1.077205 
0.960811 
0.912000 
0.915008 
0.922751 
0.933311 
0.944767 
0.955200 
0.963390 
0.970636 
0.978800 
0.989746 
1.005333 
1.080591 
1.233254 
1.409248 
1.554500 
1.614933 
1.567320 
1.452082 
1.310624 
1.184351 
1.114667 
1.088690 
1.066643 
1.049584 
1.038573 
1.034667 
1.063481 
1.135830 
1.230572 
1.326564 
1.402667 
1.464312 
1.526547 
1.582654 
1.625911 
1.649600 
1.659674 
1.667148 
1.672892 
1.677774 
1.682667 
1.687620 
1.692155 
1.696347 
1.700271 
1.704000 
1.708005 
1.712265 
1.716123 
1.718921 
1.720000 
1.657136 
1.505167 
1.319030 
1.153663 
1.064000 
1.035319 
1.014313 
0.998048 
0.983589 
0.968000 
0.948993 
0.928443 
0.909664 
0.895968 
0.890667 
0.892885 
0.898176 
0.904491 
0.909781 
0.912000 
0.888122 
0.830978 
0.762307 
0.703847 
0.677333 
0.674338 
0.671958 
0.670223 
0.669160 
0.668800 
0.672461 
0.681190 
0.691610 
0.700339 
0.704000 
0.700117 
0.690859 
0.679808 
0.670549 
0.666667 
0.681643 
0.717355 
0.759979 
0.795691 
0.810667 
0.810667 
0.810667 
0.810667 
0.810667 
0.810667 
0.809298 
0.805280 
0.798746 
0.789830 
0.778667 
0.697615 
0.522043 
0.316598 
0.145924 
0.074667 
0.074667 
0.074667 
0.074667 
0.074667 
0.074667 
