0.038667 
0.038667 
0.038667 
0.038667 
0.038667 
0.038667 
0.038667 
0.038667 
0.038667 
0.038667 
0.038667 
0.038667 
0.038667 
0.038667 
0.038667 
0.053745 
0.090515 
0.136279 
0.178340 
0.204000 
0.215167 
0.223283 
0.229948 
0.236764 
0.245333 
0.255043 
0.265004 
0.276404 
0.290430 
0.308267 
0.347336 
0.411377 
0.481056 
0.537042 
0.560000 
0.544922 
0.508151 
0.462387 
0.420326 
0.394667 
0.381903 
0.370594 
0.361534 
0.355516 
0.353333 
0.356523 
0.364128 
0.373205 
0.380811 
0.384000 
0.373285 
0.346691 
0.312549 
0.279186 
0.254933 
0.237558 
0.220597 
0.206030 
0.195838 
0.192000 
0.192000 
0.192000 
0.192000 
0.192000 
0.192000 
0.184787 
0.166682 
0.142982 
0.118989 
0.100000 
0.084201 
0.067812 
0.053190 
0.042690 
0.038667 
0.038667 
0.038667 
0.038667 
0.038667 
0.038667 
0.038667 
0.038667 
0.038667 
0.038667 
0.038667 
0.038667 
0.038667 
0.038667 
0.038667 
0.038667 
0.065436 
0.131454 
0.215287 
0.295503 
0.350667 
0.386279 
0.419870 
0.448056 
0.467450 
0.474667 
0.472245 
0.465567 
0.455513 
0.442964 
0.428800 
0.400326 
0.353652 
0.302868 
0.262065 
0.245333 
0.269461 
0.326997 
0.395669 
0.453205 
0.477333 
0.464437 
0.433685 
0.396981 
0.366229 
0.353333 
0.360546 
0.378652 
0.402351 
0.426345 
0.445333 
0.461133 
0.477521 
0.492143 
0.502643 
0.506667 
0.491865 
0.454709 
0.406074 
0.356835 
0.317867 
0.289867 
0.265084 
0.241713 
0.217953 
0.192000 
0.158357 
0.118119 
0.079368 
0.050189 
0.038667 
0.038667 
0.038667 
0.038667 
0.038667 
0.038667 
0.038667 
0.038667 
0.038667 
0.038667 
0.038667 
0.038667 
0.038667 
0.038667 
0.038667 
0.038667 
0.038667 
0.038667 
0.038667 
0.038667 
0.038667 
0.055399 
0.096202 
0.146985 
0.193659 
0.222133 
0.236297 
0.248846 
0.258900 
0.265578 
0.268000 
0.268000 
0.268000 
0.268000 
0.268000 
0.268000 
0.244149 
0.187275 
0.119392 
0.062517 
0.038667 
0.038667 
0.038667 
0.038667 
0.038667 
0.038667 
0.038667 
0.038667 
0.038667 
0.038667 
0.038667 
0.071392 
0.149429 
0.242571 
0.320608 
0.353333 
0.353333 
0.353333 
0.353333 
0.353333 
0.353333 
0.353333 
0.353333 
0.353333 
0.353333 
0.353333 
0.353333 
0.353333 
0.353333 
0.353333 
0.353333 
0.337435 
0.298087 
0.247807 
0.199116 
0.164533 
0.140794 
0.117961 
0.098545 
0.085055 
0.080000 
0.097195 
0.138197 
0.187136 
0.228139 
0.245333 
0.245333 
0.245333 
0.245333 
0.245333 
0.245333 
0.245333 
0.245333 
0.245333 
0.245333 
0.245333 
0.243151 
0.237133 
0.228073 
0.216764 
0.204000 
0.178340 
0.136279 
0.090515 
0.053745 
0.038667 
0.038667 
0.038667 
0.038667 
0.038667 
0.038667 
0.038667 
0.038667 
0.038667 
0.038667 
0.038667 
0.047069 
0.069377 
0.101244 
0.138323 
0.176267 
0.221709 
0.279502 
0.342627 
0.404066 
0.456800 
0.506568 
0.558661 
0.605390 
0.639066 
0.652000 
0.643962 
0.623909 
0.597927 
0.572106 
0.552533 
0.537426 
0.522252 
0.508979 
0.499573 
0.496000 
0.501658 
0.515149 
0.531251 
0.544742 
0.550400 
0.535561 
0.498373 
0.449832 
0.400932 
0.362667 
0.331446 
0.299343 
0.270851 
0.250461 
0.242667 
0.255712 
0.288415 
0.331130 
0.374207 
0.408000 
0.435692 
0.464220 
0.489569 
0.507723 
0.514667 
0.510229 
0.499648 
0.487019 
0.476437 
0.472000 
0.473223 
0.476575 
0.481583 
0.487771 
0.494667 
0.505219 
0.521069 
0.539775 
0.558899 
0.576000 
0.593265 
0.612343 
0.629989 
0.642956 
0.648000 
0.584629 
0.433515 
0.253152 
0.102037 
0.038667 
0.081544 
0.186542 
0.318208 
0.441089 
0.519733 
0.560235 
0.593412 
0.620898 
0.644327 
0.665333 
0.686476 
0.707480 
0.725726 
0.738595 
0.743467 
0.729164 
0.693220 
0.646080 
0.598191 
0.560000 
0.533303 
0.510706 
0.488872 
0.464460 
0.434133 
0.389334 
0.330153 
0.266226 
0.207186 
0.162667 
0.127980 
0.094504 
0.065972 
0.046115 
0.038667 
0.038667 
0.038667 
0.038667 
0.038667 
0.038667 
0.038667 
0.038667 
0.038667 
0.038667 
0.038667 
0.038667 
0.038667 
0.038667 
0.038667 
0.038667 
0.038667 
0.038667 
0.038667 
0.038667 
0.038667 
0.038667 
0.038667 
0.038667 
0.038667 
0.038667 
0.038667 
0.038667 
0.038667 
0.038667 
0.038667 
0.038667 
0.038667 
0.038667 
0.038667 
0.038667 
0.050946 
0.082844 
0.126949 
0.175849 
0.222133 
0.266634 
0.314730 
0.365829 
0.419339 
0.474667 
0.543257 
0.625778 
0.705470 
0.765574 
0.789333 
0.768672 
0.719403 
0.660597 
0.611328 
0.590667 
0.603424 
0.633845 
0.670155 
0.700576 
0.713333 
0.698155 
0.659530 
0.607829 
0.553418 
0.506667 
0.468247 
0.431214 
0.394511 
0.357081 
0.317867 
0.272378 
0.221236 
0.171052 
0.128437 
0.100000 
0.081369 
0.064627 
0.051067 
0.041982 
0.038667 
0.038667 
0.038667 
0.038667 
0.038667 
0.038667 
0.038667 
0.038667 
0.038667 
0.038667 
0.038667 
0.038667 
0.038667 
0.038667 
0.038667 
0.038667 
0.038667 
0.038667 
0.038667 
0.038667 
0.038667 
0.038667 
0.038667 
0.038667 
0.038667 
0.038667 
0.041824 
0.050591 
0.063913 
0.080735 
0.100000 
0.136528 
0.196652 
0.266593 
0.332570 
0.380800 
0.408992 
0.428694 
0.446886 
0.470550 
0.506667 
0.590451 
0.744033 
0.954762 
1.209990 
1.497067 
2.004338 
2.781896 
3.609712 
4.267757 
4.536000 
4.533615 
4.527927 
4.521139 
4.515452 
4.513067 
4.513656 
4.515410 
4.518310 
4.522335 
4.527467 
4.634712 
4.882241 
5.175773 
5.421030 
5.523733 
5.042226 
3.887330 
2.493480 
1.295114 
0.726667 
0.627162 
0.547044 
0.487878 
0.451231 
0.438667 
0.438667 
0.438667 
0.438667 
0.438667 
0.438667 
0.438667 
0.438667 
0.438667 
0.438667 
0.438667 
0.426035 
0.394157 
0.352062 
0.308778 
0.273333 
0.244525 
0.216116 
0.189577 
0.166381 
0.148000 
0.132267 
0.117141 
0.104280 
0.095347 
0.092000 
0.092000 
0.092000 
0.092000 
0.092000 
0.092000 
0.094176 
0.100661 
0.111392 
0.126304 
0.145333 
0.587482 
1.615213 
2.843657 
3.887943 
4.363200 
4.420032 
4.465237 
4.498240 
4.518464 
4.525333 
4.514240 
4.487787 
4.456213 
4.429760 
4.418667 
4.431424 
4.461845 
4.498155 
4.528576 
4.541333 
4.171757 
3.282897 
2.204558 
1.266547 
0.798667 
0.690844 
0.609267 
0.548134 
0.501646 
0.464000 
0.434593 
0.413201 
0.394591 
0.373535 
0.344800 
0.290999 
0.212332 
0.129953 
0.065014 
0.038667 
0.080627 
0.196643 
0.371920 
0.591660 
0.841067 
1.355404 
2.207905 
3.140732 
3.896043 
4.216000 
4.228796 
4.236441 
4.241821 
4.247823 
4.257333 
4.277361 
4.307438 
4.339234 
4.364420 
4.374667 
4.338907 
4.239344 
4.087555 
3.895115 
3.673600 
3.174003 
2.318444 
1.375190 
0.612509 
0.298667 
0.328298 
0.403175 
0.502278 
0.604582 
0.689067 
0.759671 
0.830825 
0.897236 
0.953613 
0.994667 
1.026002 
1.054985 
1.078968 
1.095300 
1.101333 
1.094291 
1.075450 
1.048237 
1.016078 
0.982400 
0.932249 
0.860806 
0.786706 
0.728582 
0.705067 
0.872299 
1.271083 
1.747051 
2.145835 
2.313067 
2.139661 
1.724273 
1.224148 
0.796531 
0.598667 
0.574345 
0.559190 
0.548196 
0.536356 
0.518667 
0.487673 
0.445087 
0.399652 
0.360109 
0.335200 
0.321036 
0.308487 
0.298433 
0.291755 
0.289333 
0.289333 
0.289333 
0.289333 
0.289333 
0.289333 
0.294680 
0.310335 
0.335715 
0.370242 
0.413333 
0.664008 
1.205466 
1.863400 
2.463503 
2.831467 
3.018082 
3.182996 
3.315189 
3.403642 
3.437333 
3.439715 
3.441579 
3.442919 
3.443729 
3.444000 
3.429166 
3.392404 
3.345326 
3.299543 
3.266667 
3.248609 
3.236251 
3.224656 
3.208885 
3.184000 
3.075939 
2.845197 
2.538671 
2.203262 
1.885867 
1.524006 
1.084474 
0.658087 
0.335657 
0.208000 
0.209866 
0.215135 
0.223311 
0.233898 
0.246400 
0.266335 
0.300140 
0.348696 
0.412889 
0.493600 
0.764489 
1.290946 
1.911451 
2.464487 
2.788533 
2.936944 
3.065663 
3.167057 
3.233492 
3.257333 
3.232433 
3.172094 
3.097858 
3.031268 
2.993867 
2.981948 
2.975027 
2.969479 
2.961679 
2.948000 
2.815295 
2.508461 
2.110939 
1.706171 
1.377600 
1.092131 
0.791242 
0.520234 
0.324409 
0.249067 
0.254780 
0.268403 
0.284663 
0.298287 
0.304000 
0.304000 
0.304000 
0.304000 
0.304000 
0.304000 
0.304000 
0.304000 
0.304000 
0.304000 
0.304000 
0.296787 
0.278682 
0.254982 
0.230989 
0.212000 
0.197013 
0.182249 
0.168845 
0.157939 
0.150667 
0.145754 
0.141380 
0.137862 
0.135519 
0.134667 
0.134667 
0.134667 
0.134667 
0.134667 
0.134667 
0.140684 
0.156389 
0.178258 
0.202769 
0.226400 
0.254801 
0.290687 
0.326132 
0.353212 
0.364000 
0.364000 
0.364000 
0.364000 
0.364000 
0.364000 
0.349690 
0.315565 
0.274835 
0.240710 
0.226400 
0.226677 
0.227339 
0.228128 
0.228789 
0.229067 
0.222438 
0.206633 
0.187767 
0.171962 
0.165333 
0.188007 
0.244553 
0.317763 
0.390426 
0.445333 
0.485388 
0.523441 
0.557198 
0.584371 
0.602667 
0.613223 
0.620276 
0.626185 
0.633307 
0.644000 
0.669934 
0.712593 
0.759058 
0.796411 
0.811733 
0.801196 
0.773891 
0.736281 
0.694830 
0.656000 
0.612095 
0.558541 
0.506487 
0.467080 
0.451467 
0.495535 
0.600621 
0.726046 
0.831132 
0.875200 
0.811853 
0.657746 
0.466779 
0.292852 
0.189867 
0.142431 
0.100969 
0.068106 
0.046464 
0.038667 
0.038667 
0.038667 
0.038667 
0.038667 
0.038667 
0.058481 
0.107903 
0.171897 
0.235429 
0.283467 
0.320383 
0.357396 
0.389738 
0.412640 
0.421333 
0.421333 
0.421333 
0.421333 
0.421333 
0.421333 
0.400516 
0.349707 
0.286374 
0.227982 
0.192000 
0.173656 
0.157326 
0.144194 
0.135446 
0.132267 
0.155258 
0.210082 
0.275518 
0.330342 
0.353333 
0.353333 
0.353333 
0.353333 
0.353333 
0.353333 
0.374827 
0.426080 
0.487253 
0.538507 
0.560000 
0.560000 
0.560000 
0.560000 
0.560000 
0.560000 
0.537042 
0.481056 
0.411377 
0.347336 
0.308267 
0.291920 
0.280877 
0.271713 
0.261006 
0.245333 
0.211490 
0.158693 
0.102151 
0.057072 
0.038667 
0.038667 
0.038667 
0.038667 
0.038667 
0.038667 
0.038667 
0.038667 
0.038667 
0.038667 
0.038667 
0.038667 
0.038667 
0.038667 
0.038667 
0.038667 
0.040286 
0.044751 
0.051473 
0.059863 
0.069333 
0.088371 
0.119578 
0.153532 
0.180813 
0.192000 
0.192000 
0.192000 
0.192000 
0.192000 
0.192000 
0.206310 
0.240435 
0.281165 
0.315290 
0.329600 
0.329589 
0.329557 
0.329504 
0.329429 
0.329333 
0.325829 
0.316493 
0.302777 
0.286129 
0.268000 
0.238796 
0.195113 
0.147685 
0.107247 
0.084533 
0.074852 
0.066623 
0.060248 
0.056129 
0.054667 
0.054667 
0.054667 
0.054667 
0.054667 
0.054667 
0.078266 
0.135437 
0.205742 
0.268743 
0.304000 
0.317764 
0.329511 
0.338643 
0.344561 
0.346667 
0.344448 
0.339157 
0.332843 
0.327552 
0.325333 
0.340328 
0.379362 
0.433512 
0.493855 
0.551467 
0.614966 
0.690999 
0.767681 
0.833132 
0.875467 
0.901421 
0.924530 
0.943116 
0.955499 
0.960000 
0.950623 
0.926696 
0.894523 
0.860412 
0.830667 
0.805554 
0.780869 
0.756206 
0.731163 
0.705333 
0.679575 
0.654129 
0.627669 
0.598868 
0.566400 
0.520064 
0.459815 
0.399560 
0.353208 
0.334667 
0.337995 
0.345931 
0.355403 
0.363339 
0.366667 
0.365003 
0.361035 
0.356299 
0.352331 
0.350667 
0.370496 
0.417781 
0.474219 
0.521504 
0.541333 
0.541333 
0.541333 
0.541333 
0.541333 
0.541333 
0.541333 
0.541333 
0.541333 
0.541333 
0.541333 
0.546103 
0.557478 
0.571055 
0.582430 
0.587200 
0.584787 
0.579034 
0.572166 
0.566413 
0.564000 
0.568437 
0.579019 
0.591648 
0.602229 
0.606667 
0.605818 
0.603437 
0.599774 
0.595078 
0.589600 
0.576900 
0.554646 
0.529249 
0.507119 
0.494667 
0.490360 
0.487678 
0.485550 
0.482904 
0.478667 
0.467435 
0.448026 
0.425699 
0.405715 
0.393333 
0.386746 
0.380909 
0.376233 
0.373126 
0.372000 
0.381191 
0.407148 
0.447441 
0.499646 
0.561333 
0.731098 
1.041024 
1.388921 
1.672598 
1.789867 
1.749333 
1.649214 
1.521735 
1.399122 
1.313600 
1.258950 
1.209153 
1.166735 
1.134220 
1.114133 
1.103434 
1.096113 
1.090249 
1.083919 
1.075200 
1.063237 
1.048702 
1.031962 
1.013383 
0.993333 
0.965549 
0.929176 
0.892695 
0.864587 
0.853333 
1.087603 
1.668899 
2.414954 
3.143499 
3.672267 
4.049971 
4.418288 
4.734393 
4.955461 
5.038667 
5.006052 
4.928279 
4.835454 
4.757681 
4.725067 
4.733830 
4.754729 
4.779671 
4.800570 
4.809333 
4.700976 
4.418309 
4.024941 
3.584480 
3.160533 
2.661294 
2.038032 
1.418977 
0.932357 
0.706400 
0.658023 
0.619139 
0.590469 
0.572738 
0.566667 
0.571243 
0.582155 
0.595179 
0.606091 
0.610667 
0.601931 
0.581099 
0.556235 
0.535403 
0.526667 
0.533184 
0.548725 
0.567275 
0.582816 
0.589333 
0.587115 
0.581824 
0.575509 
0.570219 
0.568000 
0.581230 
0.615262 
0.661614 
0.711799 
0.757333 
0.801090 
0.848795 
0.896250 
0.939252 
0.973600 
1.001383 
1.026880 
1.049179 
1.067368 
1.080533 
1.090707 
1.100000 
1.107620 
1.112773 
1.114667 
1.107660 
1.089251 
1.063360 
1.033903 
1.004800 
0.972709 
0.934238 
0.893224 
0.853510 
0.818933 
0.785651 
0.750721 
0.719339 
0.696701 
0.688000 
0.695349 
0.712875 
0.733792 
0.751317 
0.758667 
0.758218 
0.756893 
0.754726 
0.751750 
0.748000 
0.712634 
0.634266 
0.542115 
0.465398 
0.433333 
0.436125 
0.443808 
0.455350 
0.469714 
0.485867 
0.514425 
0.559640 
0.610922 
0.657683 
0.689333 
0.706328 
0.718391 
0.728837 
0.740979 
0.758133 
0.789117 
0.834627 
0.885791 
0.933739 
0.969600 
0.994944 
1.017336 
1.036896 
1.053744 
1.068000 
1.078304 
1.085253 
1.091902 
1.101310 
1.116533 
1.438466 
2.200334 
3.153688 
4.050082 
4.641067 
4.992144 
5.315271 
5.581687 
5.762628 
5.829333 
5.761756 
5.599658 
5.403988 
5.235697 
5.155733 
5.144005 
5.137484 
5.132722 
5.126266 
5.114667 
5.077224 
4.997962 
4.880514 
4.728515 
4.545600 
4.036391 
3.107251 
2.064421 
1.214146 
0.862667 
0.862667 
0.862667 
0.862667 
0.862667 
0.862667 
0.851684 
0.825495 
0.794238 
0.768049 
0.757067 
0.833488 
1.021104 
1.257443 
1.480033 
1.626400 
1.703823 
1.765431 
1.817526 
1.866415 
1.918400 
1.965803 
2.004471 
2.045998 
2.101976 
2.184000 
2.574163 
3.379178 
4.347565 
5.227843 
5.768533 
6.045581 
6.291085 
6.487799 
6.618475 
6.665867 
6.043114 
4.549962 
2.749066 
1.203082 
0.474667 
0.358326 
0.270186 
0.205337 
0.158868 
0.125867 
0.098939 
0.075081 
0.055967 
0.043271 
0.038667 
0.038667 
0.038667 
0.038667 
0.038667 
0.038667 
0.038667 
0.038667 
0.038667 
0.038667 
0.038667 
0.053469 
0.090624 
0.139259 
0.188498 
0.227467 
0.259890 
0.293521 
0.323528 
0.345076 
0.353333 
0.353333 
0.353333 
0.353333 
0.353333 
0.353333 
0.362901 
0.385717 
0.412949 
0.435765 
0.445333 
0.445269 
0.445075 
0.444754 
0.444307 
0.443733 
0.417146 
0.354665 
0.280305 
0.218079 
0.192000 
0.192000 
0.192000 
0.192000 
0.192000 
0.192000 
0.735795 
2.032538 
3.580262 
4.877005 
5.420800 
5.376539 
5.254608 
5.071288 
4.842858 
4.585600 
4.110074 
3.347391 
2.494659 
1.748982 
1.307467 
1.094140 
0.908991 
0.763064 
0.667407 
0.633067 
0.659996 
0.724211 
0.800855 
0.865071 
0.892000 
0.891343 
0.886743 
0.874259 
0.849948 
0.809867 
