0.000000 
0.000000 
0.000000 
0.000000 
0.000000 
0.000000 
0.000000 
0.000000 
0.000000 
0.000000 
0.000000 
0.000000 
0.000000 
0.000000 
0.000000 
0.000000 
0.000000 
0.000000 
0.000000 
0.000000 
0.000000 
0.000000 
0.000000 
0.000000 
0.000000 
0.000000 
0.000000 
0.000000 
0.000000 
0.000000 
0.000000 
0.000000 
0.000000 
0.000000 
0.000000 
0.000000 
0.000000 
0.000000 
0.000000 
0.000000 
0.000000 
0.000000 
0.000000 
0.000000 
0.000000 
0.000000 
0.000000 
0.000000 
0.000000 
0.000000 
0.000000 
0.000000 
0.000000 
0.000000 
0.000000 
0.000000 
0.000000 
0.000000 
0.000000 
0.000000 
0.000000 
0.000000 
0.000000 
0.000000 
0.000000 
0.000000 
0.000000 
0.000000 
0.000000 
0.000000 
0.000000 
0.000000 
0.000000 
0.000000 
0.000000 
0.000000 
0.000000 
0.000000 
0.000000 
0.000000 
0.000000 
0.000000 
0.000000 
0.000000 
0.000000 
0.000000 
0.000000 
0.000000 
0.000000 
0.000000 
0.000000 
0.000000 
0.000000 
0.000000 
0.000000 
0.000000 
0.000000 
0.000000 
0.000000 
0.000000 
0.000000 
0.000000 
0.000000 
0.000000 
0.000000 
0.000000 
0.000000 
0.000000 
0.000000 
0.000000 
0.000000 
0.000000 
0.000000 
0.000000 
0.000000 
0.000000 
0.000000 
0.000000 
0.000000 
0.000000 
0.000000 
0.000000 
0.000000 
0.000000 
0.000000 
0.000000 
0.000000 
0.000000 
0.000000 
0.000000 
0.000000 
0.000000 
0.000000 
0.000000 
0.000000 
0.000000 
0.000000 
0.000000 
0.000000 
0.000000 
0.000000 
0.000000 
0.000000 
0.000000 
0.000000 
0.000000 
0.000000 
0.000000 
0.000000 
0.000000 
0.000000 
0.000000 
0.000000 
0.000000 
0.000000 
0.000000 
0.000000 
0.000000 
0.000000 
0.000000 
0.000000 
0.000000 
0.000000 
0.000000 
0.000000 
0.000000 
0.000000 
0.000000 
0.000000 
0.000000 
0.000000 
0.000000 
0.000000 
0.000000 
0.000000 
0.000000 
0.000000 
0.000000 
0.000000 
0.000000 
0.000000 
0.000000 
0.000000 
0.000000 
0.000000 
0.000000 
0.000000 
0.000000 
0.000000 
0.000000 
0.000000 
0.000000 
0.000000 
0.000000 
0.000000 
0.000000 
0.000000 
0.000000 
0.000000 
0.000000 
0.000000 
0.000000 
0.000000 
0.000000 
0.000000 
0.000000 
0.000000 
0.000000 
0.000000 
0.000000 
0.000000 
0.000000 
0.000000 
0.000000 
0.000000 
0.000000 
0.000000 
0.000000 
0.000000 
0.000000 
0.000000 
0.000000 
0.000000 
0.000000 
0.000000 
0.000000 
0.000000 
0.000000 
0.000000 
0.000000 
0.000000 
0.000000 
0.000000 
0.000000 
0.000000 
0.000000 
0.000000 
0.000000 
0.000000 
0.000000 
0.000000 
0.000000 
0.000000 
0.000000 
0.000000 
0.000000 
0.000000 
0.000000 
0.000000 
0.000000 
0.000000 
0.000000 
0.000000 
0.000000 
0.000000 
0.000000 
0.000000 
0.000000 
0.000000 
0.000000 
0.000000 
0.000000 
0.000000 
0.000000 
0.000000 
0.000000 
0.000000 
0.000000 
0.000000 
0.000000 
0.000000 
0.000000 
0.000000 
0.000000 
0.000000 
0.000000 
0.000000 
0.000000 
0.000000 
0.000000 
0.000000 
0.000000 
0.000000 
0.000000 
0.000000 
0.000000 
0.000000 
0.000000 
0.000000 
0.000000 
0.000000 
0.000000 
0.000000 
0.000000 
0.000000 
0.000000 
0.000000 
0.000000 
0.000000 
0.000000 
0.000000 
0.000000 
0.000000 
0.000000 
0.000000 
0.000000 
0.000000 
0.000000 
0.000000 
0.000000 
0.000000 
0.000000 
0.000000 
0.000000 
0.000000 
0.000000 
0.000000 
0.000000 
0.000000 
0.000000 
0.000000 
0.000000 
0.000000 
0.000000 
0.000000 
0.000000 
0.000000 
0.000000 
0.000000 
0.000000 
0.000000 
0.000000 
0.000000 
0.000000 
0.000000 
0.000000 
0.000000 
0.000000 
0.000000 
0.000000 
0.000000 
0.000000 
0.000000 
0.000000 
0.000000 
0.000000 
0.000000 
0.000000 
0.000000 
0.000000 
0.000000 
0.000000 
0.000000 
0.000000 
0.000000 
0.000000 
0.000000 
0.000000 
0.000000 
0.000000 
0.000000 
0.000000 
0.000000 
0.000000 
0.000000 
0.000000 
0.000000 
0.000000 
0.000000 
0.000000 
0.000000 
0.000000 
0.000000 
0.000000 
0.000000 
0.000000 
0.000000 
0.000000 
0.000000 
0.000000 
0.000000 
0.000000 
0.000000 
0.000000 
0.000000 
0.000000 
0.000000 
0.000000 
0.000000 
0.000000 
0.000000 
0.000000 
0.000000 
0.000000 
0.000000 
0.000000 
0.000000 
0.000000 
0.000000 
0.000000 
0.000000 
0.000000 
0.000000 
0.000000 
0.000000 
0.000000 
0.000000 
0.000000 
0.000000 
0.000000 
0.000000 
0.000000 
0.000000 
0.000000 
0.000000 
0.000000 
0.000000 
0.000000 
0.000000 
0.000000 
0.000000 
0.005745 
0.020955 
0.028773 
0.036490 
0.029520 
0.031855 
0.025296 
0.023828 
0.023556 
0.025734 
0.042975 
0.055310 
0.064676 
0.082647 
0.089536 
0.095712 
0.113650 
0.109998 
0.114980 
0.142141 
0.127832 
0.132270 
0.132714 
0.140131 
0.154866 
0.166564 
0.177823 
0.182521 
0.209746 
0.214985 
0.200614 
0.192670 
0.212553 
0.205060 
0.210825 
0.228474 
0.227693 
0.225554 
0.216728 
0.296558 
0.238760 
0.198372 
0.194561 
0.133752 
0.084690 
0.002757 
0.000000 
0.000000 
0.000000 
0.000000 
0.000000 
0.024069 
0.100805 
0.145512 
0.171728 
0.185253 
0.230328 
0.213320 
0.199945 
0.197596 
0.181938 
0.240212 
0.178515 
0.213321 
0.193287 
0.231103 
0.186755 
0.224940 
0.208198 
0.235948 
0.185335 
0.194000 
0.252058 
0.194428 
0.232208 
0.225748 
0.243463 
0.168838 
0.280708 
0.218180 
0.215366 
0.142625 
0.135745 
0.141832 
0.139627 
0.175452 
0.255120 
0.281091 
0.253355 
0.302145 
0.205063 
0.092179 
0.013833 
0.000000 
0.000000 
0.000000 
0.000000 
0.000000 
0.000000 
0.000000 
0.000000 
0.000000 
0.015375 
0.068329 
0.143723 
0.222554 
0.229874 
0.294358 
0.309177 
0.302648 
0.225252 
0.289958 
0.277877 
0.330768 
0.398123 
0.339087 
0.299988 
0.288903 
0.387136 
0.322791 
0.358304 
0.358967 
0.355919 
0.324709 
0.374426 
0.373581 
0.349037 
0.408285 
0.351522 
0.400156 
0.375924 
0.320405 
0.426207 
0.362302 
0.356070 
0.405902 
0.433849 
0.418884 
0.391028 
0.422339 
0.451133 
0.399441 
0.448014 
0.382215 
0.424074 
0.471795 
0.408032 
0.352119 
0.402087 
0.355589 
0.300829 
0.411579 
0.365231 
0.445465 
0.334480 
0.462472 
0.443322 
0.370241 
0.408228 
0.460795 
0.428370 
0.419280 
0.459131 
0.368176 
0.407952 
0.465942 
0.405064 
0.399995 
0.359201 
0.424622 
0.353286 
0.552055 
0.509532 
0.533827 
0.494417 
0.426318 
0.260158 
0.197535 
0.106751 
0.144857 
0.167312 
0.206223 
0.277613 
0.269064 
0.351348 
0.386647 
0.485693 
0.518647 
0.467788 
0.679484 
0.503385 
0.506770 
0.455903 
0.480292 
0.438414 
0.382545 
0.333207 
0.261479 
0.211705 
0.140875 
0.113592 
0.081927 
0.051453 
0.044980 
0.097821 
0.224650 
0.430659 
0.520693 
0.481116 
0.550496 
0.516512 
0.473136 
0.596104 
0.487844 
0.401869 
0.347523 
0.303065 
0.232467 
0.180002 
0.217450 
0.365639 
0.567419 
0.552683 
0.545432 
0.647736 
0.592307 
0.591156 
0.480401 
0.498700 
0.441377 
0.479880 
0.457032 
0.475794 
0.448184 
0.500027 
0.428062 
0.541119 
0.537019 
0.636046 
0.543915 
0.555051 
0.383370 
0.403579 
0.280066 
0.207464 
0.069064 
0.000000 
0.000000 
0.000000 
0.000000 
0.000000 
0.000000 
0.000000 
0.000000 
0.000000 
0.002246 
0.148468 
0.262893 
0.402578 
0.355385 
0.468697 
0.572413 
0.478502 
0.672861 
0.590074 
0.560164 
0.564435 
0.536775 
0.539556 
0.607512 
0.549323 
0.639684 
0.558115 
0.666048 
0.583376 
0.666542 
0.505966 
0.647987 
0.635839 
0.574020 
0.586327 
0.567393 
0.542100 
0.547351 
0.461809 
0.274952 
0.101623 
0.000000 
0.000000 
0.000000 
0.000000 
0.000000 
0.025843 
0.050821 
0.095442 
0.135245 
0.172978 
0.186506 
0.178743 
0.172089 
0.132136 
0.047063 
0.004277 
0.000000 
0.004756 
0.059873 
0.142252 
0.217369 
0.280462 
0.289613 
0.304218 
0.397043 
0.388977 
0.437561 
0.345619 
0.309819 
0.157329 
0.075319 
0.017963 
0.024089 
0.029251 
0.036397 
0.046059 
0.047749 
0.038598 
0.030526 
0.012470 
0.000750 
0.000000 
0.002670 
0.021546 
0.050225 
0.083939 
0.113309 
0.133964 
0.155202 
0.167809 
0.198518 
0.212537 
0.295094 
0.329059 
0.355001 
0.516636 
0.544515 
0.551446 
0.558119 
0.484881 
0.472528 
0.416213 
0.447645 
0.283064 
0.162783 
0.042872 
0.000000 
0.000000 
0.000000 
0.000000 
0.000000 
0.000000 
0.000000 
0.000000 
0.050649 
0.131293 
0.263439 
0.298589 
0.429679 
0.518080 
0.448802 
0.514132 
0.541727 
0.683522 
0.787634 
0.635306 
0.611372 
0.585923 
0.599151 
0.637758 
0.566319 
0.557220 
0.390174 
0.515349 
0.518956 
0.569898 
0.472944 
0.529469 
0.566498 
0.583104 
0.574245 
0.636783 
0.494043 
0.515758 
0.556357 
0.507712 
0.684012 
0.652868 
0.722055 
0.642099 
0.784494 
0.697072 
0.593175 
0.566007 
0.428470 
0.609064 
0.519122 
0.476717 
0.513767 
0.427792 
0.294326 
0.347429 
0.388222 
0.409340 
0.536601 
0.591195 
0.557238 
0.489289 
0.499730 
0.564029 
0.628505 
0.635198 
0.643561 
0.608923 
0.543998 
0.576917 
0.468094 
0.524155 
0.542906 
0.533022 
0.628019 
0.462429 
0.551010 
0.553300 
0.402499 
0.390559 
0.313412 
0.355852 
0.281166 
0.227448 
0.242171 
0.221894 
0.260809 
0.291862 
0.391800 
0.412732 
0.440650 
0.523849 
0.478782 
0.544566 
0.538781 
0.536765 
0.523554 
0.539454 
0.540447 
0.420950 
0.388978 
0.476477 
0.515405 
0.512360 
0.527914 
0.601728 
0.513222 
0.513802 
0.511776 
0.443679 
0.431973 
0.337213 
0.325670 
0.345467 
0.437081 
0.374001 
0.345251 
0.409482 
0.281131 
0.308025 
0.325437 
0.313232 
0.332033 
0.420234 
0.465068 
0.392655 
0.495383 
0.404085 
0.492536 
0.443820 
0.401632 
0.331133 
0.262323 
0.133997 
0.073352 
0.019369 
0.004939 
0.000000 
0.000000 
0.000000 
0.000000 
0.000000 
0.000000 
0.000000 
0.000000 
0.000000 
0.000000 
0.000000 
0.000000 
0.000000 
0.010158 
0.034942 
0.069970 
0.115623 
0.136759 
0.219539 
0.241043 
0.302746 
0.359665 
0.358398 
0.424809 
0.432898 
0.349843 
0.367454 
0.295132 
0.258546 
0.271089 
0.233384 
0.162258 
0.178361 
0.125627 
0.140310 
0.134497 
0.116955 
0.131500 
0.113926 
0.133267 
0.118392 
0.156044 
0.157850 
0.201221 
0.225549 
0.309564 
0.317324 
0.399902 
0.397486 
0.422141 
0.415179 
0.391030 
0.435919 
0.450329 
0.414040 
0.398415 
0.337140 
0.251143 
0.276264 
0.258669 
0.211235 
0.181485 
0.223089 
0.194416 
0.209693 
0.221707 
0.244472 
0.189134 
0.264967 
0.277795 
0.238671 
0.307415 
0.282800 
0.317319 
0.344955 
0.336622 
0.327520 
0.295160 
0.353273 
0.356963 
0.228501 
0.222703 
0.169667 
0.157971 
0.156461 
0.193930 
0.203220 
0.269052 
0.263920 
0.216555 
0.251768 
0.163019 
0.122618 
0.105110 
0.093690 
0.125024 
0.149728 
0.169657 
0.159251 
0.170271 
0.149138 
0.149092 
0.134272 
0.154579 
0.155884 
0.126524 
0.128520 
0.110794 
0.109914 
0.114115 
0.118669 
0.091142 
0.082441 
0.075448 
0.063447 
0.048259 
0.048629 
0.038430 
0.025956 
0.014939 
0.008843 
0.000526 
0.000000 
0.000000 
0.000000 
0.000000 
0.000000 
0.000000 
0.000000 
0.000000 
0.000000 
0.000000 
0.000000 
0.000000 
0.000000 
0.000000 
0.000000 
0.000000 
0.000000 
0.000000 
0.000000 
0.000000 
0.000000 
0.000000 
0.000000 
0.000000 
0.000000 
0.000000 
0.000000 
0.000000 
0.000000 
0.000000 
0.001838 
0.005037 
0.008347 
0.012002 
0.016973 
0.023336 
0.021093 
0.020134 
0.026755 
0.022946 
0.028701 
0.028843 
0.023225 
0.028940 
0.023717 
0.022803 
0.020333 
0.028386 
0.024250 
0.040680 
0.056785 
0.051666 
0.069890 
0.061731 
0.071099 
0.079520 
0.083780 
0.085405 
0.138324 
0.156756 
0.191030 
0.213505 
0.190098 
0.179063 
0.184955 
0.234930 
0.207003 
0.195566 
0.113400 
0.136150 
0.091124 
0.075460 
0.072896 
0.076055 
0.068122 
0.069485 
0.076894 
0.065813 
0.046336 
0.031024 
0.024511 
0.017566 
0.008767 
0.003765 
0.000531 
0.000000 
0.000000 
0.000000 
0.000000 
0.000000 
0.000000 
0.000000 
0.000000 
0.000000 
0.000000 
0.000000 
0.000000 
0.000000 
0.000000 
0.000000 
0.000000 
0.000000 
0.000000 
0.000000 
0.000000 
0.000000 
0.000000 
0.000000 
0.000000 
0.000000 
0.000000 
0.000000 
0.000000 
0.000000 
0.000000 
0.000000 
0.000000 
0.000000 
0.000000 
0.000000 
0.000000 
0.000000 
0.000000 
0.000000 
0.000000 
0.000000 
0.000000 
0.000000 
0.000000 
0.000000 
0.000000 
0.000000 
0.000000 
0.000000 
0.000000 
0.000000 
0.000000 
0.000000 
0.000000 
0.000000 
0.000000 
0.000000 
0.000000 
0.000000 
0.000000 
0.000000 
0.000000 
0.000000 
0.000000 
0.000000 
0.000000 
0.000000 
0.000000 
0.000000 
0.000000 
0.000000 
0.000000 
0.000000 
0.000000 
0.000000 
0.000000 
0.000000 
0.000000 
0.000000 
0.000000 
0.000000 
0.000000 
0.000000 
0.000000 
0.000000 
0.000000 
0.000000 
0.000000 
0.000000 
0.000000 
0.000000 
0.000000 
0.000000 
0.000000 
0.000000 
0.000000 
0.000000 
0.000000 
0.000000 
0.000000 
0.000000 
0.000000 
0.000000 
0.000000 
0.000000 
0.000000 
0.000000 
0.000000 
0.000000 
0.000000 
0.000000 
0.000000 
0.000000 
0.000000 
0.000000 
0.000000 
0.000000 
0.000000 
0.000000 
0.000000 
0.000000 
0.000000 
0.000000 
0.000000 
0.000000 
0.000000 
0.000000 
0.000000 
0.000000 
0.000000 
0.000000 
0.000000 
0.000000 
0.000000 
0.000000 
0.000000 
0.000000 
0.000000 
0.000000 
0.000000 
0.000000 
0.000000 
0.000000 
0.000000 
0.000000 
0.000000 
0.000000 
0.000000 
0.000000 
0.000000 
0.000000 
0.000000 
0.000000 
0.000000 
0.000000 
0.000000 
0.000000 
0.000000 
0.000000 
0.000000 
0.000000 
0.000000 
0.000000 
0.000000 
0.000000 
0.000000 
0.000000 
0.000000 
0.000000 
0.000000 
0.000000 
0.000000 
0.000000 
0.000000 
0.000000 
0.000000 
0.000000 
0.000000 
0.000000 
0.000000 
0.000000 
0.000000 
0.000000 
0.000000 
0.000000 
0.000000 
0.000000 
0.000000 
0.000000 
0.000000 
0.000000 
0.000000 
0.000000 
0.000000 
0.000000 
0.000000 
0.000000 
0.000000 
0.000000 
0.000000 
0.000000 
0.000000 
0.000000 
0.000000 
0.000000 
0.000000 
0.000000 
0.000000 
0.000000 
0.000000 
0.000000 
0.000000 
0.000000 
0.000000 
0.000000 
0.000000 
0.000000 
0.000000 
0.000000 
0.000000 
0.000000 
0.000000 
0.000000 
0.000000 
0.000000 
0.000000 
0.000000 
0.000000 
0.000000 
0.000000 
0.000000 
0.000000 
0.000000 
0.000000 
0.000000 
0.000000 
0.000000 
0.000000 
0.000000 
0.000000 
0.000000 
0.000000 
0.000000 
0.000000 
0.000000 
0.000000 
0.000000 
0.000000 
0.000000 
0.000000 
0.000000 
0.000000 
0.000000 
0.000000 
0.000000 
0.000000 
0.000000 
0.000000 
0.000000 
0.000000 
0.000000 
0.000000 
0.000000 
0.000000 
0.000000 
0.000000 
0.000000 
0.000000 
0.000000 
0.000000 
0.000000 
0.000000 
0.000000 
0.000000 
0.000000 
0.000000 
0.000000 
0.000000 
0.000000 
0.000000 
0.000000 
0.000000 
0.000000 
0.000000 
0.000000 
0.000000 
0.000000 
0.000000 
0.000000 
0.000000 
0.000000 
0.000000 
0.000000 
0.000000 
0.000000 
0.000000 
0.000000 
0.000000 
0.000000 
0.000000 
0.000000 
0.000000 
0.000000 
0.000000 
0.000000 
0.000000 
0.000000 
0.000000 
0.000000 
0.000000 
0.000000 
0.000000 
0.000000 
0.000000 
0.000000 
0.000000 
0.000000 
0.000000 
0.000000 
0.000000 
0.000000 
0.000000 
