0.000000 
0.000000 
0.000000 
0.000000 
0.000000 
0.000000 
0.000000 
0.000000 
0.000000 
0.000000 
0.000000 
0.000000 
0.000000 
0.000000 
0.000000 
0.000000 
0.000000 
0.000000 
0.000000 
0.000000 
0.000000 
0.000000 
0.000000 
0.000000 
0.000000 
0.000000 
0.000000 
0.000000 
0.000000 
0.000000 
0.000000 
0.000000 
0.000000 
0.000000 
0.000000 
0.000000 
0.000000 
0.000000 
0.000000 
0.000000 
0.000000 
0.000000 
0.000000 
0.000000 
0.000000 
0.000000 
0.000000 
0.000000 
0.000000 
0.000000 
0.000000 
0.000000 
0.000000 
0.000000 
0.000000 
0.000000 
0.000000 
0.000000 
0.000000 
0.000000 
0.000000 
0.000000 
0.000000 
0.000000 
0.000000 
0.000000 
0.000000 
0.000000 
0.000000 
0.000000 
0.000000 
0.000000 
0.000000 
0.000000 
0.000000 
0.000000 
0.000000 
0.000000 
0.000000 
0.000000 
0.000000 
0.000000 
0.000000 
0.000000 
0.000000 
0.000000 
0.000000 
0.000000 
0.000000 
0.000000 
0.000000 
0.000000 
0.000000 
0.000000 
0.000000 
0.000000 
0.000000 
0.000000 
0.000000 
0.000000 
0.000000 
0.000000 
0.000000 
0.000000 
0.000000 
0.000000 
0.000000 
0.000000 
0.000000 
0.000000 
0.000000 
0.000000 
0.000000 
0.000000 
0.000000 
0.000000 
0.000000 
0.000000 
0.000000 
0.000000 
0.000000 
0.000000 
0.000000 
0.000000 
0.000000 
0.000000 
0.000000 
0.000000 
0.000000 
0.000000 
0.000000 
0.000000 
0.000000 
0.000000 
0.000000 
0.000000 
0.000000 
0.000000 
0.000000 
0.000000 
0.000000 
0.000000 
0.000000 
0.000000 
0.000000 
0.000000 
0.000000 
0.000000 
0.000000 
0.000000 
0.000000 
0.000000 
0.000000 
0.000000 
0.000000 
0.000000 
0.000000 
0.000000 
0.000000 
0.000000 
0.000000 
0.000000 
0.000000 
0.000000 
0.000000 
0.000000 
0.000000 
0.000000 
0.000000 
0.000000 
0.000000 
0.000000 
0.000000 
0.000000 
0.000000 
0.000000 
0.000000 
0.000000 
0.000000 
0.000000 
0.000000 
0.000000 
0.000000 
0.000000 
0.000000 
0.000000 
0.000000 
0.000000 
0.000000 
0.000000 
0.000000 
0.000000 
0.000000 
0.000000 
0.000000 
0.000000 
0.000000 
0.000000 
0.000000 
0.000000 
0.000000 
0.000000 
0.000000 
0.000000 
0.000000 
0.000000 
0.000000 
0.000000 
0.000000 
0.000000 
0.000000 
0.000000 
0.000000 
0.000000 
0.000000 
0.000000 
0.000000 
0.000000 
0.000000 
0.000000 
0.000000 
0.000000 
0.000000 
0.000000 
0.000000 
0.000000 
0.000000 
0.000000 
0.000000 
0.000000 
0.000000 
0.000000 
0.000000 
0.000000 
0.000000 
0.000000 
0.000000 
0.000000 
0.000000 
0.000000 
0.000000 
0.000000 
0.000000 
0.000000 
0.000000 
0.000000 
0.000000 
0.000000 
0.000000 
0.000000 
0.000000 
0.000000 
0.000000 
0.000000 
0.000000 
0.000000 
0.000000 
0.000000 
0.000000 
0.000000 
0.000000 
0.000000 
0.000000 
0.000000 
0.000000 
0.000000 
0.000000 
0.000000 
0.000000 
0.000000 
0.000000 
0.000000 
0.000000 
0.000000 
0.000000 
0.000000 
0.000000 
0.000000 
0.000000 
0.000000 
0.000000 
0.000000 
0.000000 
0.000000 
0.000000 
0.000000 
0.000000 
0.000000 
0.000000 
0.000000 
0.000000 
0.000000 
0.000000 
0.000000 
0.000000 
0.000000 
0.000000 
0.000000 
0.000000 
0.000000 
0.000000 
0.000000 
0.000000 
0.000000 
0.000000 
0.000000 
0.000000 
0.000000 
0.000000 
0.000000 
0.000000 
0.000000 
0.000000 
0.000000 
0.000000 
0.000000 
0.000000 
0.000000 
0.000000 
0.000000 
0.000000 
0.000000 
0.000000 
0.000000 
0.000000 
0.000000 
0.000000 
0.000000 
0.000000 
0.000000 
0.000000 
0.000000 
0.000000 
0.000000 
0.000000 
0.000000 
0.000000 
0.000000 
0.000000 
0.000000 
0.000000 
0.000000 
0.000000 
0.000000 
0.000000 
0.000000 
0.000000 
0.000000 
0.000000 
0.000000 
0.000000 
0.000000 
0.000000 
0.000000 
0.000000 
0.000000 
0.000000 
0.000000 
0.000000 
0.000000 
0.000000 
0.000000 
0.000000 
0.000000 
0.000000 
0.000000 
0.000000 
0.000000 
0.000000 
0.000000 
0.000000 
0.000000 
0.000000 
0.000000 
0.000000 
0.000000 
0.000000 
0.000000 
0.000000 
0.000000 
0.000000 
0.000000 
0.000000 
0.000000 
0.000000 
0.000000 
0.000000 
0.000000 
0.000000 
0.000000 
0.000000 
0.000000 
0.000000 
0.000000 
0.000000 
0.000000 
0.000000 
0.000000 
0.000000 
0.000000 
0.000000 
0.000000 
0.000000 
0.000000 
0.000000 
0.000000 
0.000000 
0.000000 
0.000000 
0.000000 
0.000000 
0.000000 
0.000000 
0.000000 
0.000000 
0.000000 
0.000000 
0.000000 
0.000000 
0.000000 
0.000000 
0.003749 
0.017702 
0.021571 
0.028191 
0.022960 
0.022307 
0.018587 
0.019244 
0.016853 
0.024707 
0.028654 
0.047540 
0.047709 
0.070934 
0.064531 
0.076993 
0.091597 
0.074752 
0.092276 
0.107192 
0.092061 
0.100592 
0.096512 
0.105443 
0.134511 
0.132148 
0.183868 
0.180417 
0.133175 
0.133663 
0.141418 
0.136371 
0.147233 
0.142295 
0.165102 
0.133277 
0.159760 
0.184736 
0.128718 
0.164693 
0.190899 
0.149955 
0.120658 
0.098495 
0.052369 
0.002261 
0.000000 
0.000000 
0.000000 
0.000000 
0.000000 
0.018123 
0.081278 
0.116440 
0.135751 
0.132360 
0.135168 
0.104625 
0.149319 
0.148874 
0.175029 
0.142027 
0.158923 
0.135516 
0.124460 
0.168149 
0.165718 
0.154814 
0.154171 
0.179952 
0.164862 
0.166934 
0.170971 
0.172217 
0.186615 
0.184815 
0.148146 
0.211036 
0.178448 
0.184780 
0.155733 
0.110309 
0.099890 
0.083204 
0.103626 
0.151857 
0.179181 
0.170751 
0.250696 
0.202844 
0.146857 
0.082500 
0.009962 
0.000000 
0.000000 
0.000000 
0.000000 
0.000000 
0.000000 
0.000000 
0.000000 
0.000000 
0.012494 
0.054369 
0.109692 
0.144605 
0.167174 
0.235243 
0.241571 
0.219867 
0.253368 
0.238741 
0.212513 
0.293905 
0.264094 
0.242007 
0.233652 
0.246182 
0.261914 
0.271771 
0.271441 
0.262334 
0.255467 
0.243873 
0.295165 
0.265495 
0.225909 
0.224321 
0.272462 
0.286435 
0.228732 
0.278383 
0.282406 
0.314926 
0.282398 
0.224048 
0.327375 
0.276676 
0.250725 
0.329037 
0.278709 
0.270717 
0.232077 
0.319451 
0.282687 
0.302959 
0.291643 
0.297431 
0.285630 
0.257864 
0.331356 
0.312394 
0.314380 
0.341834 
0.265484 
0.301029 
0.428008 
0.329654 
0.320824 
0.342187 
0.355382 
0.320129 
0.379528 
0.392647 
0.348082 
0.320127 
0.306249 
0.303781 
0.301579 
0.343193 
0.347325 
0.326265 
0.372202 
0.387769 
0.357528 
0.270153 
0.193184 
0.102159 
0.092240 
0.101362 
0.129591 
0.153759 
0.202727 
0.201401 
0.280181 
0.304109 
0.411666 
0.426847 
0.393627 
0.393597 
0.415582 
0.434080 
0.300052 
0.349657 
0.350160 
0.232160 
0.195216 
0.178392 
0.159443 
0.115603 
0.079906 
0.052654 
0.037718 
0.029667 
0.067339 
0.197359 
0.276627 
0.338864 
0.452657 
0.391871 
0.503940 
0.355289 
0.423399 
0.353151 
0.309641 
0.262269 
0.230453 
0.145274 
0.148060 
0.164960 
0.249769 
0.333587 
0.358631 
0.405810 
0.433309 
0.413931 
0.432482 
0.400773 
0.389501 
0.362763 
0.306302 
0.346730 
0.356670 
0.408576 
0.266675 
0.362450 
0.462342 
0.409345 
0.509728 
0.382074 
0.391760 
0.358338 
0.264839 
0.230891 
0.117121 
0.065960 
0.000000 
0.000000 
0.000000 
0.000000 
0.000000 
0.000000 
0.000000 
0.000000 
0.000000 
0.001397 
0.113196 
0.270078 
0.302147 
0.343325 
0.324176 
0.441184 
0.375939 
0.487348 
0.480475 
0.415599 
0.426828 
0.449658 
0.453319 
0.450267 
0.444818 
0.557223 
0.447029 
0.489894 
0.409363 
0.327876 
0.455821 
0.414233 
0.482498 
0.425201 
0.392323 
0.468088 
0.410552 
0.393685 
0.380626 
0.252112 
0.079623 
0.000000 
0.000000 
0.000000 
0.000000 
0.000000 
0.021370 
0.044296 
0.081588 
0.099210 
0.100889 
0.143991 
0.146733 
0.122047 
0.097011 
0.042555 
0.003729 
0.000000 
0.003934 
0.049464 
0.107735 
0.159248 
0.167315 
0.235719 
0.227615 
0.293745 
0.320381 
0.352528 
0.242094 
0.227292 
0.148788 
0.049468 
0.013856 
0.018222 
0.021885 
0.028903 
0.036053 
0.033255 
0.034893 
0.021034 
0.011456 
0.000467 
0.000000 
0.002183 
0.017736 
0.031889 
0.053745 
0.078289 
0.086836 
0.097485 
0.124202 
0.158407 
0.178019 
0.222270 
0.304612 
0.375218 
0.404360 
0.439228 
0.383488 
0.405681 
0.349688 
0.350223 
0.326393 
0.337413 
0.220567 
0.117394 
0.036101 
0.000000 
0.000000 
0.000000 
0.000000 
0.000000 
0.000000 
0.000000 
0.000000 
0.037503 
0.103347 
0.113732 
0.224899 
0.270902 
0.431040 
0.409899 
0.534804 
0.517258 
0.409830 
0.488454 
0.491584 
0.516938 
0.437811 
0.410457 
0.469912 
0.478001 
0.406331 
0.448971 
0.402194 
0.368066 
0.413478 
0.469533 
0.443690 
0.354505 
0.419314 
0.365066 
0.416215 
0.374909 
0.376512 
0.404205 
0.448628 
0.448228 
0.447799 
0.399798 
0.405291 
0.439602 
0.533796 
0.575439 
0.463468 
0.385607 
0.379718 
0.462375 
0.339945 
0.341258 
0.278234 
0.275878 
0.280519 
0.309640 
0.286640 
0.392194 
0.439053 
0.433125 
0.407998 
0.455194 
0.428155 
0.390665 
0.383209 
0.416548 
0.465649 
0.424032 
0.492092 
0.393667 
0.377389 
0.420719 
0.342093 
0.401004 
0.317861 
0.351366 
0.238732 
0.368916 
0.334711 
0.274494 
0.240925 
0.230374 
0.225035 
0.170829 
0.209825 
0.169677 
0.239217 
0.388967 
0.419236 
0.434535 
0.473832 
0.368685 
0.389403 
0.433198 
0.425007 
0.375774 
0.367111 
0.352317 
0.322015 
0.362640 
0.286230 
0.348444 
0.351158 
0.458615 
0.484830 
0.480891 
0.468305 
0.371580 
0.315337 
0.295916 
0.338255 
0.240732 
0.259304 
0.286157 
0.319547 
0.276405 
0.312138 
0.253266 
0.275447 
0.233173 
0.252379 
0.249747 
0.340003 
0.269967 
0.400078 
0.331300 
0.281826 
0.362467 
0.341939 
0.310558 
0.326959 
0.183468 
0.126356 
0.047815 
0.014070 
0.003642 
0.000000 
0.000000 
0.000000 
0.000000 
0.000000 
0.000000 
0.000000 
0.000000 
0.000000 
0.000000 
0.000000 
0.000000 
0.000000 
0.009044 
0.026964 
0.048580 
0.082953 
0.104460 
0.158597 
0.155019 
0.259237 
0.318717 
0.244097 
0.336725 
0.283727 
0.309906 
0.307481 
0.255286 
0.212984 
0.219884 
0.160857 
0.146590 
0.141478 
0.104730 
0.094243 
0.091855 
0.089474 
0.094003 
0.107144 
0.099795 
0.112967 
0.108975 
0.118521 
0.182413 
0.174842 
0.170909 
0.222457 
0.304421 
0.347143 
0.275140 
0.331271 
0.269076 
0.313270 
0.289859 
0.321357 
0.277820 
0.256783 
0.167654 
0.203803 
0.133708 
0.195741 
0.154834 
0.151175 
0.166996 
0.140168 
0.171844 
0.182569 
0.178373 
0.175539 
0.180685 
0.211894 
0.194688 
0.235888 
0.213946 
0.271732 
0.242727 
0.257938 
0.216447 
0.261393 
0.240299 
0.244301 
0.164667 
0.145041 
0.103972 
0.139652 
0.168840 
0.168559 
0.239364 
0.178459 
0.201173 
0.164430 
0.133672 
0.084905 
0.082979 
0.089111 
0.087670 
0.109087 
0.097537 
0.094820 
0.096019 
0.111703 
0.115428 
0.100539 
0.111307 
0.095735 
0.096936 
0.102488 
0.100770 
0.086472 
0.085955 
0.067964 
0.063430 
0.054253 
0.051981 
0.048852 
0.040791 
0.026124 
0.024367 
0.017350 
0.011028 
0.005469 
0.000367 
0.000000 
0.000000 
0.000000 
0.000000 
0.000000 
0.000000 
0.000000 
0.000000 
0.000000 
0.000000 
0.000000 
0.000000 
0.000000 
0.000000 
0.000000 
0.000000 
0.000000 
0.000000 
0.000000 
0.000000 
0.000000 
0.000000 
0.000000 
0.000000 
0.000000 
0.000000 
0.000000 
0.000000 
0.000000 
0.000000 
0.001288 
0.003344 
0.006799 
0.009098 
0.013864 
0.014408 
0.015294 
0.018010 
0.017346 
0.017588 
0.023278 
0.019198 
0.018998 
0.017979 
0.019293 
0.016537 
0.018639 
0.019654 
0.027318 
0.032685 
0.036991 
0.047025 
0.060187 
0.047842 
0.045616 
0.050887 
0.055100 
0.071519 
0.107369 
0.118243 
0.143955 
0.145568 
0.160998 
0.162867 
0.155288 
0.160658 
0.134950 
0.128718 
0.120162 
0.090878 
0.077277 
0.061013 
0.054473 
0.067996 
0.061165 
0.055293 
0.060333 
0.040224 
0.037365 
0.029487 
0.015690 
0.010142 
0.008890 
0.004770 
0.001884 
0.000000 
0.000000 
0.000000 
0.000000 
0.000000 
0.000000 
0.000000 
0.000000 
0.000000 
0.000000 
0.000000 
0.000000 
0.000000 
0.000000 
0.000000 
0.000000 
0.000000 
0.000000 
0.000000 
0.000000 
0.000000 
0.000000 
0.000000 
0.000000 
0.000000 
0.000000 
0.000546 
0.000125 
0.000000 
0.000000 
0.000000 
0.000000 
0.000000 
0.000000 
0.000000 
0.000000 
0.000000 
0.000000 
0.000000 
0.000000 
0.000000 
0.000000 
0.000000 
0.000000 
0.000000 
0.000000 
0.000000 
0.000000 
0.000000 
0.000000 
0.000000 
0.000000 
0.000000 
0.000000 
0.000000 
0.000000 
0.000000 
0.000000 
0.000000 
0.000000 
0.000000 
0.000000 
0.000000 
0.000000 
0.000000 
0.000000 
0.000000 
0.000000 
0.000000 
0.000000 
0.000000 
0.000000 
0.000000 
0.000000 
0.000000 
0.000000 
0.000000 
0.000000 
0.000000 
0.000000 
0.000000 
0.000000 
0.000000 
0.000000 
0.000000 
0.000000 
0.000000 
0.000000 
0.000000 
0.000000 
0.000000 
0.000000 
0.000000 
0.000000 
0.000000 
0.000000 
0.000000 
0.000000 
0.000000 
0.000000 
0.000000 
0.000000 
0.000000 
0.000000 
0.000000 
0.000000 
0.000000 
0.000000 
0.000000 
0.000000 
0.000000 
0.000000 
0.000000 
0.000000 
0.000000 
0.000000 
0.000000 
0.000000 
0.000000 
0.000000 
0.000000 
0.000000 
0.000000 
0.000000 
0.000000 
0.000000 
0.000000 
0.000000 
0.000000 
0.000000 
0.000000 
0.000000 
0.000000 
0.000000 
0.000000 
0.000000 
0.000000 
0.000000 
0.000000 
0.000000 
0.000000 
0.000000 
0.000000 
0.000000 
0.000000 
0.000000 
0.000000 
0.000000 
0.000000 
0.000000 
0.000000 
0.000000 
0.000000 
0.000000 
0.000000 
0.000000 
0.000000 
0.000000 
0.000000 
0.000000 
0.000000 
0.000000 
0.000000 
0.000000 
0.000000 
0.000000 
0.000000 
0.000000 
0.000000 
0.000000 
0.000000 
0.000000 
0.000000 
0.000000 
0.000000 
0.000000 
0.000000 
0.000000 
0.000000 
0.000000 
0.000000 
0.000000 
0.000000 
0.000000 
0.000000 
0.000000 
0.000000 
0.000000 
0.000000 
0.000000 
0.000000 
0.000000 
0.000000 
0.000000 
0.000000 
0.000000 
0.000000 
0.000000 
0.000000 
0.000000 
0.000000 
0.000000 
0.000000 
0.000000 
0.000000 
0.000000 
0.000000 
0.000000 
0.000000 
0.000000 
0.000000 
0.000000 
0.000000 
0.000000 
0.000000 
0.000000 
0.000000 
0.000000 
0.000000 
0.000000 
0.000000 
0.000000 
0.000000 
0.000000 
0.000000 
0.000000 
0.000000 
0.000000 
0.000000 
0.000000 
0.000000 
0.000000 
0.000000 
0.000000 
0.000000 
0.000000 
0.000000 
0.000000 
0.000000 
0.000000 
0.000000 
0.000000 
0.000000 
0.000000 
0.000000 
0.000000 
0.000000 
0.000000 
0.000000 
0.000000 
0.000000 
0.000000 
0.000000 
0.000000 
0.000000 
0.000000 
0.000000 
0.000000 
0.000000 
0.000000 
0.000000 
0.000000 
0.000000 
0.000000 
0.000000 
0.000000 
0.000000 
0.000000 
0.000000 
0.000000 
0.000000 
0.000000 
0.000000 
0.000000 
0.000000 
0.000000 
0.000000 
0.000000 
0.000000 
0.000000 
0.000000 
0.000000 
0.000000 
0.000000 
0.000000 
0.000000 
0.000000 
0.000000 
0.000000 
0.000000 
0.000000 
0.000000 
0.000000 
0.000000 
0.000000 
0.000000 
0.000000 
0.000000 
0.000000 
0.000000 
0.000000 
0.000000 
0.000000 
0.000000 
0.000000 
0.000000 
0.000000 
0.000000 
0.000000 
0.000000 
0.000000 
0.000000 
0.000000 
0.000000 
0.000000 
0.000000 
0.000000 
0.000000 
0.000000 
0.000000 
0.000000 
0.000000 
