0.000000 
0.000000 
0.000000 
0.000000 
0.000000 
0.000000 
0.000000 
0.000000 
0.000000 
0.000000 
0.000000 
0.000000 
0.000000 
0.000000 
0.000000 
0.000000 
0.000000 
0.000000 
0.000000 
0.000000 
0.000000 
0.000000 
0.000000 
0.000000 
0.000000 
0.000000 
0.000000 
0.000000 
0.000000 
0.000000 
0.000000 
0.000000 
0.000000 
0.000000 
0.000000 
0.000000 
0.000000 
0.000000 
0.000000 
0.000000 
0.000000 
0.000000 
0.000000 
0.000000 
0.000000 
0.000000 
0.000000 
0.000000 
0.000000 
0.000000 
0.000000 
0.000000 
0.000000 
0.000000 
0.000000 
0.000000 
0.000000 
0.000000 
0.000000 
0.000000 
0.000000 
0.000000 
0.000000 
0.000000 
0.000000 
0.000000 
0.000000 
0.000000 
0.000000 
0.000000 
0.000000 
0.000000 
0.000000 
0.000000 
0.000000 
0.000000 
0.000000 
0.000000 
0.000000 
0.000000 
0.000000 
0.000000 
0.000000 
0.000000 
0.000000 
0.000000 
0.000000 
0.000000 
0.000000 
0.000000 
0.000000 
0.000000 
0.000000 
0.000000 
0.000000 
0.000000 
0.000000 
0.000000 
0.000000 
0.000000 
0.000000 
0.000000 
0.000000 
0.000000 
0.000000 
0.000000 
0.000000 
0.000000 
0.000000 
0.000000 
0.000000 
0.000000 
0.000000 
0.000000 
0.000000 
0.000000 
0.000000 
0.000000 
0.000000 
0.000000 
0.000000 
0.000000 
0.000000 
0.000000 
0.000000 
0.000000 
0.000000 
0.000000 
0.000000 
0.000000 
0.000000 
0.000000 
0.000000 
0.000000 
0.000000 
0.000000 
0.000000 
0.000000 
0.000000 
0.000000 
0.000000 
0.000000 
0.000000 
0.000000 
0.000000 
0.000000 
0.000000 
0.000000 
0.000000 
0.000000 
0.000000 
0.000000 
0.000000 
0.000000 
0.000000 
0.000000 
0.000000 
0.000000 
0.000000 
0.000000 
0.000000 
0.000000 
0.000000 
0.000000 
0.000000 
0.000000 
0.000000 
0.000000 
0.000000 
0.000000 
0.000000 
0.000000 
0.000000 
0.000000 
0.000000 
0.000000 
0.000000 
0.000000 
0.000000 
0.000000 
0.000000 
0.000000 
0.000000 
0.000000 
0.000000 
0.000000 
0.000000 
0.000000 
0.000000 
0.000000 
0.000000 
0.000000 
0.000000 
0.000000 
0.000000 
0.000000 
0.000000 
0.000000 
0.000000 
0.000000 
0.000000 
0.000000 
0.000000 
0.000000 
0.000000 
0.000000 
0.000000 
0.000000 
0.000000 
0.000000 
0.000000 
0.000000 
0.000000 
0.000000 
0.000000 
0.000000 
0.000000 
0.000000 
0.000000 
0.000000 
0.000000 
0.000000 
0.000000 
0.000000 
0.000000 
0.000000 
0.000000 
0.000000 
0.000000 
0.000000 
0.000000 
0.000000 
0.000000 
0.000000 
0.000000 
0.000000 
0.000000 
0.000000 
0.000000 
0.000000 
0.000000 
0.000000 
0.000000 
0.000000 
0.000000 
0.000000 
0.000000 
0.000000 
0.000000 
0.000000 
0.000000 
0.000000 
0.000000 
0.000000 
0.000000 
0.000000 
0.000000 
0.000000 
0.000000 
0.000000 
0.000000 
0.000000 
0.000000 
0.000000 
0.000000 
0.000000 
0.000000 
0.000000 
0.000000 
0.000000 
0.000000 
0.000000 
0.000000 
0.000000 
0.000000 
0.000000 
0.000000 
0.000000 
0.000000 
0.000000 
0.000000 
0.000000 
0.000000 
0.000000 
0.000000 
0.000000 
0.000000 
0.000000 
0.000000 
0.000000 
0.000000 
0.000000 
0.000000 
0.000000 
0.000000 
0.000000 
0.000000 
0.000000 
0.000000 
0.000000 
0.000000 
0.000000 
0.000000 
0.000000 
0.000000 
0.000000 
0.000000 
0.000000 
0.000000 
0.000000 
0.000000 
0.000000 
0.000000 
0.000000 
0.000000 
0.000000 
0.000000 
0.000000 
0.000000 
0.000000 
0.000000 
0.000000 
0.000000 
0.000000 
0.000000 
0.000000 
0.000000 
0.000000 
0.000000 
0.000000 
0.000000 
0.000000 
0.000000 
0.000000 
0.000000 
0.000000 
0.000000 
0.000000 
0.000000 
0.000000 
0.000000 
0.000000 
0.000000 
0.000000 
0.000000 
0.000000 
0.000000 
0.000000 
0.000000 
0.000000 
0.000000 
0.000000 
0.000000 
0.000000 
0.000000 
0.000000 
0.000000 
0.000000 
0.000000 
0.000000 
0.000000 
0.000000 
0.000000 
0.000000 
0.000000 
0.000000 
0.000000 
0.000000 
0.000000 
0.000000 
0.000000 
0.000000 
0.000000 
0.000000 
0.000000 
0.000000 
0.000000 
0.000000 
0.000000 
0.000000 
0.000000 
0.000000 
0.000000 
0.000000 
0.000000 
0.000000 
0.000000 
0.000000 
0.000000 
0.000000 
0.000000 
0.000000 
0.000000 
0.000000 
0.000000 
0.000000 
0.000000 
0.000000 
0.000000 
0.000000 
0.000000 
0.000000 
0.000000 
0.000000 
0.000000 
0.000000 
0.000000 
0.000000 
0.000000 
0.000000 
0.000000 
0.000000 
0.000000 
0.000000 
0.000000 
0.000000 
0.000000 
0.000000 
0.000000 
0.000000 
0.000000 
0.004856 
0.018238 
0.032476 
0.031224 
0.031935 
0.029823 
0.026773 
0.022807 
0.025028 
0.025770 
0.042028 
0.068211 
0.077454 
0.077855 
0.103906 
0.107344 
0.100760 
0.119451 
0.127529 
0.146532 
0.196473 
0.166568 
0.162714 
0.158239 
0.149719 
0.133968 
0.189362 
0.218640 
0.192319 
0.217184 
0.185950 
0.191977 
0.219558 
0.203290 
0.184210 
0.190448 
0.251571 
0.267378 
0.221992 
0.267490 
0.177455 
0.200510 
0.190154 
0.110188 
0.070304 
0.002980 
0.000000 
0.000000 
0.000000 
0.000000 
0.000000 
0.025858 
0.109983 
0.126563 
0.175755 
0.213480 
0.202631 
0.188741 
0.185655 
0.192363 
0.197856 
0.163488 
0.212132 
0.206025 
0.226866 
0.232397 
0.244027 
0.240836 
0.213735 
0.244523 
0.212334 
0.197895 
0.208974 
0.238207 
0.204379 
0.270767 
0.209811 
0.222683 
0.268129 
0.243666 
0.206649 
0.189425 
0.145631 
0.109558 
0.134727 
0.145624 
0.262619 
0.330310 
0.321811 
0.268305 
0.164322 
0.097750 
0.012873 
0.000000 
0.000000 
0.000000 
0.000000 
0.000000 
0.000000 
0.000000 
0.000000 
0.000000 
0.015978 
0.078552 
0.146728 
0.181887 
0.251074 
0.260518 
0.301190 
0.329734 
0.314449 
0.308021 
0.358520 
0.348729 
0.384504 
0.321427 
0.266932 
0.292594 
0.282293 
0.336677 
0.364591 
0.371615 
0.326685 
0.345647 
0.330851 
0.383601 
0.378411 
0.397416 
0.310397 
0.392908 
0.303967 
0.355810 
0.414502 
0.355881 
0.415050 
0.353300 
0.331586 
0.355868 
0.357336 
0.385180 
0.453069 
0.365973 
0.361689 
0.331275 
0.364041 
0.395724 
0.455594 
0.388841 
0.385123 
0.406630 
0.388275 
0.413849 
0.441045 
0.484716 
0.335840 
0.449085 
0.472248 
0.459275 
0.460079 
0.446084 
0.422158 
0.441504 
0.369073 
0.405234 
0.453644 
0.367896 
0.428062 
0.440302 
0.372214 
0.373732 
0.404476 
0.504701 
0.523894 
0.607109 
0.473324 
0.381271 
0.277807 
0.185337 
0.139575 
0.117679 
0.157067 
0.224344 
0.218791 
0.312691 
0.358139 
0.294403 
0.497782 
0.520623 
0.477225 
0.585583 
0.602552 
0.589490 
0.464629 
0.411698 
0.346891 
0.363380 
0.332973 
0.238512 
0.190192 
0.148529 
0.115311 
0.054726 
0.055327 
0.041409 
0.123459 
0.249559 
0.482039 
0.461770 
0.591177 
0.665616 
0.558419 
0.540696 
0.498099 
0.475425 
0.466848 
0.359145 
0.271556 
0.231743 
0.191653 
0.216918 
0.339296 
0.449213 
0.489552 
0.572504 
0.677303 
0.574782 
0.565564 
0.482254 
0.481787 
0.568218 
0.524152 
0.450473 
0.431544 
0.448317 
0.465831 
0.460712 
0.585168 
0.558975 
0.529006 
0.657586 
0.606690 
0.444405 
0.282560 
0.272449 
0.202006 
0.080436 
0.000000 
0.000000 
0.000000 
0.000000 
0.000000 
0.000000 
0.000000 
0.000000 
0.000000 
0.002270 
0.147246 
0.323280 
0.355254 
0.461441 
0.374704 
0.448755 
0.542642 
0.498491 
0.606018 
0.454925 
0.503308 
0.657817 
0.499759 
0.529725 
0.605174 
0.642084 
0.533967 
0.532972 
0.643146 
0.752226 
0.666251 
0.536739 
0.580681 
0.624628 
0.511069 
0.506095 
0.606998 
0.467667 
0.427128 
0.240384 
0.096232 
0.000000 
0.000000 
0.000000 
0.000000 
0.000000 
0.025951 
0.058597 
0.103026 
0.135086 
0.174971 
0.170635 
0.190710 
0.186777 
0.133109 
0.071496 
0.005156 
0.000000 
0.004827 
0.056400 
0.129799 
0.191882 
0.224005 
0.390510 
0.319425 
0.388232 
0.417324 
0.385245 
0.339075 
0.301332 
0.148934 
0.064839 
0.022704 
0.026679 
0.033150 
0.036434 
0.040661 
0.046243 
0.041536 
0.027502 
0.015870 
0.000728 
0.000000 
0.002844 
0.022487 
0.046450 
0.080235 
0.102307 
0.126210 
0.122553 
0.179255 
0.219036 
0.240263 
0.302682 
0.472563 
0.451580 
0.519038 
0.559773 
0.603036 
0.530918 
0.444693 
0.464472 
0.435586 
0.356007 
0.255761 
0.152838 
0.047691 
0.000000 
0.000000 
0.000000 
0.000000 
0.000000 
0.000000 
0.000000 
0.000000 
0.059724 
0.111685 
0.220572 
0.302619 
0.464975 
0.457499 
0.659698 
0.623472 
0.673649 
0.660429 
0.582351 
0.591051 
0.680877 
0.587720 
0.582976 
0.601411 
0.540631 
0.534242 
0.456037 
0.540563 
0.623796 
0.594837 
0.635599 
0.495852 
0.675773 
0.496468 
0.524621 
0.546264 
0.564608 
0.538984 
0.615908 
0.552774 
0.656613 
0.536434 
0.533385 
0.618891 
0.727689 
0.656131 
0.499913 
0.666053 
0.578474 
0.611691 
0.405492 
0.528540 
0.451826 
0.458233 
0.371777 
0.313655 
0.377420 
0.400913 
0.470594 
0.662651 
0.512479 
0.525710 
0.715503 
0.555383 
0.729428 
0.608191 
0.489048 
0.513607 
0.482899 
0.462750 
0.539648 
0.527832 
0.594752 
0.429146 
0.589419 
0.573504 
0.541017 
0.478258 
0.460871 
0.427729 
0.386509 
0.349730 
0.281600 
0.300755 
0.245269 
0.227626 
0.255778 
0.319379 
0.453854 
0.515102 
0.521626 
0.493429 
0.629209 
0.517188 
0.541347 
0.510866 
0.549559 
0.470826 
0.491528 
0.563720 
0.534353 
0.386176 
0.541447 
0.566918 
0.504883 
0.546812 
0.458665 
0.478039 
0.488592 
0.495370 
0.470414 
0.408296 
0.391909 
0.375655 
0.383056 
0.370585 
0.360778 
0.321916 
0.307956 
0.340840 
0.349362 
0.282257 
0.385349 
0.318788 
0.431904 
0.439508 
0.473313 
0.396159 
0.463975 
0.425267 
0.430538 
0.317162 
0.283490 
0.179879 
0.069814 
0.020147 
0.005282 
0.000000 
0.000000 
0.000000 
0.000000 
0.000000 
0.000000 
0.000000 
0.000000 
0.000000 
0.000000 
0.000000 
0.000000 
0.000000 
0.015106 
0.031904 
0.075774 
0.121395 
0.161821 
0.233643 
0.263231 
0.324034 
0.334693 
0.386701 
0.478746 
0.419383 
0.400286 
0.360194 
0.269219 
0.274943 
0.244607 
0.239436 
0.180529 
0.162825 
0.148008 
0.143621 
0.135435 
0.102345 
0.153319 
0.129523 
0.116929 
0.104291 
0.160906 
0.190014 
0.236782 
0.222463 
0.280473 
0.394974 
0.433201 
0.404428 
0.366734 
0.414799 
0.451288 
0.398860 
0.384865 
0.382531 
0.411546 
0.278126 
0.271207 
0.282790 
0.197180 
0.188757 
0.200249 
0.179432 
0.197452 
0.178471 
0.225818 
0.219726 
0.257205 
0.245021 
0.327615 
0.226686 
0.352337 
0.312232 
0.313184 
0.313005 
0.365077 
0.310548 
0.382962 
0.334926 
0.302481 
0.240002 
0.196441 
0.159377 
0.166614 
0.181368 
0.211402 
0.240633 
0.271606 
0.280822 
0.286970 
0.217446 
0.182711 
0.132003 
0.106253 
0.106537 
0.105126 
0.121211 
0.135719 
0.154195 
0.142489 
0.127261 
0.132545 
0.140109 
0.135793 
0.127242 
0.128598 
0.128680 
0.142746 
0.108024 
0.105024 
0.103662 
0.089432 
0.070825 
0.072947 
0.061545 
0.052475 
0.045476 
0.037116 
0.021897 
0.016964 
0.009124 
0.000475 
0.000000 
0.000000 
0.000000 
0.000000 
0.000000 
0.000000 
0.000000 
0.000000 
0.000000 
0.000000 
0.000000 
0.000000 
0.000000 
0.000000 
0.000000 
0.000000 
0.000000 
0.000000 
0.000000 
0.000000 
0.000000 
0.000000 
0.000000 
0.000000 
0.000000 
0.000000 
0.000000 
0.000000 
0.000000 
0.000000 
0.002383 
0.005234 
0.007028 
0.014181 
0.017020 
0.017349 
0.022701 
0.019467 
0.026838 
0.029336 
0.028902 
0.030269 
0.026073 
0.025448 
0.022528 
0.024432 
0.020544 
0.032060 
0.029611 
0.049963 
0.048819 
0.061245 
0.073595 
0.059779 
0.061934 
0.053709 
0.065731 
0.096646 
0.139919 
0.186108 
0.236189 
0.228769 
0.180816 
0.200111 
0.198276 
0.212205 
0.192232 
0.173206 
0.151632 
0.120378 
0.080757 
0.089098 
0.078674 
0.084644 
0.082000 
0.078620 
0.082267 
0.072440 
0.049111 
0.034018 
0.026393 
0.015970 
0.010990 
0.005991 
0.003670 
0.000292 
0.000000 
0.000000 
0.000000 
0.000000 
0.000000 
0.000000 
0.000000 
0.000000 
0.000000 
0.000000 
0.000318 
0.000000 
0.000000 
0.000000 
0.000000 
0.000000 
0.000000 
0.000000 
0.000000 
0.000000 
0.000000 
0.000000 
0.000000 
0.000000 
0.001103 
0.001935 
0.001481 
0.000000 
0.000000 
0.000000 
0.000000 
0.000000 
0.000000 
0.000000 
0.000000 
0.000000 
0.000000 
0.000000 
0.000000 
0.000000 
0.000000 
0.000000 
0.000000 
0.000000 
0.000000 
0.000000 
0.000000 
0.000000 
0.000000 
0.000000 
0.000000 
0.000000 
0.000000 
0.000000 
0.000000 
0.000000 
0.000000 
0.000000 
0.000000 
0.000000 
0.000000 
0.000000 
0.000000 
0.000000 
0.000000 
0.000000 
0.000000 
0.000000 
0.000000 
0.000000 
0.000000 
0.000000 
0.000000 
0.000000 
0.000000 
0.000000 
0.000000 
0.000000 
0.000000 
0.000000 
0.000000 
0.000000 
0.000000 
0.000000 
0.000000 
0.000000 
0.000000 
0.000000 
0.000000 
0.000000 
0.000000 
0.000000 
0.000000 
0.000000 
0.000000 
0.000000 
0.000000 
0.000000 
0.000000 
0.000000 
0.000000 
0.000000 
0.000000 
0.000000 
0.000000 
0.000000 
0.000000 
0.000000 
0.000000 
0.000000 
0.000000 
0.000000 
0.000000 
0.000000 
0.000000 
0.000000 
0.000000 
0.000000 
0.000000 
0.000000 
0.000000 
0.000000 
0.000000 
0.000000 
0.000000 
0.000000 
0.000000 
0.000000 
0.000000 
0.000000 
0.000000 
0.000000 
0.000000 
0.000000 
0.000000 
0.000000 
0.000000 
0.000000 
0.000000 
0.000000 
0.000000 
0.000000 
0.000000 
0.000000 
0.000000 
0.000000 
0.000000 
0.000000 
0.000000 
0.000000 
0.000000 
0.000000 
0.000000 
0.000000 
0.000000 
0.000000 
0.000000 
0.000000 
0.000000 
0.000000 
0.000000 
0.000000 
0.000000 
0.000000 
0.000000 
0.000000 
0.000000 
0.000000 
0.000000 
0.000000 
0.000000 
0.000000 
0.000000 
0.000000 
0.000000 
0.000000 
0.000000 
0.000000 
0.000000 
0.000000 
0.000000 
0.000000 
0.000000 
0.000000 
0.000000 
0.000000 
0.000000 
0.000000 
0.000000 
0.000000 
0.000000 
0.000000 
0.000000 
0.000000 
0.000000 
0.000000 
0.000000 
0.000000 
0.000000 
0.000000 
0.000000 
0.000000 
0.000000 
0.000000 
0.000000 
0.000000 
0.000000 
0.000000 
0.000000 
0.000000 
0.000000 
0.000000 
0.000000 
0.000000 
0.000000 
0.000000 
0.000000 
0.000000 
0.000000 
0.000000 
0.000000 
0.000000 
0.000000 
0.000000 
0.000000 
0.000000 
0.000000 
0.000000 
0.000000 
0.000000 
0.000000 
0.000000 
0.000000 
0.000000 
0.000000 
0.000000 
0.000000 
0.000000 
0.000000 
0.000000 
0.000000 
0.000000 
0.000000 
0.000000 
0.000000 
0.000000 
0.000000 
0.000000 
0.000000 
0.000000 
0.000000 
0.000000 
0.000000 
0.000000 
0.000000 
0.000000 
0.000000 
0.000000 
0.000000 
0.000000 
0.000000 
0.000000 
0.000000 
0.000000 
0.000000 
0.000000 
0.000000 
0.000000 
0.000000 
0.000000 
0.000000 
0.000000 
0.000000 
0.000000 
0.000000 
0.000000 
0.000000 
0.000000 
0.000000 
0.000000 
0.000000 
0.000000 
0.000000 
0.000000 
0.000000 
0.000000 
0.000000 
0.000000 
0.000000 
0.000000 
0.000000 
0.000000 
0.000000 
0.000000 
0.000000 
0.000000 
0.000000 
0.000000 
0.000000 
0.000000 
0.000000 
0.000000 
0.000000 
0.000000 
0.000000 
0.000000 
0.000000 
0.000000 
0.000000 
0.000000 
0.000000 
0.000000 
0.000000 
0.000000 
0.000000 
0.000000 
0.000000 
0.000000 
0.000000 
0.000000 
0.000000 
