0.000000 
0.000000 
0.000000 
0.000000 
0.000000 
0.000000 
0.000000 
0.000000 
0.000000 
0.000000 
0.000000 
0.000000 
0.000000 
0.000000 
0.000000 
0.000000 
0.000000 
0.000000 
0.000000 
0.000000 
0.000000 
0.000000 
0.000000 
0.000000 
0.000000 
0.000000 
0.000000 
0.000000 
0.000000 
0.000000 
0.000000 
0.000000 
0.000000 
0.000000 
0.000000 
0.000000 
0.000000 
0.000000 
0.000000 
0.000000 
0.000000 
0.000000 
0.000000 
0.000000 
0.000000 
0.000000 
0.000000 
0.000000 
0.000000 
0.000000 
0.000000 
0.000000 
0.000000 
0.000000 
0.000000 
0.000000 
0.000000 
0.000000 
0.000000 
0.000000 
0.000000 
0.000000 
0.000000 
0.000000 
0.000000 
0.000000 
0.000000 
0.000000 
0.000000 
0.000000 
0.000000 
0.000000 
0.000000 
0.000000 
0.000000 
0.000000 
0.000000 
0.000000 
0.000000 
0.000000 
0.000000 
0.000000 
0.000000 
0.000000 
0.000000 
0.000000 
0.000000 
0.000000 
0.000000 
0.000000 
0.000000 
0.000000 
0.000000 
0.000000 
0.000000 
0.000000 
0.000000 
0.000000 
0.000000 
0.000000 
0.000000 
0.000000 
0.000000 
0.000000 
0.000000 
0.000000 
0.000000 
0.000000 
0.000000 
0.000000 
0.000000 
0.000000 
0.000000 
0.000000 
0.000000 
0.000000 
0.000000 
0.000000 
0.000000 
0.000000 
0.000000 
0.000000 
0.000000 
0.000000 
0.000000 
0.000000 
0.000000 
0.000000 
0.000000 
0.000000 
0.000000 
0.000000 
0.000000 
0.000000 
0.000000 
0.000000 
0.000000 
0.000000 
0.000000 
0.000000 
0.000000 
0.000000 
0.000000 
0.000000 
0.000000 
0.000000 
0.000000 
0.000000 
0.000000 
0.000000 
0.000000 
0.000000 
0.000000 
0.000000 
0.000000 
0.000000 
0.000000 
0.000000 
0.000000 
0.000000 
0.000000 
0.000000 
0.000000 
0.000000 
0.000000 
0.000000 
0.000000 
0.000000 
0.000000 
0.000000 
0.000000 
0.000000 
0.000000 
0.000000 
0.000000 
0.000000 
0.000000 
0.000000 
0.000000 
0.000000 
0.000000 
0.000000 
0.000000 
0.000000 
0.000000 
0.000000 
0.000000 
0.000000 
0.000000 
0.000000 
0.000000 
0.000000 
0.000000 
0.000000 
0.000000 
0.000000 
0.000000 
0.000000 
0.000000 
0.000000 
0.000000 
0.000000 
0.000000 
0.000000 
0.000000 
0.000000 
0.000000 
0.000000 
0.000000 
0.000000 
0.000000 
0.000000 
0.000000 
0.000000 
0.000000 
0.000000 
0.000000 
0.000000 
0.000000 
0.000000 
0.000000 
0.000000 
0.000000 
0.000000 
0.000000 
0.000000 
0.000000 
0.000000 
0.000000 
0.000000 
0.000000 
0.000000 
0.000000 
0.000000 
0.000000 
0.000000 
0.000000 
0.000000 
0.000000 
0.000000 
0.000000 
0.000000 
0.000000 
0.000000 
0.000000 
0.000000 
0.000000 
0.000000 
0.000000 
0.000000 
0.000000 
0.000000 
0.000000 
0.000000 
0.000000 
0.000000 
0.000000 
0.000000 
0.000000 
0.000000 
0.000000 
0.000000 
0.000000 
0.000000 
0.000000 
0.000000 
0.000000 
0.000000 
0.000000 
0.000000 
0.000000 
0.000000 
0.000000 
0.000000 
0.000000 
0.000000 
0.000000 
0.000000 
0.000000 
0.000000 
0.000000 
0.000000 
0.000000 
0.000000 
0.000000 
0.000000 
0.000000 
0.000000 
0.000000 
0.000000 
0.000000 
0.000000 
0.000000 
0.000000 
0.000000 
0.000000 
0.000000 
0.000000 
0.000000 
0.000000 
0.000000 
0.000000 
0.000000 
0.000000 
0.000000 
0.000000 
0.000000 
0.000000 
0.000000 
0.000000 
0.000000 
0.000000 
0.000000 
0.000000 
0.000000 
0.000000 
0.000000 
0.000000 
0.000000 
0.000000 
0.000000 
0.000000 
0.000000 
0.000000 
0.000000 
0.000000 
0.000000 
0.000000 
0.000000 
0.000000 
0.000000 
0.000000 
0.000000 
0.000000 
0.000000 
0.000000 
0.000000 
0.000000 
0.000000 
0.000000 
0.000000 
0.000000 
0.000000 
0.000000 
0.000000 
0.000000 
0.000000 
0.000000 
0.000000 
0.000000 
0.000000 
0.000000 
0.000000 
0.000000 
0.000000 
0.000000 
0.000000 
0.000000 
0.000000 
0.000000 
0.000000 
0.000000 
0.000000 
0.000000 
0.000000 
0.000000 
0.000000 
0.000000 
0.000000 
0.000000 
0.000000 
0.000000 
0.000000 
0.000000 
0.000000 
0.000000 
0.000000 
0.000000 
0.000000 
0.000000 
0.000000 
0.000000 
0.000000 
0.000000 
0.000000 
0.000000 
0.000000 
0.000000 
0.000000 
0.000000 
0.000000 
0.000000 
0.000000 
0.000000 
0.000000 
0.000000 
0.000000 
0.000000 
0.000000 
0.000000 
0.000000 
0.000000 
0.000000 
0.000000 
0.000000 
0.000000 
0.000000 
0.000000 
0.000000 
0.000000 
0.000000 
0.000000 
0.000000 
0.000000 
0.000000 
0.000000 
0.000000 
0.000000 
0.000000 
0.000000 
0.000000 
0.004042 
0.020034 
0.023915 
0.029026 
0.024264 
0.024847 
0.023892 
0.022535 
0.023908 
0.023503 
0.028029 
0.045002 
0.055851 
0.078801 
0.090766 
0.092192 
0.084304 
0.104529 
0.117285 
0.126793 
0.129424 
0.113093 
0.116444 
0.131003 
0.112416 
0.148980 
0.172057 
0.197885 
0.147915 
0.192831 
0.153617 
0.177277 
0.186810 
0.172346 
0.158400 
0.192735 
0.183832 
0.190539 
0.264770 
0.194918 
0.209284 
0.154379 
0.128267 
0.123218 
0.076336 
0.003023 
0.000000 
0.000000 
0.000000 
0.000000 
0.000000 
0.020657 
0.092106 
0.148736 
0.141048 
0.145991 
0.167117 
0.166959 
0.202677 
0.164964 
0.183117 
0.182377 
0.220241 
0.167203 
0.172529 
0.174144 
0.189809 
0.176646 
0.212653 
0.256308 
0.207512 
0.205908 
0.218437 
0.188383 
0.216526 
0.169476 
0.191979 
0.198936 
0.187707 
0.197748 
0.189850 
0.122887 
0.121442 
0.108796 
0.110254 
0.152604 
0.182924 
0.263983 
0.209395 
0.228420 
0.169724 
0.090697 
0.010437 
0.000000 
0.000000 
0.000000 
0.000000 
0.000000 
0.000000 
0.000000 
0.000000 
0.000000 
0.015959 
0.069467 
0.131228 
0.189821 
0.246594 
0.216940 
0.295939 
0.220519 
0.273095 
0.270274 
0.273895 
0.263990 
0.295776 
0.280431 
0.310022 
0.307783 
0.300994 
0.322961 
0.315876 
0.274675 
0.294079 
0.319100 
0.328139 
0.317618 
0.336762 
0.318129 
0.298093 
0.318430 
0.324761 
0.355847 
0.311873 
0.307960 
0.367971 
0.263336 
0.384693 
0.398610 
0.389504 
0.328521 
0.409499 
0.389753 
0.366720 
0.341931 
0.394322 
0.349207 
0.314151 
0.342115 
0.304212 
0.352385 
0.312947 
0.310671 
0.442797 
0.364730 
0.357955 
0.459527 
0.386138 
0.349104 
0.423246 
0.399342 
0.448201 
0.388790 
0.386071 
0.470861 
0.444487 
0.421900 
0.371578 
0.355370 
0.312450 
0.425930 
0.423880 
0.435285 
0.443631 
0.490448 
0.401652 
0.334558 
0.277159 
0.148899 
0.105301 
0.129815 
0.162145 
0.167150 
0.232613 
0.224553 
0.274715 
0.373800 
0.436868 
0.443749 
0.471746 
0.483850 
0.432770 
0.429733 
0.410450 
0.417156 
0.309868 
0.304661 
0.246689 
0.216472 
0.156812 
0.114380 
0.092943 
0.070184 
0.052957 
0.034655 
0.071353 
0.230626 
0.315065 
0.448865 
0.423739 
0.493496 
0.509472 
0.586156 
0.393931 
0.398286 
0.410187 
0.299950 
0.241284 
0.181496 
0.196948 
0.211004 
0.300853 
0.339384 
0.492885 
0.508453 
0.484397 
0.433667 
0.529700 
0.508534 
0.483697 
0.319011 
0.390942 
0.456243 
0.434135 
0.409341 
0.447896 
0.389339 
0.458853 
0.496975 
0.511729 
0.431544 
0.386259 
0.380582 
0.335119 
0.298967 
0.162245 
0.070509 
0.000000 
0.000000 
0.000000 
0.000000 
0.000000 
0.000000 
0.000000 
0.000000 
0.000000 
0.001738 
0.139924 
0.245720 
0.328984 
0.395396 
0.490622 
0.449881 
0.488761 
0.539588 
0.589605 
0.545119 
0.488224 
0.547695 
0.470897 
0.476586 
0.540456 
0.572925 
0.482146 
0.478704 
0.607925 
0.471006 
0.502600 
0.492279 
0.316546 
0.552105 
0.500264 
0.524527 
0.589173 
0.496486 
0.367453 
0.247862 
0.093902 
0.000000 
0.000000 
0.000000 
0.000000 
0.000000 
0.019213 
0.051499 
0.089088 
0.121826 
0.140876 
0.156966 
0.180616 
0.153480 
0.113813 
0.055088 
0.003844 
0.000000 
0.003765 
0.065004 
0.132661 
0.190177 
0.236165 
0.304863 
0.265412 
0.319472 
0.386240 
0.378435 
0.347032 
0.212957 
0.151398 
0.054283 
0.017360 
0.020424 
0.023613 
0.031253 
0.038937 
0.040365 
0.038061 
0.024952 
0.012549 
0.000661 
0.000000 
0.002459 
0.020805 
0.041875 
0.052850 
0.095839 
0.107817 
0.126398 
0.150163 
0.154885 
0.205726 
0.292784 
0.336169 
0.391400 
0.441778 
0.428984 
0.530761 
0.546709 
0.413375 
0.410397 
0.455548 
0.353055 
0.280807 
0.124984 
0.040663 
0.000000 
0.000000 
0.000000 
0.000000 
0.000000 
0.000000 
0.000000 
0.000000 
0.044542 
0.118302 
0.186574 
0.260872 
0.368296 
0.438722 
0.572363 
0.540142 
0.498912 
0.591859 
0.517956 
0.543644 
0.565328 
0.483235 
0.480349 
0.568411 
0.523076 
0.545762 
0.480896 
0.478401 
0.486698 
0.545579 
0.478133 
0.511864 
0.450648 
0.494026 
0.445907 
0.623188 
0.494559 
0.471124 
0.543904 
0.626512 
0.493864 
0.595562 
0.513230 
0.608385 
0.478382 
0.515778 
0.455425 
0.468063 
0.557341 
0.581609 
0.648878 
0.366326 
0.456356 
0.324786 
0.318011 
0.361313 
0.329704 
0.320027 
0.370671 
0.458691 
0.436399 
0.456856 
0.570524 
0.528563 
0.512502 
0.417604 
0.445383 
0.498690 
0.345689 
0.452612 
0.442675 
0.436521 
0.467060 
0.479510 
0.509664 
0.482014 
0.449012 
0.453383 
0.362481 
0.301302 
0.275596 
0.301343 
0.257597 
0.247638 
0.212168 
0.172807 
0.233866 
0.271180 
0.341955 
0.481386 
0.497383 
0.485459 
0.464307 
0.450415 
0.533421 
0.578037 
0.494075 
0.384319 
0.517964 
0.320470 
0.367404 
0.437275 
0.464890 
0.384379 
0.381987 
0.439579 
0.459491 
0.411489 
0.403267 
0.367409 
0.318005 
0.375237 
0.351189 
0.277774 
0.338569 
0.325827 
0.330604 
0.317778 
0.281685 
0.298646 
0.281766 
0.206043 
0.270428 
0.361827 
0.410564 
0.418229 
0.337208 
0.384055 
0.346601 
0.228968 
0.325554 
0.330633 
0.299302 
0.161371 
0.060815 
0.019513 
0.004315 
0.000000 
0.000000 
0.000000 
0.000000 
0.000000 
0.000000 
0.000000 
0.000000 
0.000000 
0.000000 
0.000000 
0.000000 
0.000000 
0.011518 
0.028121 
0.053362 
0.100825 
0.129066 
0.157370 
0.206180 
0.254290 
0.350820 
0.365368 
0.414919 
0.420911 
0.334784 
0.322077 
0.305896 
0.231495 
0.195706 
0.198487 
0.154245 
0.129175 
0.135690 
0.127774 
0.135191 
0.107077 
0.113101 
0.119744 
0.116893 
0.114912 
0.113420 
0.134710 
0.205488 
0.226381 
0.176987 
0.292696 
0.307237 
0.360361 
0.358098 
0.397090 
0.364528 
0.361857 
0.381998 
0.329698 
0.332241 
0.308530 
0.204559 
0.191350 
0.132161 
0.205676 
0.185748 
0.160792 
0.187608 
0.151359 
0.187575 
0.170969 
0.204304 
0.203108 
0.247571 
0.197741 
0.267733 
0.245989 
0.258166 
0.239351 
0.322475 
0.291960 
0.294115 
0.309412 
0.282990 
0.237707 
0.198960 
0.154144 
0.142916 
0.162732 
0.142296 
0.181742 
0.224270 
0.268408 
0.233433 
0.191809 
0.146758 
0.131717 
0.094826 
0.085994 
0.089091 
0.110958 
0.117569 
0.140560 
0.107427 
0.134309 
0.124159 
0.132205 
0.130533 
0.112253 
0.119619 
0.094472 
0.101172 
0.099677 
0.101320 
0.076610 
0.072819 
0.068087 
0.061798 
0.055439 
0.048575 
0.031869 
0.027592 
0.021454 
0.015442 
0.006386 
0.000440 
0.000000 
0.000000 
0.000000 
0.000000 
0.000000 
0.000000 
0.000000 
0.000000 
0.000000 
0.000000 
0.000000 
0.000000 
0.000000 
0.000000 
0.000000 
0.000000 
0.000000 
0.000000 
0.000000 
0.000000 
0.000000 
0.000000 
0.000000 
0.000000 
0.000000 
0.000000 
0.000000 
0.000000 
0.000000 
0.000000 
0.001766 
0.005235 
0.008981 
0.010260 
0.014923 
0.020041 
0.019394 
0.024024 
0.021918 
0.020225 
0.024137 
0.017591 
0.023265 
0.024394 
0.020263 
0.019084 
0.018091 
0.020799 
0.027463 
0.036894 
0.045845 
0.061929 
0.055915 
0.058552 
0.059597 
0.081290 
0.067099 
0.087009 
0.122914 
0.136730 
0.175453 
0.193603 
0.219286 
0.196607 
0.170201 
0.158917 
0.175552 
0.128838 
0.144384 
0.115109 
0.073000 
0.077446 
0.059932 
0.063629 
0.064618 
0.079452 
0.066649 
0.057797 
0.045107 
0.037327 
0.025327 
0.018072 
0.011419 
0.009134 
0.004213 
0.000950 
0.000000 
0.000000 
0.000000 
0.000000 
0.000000 
0.000000 
0.000000 
0.000000 
0.000000 
0.000198 
0.001053 
0.000704 
0.000000 
0.000000 
0.000000 
0.000000 
0.000000 
0.000000 
0.000000 
0.000000 
0.000000 
0.000000 
0.000000 
0.000000 
0.002004 
0.002463 
0.002043 
0.000876 
0.000000 
0.000000 
0.000000 
0.000000 
0.000000 
0.000000 
0.000000 
0.000000 
0.000000 
0.000000 
0.000000 
0.000000 
0.000000 
0.000000 
0.000000 
0.000000 
0.000000 
0.000000 
0.000000 
0.000000 
0.000000 
0.000000 
0.000000 
0.000000 
0.000000 
0.000000 
0.000000 
0.000000 
0.000000 
0.000000 
0.000000 
0.000000 
0.000000 
0.000000 
0.000000 
0.000000 
0.000000 
0.000000 
0.000000 
0.000000 
0.000000 
0.000000 
0.000000 
0.000000 
0.000000 
0.000000 
0.000000 
0.000000 
0.000000 
0.000000 
0.000000 
0.000000 
0.000000 
0.000000 
0.000000 
0.000000 
0.000000 
0.000000 
0.000000 
0.000000 
0.000000 
0.000000 
0.000000 
0.000000 
0.000000 
0.000000 
0.000000 
0.000000 
0.000000 
0.000000 
0.000000 
0.000000 
0.000000 
0.000000 
0.000000 
0.000000 
0.000000 
0.000000 
0.000000 
0.000000 
0.000000 
0.000000 
0.000000 
0.000000 
0.000000 
0.000000 
0.000000 
0.000000 
0.000000 
0.000000 
0.000000 
0.000000 
0.000000 
0.000000 
0.000000 
0.000000 
0.000000 
0.000000 
0.000000 
0.000000 
0.000000 
0.000000 
0.000000 
0.000000 
0.000000 
0.000000 
0.000000 
0.000000 
0.000000 
0.000000 
0.000000 
0.000000 
0.000000 
0.000000 
0.000000 
0.000000 
0.000000 
0.000000 
0.000000 
0.000000 
0.000000 
0.000000 
0.000000 
0.000000 
0.000000 
0.000000 
0.000000 
0.000000 
0.000000 
0.000000 
0.000000 
0.000000 
0.000000 
0.000000 
0.000000 
0.000000 
0.000000 
0.000000 
0.000000 
0.000000 
0.000000 
0.000000 
0.000000 
0.000000 
0.000000 
0.000000 
0.000000 
0.000000 
0.000000 
0.000000 
0.000000 
0.000000 
0.000000 
0.000000 
0.000000 
0.000000 
0.000000 
0.000000 
0.000000 
0.000000 
0.000000 
0.000000 
0.000000 
0.000000 
0.000000 
0.000000 
0.000000 
0.000000 
0.000000 
0.000000 
0.000000 
0.000000 
0.000000 
0.000000 
0.000000 
0.000000 
0.000000 
0.000000 
0.000000 
0.000000 
0.000000 
0.000000 
0.000000 
0.000000 
0.000000 
0.000000 
0.000000 
0.000000 
0.000000 
0.000000 
0.000000 
0.000000 
0.000000 
0.000000 
0.000000 
0.000000 
0.000000 
0.000000 
0.000000 
0.000000 
0.000000 
0.000000 
0.000000 
0.000000 
0.000000 
0.000000 
0.000000 
0.000000 
0.000000 
0.000000 
0.000000 
0.000000 
0.000000 
0.000000 
0.000000 
0.000000 
0.000000 
0.000000 
0.000000 
0.000000 
0.000000 
0.000000 
0.000000 
0.000000 
0.000000 
0.000000 
0.000000 
0.000000 
0.000000 
0.000000 
0.000000 
0.000000 
0.000000 
0.000000 
0.000000 
0.000000 
0.000000 
0.000000 
0.000000 
0.000000 
0.000000 
0.000000 
0.000000 
0.000000 
0.000000 
0.000000 
0.000000 
0.000000 
0.000000 
0.000000 
0.000000 
0.000000 
0.000000 
0.000000 
0.000000 
0.000000 
0.000000 
0.000000 
0.000000 
0.000000 
0.000000 
0.000000 
0.000000 
0.000000 
0.000000 
0.000000 
0.000000 
0.000000 
0.000000 
0.000000 
0.000000 
0.000000 
0.000000 
0.000000 
0.000000 
0.000000 
0.000000 
0.000000 
0.000000 
0.000000 
0.000000 
0.000000 
0.000000 
0.000000 
0.000000 
0.000000 
0.000000 
0.000000 
0.000000 
0.000000 
0.000000 
0.000000 
0.000000 
