0.000000 
0.000000 
0.000000 
0.000000 
0.000000 
0.000000 
0.000000 
0.000000 
0.000000 
0.000000 
0.000000 
0.000000 
0.000000 
0.000000 
0.000000 
0.000000 
0.000000 
0.000000 
0.000000 
0.000000 
0.000000 
0.000000 
0.000000 
0.000000 
0.000000 
0.000000 
0.000000 
0.000000 
0.000000 
0.000000 
0.000000 
0.000000 
0.000000 
0.000000 
0.000000 
0.000000 
0.000000 
0.000000 
0.000000 
0.000000 
0.000000 
0.000000 
0.000000 
0.000000 
0.000000 
0.000000 
0.000000 
0.000000 
0.000000 
0.000000 
0.000000 
0.000000 
0.000000 
0.000000 
0.000000 
0.000000 
0.000000 
0.000000 
0.000000 
0.000000 
0.000000 
0.000000 
0.000000 
0.000000 
0.000000 
0.000000 
0.000000 
0.000000 
0.000000 
0.000000 
0.000000 
0.000000 
0.000000 
0.000000 
0.000000 
0.000000 
0.000000 
0.000000 
0.000000 
0.000000 
0.000000 
0.000000 
0.000000 
0.000000 
0.000000 
0.000000 
0.000000 
0.000000 
0.000000 
0.000000 
0.000000 
0.000000 
0.000000 
0.000000 
0.000000 
0.000000 
0.000000 
0.000000 
0.000000 
0.000000 
0.000000 
0.000000 
0.000000 
0.000000 
0.000000 
0.000000 
0.000000 
0.000000 
0.000000 
0.000000 
0.000000 
0.000000 
0.000000 
0.000000 
0.000000 
0.000000 
0.000000 
0.000000 
0.000000 
0.000000 
0.000000 
0.000000 
0.000000 
0.000000 
0.000000 
0.000000 
0.000000 
0.000000 
0.000000 
0.000000 
0.000000 
0.000000 
0.000000 
0.000000 
0.000000 
0.000000 
0.000000 
0.000000 
0.000000 
0.000000 
0.000000 
0.000000 
0.000000 
0.000000 
0.000000 
0.000000 
0.000000 
0.000000 
0.000000 
0.000000 
0.000000 
0.000000 
0.000000 
0.000000 
0.000000 
0.000000 
0.000000 
0.000000 
0.000000 
0.000000 
0.000000 
0.000000 
0.000000 
0.000000 
0.000000 
0.000000 
0.000000 
0.000000 
0.000000 
0.000000 
0.000000 
0.000000 
0.000000 
0.000000 
0.000000 
0.000000 
0.000000 
0.000000 
0.000000 
0.000000 
0.000000 
0.000000 
0.000000 
0.000000 
0.000000 
0.000000 
0.000000 
0.000000 
0.000000 
0.000000 
0.000000 
0.000000 
0.000000 
0.000000 
0.000000 
0.000000 
0.000000 
0.000000 
0.000000 
0.000000 
0.000000 
0.000000 
0.000000 
0.000000 
0.000000 
0.000000 
0.000000 
0.000000 
0.000000 
0.000000 
0.000000 
0.000000 
0.000000 
0.000000 
0.000000 
0.000000 
0.000000 
0.000000 
0.000000 
0.000000 
0.000000 
0.000000 
0.000000 
0.000000 
0.000000 
0.000000 
0.000000 
0.000000 
0.000000 
0.000000 
0.000000 
0.000000 
0.000000 
0.000000 
0.000000 
0.000000 
0.000000 
0.000000 
0.000000 
0.000000 
0.000000 
0.000000 
0.000000 
0.000000 
0.000000 
0.000000 
0.000000 
0.000000 
0.000000 
0.000000 
0.000000 
0.000000 
0.000000 
0.000000 
0.000000 
0.000000 
0.000000 
0.000000 
0.000000 
0.000000 
0.000000 
0.000000 
0.000000 
0.000000 
0.000000 
0.000000 
0.000000 
0.000000 
0.000000 
0.000000 
0.000000 
0.000000 
0.000000 
0.000000 
0.000000 
0.000000 
0.000000 
0.000000 
0.000000 
0.000000 
0.000000 
0.000000 
0.000000 
0.000000 
0.000000 
0.000000 
0.000000 
0.000000 
0.000000 
0.000000 
0.000000 
0.000000 
0.000000 
0.000000 
0.000000 
0.000000 
0.000000 
0.000000 
0.000000 
0.000000 
0.000000 
0.000000 
0.000000 
0.000000 
0.000000 
0.000000 
0.000000 
0.000000 
0.000000 
0.000000 
0.000000 
0.000000 
0.000000 
0.000000 
0.000000 
0.000000 
0.000000 
0.000000 
0.000000 
0.000000 
0.000000 
0.000000 
0.000000 
0.000000 
0.000000 
0.000000 
0.000000 
0.000000 
0.000000 
0.000000 
0.000000 
0.000000 
0.000000 
0.000000 
0.000000 
0.000000 
0.000000 
0.000000 
0.000000 
0.000000 
0.000000 
0.000000 
0.000000 
0.000000 
0.000000 
0.000000 
0.000000 
0.000000 
0.000000 
0.000000 
0.000000 
0.000000 
0.000000 
0.000000 
0.000000 
0.000000 
0.000000 
0.000000 
0.000000 
0.000000 
0.000000 
0.000000 
0.000000 
0.000000 
0.000000 
0.000000 
0.000000 
0.000000 
0.000000 
0.000000 
0.000000 
0.000000 
0.000000 
0.000000 
0.000000 
0.000000 
0.000000 
0.000000 
0.000000 
0.000000 
0.000000 
0.000000 
0.000000 
0.000000 
0.000000 
0.000000 
0.000000 
0.000000 
0.000000 
0.000000 
0.000000 
0.000000 
0.000000 
0.000000 
0.000000 
0.000000 
0.000000 
0.000000 
0.000000 
0.000000 
0.000000 
0.000000 
0.000000 
0.000000 
0.000000 
0.000000 
0.000000 
0.000000 
0.000000 
0.000000 
0.000000 
0.000000 
0.000000 
0.000000 
0.000000 
0.000000 
0.000000 
0.000000 
0.000000 
0.000000 
0.000000 
0.006004 
0.021038 
0.026802 
0.034468 
0.034213 
0.031900 
0.023984 
0.027464 
0.025413 
0.028857 
0.037536 
0.055249 
0.069570 
0.084879 
0.098085 
0.121504 
0.098732 
0.134751 
0.129264 
0.142548 
0.153173 
0.137198 
0.128301 
0.147444 
0.147015 
0.201369 
0.183883 
0.203001 
0.220493 
0.219852 
0.214141 
0.201399 
0.163067 
0.207978 
0.243196 
0.258761 
0.283894 
0.226386 
0.284958 
0.294639 
0.211382 
0.204575 
0.162367 
0.112772 
0.086452 
0.003569 
0.000000 
0.000000 
0.000000 
0.000000 
0.000000 
0.028360 
0.100510 
0.151722 
0.159225 
0.177926 
0.184630 
0.200070 
0.175908 
0.228373 
0.227440 
0.213624 
0.214652 
0.190110 
0.193842 
0.180266 
0.192292 
0.205107 
0.177493 
0.210482 
0.230187 
0.207657 
0.189206 
0.218505 
0.239636 
0.257358 
0.231081 
0.220264 
0.215306 
0.247991 
0.179656 
0.149641 
0.132951 
0.122447 
0.143816 
0.177958 
0.232813 
0.285425 
0.287111 
0.278208 
0.216693 
0.111191 
0.013056 
0.000000 
0.000000 
0.000000 
0.000000 
0.000000 
0.000000 
0.000000 
0.000000 
0.000000 
0.012439 
0.082873 
0.135741 
0.189312 
0.279584 
0.273200 
0.347536 
0.326474 
0.347229 
0.300334 
0.299590 
0.304239 
0.352781 
0.351879 
0.318390 
0.350745 
0.352362 
0.348246 
0.371445 
0.367897 
0.451796 
0.400996 
0.351309 
0.377816 
0.368639 
0.330528 
0.373540 
0.421992 
0.404752 
0.322003 
0.333643 
0.410682 
0.388979 
0.350326 
0.391956 
0.411495 
0.445576 
0.380564 
0.397567 
0.368358 
0.403816 
0.457077 
0.366345 
0.405455 
0.399347 
0.361119 
0.433733 
0.375542 
0.357377 
0.328947 
0.487755 
0.444618 
0.419490 
0.415236 
0.444314 
0.500915 
0.466271 
0.457522 
0.430382 
0.388219 
0.418925 
0.445438 
0.498152 
0.413621 
0.431389 
0.428552 
0.478490 
0.466408 
0.436335 
0.479711 
0.468677 
0.551419 
0.616148 
0.403615 
0.269255 
0.166026 
0.143375 
0.162483 
0.169912 
0.187749 
0.247416 
0.261767 
0.320063 
0.379772 
0.494460 
0.604841 
0.497898 
0.521153 
0.568495 
0.565672 
0.518983 
0.435677 
0.399238 
0.373589 
0.222015 
0.228633 
0.195182 
0.144103 
0.095102 
0.086810 
0.045067 
0.041638 
0.092430 
0.256858 
0.391631 
0.479491 
0.538263 
0.571532 
0.647206 
0.523298 
0.471970 
0.487773 
0.448217 
0.411216 
0.264221 
0.201993 
0.187292 
0.222438 
0.279100 
0.505133 
0.579923 
0.618027 
0.629303 
0.625066 
0.670065 
0.574953 
0.459115 
0.520886 
0.544442 
0.406443 
0.422639 
0.434176 
0.435024 
0.568931 
0.483442 
0.593039 
0.747006 
0.531904 
0.480112 
0.298474 
0.370616 
0.284708 
0.173770 
0.082324 
0.000000 
0.000000 
0.000000 
0.000000 
0.000000 
0.000000 
0.000000 
0.000000 
0.000000 
0.002069 
0.161672 
0.220679 
0.442620 
0.430490 
0.471100 
0.624329 
0.566199 
0.584031 
0.594439 
0.567165 
0.592395 
0.464464 
0.586312 
0.630627 
0.590923 
0.557116 
0.533867 
0.617671 
0.612548 
0.600952 
0.574576 
0.535149 
0.604787 
0.615695 
0.566675 
0.513085 
0.567203 
0.446616 
0.431849 
0.277299 
0.091858 
0.000000 
0.000000 
0.000000 
0.000000 
0.000000 
0.024916 
0.062090 
0.092825 
0.133157 
0.164552 
0.198178 
0.177519 
0.168222 
0.108896 
0.069761 
0.003842 
0.000000 
0.004421 
0.064854 
0.139275 
0.178120 
0.280772 
0.252628 
0.395610 
0.369447 
0.418200 
0.463650 
0.420943 
0.301632 
0.162811 
0.064816 
0.019857 
0.020854 
0.030424 
0.043935 
0.048177 
0.041095 
0.048602 
0.027552 
0.013352 
0.000741 
0.000000 
0.003294 
0.020738 
0.042498 
0.074468 
0.116482 
0.150104 
0.137237 
0.168480 
0.177882 
0.232259 
0.340862 
0.415386 
0.521903 
0.477499 
0.560513 
0.586630 
0.506505 
0.510988 
0.489147 
0.482488 
0.388820 
0.310704 
0.136711 
0.048922 
0.000000 
0.000000 
0.000000 
0.000000 
0.000000 
0.000000 
0.000000 
0.000000 
0.048826 
0.109996 
0.218614 
0.296508 
0.470659 
0.550679 
0.712002 
0.745768 
0.654430 
0.752926 
0.617365 
0.656043 
0.642943 
0.522736 
0.577013 
0.586938 
0.523312 
0.532712 
0.610091 
0.456470 
0.563173 
0.652264 
0.547364 
0.620114 
0.625939 
0.497518 
0.590791 
0.476020 
0.524985 
0.472288 
0.540900 
0.614474 
0.701240 
0.600177 
0.634327 
0.707018 
0.636851 
0.601733 
0.534915 
0.693873 
0.523808 
0.635276 
0.603042 
0.463750 
0.352276 
0.416620 
0.375125 
0.406678 
0.365944 
0.438062 
0.570789 
0.555622 
0.496051 
0.546849 
0.592956 
0.549029 
0.549128 
0.527152 
0.573347 
0.638188 
0.574485 
0.579959 
0.534361 
0.523602 
0.427282 
0.519990 
0.594516 
0.539902 
0.500629 
0.516842 
0.451043 
0.396961 
0.293421 
0.351027 
0.287047 
0.281684 
0.220955 
0.260329 
0.250843 
0.280365 
0.419226 
0.533281 
0.509159 
0.475922 
0.528860 
0.573458 
0.547510 
0.515164 
0.541491 
0.447882 
0.384736 
0.517606 
0.530094 
0.428572 
0.513374 
0.503987 
0.531066 
0.588086 
0.511688 
0.485685 
0.463061 
0.479176 
0.433494 
0.499654 
0.420750 
0.352847 
0.473250 
0.364494 
0.318011 
0.344552 
0.299371 
0.297520 
0.280735 
0.347941 
0.321543 
0.419147 
0.406399 
0.412585 
0.370199 
0.429788 
0.453446 
0.363682 
0.434258 
0.412846 
0.220897 
0.173524 
0.080486 
0.020862 
0.005432 
0.000000 
0.000000 
0.000000 
0.000000 
0.000000 
0.000000 
0.000000 
0.000000 
0.000000 
0.000000 
0.000000 
0.000000 
0.000000 
0.015172 
0.040608 
0.071929 
0.108206 
0.171915 
0.225787 
0.285739 
0.346325 
0.397806 
0.343453 
0.454499 
0.418968 
0.387267 
0.331664 
0.257949 
0.268418 
0.273114 
0.259978 
0.232643 
0.166924 
0.161574 
0.151843 
0.118989 
0.147813 
0.125002 
0.114621 
0.120869 
0.146632 
0.136531 
0.175264 
0.203022 
0.269718 
0.323693 
0.347021 
0.387273 
0.415693 
0.484853 
0.412909 
0.399641 
0.389002 
0.401910 
0.420656 
0.385437 
0.276281 
0.304534 
0.295437 
0.213560 
0.184704 
0.228388 
0.160916 
0.216594 
0.216763 
0.230158 
0.226455 
0.233749 
0.227884 
0.292461 
0.224941 
0.329849 
0.327140 
0.321879 
0.339816 
0.316582 
0.278936 
0.333847 
0.294378 
0.267075 
0.272658 
0.199411 
0.184043 
0.177939 
0.173356 
0.194033 
0.303014 
0.292859 
0.257817 
0.278251 
0.246940 
0.167890 
0.133305 
0.109924 
0.115968 
0.119372 
0.150208 
0.123284 
0.163066 
0.147359 
0.136026 
0.149966 
0.154995 
0.139164 
0.115849 
0.142976 
0.135754 
0.149248 
0.103507 
0.100904 
0.103380 
0.089575 
0.077878 
0.075230 
0.066302 
0.050289 
0.040290 
0.032991 
0.022223 
0.015328 
0.008353 
0.000479 
0.000000 
0.000000 
0.000000 
0.000000 
0.000000 
0.000000 
0.000000 
0.000000 
0.000000 
0.000000 
0.000000 
0.000000 
0.000000 
0.000000 
0.000000 
0.000000 
0.000000 
0.000000 
0.000000 
0.000000 
0.000000 
0.000000 
0.000000 
0.000000 
0.000000 
0.000000 
0.000000 
0.000000 
0.000000 
0.000000 
0.002119 
0.005204 
0.009286 
0.014292 
0.017689 
0.016855 
0.023061 
0.024531 
0.030639 
0.027211 
0.026465 
0.028745 
0.023634 
0.023566 
0.017775 
0.025472 
0.024429 
0.030124 
0.030143 
0.044726 
0.055282 
0.063799 
0.054488 
0.067515 
0.057933 
0.065539 
0.084380 
0.111687 
0.138196 
0.166241 
0.236149 
0.256831 
0.202933 
0.170008 
0.225601 
0.219393 
0.171185 
0.164076 
0.141177 
0.121024 
0.107762 
0.073486 
0.085128 
0.083858 
0.076414 
0.092807 
0.070829 
0.071309 
0.052812 
0.040563 
0.029003 
0.015939 
0.011325 
0.008687 
0.003298 
0.000195 
0.000000 
0.000000 
0.000000 
0.000000 
0.000000 
0.000000 
0.000000 
0.000000 
0.000000 
0.000000 
0.000263 
0.000000 
0.000000 
0.000000 
0.000000 
0.000000 
0.000000 
0.000000 
0.000000 
0.000000 
0.000000 
0.000000 
0.000000 
0.000000 
0.001108 
0.002033 
0.001492 
0.000000 
0.000000 
0.000000 
0.000000 
0.000000 
0.000000 
0.000000 
0.000000 
0.000000 
0.000000 
0.000000 
0.000000 
0.000000 
0.000000 
0.000000 
0.000000 
0.000000 
0.000000 
0.000000 
0.000000 
0.000000 
0.000000 
0.000000 
0.000000 
0.000000 
0.000000 
0.000000 
0.000000 
0.000000 
0.000000 
0.000000 
0.000000 
0.000000 
0.000000 
0.000000 
0.000000 
0.000000 
0.000000 
0.000000 
0.000000 
0.000000 
0.000000 
0.000000 
0.000000 
0.000000 
0.000000 
0.000000 
0.000000 
0.000000 
0.000000 
0.000000 
0.000000 
0.000000 
0.000000 
0.000000 
0.000000 
0.000000 
0.000000 
0.000000 
0.000000 
0.000000 
0.000000 
0.000000 
0.000000 
0.000000 
0.000000 
0.000000 
0.000000 
0.000000 
0.000000 
0.000000 
0.000000 
0.000000 
0.000000 
0.000000 
0.000000 
0.000000 
0.000000 
0.000000 
0.000000 
0.000000 
0.000000 
0.000000 
0.000000 
0.000000 
0.000000 
0.000000 
0.000000 
0.000000 
0.000000 
0.000000 
0.000000 
0.000000 
0.000000 
0.000000 
0.000000 
0.000000 
0.000000 
0.000000 
0.000000 
0.000000 
0.000000 
0.000000 
0.000000 
0.000000 
0.000000 
0.000000 
0.000000 
0.000000 
0.000000 
0.000000 
0.000000 
0.000000 
0.000000 
0.000000 
0.000000 
0.000000 
0.000000 
0.000000 
0.000000 
0.000000 
0.000000 
0.000000 
0.000000 
0.000000 
0.000000 
0.000000 
0.000000 
0.000000 
0.000000 
0.000000 
0.000000 
0.000000 
0.000000 
0.000000 
0.000000 
0.000000 
0.000000 
0.000000 
0.000000 
0.000000 
0.000000 
0.000000 
0.000000 
0.000000 
0.000000 
0.000000 
0.000000 
0.000000 
0.000000 
0.000000 
0.000000 
0.000000 
0.000000 
0.000000 
0.000000 
0.000000 
0.000000 
0.000000 
0.000000 
0.000000 
0.000000 
0.000000 
0.000000 
0.000000 
0.000000 
0.000000 
0.000000 
0.000000 
0.000000 
0.000000 
0.000000 
0.000000 
0.000000 
0.000000 
0.000000 
0.000000 
0.000000 
0.000000 
0.000000 
0.000000 
0.000000 
0.000000 
0.000000 
0.000000 
0.000000 
0.000000 
0.000000 
0.000000 
0.000000 
0.000000 
0.000000 
0.000000 
0.000000 
0.000000 
0.000000 
0.000000 
0.000000 
0.000000 
0.000000 
0.000000 
0.000000 
0.000000 
0.000000 
0.000000 
0.000000 
0.000000 
0.000000 
0.000000 
0.000000 
0.000000 
0.000000 
0.000000 
0.000000 
0.000000 
0.000000 
0.000000 
0.000000 
0.000000 
0.000000 
0.000000 
0.000000 
0.000000 
0.000000 
0.000000 
0.000000 
0.000000 
0.000000 
0.000000 
0.000000 
0.000000 
0.000000 
0.000000 
0.000000 
0.000000 
0.000000 
0.000000 
0.000000 
0.000000 
0.000000 
0.000000 
0.000000 
0.000000 
0.000000 
0.000000 
0.000000 
0.000000 
0.000000 
0.000000 
0.000000 
0.000000 
0.000000 
0.000000 
0.000000 
0.000000 
0.000000 
0.000000 
0.000000 
0.000000 
0.000000 
0.000000 
0.000000 
0.000000 
0.000000 
0.000000 
0.000000 
0.000000 
0.000000 
0.000000 
0.000000 
0.000000 
0.000000 
0.000000 
0.000000 
0.000000 
0.000000 
0.000000 
0.000000 
0.000000 
0.000000 
0.000000 
0.000000 
0.000000 
0.000000 
0.000000 
0.000000 
0.000000 
0.000000 
0.000000 
0.000000 
0.000000 
0.000000 
0.000000 
0.000000 
