0.000000 
0.000000 
0.000000 
0.000000 
0.000000 
0.000000 
0.000000 
0.000000 
0.000000 
0.000000 
0.000000 
0.000000 
0.000000 
0.000000 
0.000000 
0.000000 
0.000000 
0.000000 
0.000000 
0.000000 
0.000000 
0.000000 
0.000000 
0.000000 
0.000000 
0.000000 
0.000000 
0.000000 
0.000000 
0.000000 
0.000000 
0.000000 
0.000000 
0.000000 
0.000000 
0.000000 
0.000000 
0.000000 
0.000000 
0.000000 
0.000000 
0.000000 
0.000000 
0.000000 
0.000000 
0.000000 
0.000000 
0.000000 
0.000000 
0.000000 
0.000000 
0.000000 
0.000000 
0.000000 
0.000000 
0.000000 
0.000000 
0.000000 
0.000000 
0.000000 
0.000000 
0.000000 
0.000000 
0.000000 
0.000000 
0.000000 
0.000000 
0.000000 
0.000000 
0.000000 
0.000000 
0.000000 
0.000000 
0.000000 
0.000000 
0.000000 
0.000000 
0.000000 
0.000000 
0.000000 
0.000000 
0.000000 
0.000000 
0.000000 
0.000000 
0.000000 
0.000000 
0.000000 
0.000000 
0.000000 
0.000000 
0.000000 
0.000000 
0.000000 
0.000000 
0.000000 
0.000000 
0.000000 
0.000000 
0.000000 
0.000000 
0.000000 
0.000000 
0.000000 
0.000000 
0.000000 
0.000000 
0.000000 
0.000000 
0.000000 
0.000000 
0.000000 
0.000000 
0.000000 
0.000000 
0.000000 
0.000000 
0.000000 
0.000000 
0.000000 
0.000000 
0.000000 
0.000000 
0.000000 
0.000000 
0.000000 
0.000000 
0.000000 
0.000000 
0.000000 
0.000000 
0.000000 
0.000000 
0.000000 
0.000000 
0.000000 
0.000000 
0.000000 
0.000000 
0.000000 
0.000000 
0.000000 
0.000000 
0.000000 
0.000000 
0.000000 
0.000000 
0.000000 
0.000000 
0.000000 
0.000000 
0.000000 
0.000000 
0.000000 
0.000000 
0.000000 
0.000000 
0.000000 
0.000000 
0.000000 
0.000000 
0.000000 
0.000000 
0.000000 
0.000000 
0.000000 
0.000000 
0.000000 
0.000000 
0.000000 
0.000000 
0.000000 
0.000000 
0.000000 
0.000000 
0.000000 
0.000000 
0.000000 
0.000000 
0.000000 
0.000000 
0.000000 
0.000000 
0.000000 
0.000000 
0.000000 
0.000000 
0.000000 
0.000000 
0.000000 
0.000000 
0.000000 
0.000000 
0.000000 
0.000000 
0.000000 
0.000000 
0.000000 
0.000000 
0.000000 
0.000000 
0.000000 
0.000000 
0.000000 
0.000000 
0.000000 
0.000000 
0.000000 
0.000000 
0.000000 
0.000000 
0.000000 
0.000000 
0.000000 
0.000000 
0.000000 
0.000000 
0.000000 
0.000000 
0.000000 
0.000000 
0.000000 
0.000000 
0.000000 
0.000000 
0.000000 
0.000000 
0.000000 
0.000000 
0.000000 
0.000000 
0.000000 
0.000000 
0.000000 
0.000000 
0.000000 
0.000000 
0.000000 
0.000000 
0.000000 
0.000000 
0.000000 
0.000000 
0.000000 
0.000000 
0.000000 
0.000000 
0.000000 
0.000000 
0.000000 
0.000000 
0.000000 
0.000000 
0.000000 
0.000000 
0.000000 
0.000000 
0.000000 
0.000000 
0.000000 
0.000000 
0.000000 
0.000000 
0.000000 
0.000000 
0.000000 
0.000000 
0.000000 
0.000000 
0.000000 
0.000000 
0.000000 
0.000000 
0.000000 
0.000000 
0.000000 
0.000000 
0.000000 
0.000000 
0.000000 
0.000000 
0.000000 
0.000000 
0.000000 
0.000000 
0.000000 
0.000000 
0.000000 
0.000000 
0.000000 
0.000000 
0.000000 
0.000000 
0.000000 
0.000000 
0.000000 
0.000000 
0.000000 
0.000000 
0.000000 
0.000000 
0.000000 
0.000000 
0.000000 
0.000000 
0.000000 
0.000000 
0.000000 
0.000000 
0.000000 
0.000000 
0.000000 
0.000000 
0.000000 
0.000000 
0.000000 
0.000000 
0.000000 
0.000000 
0.000000 
0.000000 
0.000000 
0.000000 
0.000000 
0.000000 
0.000000 
0.000000 
0.000000 
0.000000 
0.000000 
0.000000 
0.000000 
0.000000 
0.000000 
0.000000 
0.000000 
0.000000 
0.000000 
0.000000 
0.000000 
0.000000 
0.000000 
0.000000 
0.000000 
0.000000 
0.000000 
0.000000 
0.000000 
0.000000 
0.000000 
0.000000 
0.000000 
0.000000 
0.000000 
0.000000 
0.000000 
0.000000 
0.000000 
0.000000 
0.000000 
0.000000 
0.000000 
0.000000 
0.000000 
0.000000 
0.000000 
0.000000 
0.000000 
0.000000 
0.000000 
0.000000 
0.000000 
0.000000 
0.000000 
0.000000 
0.000000 
0.000000 
0.000000 
0.000000 
0.000000 
0.000000 
0.000000 
0.000000 
0.000000 
0.000000 
0.000000 
0.000000 
0.000000 
0.000000 
0.000000 
0.000000 
0.000000 
0.000000 
0.000000 
0.000000 
0.000000 
0.000000 
0.000000 
0.000000 
0.000000 
0.000000 
0.000000 
0.000000 
0.000000 
0.000000 
0.000000 
0.000000 
0.000000 
0.000000 
0.000000 
0.000000 
0.000000 
0.000000 
0.000000 
0.000000 
0.000000 
0.000000 
0.000000 
0.000000 
0.000000 
0.000000 
0.006086 
0.019838 
0.023435 
0.031472 
0.031488 
0.026623 
0.027117 
0.024912 
0.021999 
0.025299 
0.035816 
0.048144 
0.075140 
0.094276 
0.091899 
0.092408 
0.111070 
0.110633 
0.122906 
0.100941 
0.152301 
0.165705 
0.167526 
0.159472 
0.181279 
0.190420 
0.166190 
0.225271 
0.215947 
0.197133 
0.219082 
0.166967 
0.171257 
0.210352 
0.171005 
0.230552 
0.295782 
0.264316 
0.233616 
0.278026 
0.236633 
0.213269 
0.151630 
0.144228 
0.084673 
0.002705 
0.000000 
0.000000 
0.000000 
0.000000 
0.000000 
0.020126 
0.104913 
0.142838 
0.185073 
0.179035 
0.181460 
0.223011 
0.189795 
0.187189 
0.172943 
0.203829 
0.225551 
0.207094 
0.241951 
0.192519 
0.255584 
0.218898 
0.224168 
0.165787 
0.189342 
0.216708 
0.209473 
0.216986 
0.204121 
0.232708 
0.185509 
0.273989 
0.208497 
0.206371 
0.193791 
0.133916 
0.159678 
0.124497 
0.152818 
0.170721 
0.202747 
0.232816 
0.289133 
0.200886 
0.185243 
0.102578 
0.013115 
0.000000 
0.000000 
0.000000 
0.000000 
0.000000 
0.000000 
0.000000 
0.000000 
0.000000 
0.016118 
0.086688 
0.168414 
0.210143 
0.298926 
0.270724 
0.284890 
0.342354 
0.325480 
0.306329 
0.363478 
0.329283 
0.336241 
0.268802 
0.328918 
0.350251 
0.349736 
0.338648 
0.349394 
0.326363 
0.352244 
0.406612 
0.361528 
0.356572 
0.400243 
0.356516 
0.361518 
0.348783 
0.377265 
0.381464 
0.308401 
0.350739 
0.349062 
0.379903 
0.367888 
0.362816 
0.399068 
0.377307 
0.370278 
0.420756 
0.385825 
0.382129 
0.433041 
0.414185 
0.419265 
0.429540 
0.386376 
0.407646 
0.401932 
0.425846 
0.449355 
0.335294 
0.411149 
0.425500 
0.439285 
0.446122 
0.488935 
0.503801 
0.434197 
0.462644 
0.399051 
0.502999 
0.410568 
0.343258 
0.383621 
0.476446 
0.424555 
0.389567 
0.393250 
0.413628 
0.487207 
0.465417 
0.381742 
0.337308 
0.287272 
0.149144 
0.135439 
0.140557 
0.151387 
0.151202 
0.206111 
0.278742 
0.289860 
0.396359 
0.525481 
0.645749 
0.493277 
0.452859 
0.550760 
0.485530 
0.513630 
0.402799 
0.396431 
0.379889 
0.273284 
0.213732 
0.207796 
0.142894 
0.115857 
0.071213 
0.049082 
0.046606 
0.080493 
0.225971 
0.443812 
0.576579 
0.589035 
0.527896 
0.511310 
0.467946 
0.535107 
0.490158 
0.445966 
0.347725 
0.302718 
0.251184 
0.198211 
0.220071 
0.297627 
0.450269 
0.486375 
0.551179 
0.589208 
0.541688 
0.452818 
0.512239 
0.508883 
0.492867 
0.459725 
0.474566 
0.405721 
0.376697 
0.408609 
0.524475 
0.572938 
0.475359 
0.652585 
0.601308 
0.537959 
0.422490 
0.269755 
0.299902 
0.193187 
0.084272 
0.000000 
0.000000 
0.000000 
0.000000 
0.000000 
0.000000 
0.000000 
0.000000 
0.000000 
0.001997 
0.143043 
0.345950 
0.448436 
0.450688 
0.535506 
0.495372 
0.488566 
0.623531 
0.578579 
0.597351 
0.605860 
0.482834 
0.616824 
0.640789 
0.577493 
0.671859 
0.533064 
0.505202 
0.621032 
0.532111 
0.644067 
0.597049 
0.570065 
0.663473 
0.541471 
0.599765 
0.453354 
0.512954 
0.384317 
0.266476 
0.106537 
0.000000 
0.000000 
0.000000 
0.000000 
0.000000 
0.026302 
0.062381 
0.101666 
0.115017 
0.154708 
0.193396 
0.179307 
0.177958 
0.132488 
0.058763 
0.004391 
0.000000 
0.004325 
0.056720 
0.129661 
0.232453 
0.255504 
0.299069 
0.313631 
0.370189 
0.371227 
0.488478 
0.355932 
0.299848 
0.192836 
0.052345 
0.023921 
0.025940 
0.027782 
0.036352 
0.048371 
0.042178 
0.049053 
0.028838 
0.013525 
0.000651 
0.000000 
0.002453 
0.019290 
0.044286 
0.071107 
0.085174 
0.121936 
0.149859 
0.198534 
0.203353 
0.247280 
0.314555 
0.370467 
0.517131 
0.580383 
0.634051 
0.554212 
0.497429 
0.566704 
0.463910 
0.507653 
0.388014 
0.285516 
0.136832 
0.042041 
0.000000 
0.000000 
0.000000 
0.000000 
0.000000 
0.000000 
0.000000 
0.000000 
0.052353 
0.116083 
0.201293 
0.332209 
0.468713 
0.561575 
0.613864 
0.598617 
0.699596 
0.802018 
0.682975 
0.689233 
0.580282 
0.695269 
0.608163 
0.521675 
0.574384 
0.601622 
0.572545 
0.644959 
0.537726 
0.555159 
0.572214 
0.529889 
0.570198 
0.522014 
0.570966 
0.730124 
0.624649 
0.554949 
0.526504 
0.637089 
0.620205 
0.578609 
0.651518 
0.616793 
0.686340 
0.540562 
0.682145 
0.766555 
0.527648 
0.706882 
0.557347 
0.542614 
0.465221 
0.498161 
0.336160 
0.326629 
0.371335 
0.465120 
0.446439 
0.511247 
0.489485 
0.564094 
0.522305 
0.556080 
0.634798 
0.588913 
0.575298 
0.557525 
0.634967 
0.501898 
0.475857 
0.577053 
0.451407 
0.536967 
0.563354 
0.559525 
0.551561 
0.442094 
0.412798 
0.410717 
0.346668 
0.339256 
0.270747 
0.220834 
0.264684 
0.204939 
0.264400 
0.346961 
0.378307 
0.475941 
0.581078 
0.442496 
0.494963 
0.460354 
0.561880 
0.474115 
0.547992 
0.539628 
0.406937 
0.431749 
0.538733 
0.437182 
0.429010 
0.568251 
0.489251 
0.587155 
0.582096 
0.574163 
0.410436 
0.448416 
0.430387 
0.405459 
0.432805 
0.384719 
0.414254 
0.368503 
0.337375 
0.392636 
0.352390 
0.354883 
0.299099 
0.351230 
0.328807 
0.366484 
0.473521 
0.460542 
0.375473 
0.489778 
0.401446 
0.416131 
0.427682 
0.355367 
0.255812 
0.163948 
0.064615 
0.020879 
0.005405 
0.000000 
0.000000 
0.000000 
0.000000 
0.000000 
0.000000 
0.000000 
0.000000 
0.000000 
0.000000 
0.000000 
0.000000 
0.000000 
0.010964 
0.034466 
0.065978 
0.101165 
0.173829 
0.221501 
0.248783 
0.268127 
0.415416 
0.453282 
0.440810 
0.383335 
0.398095 
0.306625 
0.334080 
0.318887 
0.293811 
0.243321 
0.196499 
0.161994 
0.169814 
0.144248 
0.114129 
0.108366 
0.126808 
0.118402 
0.134978 
0.120584 
0.134488 
0.183065 
0.219684 
0.243938 
0.299555 
0.356565 
0.430538 
0.364842 
0.436938 
0.451696 
0.391611 
0.464608 
0.364313 
0.361968 
0.353812 
0.339579 
0.305831 
0.256048 
0.211606 
0.221360 
0.202657 
0.219316 
0.191522 
0.204362 
0.217172 
0.247633 
0.216540 
0.276518 
0.200337 
0.255040 
0.242512 
0.276057 
0.312408 
0.324881 
0.300459 
0.350568 
0.346076 
0.313750 
0.314381 
0.287748 
0.230275 
0.191615 
0.172310 
0.207359 
0.208871 
0.267614 
0.272030 
0.249798 
0.311503 
0.243610 
0.161292 
0.127856 
0.113048 
0.124916 
0.127461 
0.137728 
0.148844 
0.139492 
0.141757 
0.152884 
0.143984 
0.141058 
0.137445 
0.162110 
0.126877 
0.096193 
0.129006 
0.111662 
0.097496 
0.098893 
0.094066 
0.082465 
0.080958 
0.056175 
0.049285 
0.041730 
0.032520 
0.023822 
0.012683 
0.007832 
0.000517 
0.000000 
0.000000 
0.000000 
0.000000 
0.000000 
0.000000 
0.000000 
0.000000 
0.000000 
0.000000 
0.000000 
0.000000 
0.000000 
0.000000 
0.000000 
0.000000 
0.000000 
0.000000 
0.000000 
0.000000 
0.000000 
0.000000 
0.000000 
0.000000 
0.000000 
0.000000 
0.000000 
0.000000 
0.000000 
0.000000 
0.002254 
0.005156 
0.009552 
0.013027 
0.016522 
0.018239 
0.021094 
0.025490 
0.027522 
0.025173 
0.028361 
0.021597 
0.025220 
0.025178 
0.030554 
0.022355 
0.020346 
0.023490 
0.035795 
0.047515 
0.053707 
0.061342 
0.082330 
0.070900 
0.055424 
0.080832 
0.073031 
0.093420 
0.146284 
0.166313 
0.186976 
0.258114 
0.233690 
0.182444 
0.200940 
0.192319 
0.205162 
0.168090 
0.150372 
0.115252 
0.088424 
0.074085 
0.062034 
0.075290 
0.067285 
0.076868 
0.071935 
0.051574 
0.048609 
0.037504 
0.026970 
0.012985 
0.008834 
0.004043 
0.000000 
0.000000 
0.000000 
0.000000 
0.000000 
0.000000 
0.000000 
0.000000 
0.000000 
0.000000 
0.000000 
0.000000 
0.000000 
0.000000 
0.000000 
0.000000 
0.000000 
0.000000 
0.000000 
0.000000 
0.000000 
0.000000 
0.000000 
0.000000 
0.000000 
0.000000 
0.000000 
0.000000 
0.000000 
0.000000 
0.000000 
0.000000 
0.000000 
0.000000 
0.000000 
0.000000 
0.000000 
0.000000 
0.000000 
0.000000 
0.000000 
0.000000 
0.000000 
0.000000 
0.000000 
0.000000 
0.000000 
0.000000 
0.000000 
0.000000 
0.000000 
0.000000 
0.000000 
0.000000 
0.000000 
0.000000 
0.000000 
0.000000 
0.000000 
0.000000 
0.000000 
0.000000 
0.000000 
0.000000 
0.000000 
0.000000 
0.000000 
0.000000 
0.000000 
0.000000 
0.000000 
0.000000 
0.000000 
0.000000 
0.000000 
0.000000 
0.000000 
0.000000 
0.000000 
0.000000 
0.000000 
0.000000 
0.000000 
0.000000 
0.000000 
0.000000 
0.000000 
0.000000 
0.000000 
0.000000 
0.000000 
0.000000 
0.000000 
0.000000 
0.000000 
0.000000 
0.000000 
0.000000 
0.000000 
0.000000 
0.000000 
0.000000 
0.000000 
0.000000 
0.000000 
0.000000 
0.000000 
0.000000 
0.000000 
0.000000 
0.000000 
0.000000 
0.000000 
0.000000 
0.000000 
0.000000 
0.000000 
0.000000 
0.000000 
0.000000 
0.000000 
0.000000 
0.000000 
0.000000 
0.000000 
0.000000 
0.000000 
0.000000 
0.000000 
0.000000 
0.000000 
0.000000 
0.000000 
0.000000 
0.000000 
0.000000 
0.000000 
0.000000 
0.000000 
0.000000 
0.000000 
0.000000 
0.000000 
0.000000 
0.000000 
0.000000 
0.000000 
0.000000 
0.000000 
0.000000 
0.000000 
0.000000 
0.000000 
0.000000 
0.000000 
0.000000 
0.000000 
0.000000 
0.000000 
0.000000 
0.000000 
0.000000 
0.000000 
0.000000 
0.000000 
0.000000 
0.000000 
0.000000 
0.000000 
0.000000 
0.000000 
0.000000 
0.000000 
0.000000 
0.000000 
0.000000 
0.000000 
0.000000 
0.000000 
0.000000 
0.000000 
0.000000 
0.000000 
0.000000 
0.000000 
0.000000 
0.000000 
0.000000 
0.000000 
0.000000 
0.000000 
0.000000 
0.000000 
0.000000 
0.000000 
0.000000 
0.000000 
0.000000 
0.000000 
0.000000 
0.000000 
0.000000 
0.000000 
0.000000 
0.000000 
0.000000 
0.000000 
0.000000 
0.000000 
0.000000 
0.000000 
0.000000 
0.000000 
0.000000 
0.000000 
0.000000 
0.000000 
0.000000 
0.000000 
0.000000 
0.000000 
0.000000 
0.000000 
0.000000 
0.000000 
0.000000 
0.000000 
0.000000 
0.000000 
0.000000 
0.000000 
0.000000 
0.000000 
0.000000 
0.000000 
0.000000 
0.000000 
0.000000 
0.000000 
0.000000 
0.000000 
0.000000 
0.000000 
0.000000 
0.000000 
0.000000 
0.000000 
0.000000 
0.000000 
0.000000 
0.000000 
0.000000 
0.000000 
0.000000 
0.000000 
0.000000 
0.000000 
0.000000 
0.000000 
0.000000 
0.000000 
0.000000 
0.000000 
0.000000 
0.000000 
0.000000 
0.000000 
0.000000 
0.000000 
0.000000 
0.000000 
0.000000 
0.000000 
0.000000 
0.000000 
0.000000 
0.000000 
0.000000 
0.000000 
0.000000 
0.000000 
0.000000 
0.000000 
0.000000 
0.000000 
0.000000 
0.000000 
0.000000 
0.000000 
0.000000 
0.000000 
0.000000 
0.000000 
0.000000 
0.000000 
0.000000 
0.000000 
0.000000 
0.000000 
0.000000 
0.000000 
0.000000 
0.000000 
0.000000 
0.000000 
0.000000 
0.000000 
0.000000 
0.000000 
0.000000 
0.000000 
0.000000 
0.000000 
0.000000 
0.000000 
0.000000 
0.000000 
0.000000 
0.000000 
0.000000 
0.000000 
0.000000 
0.000000 
