0.000000 
0.000000 
0.000000 
0.000000 
0.000000 
0.000000 
0.000000 
0.000000 
0.000000 
0.000000 
0.000000 
0.000000 
0.000000 
0.000000 
0.000000 
0.000000 
0.000000 
0.000000 
0.000000 
0.000000 
0.000000 
0.000000 
0.000000 
0.000000 
0.000000 
0.000000 
0.000000 
0.000000 
0.000000 
0.000000 
0.000000 
0.000000 
0.000000 
0.000000 
0.000000 
0.000000 
0.000000 
0.000000 
0.000000 
0.000000 
0.000000 
0.000000 
0.000000 
0.000000 
0.000000 
0.000000 
0.000000 
0.000000 
0.000000 
0.000000 
0.000000 
0.000000 
0.000000 
0.000000 
0.000000 
0.000000 
0.000000 
0.000000 
0.000000 
0.000000 
0.000000 
0.000000 
0.000000 
0.000000 
0.000000 
0.000000 
0.000000 
0.000000 
0.000000 
0.000000 
0.000000 
0.000000 
0.000000 
0.000000 
0.000000 
0.000000 
0.000000 
0.000000 
0.000000 
0.000000 
0.000000 
0.000000 
0.000000 
0.000000 
0.000000 
0.000000 
0.000000 
0.000000 
0.000000 
0.000000 
0.000000 
0.000000 
0.000000 
0.000000 
0.000000 
0.000000 
0.000000 
0.000000 
0.000000 
0.000000 
0.000000 
0.000000 
0.000000 
0.000000 
0.000000 
0.000000 
0.000000 
0.000000 
0.000000 
0.000000 
0.000000 
0.000000 
0.000000 
0.000000 
0.000000 
0.000000 
0.000000 
0.000000 
0.000000 
0.000000 
0.000000 
0.000000 
0.000000 
0.000000 
0.000000 
0.000000 
0.000000 
0.000000 
0.000000 
0.000000 
0.000000 
0.000000 
0.000000 
0.000000 
0.000000 
0.000000 
0.000000 
0.000000 
0.000000 
0.000000 
0.000000 
0.000000 
0.000000 
0.000000 
0.000000 
0.000000 
0.000000 
0.000000 
0.000000 
0.000000 
0.000000 
0.000000 
0.000000 
0.000000 
0.000000 
0.000000 
0.000000 
0.000000 
0.000000 
0.000000 
0.000000 
0.000000 
0.000000 
0.000000 
0.000000 
0.000000 
0.000000 
0.000000 
0.000000 
0.000000 
0.000000 
0.000000 
0.000000 
0.000000 
0.000000 
0.000000 
0.000000 
0.000000 
0.000000 
0.000000 
0.000000 
0.000000 
0.000000 
0.000000 
0.000000 
0.000000 
0.000000 
0.000000 
0.000000 
0.000000 
0.000000 
0.000000 
0.000000 
0.000000 
0.000000 
0.000000 
0.000000 
0.000000 
0.000000 
0.000000 
0.000000 
0.000000 
0.000000 
0.000000 
0.000000 
0.000000 
0.000000 
0.000000 
0.000000 
0.000000 
0.000000 
0.000000 
0.000000 
0.000000 
0.000000 
0.000000 
0.000000 
0.000000 
0.000000 
0.000000 
0.000000 
0.000000 
0.000000 
0.000000 
0.000000 
0.000000 
0.000000 
0.000000 
0.000000 
0.000000 
0.000000 
0.000000 
0.000000 
0.000000 
0.000000 
0.000000 
0.000000 
0.000000 
0.000000 
0.000000 
0.000000 
0.000000 
0.000000 
0.000000 
0.000000 
0.000000 
0.000000 
0.000000 
0.000000 
0.000000 
0.000000 
0.000000 
0.000000 
0.000000 
0.000000 
0.000000 
0.000000 
0.000000 
0.000000 
0.000000 
0.000000 
0.000000 
0.000000 
0.000000 
0.000000 
0.000000 
0.000000 
0.000000 
0.000000 
0.000000 
0.000000 
0.000000 
0.000000 
0.000000 
0.000000 
0.000000 
0.000000 
0.000000 
0.000000 
0.000000 
0.000000 
0.000000 
0.000000 
0.000000 
0.000000 
0.000000 
0.000000 
0.000000 
0.000000 
0.000000 
0.000000 
0.000000 
0.000000 
0.000000 
0.000000 
0.000000 
0.000000 
0.000000 
0.000000 
0.000000 
0.000000 
0.000000 
0.000000 
0.000000 
0.000000 
0.000000 
0.000000 
0.000000 
0.000000 
0.000000 
0.000000 
0.000000 
0.000000 
0.000000 
0.000000 
0.000000 
0.000000 
0.000000 
0.000000 
0.000000 
0.000000 
0.000000 
0.000000 
0.000000 
0.000000 
0.000000 
0.000000 
0.000000 
0.000000 
0.000000 
0.000000 
0.000000 
0.000000 
0.000000 
0.000000 
0.000000 
0.000000 
0.000000 
0.000000 
0.000000 
0.000000 
0.000000 
0.000000 
0.000000 
0.000000 
0.000000 
0.000000 
0.000000 
0.000000 
0.000000 
0.000000 
0.000000 
0.000000 
0.000000 
0.000000 
0.000000 
0.000000 
0.000000 
0.000000 
0.000000 
0.000000 
0.000000 
0.000000 
0.000000 
0.000000 
0.000000 
0.000000 
0.000000 
0.000000 
0.000000 
0.000000 
0.000000 
0.000000 
0.000000 
0.000000 
0.000000 
0.000000 
0.000000 
0.000000 
0.000000 
0.000000 
0.000000 
0.000000 
0.000000 
0.000000 
0.000000 
0.000000 
0.000000 
0.000000 
0.000000 
0.000000 
0.000000 
0.000000 
0.000000 
0.000000 
0.000000 
0.000000 
0.000000 
0.000000 
0.000000 
0.000000 
0.000000 
0.000000 
0.000000 
0.000000 
0.000000 
0.000000 
0.000000 
0.000000 
0.000000 
0.000000 
0.000000 
0.000000 
0.000000 
0.000000 
0.000000 
0.000000 
0.000000 
0.000000 
0.000000 
0.000000 
0.004497 
0.018456 
0.029985 
0.030477 
0.037356 
0.026448 
0.023845 
0.023422 
0.024033 
0.031776 
0.035213 
0.057780 
0.072036 
0.085345 
0.080373 
0.109156 
0.133545 
0.118879 
0.136106 
0.155934 
0.135178 
0.136818 
0.141453 
0.160781 
0.156622 
0.177912 
0.214605 
0.178021 
0.174708 
0.245353 
0.192409 
0.211552 
0.193758 
0.165040 
0.216859 
0.229575 
0.261142 
0.236783 
0.296354 
0.295519 
0.217032 
0.212739 
0.179589 
0.143711 
0.076736 
0.002872 
0.000000 
0.000000 
0.000000 
0.000000 
0.000000 
0.023994 
0.095907 
0.153480 
0.133323 
0.180893 
0.193311 
0.187657 
0.177836 
0.213293 
0.226325 
0.206810 
0.204840 
0.182002 
0.216346 
0.222709 
0.225133 
0.196019 
0.212415 
0.223838 
0.199905 
0.232087 
0.204861 
0.184022 
0.236345 
0.242590 
0.262825 
0.230790 
0.271960 
0.228763 
0.220364 
0.149479 
0.116657 
0.105846 
0.110431 
0.209680 
0.178409 
0.258304 
0.291558 
0.244445 
0.196028 
0.095032 
0.014087 
0.000000 
0.000000 
0.000000 
0.000000 
0.000000 
0.000000 
0.000000 
0.000000 
0.000000 
0.014708 
0.094385 
0.138052 
0.207165 
0.230155 
0.243534 
0.255333 
0.328668 
0.353006 
0.312436 
0.292512 
0.326654 
0.278644 
0.332605 
0.303393 
0.370505 
0.341344 
0.349648 
0.347554 
0.288698 
0.429035 
0.382757 
0.369952 
0.335547 
0.387258 
0.363179 
0.314722 
0.387545 
0.409810 
0.356452 
0.411033 
0.379435 
0.390152 
0.440260 
0.349494 
0.440200 
0.455456 
0.375743 
0.438719 
0.430386 
0.376400 
0.429126 
0.466358 
0.349028 
0.391421 
0.418658 
0.377642 
0.351301 
0.385475 
0.356145 
0.458161 
0.416654 
0.372292 
0.480235 
0.449281 
0.395816 
0.458388 
0.439632 
0.424871 
0.488142 
0.380590 
0.492946 
0.447355 
0.504031 
0.401086 
0.384883 
0.444533 
0.411172 
0.496838 
0.514352 
0.552272 
0.533539 
0.489344 
0.403818 
0.308408 
0.150905 
0.121883 
0.146227 
0.175278 
0.194297 
0.247442 
0.298800 
0.357419 
0.474051 
0.510144 
0.540030 
0.557075 
0.548572 
0.578460 
0.496716 
0.491508 
0.470844 
0.344261 
0.326326 
0.283658 
0.223481 
0.167256 
0.166089 
0.107981 
0.073260 
0.057954 
0.039899 
0.110063 
0.198040 
0.378796 
0.569264 
0.516670 
0.532468 
0.645460 
0.498568 
0.502389 
0.399868 
0.445147 
0.357251 
0.259518 
0.203737 
0.205423 
0.227475 
0.311419 
0.451264 
0.498580 
0.548989 
0.671465 
0.488651 
0.560440 
0.494340 
0.489628 
0.420687 
0.506019 
0.486386 
0.491409 
0.375728 
0.448664 
0.434508 
0.499758 
0.552670 
0.592389 
0.549817 
0.519158 
0.489703 
0.392805 
0.244646 
0.172585 
0.080134 
0.000000 
0.000000 
0.000000 
0.000000 
0.000000 
0.000000 
0.000000 
0.000000 
0.000000 
0.001993 
0.137588 
0.315948 
0.352110 
0.446955 
0.484932 
0.490085 
0.561189 
0.588291 
0.589033 
0.609310 
0.648377 
0.633113 
0.640536 
0.527404 
0.563892 
0.658065 
0.639727 
0.526280 
0.535719 
0.603211 
0.540619 
0.671051 
0.677130 
0.567224 
0.615967 
0.669160 
0.475696 
0.475716 
0.536764 
0.302595 
0.080701 
0.000000 
0.000000 
0.000000 
0.000000 
0.000000 
0.026656 
0.081567 
0.095771 
0.140332 
0.167359 
0.201958 
0.217652 
0.176646 
0.119260 
0.052530 
0.004876 
0.000000 
0.004209 
0.057792 
0.149347 
0.234618 
0.236796 
0.305730 
0.316071 
0.381221 
0.398143 
0.338181 
0.422503 
0.284306 
0.164308 
0.056647 
0.017951 
0.020327 
0.031926 
0.037593 
0.039246 
0.041612 
0.045768 
0.029671 
0.012883 
0.000741 
0.000000 
0.002655 
0.022778 
0.043906 
0.086448 
0.094871 
0.137092 
0.153415 
0.169825 
0.179926 
0.211007 
0.277508 
0.386974 
0.435255 
0.548860 
0.570840 
0.575834 
0.519605 
0.599727 
0.435002 
0.362376 
0.332338 
0.282818 
0.136756 
0.042843 
0.000000 
0.000000 
0.000000 
0.000000 
0.000000 
0.000000 
0.000000 
0.000000 
0.035061 
0.150764 
0.182546 
0.305416 
0.362794 
0.485238 
0.537839 
0.670016 
0.611316 
0.654622 
0.630918 
0.602639 
0.579174 
0.708852 
0.621470 
0.607822 
0.617029 
0.540791 
0.669201 
0.519515 
0.581009 
0.563017 
0.619761 
0.438544 
0.626253 
0.618080 
0.493489 
0.546327 
0.501955 
0.618009 
0.647016 
0.616700 
0.590956 
0.534507 
0.579968 
0.563959 
0.592304 
0.687433 
0.608591 
0.561396 
0.570599 
0.520165 
0.647160 
0.536645 
0.484616 
0.386266 
0.390054 
0.324038 
0.417968 
0.407275 
0.482185 
0.512221 
0.502256 
0.678148 
0.683597 
0.580358 
0.591246 
0.522209 
0.524344 
0.522842 
0.634974 
0.600389 
0.553842 
0.590297 
0.514971 
0.600974 
0.597954 
0.579530 
0.407861 
0.478590 
0.435883 
0.329828 
0.337721 
0.296799 
0.273780 
0.252581 
0.226495 
0.191211 
0.276083 
0.315052 
0.415089 
0.509971 
0.468680 
0.640073 
0.667863 
0.485546 
0.529757 
0.535779 
0.644440 
0.524515 
0.395450 
0.385211 
0.446265 
0.452099 
0.558270 
0.405885 
0.491723 
0.586463 
0.533373 
0.503835 
0.419112 
0.529555 
0.407611 
0.360573 
0.371950 
0.379627 
0.331788 
0.408387 
0.329326 
0.278502 
0.284330 
0.307103 
0.289876 
0.300023 
0.372511 
0.405484 
0.361801 
0.467358 
0.443110 
0.386611 
0.517179 
0.396410 
0.467793 
0.357414 
0.288085 
0.159939 
0.082863 
0.020750 
0.004109 
0.000000 
0.000000 
0.000000 
0.000000 
0.000000 
0.000000 
0.000000 
0.000000 
0.000000 
0.000000 
0.000000 
0.000000 
0.000000 
0.009239 
0.034915 
0.054980 
0.125411 
0.169721 
0.203592 
0.252683 
0.280430 
0.402090 
0.410585 
0.461278 
0.374012 
0.370257 
0.297066 
0.289742 
0.285937 
0.293618 
0.219413 
0.180408 
0.144727 
0.166200 
0.163104 
0.127683 
0.129111 
0.125596 
0.141341 
0.122688 
0.155283 
0.168357 
0.165317 
0.219776 
0.251908 
0.360414 
0.405753 
0.439206 
0.476102 
0.506775 
0.517394 
0.453209 
0.466127 
0.492327 
0.453912 
0.408841 
0.320922 
0.253544 
0.244724 
0.219749 
0.243287 
0.259327 
0.241190 
0.258554 
0.169279 
0.236431 
0.234827 
0.252870 
0.254842 
0.252943 
0.271216 
0.262841 
0.285782 
0.294824 
0.321282 
0.286381 
0.312663 
0.308533 
0.376719 
0.351120 
0.296093 
0.215688 
0.177636 
0.161716 
0.134483 
0.167630 
0.234584 
0.258975 
0.302050 
0.265435 
0.245364 
0.170073 
0.114803 
0.092102 
0.115793 
0.147878 
0.145452 
0.159821 
0.152329 
0.176223 
0.152065 
0.145377 
0.136180 
0.118272 
0.110875 
0.117753 
0.129218 
0.110826 
0.111638 
0.111882 
0.100868 
0.103305 
0.072717 
0.077854 
0.060789 
0.047968 
0.049719 
0.030324 
0.024069 
0.014191 
0.007456 
0.000510 
0.000000 
0.000000 
0.000000 
0.000000 
0.000000 
0.000000 
0.000000 
0.000000 
0.000000 
0.000000 
0.000000 
0.000000 
0.000000 
0.000000 
0.000000 
0.000000 
0.000000 
0.000000 
0.000000 
0.000000 
0.000000 
0.000000 
0.000000 
0.000000 
0.000000 
0.000000 
0.000000 
0.000000 
0.000000 
0.000000 
0.002331 
0.004978 
0.010018 
0.010648 
0.015499 
0.019533 
0.015911 
0.029607 
0.027418 
0.026637 
0.030416 
0.024891 
0.028418 
0.025603 
0.025251 
0.023849 
0.022020 
0.024228 
0.037259 
0.037542 
0.056034 
0.058439 
0.064059 
0.060097 
0.069296 
0.077776 
0.077149 
0.103616 
0.133686 
0.192840 
0.217784 
0.238173 
0.221142 
0.171208 
0.211649 
0.195025 
0.171286 
0.173733 
0.138597 
0.125115 
0.120911 
0.081981 
0.073813 
0.071694 
0.069294 
0.075399 
0.087990 
0.076030 
0.062231 
0.042665 
0.028003 
0.022968 
0.019801 
0.011841 
0.006552 
0.004303 
0.001329 
0.000000 
0.000000 
0.000000 
0.000000 
0.000000 
0.000000 
0.000000 
0.000810 
0.002749 
0.002974 
0.004672 
0.002884 
0.001013 
0.000000 
0.000000 
0.000000 
0.000000 
0.000000 
0.000000 
0.000000 
0.000000 
0.000000 
0.002841 
0.004423 
0.006143 
0.004773 
0.004488 
0.001669 
0.000000 
0.000000 
0.000000 
0.000000 
0.000000 
0.000000 
0.000000 
0.000000 
0.000000 
0.000000 
0.000000 
0.000000 
0.000000 
0.000000 
0.000000 
0.000000 
0.000000 
0.000000 
0.000000 
0.000000 
0.000000 
0.000000 
0.000000 
0.000000 
0.000000 
0.000000 
0.000000 
0.000000 
0.000000 
0.000000 
0.000000 
0.000000 
0.000000 
0.000000 
0.000000 
0.000000 
0.000000 
0.000000 
0.000000 
0.000000 
0.000000 
0.000000 
0.000000 
0.000000 
0.000000 
0.000000 
0.000000 
0.000000 
0.000000 
0.000000 
0.000000 
0.000000 
0.000000 
0.000000 
0.000000 
0.000000 
0.000000 
0.000000 
0.000000 
0.000000 
0.000000 
0.000000 
0.000000 
0.000000 
0.000000 
0.000000 
0.000000 
0.000000 
0.000000 
0.000000 
0.000000 
0.000000 
0.000000 
0.000000 
0.000000 
0.000000 
0.000000 
0.000000 
0.000000 
0.000000 
0.000000 
0.000000 
0.000000 
0.000000 
0.000000 
0.000000 
0.000000 
0.000000 
0.000000 
0.000000 
0.000000 
0.000000 
0.000000 
0.000000 
0.000000 
0.000000 
0.000000 
0.000000 
0.000000 
0.000000 
0.000000 
0.000000 
0.000000 
0.000000 
0.000000 
0.000000 
0.000000 
0.000000 
0.000000 
0.000000 
0.000000 
0.000000 
0.000000 
0.000000 
0.000000 
0.000000 
0.000000 
0.000000 
0.000000 
0.000000 
0.000000 
0.000000 
0.000000 
0.000000 
0.000000 
0.000000 
0.000000 
0.000000 
0.000000 
0.000000 
0.000000 
0.000000 
0.000000 
0.000000 
0.000000 
0.000000 
0.000000 
0.000000 
0.000000 
0.000000 
0.000000 
0.000000 
0.000000 
0.000000 
0.000000 
0.000000 
0.000000 
0.000000 
0.000000 
0.000000 
0.000000 
0.000000 
0.000000 
0.000000 
0.000000 
0.000000 
0.000000 
0.000000 
0.000000 
0.000000 
0.000000 
0.000000 
0.000000 
0.000000 
0.000000 
0.000000 
0.000000 
0.000000 
0.000000 
0.000000 
0.000000 
0.000000 
0.000000 
0.000000 
0.000000 
0.000000 
0.000000 
0.000000 
0.000000 
0.000000 
0.000000 
0.000000 
0.000000 
0.000000 
0.000000 
0.000000 
0.000000 
0.000000 
0.000000 
0.000000 
0.000000 
0.000000 
0.000000 
0.000000 
0.000000 
0.000000 
0.000000 
0.000000 
0.000000 
0.000000 
0.000000 
0.000000 
0.000000 
0.000000 
0.000000 
0.000000 
0.000000 
0.000000 
0.000000 
0.000000 
0.000000 
0.000000 
0.000000 
0.000000 
0.000000 
0.000000 
0.000000 
0.000000 
0.000000 
0.000000 
0.000000 
0.000000 
0.000000 
0.000000 
0.000000 
0.000000 
0.000000 
0.000000 
0.000000 
0.000000 
0.000000 
0.000000 
0.000000 
0.000000 
0.000000 
0.000000 
0.000000 
0.000000 
0.000000 
0.000000 
0.000000 
0.000000 
0.000000 
0.000000 
0.000000 
0.000000 
0.000000 
0.000000 
0.000000 
0.000000 
0.000000 
0.000000 
0.000000 
0.000000 
0.000000 
0.000000 
0.000000 
0.000000 
0.000000 
0.000000 
0.000000 
0.000000 
0.000000 
0.000000 
0.000000 
0.000000 
0.000000 
0.000000 
0.000000 
0.000000 
0.000000 
0.000000 
0.000000 
0.000000 
0.000000 
0.000000 
0.000000 
0.000000 
0.000000 
0.000000 
0.000000 
0.000000 
0.000000 
0.000000 
0.000000 
0.000000 
0.000000 
0.000000 
0.000000 
0.000000 
0.000000 
0.000000 
