0.078667 
0.078667 
0.078667 
0.078667 
0.078667 
0.078667 
0.078667 
0.078667 
0.078667 
0.078667 
0.103372 
0.163277 
0.237071 
0.303438 
0.341067 
0.356178 
0.368924 
0.378888 
0.385653 
0.388800 
0.389901 
0.390790 
0.391449 
0.391859 
0.392000 
0.389948 
0.385054 
0.379213 
0.374319 
0.372267 
0.378327 
0.394523 
0.417876 
0.445405 
0.474133 
0.504072 
0.539249 
0.582711 
0.637501 
0.706667 
0.875768 
1.167124 
1.488917 
1.749326 
1.856533 
1.818434 
1.720306 
1.586400 
1.440969 
1.308267 
1.177716 
1.032856 
0.889112 
0.761907 
0.666667 
0.592761 
0.523468 
0.465074 
0.423867 
0.406133 
0.402582 
0.399757 
0.397694 
0.396430 
0.396000 
0.396000 
0.396000 
0.396000 
0.396000 
0.396000 
0.396000 
0.396000 
0.396000 
0.396000 
0.396000 
0.410043 
0.443739 
0.484440 
0.519499 
0.536267 
0.538931 
0.540535 
0.541714 
0.543102 
0.545333 
0.548839 
0.553778 
0.560376 
0.568864 
0.579467 
0.608721 
0.661509 
0.720576 
0.768668 
0.788533 
0.786675 
0.782244 
0.776956 
0.772525 
0.770667 
0.961139 
1.415343 
1.957457 
2.411661 
2.602133 
2.463712 
2.122913 
1.691431 
1.280961 
1.003200 
0.831637 
0.673586 
0.541476 
0.447737 
0.404800 
0.392540 
0.382673 
0.375389 
0.370879 
0.369333 
0.369333 
0.369333 
0.369333 
0.369333 
0.369333 
0.361706 
0.341801 
0.314083 
0.283017 
0.253067 
0.217071 
0.171587 
0.126662 
0.092340 
0.078667 
0.078667 
0.078667 
0.078667 
0.078667 
0.078667 
0.091424 
0.121845 
0.158155 
0.188576 
0.201333 
0.201333 
0.201333 
0.201333 
0.201333 
0.201333 
0.201333 
0.201333 
0.201333 
0.201333 
0.201333 
0.210985 
0.233999 
0.261468 
0.284482 
0.294133 
0.290167 
0.280710 
0.269423 
0.259966 
0.256000 
0.256000 
0.256000 
0.256000 
0.256000 
0.256000 
0.256000 
0.256000 
0.256000 
0.256000 
0.256000 
0.243062 
0.211511 
0.172242 
0.136151 
0.114133 
0.103181 
0.093478 
0.085703 
0.080539 
0.078667 
0.078667 
0.078667 
0.078667 
0.078667 
0.078667 
0.099874 
0.151589 
0.215954 
0.275111 
0.311200 
0.329152 
0.345057 
0.357800 
0.366264 
0.369333 
0.369333 
0.369333 
0.369333 
0.369333 
0.369333 
0.369333 
0.369333 
0.369333 
0.369333 
0.369333 
0.361706 
0.341801 
0.314083 
0.283017 
0.253067 
0.217071 
0.171587 
0.126662 
0.092340 
0.078667 
0.081885 
0.090286 
0.101983 
0.115094 
0.127733 
0.140613 
0.155184 
0.170676 
0.186316 
0.201333 
0.215234 
0.228533 
0.241976 
0.256306 
0.272267 
0.294228 
0.321977 
0.349385 
0.370325 
0.378667 
0.369717 
0.347892 
0.320729 
0.295764 
0.280533 
0.274124 
0.269745 
0.266117 
0.261962 
0.256000 
0.246680 
0.233953 
0.218793 
0.202172 
0.185067 
0.163106 
0.135357 
0.107948 
0.087008 
0.078667 
0.078667 
0.078667 
0.078667 
0.078667 
0.078667 
0.078667 
0.078667 
0.078667 
0.078667 
0.078667 
0.078667 
0.078667 
0.078667 
0.078667 
0.078667 
0.081736 
0.090200 
0.102943 
0.118848 
0.136800 
0.172889 
0.232046 
0.296411 
0.348126 
0.369333 
0.369333 
0.369333 
0.369333 
0.369333 
0.369333 
0.371810 
0.378725 
0.389309 
0.402790 
0.418400 
0.455004 
0.518548 
0.588885 
0.645863 
0.669333 
0.648126 
0.596411 
0.532046 
0.472889 
0.436800 
0.421185 
0.409952 
0.400714 
0.391082 
0.378667 
0.363341 
0.346288 
0.327084 
0.305307 
0.280533 
0.242635 
0.190459 
0.137045 
0.095435 
0.078667 
0.078667 
0.078667 
0.078667 
0.078667 
0.078667 
0.078667 
0.078667 
0.078667 
0.078667 
0.078667 
0.078667 
0.078667 
0.078667 
0.078667 
0.078667 
0.078667 
0.078667 
0.078667 
0.078667 
0.078667 
0.078667 
0.078667 
0.078667 
0.078667 
0.078667 
0.078667 
0.078667 
0.078667 
0.078667 
0.078667 
0.078667 
0.078667 
0.078667 
0.078667 
0.078667 
0.078667 
0.078667 
0.078667 
0.078667 
0.078667 
0.096832 
0.140149 
0.191851 
0.235168 
0.253333 
0.253333 
0.253333 
0.253333 
0.253333 
0.253333 
0.253464 
0.253854 
0.254498 
0.255393 
0.256533 
0.267138 
0.296006 
0.342505 
0.406003 
0.485867 
1.079665 
2.368620 
3.877583 
5.131404 
5.654933 
5.471067 
5.001329 
4.368511 
3.695404 
3.104800 
2.518149 
1.853586 
1.228937 
0.762022 
0.570667 
0.559892 
0.554053 
0.549976 
0.544483 
0.534400 
0.478404 
0.364307 
0.232635 
0.123913 
0.078667 
0.078667 
0.078667 
0.078667 
0.078667 
0.078667 
0.084437 
0.098921 
0.117881 
0.137076 
0.152267 
0.164906 
0.178017 
0.189714 
0.198115 
0.201333 
0.201333 
0.201333 
0.201333 
0.201333 
0.201333 
0.201333 
0.201333 
0.201333 
0.201333 
0.201333 
0.199642 
0.195607 
0.190793 
0.186758 
0.185067 
0.189135 
0.200109 
0.216142 
0.235388 
0.256000 
0.288732 
0.337008 
0.387984 
0.428818 
0.446667 
0.448550 
0.450038 
0.451119 
0.451777 
0.452000 
0.424228 
0.356587 
0.272592 
0.195758 
0.149600 
0.127514 
0.108084 
0.092604 
0.082367 
0.078667 
0.081736 
0.090200 
0.102943 
0.118848 
0.136800 
0.172889 
0.232046 
0.296411 
0.348126 
0.369333 
0.369333 
0.369333 
0.369333 
0.369333 
0.369333 
0.369333 
0.369333 
0.369333 
0.369333 
0.369333 
0.369333 
0.369333 
0.369333 
0.369333 
0.369333 
0.348126 
0.296411 
0.232046 
0.172889 
0.136800 
0.118848 
0.102943 
0.090200 
0.081736 
0.078667 
0.091605 
0.123156 
0.162425 
0.198516 
0.220533 
0.231485 
0.241189 
0.248963 
0.254127 
0.256000 
0.256000 
0.256000 
0.256000 
0.256000 
0.256000 
0.256000 
0.256000 
0.256000 
0.256000 
0.256000 
0.243062 
0.211511 
0.172242 
0.136151 
0.114133 
0.103181 
0.093478 
0.085703 
0.080539 
0.078667 
0.078667 
0.078667 
0.078667 
0.078667 
0.078667 
0.078667 
0.078667 
0.078667 
0.078667 
0.078667 
0.082200 
0.092211 
0.107816 
0.128129 
0.152267 
0.222247 
0.351879 
0.497960 
0.617290 
0.666667 
0.666667 
0.666667 
0.666667 
0.666667 
0.666667 
0.666667 
0.666667 
0.666667 
0.666667 
0.666667 
0.847197 
1.308406 
1.929723 
2.590578 
3.170400 
3.748530 
4.405351 
5.021853 
5.479028 
5.657867 
5.114238 
3.817892 
2.270641 
0.974295 
0.430667 
0.430667 
0.430667 
0.430667 
0.430667 
0.430667 
0.426013 
0.413870 
0.396959 
0.378006 
0.359733 
0.337772 
0.310023 
0.282615 
0.261675 
0.253333 
0.253333 
0.253333 
0.253333 
0.253333 
0.253333 
0.256661 
0.264597 
0.274069 
0.282005 
0.285333 
0.279087 
0.263255 
0.242200 
0.220283 
0.201867 
0.184864 
0.166320 
0.149291 
0.136832 
0.132000 
0.132000 
0.132000 
0.132000 
0.132000 
0.132000 
0.132000 
0.132000 
0.132000 
0.132000 
0.132000 
0.132000 
0.132000 
0.132000 
0.132000 
0.132000 
0.132555 
0.133877 
0.135456 
0.136779 
0.137333 
0.135669 
0.131701 
0.126965 
0.122997 
0.121333 
0.125970 
0.138444 
0.156599 
0.178281 
0.201333 
0.232644 
0.275845 
0.323897 
0.369761 
0.406400 
0.437487 
0.468695 
0.495987 
0.515324 
0.522667 
0.522667 
0.522667 
0.522667 
0.522667 
0.522667 
0.535424 
0.565845 
0.602155 
0.632576 
0.645333 
0.642264 
0.633800 
0.621057 
0.605152 
0.587200 
0.553704 
0.499734 
0.439258 
0.386246 
0.354667 
0.341773 
0.333472 
0.326711 
0.318438 
0.305600 
0.271671 
0.214100 
0.150801 
0.099686 
0.078667 
0.078667 
0.078667 
0.078667 
0.078667 
0.078667 
0.078667 
0.078667 
0.078667 
0.078667 
0.078667 
0.078667 
0.078667 
0.078667 
0.078667 
0.078667 
0.078667 
0.078667 
0.078667 
0.078667 
0.078667 
0.078667 
0.078667 
0.078667 
0.078667 
0.078667 
0.078667 
0.078667 
0.078667 
0.078667 
0.078667 
0.078667 
0.078667 
0.078667 
0.078667 
0.078667 
0.078667 
0.078667 
0.078667 
0.078667 
0.078667 
0.087008 
0.107948 
0.135357 
0.163106 
0.185067 
0.203339 
0.222292 
0.239203 
0.251347 
0.256000 
0.256000 
0.256000 
0.256000 
0.256000 
0.256000 
0.286229 
0.358315 
0.444352 
0.516437 
0.546667 
0.538325 
0.517385 
0.489977 
0.462228 
0.440267 
0.421994 
0.403041 
0.386130 
0.373987 
0.369333 
0.369333 
0.369333 
0.369333 
0.369333 
0.369333 
0.355660 
0.321338 
0.276413 
0.230929 
0.194933 
0.164983 
0.133917 
0.106199 
0.086294 
0.078667 
0.078667 
0.078667 
0.078667 
0.078667 
0.078667 
0.091424 
0.121845 
0.158155 
0.188576 
0.201333 
0.201333 
0.201333 
0.201333 
0.201333 
0.201333 
0.201333 
0.201333 
0.201333 
0.201333 
0.201333 
0.198115 
0.189714 
0.178017 
0.164906 
0.152267 
0.137076 
0.117881 
0.098921 
0.084437 
0.078667 
0.078667 
0.078667 
0.078667 
0.078667 
0.078667 
0.078667 
0.078667 
0.078667 
0.078667 
0.078667 
0.108896 
0.180981 
0.267019 
0.339104 
0.369333 
0.369333 
0.369333 
0.369333 
0.369333 
0.369333 
0.369333 
0.369333 
0.369333 
0.369333 
0.369333 
0.369333 
0.369333 
0.369333 
0.369333 
0.369333 
0.354300 
0.317258 
0.270293 
0.225489 
0.194933 
0.175526 
0.157308 
0.142074 
0.131618 
0.127733 
0.135388 
0.153641 
0.175426 
0.193679 
0.201333 
0.201333 
0.201333 
0.201333 
0.201333 
0.201333 
0.201333 
0.201333 
0.201333 
0.201333 
0.201333 
0.205322 
0.215048 
0.227153 
0.238279 
0.245067 
0.248443 
0.251434 
0.253831 
0.255423 
0.256000 
0.256000 
0.256000 
0.256000 
0.256000 
0.256000 
0.256000 
0.256000 
0.256000 
0.256000 
0.256000 
0.243062 
0.211511 
0.172242 
0.136151 
0.114133 
0.103181 
0.093478 
0.085703 
0.080539 
0.078667 
0.078667 
0.078667 
0.078667 
0.078667 
0.078667 
0.078667 
0.078667 
0.078667 
0.078667 
0.078667 
0.078667 
0.078667 
0.078667 
0.078667 
0.078667 
0.081885 
0.090286 
0.101983 
0.115094 
0.127733 
0.142924 
0.162119 
0.181079 
0.195563 
0.201333 
0.201333 
0.201333 
0.201333 
0.201333 
0.201333 
0.201333 
0.201333 
0.201333 
0.201333 
0.201333 
0.204492 
0.213018 
0.225485 
0.240465 
0.256533 
0.278192 
0.308141 
0.342248 
0.376378 
0.406400 
0.435102 
0.465377 
0.493248 
0.514737 
0.525867 
0.530158 
0.533702 
0.536381 
0.538075 
0.538667 
0.538667 
0.538667 
0.538667 
0.538667 
0.538667 
0.558219 
0.604843 
0.660491 
0.707115 
0.726667 
0.713493 
0.682080 
0.644587 
0.613173 
0.600000 
0.602122 
0.607988 
0.616847 
0.627945 
0.640533 
0.666516 
0.709558 
0.756541 
0.794349 
0.809867 
0.807691 
0.801409 
0.791388 
0.777996 
0.761600 
0.696120 
0.564078 
0.408751 
0.273411 
0.201333 
0.178909 
0.162343 
0.149629 
0.138761 
0.127733 
0.115094 
0.101983 
0.090286 
0.081885 
0.078667 
0.078667 
0.078667 
0.078667 
0.078667 
0.078667 
0.078667 
0.078667 
0.078667 
0.078667 
0.078667 
0.078667 
0.078667 
0.078667 
0.078667 
0.078667 
0.078667 
0.078667 
0.078667 
0.078667 
0.078667 
0.078667 
0.078667 
0.078667 
0.078667 
0.078667 
0.081678 
0.090027 
0.102683 
0.118617 
0.136800 
0.171127 
0.227306 
0.292028 
0.351985 
0.393867 
0.422254 
0.448864 
0.471093 
0.486340 
0.492000 
0.492000 
0.492000 
0.492000 
0.492000 
0.492000 
0.495689 
0.504484 
0.514982 
0.523778 
0.527467 
0.514534 
0.482099 
0.439704 
0.396890 
0.363200 
0.335445 
0.306784 
0.281280 
0.262997 
0.256000 
0.256000 
0.256000 
0.256000 
0.256000 
0.256000 
0.254127 
0.248963 
0.241189 
0.231485 
0.220533 
0.198516 
0.162425 
0.123156 
0.091605 
0.078667 
0.130556 
0.254291 
0.401975 
0.525711 
0.577600 
0.573291 
0.562314 
0.547599 
0.532074 
0.518667 
0.506340 
0.493135 
0.480601 
0.470284 
0.463733 
0.459745 
0.456238 
0.453446 
0.451600 
0.450933 
0.453455 
0.460440 
0.471017 
0.484316 
0.499467 
0.524128 
0.562955 
0.610572 
0.661602 
0.710667 
0.766917 
0.834108 
0.898774 
0.947449 
0.966667 
0.963082 
0.953960 
0.941750 
0.928903 
0.917867 
0.909334 
0.901663 
0.893806 
0.884713 
0.873333 
0.855671 
0.831153 
0.803865 
0.777896 
0.757333 
0.740119 
0.722927 
0.707942 
0.697350 
0.693333 
0.700300 
0.718158 
0.742346 
0.768303 
0.791467 
0.811526 
0.831531 
0.851959 
0.873289 
0.896000 
0.923699 
0.956221 
0.988387 
1.015018 
1.030933 
1.039331 
1.046585 
1.052280 
1.056001 
1.057333 
1.057001 
1.056207 
1.055260 
1.054466 
1.054133 
1.056130 
1.060892 
1.066575 
1.071337 
1.073333 
1.073129 
1.072528 
1.071549 
1.070211 
1.068533 
1.055596 
1.027408 
0.994382 
0.966931 
0.955467 
0.964323 
0.986675 
1.016199 
1.046571 
1.071467 
1.093478 
1.116973 
1.138288 
1.153762 
1.159733 
1.154140 
1.139838 
1.120546 
1.099983 
1.081867 
1.065224 
1.047575 
1.030381 
1.015102 
1.003200 
0.995297 
0.989757 
0.984648 
0.978039 
0.968000 
0.939651 
0.887452 
0.823480 
0.759815 
0.708533 
0.664587 
0.619175 
0.578749 
0.549763 
0.538667 
0.539110 
0.540169 
0.541431 
0.542490 
0.542933 
0.540826 
0.535799 
0.529801 
0.524774 
0.522667 
0.552086 
0.624343 
0.715438 
0.801368 
0.858133 
0.888607 
0.913121 
0.933865 
0.953028 
0.972800 
0.996017 
1.021291 
1.044477 
1.061428 
1.068000 
1.067821 
1.067293 
1.066428 
1.065237 
1.063733 
1.048002 
1.012885 
0.971527 
0.937073 
0.922667 
0.954910 
1.032985 
1.128912 
1.214710 
1.262400 
1.280609 
1.296108 
1.308129 
1.315904 
1.318667 
1.310080 
1.289430 
1.264379 
1.242592 
1.231733 
1.229593 
1.228412 
1.227527 
1.226278 
1.224000 
1.197603 
1.136936 
1.060747 
0.987786 
0.936800 
0.902777 
0.870449 
0.843186 
0.824358 
0.817333 
0.828663 
0.857465 
0.895963 
0.936378 
0.970933 
0.998922 
1.025564 
1.051972 
1.079258 
1.108533 
1.146115 
1.191420 
1.235215 
1.268265 
1.281333 
1.268950 
1.238211 
1.198730 
1.160121 
1.132000 
1.115276 
1.102500 
1.090754 
1.077117 
1.058667 
1.026096 
0.978615 
0.926087 
0.878373 
0.845333 
0.823084 
0.802443 
0.785326 
0.773651 
0.769333 
0.792815 
0.852279 
0.931256 
1.013275 
1.081867 
1.140012 
1.198908 
1.254413 
1.302380 
1.338667 
1.367807 
1.395262 
1.418282 
1.434112 
1.440000 
1.434349 
1.420701 
1.404012 
1.389237 
1.381333 
1.378699 
1.376490 
1.374798 
1.373715 
1.373333 
1.468736 
1.696235 
1.967765 
2.195264 
2.290667 
2.245061 
2.128739 
1.972447 
1.806931 
1.662933 
1.530353 
1.388672 
1.253015 
1.138505 
1.060267 
1.006474 
0.957826 
0.918234 
0.891611 
0.881867 
0.889297 
0.908957 
0.936902 
0.969187 
1.001867 
1.045438 
1.103922 
1.163661 
1.210996 
1.232267 
1.235624 
1.238300 
1.240257 
1.241458 
1.241867 
1.241703 
1.241248 
1.240554 
1.239676 
1.238667 
1.237099 
1.234625 
1.231414 
1.227638 
1.223467 
1.216852 
1.207315 
1.197378 
1.189565 
1.186400 
1.198296 
1.232372 
1.286206 
1.357378 
1.443467 
1.720765 
2.258623 
2.894205 
3.464676 
3.807200 
3.968523 
4.103408 
4.211044 
4.290622 
4.341333 
4.375638 
4.405369 
4.428774 
4.444102 
4.449600 
4.444004 
4.427714 
4.401474 
4.366032 
4.322133 
4.128943 
3.721467 
3.214213 
2.721688 
2.358400 
2.099138 
1.854238 
1.641529 
1.478840 
1.384000 
1.332177 
1.288099 
1.253933 
1.231844 
1.224000 
1.228785 
1.241405 
1.259260 
1.279747 
1.300267 
1.327248 
1.363145 
1.399391 
1.427420 
1.438667 
1.428851 
1.404868 
1.374913 
1.347181 
1.329867 
1.321691 
1.315393 
1.310196 
1.305324 
1.300000 
1.293953 
1.287699 
1.281642 
1.276186 
1.271733 
1.268314 
1.265478 
1.262912 
1.260301 
1.257333 
1.253311 
1.248422 
1.243677 
1.240088 
1.238667 
1.267341 
1.342716 
1.448820 
1.569683 
1.689333 
1.812452 
1.953031 
2.109065 
2.278545 
2.459467 
