0.000000 
0.000000 
0.000000 
0.000000 
0.000000 
0.000000 
0.000000 
0.000000 
0.000000 
0.000000 
0.000000 
0.000000 
0.000000 
0.000000 
0.000000 
0.000000 
0.000000 
0.000000 
0.000000 
0.000000 
0.000000 
0.000000 
0.000000 
0.000000 
0.000000 
0.000000 
0.000000 
0.000000 
0.000000 
0.000000 
0.000000 
0.000000 
0.000000 
0.000000 
0.000000 
0.000000 
0.000000 
0.000000 
0.000000 
0.000000 
0.000000 
0.000000 
0.000000 
0.000000 
0.000000 
0.000000 
0.000000 
0.000000 
0.000000 
0.000000 
0.000000 
0.000000 
0.000000 
0.000000 
0.000000 
0.000000 
0.000000 
0.000000 
0.000000 
0.000000 
0.000000 
0.000000 
0.000000 
0.000000 
0.000000 
0.000000 
0.000000 
0.000000 
0.000000 
0.000000 
0.000000 
0.000000 
0.000000 
0.000000 
0.000000 
0.000000 
0.000000 
0.000000 
0.000000 
0.000000 
0.000000 
0.000000 
0.000000 
0.000000 
0.000000 
0.000000 
0.000000 
0.000000 
0.000000 
0.000000 
0.000000 
0.000000 
0.000000 
0.000000 
0.000000 
0.000000 
0.000000 
0.000000 
0.000000 
0.000000 
0.000000 
0.000000 
0.000000 
0.000000 
0.000000 
0.000000 
0.000000 
0.000000 
0.000000 
0.000000 
0.000000 
0.000000 
0.000000 
0.000000 
0.000000 
0.000000 
0.000000 
0.000000 
0.000000 
0.000000 
0.000000 
0.000000 
0.000000 
0.000000 
0.000000 
0.000000 
0.000000 
0.000000 
0.000000 
0.000000 
0.000000 
0.000000 
0.000000 
0.000000 
0.000000 
0.000000 
0.000000 
0.000000 
0.000000 
0.000000 
0.000000 
0.000000 
0.000000 
0.000000 
0.000000 
0.000000 
0.000000 
0.000000 
0.000000 
0.000000 
0.000000 
0.000000 
0.000000 
0.000000 
0.000000 
0.000000 
0.000000 
0.000000 
0.000000 
0.000000 
0.000000 
0.000000 
0.000000 
0.000000 
0.000000 
0.000000 
0.000000 
0.000000 
0.000000 
0.000000 
0.000000 
0.000000 
0.000000 
0.000000 
0.000000 
0.000000 
0.000000 
0.000000 
0.000000 
0.000000 
0.000000 
0.000000 
0.000000 
0.000000 
0.000000 
0.000000 
0.000000 
0.000000 
0.000000 
0.000000 
0.000000 
0.000000 
0.000000 
0.000000 
0.000000 
0.000000 
0.000000 
0.000000 
0.000000 
0.000000 
0.000000 
0.000000 
0.000000 
0.000000 
0.000000 
0.000000 
0.000000 
0.000000 
0.000000 
0.000000 
0.000000 
0.000000 
0.000000 
0.000000 
0.000000 
0.000000 
0.000000 
0.000000 
0.000000 
0.000000 
0.000000 
0.000000 
0.000000 
0.000000 
0.000000 
0.000000 
0.000000 
0.000000 
0.000000 
0.000000 
0.000000 
0.000000 
0.000000 
0.000000 
0.000000 
0.000000 
0.000000 
0.000000 
0.000000 
0.000000 
0.000000 
0.000000 
0.000000 
0.000000 
0.000000 
0.000000 
0.000000 
0.000000 
0.000000 
0.000000 
0.000000 
0.000000 
0.000000 
0.000000 
0.000000 
0.000000 
0.000000 
0.000000 
0.000000 
0.000000 
0.000000 
0.000000 
0.000000 
0.000000 
0.000000 
0.000000 
0.000000 
0.000000 
0.000000 
0.000000 
0.000000 
0.000000 
0.000000 
0.000000 
0.000000 
0.000000 
0.000000 
0.000000 
0.000000 
0.000000 
0.000000 
0.000000 
0.000000 
0.000000 
0.000000 
0.000000 
0.000000 
0.000000 
0.000000 
0.000000 
0.000000 
0.000000 
0.000000 
0.000000 
0.000000 
0.000000 
0.000000 
0.000000 
0.000000 
0.000000 
0.000000 
0.000000 
0.000000 
0.000000 
0.000000 
0.000000 
0.000000 
0.000000 
0.000000 
0.000000 
0.000000 
0.000000 
0.000000 
0.000000 
0.000000 
0.000000 
0.000000 
0.000000 
0.000000 
0.000000 
0.000000 
0.000000 
0.000000 
0.000000 
0.000000 
0.000000 
0.000000 
0.000000 
0.000000 
0.000000 
0.000000 
0.000000 
0.000000 
0.000000 
0.000000 
0.000000 
0.000000 
0.000000 
0.000000 
0.000000 
0.000000 
0.000000 
0.000000 
0.000000 
0.000000 
0.000000 
0.000000 
0.000000 
0.000000 
0.000000 
0.000000 
0.000000 
0.000000 
0.000000 
0.000000 
0.000000 
0.000000 
0.000000 
0.000000 
0.000000 
0.000000 
0.000000 
0.000000 
0.000000 
0.000000 
0.000000 
0.000000 
0.000000 
0.000000 
0.000000 
0.000000 
0.000000 
0.000000 
0.000000 
0.000000 
0.000000 
0.000000 
0.000000 
0.000000 
0.000000 
0.000000 
0.000000 
0.000000 
0.000000 
0.000000 
0.000000 
0.000000 
0.000000 
0.000000 
0.000000 
0.000000 
0.000000 
0.000000 
0.000000 
0.000000 
0.000000 
0.000000 
0.000000 
0.000000 
0.000000 
0.000000 
0.000000 
0.000000 
0.000000 
0.000000 
0.000000 
0.000000 
0.000000 
0.000000 
0.000000 
0.000000 
0.000000 
0.000000 
0.000000 
0.000000 
0.000000 
0.000000 
0.000000 
0.000000 
0.000000 
0.000000 
0.004750 
0.018807 
0.025299 
0.028946 
0.029477 
0.025674 
0.025347 
0.023772 
0.021160 
0.028835 
0.039350 
0.056073 
0.074449 
0.060678 
0.093595 
0.087655 
0.090072 
0.096174 
0.108623 
0.110132 
0.104658 
0.119016 
0.114968 
0.155420 
0.139555 
0.174841 
0.177387 
0.150692 
0.196084 
0.157227 
0.236836 
0.167983 
0.158158 
0.159541 
0.177816 
0.175716 
0.248498 
0.211899 
0.226487 
0.257515 
0.200101 
0.189366 
0.165623 
0.111527 
0.075235 
0.002653 
0.000000 
0.000000 
0.000000 
0.000000 
0.000000 
0.023020 
0.081713 
0.111245 
0.153305 
0.171940 
0.161324 
0.182649 
0.186271 
0.145570 
0.172489 
0.169560 
0.200986 
0.197201 
0.159617 
0.213691 
0.182371 
0.194226 
0.171059 
0.186973 
0.222297 
0.177006 
0.173321 
0.189943 
0.196348 
0.219895 
0.217021 
0.185989 
0.201403 
0.178638 
0.185284 
0.130117 
0.132565 
0.106271 
0.111483 
0.151501 
0.190994 
0.244152 
0.271589 
0.231001 
0.170997 
0.073697 
0.011294 
0.000000 
0.000000 
0.000000 
0.000000 
0.000000 
0.000000 
0.000000 
0.000000 
0.000000 
0.013723 
0.072263 
0.135840 
0.162101 
0.226346 
0.259561 
0.297880 
0.249633 
0.286555 
0.331498 
0.260514 
0.283376 
0.288727 
0.320180 
0.327352 
0.258080 
0.256874 
0.332369 
0.246472 
0.298695 
0.264760 
0.254498 
0.284057 
0.269411 
0.340024 
0.304951 
0.340712 
0.296937 
0.368741 
0.329068 
0.327818 
0.306522 
0.291443 
0.351367 
0.337213 
0.402507 
0.299542 
0.356204 
0.375635 
0.365423 
0.338826 
0.326696 
0.321837 
0.337720 
0.391701 
0.330997 
0.326467 
0.287045 
0.376979 
0.371439 
0.374633 
0.374404 
0.350343 
0.422343 
0.378824 
0.416730 
0.360202 
0.371756 
0.415289 
0.424618 
0.447158 
0.434211 
0.401276 
0.369205 
0.317867 
0.389406 
0.357342 
0.417503 
0.398788 
0.469194 
0.474228 
0.429061 
0.386539 
0.355357 
0.279123 
0.146942 
0.109784 
0.119022 
0.132597 
0.195063 
0.228476 
0.237950 
0.330863 
0.291966 
0.422821 
0.469402 
0.534045 
0.480825 
0.447018 
0.448307 
0.456151 
0.370747 
0.339916 
0.291217 
0.291108 
0.189133 
0.195217 
0.116327 
0.104656 
0.073138 
0.049779 
0.038258 
0.084308 
0.212150 
0.312208 
0.517693 
0.513339 
0.592669 
0.513545 
0.425114 
0.393473 
0.490549 
0.364962 
0.414004 
0.254905 
0.150617 
0.166021 
0.214480 
0.333054 
0.426909 
0.431249 
0.450763 
0.472339 
0.418977 
0.500998 
0.501319 
0.444647 
0.380364 
0.463824 
0.373288 
0.412802 
0.389283 
0.449241 
0.451907 
0.478114 
0.494177 
0.520596 
0.492843 
0.553015 
0.440497 
0.356290 
0.251526 
0.148761 
0.079175 
0.000000 
0.000000 
0.000000 
0.000000 
0.000000 
0.000000 
0.000000 
0.000000 
0.000000 
0.001810 
0.121597 
0.245966 
0.337221 
0.372285 
0.426580 
0.436245 
0.525930 
0.539774 
0.511404 
0.513482 
0.500133 
0.419058 
0.611779 
0.458515 
0.495349 
0.555740 
0.489404 
0.407350 
0.454671 
0.464860 
0.509693 
0.634350 
0.506850 
0.625236 
0.501570 
0.455784 
0.584379 
0.481673 
0.391353 
0.198981 
0.074865 
0.000000 
0.000000 
0.000000 
0.000000 
0.000000 
0.022105 
0.059387 
0.096720 
0.111534 
0.134981 
0.185904 
0.173669 
0.146890 
0.119864 
0.052155 
0.003724 
0.000000 
0.004243 
0.057761 
0.097634 
0.163269 
0.235879 
0.294926 
0.335652 
0.375807 
0.380907 
0.388288 
0.370642 
0.243856 
0.140783 
0.048770 
0.017863 
0.017946 
0.027190 
0.026235 
0.038060 
0.045486 
0.035385 
0.023817 
0.011905 
0.000643 
0.000000 
0.002546 
0.015519 
0.043315 
0.050902 
0.098096 
0.102065 
0.113683 
0.141642 
0.170523 
0.215868 
0.257817 
0.397964 
0.402928 
0.444966 
0.476944 
0.518026 
0.535801 
0.417952 
0.506451 
0.422520 
0.316982 
0.214127 
0.164345 
0.043265 
0.000000 
0.000000 
0.000000 
0.000000 
0.000000 
0.000000 
0.000000 
0.000000 
0.043390 
0.123588 
0.179849 
0.318423 
0.399941 
0.492764 
0.549055 
0.595907 
0.465681 
0.558706 
0.668865 
0.508457 
0.591639 
0.566530 
0.509815 
0.559807 
0.548998 
0.490770 
0.494051 
0.570806 
0.517068 
0.486753 
0.541263 
0.439991 
0.511883 
0.496835 
0.360139 
0.385667 
0.530062 
0.545003 
0.480217 
0.604828 
0.500882 
0.616310 
0.551522 
0.472925 
0.551978 
0.540061 
0.470086 
0.536868 
0.598849 
0.502641 
0.586205 
0.540228 
0.447353 
0.331657 
0.332228 
0.335094 
0.365188 
0.348081 
0.392988 
0.492269 
0.449749 
0.432939 
0.461542 
0.551468 
0.460605 
0.510487 
0.506776 
0.511322 
0.492762 
0.482740 
0.460338 
0.441181 
0.435502 
0.456862 
0.426832 
0.498703 
0.447757 
0.415969 
0.419445 
0.312561 
0.311923 
0.297934 
0.216507 
0.210155 
0.218521 
0.203536 
0.233313 
0.267053 
0.434408 
0.449214 
0.560138 
0.526260 
0.426400 
0.432516 
0.466287 
0.508003 
0.500068 
0.400065 
0.397156 
0.448217 
0.417195 
0.414577 
0.382215 
0.386782 
0.606347 
0.543414 
0.451469 
0.503465 
0.357881 
0.452724 
0.407150 
0.391569 
0.430240 
0.330018 
0.341456 
0.318468 
0.292049 
0.330936 
0.220338 
0.270003 
0.271380 
0.317733 
0.311959 
0.332718 
0.406858 
0.375249 
0.428651 
0.357623 
0.420703 
0.390271 
0.294968 
0.257029 
0.249159 
0.138547 
0.066398 
0.016724 
0.003742 
0.000000 
0.000000 
0.000000 
0.000000 
0.000000 
0.000000 
0.000000 
0.000000 
0.000000 
0.000000 
0.000000 
0.000000 
0.000000 
0.011827 
0.030606 
0.053916 
0.103763 
0.132775 
0.171626 
0.230079 
0.294823 
0.315980 
0.358275 
0.328228 
0.357297 
0.391884 
0.305911 
0.258913 
0.257975 
0.218785 
0.186302 
0.149729 
0.148043 
0.148359 
0.119385 
0.135694 
0.109300 
0.111663 
0.108168 
0.090727 
0.117806 
0.131186 
0.173126 
0.159533 
0.199090 
0.269863 
0.328746 
0.318916 
0.385917 
0.385428 
0.329010 
0.427410 
0.410833 
0.344632 
0.342530 
0.298604 
0.309478 
0.238964 
0.232095 
0.183020 
0.218379 
0.169323 
0.143145 
0.183144 
0.193837 
0.216071 
0.174956 
0.200176 
0.208962 
0.178359 
0.220955 
0.289941 
0.282397 
0.226723 
0.310038 
0.295030 
0.303530 
0.250436 
0.244957 
0.291569 
0.238675 
0.180800 
0.132299 
0.139753 
0.151979 
0.149783 
0.228038 
0.185643 
0.195723 
0.256055 
0.234618 
0.164467 
0.117864 
0.090489 
0.083290 
0.103800 
0.116618 
0.098018 
0.137820 
0.108024 
0.105305 
0.131923 
0.118030 
0.118598 
0.114107 
0.121918 
0.106886 
0.104667 
0.108251 
0.073124 
0.079482 
0.071264 
0.074224 
0.058440 
0.047330 
0.043105 
0.042871 
0.027497 
0.025691 
0.012062 
0.006493 
0.000407 
0.000000 
0.000000 
0.000000 
0.000000 
0.000000 
0.000000 
0.000000 
0.000000 
0.000000 
0.000000 
0.000000 
0.000000 
0.000000 
0.000000 
0.000000 
0.000000 
0.000000 
0.000000 
0.000000 
0.000000 
0.000000 
0.000000 
0.000000 
0.000000 
0.000000 
0.000000 
0.000000 
0.000000 
0.000000 
0.000000 
0.001860 
0.004151 
0.007508 
0.010450 
0.013904 
0.018358 
0.020292 
0.022737 
0.021798 
0.023345 
0.025104 
0.025047 
0.024201 
0.019635 
0.020845 
0.018642 
0.019107 
0.020526 
0.029729 
0.040412 
0.049111 
0.063044 
0.069011 
0.061140 
0.071879 
0.068305 
0.066201 
0.081453 
0.107775 
0.176478 
0.163151 
0.206254 
0.208312 
0.180438 
0.204202 
0.182446 
0.174355 
0.145453 
0.136607 
0.111184 
0.080266 
0.072352 
0.092533 
0.074621 
0.071418 
0.064382 
0.041184 
0.054517 
0.046317 
0.030402 
0.022639 
0.013675 
0.010756 
0.006396 
0.001589 
0.000000 
0.000000 
0.000000 
0.000000 
0.000000 
0.000000 
0.000000 
0.000000 
0.000000 
0.000000 
0.000000 
0.000000 
0.000000 
0.000000 
0.000000 
0.000000 
0.000000 
0.000000 
0.000000 
0.000000 
0.000000 
0.000000 
0.000000 
0.000000 
0.000000 
0.000028 
0.000931 
0.000340 
0.000000 
0.000000 
0.000000 
0.000000 
0.000000 
0.000000 
0.000000 
0.000000 
0.000000 
0.000000 
0.000000 
0.000000 
0.000000 
0.000000 
0.000000 
0.000000 
0.000000 
0.000000 
0.000000 
0.000000 
0.000000 
0.000000 
0.000000 
0.000000 
0.000000 
0.000000 
0.000000 
0.000000 
0.000000 
0.000000 
0.000000 
0.000000 
0.000000 
0.000000 
0.000000 
0.000000 
0.000000 
0.000000 
0.000000 
0.000000 
0.000000 
0.000000 
0.000000 
0.000000 
0.000000 
0.000000 
0.000000 
0.000000 
0.000000 
0.000000 
0.000000 
0.000000 
0.000000 
0.000000 
0.000000 
0.000000 
0.000000 
0.000000 
0.000000 
0.000000 
0.000000 
0.000000 
0.000000 
0.000000 
0.000000 
0.000000 
0.000000 
0.000000 
0.000000 
0.000000 
0.000000 
0.000000 
0.000000 
0.000000 
0.000000 
0.000000 
0.000000 
0.000000 
0.000000 
0.000000 
0.000000 
0.000000 
0.000000 
0.000000 
0.000000 
0.000000 
0.000000 
0.000000 
0.000000 
0.000000 
0.000000 
0.000000 
0.000000 
0.000000 
0.000000 
0.000000 
0.000000 
0.000000 
0.000000 
0.000000 
0.000000 
0.000000 
0.000000 
0.000000 
0.000000 
0.000000 
0.000000 
0.000000 
0.000000 
0.000000 
0.000000 
0.000000 
0.000000 
0.000000 
0.000000 
0.000000 
0.000000 
0.000000 
0.000000 
0.000000 
0.000000 
0.000000 
0.000000 
0.000000 
0.000000 
0.000000 
0.000000 
0.000000 
0.000000 
0.000000 
0.000000 
0.000000 
0.000000 
0.000000 
0.000000 
0.000000 
0.000000 
0.000000 
0.000000 
0.000000 
0.000000 
0.000000 
0.000000 
0.000000 
0.000000 
0.000000 
0.000000 
0.000000 
0.000000 
0.000000 
0.000000 
0.000000 
0.000000 
0.000000 
0.000000 
0.000000 
0.000000 
0.000000 
0.000000 
0.000000 
0.000000 
0.000000 
0.000000 
0.000000 
0.000000 
0.000000 
0.000000 
0.000000 
0.000000 
0.000000 
0.000000 
0.000000 
0.000000 
0.000000 
0.000000 
0.000000 
0.000000 
0.000000 
0.000000 
0.000000 
0.000000 
0.000000 
0.000000 
0.000000 
0.000000 
0.000000 
0.000000 
0.000000 
0.000000 
0.000000 
0.000000 
0.000000 
0.000000 
0.000000 
0.000000 
0.000000 
0.000000 
0.000000 
0.000000 
0.000000 
0.000000 
0.000000 
0.000000 
0.000000 
0.000000 
0.000000 
0.000000 
0.000000 
0.000000 
0.000000 
0.000000 
0.000000 
0.000000 
0.000000 
0.000000 
0.000000 
0.000000 
0.000000 
0.000000 
0.000000 
0.000000 
0.000000 
0.000000 
0.000000 
0.000000 
0.000000 
0.000000 
0.000000 
0.000000 
0.000000 
0.000000 
0.000000 
0.000000 
0.000000 
0.000000 
0.000000 
0.000000 
0.000000 
0.000000 
0.000000 
0.000000 
0.000000 
0.000000 
0.000000 
0.000000 
0.000000 
0.000000 
0.000000 
0.000000 
0.000000 
0.000000 
0.000000 
0.000000 
0.000000 
0.000000 
0.000000 
0.000000 
0.000000 
0.000000 
0.000000 
0.000000 
0.000000 
0.000000 
0.000000 
0.000000 
0.000000 
0.000000 
0.000000 
0.000000 
0.000000 
0.000000 
0.000000 
0.000000 
0.000000 
0.000000 
0.000000 
0.000000 
0.000000 
0.000000 
0.000000 
0.000000 
0.000000 
0.000000 
0.000000 
0.000000 
0.000000 
0.000000 
0.000000 
0.000000 
0.000000 
0.000000 
0.000000 
0.000000 
0.000000 
