0.000000 
0.000000 
0.000000 
0.000000 
0.000000 
0.000000 
0.000000 
0.000000 
0.000000 
0.000000 
0.000000 
0.000000 
0.000000 
0.000000 
0.000000 
0.000000 
0.000000 
0.000000 
0.000000 
0.000000 
0.000000 
0.000000 
0.000000 
0.000000 
0.000000 
0.000000 
0.000000 
0.000000 
0.000000 
0.000000 
0.000000 
0.000000 
0.000000 
0.000000 
0.000000 
0.000000 
0.000000 
0.000000 
0.000000 
0.000000 
0.000000 
0.000000 
0.000000 
0.000000 
0.000000 
0.000000 
0.000000 
0.000000 
0.000000 
0.000000 
0.000000 
0.000000 
0.000000 
0.000000 
0.000000 
0.000000 
0.000000 
0.000000 
0.000000 
0.000000 
0.000000 
0.000000 
0.000000 
0.000000 
0.000000 
0.000000 
0.000000 
0.000000 
0.000000 
0.000000 
0.000000 
0.000000 
0.000000 
0.000000 
0.000000 
0.000000 
0.000000 
0.000000 
0.000000 
0.000000 
0.000000 
0.000000 
0.000000 
0.000000 
0.000000 
0.000000 
0.000000 
0.000000 
0.000000 
0.000000 
0.000000 
0.000000 
0.000000 
0.000000 
0.000000 
0.000000 
0.000000 
0.000000 
0.000000 
0.000000 
0.000000 
0.000000 
0.000000 
0.000000 
0.000000 
0.000000 
0.000000 
0.000000 
0.000000 
0.000000 
0.000000 
0.000000 
0.000000 
0.000000 
0.000000 
0.000000 
0.000000 
0.000000 
0.000000 
0.000000 
0.000000 
0.000000 
0.000000 
0.000000 
0.000000 
0.000000 
0.000000 
0.000000 
0.000000 
0.000000 
0.000000 
0.000000 
0.000000 
0.000000 
0.000000 
0.000000 
0.000000 
0.000000 
0.000000 
0.000000 
0.000000 
0.000000 
0.000000 
0.000000 
0.000000 
0.000000 
0.000000 
0.000000 
0.000000 
0.000000 
0.000000 
0.000000 
0.000000 
0.000000 
0.000000 
0.000000 
0.000000 
0.000000 
0.000000 
0.000000 
0.000000 
0.000000 
0.000000 
0.000000 
0.000000 
0.000000 
0.000000 
0.000000 
0.000000 
0.000000 
0.000000 
0.000000 
0.000000 
0.000000 
0.000000 
0.000000 
0.000000 
0.000000 
0.000000 
0.000000 
0.000000 
0.000000 
0.000000 
0.000000 
0.000000 
0.000000 
0.000000 
0.000000 
0.000000 
0.000000 
0.000000 
0.000000 
0.000000 
0.000000 
0.000000 
0.000000 
0.000000 
0.000000 
0.000000 
0.000000 
0.000000 
0.000000 
0.000000 
0.000000 
0.000000 
0.000000 
0.000000 
0.000000 
0.000000 
0.000000 
0.000000 
0.000000 
0.000000 
0.000000 
0.000000 
0.000000 
0.000000 
0.000000 
0.000000 
0.000000 
0.000000 
0.000000 
0.000000 
0.000000 
0.000000 
0.000000 
0.000000 
0.000000 
0.000000 
0.000000 
0.000000 
0.000000 
0.000000 
0.000000 
0.000000 
0.000000 
0.000000 
0.000000 
0.000000 
0.000000 
0.000000 
0.000000 
0.000000 
0.000000 
0.000000 
0.000000 
0.000000 
0.000000 
0.000000 
0.000000 
0.000000 
0.000000 
0.000000 
0.000000 
0.000000 
0.000000 
0.000000 
0.000000 
0.000000 
0.000000 
0.000000 
0.000000 
0.000000 
0.000000 
0.000000 
0.000000 
0.000000 
0.000000 
0.000000 
0.000000 
0.000000 
0.000000 
0.000000 
0.000000 
0.000000 
0.000000 
0.000000 
0.000000 
0.000000 
0.000000 
0.000000 
0.000000 
0.000000 
0.000000 
0.000000 
0.000000 
0.000000 
0.000000 
0.000000 
0.000000 
0.000000 
0.000000 
0.000000 
0.000000 
0.000000 
0.000000 
0.000000 
0.000000 
0.000000 
0.000000 
0.000000 
0.000000 
0.000000 
0.000000 
0.000000 
0.000000 
0.000000 
0.000000 
0.000000 
0.000000 
0.000000 
0.000000 
0.000000 
0.000000 
0.000000 
0.000000 
0.000000 
0.000000 
0.000000 
0.000000 
0.000000 
0.000000 
0.000000 
0.000000 
0.000000 
0.000000 
0.000000 
0.000000 
0.000000 
0.000000 
0.000000 
0.000000 
0.000000 
0.000000 
0.000000 
0.000000 
0.000000 
0.000000 
0.000000 
0.000000 
0.000000 
0.000000 
0.000000 
0.000000 
0.000000 
0.000000 
0.000000 
0.000000 
0.000000 
0.000000 
0.000000 
0.000000 
0.000000 
0.000000 
0.000000 
0.000000 
0.000000 
0.000000 
0.000000 
0.000000 
0.000000 
0.000000 
0.000000 
0.000000 
0.000000 
0.000000 
0.000000 
0.000000 
0.000000 
0.000000 
0.000000 
0.000000 
0.000000 
0.000000 
0.000000 
0.000000 
0.000000 
0.000000 
0.000000 
0.000000 
0.000000 
0.000000 
0.000000 
0.000000 
0.000000 
0.000000 
0.000000 
0.000000 
0.000000 
0.000000 
0.000000 
0.000000 
0.000000 
0.000000 
0.000000 
0.000000 
0.000000 
0.000000 
0.000000 
0.000000 
0.000000 
0.000000 
0.000000 
0.000000 
0.000000 
0.000000 
0.000000 
0.000000 
0.000000 
0.000000 
0.000000 
0.000000 
0.000000 
0.000000 
0.000000 
0.000000 
0.000000 
0.000000 
0.000000 
0.000000 
0.000000 
0.003924 
0.015974 
0.021714 
0.026223 
0.025722 
0.023615 
0.019486 
0.019992 
0.017709 
0.019600 
0.027755 
0.047405 
0.052465 
0.062061 
0.085445 
0.067789 
0.094747 
0.078222 
0.092821 
0.103184 
0.092798 
0.124503 
0.086806 
0.113397 
0.116760 
0.152893 
0.135657 
0.146307 
0.129693 
0.165487 
0.168730 
0.151885 
0.151380 
0.119756 
0.116923 
0.171181 
0.167321 
0.220128 
0.204245 
0.160559 
0.170392 
0.155825 
0.112883 
0.091285 
0.057864 
0.002292 
0.000000 
0.000000 
0.000000 
0.000000 
0.000000 
0.017101 
0.081063 
0.107745 
0.105010 
0.134555 
0.127302 
0.108701 
0.149108 
0.175888 
0.159843 
0.172555 
0.168134 
0.164675 
0.175433 
0.150299 
0.162150 
0.182973 
0.177703 
0.143389 
0.130889 
0.160889 
0.158550 
0.168000 
0.182435 
0.197875 
0.188902 
0.161259 
0.160617 
0.198228 
0.140035 
0.126725 
0.099038 
0.086853 
0.109799 
0.135660 
0.174998 
0.222280 
0.253815 
0.212204 
0.142379 
0.077448 
0.009157 
0.000000 
0.000000 
0.000000 
0.000000 
0.000000 
0.000000 
0.000000 
0.000000 
0.000000 
0.013249 
0.044392 
0.104091 
0.148721 
0.183803 
0.196581 
0.185188 
0.232641 
0.289260 
0.230585 
0.236809 
0.275109 
0.255026 
0.255753 
0.260084 
0.215887 
0.273231 
0.285007 
0.263352 
0.249997 
0.288793 
0.243381 
0.249809 
0.273307 
0.281245 
0.295026 
0.262548 
0.255985 
0.331196 
0.343789 
0.250627 
0.296494 
0.272429 
0.334120 
0.234539 
0.262243 
0.275550 
0.316789 
0.257063 
0.315119 
0.315091 
0.284767 
0.275780 
0.324331 
0.299038 
0.308389 
0.335927 
0.296042 
0.250066 
0.317084 
0.365689 
0.315186 
0.299372 
0.297610 
0.316770 
0.350127 
0.308427 
0.273014 
0.320606 
0.284603 
0.333965 
0.296975 
0.294643 
0.310551 
0.294380 
0.308162 
0.298491 
0.282500 
0.285659 
0.371228 
0.405930 
0.347661 
0.351055 
0.235002 
0.217905 
0.135208 
0.091748 
0.075650 
0.111209 
0.163365 
0.158828 
0.214754 
0.266240 
0.279739 
0.353537 
0.312081 
0.453832 
0.469815 
0.392430 
0.446901 
0.412782 
0.305569 
0.324902 
0.281656 
0.207098 
0.181386 
0.136884 
0.097797 
0.090676 
0.054440 
0.040234 
0.034506 
0.068487 
0.168933 
0.281023 
0.454157 
0.471970 
0.470529 
0.395008 
0.466739 
0.304664 
0.431193 
0.336178 
0.282541 
0.212993 
0.156342 
0.132265 
0.186921 
0.283331 
0.323522 
0.387099 
0.462936 
0.460617 
0.487869 
0.394934 
0.416640 
0.384219 
0.324150 
0.318614 
0.390325 
0.373084 
0.316453 
0.314512 
0.376965 
0.357768 
0.490052 
0.413258 
0.461089 
0.345982 
0.370460 
0.263212 
0.205957 
0.145974 
0.052177 
0.000000 
0.000000 
0.000000 
0.000000 
0.000000 
0.000000 
0.000000 
0.000000 
0.000000 
0.001612 
0.119872 
0.192922 
0.279208 
0.364499 
0.397291 
0.380915 
0.400458 
0.383118 
0.449884 
0.502257 
0.477413 
0.367205 
0.446979 
0.413523 
0.415061 
0.507140 
0.463464 
0.436766 
0.448422 
0.404259 
0.465359 
0.481480 
0.328185 
0.472302 
0.399096 
0.433930 
0.402847 
0.386905 
0.329052 
0.200950 
0.073782 
0.000000 
0.000000 
0.000000 
0.000000 
0.000000 
0.019190 
0.038319 
0.083569 
0.091873 
0.129917 
0.145518 
0.124658 
0.109001 
0.087023 
0.046816 
0.003228 
0.000000 
0.003717 
0.042550 
0.097281 
0.147678 
0.166382 
0.241350 
0.263954 
0.306943 
0.334399 
0.309374 
0.286924 
0.220310 
0.109121 
0.049510 
0.012939 
0.017566 
0.020778 
0.027283 
0.035129 
0.034738 
0.033029 
0.020381 
0.010445 
0.000555 
0.000000 
0.002089 
0.017870 
0.039318 
0.054059 
0.078933 
0.099696 
0.106847 
0.133544 
0.148692 
0.175043 
0.234793 
0.286179 
0.367147 
0.419512 
0.397375 
0.429489 
0.417268 
0.359037 
0.397446 
0.291322 
0.287331 
0.168896 
0.105278 
0.033757 
0.000000 
0.000000 
0.000000 
0.000000 
0.000000 
0.000000 
0.000000 
0.000000 
0.031992 
0.090365 
0.160231 
0.214720 
0.381225 
0.420945 
0.417127 
0.499653 
0.563895 
0.430114 
0.493150 
0.522083 
0.515725 
0.463797 
0.512990 
0.420239 
0.500976 
0.386575 
0.409823 
0.424483 
0.374431 
0.429483 
0.410427 
0.495031 
0.377289 
0.420864 
0.396890 
0.437415 
0.427834 
0.468526 
0.409116 
0.429085 
0.467938 
0.403554 
0.415545 
0.400098 
0.435516 
0.505574 
0.503959 
0.493326 
0.475353 
0.437584 
0.416372 
0.378006 
0.370418 
0.368066 
0.313810 
0.274315 
0.332252 
0.306208 
0.384213 
0.450241 
0.438169 
0.352488 
0.455290 
0.371254 
0.451195 
0.370694 
0.477209 
0.419237 
0.398294 
0.427241 
0.389213 
0.427815 
0.445727 
0.396872 
0.443235 
0.528686 
0.448563 
0.370473 
0.255848 
0.344916 
0.291499 
0.247372 
0.217159 
0.216905 
0.174352 
0.181039 
0.168476 
0.235076 
0.318355 
0.360455 
0.359637 
0.328378 
0.350783 
0.389342 
0.407861 
0.452146 
0.374143 
0.409857 
0.337314 
0.356607 
0.364427 
0.397061 
0.377811 
0.400069 
0.346711 
0.506280 
0.422545 
0.381628 
0.360827 
0.268226 
0.294778 
0.317189 
0.279045 
0.310577 
0.292664 
0.258884 
0.216562 
0.267078 
0.238660 
0.266278 
0.260200 
0.214428 
0.282369 
0.271737 
0.293057 
0.326006 
0.322037 
0.348956 
0.342085 
0.282673 
0.355450 
0.273475 
0.204022 
0.124375 
0.057601 
0.014467 
0.004083 
0.000000 
0.000000 
0.000000 
0.000000 
0.000000 
0.000000 
0.000000 
0.000000 
0.000000 
0.000000 
0.000000 
0.000000 
0.000000 
0.009250 
0.021438 
0.050397 
0.060288 
0.120932 
0.177408 
0.194594 
0.248489 
0.284072 
0.306562 
0.269213 
0.259427 
0.273635 
0.311167 
0.271310 
0.225316 
0.197703 
0.188949 
0.147937 
0.107505 
0.117421 
0.118556 
0.110540 
0.091306 
0.094116 
0.094953 
0.094018 
0.089788 
0.114473 
0.127833 
0.169080 
0.153478 
0.266599 
0.300864 
0.328670 
0.345183 
0.326461 
0.296942 
0.380782 
0.363157 
0.243303 
0.282823 
0.259720 
0.257576 
0.230690 
0.212831 
0.172741 
0.184960 
0.181207 
0.175250 
0.160219 
0.146934 
0.142092 
0.153383 
0.190574 
0.187155 
0.193234 
0.236270 
0.198849 
0.188417 
0.249882 
0.220461 
0.242798 
0.243461 
0.250332 
0.225755 
0.256869 
0.234624 
0.192137 
0.127721 
0.094870 
0.117956 
0.156165 
0.170836 
0.221128 
0.240622 
0.188379 
0.204266 
0.142413 
0.117027 
0.072320 
0.091607 
0.083402 
0.079490 
0.090333 
0.113303 
0.108301 
0.082313 
0.105607 
0.106552 
0.102329 
0.109865 
0.102458 
0.080921 
0.067933 
0.087339 
0.087285 
0.081907 
0.071719 
0.055680 
0.054979 
0.047506 
0.038337 
0.033753 
0.019987 
0.019064 
0.013037 
0.006033 
0.000412 
0.000000 
0.000000 
0.000000 
0.000000 
0.000000 
0.000000 
0.000000 
0.000000 
0.000000 
0.000000 
0.000000 
0.000000 
0.000000 
0.000000 
0.000000 
0.000000 
0.000000 
0.000000 
0.000000 
0.000000 
0.000000 
0.000000 
0.000000 
0.000000 
0.000000 
0.000000 
0.000000 
0.000000 
0.000000 
0.000000 
0.001565 
0.004544 
0.008011 
0.009443 
0.010890 
0.016626 
0.016005 
0.015438 
0.016058 
0.019863 
0.019715 
0.018726 
0.020756 
0.024020 
0.015254 
0.014063 
0.017392 
0.017246 
0.029750 
0.032743 
0.041055 
0.044928 
0.057576 
0.048249 
0.041969 
0.051329 
0.055326 
0.074343 
0.098578 
0.141173 
0.172843 
0.151102 
0.134307 
0.184436 
0.163397 
0.171429 
0.127943 
0.112621 
0.098955 
0.093385 
0.072046 
0.055362 
0.061301 
0.062337 
0.065580 
0.055895 
0.056062 
0.039207 
0.041208 
0.028305 
0.020726 
0.012487 
0.009165 
0.005770 
0.002526 
0.000219 
0.000000 
0.000000 
0.000000 
0.000000 
0.000000 
0.000000 
0.000000 
0.000000 
0.000000 
0.000000 
0.000240 
0.000000 
0.000000 
0.000000 
0.000000 
0.000000 
0.000000 
0.000000 
0.000000 
0.000000 
0.000000 
0.000000 
0.000000 
0.000000 
0.000745 
0.001762 
0.001119 
0.000000 
0.000000 
0.000000 
0.000000 
0.000000 
0.000000 
0.000000 
0.000000 
0.000000 
0.000000 
0.000000 
0.000000 
0.000000 
0.000000 
0.000000 
0.000000 
0.000000 
0.000000 
0.000000 
0.000000 
0.000000 
0.000000 
0.000000 
0.000000 
0.000000 
0.000000 
0.000000 
0.000000 
0.000000 
0.000000 
0.000000 
0.000000 
0.000000 
0.000000 
0.000000 
0.000000 
0.000000 
0.000000 
0.000000 
0.000000 
0.000000 
0.000000 
0.000000 
0.000000 
0.000000 
0.000000 
0.000000 
0.000000 
0.000000 
0.000000 
0.000000 
0.000000 
0.000000 
0.000000 
0.000000 
0.000000 
0.000000 
0.000000 
0.000000 
0.000000 
0.000000 
0.000000 
0.000000 
0.000000 
0.000000 
0.000000 
0.000000 
0.000000 
0.000000 
0.000000 
0.000000 
0.000000 
0.000000 
0.000000 
0.000000 
0.000000 
0.000000 
0.000000 
0.000000 
0.000000 
0.000000 
0.000000 
0.000000 
0.000000 
0.000000 
0.000000 
0.000000 
0.000000 
0.000000 
0.000000 
0.000000 
0.000000 
0.000000 
0.000000 
0.000000 
0.000000 
0.000000 
0.000000 
0.000000 
0.000000 
0.000000 
0.000000 
0.000000 
0.000000 
0.000000 
0.000000 
0.000000 
0.000000 
0.000000 
0.000000 
0.000000 
0.000000 
0.000000 
0.000000 
0.000000 
0.000000 
0.000000 
0.000000 
0.000000 
0.000000 
0.000000 
0.000000 
0.000000 
0.000000 
0.000000 
0.000000 
0.000000 
0.000000 
0.000000 
0.000000 
0.000000 
0.000000 
0.000000 
0.000000 
0.000000 
0.000000 
0.000000 
0.000000 
0.000000 
0.000000 
0.000000 
0.000000 
0.000000 
0.000000 
0.000000 
0.000000 
0.000000 
0.000000 
0.000000 
0.000000 
0.000000 
0.000000 
0.000000 
0.000000 
0.000000 
0.000000 
0.000000 
0.000000 
0.000000 
0.000000 
0.000000 
0.000000 
0.000000 
0.000000 
0.000000 
0.000000 
0.000000 
0.000000 
0.000000 
0.000000 
0.000000 
0.000000 
0.000000 
0.000000 
0.000000 
0.000000 
0.000000 
0.000000 
0.000000 
0.000000 
0.000000 
0.000000 
0.000000 
0.000000 
0.000000 
0.000000 
0.000000 
0.000000 
0.000000 
0.000000 
0.000000 
0.000000 
0.000000 
0.000000 
0.000000 
0.000000 
0.000000 
0.000000 
0.000000 
0.000000 
0.000000 
0.000000 
0.000000 
0.000000 
0.000000 
0.000000 
0.000000 
0.000000 
0.000000 
0.000000 
0.000000 
0.000000 
0.000000 
0.000000 
0.000000 
0.000000 
0.000000 
0.000000 
0.000000 
0.000000 
0.000000 
0.000000 
0.000000 
0.000000 
0.000000 
0.000000 
0.000000 
0.000000 
0.000000 
0.000000 
0.000000 
0.000000 
0.000000 
0.000000 
0.000000 
0.000000 
0.000000 
0.000000 
0.000000 
0.000000 
0.000000 
0.000000 
0.000000 
0.000000 
0.000000 
0.000000 
0.000000 
0.000000 
0.000000 
0.000000 
0.000000 
0.000000 
0.000000 
0.000000 
0.000000 
0.000000 
0.000000 
0.000000 
0.000000 
0.000000 
0.000000 
0.000000 
0.000000 
0.000000 
0.000000 
0.000000 
0.000000 
0.000000 
0.000000 
0.000000 
0.000000 
0.000000 
0.000000 
0.000000 
0.000000 
0.000000 
0.000000 
0.000000 
0.000000 
0.000000 
0.000000 
0.000000 
0.000000 
0.000000 
0.000000 
0.000000 
0.000000 
0.000000 
0.000000 
0.000000 
0.000000 
0.000000 
0.000000 
0.000000 
