0.068000 
0.068000 
0.068000 
0.068000 
0.068000 
0.068000 
0.068000 
0.068000 
0.068000 
0.068000 
0.068000 
0.068000 
0.068000 
0.068000 
0.068000 
0.068000 
0.068000 
0.068000 
0.068000 
0.068000 
0.068000 
0.068000 
0.068000 
0.068000 
0.068000 
0.068000 
0.068000 
0.068000 
0.068000 
0.068000 
0.068000 
0.068000 
0.068000 
0.068000 
0.068000 
0.068000 
0.068000 
0.068000 
0.068000 
0.068000 
0.068000 
0.068000 
0.068000 
0.068000 
0.068000 
0.068000 
0.068000 
0.068000 
0.068000 
0.068000 
0.068000 
0.068000 
0.068000 
0.068000 
0.068000 
0.068000 
0.068000 
0.068000 
0.068000 
0.068000 
0.068000 
0.068000 
0.068000 
0.068000 
0.068000 
0.068000 
0.068000 
0.068000 
0.068000 
0.068000 
0.068000 
0.068000 
0.068000 
0.068000 
0.068000 
0.068000 
0.068000 
0.068000 
0.068000 
0.068000 
0.068000 
0.068000 
0.068000 
0.068000 
0.068000 
0.068000 
0.068000 
0.068000 
0.068000 
0.068000 
0.068000 
0.068000 
0.068000 
0.068000 
0.068000 
0.068000 
0.068000 
0.068000 
0.068000 
0.068000 
0.068000 
0.068000 
0.068000 
0.068000 
0.068000 
0.068000 
0.068000 
0.068000 
0.068000 
0.068000 
0.068000 
0.068000 
0.068000 
0.068000 
0.068000 
0.075102 
0.093638 
0.119448 
0.148377 
0.176267 
0.209786 
0.252140 
0.293974 
0.325935 
0.338667 
0.338667 
0.338667 
0.338667 
0.338667 
0.338667 
0.338667 
0.338667 
0.338667 
0.338667 
0.338667 
0.338667 
0.338667 
0.338667 
0.338667 
0.338667 
0.310517 
0.243392 
0.163275 
0.096149 
0.068000 
0.068000 
0.068000 
0.068000 
0.068000 
0.068000 
0.068000 
0.068000 
0.068000 
0.068000 
0.068000 
0.068000 
0.068000 
0.068000 
0.068000 
0.068000 
0.068000 
0.068000 
0.068000 
0.068000 
0.068000 
0.068000 
0.068000 
0.068000 
0.068000 
0.068000 
0.068000 
0.068000 
0.068000 
0.068000 
0.068000 
0.068000 
0.068000 
0.068000 
0.068000 
0.068000 
0.068000 
0.068000 
0.068000 
0.068000 
0.068000 
0.068000 
0.068000 
0.068000 
0.068000 
0.068000 
0.070858 
0.078740 
0.090606 
0.105417 
0.122133 
0.155739 
0.210825 
0.270762 
0.318919 
0.338667 
0.338667 
0.338667 
0.338667 
0.338667 
0.338667 
0.338667 
0.338667 
0.338667 
0.338667 
0.338667 
0.338667 
0.338667 
0.338667 
0.338667 
0.338667 
0.318919 
0.270762 
0.210825 
0.155739 
0.122133 
0.105417 
0.090606 
0.078740 
0.070858 
0.068000 
0.068000 
0.068000 
0.068000 
0.068000 
0.068000 
0.068000 
0.068000 
0.068000 
0.068000 
0.068000 
0.068000 
0.068000 
0.068000 
0.068000 
0.068000 
0.068000 
0.068000 
0.068000 
0.068000 
0.068000 
0.068000 
0.068000 
0.068000 
0.068000 
0.068000 
0.068000 
0.068000 
0.068000 
0.068000 
0.068000 
0.068000 
0.068000 
0.068000 
0.068000 
0.068000 
0.068000 
0.068000 
0.068000 
0.068000 
0.068000 
0.068000 
0.068000 
0.068000 
0.068000 
0.068000 
0.068000 
0.068000 
0.068000 
0.068000 
0.068000 
0.068000 
0.068000 
0.068000 
0.068000 
0.068000 
0.068000 
0.068000 
0.068000 
0.068000 
0.068000 
0.068000 
0.068000 
0.068000 
0.068000 
0.068000 
0.068000 
0.068000 
0.068000 
0.068000 
0.068000 
0.068000 
0.068000 
0.068000 
0.068000 
0.068000 
0.075102 
0.093638 
0.119448 
0.148377 
0.176267 
0.209786 
0.252140 
0.293974 
0.325935 
0.338667 
0.338667 
0.338667 
0.338667 
0.338667 
0.338667 
0.338667 
0.338667 
0.338667 
0.338667 
0.338667 
0.338667 
0.338667 
0.338667 
0.338667 
0.338667 
0.310517 
0.243392 
0.163275 
0.096149 
0.068000 
0.068000 
0.068000 
0.068000 
0.068000 
0.068000 
0.068000 
0.068000 
0.068000 
0.068000 
0.068000 
0.068000 
0.068000 
0.068000 
0.068000 
0.068000 
0.068000 
0.068000 
0.068000 
0.068000 
0.068000 
0.068000 
0.068000 
0.068000 
0.068000 
0.068000 
0.068000 
0.068000 
0.068000 
0.068000 
0.068000 
0.068000 
0.068000 
0.068000 
0.068000 
0.068000 
0.068000 
0.068000 
0.068000 
0.068000 
0.068000 
0.080732 
0.112692 
0.154527 
0.196881 
0.230400 
0.258289 
0.287218 
0.313029 
0.331564 
0.338667 
0.338667 
0.338667 
0.338667 
0.338667 
0.338667 
0.338667 
0.338667 
0.338667 
0.338667 
0.338667 
0.335808 
0.327927 
0.316061 
0.301250 
0.284533 
0.250927 
0.195841 
0.135905 
0.087748 
0.068000 
0.068000 
0.068000 
0.068000 
0.068000 
0.068000 
0.068000 
0.068000 
0.068000 
0.068000 
0.068000 
0.068000 
0.068000 
0.068000 
0.068000 
0.068000 
0.068000 
0.068000 
0.068000 
0.068000 
0.068000 
0.068000 
0.068000 
0.068000 
0.068000 
0.068000 
0.068000 
0.068000 
0.068000 
0.068000 
0.068000 
0.071763 
0.081210 
0.093574 
0.106093 
0.116000 
0.122429 
0.127350 
0.132258 
0.138643 
0.148000 
0.173743 
0.221563 
0.281365 
0.343053 
0.396533 
0.448250 
0.505036 
0.557377 
0.595759 
0.610667 
0.609557 
0.606912 
0.603755 
0.601109 
0.600000 
0.604808 
0.618903 
0.641794 
0.672990 
0.712000 
0.959918 
1.497998 
2.145986 
2.723626 
3.050667 
3.180019 
3.285432 
3.367901 
3.428425 
3.468000 
3.496128 
3.520637 
3.540016 
3.552752 
3.557333 
3.418119 
3.064790 
2.593814 
2.101661 
1.684800 
1.294535 
0.865804 
0.470525 
0.180618 
0.068000 
0.068000 
0.068000 
0.068000 
0.068000 
0.068000 
0.068000 
0.068000 
0.068000 
0.068000 
0.068000 
0.068000 
0.068000 
0.068000 
0.068000 
0.068000 
0.068000 
0.068000 
0.068000 
0.068000 
0.068000 
0.068000 
0.068000 
0.068000 
0.068000 
0.068000 
0.068000 
0.068000 
0.068000 
0.068000 
0.068000 
0.068000 
0.068000 
0.068000 
0.068000 
0.068000 
0.068000 
0.068000 
0.068000 
0.068000 
0.068000 
0.068000 
0.068000 
0.068000 
0.068000 
0.068000 
0.096149 
0.163275 
0.243392 
0.310517 
0.338667 
0.338667 
0.338667 
0.338667 
0.338667 
0.338667 
0.338667 
0.338667 
0.338667 
0.338667 
0.338667 
0.338667 
0.338667 
0.338667 
0.338667 
0.338667 
0.346803 
0.369880 
0.405903 
0.452875 
0.508800 
0.674105 
0.981907 
1.329243 
1.613150 
1.730667 
1.730667 
1.730667 
1.730667 
1.730667 
1.730667 
1.730667 
1.730667 
1.730667 
1.730667 
1.730667 
1.730667 
1.730667 
1.730667 
1.730667 
1.730667 
1.730667 
1.730667 
1.730667 
1.730667 
1.730667 
1.713109 
1.664692 
1.591801 
1.500820 
1.398133 
1.191697 
0.853311 
0.485130 
0.189308 
0.068000 
0.068000 
0.068000 
0.068000 
0.068000 
0.068000 
0.109600 
0.208800 
0.327200 
0.426400 
0.468000 
0.426400 
0.327200 
0.208800 
0.109600 
0.068000 
0.087748 
0.135905 
0.195841 
0.250927 
0.284533 
0.301250 
0.316061 
0.327927 
0.335808 
0.338667 
0.338667 
0.338667 
0.338667 
0.338667 
0.338667 
0.338667 
0.338667 
0.338667 
0.338667 
0.338667 
0.331564 
0.313029 
0.287218 
0.258289 
0.230400 
0.196881 
0.154527 
0.112692 
0.080732 
0.068000 
0.068000 
0.068000 
0.068000 
0.068000 
0.068000 
0.068000 
0.068000 
0.068000 
0.068000 
0.068000 
0.068000 
0.068000 
0.068000 
0.068000 
0.068000 
0.068000 
0.068000 
0.068000 
0.068000 
0.068000 
0.068000 
0.068000 
0.068000 
0.068000 
0.068000 
0.068000 
0.068000 
0.068000 
0.068000 
0.068000 
0.068000 
0.068000 
0.068000 
0.068000 
0.068000 
0.068000 
0.068000 
0.068000 
0.068000 
0.068000 
0.068000 
0.068000 
0.068000 
0.068000 
0.068000 
0.075102 
0.093638 
0.119448 
0.148377 
0.176267 
0.209786 
0.252140 
0.293974 
0.325935 
0.338667 
0.338667 
0.338667 
0.338667 
0.338667 
0.338667 
0.338667 
0.338667 
0.338667 
0.338667 
0.338667 
0.338667 
0.338667 
0.338667 
0.338667 
0.338667 
0.310517 
0.243392 
0.163275 
0.096149 
0.068000 
0.068000 
0.068000 
0.068000 
0.068000 
0.068000 
0.068000 
0.068000 
0.068000 
0.068000 
0.068000 
0.068000 
0.068000 
0.068000 
0.068000 
0.068000 
0.068000 
0.068000 
0.068000 
0.068000 
0.068000 
0.068000 
0.068000 
0.068000 
0.068000 
0.068000 
0.068000 
0.068000 
0.068000 
0.068000 
0.068000 
0.068000 
0.068000 
0.068000 
0.068000 
0.068000 
0.068000 
0.068000 
0.068000 
0.068000 
0.068000 
0.068000 
0.068000 
0.068000 
0.068000 
0.068000 
0.068000 
0.068000 
0.068000 
0.068000 
0.068000 
0.068000 
0.068000 
0.068000 
0.068000 
0.068000 
0.068000 
0.068000 
0.068000 
0.068000 
0.068000 
0.075102 
0.093638 
0.119448 
0.148377 
0.176267 
0.209786 
0.252140 
0.293974 
0.325935 
0.338667 
0.338667 
0.338667 
0.338667 
0.338667 
0.338667 
0.338667 
0.338667 
0.338667 
0.338667 
0.338667 
0.338667 
0.338667 
0.338667 
0.338667 
0.338667 
0.310517 
0.243392 
0.163275 
0.096149 
0.068000 
0.068000 
0.068000 
0.068000 
0.068000 
0.068000 
0.068000 
0.068000 
0.068000 
0.068000 
0.068000 
0.068000 
0.068000 
0.068000 
0.068000 
0.068000 
0.068000 
0.068000 
0.068000 
0.068000 
0.068000 
0.068000 
0.068000 
0.068000 
0.068000 
0.068000 
0.068000 
0.068000 
0.068000 
0.068000 
0.068000 
0.068000 
0.068000 
0.068000 
0.068000 
0.068000 
0.068000 
0.068000 
0.068000 
0.068000 
0.068000 
0.068000 
0.068000 
0.068000 
0.068000 
0.068000 
0.068000 
0.068000 
0.068000 
0.068000 
0.068000 
0.068000 
0.068000 
0.068000 
0.068000 
0.068000 
0.068000 
0.068000 
0.068000 
0.068000 
0.068000 
0.068000 
0.068000 
0.068000 
0.068000 
0.068000 
0.068000 
0.068000 
0.068000 
0.068000 
0.068000 
0.068000 
0.068000 
0.068000 
0.068000 
0.068000 
0.068000 
0.068000 
0.068000 
0.068000 
0.068000 
0.068000 
0.068000 
0.068000 
0.068000 
0.068000 
0.070858 
0.078740 
0.090606 
0.105417 
0.122133 
0.155739 
0.210825 
0.270762 
0.318919 
0.338667 
0.338667 
0.338667 
0.338667 
0.338667 
0.338667 
0.338667 
0.338667 
0.338667 
0.338667 
0.338667 
0.338667 
0.338667 
0.338667 
0.338667 
0.338667 
0.318919 
0.270762 
0.210825 
0.155739 
0.122133 
0.105417 
0.090606 
0.078740 
0.070858 
0.068000 
0.068000 
0.068000 
0.068000 
0.068000 
0.068000 
0.068000 
0.068000 
0.068000 
0.068000 
0.068000 
0.068000 
0.068000 
0.068000 
0.068000 
0.068000 
0.068000 
0.068000 
0.068000 
0.068000 
0.068000 
0.068000 
0.068000 
0.068000 
0.068000 
0.068000 
0.068000 
0.068000 
0.068000 
0.068000 
0.068000 
0.068000 
0.068000 
0.068000 
0.068000 
0.068000 
0.068000 
0.068000 
0.068000 
0.068000 
0.068000 
0.068000 
0.068000 
0.068000 
0.068000 
0.068000 
0.068000 
0.068000 
0.068000 
0.068000 
0.068000 
0.068000 
0.068000 
0.068000 
0.068000 
0.068000 
0.068000 
0.068000 
0.068000 
0.068000 
0.068000 
0.068000 
0.068000 
0.068000 
0.068000 
0.068000 
0.068000 
0.068000 
0.068000 
0.068000 
0.068000 
0.068000 
0.068000 
0.068000 
0.068000 
0.068000 
0.068000 
0.068000 
0.068000 
0.068000 
0.068000 
0.068000 
0.068000 
0.068000 
0.068000 
0.068000 
0.068000 
0.068000 
0.068000 
0.068000 
0.068000 
0.068000 
0.068000 
0.068000 
0.068000 
0.068000 
0.068000 
0.068000 
0.068000 
0.068000 
0.068000 
0.068000 
0.068000 
0.068000 
0.068000 
0.068000 
0.068000 
0.068000 
0.068000 
0.068000 
0.068000 
0.068000 
0.068000 
0.068000 
0.068000 
0.068000 
0.080732 
0.112692 
0.154527 
0.196881 
0.230400 
0.258289 
0.287218 
0.313029 
0.331564 
0.338667 
0.338667 
0.338667 
0.338667 
0.338667 
0.338667 
0.338667 
0.338667 
0.338667 
0.338667 
0.338667 
0.335808 
0.327927 
0.316061 
0.301250 
0.284533 
0.250927 
0.195841 
0.135905 
0.087748 
0.068000 
0.068000 
0.068000 
0.068000 
0.068000 
0.068000 
0.068000 
0.068000 
0.068000 
0.068000 
0.068000 
0.068000 
0.068000 
0.068000 
0.068000 
0.068000 
0.068000 
0.068000 
0.068000 
0.068000 
0.068000 
0.068000 
0.068000 
0.068000 
0.068000 
0.068000 
0.068000 
0.068000 
0.068000 
0.068000 
0.068000 
0.068000 
0.068000 
0.068000 
0.068000 
0.068000 
0.068000 
0.068000 
0.068000 
0.068000 
0.068000 
0.068000 
0.068000 
0.068000 
0.068000 
0.068000 
0.068000 
0.068000 
0.068000 
0.068000 
0.068000 
0.068000 
0.068000 
0.068000 
0.068000 
0.068000 
0.070858 
0.078740 
0.090606 
0.105417 
0.122133 
0.155739 
0.210825 
0.270762 
0.318919 
0.338667 
0.338667 
0.338667 
0.338667 
0.338667 
0.338667 
0.338667 
0.338667 
0.338667 
0.338667 
0.338667 
0.338667 
0.338667 
0.338667 
0.338667 
0.338667 
0.318919 
0.270762 
0.210825 
0.155739 
0.122133 
0.105417 
0.090606 
0.078740 
0.070858 
0.068000 
0.068000 
0.068000 
0.068000 
0.068000 
0.068000 
0.068000 
0.068000 
0.068000 
0.068000 
0.068000 
0.068000 
0.068000 
0.068000 
0.068000 
0.068000 
0.068000 
0.068000 
0.068000 
0.068000 
0.068000 
0.068000 
0.068000 
0.068000 
0.068000 
0.068000 
0.068000 
0.068000 
0.068000 
0.068000 
0.068000 
0.068000 
0.068000 
0.068000 
0.068000 
0.068000 
0.068000 
0.068000 
0.068000 
0.068000 
0.068000 
0.075102 
0.093638 
0.119448 
0.148377 
0.176267 
0.209786 
0.252140 
0.293974 
0.325935 
0.338667 
0.338667 
0.338667 
0.338667 
0.338667 
0.338667 
0.338667 
0.338667 
0.338667 
0.338667 
0.338667 
0.338667 
0.338667 
0.338667 
0.338667 
0.338667 
0.310517 
0.243392 
0.163275 
0.096149 
0.068000 
0.068000 
0.068000 
0.068000 
0.068000 
0.068000 
0.069568 
0.073621 
0.079184 
0.085280 
0.090933 
0.095636 
0.100067 
0.105025 
0.111313 
0.119733 
0.142504 
0.182700 
0.227403 
0.263698 
0.278667 
0.274443 
0.264075 
0.251019 
0.238731 
0.230667 
0.225931 
0.221579 
0.217995 
0.215563 
0.214667 
0.214667 
0.214667 
0.214667 
0.214667 
0.214667 
0.219593 
0.231900 
0.247877 
0.263814 
0.276000 
0.283902 
0.290258 
0.296262 
0.303111 
0.312000 
0.327156 
0.348725 
0.371783 
0.391405 
0.402667 
0.407812 
0.412215 
0.415646 
0.417873 
0.418667 
0.418389 
0.417728 
0.416939 
0.416277 
0.416000 
0.496855 
0.708250 
1.003431 
1.335644 
1.658133 
2.049667 
2.547317 
3.041788 
3.423781 
3.584000 
3.595667 
3.604834 
3.611447 
3.615453 
3.616800 
3.582100 
3.486652 
3.343434 
3.165424 
2.965600 
2.574999 
1.942058 
1.255857 
0.705478 
0.480000 
0.480499 
0.481922 
0.484163 
0.487114 
0.490667 
0.502539 
0.525330 
0.551251 
0.572515 
0.581333 
0.578825 
0.571996 
0.561887 
0.549541 
0.536000 
0.512197 
0.475382 
0.436068 
0.404769 
0.392000 
0.395376 
0.404134 
0.416217 
0.429569 
0.442133 
0.456473 
0.474057 
0.491192 
0.504182 
0.509333 
0.502194 
0.485024 
0.464198 
0.446088 
0.437067 
0.434896 
0.433121 
0.431791 
0.430956 
0.430667 
0.435684 
0.448717 
0.466734 
0.486706 
0.505600 
0.525581 
0.548844 
0.572411 
0.593300 
0.608533 
0.619941 
0.630642 
0.639585 
0.645721 
0.648000 
0.647462 
0.646171 
0.644617 
0.643286 
0.642667 
0.642591 
0.642551 
0.642522 
0.642480 
0.642400 
0.619507 
0.565071 
0.500134 
0.445741 
0.422933 
0.430465 
0.449516 
0.474776 
0.500930 
0.522667 
0.539490 
0.555028 
0.570155 
0.585743 
0.602667 
0.624650 
0.651211 
0.676914 
0.696323 
0.704000 
0.701838 
0.696020 
0.687549 
0.677431 
0.666667 
0.649801 
0.625133 
0.599298 
0.578930 
0.570667 
0.572733 
0.577996 
0.585052 
0.592499 
0.598933 
0.605174 
0.612158 
0.618661 
0.623461 
0.625333 
0.616738 
0.595814 
0.569854 
0.546152 
0.532000 
0.525948 
0.521326 
0.517596 
0.514222 
0.510667 
0.506416 
0.501811 
0.497599 
0.494524 
0.493333 
0.525393 
0.601843 
0.693090 
0.769540 
0.801600 
0.799872 
0.791659 
0.772416 
0.737600 
0.682667 
