0.065333 
0.065333 
0.065333 
0.065333 
0.065333 
0.065333 
0.065333 
0.065333 
0.065333 
0.065333 
0.065333 
0.065333 
0.065333 
0.065333 
0.065333 
0.065333 
0.065333 
0.065333 
0.065333 
0.065333 
0.065333 
0.065333 
0.065333 
0.065333 
0.065333 
0.065333 
0.065333 
0.065333 
0.065333 
0.065333 
0.065333 
0.065333 
0.065333 
0.065333 
0.065333 
0.065333 
0.065333 
0.065333 
0.065333 
0.065333 
0.065333 
0.065333 
0.065333 
0.065333 
0.065333 
0.065333 
0.065333 
0.065333 
0.065333 
0.065333 
0.065333 
0.065333 
0.065333 
0.065333 
0.065333 
0.065333 
0.065333 
0.065333 
0.065333 
0.065333 
0.065333 
0.065333 
0.065333 
0.065333 
0.065333 
0.065333 
0.065333 
0.065333 
0.065333 
0.065333 
0.065333 
0.065333 
0.065333 
0.065333 
0.065333 
0.065333 
0.065333 
0.065333 
0.065333 
0.065333 
0.065333 
0.065333 
0.065333 
0.065333 
0.065333 
0.065333 
0.065333 
0.065333 
0.065333 
0.065333 
0.065333 
0.065333 
0.065333 
0.065333 
0.065333 
0.078065 
0.110026 
0.151860 
0.194214 
0.227733 
0.255623 
0.284552 
0.310362 
0.328898 
0.336000 
0.336000 
0.336000 
0.336000 
0.336000 
0.336000 
0.336000 
0.336000 
0.336000 
0.336000 
0.336000 
0.333142 
0.325260 
0.313394 
0.298583 
0.281867 
0.248261 
0.193175 
0.133238 
0.085081 
0.065333 
0.065333 
0.065333 
0.065333 
0.065333 
0.065333 
0.065333 
0.065333 
0.065333 
0.065333 
0.065333 
0.065333 
0.065333 
0.065333 
0.065333 
0.065333 
0.065333 
0.065333 
0.065333 
0.065333 
0.065333 
0.075159 
0.099119 
0.128939 
0.156346 
0.173067 
0.181384 
0.188753 
0.194656 
0.198578 
0.200000 
0.200000 
0.200000 
0.200000 
0.200000 
0.200000 
0.201436 
0.205396 
0.211359 
0.218801 
0.227200 
0.244086 
0.271764 
0.301880 
0.326077 
0.336000 
0.336000 
0.336000 
0.336000 
0.336000 
0.336000 
0.336000 
0.336000 
0.336000 
0.336000 
0.336000 
0.336000 
0.336000 
0.336000 
0.336000 
0.336000 
0.316252 
0.268095 
0.208159 
0.153073 
0.119467 
0.102750 
0.087939 
0.076073 
0.068192 
0.065333 
0.065333 
0.065333 
0.065333 
0.065333 
0.065333 
0.065333 
0.065333 
0.065333 
0.065333 
0.065333 
0.065333 
0.065333 
0.065333 
0.065333 
0.065333 
0.065333 
0.065333 
0.065333 
0.065333 
0.065333 
0.065333 
0.065333 
0.065333 
0.065333 
0.065333 
0.065333 
0.065333 
0.065333 
0.065333 
0.065333 
0.065333 
0.065333 
0.065333 
0.065333 
0.065333 
0.068192 
0.076073 
0.087939 
0.102750 
0.119467 
0.153073 
0.208159 
0.268095 
0.316252 
0.336000 
0.336000 
0.336000 
0.336000 
0.336000 
0.336000 
0.336000 
0.336000 
0.336000 
0.336000 
0.336000 
0.336000 
0.336000 
0.336000 
0.336000 
0.336000 
0.313481 
0.259780 
0.195686 
0.141986 
0.119467 
0.127842 
0.147814 
0.171652 
0.191625 
0.200000 
0.200000 
0.200000 
0.200000 
0.200000 
0.200000 
0.200000 
0.200000 
0.200000 
0.200000 
0.200000 
0.196466 
0.187244 
0.174403 
0.160009 
0.146133 
0.129456 
0.108384 
0.087569 
0.071668 
0.065333 
0.065333 
0.065333 
0.065333 
0.065333 
0.065333 
0.065333 
0.065333 
0.065333 
0.065333 
0.065333 
0.065333 
0.065333 
0.065333 
0.065333 
0.065333 
0.070657 
0.083437 
0.098888 
0.112227 
0.118667 
0.119722 
0.120306 
0.120736 
0.121329 
0.122400 
0.130406 
0.147449 
0.167316 
0.183793 
0.190667 
0.186895 
0.177901 
0.167166 
0.158172 
0.154400 
0.163275 
0.184437 
0.209696 
0.230859 
0.239733 
0.235268 
0.224621 
0.211913 
0.201265 
0.196800 
0.197133 
0.197926 
0.198874 
0.199667 
0.200000 
0.200000 
0.200000 
0.200000 
0.200000 
0.200000 
0.209847 
0.233871 
0.263798 
0.291355 
0.308267 
0.316803 
0.324387 
0.330477 
0.334529 
0.336000 
0.336000 
0.336000 
0.336000 
0.336000 
0.336000 
0.336000 
0.336000 
0.336000 
0.336000 
0.336000 
0.336000 
0.336000 
0.336000 
0.336000 
0.336000 
0.307851 
0.240725 
0.160608 
0.093483 
0.065333 
0.065333 
0.065333 
0.065333 
0.065333 
0.065333 
0.065333 
0.065333 
0.065333 
0.065333 
0.065333 
0.065333 
0.065333 
0.065333 
0.065333 
0.065333 
0.065333 
0.065333 
0.065333 
0.065333 
0.065333 
0.065333 
0.065333 
0.065333 
0.065333 
0.065333 
0.065333 
0.065333 
0.065333 
0.065333 
0.065333 
0.065333 
0.065333 
0.065333 
0.065333 
0.065333 
0.065333 
0.065333 
0.065333 
0.065333 
0.065333 
0.065333 
0.065333 
0.065333 
0.065333 
0.065333 
0.065333 
0.065333 
0.065333 
0.065333 
0.065333 
0.067538 
0.073676 
0.083032 
0.094889 
0.108533 
0.134682 
0.178110 
0.229183 
0.278268 
0.315733 
0.342865 
0.367326 
0.389048 
0.407962 
0.424000 
0.438260 
0.451484 
0.463071 
0.472422 
0.478933 
0.482721 
0.485057 
0.487071 
0.489897 
0.494667 
0.556157 
0.693940 
0.856337 
0.991671 
1.048267 
1.007764 
0.907079 
0.777444 
0.650096 
0.556267 
0.487398 
0.419569 
0.360975 
0.319809 
0.304267 
0.314362 
0.338434 
0.367166 
0.391238 
0.401333 
0.398671 
0.392322 
0.384745 
0.378396 
0.375733 
0.376180 
0.377478 
0.379566 
0.382383 
0.385867 
0.401764 
0.435006 
0.475314 
0.512406 
0.536000 
0.549081 
0.560868 
0.570435 
0.576854 
0.579200 
0.577828 
0.573997 
0.568132 
0.560657 
0.552000 
0.531639 
0.496257 
0.457081 
0.425342 
0.412267 
0.622346 
1.149460 
1.838921 
2.536041 
3.086133 
3.541516 
4.012791 
4.432695 
4.733963 
4.849333 
4.849333 
4.849333 
4.849333 
4.849333 
4.849333 
4.870854 
4.922174 
4.983426 
5.034746 
5.056267 
4.856909 
4.355271 
3.696005 
3.023764 
2.483200 
2.025210 
1.548207 
1.118119 
0.800874 
0.662400 
0.640457 
0.626290 
0.616053 
0.605905 
0.592000 
0.572900 
0.550846 
0.527515 
0.504585 
0.483733 
0.462909 
0.440898 
0.420632 
0.405045 
0.397067 
0.394106 
0.391668 
0.389830 
0.388671 
0.388267 
0.862574 
2.003966 
3.390152 
4.598839 
5.207733 
5.363327 
5.491064 
5.587084 
5.647528 
5.668533 
5.554566 
5.282705 
4.958014 
4.685558 
4.570400 
4.569298 
4.568730 
4.568341 
4.567772 
4.566667 
4.111440 
3.028056 
1.735486 
0.652700 
0.198667 
0.198667 
0.198667 
0.198667 
0.198667 
0.198667 
0.199681 
0.202574 
0.207120 
0.213093 
0.220267 
0.239284 
0.275151 
0.319190 
0.362722 
0.397067 
0.425516 
0.454515 
0.480116 
0.498371 
0.505333 
0.505333 
0.505333 
0.505333 
0.505333 
0.505333 
0.505333 
0.505333 
0.505333 
0.505333 
0.505333 
0.502510 
0.494698 
0.482885 
0.468056 
0.451200 
0.417221 
0.361074 
0.298824 
0.246534 
0.220267 
0.212964 
0.206975 
0.202477 
0.199649 
0.198667 
0.198667 
0.198667 
0.198667 
0.198667 
0.198667 
0.212672 
0.246069 
0.285931 
0.319328 
0.333333 
0.333333 
0.333333 
0.333333 
0.333333 
0.333333 
0.333333 
0.333333 
0.333333 
0.333333 
0.333333 
0.329800 
0.320578 
0.307736 
0.293343 
0.279467 
0.262790 
0.241717 
0.220903 
0.205001 
0.198667 
0.198667 
0.198667 
0.198667 
0.198667 
0.198667 
0.198667 
0.198667 
0.198667 
0.198667 
0.198667 
0.198667 
0.198667 
0.198667 
0.198667 
0.198667 
0.201970 
0.211041 
0.224620 
0.241448 
0.260267 
0.296363 
0.354393 
0.417147 
0.467419 
0.488000 
0.488000 
0.488000 
0.488000 
0.488000 
0.488000 
0.488000 
0.488000 
0.488000 
0.488000 
0.488000 
0.490801 
0.497481 
0.505453 
0.512132 
0.514933 
0.508176 
0.490309 
0.464940 
0.435679 
0.406133 
0.366465 
0.313065 
0.258886 
0.216880 
0.200000 
0.200000 
0.200000 
0.200000 
0.200000 
0.200000 
0.193665 
0.177764 
0.156950 
0.135877 
0.119200 
0.105324 
0.090931 
0.078089 
0.068867 
0.065333 
0.065333 
0.065333 
0.065333 
0.065333 
0.065333 
0.065333 
0.065333 
0.065333 
0.065333 
0.065333 
0.065333 
0.065333 
0.065333 
0.065333 
0.065333 
0.065333 
0.065333 
0.065333 
0.065333 
0.065333 
0.085081 
0.133238 
0.193175 
0.248261 
0.281867 
0.298583 
0.313394 
0.325260 
0.333142 
0.336000 
0.336000 
0.336000 
0.336000 
0.336000 
0.336000 
0.336000 
0.336000 
0.336000 
0.336000 
0.336000 
0.328898 
0.310362 
0.284552 
0.255623 
0.227733 
0.194214 
0.151860 
0.110026 
0.078065 
0.065333 
0.065333 
0.065333 
0.065333 
0.065333 
0.065333 
0.068867 
0.078089 
0.090931 
0.105324 
0.119200 
0.135877 
0.156950 
0.177764 
0.193665 
0.200000 
0.200000 
0.200000 
0.200000 
0.200000 
0.200000 
0.200000 
0.200000 
0.200000 
0.200000 
0.200000 
0.190175 
0.166215 
0.136394 
0.108987 
0.092267 
0.083950 
0.076581 
0.070677 
0.066755 
0.065333 
0.065333 
0.065333 
0.065333 
0.065333 
0.065333 
0.067275 
0.071904 
0.077429 
0.082059 
0.084000 
0.084000 
0.084000 
0.084000 
0.084000 
0.084000 
0.084000 
0.084000 
0.084000 
0.084000 
0.084000 
0.084000 
0.084000 
0.084000 
0.084000 
0.084000 
0.084000 
0.084000 
0.084000 
0.084000 
0.084000 
0.524567 
1.582585 
2.862534 
3.968890 
4.506133 
4.615607 
4.702509 
4.767102 
4.809645 
4.830400 
4.839567 
4.847042 
4.852627 
4.856124 
4.857333 
4.857333 
4.857333 
4.857333 
4.857333 
4.857333 
4.418246 
3.363676 
2.087664 
0.984248 
0.447467 
0.338173 
0.253008 
0.189688 
0.145935 
0.119467 
0.101942 
0.087030 
0.075467 
0.067989 
0.065333 
0.065333 
0.065333 
0.065333 
0.065333 
0.065333 
0.065333 
0.065333 
0.065333 
0.065333 
0.065333 
0.166782 
0.408698 
0.697436 
0.939351 
1.040800 
1.005683 
0.915940 
0.794982 
0.666221 
0.553067 
0.439913 
0.311151 
0.190193 
0.100450 
0.065333 
0.065333 
0.065333 
0.065333 
0.065333 
0.065333 
0.065333 
0.065333 
0.065333 
0.065333 
0.065333 
0.065333 
0.065333 
0.065333 
0.065333 
0.065333 
0.089500 
0.148661 
0.222805 
0.291921 
0.336000 
0.358264 
0.376157 
0.390997 
0.404105 
0.416800 
0.430676 
0.445069 
0.457911 
0.467133 
0.470667 
0.470667 
0.470667 
0.470667 
0.470667 
0.470667 
0.460006 
0.432190 
0.393463 
0.350074 
0.308267 
0.258084 
0.194722 
0.132158 
0.084369 
0.065333 
0.065333 
0.065333 
0.065333 
0.065333 
0.065333 
0.065333 
0.065333 
0.065333 
0.065333 
0.065333 
0.065333 
0.065333 
0.065333 
0.065333 
0.065333 
0.065333 
0.065333 
0.065333 
0.065333 
0.065333 
0.065333 
0.065333 
0.065333 
0.065333 
0.065333 
0.065333 
0.065333 
0.065333 
0.065333 
0.065333 
0.065333 
0.065333 
0.065333 
0.065333 
0.065333 
0.065333 
0.065333 
0.065333 
0.065333 
0.065333 
0.085081 
0.133238 
0.193175 
0.248261 
0.281867 
0.296112 
0.305980 
0.314140 
0.323257 
0.336000 
0.359890 
0.394523 
0.430678 
0.459133 
0.470667 
0.470667 
0.470667 
0.470667 
0.470667 
0.470667 
0.464024 
0.446409 
0.421289 
0.392130 
0.362400 
0.325203 
0.276789 
0.225348 
0.179066 
0.146133 
0.122671 
0.100751 
0.082481 
0.069972 
0.065333 
0.065333 
0.065333 
0.065333 
0.065333 
0.065333 
0.065333 
0.065333 
0.065333 
0.065333 
0.065333 
0.065333 
0.065333 
0.065333 
0.065333 
0.065333 
0.065333 
0.065333 
0.065333 
0.065333 
0.065333 
0.065333 
0.065333 
0.065333 
0.065333 
0.065333 
0.065333 
0.065333 
0.065333 
0.065333 
0.065333 
0.065333 
0.065333 
0.065333 
0.065333 
0.065333 
0.068192 
0.076073 
0.087939 
0.102750 
0.119467 
0.153073 
0.208159 
0.268095 
0.316252 
0.336000 
0.336000 
0.336000 
0.336000 
0.336000 
0.336000 
0.336000 
0.336000 
0.336000 
0.336000 
0.336000 
0.336000 
0.336000 
0.336000 
0.336000 
0.336000 
0.313481 
0.259780 
0.195686 
0.141986 
0.119467 
0.121535 
0.127240 
0.135830 
0.146556 
0.158667 
0.178346 
0.208934 
0.245417 
0.282777 
0.316000 
0.349290 
0.386038 
0.420007 
0.444962 
0.454667 
0.454667 
0.454667 
0.454667 
0.454667 
0.454667 
0.445916 
0.424787 
0.398967 
0.376142 
0.364000 
0.360400 
0.357808 
0.355816 
0.354015 
0.352000 
0.349445 
0.346619 
0.344004 
0.342081 
0.341333 
0.345406 
0.356409 
0.372523 
0.391927 
0.412800 
0.442125 
0.483489 
0.529976 
0.574674 
0.610667 
0.637811 
0.661557 
0.683385 
0.704773 
0.727200 
0.754459 
0.785565 
0.814828 
0.836559 
0.845067 
0.837745 
0.820286 
0.799447 
0.781988 
0.774667 
0.783272 
0.804729 
0.832496 
0.860033 
0.880800 
0.894294 
0.905408 
0.915696 
0.926709 
0.940000 
0.957376 
0.978246 
1.000560 
1.022272 
1.041333 
1.059902 
1.079519 
1.097212 
1.110008 
1.114933 
1.114230 
1.112174 
1.108842 
1.104313 
1.098667 
1.062763 
0.986083 
0.896635 
0.822427 
0.791467 
0.795295 
0.805481 
0.820072 
0.837117 
0.854667 
0.879510 
0.913948 
0.949299 
0.976877 
0.988000 
0.983591 
0.972053 
0.955919 
0.937723 
0.920000 
0.898200 
0.870283 
0.842546 
0.821286 
0.812800 
1.275447 
2.378684 
3.695450 
4.798686 
5.261333 
5.261111 
5.260582 
5.259951 
5.259422 
5.259200 
5.262750 
5.271215 
5.281318 
5.289783 
5.293333 
5.287680 
5.270977 
5.243607 
5.205954 
5.158400 
4.664756 
3.563347 
2.266335 
1.185877 
0.734133 
0.739967 
0.755816 
0.779202 
0.807645 
0.838667 
0.886470 
0.957041 
1.035577 
1.107276 
1.157333 
1.191490 
1.223333 
1.249831 
1.267952 
1.274667 
1.263289 
1.234955 
1.198363 
1.162212 
1.135200 
1.118001 
1.104046 
1.091170 
1.077210 
1.060000 
1.036883 
1.008527 
0.977756 
0.947394 
0.920267 
0.896104 
0.872877 
0.850771 
0.829973 
0.810667 
0.792267 
0.774465 
0.757863 
0.743063 
0.730667 
0.719277 
0.708014 
0.698260 
0.691395 
0.688800 
0.697453 
0.718086 
0.742714 
0.763347 
0.772000 
0.766010 
0.751725 
0.734675 
0.720390 
0.714400 
0.720075 
0.734370 
0.753187 
0.772429 
0.788000 
0.801463 
0.815680 
0.828497 
0.837766 
0.841333 
0.829078 
0.798851 
0.760458 
0.723706 
0.698400 
0.682024 
0.666567 
0.653590 
0.644658 
0.641333 
0.650717 
0.673698 
0.702521 
0.729429 
0.746667 
0.756278 
0.764999 
0.772115 
0.776909 
0.778667 
0.778667 
0.778667 
0.778667 
0.778667 
0.778667 
0.788462 
0.814089 
0.849912 
0.890295 
0.929600 
0.977863 
1.039607 
1.100925 
1.147914 
1.166667 
1.163339 
1.155403 
1.145931 
1.137995 
1.134667 
1.136675 
1.141693 
1.148215 
1.154731 
1.159733 
1.163682 
1.167685 
1.171207 
1.173713 
1.174667 
1.171644 
1.164435 
1.155831 
1.148623 
1.145600 
1.351206 
1.865425 
2.534361 
3.204119 
3.720800 
4.132067 
4.550451 
4.919362 
5.182209 
5.282400 
5.274893 
5.256145 
5.231818 
5.207572 
5.189067 
5.178022 
5.170254 
5.162567 
5.151770 
5.134667 
4.911445 
4.385051 
3.706428 
3.026519 
2.496267 
2.074910 
1.652579 
1.276553 
0.994111 
0.852533 
0.804067 
0.767549 
0.740144 
0.719017 
0.701333 
0.686608 
0.675098 
0.665085 
0.654847 
0.642667 
0.628265 
0.612627 
0.595923 
0.578324 
0.560000 
0.538238 
0.512802 
0.487580 
0.466462 
0.453333 
0.445822 
0.439243 
0.434020 
0.430575 
0.429333 
0.431678 
0.438222 
0.448235 
0.460983 
0.475733 
0.496006 
0.527372 
0.572175 
0.632758 
0.711467 
1.097245 
1.907970 
2.889378 
3.787209 
4.347200 
4.642444 
4.904156 
5.115259 
5.258677 
5.317333 
5.326935 
5.334528 
5.340039 
5.343398 
5.344533 
5.332782 
5.298698 
5.244037 
5.170553 
5.080000 
4.646331 
3.754645 
2.723420 
1.871135 
1.516267 
2.327217 
4.261022 
6.569111 
8.502916 
9.313867 
8.447562 
6.379357 
3.905319 
1.821511 
0.924000 
0.892786 
0.873222 
0.859398 
0.845404 
0.825333 
0.791394 
0.746732 
0.701839 
0.667209 
0.653333 
0.655420 
0.663049 
0.678274 
0.703151 
0.739733 
