0.000000 
0.000000 
0.000000 
0.000000 
0.000000 
0.000000 
0.000000 
0.000000 
0.000000 
0.000000 
0.000000 
0.000000 
0.000000 
0.000000 
0.000000 
0.000000 
0.000000 
0.000000 
0.000000 
0.000000 
0.000000 
0.000000 
0.000000 
0.000000 
0.000000 
0.000000 
0.000000 
0.000000 
0.000000 
0.000000 
0.000000 
0.000000 
0.000000 
0.000000 
0.000000 
0.000000 
0.000000 
0.000000 
0.000000 
0.000000 
0.000000 
0.000000 
0.000000 
0.000000 
0.000000 
0.000000 
0.000000 
0.000000 
0.000000 
0.000000 
0.000000 
0.000000 
0.000000 
0.000000 
0.000000 
0.000000 
0.000000 
0.000000 
0.000000 
0.000000 
0.000000 
0.000000 
0.000000 
0.000000 
0.000000 
0.000000 
0.000000 
0.000000 
0.000000 
0.000000 
0.000000 
0.000000 
0.000000 
0.000000 
0.000000 
0.000000 
0.000000 
0.000000 
0.000000 
0.000000 
0.000000 
0.000000 
0.000000 
0.000000 
0.000000 
0.000000 
0.000000 
0.000000 
0.000000 
0.000000 
0.000000 
0.000000 
0.000000 
0.000000 
0.000000 
0.000000 
0.000000 
0.000000 
0.000000 
0.000000 
0.000000 
0.000000 
0.000000 
0.000000 
0.000000 
0.000000 
0.000000 
0.000000 
0.000000 
0.000000 
0.000000 
0.000000 
0.000000 
0.000000 
0.000000 
0.000000 
0.000000 
0.000000 
0.000000 
0.000000 
0.000000 
0.000000 
0.000000 
0.000000 
0.000000 
0.000000 
0.000000 
0.000000 
0.000000 
0.000000 
0.000000 
0.000000 
0.000000 
0.000000 
0.000000 
0.000000 
0.000000 
0.000000 
0.000000 
0.000000 
0.000000 
0.000000 
0.000000 
0.000000 
0.000000 
0.000000 
0.000000 
0.000000 
0.000000 
0.000000 
0.000000 
0.000000 
0.000000 
0.000000 
0.000000 
0.000000 
0.000000 
0.000000 
0.000000 
0.000000 
0.000000 
0.000000 
0.000000 
0.000000 
0.000000 
0.000000 
0.000000 
0.000000 
0.000000 
0.000000 
0.000000 
0.000000 
0.000000 
0.000000 
0.000000 
0.000000 
0.000000 
0.000000 
0.000000 
0.000000 
0.000000 
0.000000 
0.000000 
0.000000 
0.000000 
0.000000 
0.000000 
0.000000 
0.000000 
0.000000 
0.000000 
0.000000 
0.000000 
0.000000 
0.000000 
0.000000 
0.000000 
0.000000 
0.000000 
0.000000 
0.000000 
0.000000 
0.000000 
0.000000 
0.000000 
0.000000 
0.000000 
0.000000 
0.000000 
0.000000 
0.000000 
0.000000 
0.000000 
0.000000 
0.000000 
0.000000 
0.000000 
0.000000 
0.000000 
0.000000 
0.000000 
0.000000 
0.000000 
0.000000 
0.000000 
0.000000 
0.000000 
0.000000 
0.000000 
0.000000 
0.000000 
0.000000 
0.000000 
0.000000 
0.000000 
0.000000 
0.000000 
0.000000 
0.000000 
0.000000 
0.000000 
0.000000 
0.000000 
0.000000 
0.000000 
0.000000 
0.000000 
0.000000 
0.000000 
0.000000 
0.000000 
0.000000 
0.000000 
0.000000 
0.000000 
0.000000 
0.000000 
0.000000 
0.000000 
0.000000 
0.000000 
0.000000 
0.000000 
0.000000 
0.000000 
0.000000 
0.000000 
0.000000 
0.000000 
0.000000 
0.000000 
0.000000 
0.000000 
0.000000 
0.000000 
0.000000 
0.000000 
0.000000 
0.000000 
0.000000 
0.000000 
0.000000 
0.000000 
0.000000 
0.000000 
0.000000 
0.000000 
0.000000 
0.000000 
0.000000 
0.000000 
0.000000 
0.000000 
0.000000 
0.000000 
0.000000 
0.000000 
0.000000 
0.000000 
0.000000 
0.000000 
0.000000 
0.000000 
0.000000 
0.000000 
0.000000 
0.000000 
0.000000 
0.000000 
0.000000 
0.000000 
0.000000 
0.000000 
0.000000 
0.000000 
0.000000 
0.000000 
0.000000 
0.000000 
0.000000 
0.000000 
0.000000 
0.000000 
0.000000 
0.000000 
0.000000 
0.000000 
0.000000 
0.000000 
0.000000 
0.000000 
0.000000 
0.000000 
0.000000 
0.000000 
0.000000 
0.000000 
0.000000 
0.000000 
0.000000 
0.000000 
0.000000 
0.000000 
0.000000 
0.000000 
0.000000 
0.000000 
0.000000 
0.000000 
0.000000 
0.000000 
0.000000 
0.000000 
0.000000 
0.000000 
0.000000 
0.000000 
0.000000 
0.000000 
0.000000 
0.000000 
0.000000 
0.000000 
0.000000 
0.000000 
0.000000 
0.000000 
0.000000 
0.000000 
0.000000 
0.000000 
0.000000 
0.000000 
0.000000 
0.000000 
0.000000 
0.000000 
0.000000 
0.000000 
0.000000 
0.000000 
0.000000 
0.000000 
0.000000 
0.000000 
0.000000 
0.000000 
0.000000 
0.000000 
0.000000 
0.000000 
0.000000 
0.000000 
0.000000 
0.000000 
0.000000 
0.000000 
0.000000 
0.000000 
0.000000 
0.000000 
0.000000 
0.000000 
0.000000 
0.000000 
0.000000 
0.000000 
0.000000 
0.000000 
0.000000 
0.000000 
0.000000 
0.000000 
0.000000 
0.000000 
0.000000 
0.000000 
0.000000 
0.000000 
0.000000 
0.000000 
0.006047 
0.016243 
0.029666 
0.035186 
0.029600 
0.031515 
0.025789 
0.023338 
0.024087 
0.026050 
0.031431 
0.061023 
0.061543 
0.079129 
0.101106 
0.104029 
0.097516 
0.116875 
0.109699 
0.113600 
0.132627 
0.133693 
0.129747 
0.154755 
0.173051 
0.176014 
0.190623 
0.181419 
0.236818 
0.214874 
0.216876 
0.186304 
0.186858 
0.171249 
0.176863 
0.206695 
0.212960 
0.258389 
0.237147 
0.270250 
0.213066 
0.205813 
0.176633 
0.121973 
0.088363 
0.002758 
0.000000 
0.000000 
0.000000 
0.000000 
0.000000 
0.025554 
0.101944 
0.151631 
0.154974 
0.184101 
0.196317 
0.192980 
0.229336 
0.171971 
0.216839 
0.215425 
0.178492 
0.219937 
0.198471 
0.212159 
0.206443 
0.231922 
0.214572 
0.263341 
0.236864 
0.193559 
0.253175 
0.206582 
0.246207 
0.183733 
0.219339 
0.214236 
0.262783 
0.228974 
0.211805 
0.149113 
0.151917 
0.101484 
0.154208 
0.215904 
0.232061 
0.256410 
0.258635 
0.221653 
0.184441 
0.082505 
0.014982 
0.000000 
0.000000 
0.000000 
0.000000 
0.000000 
0.000000 
0.000000 
0.000000 
0.000000 
0.017496 
0.082356 
0.127816 
0.192888 
0.238385 
0.305537 
0.300669 
0.290242 
0.326062 
0.326680 
0.306403 
0.363727 
0.305206 
0.306184 
0.322357 
0.300979 
0.312931 
0.425196 
0.294308 
0.386977 
0.305740 
0.368025 
0.391871 
0.342366 
0.367557 
0.351467 
0.355260 
0.344070 
0.304844 
0.384736 
0.489582 
0.401197 
0.322488 
0.353181 
0.426732 
0.329723 
0.359288 
0.472467 
0.408893 
0.353053 
0.441552 
0.404158 
0.395440 
0.388902 
0.327973 
0.378798 
0.409304 
0.413029 
0.397664 
0.475601 
0.422371 
0.451701 
0.487339 
0.402313 
0.453434 
0.419335 
0.543896 
0.370458 
0.440347 
0.424287 
0.425597 
0.444809 
0.500663 
0.501452 
0.481071 
0.410157 
0.397084 
0.511902 
0.587994 
0.514471 
0.508852 
0.483988 
0.523672 
0.426234 
0.305085 
0.169881 
0.138664 
0.134447 
0.159558 
0.158232 
0.254919 
0.310860 
0.286019 
0.403215 
0.537324 
0.610229 
0.560645 
0.460857 
0.430563 
0.461294 
0.440590 
0.444685 
0.386247 
0.371761 
0.294562 
0.220576 
0.183973 
0.135500 
0.120054 
0.064465 
0.057288 
0.033768 
0.083208 
0.228457 
0.327055 
0.521794 
0.637027 
0.621568 
0.596776 
0.484509 
0.612657 
0.508111 
0.343773 
0.313525 
0.283632 
0.220251 
0.190128 
0.261527 
0.317245 
0.443404 
0.521105 
0.571094 
0.537450 
0.610078 
0.620838 
0.543039 
0.522355 
0.422117 
0.470629 
0.530084 
0.460299 
0.349155 
0.429945 
0.475510 
0.562718 
0.625242 
0.696315 
0.581824 
0.479674 
0.427324 
0.341376 
0.273843 
0.243820 
0.091807 
0.000000 
0.000000 
0.000000 
0.000000 
0.000000 
0.000000 
0.000000 
0.000000 
0.000000 
0.002138 
0.156561 
0.290712 
0.404955 
0.400588 
0.582761 
0.468514 
0.532912 
0.676049 
0.577773 
0.612038 
0.567695 
0.575864 
0.591322 
0.613424 
0.620721 
0.513076 
0.653513 
0.675368 
0.591358 
0.734363 
0.502786 
0.563203 
0.612530 
0.524619 
0.567831 
0.635415 
0.579278 
0.481577 
0.473004 
0.241256 
0.102098 
0.000000 
0.000000 
0.000000 
0.000000 
0.000000 
0.027540 
0.053422 
0.095238 
0.140685 
0.196083 
0.181111 
0.180740 
0.176393 
0.144100 
0.053470 
0.004458 
0.000000 
0.004387 
0.051253 
0.141862 
0.211120 
0.252735 
0.332910 
0.370706 
0.363673 
0.377601 
0.432031 
0.359012 
0.271855 
0.156126 
0.066185 
0.019921 
0.019933 
0.027435 
0.035637 
0.036276 
0.048853 
0.042475 
0.023085 
0.012958 
0.000660 
0.000000 
0.002637 
0.022815 
0.040966 
0.073108 
0.096624 
0.130345 
0.164974 
0.179554 
0.215484 
0.227976 
0.316281 
0.405699 
0.499228 
0.487934 
0.527648 
0.571294 
0.558476 
0.556811 
0.463847 
0.498873 
0.371530 
0.291543 
0.159148 
0.046780 
0.000000 
0.000000 
0.000000 
0.000000 
0.000000 
0.000000 
0.000000 
0.000000 
0.044486 
0.135774 
0.177022 
0.316225 
0.425555 
0.540539 
0.525004 
0.623016 
0.751557 
0.611612 
0.723371 
0.570956 
0.596171 
0.533333 
0.520370 
0.538542 
0.518624 
0.574503 
0.552736 
0.496666 
0.483174 
0.600390 
0.572444 
0.580454 
0.607490 
0.598469 
0.616650 
0.496610 
0.583724 
0.555033 
0.679827 
0.612707 
0.615709 
0.576137 
0.618294 
0.634538 
0.601412 
0.754781 
0.502441 
0.467691 
0.611025 
0.531388 
0.661198 
0.645689 
0.524984 
0.406773 
0.368078 
0.398924 
0.392743 
0.448033 
0.481603 
0.540983 
0.467767 
0.483145 
0.506794 
0.503613 
0.535193 
0.549915 
0.484044 
0.594617 
0.489556 
0.471089 
0.569374 
0.512272 
0.701529 
0.513405 
0.682232 
0.440098 
0.433280 
0.475844 
0.407296 
0.475829 
0.403513 
0.340821 
0.262093 
0.269489 
0.248490 
0.226222 
0.245025 
0.350059 
0.418162 
0.464806 
0.586914 
0.551821 
0.584947 
0.417530 
0.612344 
0.540914 
0.620757 
0.422089 
0.443446 
0.452223 
0.517331 
0.492899 
0.524900 
0.464630 
0.522745 
0.523528 
0.560383 
0.568301 
0.552026 
0.441663 
0.475433 
0.380488 
0.464995 
0.391981 
0.347470 
0.397497 
0.362522 
0.359113 
0.345930 
0.303569 
0.299177 
0.273431 
0.357163 
0.465490 
0.393340 
0.511929 
0.457111 
0.464803 
0.471343 
0.386555 
0.395377 
0.416046 
0.291870 
0.164070 
0.067303 
0.021604 
0.004775 
0.000000 
0.000000 
0.000000 
0.000000 
0.000000 
0.000000 
0.000000 
0.000000 
0.000000 
0.000000 
0.000000 
0.000000 
0.000000 
0.010525 
0.030951 
0.088362 
0.124802 
0.150644 
0.170394 
0.242203 
0.392600 
0.382917 
0.437733 
0.404904 
0.462760 
0.411041 
0.291137 
0.318861 
0.285907 
0.249885 
0.213977 
0.188956 
0.149545 
0.141436 
0.144255 
0.128930 
0.138305 
0.126485 
0.126487 
0.146504 
0.131265 
0.166660 
0.158055 
0.182570 
0.282788 
0.312998 
0.358147 
0.456825 
0.510070 
0.370728 
0.486749 
0.481005 
0.395234 
0.398356 
0.362039 
0.349758 
0.330410 
0.317106 
0.289553 
0.240373 
0.192854 
0.230065 
0.239881 
0.166230 
0.187533 
0.245319 
0.187877 
0.238913 
0.272443 
0.248721 
0.218509 
0.275013 
0.317022 
0.305729 
0.285160 
0.318138 
0.334911 
0.315923 
0.333880 
0.277673 
0.285738 
0.213100 
0.180144 
0.131084 
0.188149 
0.183748 
0.204330 
0.250936 
0.281260 
0.252704 
0.227940 
0.157126 
0.143059 
0.115396 
0.094318 
0.138962 
0.108167 
0.158861 
0.140463 
0.192066 
0.148607 
0.143776 
0.141702 
0.129271 
0.154501 
0.119135 
0.111978 
0.123274 
0.101291 
0.105817 
0.088845 
0.090828 
0.076090 
0.069244 
0.060078 
0.047767 
0.036209 
0.032959 
0.024307 
0.015583 
0.007809 
0.000532 
0.000000 
0.000000 
0.000000 
0.000000 
0.000000 
0.000000 
0.000000 
0.000000 
0.000000 
0.000000 
0.000000 
0.000000 
0.000000 
0.000000 
0.000000 
0.000000 
0.000000 
0.000000 
0.000000 
0.000000 
0.000000 
0.000000 
0.000000 
0.000000 
0.000000 
0.000000 
0.000000 
0.000000 
0.000000 
0.000000 
0.002016 
0.005071 
0.008253 
0.014777 
0.015895 
0.020623 
0.020208 
0.026138 
0.023894 
0.025924 
0.028217 
0.024116 
0.028342 
0.024081 
0.023157 
0.023293 
0.024004 
0.023446 
0.032081 
0.044206 
0.053514 
0.059925 
0.062088 
0.069142 
0.082566 
0.076015 
0.079439 
0.100456 
0.138727 
0.173544 
0.178290 
0.217979 
0.202895 
0.167583 
0.223039 
0.192960 
0.151004 
0.177522 
0.167968 
0.126616 
0.093012 
0.081608 
0.089968 
0.090305 
0.086590 
0.068120 
0.081209 
0.053181 
0.058652 
0.043276 
0.026101 
0.020558 
0.013207 
0.007831 
0.003350 
0.000030 
0.000000 
0.000000 
0.000000 
0.000000 
0.000000 
0.000000 
0.000000 
0.000000 
0.000000 
0.000000 
0.000068 
0.000000 
0.000000 
0.000000 
0.000000 
0.000000 
0.000000 
0.000000 
0.000000 
0.000000 
0.000000 
0.000000 
0.000000 
0.000000 
0.000885 
0.001797 
0.001092 
0.000000 
0.000000 
0.000000 
0.000000 
0.000000 
0.000000 
0.000000 
0.000000 
0.000000 
0.000000 
0.000000 
0.000000 
0.000000 
0.000000 
0.000000 
0.000000 
0.000000 
0.000000 
0.000000 
0.000000 
0.000000 
0.000000 
0.000000 
0.000000 
0.000000 
0.000000 
0.000000 
0.000000 
0.000000 
0.000000 
0.000000 
0.000000 
0.000000 
0.000000 
0.000000 
0.000000 
0.000000 
0.000000 
0.000000 
0.000000 
0.000000 
0.000000 
0.000000 
0.000000 
0.000000 
0.000000 
0.000000 
0.000000 
0.000000 
0.000000 
0.000000 
0.000000 
0.000000 
0.000000 
0.000000 
0.000000 
0.000000 
0.000000 
0.000000 
0.000000 
0.000000 
0.000000 
0.000000 
0.000000 
0.000000 
0.000000 
0.000000 
0.000000 
0.000000 
0.000000 
0.000000 
0.000000 
0.000000 
0.000000 
0.000000 
0.000000 
0.000000 
0.000000 
0.000000 
0.000000 
0.000000 
0.000000 
0.000000 
0.000000 
0.000000 
0.000000 
0.000000 
0.000000 
0.000000 
0.000000 
0.000000 
0.000000 
0.000000 
0.000000 
0.000000 
0.000000 
0.000000 
0.000000 
0.000000 
0.000000 
0.000000 
0.000000 
0.000000 
0.000000 
0.000000 
0.000000 
0.000000 
0.000000 
0.000000 
0.000000 
0.000000 
0.000000 
0.000000 
0.000000 
0.000000 
0.000000 
0.000000 
0.000000 
0.000000 
0.000000 
0.000000 
0.000000 
0.000000 
0.000000 
0.000000 
0.000000 
0.000000 
0.000000 
0.000000 
0.000000 
0.000000 
0.000000 
0.000000 
0.000000 
0.000000 
0.000000 
0.000000 
0.000000 
0.000000 
0.000000 
0.000000 
0.000000 
0.000000 
0.000000 
0.000000 
0.000000 
0.000000 
0.000000 
0.000000 
0.000000 
0.000000 
0.000000 
0.000000 
0.000000 
0.000000 
0.000000 
0.000000 
0.000000 
0.000000 
0.000000 
0.000000 
0.000000 
0.000000 
0.000000 
0.000000 
0.000000 
0.000000 
0.000000 
0.000000 
0.000000 
0.000000 
0.000000 
0.000000 
0.000000 
0.000000 
0.000000 
0.000000 
0.000000 
0.000000 
0.000000 
0.000000 
0.000000 
0.000000 
0.000000 
0.000000 
0.000000 
0.000000 
0.000000 
0.000000 
0.000000 
0.000000 
0.000000 
0.000000 
0.000000 
0.000000 
0.000000 
0.000000 
0.000000 
0.000000 
0.000000 
0.000000 
0.000000 
0.000000 
0.000000 
0.000000 
0.000000 
0.000000 
0.000000 
0.000000 
0.000000 
0.000000 
0.000000 
0.000000 
0.000000 
0.000000 
0.000000 
0.000000 
0.000000 
0.000000 
0.000000 
0.000000 
0.000000 
0.000000 
0.000000 
0.000000 
0.000000 
0.000000 
0.000000 
0.000000 
0.000000 
0.000000 
0.000000 
0.000000 
0.000000 
0.000000 
0.000000 
0.000000 
0.000000 
0.000000 
0.000000 
0.000000 
0.000000 
0.000000 
0.000000 
0.000000 
0.000000 
0.000000 
0.000000 
0.000000 
0.000000 
0.000000 
0.000000 
0.000000 
0.000000 
0.000000 
0.000000 
0.000000 
0.000000 
0.000000 
0.000000 
0.000000 
0.000000 
0.000000 
0.000000 
0.000000 
0.000000 
0.000000 
0.000000 
0.000000 
0.000000 
0.000000 
0.000000 
0.000000 
0.000000 
0.000000 
0.000000 
0.000000 
0.000000 
0.000000 
0.000000 
0.000000 
0.000000 
0.000000 
0.000000 
0.000000 
0.000000 
0.000000 
0.000000 
0.000000 
0.000000 
0.000000 
0.000000 
0.000000 
0.000000 
