0.000000 
0.000000 
0.000000 
0.000000 
0.000000 
0.000000 
0.000000 
0.000000 
0.000000 
0.000000 
0.000000 
0.000000 
0.000000 
0.000000 
0.000000 
0.000000 
0.000000 
0.000000 
0.000000 
0.000000 
0.000000 
0.000000 
0.000000 
0.000000 
0.000000 
0.000000 
0.000000 
0.000000 
0.000000 
0.000000 
0.000000 
0.000000 
0.000000 
0.000000 
0.000000 
0.000000 
0.000000 
0.000000 
0.000000 
0.000000 
0.000000 
0.000000 
0.000000 
0.000000 
0.000000 
0.000000 
0.000000 
0.000000 
0.000000 
0.000000 
0.000000 
0.000000 
0.000000 
0.000000 
0.000000 
0.000000 
0.000000 
0.000000 
0.000000 
0.000000 
0.000000 
0.000000 
0.000000 
0.000000 
0.000000 
0.000000 
0.000000 
0.000000 
0.000000 
0.000000 
0.000000 
0.000000 
0.000000 
0.000000 
0.000000 
0.000000 
0.000000 
0.000000 
0.000000 
0.000000 
0.000000 
0.000000 
0.000000 
0.000000 
0.000000 
0.000000 
0.000000 
0.000000 
0.000000 
0.000000 
0.000000 
0.000000 
0.000000 
0.000000 
0.000000 
0.000000 
0.000000 
0.000000 
0.000000 
0.000000 
0.000000 
0.000000 
0.000000 
0.000000 
0.000000 
0.000000 
0.000000 
0.000000 
0.000000 
0.000000 
0.000000 
0.000000 
0.000000 
0.000000 
0.000000 
0.000000 
0.000000 
0.000000 
0.000000 
0.000000 
0.000000 
0.000000 
0.000000 
0.000000 
0.000000 
0.000000 
0.000000 
0.000000 
0.000000 
0.000000 
0.000000 
0.000000 
0.000000 
0.000000 
0.000000 
0.000000 
0.000000 
0.000000 
0.000000 
0.000000 
0.000000 
0.000000 
0.000000 
0.000000 
0.000000 
0.000000 
0.000000 
0.000000 
0.000000 
0.000000 
0.000000 
0.000000 
0.000000 
0.000000 
0.000000 
0.000000 
0.000000 
0.000000 
0.000000 
0.000000 
0.000000 
0.000000 
0.000000 
0.000000 
0.000000 
0.000000 
0.000000 
0.000000 
0.000000 
0.000000 
0.000000 
0.000000 
0.000000 
0.000000 
0.000000 
0.000000 
0.000000 
0.000000 
0.000000 
0.000000 
0.000000 
0.000000 
0.000000 
0.000000 
0.000000 
0.000000 
0.000000 
0.000000 
0.000000 
0.000000 
0.000000 
0.000000 
0.000000 
0.000000 
0.000000 
0.000000 
0.000000 
0.000000 
0.000000 
0.000000 
0.000000 
0.000000 
0.000000 
0.000000 
0.000000 
0.000000 
0.000000 
0.000000 
0.000000 
0.000000 
0.000000 
0.000000 
0.000000 
0.000000 
0.000000 
0.000000 
0.000000 
0.000000 
0.000000 
0.000000 
0.000000 
0.000000 
0.000000 
0.000000 
0.000000 
0.000000 
0.000000 
0.000000 
0.000000 
0.000000 
0.000000 
0.000000 
0.000000 
0.000000 
0.000000 
0.000000 
0.000000 
0.000000 
0.000000 
0.000000 
0.000000 
0.000000 
0.000000 
0.000000 
0.000000 
0.000000 
0.000000 
0.000000 
0.000000 
0.000000 
0.000000 
0.000000 
0.000000 
0.000000 
0.000000 
0.000000 
0.000000 
0.000000 
0.000000 
0.000000 
0.000000 
0.000000 
0.000000 
0.000000 
0.000000 
0.000000 
0.000000 
0.000000 
0.000000 
0.000000 
0.000000 
0.000000 
0.000000 
0.000000 
0.000000 
0.000000 
0.000000 
0.000000 
0.000000 
0.000000 
0.000000 
0.000000 
0.000000 
0.000000 
0.000000 
0.000000 
0.000000 
0.000000 
0.000000 
0.000000 
0.000000 
0.000000 
0.000000 
0.000000 
0.000000 
0.000000 
0.000000 
0.000000 
0.000000 
0.000000 
0.000000 
0.000000 
0.000000 
0.000000 
0.000000 
0.000000 
0.000000 
0.000000 
0.000000 
0.000000 
0.000000 
0.000000 
0.000000 
0.000000 
0.000000 
0.000000 
0.000000 
0.000000 
0.000000 
0.000000 
0.000000 
0.000000 
0.000000 
0.000000 
0.000000 
0.000000 
0.000000 
0.000000 
0.000000 
0.000000 
0.000000 
0.000000 
0.000000 
0.000000 
0.000000 
0.000000 
0.000000 
0.000000 
0.000000 
0.000000 
0.000000 
0.000000 
0.000000 
0.000000 
0.000000 
0.000000 
0.000000 
0.000000 
0.000000 
0.000000 
0.000000 
0.000000 
0.000000 
0.000000 
0.000000 
0.000000 
0.000000 
0.000000 
0.000000 
0.000000 
0.000000 
0.000000 
0.000000 
0.000000 
0.000000 
0.000000 
0.000000 
0.000000 
0.000000 
0.000000 
0.000000 
0.000000 
0.000000 
0.000000 
0.000000 
0.000000 
0.000000 
0.000000 
0.000000 
0.000000 
0.000000 
0.000000 
0.000000 
0.000000 
0.000000 
0.000000 
0.000000 
0.000000 
0.000000 
0.000000 
0.000000 
0.000000 
0.000000 
0.000000 
0.000000 
0.000000 
0.000000 
0.000000 
0.000000 
0.000000 
0.000000 
0.000000 
0.000000 
0.000000 
0.000000 
0.000000 
0.000000 
0.000000 
0.000000 
0.000000 
0.000000 
0.000000 
0.000000 
0.000000 
0.000000 
0.000000 
0.000000 
0.000000 
0.000000 
0.000000 
0.000000 
0.005237 
0.022862 
0.031848 
0.034093 
0.029194 
0.034655 
0.029016 
0.023223 
0.021001 
0.030646 
0.039600 
0.056482 
0.062883 
0.084320 
0.110856 
0.104562 
0.109268 
0.101725 
0.126996 
0.141226 
0.149622 
0.156149 
0.181927 
0.160948 
0.166418 
0.192270 
0.158959 
0.231263 
0.228252 
0.172279 
0.192488 
0.199219 
0.216698 
0.162996 
0.219554 
0.181514 
0.192151 
0.217408 
0.292061 
0.262337 
0.271228 
0.198295 
0.163804 
0.107864 
0.065669 
0.002942 
0.000000 
0.000000 
0.000000 
0.000000 
0.000000 
0.024634 
0.099404 
0.151755 
0.139498 
0.152583 
0.211251 
0.188303 
0.198860 
0.191209 
0.189383 
0.216863 
0.212698 
0.187587 
0.191217 
0.209866 
0.202266 
0.195056 
0.224932 
0.200483 
0.246960 
0.190992 
0.207540 
0.226883 
0.186310 
0.222024 
0.205418 
0.226375 
0.236102 
0.237424 
0.181015 
0.172462 
0.156427 
0.126353 
0.140923 
0.162684 
0.229626 
0.265186 
0.275023 
0.270275 
0.172650 
0.086375 
0.013108 
0.000000 
0.000000 
0.000000 
0.000000 
0.000000 
0.000000 
0.000000 
0.000000 
0.000000 
0.015961 
0.099182 
0.117647 
0.184606 
0.248163 
0.297296 
0.333524 
0.284300 
0.357976 
0.314882 
0.283242 
0.352709 
0.307563 
0.361251 
0.309099 
0.286952 
0.359052 
0.329723 
0.331407 
0.418262 
0.309233 
0.375208 
0.341011 
0.344828 
0.382256 
0.406588 
0.303562 
0.317368 
0.376861 
0.353661 
0.403924 
0.402808 
0.402763 
0.354799 
0.361907 
0.395957 
0.374875 
0.363327 
0.341078 
0.400175 
0.413587 
0.387547 
0.472616 
0.390651 
0.432489 
0.344510 
0.393651 
0.444778 
0.427036 
0.431978 
0.374216 
0.481966 
0.491223 
0.425997 
0.384928 
0.469615 
0.448627 
0.473157 
0.425448 
0.523761 
0.444650 
0.504332 
0.398213 
0.421855 
0.452637 
0.432216 
0.426952 
0.335716 
0.420101 
0.489177 
0.603623 
0.592030 
0.493366 
0.337044 
0.245139 
0.152642 
0.135080 
0.131731 
0.139625 
0.198384 
0.240409 
0.261384 
0.377663 
0.381259 
0.549076 
0.567112 
0.544195 
0.575048 
0.481042 
0.552702 
0.547332 
0.404654 
0.341698 
0.347165 
0.308399 
0.203461 
0.194783 
0.183479 
0.130502 
0.087463 
0.061446 
0.037725 
0.094774 
0.292209 
0.405052 
0.495708 
0.582053 
0.470100 
0.575088 
0.582968 
0.503858 
0.448311 
0.352062 
0.311795 
0.265764 
0.222833 
0.192250 
0.271394 
0.333358 
0.401475 
0.613757 
0.546125 
0.531498 
0.648455 
0.507071 
0.467338 
0.603688 
0.572775 
0.502370 
0.441368 
0.392848 
0.481159 
0.400802 
0.507818 
0.525363 
0.610587 
0.574470 
0.527112 
0.574394 
0.415807 
0.393506 
0.291040 
0.220257 
0.084401 
0.000000 
0.000000 
0.000000 
0.000000 
0.000000 
0.000000 
0.000000 
0.000000 
0.000000 
0.002348 
0.148999 
0.303815 
0.380648 
0.470691 
0.449208 
0.543920 
0.517481 
0.505688 
0.516795 
0.672886 
0.614023 
0.544370 
0.523992 
0.504728 
0.633232 
0.619871 
0.529815 
0.569159 
0.601232 
0.676686 
0.559790 
0.680706 
0.627048 
0.693994 
0.489781 
0.552223 
0.641217 
0.468607 
0.455859 
0.291261 
0.084222 
0.000000 
0.000000 
0.000000 
0.000000 
0.000000 
0.028198 
0.063239 
0.090745 
0.135059 
0.183950 
0.197938 
0.225267 
0.184397 
0.144223 
0.055815 
0.004237 
0.000000 
0.004883 
0.064051 
0.163412 
0.206262 
0.276196 
0.243302 
0.432208 
0.414674 
0.402267 
0.465823 
0.383536 
0.280453 
0.173200 
0.066579 
0.020966 
0.024296 
0.026959 
0.036922 
0.047781 
0.050851 
0.037056 
0.023293 
0.015035 
0.000791 
0.000000 
0.002677 
0.021789 
0.038786 
0.086169 
0.092181 
0.147315 
0.163191 
0.186943 
0.201204 
0.252245 
0.363335 
0.401695 
0.416313 
0.627688 
0.651814 
0.491558 
0.610634 
0.495339 
0.478037 
0.511239 
0.367740 
0.276325 
0.132321 
0.047943 
0.000000 
0.000000 
0.000000 
0.000000 
0.000000 
0.000000 
0.000000 
0.000000 
0.049856 
0.132669 
0.246928 
0.272477 
0.362777 
0.519292 
0.563606 
0.661209 
0.722293 
0.583795 
0.517686 
0.690870 
0.646367 
0.516399 
0.517640 
0.629857 
0.584902 
0.595182 
0.569270 
0.567536 
0.606995 
0.543892 
0.541192 
0.566015 
0.533943 
0.532290 
0.552916 
0.550139 
0.523784 
0.614707 
0.554038 
0.611845 
0.548753 
0.581393 
0.560038 
0.549615 
0.612992 
0.523797 
0.594673 
0.534989 
0.629489 
0.631197 
0.658223 
0.502603 
0.520503 
0.462169 
0.413574 
0.349192 
0.388411 
0.429401 
0.510105 
0.571787 
0.517780 
0.722397 
0.583424 
0.602005 
0.593828 
0.620476 
0.638523 
0.600669 
0.507190 
0.524165 
0.496079 
0.613253 
0.532257 
0.573742 
0.474992 
0.577032 
0.418536 
0.479079 
0.455966 
0.350505 
0.342304 
0.359246 
0.303968 
0.233474 
0.205222 
0.226603 
0.211547 
0.341612 
0.435547 
0.568120 
0.614458 
0.529312 
0.502658 
0.480747 
0.641960 
0.540678 
0.505481 
0.494959 
0.424640 
0.468146 
0.408302 
0.432867 
0.384597 
0.461187 
0.548649 
0.602764 
0.417337 
0.411708 
0.485946 
0.424340 
0.445379 
0.406768 
0.421177 
0.414072 
0.386300 
0.365101 
0.403166 
0.314473 
0.338789 
0.306756 
0.278251 
0.279940 
0.354356 
0.412635 
0.348982 
0.382117 
0.397102 
0.417988 
0.336935 
0.459872 
0.438793 
0.422004 
0.232426 
0.144519 
0.079655 
0.020614 
0.005412 
0.000000 
0.000000 
0.000000 
0.000000 
0.000000 
0.000000 
0.000000 
0.000000 
0.000000 
0.000000 
0.000000 
0.000000 
0.000000 
0.013679 
0.039814 
0.066222 
0.095102 
0.164974 
0.191393 
0.287193 
0.250303 
0.387361 
0.453454 
0.476678 
0.391252 
0.406315 
0.311193 
0.371179 
0.326723 
0.229231 
0.238111 
0.228324 
0.176466 
0.160779 
0.139123 
0.143334 
0.113200 
0.125374 
0.135244 
0.116940 
0.143708 
0.139349 
0.185118 
0.190568 
0.250041 
0.236173 
0.418223 
0.359198 
0.457773 
0.401811 
0.392937 
0.376206 
0.425667 
0.370692 
0.382319 
0.329288 
0.318251 
0.329159 
0.231769 
0.231463 
0.221103 
0.236898 
0.227676 
0.203214 
0.207807 
0.207212 
0.221017 
0.248192 
0.238455 
0.234488 
0.214908 
0.388100 
0.306360 
0.383747 
0.304146 
0.283231 
0.335211 
0.318541 
0.350294 
0.339230 
0.338967 
0.224636 
0.187006 
0.146343 
0.151797 
0.190803 
0.235918 
0.309888 
0.301258 
0.246267 
0.193076 
0.196026 
0.138757 
0.108693 
0.104919 
0.152393 
0.133357 
0.111880 
0.094835 
0.147662 
0.148108 
0.127263 
0.155764 
0.133341 
0.144701 
0.131580 
0.107954 
0.124506 
0.102396 
0.108551 
0.089203 
0.090876 
0.081692 
0.056948 
0.066793 
0.046513 
0.038370 
0.030906 
0.021589 
0.012503 
0.007259 
0.000579 
0.000000 
0.000000 
0.000000 
0.000000 
0.000000 
0.000000 
0.000000 
0.000000 
0.000000 
0.000000 
0.000000 
0.000000 
0.000000 
0.000000 
0.000000 
0.000000 
0.000000 
0.000000 
0.000000 
0.000000 
0.000000 
0.000000 
0.000000 
0.000000 
0.000000 
0.000000 
0.000000 
0.000000 
0.000000 
0.000000 
0.002163 
0.005630 
0.007618 
0.012365 
0.017276 
0.017283 
0.022184 
0.020463 
0.025671 
0.024086 
0.026548 
0.024985 
0.024469 
0.025063 
0.022655 
0.021723 
0.025075 
0.024905 
0.026783 
0.040499 
0.053663 
0.059108 
0.059448 
0.073905 
0.079012 
0.079184 
0.076786 
0.104133 
0.118457 
0.185716 
0.217265 
0.209422 
0.228093 
0.183617 
0.200373 
0.187277 
0.198836 
0.148818 
0.153934 
0.142827 
0.088419 
0.080481 
0.078816 
0.075739 
0.080566 
0.094348 
0.069305 
0.066905 
0.042687 
0.041680 
0.028063 
0.021541 
0.014658 
0.010816 
0.006511 
0.002445 
0.000422 
0.000000 
0.000000 
0.000000 
0.000000 
0.000000 
0.000000 
0.000000 
0.000000 
0.001990 
0.003178 
0.002508 
0.001302 
0.000000 
0.000000 
0.000000 
0.000000 
0.000000 
0.000000 
0.000000 
0.000000 
0.000000 
0.000000 
0.001467 
0.003825 
0.004721 
0.003921 
0.002840 
0.000437 
0.000000 
0.000000 
0.000000 
0.000000 
0.000000 
0.000000 
0.000000 
0.000000 
0.000000 
0.000000 
0.000000 
0.000000 
0.000000 
0.000000 
0.000000 
0.000000 
0.000000 
0.000000 
0.000000 
0.000000 
0.000000 
0.000000 
0.000000 
0.000000 
0.000000 
0.000000 
0.000000 
0.000000 
0.000000 
0.000000 
0.000000 
0.000000 
0.000000 
0.000000 
0.000000 
0.000000 
0.000000 
0.000000 
0.000000 
0.000000 
0.000000 
0.000000 
0.000000 
0.000000 
0.000000 
0.000000 
0.000000 
0.000000 
0.000000 
0.000000 
0.000000 
0.000000 
0.000000 
0.000000 
0.000000 
0.000000 
0.000000 
0.000000 
0.000000 
0.000000 
0.000000 
0.000000 
0.000000 
0.000000 
0.000000 
0.000000 
0.000000 
0.000000 
0.000000 
0.000000 
0.000000 
0.000000 
0.000000 
0.000000 
0.000000 
0.000000 
0.000000 
0.000000 
0.000000 
0.000000 
0.000000 
0.000000 
0.000000 
0.000000 
0.000000 
0.000000 
0.000000 
0.000000 
0.000000 
0.000000 
0.000000 
0.000000 
0.000000 
0.000000 
0.000000 
0.000000 
0.000000 
0.000000 
0.000000 
0.000000 
0.000000 
0.000000 
0.000000 
0.000000 
0.000000 
0.000000 
0.000000 
0.000000 
0.000000 
0.000000 
0.000000 
0.000000 
0.000000 
0.000000 
0.000000 
0.000000 
0.000000 
0.000000 
0.000000 
0.000000 
0.000000 
0.000000 
0.000000 
0.000000 
0.000000 
0.000000 
0.000000 
0.000000 
0.000000 
0.000000 
0.000000 
0.000000 
0.000000 
0.000000 
0.000000 
0.000000 
0.000000 
0.000000 
0.000000 
0.000000 
0.000000 
0.000000 
0.000000 
0.000000 
0.000000 
0.000000 
0.000000 
0.000000 
0.000000 
0.000000 
0.000000 
0.000000 
0.000000 
0.000000 
0.000000 
0.000000 
0.000000 
0.000000 
0.000000 
0.000000 
0.000000 
0.000000 
0.000000 
0.000000 
0.000000 
0.000000 
0.000000 
0.000000 
0.000000 
0.000000 
0.000000 
0.000000 
0.000000 
0.000000 
0.000000 
0.000000 
0.000000 
0.000000 
0.000000 
0.000000 
0.000000 
0.000000 
0.000000 
0.000000 
0.000000 
0.000000 
0.000000 
0.000000 
0.000000 
0.000000 
0.000000 
0.000000 
0.000000 
0.000000 
0.000000 
0.000000 
0.000000 
0.000000 
0.000000 
0.000000 
0.000000 
0.000000 
0.000000 
0.000000 
0.000000 
0.000000 
0.000000 
0.000000 
0.000000 
0.000000 
0.000000 
0.000000 
0.000000 
0.000000 
0.000000 
0.000000 
0.000000 
0.000000 
0.000000 
0.000000 
0.000000 
0.000000 
0.000000 
0.000000 
0.000000 
0.000000 
0.000000 
0.000000 
0.000000 
0.000000 
0.000000 
0.000000 
0.000000 
0.000000 
0.000000 
0.000000 
0.000000 
0.000000 
0.000000 
0.000000 
0.000000 
0.000000 
0.000000 
0.000000 
0.000000 
0.000000 
0.000000 
0.000000 
0.000000 
0.000000 
0.000000 
0.000000 
0.000000 
0.000000 
0.000000 
0.000000 
0.000000 
0.000000 
0.000000 
0.000000 
0.000000 
0.000000 
0.000000 
0.000000 
0.000000 
0.000000 
0.000000 
0.000000 
0.000000 
0.000000 
0.000000 
0.000000 
0.000000 
0.000000 
0.000000 
0.000000 
0.000000 
0.000000 
0.000000 
0.000000 
0.000000 
0.000000 
0.000000 
0.000000 
0.000000 
0.000000 
0.000000 
0.000000 
0.000000 
0.000000 
0.000000 
0.000000 
