0.000000 
0.000000 
0.000000 
0.000000 
0.000000 
0.000000 
0.000000 
0.000000 
0.000000 
0.000000 
0.000000 
0.000000 
0.000000 
0.000000 
0.000000 
0.000000 
0.000000 
0.000000 
0.000000 
0.000000 
0.000000 
0.000000 
0.000000 
0.000000 
0.000000 
0.000000 
0.000000 
0.000000 
0.000000 
0.000000 
0.000000 
0.000000 
0.000000 
0.000000 
0.000000 
0.000000 
0.000000 
0.000000 
0.000000 
0.000000 
0.000000 
0.000000 
0.000000 
0.000000 
0.000000 
0.000000 
0.000000 
0.000000 
0.000000 
0.000000 
0.000000 
0.000000 
0.000000 
0.000000 
0.000000 
0.000000 
0.000000 
0.000000 
0.000000 
0.000000 
0.000000 
0.000000 
0.000000 
0.000000 
0.000000 
0.000000 
0.000000 
0.000000 
0.000000 
0.000000 
0.000000 
0.000000 
0.000000 
0.000000 
0.000000 
0.000000 
0.000000 
0.000000 
0.000000 
0.000000 
0.000000 
0.000000 
0.000000 
0.000000 
0.000000 
0.000000 
0.000000 
0.000000 
0.000000 
0.000000 
0.000000 
0.000000 
0.000000 
0.000000 
0.000000 
0.000000 
0.000000 
0.000000 
0.000000 
0.000000 
0.000000 
0.000000 
0.000000 
0.000000 
0.000000 
0.000000 
0.000000 
0.000000 
0.000000 
0.000000 
0.000000 
0.000000 
0.000000 
0.000000 
0.000000 
0.000000 
0.000000 
0.000000 
0.000000 
0.000000 
0.000000 
0.000000 
0.000000 
0.000000 
0.000000 
0.000000 
0.000000 
0.000000 
0.000000 
0.000000 
0.000000 
0.000000 
0.000000 
0.000000 
0.000000 
0.000000 
0.000000 
0.000000 
0.000000 
0.000000 
0.000000 
0.000000 
0.000000 
0.000000 
0.000000 
0.000000 
0.000000 
0.000000 
0.000000 
0.000000 
0.000000 
0.000000 
0.000000 
0.000000 
0.000000 
0.000000 
0.000000 
0.000000 
0.000000 
0.000000 
0.000000 
0.000000 
0.000000 
0.000000 
0.000000 
0.000000 
0.000000 
0.000000 
0.000000 
0.000000 
0.000000 
0.000000 
0.000000 
0.000000 
0.000000 
0.000000 
0.000000 
0.000000 
0.000000 
0.000000 
0.000000 
0.000000 
0.000000 
0.000000 
0.000000 
0.000000 
0.000000 
0.000000 
0.000000 
0.000000 
0.000000 
0.000000 
0.000000 
0.000000 
0.000000 
0.000000 
0.000000 
0.000000 
0.000000 
0.000000 
0.000000 
0.000000 
0.000000 
0.000000 
0.000000 
0.000000 
0.000000 
0.000000 
0.000000 
0.000000 
0.000000 
0.000000 
0.000000 
0.000000 
0.000000 
0.000000 
0.000000 
0.000000 
0.000000 
0.000000 
0.000000 
0.000000 
0.000000 
0.000000 
0.000000 
0.000000 
0.000000 
0.000000 
0.000000 
0.000000 
0.000000 
0.000000 
0.000000 
0.000000 
0.000000 
0.000000 
0.000000 
0.000000 
0.000000 
0.000000 
0.000000 
0.000000 
0.000000 
0.000000 
0.000000 
0.000000 
0.000000 
0.000000 
0.000000 
0.000000 
0.000000 
0.000000 
0.000000 
0.000000 
0.000000 
0.000000 
0.000000 
0.000000 
0.000000 
0.000000 
0.000000 
0.000000 
0.000000 
0.000000 
0.000000 
0.000000 
0.000000 
0.000000 
0.000000 
0.000000 
0.000000 
0.000000 
0.000000 
0.000000 
0.000000 
0.000000 
0.000000 
0.000000 
0.000000 
0.000000 
0.000000 
0.000000 
0.000000 
0.000000 
0.000000 
0.000000 
0.000000 
0.000000 
0.000000 
0.000000 
0.000000 
0.000000 
0.000000 
0.000000 
0.000000 
0.000000 
0.000000 
0.000000 
0.000000 
0.000000 
0.000000 
0.000000 
0.000000 
0.000000 
0.000000 
0.000000 
0.000000 
0.000000 
0.000000 
0.000000 
0.000000 
0.000000 
0.000000 
0.000000 
0.000000 
0.000000 
0.000000 
0.000000 
0.000000 
0.000000 
0.000000 
0.000000 
0.000000 
0.000000 
0.000000 
0.000000 
0.000000 
0.000000 
0.000000 
0.000000 
0.000000 
0.000000 
0.000000 
0.000000 
0.000000 
0.000000 
0.000000 
0.000000 
0.000000 
0.000000 
0.000000 
0.000000 
0.000000 
0.000000 
0.000000 
0.000000 
0.000000 
0.000000 
0.000000 
0.000000 
0.000000 
0.000000 
0.000000 
0.000000 
0.000000 
0.000000 
0.000000 
0.000000 
0.000000 
0.000000 
0.000000 
0.000000 
0.000000 
0.000000 
0.000000 
0.000000 
0.000000 
0.000000 
0.000000 
0.000000 
0.000000 
0.000000 
0.000000 
0.000000 
0.000000 
0.000000 
0.000000 
0.000000 
0.000000 
0.000000 
0.000000 
0.000000 
0.000000 
0.000000 
0.000000 
0.000000 
0.000000 
0.000000 
0.000000 
0.000000 
0.000000 
0.000000 
0.000000 
0.000000 
0.000000 
0.000000 
0.000000 
0.000000 
0.000000 
0.000000 
0.000000 
0.000000 
0.000000 
0.000000 
0.000000 
0.000000 
0.000000 
0.000000 
0.000000 
0.000000 
0.000000 
0.000000 
0.000000 
0.000000 
0.000000 
0.000000 
0.000000 
0.000000 
0.000000 
0.000000 
0.000000 
0.004026 
0.014237 
0.021575 
0.026823 
0.021522 
0.018847 
0.019802 
0.016918 
0.014010 
0.026382 
0.028803 
0.032073 
0.050537 
0.068441 
0.058893 
0.071010 
0.081349 
0.085857 
0.090523 
0.109941 
0.111906 
0.089089 
0.104200 
0.103810 
0.114630 
0.129863 
0.126018 
0.149672 
0.208724 
0.152981 
0.158114 
0.179046 
0.133049 
0.139818 
0.172073 
0.169830 
0.190743 
0.194994 
0.204231 
0.149678 
0.196514 
0.184167 
0.137117 
0.108552 
0.054840 
0.002195 
0.000000 
0.000000 
0.000000 
0.000000 
0.000000 
0.020672 
0.073021 
0.106798 
0.121416 
0.130127 
0.150124 
0.116270 
0.152459 
0.146795 
0.164221 
0.160749 
0.146255 
0.176034 
0.192366 
0.197643 
0.176751 
0.134707 
0.141622 
0.133125 
0.159193 
0.179465 
0.164563 
0.162154 
0.192525 
0.158244 
0.179583 
0.173629 
0.202274 
0.175842 
0.124531 
0.138422 
0.101071 
0.071018 
0.103340 
0.147773 
0.179309 
0.214496 
0.219427 
0.172079 
0.156059 
0.069574 
0.009244 
0.000000 
0.000000 
0.000000 
0.000000 
0.000000 
0.000000 
0.000000 
0.000000 
0.000000 
0.009999 
0.063660 
0.082717 
0.138708 
0.174706 
0.237832 
0.222247 
0.228694 
0.249864 
0.250235 
0.241765 
0.282788 
0.233666 
0.243656 
0.238132 
0.224403 
0.258133 
0.261512 
0.300663 
0.252154 
0.317350 
0.302350 
0.322743 
0.236488 
0.252439 
0.290518 
0.347245 
0.262063 
0.295160 
0.270593 
0.284219 
0.316499 
0.241370 
0.312253 
0.302094 
0.266429 
0.279199 
0.223973 
0.251611 
0.300654 
0.268509 
0.300039 
0.310092 
0.297070 
0.318916 
0.272927 
0.274430 
0.287401 
0.310246 
0.279899 
0.273697 
0.314453 
0.291813 
0.371881 
0.328261 
0.297831 
0.335145 
0.376683 
0.322618 
0.357118 
0.354463 
0.345802 
0.350585 
0.374449 
0.331405 
0.373680 
0.265277 
0.314358 
0.324873 
0.342348 
0.446712 
0.369989 
0.349181 
0.284677 
0.182610 
0.122393 
0.112844 
0.089280 
0.103604 
0.166729 
0.181949 
0.211685 
0.288374 
0.341397 
0.310956 
0.376543 
0.430111 
0.443003 
0.358564 
0.346812 
0.373107 
0.316323 
0.367460 
0.312936 
0.224088 
0.174497 
0.147994 
0.114788 
0.093617 
0.066534 
0.029538 
0.031933 
0.071959 
0.184032 
0.288208 
0.346476 
0.479574 
0.411069 
0.379626 
0.451390 
0.351806 
0.347972 
0.342886 
0.248025 
0.225191 
0.159112 
0.128395 
0.150449 
0.258491 
0.279237 
0.416818 
0.443052 
0.400978 
0.336501 
0.429298 
0.398242 
0.335753 
0.319297 
0.302193 
0.312850 
0.320862 
0.319537 
0.328144 
0.376341 
0.376481 
0.414007 
0.476745 
0.451952 
0.402070 
0.351563 
0.262444 
0.212139 
0.130118 
0.073926 
0.000000 
0.000000 
0.000000 
0.000000 
0.000000 
0.000000 
0.000000 
0.000000 
0.000000 
0.001783 
0.115945 
0.239926 
0.304914 
0.332061 
0.377394 
0.343350 
0.454548 
0.387711 
0.445498 
0.422641 
0.424893 
0.483253 
0.360837 
0.477701 
0.424313 
0.385667 
0.481406 
0.512349 
0.478899 
0.584069 
0.520163 
0.474940 
0.423893 
0.423732 
0.433024 
0.462946 
0.371165 
0.366157 
0.337750 
0.188758 
0.067662 
0.000000 
0.000000 
0.000000 
0.000000 
0.000000 
0.017529 
0.050066 
0.063639 
0.112335 
0.141223 
0.128810 
0.164100 
0.153517 
0.093051 
0.046592 
0.003578 
0.000000 
0.003873 
0.041345 
0.101293 
0.174879 
0.209601 
0.216184 
0.280622 
0.293823 
0.339317 
0.333065 
0.311395 
0.207413 
0.113259 
0.050756 
0.014616 
0.016848 
0.023187 
0.031018 
0.036087 
0.035229 
0.027997 
0.023869 
0.010179 
0.000563 
0.000000 
0.002242 
0.016912 
0.033276 
0.064422 
0.086474 
0.082136 
0.102132 
0.142050 
0.147178 
0.181562 
0.231767 
0.362511 
0.342509 
0.397011 
0.390974 
0.411182 
0.487409 
0.427865 
0.343638 
0.390673 
0.333933 
0.220134 
0.090317 
0.035650 
0.000000 
0.000000 
0.000000 
0.000000 
0.000000 
0.000000 
0.000000 
0.000000 
0.031653 
0.094252 
0.134647 
0.228245 
0.336254 
0.403731 
0.436820 
0.448170 
0.456784 
0.491653 
0.438605 
0.474020 
0.478051 
0.447802 
0.392659 
0.473640 
0.471995 
0.445080 
0.424876 
0.363715 
0.419141 
0.425668 
0.388720 
0.508505 
0.458342 
0.432042 
0.461476 
0.403205 
0.381025 
0.406579 
0.390967 
0.395156 
0.417972 
0.386858 
0.468541 
0.413170 
0.425892 
0.506851 
0.466994 
0.408217 
0.540435 
0.460522 
0.483339 
0.365279 
0.378186 
0.339101 
0.285743 
0.276814 
0.336418 
0.293690 
0.343350 
0.395019 
0.433823 
0.387716 
0.469913 
0.490379 
0.424092 
0.418183 
0.362559 
0.432074 
0.406767 
0.450391 
0.366299 
0.412586 
0.453423 
0.440507 
0.284503 
0.415697 
0.403971 
0.472488 
0.338542 
0.345172 
0.272134 
0.200995 
0.217838 
0.181669 
0.163069 
0.160023 
0.177796 
0.238616 
0.305651 
0.344339 
0.462175 
0.478950 
0.421967 
0.386908 
0.416920 
0.425266 
0.390077 
0.373804 
0.371815 
0.379305 
0.326338 
0.345866 
0.394958 
0.448628 
0.456076 
0.323127 
0.427038 
0.426096 
0.355501 
0.380457 
0.306485 
0.272521 
0.316096 
0.277343 
0.250155 
0.289912 
0.239358 
0.254013 
0.259335 
0.228538 
0.264610 
0.225990 
0.269465 
0.263179 
0.311374 
0.306114 
0.335479 
0.319077 
0.346985 
0.342070 
0.293228 
0.273136 
0.239281 
0.150052 
0.054828 
0.015569 
0.003855 
0.000000 
0.000000 
0.000000 
0.000000 
0.000000 
0.000000 
0.000000 
0.000000 
0.000000 
0.000000 
0.000000 
0.000000 
0.000000 
0.009843 
0.027702 
0.049474 
0.093683 
0.135505 
0.124571 
0.174751 
0.261641 
0.286480 
0.289531 
0.378439 
0.370532 
0.292092 
0.300297 
0.233017 
0.238551 
0.207746 
0.158540 
0.154788 
0.117707 
0.111376 
0.133501 
0.111200 
0.082528 
0.093690 
0.088388 
0.080286 
0.091553 
0.098835 
0.136286 
0.148998 
0.174074 
0.213344 
0.256013 
0.307294 
0.365602 
0.345180 
0.418067 
0.322372 
0.370500 
0.316659 
0.323013 
0.262931 
0.225612 
0.218786 
0.162782 
0.187899 
0.174245 
0.156783 
0.185912 
0.152366 
0.143856 
0.141860 
0.175187 
0.166067 
0.191004 
0.191640 
0.241172 
0.247083 
0.243601 
0.270328 
0.236549 
0.266993 
0.244002 
0.194710 
0.188521 
0.256649 
0.190065 
0.148446 
0.124991 
0.118340 
0.125393 
0.121876 
0.156839 
0.204904 
0.184004 
0.188265 
0.180730 
0.136455 
0.094154 
0.084146 
0.076631 
0.092193 
0.094763 
0.121311 
0.101961 
0.118389 
0.110153 
0.105890 
0.101298 
0.102976 
0.095160 
0.117576 
0.105987 
0.079663 
0.085807 
0.082802 
0.057322 
0.066973 
0.052159 
0.058644 
0.043461 
0.034949 
0.028275 
0.025922 
0.016437 
0.011989 
0.005608 
0.000371 
0.000000 
0.000000 
0.000000 
0.000000 
0.000000 
0.000000 
0.000000 
0.000000 
0.000000 
0.000000 
0.000000 
0.000000 
0.000000 
0.000000 
0.000000 
0.000000 
0.000000 
0.000000 
0.000000 
0.000000 
0.000000 
0.000000 
0.000000 
0.000000 
0.000000 
0.000000 
0.000000 
0.000000 
0.000000 
0.000000 
0.001367 
0.004566 
0.006637 
0.008972 
0.010564 
0.014932 
0.017186 
0.020264 
0.019548 
0.020353 
0.014726 
0.019552 
0.016650 
0.019970 
0.016375 
0.016533 
0.016846 
0.019295 
0.029495 
0.031642 
0.048058 
0.050741 
0.039002 
0.043357 
0.045908 
0.054142 
0.054792 
0.071117 
0.106084 
0.146296 
0.160133 
0.167561 
0.176705 
0.128768 
0.152284 
0.158684 
0.144086 
0.159779 
0.113860 
0.093238 
0.061614 
0.062797 
0.052592 
0.057672 
0.054311 
0.047502 
0.055948 
0.055095 
0.036613 
0.031449 
0.018268 
0.012142 
0.007805 
0.004254 
0.000912 
0.000000 
0.000000 
0.000000 
0.000000 
0.000000 
0.000000 
0.000000 
0.000000 
0.000000 
0.000000 
0.000000 
0.000000 
0.000000 
0.000000 
0.000000 
0.000000 
0.000000 
0.000000 
0.000000 
0.000000 
0.000000 
0.000000 
0.000000 
0.000000 
0.000000 
0.000000 
0.000000 
0.000000 
0.000000 
0.000000 
0.000000 
0.000000 
0.000000 
0.000000 
0.000000 
0.000000 
0.000000 
0.000000 
0.000000 
0.000000 
0.000000 
0.000000 
0.000000 
0.000000 
0.000000 
0.000000 
0.000000 
0.000000 
0.000000 
0.000000 
0.000000 
0.000000 
0.000000 
0.000000 
0.000000 
0.000000 
0.000000 
0.000000 
0.000000 
0.000000 
0.000000 
0.000000 
0.000000 
0.000000 
0.000000 
0.000000 
0.000000 
0.000000 
0.000000 
0.000000 
0.000000 
0.000000 
0.000000 
0.000000 
0.000000 
0.000000 
0.000000 
0.000000 
0.000000 
0.000000 
0.000000 
0.000000 
0.000000 
0.000000 
0.000000 
0.000000 
0.000000 
0.000000 
0.000000 
0.000000 
0.000000 
0.000000 
0.000000 
0.000000 
0.000000 
0.000000 
0.000000 
0.000000 
0.000000 
0.000000 
0.000000 
0.000000 
0.000000 
0.000000 
0.000000 
0.000000 
0.000000 
0.000000 
0.000000 
0.000000 
0.000000 
0.000000 
0.000000 
0.000000 
0.000000 
0.000000 
0.000000 
0.000000 
0.000000 
0.000000 
0.000000 
0.000000 
0.000000 
0.000000 
0.000000 
0.000000 
0.000000 
0.000000 
0.000000 
0.000000 
0.000000 
0.000000 
0.000000 
0.000000 
0.000000 
0.000000 
0.000000 
0.000000 
0.000000 
0.000000 
0.000000 
0.000000 
0.000000 
0.000000 
0.000000 
0.000000 
0.000000 
0.000000 
0.000000 
0.000000 
0.000000 
0.000000 
0.000000 
0.000000 
0.000000 
0.000000 
0.000000 
0.000000 
0.000000 
0.000000 
0.000000 
0.000000 
0.000000 
0.000000 
0.000000 
0.000000 
0.000000 
0.000000 
0.000000 
0.000000 
0.000000 
0.000000 
0.000000 
0.000000 
0.000000 
0.000000 
0.000000 
0.000000 
0.000000 
0.000000 
0.000000 
0.000000 
0.000000 
0.000000 
0.000000 
0.000000 
0.000000 
0.000000 
0.000000 
0.000000 
0.000000 
0.000000 
0.000000 
0.000000 
0.000000 
0.000000 
0.000000 
0.000000 
0.000000 
0.000000 
0.000000 
0.000000 
0.000000 
0.000000 
0.000000 
0.000000 
0.000000 
0.000000 
0.000000 
0.000000 
0.000000 
0.000000 
0.000000 
0.000000 
0.000000 
0.000000 
0.000000 
0.000000 
0.000000 
0.000000 
0.000000 
0.000000 
0.000000 
0.000000 
0.000000 
0.000000 
0.000000 
0.000000 
0.000000 
0.000000 
0.000000 
0.000000 
0.000000 
0.000000 
0.000000 
0.000000 
0.000000 
0.000000 
0.000000 
0.000000 
0.000000 
0.000000 
0.000000 
0.000000 
0.000000 
0.000000 
0.000000 
0.000000 
0.000000 
0.000000 
0.000000 
0.000000 
0.000000 
0.000000 
0.000000 
0.000000 
0.000000 
0.000000 
0.000000 
0.000000 
0.000000 
0.000000 
0.000000 
0.000000 
0.000000 
0.000000 
0.000000 
0.000000 
0.000000 
0.000000 
0.000000 
0.000000 
0.000000 
0.000000 
0.000000 
0.000000 
0.000000 
0.000000 
0.000000 
0.000000 
0.000000 
0.000000 
0.000000 
0.000000 
0.000000 
0.000000 
0.000000 
0.000000 
0.000000 
0.000000 
0.000000 
0.000000 
0.000000 
0.000000 
0.000000 
0.000000 
0.000000 
0.000000 
0.000000 
0.000000 
0.000000 
0.000000 
0.000000 
0.000000 
0.000000 
0.000000 
0.000000 
0.000000 
0.000000 
0.000000 
0.000000 
0.000000 
0.000000 
0.000000 
0.000000 
0.000000 
0.000000 
0.000000 
0.000000 
0.000000 
0.000000 
0.000000 
