0.000000 
0.000000 
0.000000 
0.000000 
0.000000 
0.000000 
0.000000 
0.000000 
0.000000 
0.000000 
0.000000 
0.000000 
0.000000 
0.000000 
0.000000 
0.000000 
0.000000 
0.000000 
0.000000 
0.000000 
0.000000 
0.000000 
0.000000 
0.000000 
0.000000 
0.000000 
0.000000 
0.000000 
0.000000 
0.000000 
0.000000 
0.000000 
0.000000 
0.000000 
0.000000 
0.000000 
0.000000 
0.000000 
0.000000 
0.000000 
0.000000 
0.000000 
0.000000 
0.000000 
0.000000 
0.000000 
0.000000 
0.000000 
0.000000 
0.000000 
0.000000 
0.000000 
0.000000 
0.000000 
0.000000 
0.000000 
0.000000 
0.000000 
0.000000 
0.000000 
0.000000 
0.000000 
0.000000 
0.000000 
0.000000 
0.000000 
0.000000 
0.000000 
0.000000 
0.000000 
0.000000 
0.000000 
0.000000 
0.000000 
0.000000 
0.000000 
0.000000 
0.000000 
0.000000 
0.000000 
0.000000 
0.000000 
0.000000 
0.000000 
0.000000 
0.000000 
0.000000 
0.000000 
0.000000 
0.000000 
0.000000 
0.000000 
0.000000 
0.000000 
0.000000 
0.000000 
0.000000 
0.000000 
0.000000 
0.000000 
0.000000 
0.000000 
0.000000 
0.000000 
0.000000 
0.000000 
0.000000 
0.000000 
0.000000 
0.000000 
0.000000 
0.000000 
0.000000 
0.000000 
0.000000 
0.000000 
0.000000 
0.000000 
0.000000 
0.000000 
0.000000 
0.000000 
0.000000 
0.000000 
0.000000 
0.000000 
0.000000 
0.000000 
0.000000 
0.000000 
0.000000 
0.000000 
0.000000 
0.000000 
0.000000 
0.000000 
0.000000 
0.000000 
0.000000 
0.000000 
0.000000 
0.000000 
0.000000 
0.000000 
0.000000 
0.000000 
0.000000 
0.000000 
0.000000 
0.000000 
0.000000 
0.000000 
0.000000 
0.000000 
0.000000 
0.000000 
0.000000 
0.000000 
0.000000 
0.000000 
0.000000 
0.000000 
0.000000 
0.000000 
0.000000 
0.000000 
0.000000 
0.000000 
0.000000 
0.000000 
0.000000 
0.000000 
0.000000 
0.000000 
0.000000 
0.000000 
0.000000 
0.000000 
0.000000 
0.000000 
0.000000 
0.000000 
0.000000 
0.000000 
0.000000 
0.000000 
0.000000 
0.000000 
0.000000 
0.000000 
0.000000 
0.000000 
0.000000 
0.000000 
0.000000 
0.000000 
0.000000 
0.000000 
0.000000 
0.000000 
0.000000 
0.000000 
0.000000 
0.000000 
0.000000 
0.000000 
0.000000 
0.000000 
0.000000 
0.000000 
0.000000 
0.000000 
0.000000 
0.000000 
0.000000 
0.000000 
0.000000 
0.000000 
0.000000 
0.000000 
0.000000 
0.000000 
0.000000 
0.000000 
0.000000 
0.000000 
0.000000 
0.000000 
0.000000 
0.000000 
0.000000 
0.000000 
0.000000 
0.000000 
0.000000 
0.000000 
0.000000 
0.000000 
0.000000 
0.000000 
0.000000 
0.000000 
0.000000 
0.000000 
0.000000 
0.000000 
0.000000 
0.000000 
0.000000 
0.000000 
0.000000 
0.000000 
0.000000 
0.000000 
0.000000 
0.000000 
0.000000 
0.000000 
0.000000 
0.000000 
0.000000 
0.000000 
0.000000 
0.000000 
0.000000 
0.000000 
0.000000 
0.000000 
0.000000 
0.000000 
0.000000 
0.000000 
0.000000 
0.000000 
0.000000 
0.000000 
0.000000 
0.000000 
0.000000 
0.000000 
0.000000 
0.000000 
0.000000 
0.000000 
0.000000 
0.000000 
0.000000 
0.000000 
0.000000 
0.000000 
0.000000 
0.000000 
0.000000 
0.000000 
0.000000 
0.000000 
0.000000 
0.000000 
0.000000 
0.000000 
0.000000 
0.000000 
0.000000 
0.000000 
0.000000 
0.000000 
0.000000 
0.000000 
0.000000 
0.000000 
0.000000 
0.000000 
0.000000 
0.000000 
0.000000 
0.000000 
0.000000 
0.000000 
0.000000 
0.000000 
0.000000 
0.000000 
0.000000 
0.000000 
0.000000 
0.000000 
0.000000 
0.000000 
0.000000 
0.000000 
0.000000 
0.000000 
0.000000 
0.000000 
0.000000 
0.000000 
0.000000 
0.000000 
0.000000 
0.000000 
0.000000 
0.000000 
0.000000 
0.000000 
0.000000 
0.000000 
0.000000 
0.000000 
0.000000 
0.000000 
0.000000 
0.000000 
0.000000 
0.000000 
0.000000 
0.000000 
0.000000 
0.000000 
0.000000 
0.000000 
0.000000 
0.000000 
0.000000 
0.000000 
0.000000 
0.000000 
0.000000 
0.000000 
0.000000 
0.000000 
0.000000 
0.000000 
0.000000 
0.000000 
0.000000 
0.000000 
0.000000 
0.000000 
0.000000 
0.000000 
0.000000 
0.000000 
0.000000 
0.000000 
0.000000 
0.000000 
0.000000 
0.000000 
0.000000 
0.000000 
0.000000 
0.000000 
0.000000 
0.000000 
0.000000 
0.000000 
0.000000 
0.000000 
0.000000 
0.000000 
0.000000 
0.000000 
0.000000 
0.000000 
0.000000 
0.000000 
0.000000 
0.000000 
0.000000 
0.000000 
0.000000 
0.000000 
0.000000 
0.000000 
0.000000 
0.000000 
0.000000 
0.000000 
0.000000 
0.000000 
0.000000 
0.002805 
0.010030 
0.020683 
0.017786 
0.020070 
0.017839 
0.017697 
0.014384 
0.012464 
0.013268 
0.025909 
0.038036 
0.047414 
0.049272 
0.061079 
0.057558 
0.062122 
0.074954 
0.068366 
0.083022 
0.084466 
0.092718 
0.097544 
0.100804 
0.116096 
0.096104 
0.124097 
0.123293 
0.138206 
0.146362 
0.128314 
0.135283 
0.115170 
0.121963 
0.126274 
0.104294 
0.140225 
0.174540 
0.160258 
0.138806 
0.138484 
0.137659 
0.087253 
0.077107 
0.049411 
0.002211 
0.000000 
0.000000 
0.000000 
0.000000 
0.000000 
0.013601 
0.052615 
0.099120 
0.112058 
0.094003 
0.117151 
0.147976 
0.133301 
0.118740 
0.133917 
0.127410 
0.148932 
0.149285 
0.150410 
0.113662 
0.129913 
0.138887 
0.127983 
0.111084 
0.139589 
0.139535 
0.146202 
0.120193 
0.134372 
0.121496 
0.163291 
0.139244 
0.157539 
0.145408 
0.129485 
0.088485 
0.071028 
0.090365 
0.088078 
0.105072 
0.147876 
0.177969 
0.165761 
0.163617 
0.119465 
0.055755 
0.008992 
0.000000 
0.000000 
0.000000 
0.000000 
0.000000 
0.000000 
0.000000 
0.000000 
0.000000 
0.009476 
0.057978 
0.090411 
0.108517 
0.148953 
0.159660 
0.172575 
0.184154 
0.223874 
0.186695 
0.186575 
0.195616 
0.234495 
0.184025 
0.195569 
0.219565 
0.188176 
0.227198 
0.201688 
0.249310 
0.152150 
0.215746 
0.249334 
0.230906 
0.216404 
0.189297 
0.234030 
0.232976 
0.209541 
0.236144 
0.256668 
0.228698 
0.253010 
0.238350 
0.246754 
0.227518 
0.253843 
0.231126 
0.269639 
0.267962 
0.244589 
0.257321 
0.245725 
0.244986 
0.245490 
0.230643 
0.221243 
0.226346 
0.259983 
0.203116 
0.235084 
0.284371 
0.284159 
0.231477 
0.268839 
0.250794 
0.269761 
0.290900 
0.280156 
0.330646 
0.242523 
0.277017 
0.241285 
0.298889 
0.275265 
0.255591 
0.231011 
0.300267 
0.337968 
0.273406 
0.290144 
0.324597 
0.306699 
0.247975 
0.178741 
0.111059 
0.071375 
0.085998 
0.096148 
0.129844 
0.165392 
0.175458 
0.202310 
0.265657 
0.271946 
0.372057 
0.351840 
0.296644 
0.300960 
0.245888 
0.359917 
0.247606 
0.265143 
0.215388 
0.218259 
0.142707 
0.109442 
0.087221 
0.074054 
0.045176 
0.028796 
0.022420 
0.071368 
0.144911 
0.229146 
0.295869 
0.303889 
0.301549 
0.316816 
0.394369 
0.371280 
0.321268 
0.256162 
0.226103 
0.162840 
0.137197 
0.128663 
0.122455 
0.244239 
0.360094 
0.370858 
0.299021 
0.323555 
0.345678 
0.296135 
0.300066 
0.323099 
0.326493 
0.286032 
0.295545 
0.285842 
0.257400 
0.257094 
0.361017 
0.343047 
0.315217 
0.354143 
0.361700 
0.312189 
0.296283 
0.226362 
0.180518 
0.128938 
0.061542 
0.000000 
0.000000 
0.000000 
0.000000 
0.000000 
0.000000 
0.000000 
0.000000 
0.000000 
0.001218 
0.070305 
0.193792 
0.287052 
0.285943 
0.352765 
0.364543 
0.310125 
0.345016 
0.346921 
0.302574 
0.390780 
0.363538 
0.356123 
0.392757 
0.358340 
0.364418 
0.406652 
0.333078 
0.337173 
0.380377 
0.352290 
0.350682 
0.373246 
0.351012 
0.375207 
0.342857 
0.337144 
0.325636 
0.292329 
0.173570 
0.057493 
0.000000 
0.000000 
0.000000 
0.000000 
0.000000 
0.014564 
0.043006 
0.055833 
0.095846 
0.096293 
0.134271 
0.116933 
0.099822 
0.073060 
0.038061 
0.002854 
0.000000 
0.003247 
0.043726 
0.075290 
0.142135 
0.182406 
0.181576 
0.218271 
0.235084 
0.212824 
0.248481 
0.210521 
0.152964 
0.109362 
0.040780 
0.012148 
0.015650 
0.015424 
0.020611 
0.031928 
0.030258 
0.026016 
0.018009 
0.008115 
0.000522 
0.000000 
0.001701 
0.013644 
0.031414 
0.051237 
0.048757 
0.088587 
0.086285 
0.100557 
0.108703 
0.110088 
0.179625 
0.187972 
0.288903 
0.351776 
0.363909 
0.293871 
0.289495 
0.312089 
0.345098 
0.271541 
0.248423 
0.195849 
0.086540 
0.031735 
0.000000 
0.000000 
0.000000 
0.000000 
0.000000 
0.000000 
0.000000 
0.000000 
0.026624 
0.076595 
0.155413 
0.187468 
0.275685 
0.348079 
0.363389 
0.360304 
0.405700 
0.392416 
0.381178 
0.400737 
0.372307 
0.408488 
0.376421 
0.339070 
0.367466 
0.378874 
0.342712 
0.405666 
0.354684 
0.397051 
0.393170 
0.301253 
0.323542 
0.388153 
0.356611 
0.371598 
0.335340 
0.287285 
0.371657 
0.403769 
0.297638 
0.381549 
0.407410 
0.396841 
0.385955 
0.393984 
0.310613 
0.397378 
0.364933 
0.321696 
0.402487 
0.369079 
0.292111 
0.269622 
0.266823 
0.205080 
0.199087 
0.252871 
0.315649 
0.356734 
0.317370 
0.347163 
0.335109 
0.347625 
0.327068 
0.307402 
0.325165 
0.286233 
0.329957 
0.320589 
0.325611 
0.303883 
0.370541 
0.334742 
0.325229 
0.378753 
0.374002 
0.350533 
0.294066 
0.307710 
0.226439 
0.209116 
0.150189 
0.159490 
0.160403 
0.147866 
0.168177 
0.185092 
0.277610 
0.300847 
0.310449 
0.315467 
0.320912 
0.327038 
0.308413 
0.338556 
0.375335 
0.313341 
0.276826 
0.346142 
0.299023 
0.289149 
0.364235 
0.304271 
0.316318 
0.375036 
0.389080 
0.286000 
0.347133 
0.255835 
0.287152 
0.268245 
0.255652 
0.252357 
0.223038 
0.216643 
0.229449 
0.212599 
0.190460 
0.219305 
0.189339 
0.207946 
0.231785 
0.234281 
0.275924 
0.320776 
0.246968 
0.265093 
0.260970 
0.259203 
0.238864 
0.218291 
0.163451 
0.118517 
0.035861 
0.010265 
0.002828 
0.000000 
0.000000 
0.000000 
0.000000 
0.000000 
0.000000 
0.000000 
0.000000 
0.000000 
0.000000 
0.000000 
0.000000 
0.000000 
0.008415 
0.020566 
0.040219 
0.057550 
0.092098 
0.132405 
0.156564 
0.181386 
0.207588 
0.239436 
0.248625 
0.261752 
0.256583 
0.223564 
0.163020 
0.183325 
0.152628 
0.143068 
0.123317 
0.089612 
0.068042 
0.108207 
0.093496 
0.082533 
0.083185 
0.072623 
0.079121 
0.088612 
0.098546 
0.128176 
0.117710 
0.147559 
0.204564 
0.223582 
0.316544 
0.282777 
0.255009 
0.236736 
0.273129 
0.282071 
0.342084 
0.226602 
0.225418 
0.190365 
0.166253 
0.131022 
0.145863 
0.145204 
0.159822 
0.120175 
0.114699 
0.154035 
0.127860 
0.148374 
0.151631 
0.142889 
0.153927 
0.168699 
0.168118 
0.171674 
0.207449 
0.180843 
0.193804 
0.195055 
0.173916 
0.233107 
0.165288 
0.152567 
0.137341 
0.103501 
0.090447 
0.115126 
0.122757 
0.142724 
0.150254 
0.147822 
0.145105 
0.140675 
0.102799 
0.072290 
0.071609 
0.061369 
0.080235 
0.075546 
0.068993 
0.079229 
0.084113 
0.076676 
0.080430 
0.082914 
0.061878 
0.064464 
0.084800 
0.098359 
0.088142 
0.074067 
0.065504 
0.063291 
0.063869 
0.047668 
0.052586 
0.034026 
0.030718 
0.028904 
0.020861 
0.017021 
0.010636 
0.004349 
0.000336 
0.000000 
0.000000 
0.000000 
0.000000 
0.000000 
0.000000 
0.000000 
0.000000 
0.000000 
0.000000 
0.000000 
0.000000 
0.000000 
0.000000 
0.000000 
0.000000 
0.000000 
0.000000 
0.000000 
0.000000 
0.000000 
0.000000 
0.000000 
0.000000 
0.000000 
0.000000 
0.000000 
0.000000 
0.000000 
0.000000 
0.001321 
0.003978 
0.006538 
0.007679 
0.011745 
0.010728 
0.013901 
0.014313 
0.017460 
0.015609 
0.018682 
0.014516 
0.018008 
0.016315 
0.016812 
0.012120 
0.012417 
0.018333 
0.022112 
0.031124 
0.037995 
0.043593 
0.040464 
0.039732 
0.041701 
0.044478 
0.048603 
0.057780 
0.085496 
0.108300 
0.132043 
0.149479 
0.137574 
0.149282 
0.124361 
0.139890 
0.125133 
0.118476 
0.096328 
0.073543 
0.064432 
0.045167 
0.058875 
0.054880 
0.040635 
0.052178 
0.055711 
0.051039 
0.033125 
0.031144 
0.019769 
0.015399 
0.013288 
0.010948 
0.007008 
0.006417 
0.004821 
0.002277 
0.001383 
0.000592 
0.000000 
0.000000 
0.000329 
0.001733 
0.003295 
0.004472 
0.004392 
0.005498 
0.004307 
0.003573 
0.002750 
0.001822 
0.001676 
0.001433 
0.001230 
0.000837 
0.000932 
0.001659 
0.003062 
0.004670 
0.005380 
0.006266 
0.005572 
0.004993 
0.003786 
0.002766 
0.000861 
0.000000 
0.000000 
0.000000 
0.000000 
0.000000 
0.000000 
0.000000 
0.000000 
0.000000 
0.000000 
0.000000 
0.000000 
0.000000 
0.000000 
0.000000 
0.000000 
0.000000 
0.000000 
0.000000 
0.000000 
0.000000 
0.000000 
0.000000 
0.000000 
0.000000 
0.000000 
0.000000 
0.000000 
0.000000 
0.000000 
0.000000 
0.000000 
0.000000 
0.000000 
0.000000 
0.000000 
0.000000 
0.000000 
0.000000 
0.000000 
0.000000 
0.000000 
0.000000 
0.000000 
0.000000 
0.000000 
0.000000 
0.000000 
0.000000 
0.000000 
0.000000 
0.000000 
0.000000 
0.000000 
0.000000 
0.000000 
0.000000 
0.000000 
0.000000 
0.000000 
0.000000 
0.000000 
0.000000 
0.000000 
0.000000 
0.000000 
0.000000 
0.000000 
0.000000 
0.000000 
0.000000 
0.000000 
0.000000 
0.000000 
0.000000 
0.000000 
0.000000 
0.000000 
0.000000 
0.000000 
0.000000 
0.000000 
0.000000 
0.000000 
0.000000 
0.000000 
0.000000 
0.000000 
0.000000 
0.000000 
0.000000 
0.000000 
0.000000 
0.000000 
0.000000 
0.000000 
0.000000 
0.000000 
0.000000 
0.000000 
0.000000 
0.000000 
0.000000 
0.000000 
0.000000 
0.000000 
0.000000 
0.000000 
0.000000 
0.000000 
0.000000 
0.000000 
0.000000 
0.000000 
0.000000 
0.000000 
0.000000 
0.000000 
0.000000 
0.000000 
0.000000 
0.000000 
0.000000 
0.000000 
0.000000 
0.000000 
0.000000 
0.000000 
0.000000 
0.000000 
0.000000 
0.000000 
0.000000 
0.000000 
0.000000 
0.000000 
0.000000 
0.000000 
0.000000 
0.000000 
0.000000 
0.000000 
0.000000 
0.000000 
0.000000 
0.000000 
0.000000 
0.000000 
0.000000 
0.000000 
0.000000 
0.000000 
0.000000 
0.000000 
0.000000 
0.000000 
0.000000 
0.000000 
0.000000 
0.000000 
0.000000 
0.000000 
0.000000 
0.000000 
0.000000 
0.000000 
0.000000 
0.000000 
0.000000 
0.000000 
0.000000 
0.000000 
0.000000 
0.000000 
0.000000 
0.000000 
0.000000 
0.000000 
0.000000 
0.000000 
0.000000 
0.000000 
0.000000 
0.000000 
0.000000 
0.000000 
0.000000 
0.000000 
0.000000 
0.000000 
0.000000 
0.000000 
0.000000 
0.000000 
0.000000 
0.000000 
0.000000 
0.000000 
0.000000 
0.000000 
0.000000 
0.000000 
0.000000 
0.000000 
0.000000 
0.000000 
0.000000 
0.000000 
0.000000 
0.000000 
0.000000 
0.000000 
0.000000 
0.000000 
0.000000 
0.000000 
0.000000 
0.000000 
0.000000 
0.000000 
0.000000 
0.000000 
0.000000 
0.000000 
0.000000 
0.000000 
0.000000 
0.000000 
0.000000 
0.000000 
0.000000 
0.000000 
0.000000 
0.000000 
0.000000 
0.000000 
0.000000 
0.000000 
0.000000 
0.000000 
0.000000 
0.000000 
0.000000 
0.000000 
0.000000 
0.000000 
0.000000 
0.000000 
0.000000 
0.000000 
0.000000 
0.000000 
0.000000 
0.000000 
0.000000 
0.000000 
0.000000 
0.000000 
0.000000 
0.000000 
0.000000 
0.000000 
0.000000 
0.000000 
0.000000 
0.000000 
0.000000 
0.000000 
0.000000 
0.000000 
0.000000 
0.000000 
0.000000 
0.000000 
0.000000 
0.000000 
0.000000 
0.000000 
0.000000 
0.000000 
0.000000 
0.000000 
0.000000 
0.000000 
0.000000 
0.000000 
0.000000 
0.000000 
0.000000 
0.000000 
