0.069333 
0.069333 
0.069333 
0.069333 
0.069333 
0.069333 
0.069333 
0.069333 
0.069333 
0.069333 
0.069333 
0.069333 
0.069333 
0.069333 
0.069333 
0.069333 
0.069333 
0.069333 
0.069333 
0.069333 
0.069333 
0.069333 
0.069333 
0.069333 
0.069333 
0.069333 
0.069333 
0.069333 
0.069333 
0.069333 
0.075176 
0.090424 
0.111658 
0.135456 
0.158400 
0.185975 
0.220818 
0.255233 
0.281526 
0.292000 
0.292000 
0.292000 
0.292000 
0.292000 
0.292000 
0.292000 
0.292000 
0.292000 
0.292000 
0.292000 
0.286157 
0.270909 
0.249676 
0.225877 
0.202933 
0.175358 
0.140515 
0.106100 
0.079808 
0.069333 
0.069333 
0.069333 
0.069333 
0.069333 
0.069333 
0.069333 
0.069333 
0.069333 
0.069333 
0.069333 
0.069333 
0.069333 
0.069333 
0.069333 
0.069333 
0.069333 
0.069333 
0.069333 
0.069333 
0.069333 
0.069333 
0.069333 
0.069333 
0.069333 
0.069333 
0.069333 
0.069333 
0.069333 
0.069333 
0.069333 
0.069333 
0.069333 
0.069333 
0.069333 
0.069333 
0.069333 
0.069333 
0.069333 
0.069333 
0.069333 
0.069333 
0.069333 
0.069333 
0.069333 
0.069333 
0.069333 
0.069333 
0.069333 
0.069333 
0.069333 
0.069333 
0.069333 
0.069333 
0.069333 
0.069333 
0.069333 
0.069333 
0.069333 
0.069333 
0.069333 
0.069333 
0.069333 
0.069333 
0.069333 
0.069333 
0.069333 
0.069333 
0.069333 
0.069333 
0.069333 
0.085579 
0.125196 
0.174503 
0.219820 
0.247467 
0.261219 
0.273403 
0.283165 
0.289649 
0.292000 
0.292000 
0.292000 
0.292000 
0.292000 
0.292000 
0.292000 
0.292000 
0.292000 
0.292000 
0.292000 
0.275754 
0.236137 
0.186830 
0.141513 
0.113867 
0.100115 
0.087930 
0.078169 
0.071685 
0.069333 
0.069333 
0.069333 
0.069333 
0.069333 
0.069333 
0.069333 
0.069333 
0.069333 
0.069333 
0.069333 
0.069333 
0.069333 
0.069333 
0.069333 
0.069333 
0.069333 
0.069333 
0.069333 
0.069333 
0.069333 
0.069333 
0.069333 
0.069333 
0.069333 
0.069333 
0.069333 
0.069333 
0.069333 
0.069333 
0.069333 
0.069333 
0.069333 
0.069333 
0.069333 
0.069333 
0.069333 
0.069333 
0.069333 
0.069333 
0.069333 
0.069333 
0.069333 
0.069333 
0.069333 
0.069333 
0.069333 
0.069333 
0.069333 
0.069333 
0.069333 
0.069333 
0.069333 
0.069333 
0.069333 
0.069333 
0.069333 
0.069333 
0.069333 
0.069333 
0.069333 
0.069333 
0.069333 
0.069333 
0.069333 
0.069333 
0.069333 
0.069333 
0.069333 
0.069333 
0.069333 
0.079808 
0.106100 
0.140515 
0.175358 
0.202933 
0.225877 
0.249676 
0.270909 
0.286157 
0.292000 
0.292000 
0.292000 
0.292000 
0.292000 
0.292000 
0.292000 
0.292000 
0.292000 
0.292000 
0.292000 
0.281526 
0.255233 
0.220818 
0.185975 
0.158400 
0.135456 
0.111658 
0.090424 
0.075176 
0.069333 
0.069333 
0.069333 
0.069333 
0.069333 
0.069333 
0.069333 
0.069333 
0.069333 
0.069333 
0.069333 
0.069333 
0.069333 
0.069333 
0.069333 
0.069333 
0.069333 
0.069333 
0.069333 
0.069333 
0.069333 
0.069333 
0.069333 
0.069333 
0.069333 
0.069333 
0.069333 
0.069333 
0.069333 
0.069333 
0.069333 
0.069333 
0.069333 
0.069333 
0.069333 
0.069333 
0.079808 
0.106100 
0.140515 
0.175358 
0.202933 
0.225877 
0.249676 
0.270909 
0.286157 
0.292000 
0.292000 
0.292000 
0.292000 
0.292000 
0.292000 
0.292000 
0.292000 
0.292000 
0.292000 
0.292000 
0.281526 
0.255233 
0.220818 
0.185975 
0.158400 
0.135456 
0.111658 
0.090424 
0.075176 
0.069333 
0.069333 
0.069333 
0.069333 
0.069333 
0.069333 
0.069333 
0.069333 
0.069333 
0.069333 
0.069333 
0.069333 
0.069333 
0.069333 
0.069333 
0.069333 
0.069333 
0.069333 
0.069333 
0.069333 
0.069333 
0.069333 
0.069333 
0.069333 
0.069333 
0.069333 
0.069333 
0.069333 
0.069333 
0.069333 
0.069333 
0.079808 
0.106100 
0.140515 
0.175358 
0.202933 
0.225877 
0.249676 
0.270909 
0.286157 
0.292000 
0.292000 
0.292000 
0.292000 
0.292000 
0.292000 
0.292000 
0.292000 
0.292000 
0.292000 
0.292000 
0.281526 
0.255233 
0.220818 
0.185975 
0.158400 
0.135456 
0.111658 
0.090424 
0.075176 
0.069333 
0.069333 
0.069333 
0.069333 
0.069333 
0.069333 
0.069333 
0.069333 
0.069333 
0.069333 
0.069333 
0.069333 
0.069333 
0.069333 
0.069333 
0.069333 
0.069333 
0.069333 
0.069333 
0.069333 
0.069333 
0.069333 
0.069333 
0.069333 
0.069333 
0.069333 
0.069333 
0.069333 
0.069333 
0.069333 
0.069333 
0.069333 
0.069333 
0.069333 
0.069333 
0.069333 
0.069333 
0.069333 
0.069333 
0.069333 
0.069333 
0.085579 
0.125196 
0.174503 
0.219820 
0.247467 
0.261219 
0.273403 
0.283165 
0.289649 
0.292000 
0.292000 
0.292000 
0.292000 
0.292000 
0.292000 
0.292000 
0.292000 
0.292000 
0.292000 
0.292000 
0.276616 
0.239151 
0.192630 
0.150082 
0.124533 
0.112325 
0.101587 
0.093033 
0.087377 
0.085333 
0.091396 
0.106829 
0.127498 
0.149266 
0.168000 
0.184600 
0.201832 
0.218365 
0.232865 
0.244000 
0.251291 
0.256346 
0.260954 
0.266908 
0.276000 
0.304951 
0.358688 
0.421309 
0.476913 
0.509600 
0.524785 
0.537964 
0.548349 
0.555156 
0.557600 
0.536634 
0.486637 
0.426963 
0.376966 
0.356000 
0.367281 
0.399677 
0.451020 
0.519139 
0.601867 
0.854028 
1.348355 
1.959534 
2.562254 
3.031200 
3.409064 
3.789705 
4.124560 
4.365068 
4.462667 
4.471674 
4.478753 
4.483862 
4.486958 
4.488000 
4.483786 
4.471295 
4.450751 
4.422378 
4.386400 
3.912014 
2.838205 
1.569882 
0.511955 
0.069333 
0.069333 
0.069333 
0.069333 
0.069333 
0.069333 
0.069333 
0.069333 
0.069333 
0.069333 
0.069333 
0.069333 
0.069333 
0.069333 
0.069333 
0.069333 
0.069333 
0.069333 
0.069333 
0.069333 
0.069333 
0.069333 
0.069333 
0.069333 
0.069333 
0.069333 
0.069333 
0.069333 
0.069333 
0.069333 
0.069333 
0.069333 
0.069333 
0.069333 
0.069333 
0.069333 
0.069333 
0.069333 
0.069333 
0.069333 
0.069333 
0.069333 
0.069333 
0.069333 
0.069333 
0.069333 
0.069333 
0.069333 
0.069333 
0.069333 
0.069333 
0.075176 
0.090424 
0.111658 
0.135456 
0.158400 
0.185975 
0.220818 
0.255233 
0.281526 
0.292000 
0.292000 
0.292000 
0.292000 
0.292000 
0.292000 
0.292000 
0.292000 
0.292000 
0.292000 
0.292000 
0.282737 
0.260649 
0.234285 
0.212196 
0.202933 
0.355689 
0.719951 
1.154716 
1.518978 
1.671733 
1.506886 
1.113790 
0.644610 
0.251514 
0.086667 
0.086667 
0.086667 
0.086667 
0.086667 
0.086667 
0.086667 
0.086667 
0.086667 
0.086667 
0.086667 
0.086667 
0.086667 
0.086667 
0.086667 
0.086667 
0.430258 
1.292994 
2.422814 
3.567658 
4.475467 
5.231323 
6.014598 
6.714665 
7.220897 
7.422667 
7.434099 
7.443048 
7.449481 
7.453365 
7.454667 
7.395412 
7.232176 
6.986755 
6.680942 
6.336533 
5.726503 
4.758620 
3.656873 
2.645249 
1.947733 
1.484776 
1.054415 
0.697027 
0.452986 
0.362667 
0.362667 
0.362667 
0.362667 
0.362667 
0.362667 
0.339509 
0.284288 
0.218379 
0.163157 
0.140000 
0.140000 
0.140000 
0.140000 
0.140000 
0.140000 
0.140000 
0.140000 
0.140000 
0.140000 
0.140000 
0.143799 
0.152860 
0.163674 
0.172734 
0.176533 
0.172734 
0.163674 
0.152860 
0.143799 
0.140000 
0.140000 
0.140000 
0.140000 
0.140000 
0.140000 
0.152452 
0.182817 
0.220609 
0.255343 
0.276533 
0.287074 
0.296413 
0.303895 
0.308864 
0.310667 
0.310667 
0.310667 
0.310667 
0.310667 
0.310667 
0.313270 
0.320258 
0.330398 
0.342456 
0.355200 
0.367902 
0.382489 
0.401712 
0.428321 
0.465067 
0.893882 
1.854647 
2.987030 
3.930702 
4.325333 
4.324329 
4.321628 
4.317695 
4.312997 
4.308000 
4.302455 
4.295571 
4.287007 
4.276420 
4.263467 
4.246730 
4.223234 
4.190291 
4.145219 
4.085333 
3.629576 
2.641379 
1.484795 
0.523874 
0.122667 
0.122667 
0.122667 
0.122667 
0.122667 
0.122667 
0.122667 
0.122667 
0.122667 
0.122667 
0.122667 
0.122667 
0.122667 
0.122667 
0.122667 
0.122667 
0.122667 
0.122667 
0.122667 
0.122667 
0.122667 
0.122667 
0.122667 
0.122667 
0.122667 
0.122667 
0.122667 
0.122667 
0.122667 
0.122667 
0.122667 
0.122667 
0.122667 
0.122667 
0.122667 
0.122667 
0.123229 
0.124908 
0.127693 
0.131571 
0.136533 
0.308727 
0.711390 
1.190143 
1.590606 
1.758400 
1.590086 
1.188723 
0.709677 
0.308314 
0.140000 
0.140000 
0.140000 
0.140000 
0.140000 
0.140000 
0.140000 
0.140000 
0.140000 
0.140000 
0.140000 
0.140000 
0.140000 
0.140000 
0.140000 
0.140000 
0.140000 
0.140000 
0.140000 
0.140000 
0.140000 
0.147613 
0.167255 
0.194130 
0.223444 
0.250400 
0.279769 
0.314836 
0.348579 
0.373974 
0.384000 
0.384000 
0.384000 
0.384000 
0.384000 
0.384000 
0.384000 
0.384000 
0.384000 
0.384000 
0.384000 
0.378291 
0.363310 
0.342277 
0.318412 
0.294933 
0.265598 
0.227683 
0.189689 
0.160116 
0.147467 
0.146239 
0.145271 
0.144570 
0.144144 
0.144000 
0.144000 
0.144000 
0.144000 
0.144000 
0.144000 
0.144000 
0.144000 
0.144000 
0.144000 
0.144000 
0.555593 
1.537426 
2.710075 
3.694118 
4.110133 
4.115113 
4.118994 
4.121772 
4.123442 
4.124000 
4.124000 
4.124000 
4.124000 
4.124000 
4.124000 
4.124000 
4.124000 
4.124000 
4.124000 
4.124000 
3.712428 
2.730776 
1.558644 
0.575631 
0.161333 
0.158750 
0.157328 
0.156346 
0.155077 
0.152800 
0.143987 
0.127344 
0.108494 
0.093061 
0.086667 
0.087011 
0.088041 
0.089752 
0.092140 
0.095200 
0.202391 
0.476612 
0.857025 
1.282790 
1.693067 
2.176884 
2.780918 
3.380803 
3.852175 
4.070667 
4.112878 
4.141929 
4.163234 
4.182209 
4.204267 
4.233117 
4.265174 
4.294912 
4.316807 
4.325333 
4.221538 
3.950405 
3.572317 
3.147655 
2.736800 
2.246600 
1.629850 
1.015853 
0.533914 
0.313333 
0.270597 
0.236365 
0.211209 
0.195697 
0.190400 
0.366285 
0.785702 
1.286298 
1.705715 
1.881600 
1.724324 
1.349282 
0.901651 
0.526609 
0.369333 
0.370761 
0.374416 
0.379357 
0.384643 
0.389333 
0.393308 
0.397195 
0.401175 
0.405428 
0.410133 
0.416573 
0.424710 
0.432747 
0.438887 
0.441333 
0.441333 
0.441333 
0.441333 
0.441333 
0.441333 
0.445355 
0.454944 
0.466389 
0.475979 
0.480000 
0.478225 
0.473993 
0.468941 
0.464708 
0.462933 
0.649329 
1.093811 
1.624322 
2.068804 
2.255200 
2.091518 
1.701199 
1.235334 
0.845015 
0.681333 
0.682890 
0.686685 
0.691409 
0.695751 
0.698400 
0.699718 
0.700885 
0.701820 
0.702441 
0.702667 
0.686421 
0.646804 
0.597497 
0.552180 
0.524533 
0.510781 
0.498597 
0.488835 
0.482351 
0.480000 
0.480000 
0.480000 
0.480000 
0.480000 
0.480000 
0.480183 
0.480688 
0.481448 
0.482396 
0.483467 
0.485619 
0.489146 
0.492985 
0.496069 
0.497333 
0.496224 
0.493579 
0.490421 
0.487776 
0.486667 
0.487593 
0.490352 
0.494914 
0.501251 
0.509333 
0.626613 
0.917360 
1.316774 
1.760054 
2.182400 
2.675621 
3.287362 
3.886572 
4.342201 
4.523200 
4.523006 
4.522543 
4.521990 
4.521527 
4.521333 
4.521333 
4.521333 
4.521333 
4.521333 
4.521333 
4.425009 
4.173800 
3.824353 
3.433315 
3.057333 
2.611179 
2.051624 
1.498321 
1.070918 
0.889067 
0.873234 
0.862635 
0.855047 
0.848244 
0.840000 
0.829797 
0.819119 
0.808742 
0.799443 
0.792000 
0.786760 
0.782861 
0.779261 
0.774921 
0.768800 
0.754856 
0.732245 
0.707726 
0.688058 
0.680000 
0.682219 
0.687509 
0.693824 
0.699115 
0.701333 
0.701333 
0.701333 
0.701333 
0.701333 
0.701333 
0.701333 
0.701333 
0.701333 
0.701333 
0.701333 
0.635605 
0.478869 
0.291797 
0.135061 
0.069333 
0.069333 
0.069333 
0.069333 
0.069333 
0.069333 
0.069333 
0.069333 
0.069333 
0.069333 
0.069333 
0.069333 
0.069333 
0.069333 
0.069333 
0.069333 
0.069333 
0.069333 
0.069333 
0.069333 
0.069333 
0.069333 
0.069333 
0.069333 
0.069333 
0.069333 
0.069333 
0.069333 
0.069333 
0.069333 
0.069333 
0.069333 
0.069333 
0.069333 
0.069333 
0.069333 
0.069333 
0.069333 
0.069333 
0.069333 
0.069333 
0.069333 
0.069333 
0.069333 
0.069333 
0.069333 
0.069333 
0.069333 
0.069333 
0.069333 
0.069333 
0.069333 
0.069333 
0.069333 
0.069333 
0.069333 
0.071685 
0.078169 
0.087930 
0.100115 
0.113867 
0.141513 
0.186830 
0.236137 
0.275754 
0.292000 
0.292000 
0.292000 
0.292000 
0.292000 
0.292000 
0.292000 
0.292000 
0.292000 
0.292000 
0.292000 
0.289649 
0.283165 
0.273403 
0.261219 
0.247467 
0.219820 
0.174503 
0.125196 
0.085579 
0.069333 
0.069333 
0.069333 
0.069333 
0.069333 
0.069333 
0.069333 
0.069333 
0.069333 
0.069333 
0.069333 
0.069333 
0.069333 
0.069333 
0.069333 
0.069333 
0.069333 
0.069333 
0.069333 
0.069333 
0.069333 
0.089301 
0.136917 
0.193749 
0.241365 
0.261333 
0.261333 
0.261333 
0.261333 
0.261333 
0.261333 
0.266544 
0.280997 
0.302925 
0.330560 
0.362133 
0.414261 
0.497009 
0.598787 
0.708003 
0.813067 
0.903768 
0.988229 
1.082352 
1.202041 
1.363200 
1.808955 
2.601195 
3.483972 
4.201335 
4.497333 
4.496224 
4.493579 
4.490421 
4.487776 
4.486667 
4.508521 
4.560634 
4.622833 
4.674946 
4.696800 
4.620117 
4.437259 
4.219008 
4.036149 
3.959467 
4.039125 
4.229502 
4.457704 
4.650835 
4.736000 
4.742236 
4.747152 
4.750709 
4.752871 
4.753600 
4.745750 
4.725259 
4.696721 
4.664726 
4.633867 
4.607752 
4.582837 
4.552979 
4.512036 
4.453867 
4.003328 
3.028505 
1.888099 
0.940808 
0.545333 
0.548107 
0.554720 
0.562613 
0.569227 
0.572000 
0.554251 
0.511925 
0.461408 
0.419083 
0.401333 
0.402395 
0.404945 
0.408031 
0.410700 
0.412000 
0.412223 
0.412345 
0.412435 
0.412563 
0.412800 
0.414778 
0.420085 
0.428723 
0.440694 
0.456000 
0.655140 
1.128795 
1.742241 
2.360751 
2.849600 
3.245729 
3.645818 
4.004749 
4.277404 
4.418667 
4.474820 
4.521194 
4.556238 
4.578401 
4.586133 
4.584472 
4.579528 
4.571361 
4.560032 
4.545600 
4.330081 
3.814975 
3.149577 
2.483176 
1.965067 
1.548903 
1.125840 
0.751418 
0.481180 
0.370667 
0.360883 
0.354643 
0.350201 
0.345813 
0.339733 
0.329964 
0.317526 
0.305198 
0.295763 
0.292000 
0.292000 
0.292000 
0.292000 
0.292000 
0.292000 
0.292000 
0.292000 
0.292000 
0.292000 
0.292000 
0.292000 
0.292000 
0.292000 
0.292000 
0.292000 
0.268843 
0.213621 
0.147712 
0.092491 
0.069333 
0.069333 
0.069333 
0.069333 
0.069333 
0.069333 
0.069333 
0.069333 
0.069333 
0.069333 
0.069333 
0.069333 
0.069333 
0.069333 
0.069333 
0.069333 
0.069333 
0.069333 
0.069333 
0.069333 
0.069333 
0.069333 
0.069333 
0.069333 
0.069333 
0.069333 
0.069333 
0.069333 
0.069333 
0.069333 
0.069333 
0.069333 
0.069333 
0.069333 
0.069333 
0.069333 
0.069333 
0.069333 
0.069333 
0.069333 
0.069333 
0.069333 
0.069333 
0.069333 
0.069333 
0.069333 
0.071685 
0.078169 
0.087930 
0.100115 
0.113867 
0.141513 
0.186830 
0.236137 
0.275754 
0.292000 
0.292000 
0.292000 
0.292000 
0.292000 
0.292000 
0.292000 
0.292000 
0.292000 
0.292000 
0.292000 
0.289649 
0.283165 
0.273403 
0.261219 
0.247467 
0.219820 
0.174503 
0.125196 
0.085579 
0.069333 
0.069333 
0.069333 
0.069333 
0.069333 
0.069333 
0.069333 
0.069333 
0.069333 
0.069333 
0.069333 
0.069333 
0.069333 
0.069333 
0.069333 
0.069333 
0.069333 
0.069333 
0.069333 
0.069333 
0.069333 
