0.000000 
0.000000 
0.000000 
0.000000 
0.000000 
0.000000 
0.000000 
0.000000 
0.000000 
0.000000 
0.000000 
0.000000 
0.000000 
0.000000 
0.000000 
0.000000 
0.000000 
0.000000 
0.000000 
0.000000 
0.000000 
0.000000 
0.000000 
0.000000 
0.000000 
0.000000 
0.000000 
0.000000 
0.000000 
0.000000 
0.000000 
0.000000 
0.000000 
0.000000 
0.000000 
0.000000 
0.000000 
0.000000 
0.000000 
0.000000 
0.000000 
0.000000 
0.000000 
0.000000 
0.000000 
0.000000 
0.000000 
0.000000 
0.000000 
0.000000 
0.000000 
0.000000 
0.000000 
0.000000 
0.000000 
0.000000 
0.000000 
0.000000 
0.000000 
0.000000 
0.000000 
0.000000 
0.000000 
0.000000 
0.000000 
0.000000 
0.000000 
0.000000 
0.000000 
0.000000 
0.000000 
0.000000 
0.000000 
0.000000 
0.000000 
0.000000 
0.000000 
0.000000 
0.000000 
0.000000 
0.000000 
0.000000 
0.000000 
0.000000 
0.000000 
0.000000 
0.000000 
0.000000 
0.000000 
0.000000 
0.000000 
0.000000 
0.000000 
0.000000 
0.000000 
0.000000 
0.000000 
0.000000 
0.000000 
0.000000 
0.000000 
0.000000 
0.000000 
0.000000 
0.000000 
0.000000 
0.000000 
0.000000 
0.000000 
0.000000 
0.000000 
0.000000 
0.000000 
0.000000 
0.000000 
0.000000 
0.000000 
0.000000 
0.000000 
0.000000 
0.000000 
0.000000 
0.000000 
0.000000 
0.000000 
0.000000 
0.000000 
0.000000 
0.000000 
0.000000 
0.000000 
0.000000 
0.000000 
0.000000 
0.000000 
0.000000 
0.000000 
0.000000 
0.000000 
0.000000 
0.000000 
0.000000 
0.000000 
0.000000 
0.000000 
0.000000 
0.000000 
0.000000 
0.000000 
0.000000 
0.000000 
0.000000 
0.000000 
0.000000 
0.000000 
0.000000 
0.000000 
0.000000 
0.000000 
0.000000 
0.000000 
0.000000 
0.000000 
0.000000 
0.000000 
0.000000 
0.000000 
0.000000 
0.000000 
0.000000 
0.000000 
0.000000 
0.000000 
0.000000 
0.000000 
0.000000 
0.000000 
0.000000 
0.000000 
0.000000 
0.000000 
0.000000 
0.000000 
0.000000 
0.000000 
0.000000 
0.000000 
0.000000 
0.000000 
0.000000 
0.000000 
0.000000 
0.000000 
0.000000 
0.000000 
0.000000 
0.000000 
0.000000 
0.000000 
0.000000 
0.000000 
0.000000 
0.000000 
0.000000 
0.000000 
0.000000 
0.000000 
0.000000 
0.000000 
0.000000 
0.000000 
0.000000 
0.000000 
0.000000 
0.000000 
0.000000 
0.000000 
0.000000 
0.000000 
0.000000 
0.000000 
0.000000 
0.000000 
0.000000 
0.000000 
0.000000 
0.000000 
0.000000 
0.000000 
0.000000 
0.000000 
0.000000 
0.000000 
0.000000 
0.000000 
0.000000 
0.000000 
0.000000 
0.000000 
0.000000 
0.000000 
0.000000 
0.000000 
0.000000 
0.000000 
0.000000 
0.000000 
0.000000 
0.000000 
0.000000 
0.000000 
0.000000 
0.000000 
0.000000 
0.000000 
0.000000 
0.000000 
0.000000 
0.000000 
0.000000 
0.000000 
0.000000 
0.000000 
0.000000 
0.000000 
0.000000 
0.000000 
0.000000 
0.000000 
0.000000 
0.000000 
0.000000 
0.000000 
0.000000 
0.000000 
0.000000 
0.000000 
0.000000 
0.000000 
0.000000 
0.000000 
0.000000 
0.000000 
0.000000 
0.000000 
0.000000 
0.000000 
0.000000 
0.000000 
0.000000 
0.000000 
0.000000 
0.000000 
0.000000 
0.000000 
0.000000 
0.000000 
0.000000 
0.000000 
0.000000 
0.000000 
0.000000 
0.000000 
0.000000 
0.000000 
0.000000 
0.000000 
0.000000 
0.000000 
0.000000 
0.000000 
0.000000 
0.000000 
0.000000 
0.000000 
0.000000 
0.000000 
0.000000 
0.000000 
0.000000 
0.000000 
0.000000 
0.000000 
0.000000 
0.000000 
0.000000 
0.000000 
0.000000 
0.000000 
0.000000 
0.000000 
0.000000 
0.000000 
0.000000 
0.000000 
0.000000 
0.000000 
0.000000 
0.000000 
0.000000 
0.000000 
0.000000 
0.000000 
0.000000 
0.000000 
0.000000 
0.000000 
0.000000 
0.000000 
0.000000 
0.000000 
0.000000 
0.000000 
0.000000 
0.000000 
0.000000 
0.000000 
0.000000 
0.000000 
0.000000 
0.000000 
0.000000 
0.000000 
0.000000 
0.000000 
0.000000 
0.000000 
0.000000 
0.000000 
0.000000 
0.000000 
0.000000 
0.000000 
0.000000 
0.000000 
0.000000 
0.000000 
0.000000 
0.000000 
0.000000 
0.000000 
0.000000 
0.000000 
0.000000 
0.000000 
0.000000 
0.000000 
0.000000 
0.000000 
0.000000 
0.000000 
0.000000 
0.000000 
0.000000 
0.000000 
0.000000 
0.000000 
0.000000 
0.000000 
0.000000 
0.000000 
0.000000 
0.000000 
0.000000 
0.000000 
0.000000 
0.000000 
0.000000 
0.000000 
0.000000 
0.000000 
0.000000 
0.000000 
0.000000 
0.000000 
0.000000 
0.000000 
0.000000 
0.000000 
0.000000 
0.000000 
0.004855 
0.020549 
0.026761 
0.038553 
0.023562 
0.029392 
0.024621 
0.023127 
0.023558 
0.028085 
0.037718 
0.056691 
0.077379 
0.089999 
0.094031 
0.098061 
0.124564 
0.103296 
0.153999 
0.126816 
0.152919 
0.150056 
0.169890 
0.154959 
0.166616 
0.165591 
0.187455 
0.220026 
0.185612 
0.186757 
0.182718 
0.184628 
0.183664 
0.147807 
0.194280 
0.206884 
0.227092 
0.249458 
0.261789 
0.232196 
0.229318 
0.198295 
0.179107 
0.136834 
0.072267 
0.002906 
0.000000 
0.000000 
0.000000 
0.000000 
0.000000 
0.022765 
0.078139 
0.150694 
0.161382 
0.182518 
0.194377 
0.227873 
0.212320 
0.210519 
0.219591 
0.212502 
0.211729 
0.240370 
0.205920 
0.171460 
0.206402 
0.230939 
0.202157 
0.232984 
0.227753 
0.224912 
0.227764 
0.202723 
0.216221 
0.212857 
0.248616 
0.237779 
0.231072 
0.227726 
0.175649 
0.188912 
0.146979 
0.093861 
0.136087 
0.198409 
0.213630 
0.226784 
0.273377 
0.240622 
0.173631 
0.090431 
0.013896 
0.000000 
0.000000 
0.000000 
0.000000 
0.000000 
0.000000 
0.000000 
0.000000 
0.000000 
0.017562 
0.090877 
0.116506 
0.212435 
0.230158 
0.296883 
0.348794 
0.338745 
0.334797 
0.335927 
0.324207 
0.360322 
0.299579 
0.310616 
0.333853 
0.374925 
0.361449 
0.323445 
0.385419 
0.332358 
0.375723 
0.355253 
0.383523 
0.339350 
0.375001 
0.394543 
0.360052 
0.322834 
0.360205 
0.395472 
0.349832 
0.385722 
0.372574 
0.374875 
0.308805 
0.379643 
0.401332 
0.393132 
0.415413 
0.371910 
0.375439 
0.492827 
0.402409 
0.330537 
0.333172 
0.356029 
0.399383 
0.380908 
0.468690 
0.425093 
0.405975 
0.468118 
0.468013 
0.486702 
0.435635 
0.442944 
0.448649 
0.411681 
0.446835 
0.396814 
0.487425 
0.448706 
0.429824 
0.392420 
0.349346 
0.446534 
0.446989 
0.335862 
0.498154 
0.473320 
0.549717 
0.628767 
0.471126 
0.369040 
0.262762 
0.129566 
0.122471 
0.135626 
0.149084 
0.199476 
0.216007 
0.336286 
0.318126 
0.409136 
0.486161 
0.512311 
0.611653 
0.597380 
0.460379 
0.491631 
0.641973 
0.414008 
0.431373 
0.389485 
0.312357 
0.234802 
0.201772 
0.134594 
0.098608 
0.082638 
0.044191 
0.037686 
0.080884 
0.242112 
0.331675 
0.451134 
0.548149 
0.513896 
0.517256 
0.610358 
0.493201 
0.536465 
0.432924 
0.378207 
0.280492 
0.213563 
0.155135 
0.259591 
0.291866 
0.454311 
0.583025 
0.634163 
0.603229 
0.555258 
0.479486 
0.571196 
0.474090 
0.465489 
0.386299 
0.446108 
0.410206 
0.414206 
0.508370 
0.473893 
0.619905 
0.539136 
0.643890 
0.365778 
0.564243 
0.339416 
0.357680 
0.287483 
0.174617 
0.082621 
0.000000 
0.000000 
0.000000 
0.000000 
0.000000 
0.000000 
0.000000 
0.000000 
0.000000 
0.002296 
0.139320 
0.335898 
0.387483 
0.346932 
0.536625 
0.604599 
0.510010 
0.581890 
0.595336 
0.653854 
0.571343 
0.564663 
0.630146 
0.693746 
0.594908 
0.632028 
0.613180 
0.495091 
0.590595 
0.574971 
0.622272 
0.604998 
0.486220 
0.594260 
0.579802 
0.547991 
0.611737 
0.534695 
0.434581 
0.269003 
0.107644 
0.000000 
0.000000 
0.000000 
0.000000 
0.000000 
0.023033 
0.065181 
0.103446 
0.134173 
0.176221 
0.199259 
0.191050 
0.165024 
0.107504 
0.053013 
0.004314 
0.000000 
0.004541 
0.064455 
0.156770 
0.234872 
0.286947 
0.304904 
0.325235 
0.392200 
0.459476 
0.425715 
0.341363 
0.266512 
0.143042 
0.057316 
0.016007 
0.022131 
0.028768 
0.039879 
0.039151 
0.046659 
0.035503 
0.029517 
0.014566 
0.000821 
0.000000 
0.002633 
0.022417 
0.050512 
0.074319 
0.111283 
0.114767 
0.202697 
0.196317 
0.216395 
0.233588 
0.296694 
0.414439 
0.470583 
0.595182 
0.507371 
0.487854 
0.523047 
0.505169 
0.498511 
0.510822 
0.362229 
0.245442 
0.157364 
0.040225 
0.000000 
0.000000 
0.000000 
0.000000 
0.000000 
0.000000 
0.000000 
0.000000 
0.049435 
0.134125 
0.212887 
0.317034 
0.416698 
0.489819 
0.536631 
0.580581 
0.543222 
0.620518 
0.506238 
0.646068 
0.619043 
0.679392 
0.722788 
0.548135 
0.535945 
0.635416 
0.513860 
0.550242 
0.549854 
0.464172 
0.548354 
0.649758 
0.548372 
0.482582 
0.590831 
0.482233 
0.505286 
0.633558 
0.527683 
0.627012 
0.549538 
0.602615 
0.550109 
0.698137 
0.576478 
0.676911 
0.537520 
0.536399 
0.556223 
0.501142 
0.615420 
0.578759 
0.549488 
0.391008 
0.358146 
0.352275 
0.444443 
0.471652 
0.482834 
0.515762 
0.559984 
0.633397 
0.577023 
0.490347 
0.574529 
0.645186 
0.520546 
0.537478 
0.627145 
0.570599 
0.438933 
0.608618 
0.542499 
0.595618 
0.546974 
0.478513 
0.608685 
0.550765 
0.493075 
0.448242 
0.399714 
0.283712 
0.261829 
0.262465 
0.225742 
0.215103 
0.304405 
0.337738 
0.352553 
0.558405 
0.560633 
0.536682 
0.589646 
0.482734 
0.477207 
0.550393 
0.463288 
0.500887 
0.418932 
0.475133 
0.459231 
0.461472 
0.433495 
0.509781 
0.512101 
0.560097 
0.500140 
0.490025 
0.540830 
0.463757 
0.393870 
0.370712 
0.445511 
0.293450 
0.363762 
0.356290 
0.340784 
0.363106 
0.363724 
0.357191 
0.350528 
0.263432 
0.399388 
0.385145 
0.386626 
0.345551 
0.410009 
0.504482 
0.401852 
0.508486 
0.390969 
0.306631 
0.289439 
0.169839 
0.062323 
0.021284 
0.005016 
0.000000 
0.000000 
0.000000 
0.000000 
0.000000 
0.000000 
0.000000 
0.000000 
0.000000 
0.000000 
0.000000 
0.000000 
0.000000 
0.011600 
0.032832 
0.066942 
0.101827 
0.150589 
0.224495 
0.249663 
0.303146 
0.371134 
0.369557 
0.414688 
0.373668 
0.386872 
0.266543 
0.339483 
0.338757 
0.245703 
0.251983 
0.184267 
0.176150 
0.170551 
0.161020 
0.126182 
0.128023 
0.126714 
0.118839 
0.120557 
0.124126 
0.130486 
0.183384 
0.169168 
0.256217 
0.277191 
0.384759 
0.427677 
0.444779 
0.401971 
0.429287 
0.484848 
0.429191 
0.423523 
0.414295 
0.379574 
0.297402 
0.234139 
0.239107 
0.255910 
0.232561 
0.281859 
0.200982 
0.176491 
0.246866 
0.216364 
0.222732 
0.210652 
0.232362 
0.218855 
0.290976 
0.290426 
0.287871 
0.385257 
0.327422 
0.301697 
0.274975 
0.305024 
0.342971 
0.327450 
0.250557 
0.238577 
0.205922 
0.169733 
0.150665 
0.214912 
0.176614 
0.277418 
0.259408 
0.241261 
0.240794 
0.188505 
0.136830 
0.089104 
0.106271 
0.127442 
0.131220 
0.172869 
0.172312 
0.147978 
0.145137 
0.106980 
0.146799 
0.154123 
0.131343 
0.108101 
0.134999 
0.098845 
0.117032 
0.110138 
0.111806 
0.086866 
0.087868 
0.062344 
0.051741 
0.053576 
0.044134 
0.028733 
0.023825 
0.014103 
0.007231 
0.000586 
0.000000 
0.000000 
0.000000 
0.000000 
0.000000 
0.000000 
0.000000 
0.000000 
0.000000 
0.000000 
0.000000 
0.000000 
0.000000 
0.000000 
0.000000 
0.000000 
0.000000 
0.000000 
0.000000 
0.000000 
0.000000 
0.000000 
0.000000 
0.000000 
0.000000 
0.000000 
0.000000 
0.000000 
0.000000 
0.000000 
0.001922 
0.005361 
0.009030 
0.011943 
0.016038 
0.018587 
0.025701 
0.025243 
0.023244 
0.024675 
0.027003 
0.026338 
0.027461 
0.029180 
0.020880 
0.024917 
0.020743 
0.032705 
0.032774 
0.042675 
0.046227 
0.061102 
0.063877 
0.069101 
0.060449 
0.072708 
0.077571 
0.107221 
0.125570 
0.167315 
0.188773 
0.237788 
0.198573 
0.227215 
0.231902 
0.177808 
0.173785 
0.158695 
0.161924 
0.135211 
0.107327 
0.090479 
0.071103 
0.084848 
0.071596 
0.078650 
0.075159 
0.067719 
0.059193 
0.039285 
0.027876 
0.017285 
0.012921 
0.011137 
0.006317 
0.002923 
0.000291 
0.000000 
0.000000 
0.000000 
0.000000 
0.000000 
0.000000 
0.000000 
0.000000 
0.002050 
0.003154 
0.002441 
0.001120 
0.000000 
0.000000 
0.000000 
0.000000 
0.000000 
0.000000 
0.000000 
0.000000 
0.000000 
0.000000 
0.001471 
0.003926 
0.004867 
0.003425 
0.002772 
0.000362 
0.000000 
0.000000 
0.000000 
0.000000 
0.000000 
0.000000 
0.000000 
0.000000 
0.000000 
0.000000 
0.000000 
0.000000 
0.000000 
0.000000 
0.000000 
0.000000 
0.000000 
0.000000 
0.000000 
0.000000 
0.000000 
0.000000 
0.000000 
0.000000 
0.000000 
0.000000 
0.000000 
0.000000 
0.000000 
0.000000 
0.000000 
0.000000 
0.000000 
0.000000 
0.000000 
0.000000 
0.000000 
0.000000 
0.000000 
0.000000 
0.000000 
0.000000 
0.000000 
0.000000 
0.000000 
0.000000 
0.000000 
0.000000 
0.000000 
0.000000 
0.000000 
0.000000 
0.000000 
0.000000 
0.000000 
0.000000 
0.000000 
0.000000 
0.000000 
0.000000 
0.000000 
0.000000 
0.000000 
0.000000 
0.000000 
0.000000 
0.000000 
0.000000 
0.000000 
0.000000 
0.000000 
0.000000 
0.000000 
0.000000 
0.000000 
0.000000 
0.000000 
0.000000 
0.000000 
0.000000 
0.000000 
0.000000 
0.000000 
0.000000 
0.000000 
0.000000 
0.000000 
0.000000 
0.000000 
0.000000 
0.000000 
0.000000 
0.000000 
0.000000 
0.000000 
0.000000 
0.000000 
0.000000 
0.000000 
0.000000 
0.000000 
0.000000 
0.000000 
0.000000 
0.000000 
0.000000 
0.000000 
0.000000 
0.000000 
0.000000 
0.000000 
0.000000 
0.000000 
0.000000 
0.000000 
0.000000 
0.000000 
0.000000 
0.000000 
0.000000 
0.000000 
0.000000 
0.000000 
0.000000 
0.000000 
0.000000 
0.000000 
0.000000 
0.000000 
0.000000 
0.000000 
0.000000 
0.000000 
0.000000 
0.000000 
0.000000 
0.000000 
0.000000 
0.000000 
0.000000 
0.000000 
0.000000 
0.000000 
0.000000 
0.000000 
0.000000 
0.000000 
0.000000 
0.000000 
0.000000 
0.000000 
0.000000 
0.000000 
0.000000 
0.000000 
0.000000 
0.000000 
0.000000 
0.000000 
0.000000 
0.000000 
0.000000 
0.000000 
0.000000 
0.000000 
0.000000 
0.000000 
0.000000 
0.000000 
0.000000 
0.000000 
0.000000 
0.000000 
0.000000 
0.000000 
0.000000 
0.000000 
0.000000 
0.000000 
0.000000 
0.000000 
0.000000 
0.000000 
0.000000 
0.000000 
0.000000 
0.000000 
0.000000 
0.000000 
0.000000 
0.000000 
0.000000 
0.000000 
0.000000 
0.000000 
0.000000 
0.000000 
0.000000 
0.000000 
0.000000 
0.000000 
0.000000 
0.000000 
0.000000 
0.000000 
0.000000 
0.000000 
0.000000 
0.000000 
0.000000 
0.000000 
0.000000 
0.000000 
0.000000 
0.000000 
0.000000 
0.000000 
0.000000 
0.000000 
0.000000 
0.000000 
0.000000 
0.000000 
0.000000 
0.000000 
0.000000 
0.000000 
0.000000 
0.000000 
0.000000 
0.000000 
0.000000 
0.000000 
0.000000 
0.000000 
0.000000 
0.000000 
0.000000 
0.000000 
0.000000 
0.000000 
0.000000 
0.000000 
0.000000 
0.000000 
0.000000 
0.000000 
0.000000 
0.000000 
0.000000 
0.000000 
0.000000 
0.000000 
0.000000 
0.000000 
0.000000 
0.000000 
0.000000 
0.000000 
0.000000 
0.000000 
0.000000 
0.000000 
0.000000 
0.000000 
0.000000 
0.000000 
0.000000 
0.000000 
0.000000 
0.000000 
0.000000 
0.000000 
0.000000 
0.000000 
0.000000 
0.000000 
0.000000 
0.000000 
0.000000 
0.000000 
0.000000 
0.000000 
0.000000 
0.000000 
0.000000 
0.000000 
0.000000 
0.000000 
0.000000 
0.000000 
0.000000 
