0.066667 
0.066667 
0.066667 
0.066667 
0.066667 
0.066667 
0.066667 
0.066667 
0.066667 
0.066667 
0.066667 
0.066667 
0.066667 
0.066667 
0.066667 
0.066667 
0.066667 
0.066667 
0.066667 
0.066667 
0.066667 
0.066667 
0.066667 
0.066667 
0.066667 
0.066667 
0.066667 
0.066667 
0.066667 
0.066667 
0.066667 
0.066667 
0.066667 
0.066667 
0.066667 
0.066667 
0.066667 
0.066667 
0.066667 
0.066667 
0.066667 
0.066667 
0.066667 
0.066667 
0.066667 
0.066667 
0.066667 
0.066667 
0.066667 
0.066667 
0.066667 
0.066667 
0.066667 
0.066667 
0.066667 
0.066667 
0.066667 
0.066667 
0.066667 
0.066667 
0.066667 
0.066667 
0.066667 
0.066667 
0.066667 
0.066667 
0.066667 
0.066667 
0.066667 
0.066667 
0.066667 
0.066667 
0.066667 
0.066667 
0.066667 
0.066667 
0.066667 
0.066667 
0.066667 
0.066667 
0.066667 
0.066667 
0.066667 
0.066667 
0.066667 
0.066667 
0.066667 
0.066667 
0.066667 
0.066667 
0.066667 
0.066667 
0.066667 
0.066667 
0.066667 
0.066667 
0.066667 
0.066667 
0.066667 
0.066667 
0.066667 
0.066667 
0.066667 
0.066667 
0.066667 
0.066667 
0.066667 
0.066667 
0.066667 
0.066667 
0.066667 
0.066667 
0.066667 
0.066667 
0.066667 
0.066667 
0.066667 
0.066667 
0.066667 
0.066667 
0.066667 
0.066667 
0.066667 
0.066667 
0.066667 
0.066667 
0.066667 
0.066667 
0.066667 
0.066667 
0.066667 
0.066667 
0.066667 
0.066667 
0.066667 
0.066667 
0.066667 
0.066667 
0.066667 
0.066667 
0.066667 
0.066667 
0.066667 
0.066667 
0.066667 
0.066667 
0.066667 
0.066667 
0.066667 
0.066667 
0.066667 
0.066667 
0.066667 
0.066667 
0.066667 
0.066667 
0.066667 
0.066667 
0.066667 
0.066667 
0.066667 
0.066667 
0.066667 
0.066667 
0.066667 
0.066667 
0.066667 
0.066667 
0.066667 
0.066667 
0.066667 
0.066667 
0.066667 
0.066667 
0.066667 
0.066667 
0.066667 
0.066667 
0.066667 
0.066667 
0.066667 
0.066667 
0.066667 
0.066667 
0.066667 
0.066667 
0.066667 
0.066667 
0.066667 
0.066667 
0.066667 
0.066667 
0.066667 
0.066667 
0.066667 
0.066667 
0.066667 
0.066667 
0.066667 
0.066667 
0.066667 
0.066667 
0.066667 
0.066667 
0.066667 
0.066667 
0.066667 
0.066667 
0.066667 
0.066667 
0.066667 
0.066667 
0.066667 
0.066667 
0.066667 
0.066667 
0.066667 
0.066667 
0.066667 
0.066667 
0.066667 
0.066667 
0.066667 
0.066667 
0.066667 
0.066667 
0.066667 
0.066667 
0.066667 
0.066667 
0.066667 
0.066667 
0.066667 
0.066667 
0.066667 
0.066667 
0.066667 
0.066667 
0.066667 
0.066667 
0.066667 
0.066667 
0.066667 
0.066667 
0.066667 
0.066667 
0.066667 
0.066667 
0.066667 
0.066667 
0.066667 
0.066667 
0.066667 
0.066667 
0.066667 
0.066667 
0.066667 
0.066667 
0.066667 
0.066667 
0.066667 
0.066667 
0.066667 
0.066667 
0.066667 
0.066667 
0.066667 
0.066667 
0.066667 
0.066667 
0.066667 
0.066667 
0.066667 
0.066667 
0.066667 
0.066667 
0.066667 
0.066667 
0.066667 
0.066667 
0.066667 
0.066667 
0.066667 
0.066667 
0.066667 
0.066667 
0.066667 
0.066667 
0.066667 
0.066667 
0.066667 
0.066667 
0.066667 
0.066667 
0.066667 
0.066667 
0.066667 
0.066667 
0.066667 
0.066667 
0.066667 
0.066667 
0.066667 
0.066667 
0.066667 
0.066667 
0.066667 
0.066667 
0.066667 
0.066667 
0.066667 
0.066667 
0.066667 
0.066667 
0.066667 
0.066667 
0.066667 
0.066667 
0.066667 
0.066667 
0.066667 
0.066667 
0.066667 
0.066667 
0.066667 
0.066667 
0.066667 
0.066667 
0.066667 
0.066667 
0.066667 
0.066667 
0.066667 
0.066667 
0.066667 
0.066667 
0.066667 
0.066667 
0.066667 
0.066667 
0.066667 
0.066667 
0.066667 
0.066667 
0.066667 
0.066667 
0.066667 
0.066667 
0.066667 
0.066667 
0.066667 
0.066667 
0.066667 
0.066667 
0.066667 
0.066667 
0.066667 
0.066667 
0.066667 
0.066667 
0.066667 
0.066667 
0.066667 
0.066667 
0.066667 
0.066667 
0.066667 
0.066667 
0.066667 
0.066667 
0.066667 
0.066667 
0.066667 
0.066667 
0.066667 
0.066667 
0.066667 
0.066667 
0.066667 
0.066667 
0.066667 
0.066667 
0.066667 
0.066667 
0.066667 
0.066667 
0.066667 
0.066667 
0.066667 
0.066667 
0.066667 
0.066667 
0.066667 
0.066667 
0.066667 
0.066667 
0.066667 
0.066667 
0.066667 
0.066667 
0.066667 
0.066667 
0.066667 
0.066667 
0.066667 
0.066667 
0.066667 
0.066667 
0.066667 
0.066667 
0.066667 
0.066667 
0.066667 
0.066667 
0.066667 
0.066667 
0.066667 
0.066667 
0.066667 
0.066667 
0.066667 
0.066667 
0.066667 
0.066667 
0.066667 
0.066667 
0.066667 
0.066667 
0.066667 
0.066667 
0.066667 
0.066667 
0.066667 
0.066667 
0.066667 
0.070233 
0.079071 
0.090393 
0.101410 
0.109333 
0.113928 
0.117381 
0.120537 
0.124240 
0.129333 
0.135888 
0.144229 
0.155586 
0.171189 
0.192267 
0.315178 
0.596208 
0.976476 
1.397100 
1.799200 
2.262826 
2.831218 
3.390277 
3.825904 
4.024000 
4.057631 
4.079668 
4.095716 
4.111381 
4.132267 
4.164419 
4.204409 
4.243629 
4.273473 
4.285333 
4.284386 
4.281552 
4.276845 
4.270279 
4.261867 
3.847327 
2.872305 
1.711698 
0.740408 
0.333333 
0.336626 
0.345292 
0.357512 
0.371465 
0.385333 
0.403223 
0.426765 
0.450430 
0.468686 
0.476000 
0.476000 
0.476000 
0.476000 
0.476000 
0.476000 
0.471258 
0.459949 
0.446451 
0.435142 
0.430400 
0.431841 
0.435641 
0.441013 
0.447172 
0.453333 
0.461408 
0.472131 
0.482949 
0.491312 
0.494667 
0.490141 
0.478528 
0.462779 
0.445842 
0.430667 
0.414936 
0.396677 
0.379349 
0.366414 
0.361333 
0.361333 
0.361333 
0.361333 
0.361333 
0.361333 
0.361333 
0.361333 
0.361333 
0.361333 
0.361333 
0.416250 
0.564184 
0.779914 
1.038215 
1.313867 
1.750538 
2.392810 
3.066826 
3.598730 
3.814667 
3.424875 
2.495371 
1.385963 
0.456459 
0.066667 
0.066667 
0.066667 
0.066667 
0.066667 
0.066667 
0.066667 
0.066667 
0.066667 
0.066667 
0.066667 
0.066667 
0.066667 
0.066667 
0.066667 
0.066667 
0.066667 
0.066667 
0.066667 
0.066667 
0.066667 
0.066667 
0.066667 
0.066667 
0.066667 
0.066667 
0.066667 
0.066667 
0.066667 
0.066667 
0.066667 
0.066667 
0.066667 
0.066667 
0.066667 
0.066667 
0.066667 
0.066667 
0.066667 
0.066667 
0.066667 
0.066667 
0.066667 
0.066667 
0.066667 
0.066667 
0.066667 
0.066667 
0.066667 
0.066667 
0.066667 
0.066667 
0.066667 
0.066667 
0.066667 
0.066667 
0.470464 
1.433365 
2.582635 
3.545536 
3.949333 
3.949333 
3.949333 
3.949333 
3.949333 
3.949333 
4.104169 
4.473391 
4.914076 
5.283298 
5.438133 
5.257667 
4.813513 
4.251539 
3.717612 
3.357600 
3.134064 
2.925579 
2.752036 
2.633324 
2.589333 
2.589333 
2.589333 
2.589333 
2.589333 
2.589333 
2.434498 
2.065276 
1.624591 
1.255369 
1.100533 
1.155834 
1.287703 
1.445097 
1.576966 
1.632267 
1.470415 
1.084461 
0.623806 
0.237852 
0.076000 
0.079883 
0.089141 
0.100192 
0.109451 
0.113333 
0.113333 
0.113333 
0.113333 
0.113333 
0.113333 
0.113333 
0.113333 
0.113333 
0.113333 
0.113333 
0.114997 
0.118965 
0.123701 
0.127669 
0.129333 
0.129333 
0.129333 
0.129333 
0.129333 
0.129333 
0.128109 
0.124913 
0.120463 
0.115475 
0.110667 
0.104887 
0.097585 
0.090372 
0.084862 
0.082667 
0.082667 
0.082667 
0.082667 
0.082667 
0.082667 
0.085186 
0.091760 
0.100914 
0.111175 
0.121067 
0.129367 
0.137211 
0.146666 
0.159796 
0.178667 
0.385928 
0.858142 
1.438247 
1.969176 
2.293867 
2.457160 
2.601840 
2.717753 
2.794746 
2.822667 
2.822667 
2.822667 
2.822667 
2.822667 
2.822667 
2.822667 
2.822667 
2.822667 
2.822667 
2.822667 
2.698659 
2.387189 
1.979082 
1.565165 
1.236267 
0.960699 
0.673957 
0.417639 
0.233343 
0.162667 
0.162667 
0.162667 
0.162667 
0.162667 
0.162667 
0.167654 
0.180188 
0.196629 
0.213336 
0.226667 
0.235285 
0.241766 
0.248338 
0.257229 
0.270667 
0.314969 
0.409098 
0.544250 
0.711619 
0.902400 
1.276829 
1.881116 
2.535414 
3.059879 
3.274667 
3.272471 
3.266961 
3.259748 
3.252446 
3.246667 
3.241858 
3.236870 
3.232420 
3.229225 
3.228000 
3.229944 
3.234825 
3.241213 
3.247681 
3.252800 
3.257059 
3.261477 
3.265418 
3.268249 
3.269333 
3.063108 
2.559447 
1.930872 
1.349904 
0.989067 
0.801618 
0.634116 
0.499032 
0.408836 
0.376000 
0.385818 
0.409229 
0.437171 
0.460582 
0.470400 
0.463951 
0.447276 
0.424386 
0.399290 
0.376000 
0.353526 
0.329083 
0.303983 
0.279540 
0.257067 
0.233776 
0.208681 
0.185791 
0.169116 
0.162667 
0.162667 
0.162667 
0.162667 
0.162667 
0.162667 
0.172484 
0.195895 
0.223838 
0.247249 
0.257067 
0.247249 
0.223838 
0.195895 
0.172484 
0.162667 
0.164803 
0.170962 
0.180774 
0.193866 
0.209867 
0.275870 
0.408201 
0.560329 
0.685728 
0.737867 
0.691284 
0.577317 
0.434643 
0.301934 
0.217867 
0.172154 
0.130908 
0.097398 
0.074895 
0.066667 
0.066667 
0.066667 
0.066667 
0.066667 
0.066667 
0.066667 
0.066667 
0.066667 
0.066667 
0.066667 
0.066667 
0.066667 
0.066667 
0.066667 
0.066667 
0.066667 
0.066667 
0.066667 
0.066667 
0.066667 
0.066667 
0.066667 
0.066667 
0.066667 
0.066667 
0.066667 
0.066667 
0.066667 
0.066667 
0.066667 
0.066667 
0.066667 
0.066667 
0.066667 
0.066667 
0.066667 
0.066667 
0.066667 
0.066667 
0.066667 
0.066667 
0.066667 
0.066667 
0.066667 
0.066667 
0.066667 
0.066667 
0.066667 
0.066667 
0.066667 
0.066667 
0.066667 
0.066667 
0.066667 
0.066667 
0.066667 
0.066667 
0.066667 
0.066667 
0.066667 
0.066667 
0.066667 
0.066667 
0.066667 
0.066667 
0.066667 
0.066667 
0.066667 
0.066667 
0.066667 
0.066667 
0.066667 
0.066667 
0.066667 
0.066667 
0.066667 
0.066667 
0.066667 
0.066667 
0.066667 
0.066667 
0.066667 
0.066667 
0.066667 
0.066667 
0.066667 
0.066667 
0.066667 
0.066667 
0.066667 
0.066667 
0.066667 
0.066667 
0.066667 
0.066667 
0.093124 
0.156215 
0.231518 
0.294609 
0.321067 
0.316796 
0.306611 
0.294455 
0.284271 
0.280000 
0.280000 
0.280000 
0.280000 
0.280000 
0.280000 
0.281556 
0.285352 
0.290076 
0.294418 
0.297067 
0.298384 
0.299552 
0.300487 
0.301108 
0.301333 
0.301333 
0.301333 
0.301333 
0.301333 
0.301333 
0.301333 
0.301333 
0.301333 
0.301333 
0.301333 
0.301333 
0.301333 
0.301333 
0.301333 
0.301333 
0.301333 
0.301333 
0.301333 
0.301333 
0.301333 
0.467927 
0.865190 
1.339343 
1.736606 
1.903200 
1.750057 
1.384868 
0.948998 
0.583810 
0.430667 
0.430667 
0.430667 
0.430667 
0.430667 
0.430667 
0.612034 
1.068453 
1.668402 
2.280359 
2.772800 
3.194493 
3.637744 
4.036334 
4.324047 
4.434667 
4.431717 
4.424144 
4.413858 
4.402773 
4.392800 
4.385155 
4.378554 
4.371162 
4.361145 
4.346667 
4.296161 
4.187722 
4.034002 
3.847654 
3.641333 
3.310022 
2.816478 
2.275016 
1.799952 
1.505600 
1.361359 
1.251360 
1.162015 
1.079735 
0.990933 
0.884440 
0.769166 
0.661645 
0.578412 
0.536000 
0.520732 
0.508170 
0.498709 
0.492743 
0.490667 
0.492885 
0.498176 
0.504491 
0.509781 
0.512000 
0.512000 
0.512000 
0.512000 
0.512000 
0.512000 
0.506010 
0.491725 
0.474675 
0.460390 
0.454400 
0.455352 
0.457853 
0.461371 
0.465375 
0.469333 
0.472912 
0.476572 
0.480977 
0.486788 
0.494667 
0.524138 
0.581378 
0.647030 
0.701735 
0.726133 
0.728210 
0.729301 
0.730072 
0.731194 
0.733333 
0.924790 
1.398988 
2.014285 
2.629036 
3.101600 
3.448687 
3.774342 
4.067921 
4.318777 
4.516267 
4.685046 
4.845640 
4.981203 
5.074894 
5.109867 
4.992166 
4.711497 
4.376503 
4.095834 
3.978133 
3.981378 
3.989116 
3.998351 
4.006089 
4.009333 
3.932325 
3.732144 
3.455053 
3.147317 
2.855200 
2.515687 
2.094929 
1.682941 
1.369738 
1.245333 
1.258894 
1.291819 
1.332470 
1.369209 
1.390400 
1.398366 
1.403995 
1.408495 
1.413071 
1.418933 
1.427902 
1.439300 
1.450588 
1.459224 
1.462667 
1.444917 
1.402592 
1.352075 
1.309749 
1.292000 
1.301707 
1.324853 
1.352480 
1.375627 
1.385333 
1.384190 
1.380836 
1.375387 
1.367959 
1.358667 
1.313703 
1.213384 
1.079015 
0.931897 
0.793333 
0.636361 
0.445973 
0.261404 
0.121890 
0.066667 
0.066667 
0.066667 
0.066667 
0.066667 
0.066667 
0.066667 
0.066667 
0.066667 
0.066667 
0.066667 
0.066667 
0.066667 
0.066667 
0.066667 
0.066667 
0.066667 
0.066667 
0.066667 
0.066667 
0.066667 
0.066667 
0.066667 
0.066667 
0.066667 
0.066667 
0.066667 
0.066667 
0.066667 
0.066667 
0.066667 
0.066667 
0.066667 
0.066667 
0.066667 
0.066667 
0.066667 
0.066667 
0.066667 
0.066667 
0.066667 
0.066667 
0.066667 
0.066667 
0.066667 
0.066667 
0.066667 
0.066667 
0.066667 
0.066667 
0.066667 
0.066667 
0.066667 
0.066667 
0.066667 
0.066667 
0.066667 
0.066667 
0.066667 
0.066667 
0.066667 
0.066667 
0.066667 
0.066667 
0.066667 
0.066667 
0.066667 
0.066667 
0.066667 
0.066667 
0.066667 
0.066667 
0.066667 
0.066667 
0.066667 
0.066667 
0.074666 
0.094301 
0.119030 
0.142310 
0.157600 
0.164875 
0.169705 
0.173938 
0.179420 
0.188000 
0.218213 
0.274973 
0.339693 
0.393786 
0.418667 
0.422130 
0.424590 
0.426384 
0.427852 
0.429333 
0.430626 
0.431547 
0.432462 
0.433736 
0.435733 
0.458204 
0.508201 
0.567043 
0.616047 
0.636533 
0.631763 
0.620388 
0.606812 
0.595437 
0.590667 
0.590667 
0.590667 
0.590667 
0.590667 
0.590667 
0.589668 
0.587287 
0.584446 
0.582065 
0.581067 
0.584884 
0.594769 
0.608373 
0.623344 
0.637333 
0.648481 
0.658440 
0.670132 
0.686478 
0.710400 
1.129948 
2.088927 
3.223893 
4.171399 
4.568000 
4.099861 
2.983531 
1.651136 
0.534805 
0.066667 
0.066667 
0.066667 
0.066667 
0.066667 
0.066667 
0.066667 
0.066667 
0.066667 
0.066667 
0.066667 
0.066667 
0.066667 
0.066667 
0.066667 
0.066667 
0.066667 
0.066667 
0.066667 
0.066667 
0.066667 
0.066667 
0.066667 
0.066667 
0.066667 
0.066667 
0.066667 
0.066667 
0.066667 
0.066667 
0.066667 
0.066667 
0.066667 
0.066667 
0.066667 
0.066667 
0.066667 
0.066667 
0.066667 
0.066667 
0.066667 
0.066667 
0.066667 
0.066667 
0.066667 
0.066667 
0.066667 
0.066667 
0.066667 
0.066667 
0.066667 
0.066667 
0.066667 
0.066667 
0.066667 
0.066667 
0.066667 
0.066667 
0.066667 
0.066667 
0.066667 
0.066667 
0.066667 
0.066667 
0.066667 
0.066667 
0.066667 
0.066667 
0.066667 
0.066667 
0.066667 
0.066667 
0.066667 
0.066667 
0.066667 
0.066667 
0.066667 
0.066667 
0.066667 
0.066667 
0.066667 
0.066667 
0.066667 
0.066667 
0.066667 
0.066667 
0.066667 
0.066667 
0.066667 
0.066667 
0.066667 
0.066667 
0.066667 
0.066667 
0.066667 
0.066667 
0.066667 
0.066667 
0.066667 
0.066667 
0.066667 
0.066667 
0.066667 
0.066667 
0.066667 
0.066667 
0.066667 
0.066667 
0.066667 
0.066667 
0.066667 
0.066667 
0.066667 
0.066667 
0.066667 
0.066667 
0.066667 
0.066667 
0.066667 
0.066667 
0.066667 
0.066667 
0.066667 
0.066667 
0.066667 
0.066667 
0.066667 
0.066667 
0.066667 
0.066667 
0.066667 
0.066667 
0.066667 
0.066667 
0.066667 
0.066667 
0.066667 
0.066667 
0.066667 
0.066667 
0.066667 
0.066667 
0.066667 
0.066667 
0.066667 
0.066667 
0.066667 
0.066667 
0.066667 
0.066667 
0.066667 
0.066667 
0.066667 
0.066667 
0.066667 
0.066667 
