0.058667 
0.058667 
0.058667 
0.058667 
0.058667 
0.058667 
0.058667 
0.058667 
0.058667 
0.058667 
0.058667 
0.058667 
0.058667 
0.058667 
0.058667 
0.058667 
0.058667 
0.058667 
0.058667 
0.058667 
0.058667 
0.058667 
0.058667 
0.058667 
0.058667 
0.058667 
0.058667 
0.058667 
0.058667 
0.058667 
0.058667 
0.058667 
0.058667 
0.058667 
0.058667 
0.058667 
0.058667 
0.058667 
0.058667 
0.058667 
0.058667 
0.058667 
0.058667 
0.058667 
0.058667 
0.065252 
0.081783 
0.103422 
0.125329 
0.142667 
0.157092 
0.172055 
0.185406 
0.194993 
0.198667 
0.198667 
0.198667 
0.198667 
0.198667 
0.198667 
0.198667 
0.198667 
0.198667 
0.198667 
0.198667 
0.184107 
0.149387 
0.107947 
0.073227 
0.058667 
0.058667 
0.058667 
0.058667 
0.058667 
0.058667 
0.058667 
0.058667 
0.058667 
0.058667 
0.058667 
0.058667 
0.058667 
0.058667 
0.058667 
0.058667 
0.058667 
0.058667 
0.058667 
0.058667 
0.058667 
0.058667 
0.058667 
0.058667 
0.058667 
0.058667 
0.058667 
0.058667 
0.058667 
0.058667 
0.058667 
0.068881 
0.093790 
0.124791 
0.153284 
0.170667 
0.179313 
0.186974 
0.193111 
0.197188 
0.198667 
0.198667 
0.198667 
0.198667 
0.198667 
0.198667 
0.197188 
0.193111 
0.186974 
0.179313 
0.170667 
0.153284 
0.124791 
0.093790 
0.068881 
0.058667 
0.058667 
0.058667 
0.058667 
0.058667 
0.058667 
0.058667 
0.058667 
0.058667 
0.058667 
0.058667 
0.058667 
0.058667 
0.058667 
0.058667 
0.058667 
0.058667 
0.058667 
0.058667 
0.058667 
0.058667 
0.058667 
0.058667 
0.058667 
0.058667 
0.058667 
0.058667 
0.058667 
0.058667 
0.058667 
0.058667 
0.058667 
0.058667 
0.058667 
0.058667 
0.058667 
0.058667 
0.058667 
0.058667 
0.058667 
0.058667 
0.058667 
0.058667 
0.058667 
0.058667 
0.058667 
0.058667 
0.058667 
0.058667 
0.058667 
0.058667 
0.058667 
0.058667 
0.058667 
0.058667 
0.058667 
0.058667 
0.058667 
0.058667 
0.058667 
0.058667 
0.058667 
0.058667 
0.058667 
0.058667 
0.058667 
0.058667 
0.058667 
0.058667 
0.058667 
0.058667 
0.058667 
0.058667 
0.058667 
0.058667 
0.058667 
0.060145 
0.064222 
0.070359 
0.078020 
0.086667 
0.104049 
0.132542 
0.163543 
0.188452 
0.198667 
0.198667 
0.198667 
0.198667 
0.198667 
0.198667 
0.198667 
0.198667 
0.198667 
0.198667 
0.198667 
0.192081 
0.175550 
0.153911 
0.132004 
0.114667 
0.100241 
0.085278 
0.071927 
0.062340 
0.058667 
0.058667 
0.058667 
0.058667 
0.058667 
0.058667 
0.058667 
0.058667 
0.058667 
0.058667 
0.058667 
0.058667 
0.058667 
0.058667 
0.058667 
0.058667 
0.058667 
0.058667 
0.058667 
0.058667 
0.058667 
0.058667 
0.058667 
0.058667 
0.058667 
0.058667 
0.058667 
0.058667 
0.058667 
0.058667 
0.058667 
0.058667 
0.058667 
0.058667 
0.058667 
0.058667 
0.058667 
0.058667 
0.058667 
0.058667 
0.058667 
0.058667 
0.058667 
0.058667 
0.058667 
0.058667 
0.058667 
0.058667 
0.058667 
0.058667 
0.058667 
0.058667 
0.058667 
0.058667 
0.058667 
0.058667 
0.058667 
0.058667 
0.058667 
0.058667 
0.058667 
0.058667 
0.058667 
0.058667 
0.058667 
0.058667 
0.058667 
0.058667 
0.058667 
0.058667 
0.058667 
0.073227 
0.107947 
0.149387 
0.184107 
0.198667 
0.198667 
0.198667 
0.198667 
0.198667 
0.198667 
0.198667 
0.198667 
0.198667 
0.198667 
0.198667 
0.194993 
0.185406 
0.172055 
0.157092 
0.142667 
0.125329 
0.103422 
0.081783 
0.065252 
0.058667 
0.058667 
0.058667 
0.058667 
0.058667 
0.058667 
0.058667 
0.058667 
0.058667 
0.058667 
0.058667 
0.058667 
0.058667 
0.058667 
0.058667 
0.058667 
0.058667 
0.058667 
0.058667 
0.058667 
0.058667 
0.058667 
0.058667 
0.058667 
0.058667 
0.058667 
0.058667 
0.058667 
0.058667 
0.058667 
0.058667 
0.058667 
0.058667 
0.058667 
0.058667 
0.058667 
0.058667 
0.058667 
0.058667 
0.058667 
0.058667 
0.058667 
0.058667 
0.058667 
0.058667 
0.058667 
0.087608 
0.157490 
0.242902 
0.318431 
0.358667 
0.371862 
0.382911 
0.391363 
0.396765 
0.398667 
0.390267 
0.368667 
0.339267 
0.307467 
0.278667 
0.251526 
0.222405 
0.193254 
0.166024 
0.142667 
0.120637 
0.098144 
0.078265 
0.064079 
0.058667 
0.058667 
0.058667 
0.058667 
0.058667 
0.058667 
0.058667 
0.058667 
0.058667 
0.058667 
0.058667 
0.059403 
0.061515 
0.064859 
0.069291 
0.074667 
0.094464 
0.133285 
0.177675 
0.214176 
0.229333 
0.225192 
0.214776 
0.201098 
0.187169 
0.176000 
0.166495 
0.156534 
0.147592 
0.141144 
0.138667 
0.141269 
0.148395 
0.159019 
0.172117 
0.186667 
0.213054 
0.254629 
0.299810 
0.337016 
0.354667 
0.358344 
0.361310 
0.363504 
0.364866 
0.365333 
0.365333 
0.365333 
0.365333 
0.365333 
0.365333 
0.365333 
0.365333 
0.365333 
0.365333 
0.365333 
0.365333 
0.365333 
0.365333 
0.365333 
0.365333 
0.369160 
0.380013 
0.396952 
0.419039 
0.445333 
0.506508 
0.618109 
0.756510 
0.898083 
1.019200 
1.133718 
1.257824 
1.371392 
1.454293 
1.486400 
1.369809 
1.091785 
0.759949 
0.481924 
0.365333 
0.367206 
0.372710 
0.381678 
0.393942 
0.409333 
0.530361 
0.794526 
1.104152 
1.361558 
1.469067 
1.430371 
1.332691 
1.203639 
1.070827 
0.961867 
0.865387 
0.762335 
0.668803 
0.600883 
0.574667 
0.662475 
0.882891 
1.171403 
1.463499 
1.694667 
1.887008 
2.086517 
2.264523 
2.392352 
2.441333 
2.426741 
2.391157 
2.346869 
2.306165 
2.281333 
2.268981 
2.258037 
2.249269 
2.243445 
2.241333 
2.241333 
2.241333 
2.241333 
2.241333 
2.241333 
2.241333 
2.241333 
2.241333 
2.241333 
2.241333 
2.146940 
1.909993 
1.599842 
1.285839 
1.037333 
0.830566 
0.616094 
0.424738 
0.287322 
0.234667 
0.234667 
0.234667 
0.234667 
0.234667 
0.234667 
0.234667 
0.234667 
0.234667 
0.234667 
0.234667 
0.234667 
0.234667 
0.234667 
0.234667 
0.234667 
0.234667 
0.234667 
0.234667 
0.234667 
0.234667 
0.249227 
0.283947 
0.325387 
0.360107 
0.374667 
0.374667 
0.374667 
0.374667 
0.374667 
0.374667 
0.376053 
0.379360 
0.383307 
0.386613 
0.388000 
0.386014 
0.380603 
0.372584 
0.362777 
0.352000 
0.332903 
0.303256 
0.271557 
0.246306 
0.236000 
0.240130 
0.252229 
0.271863 
0.298598 
0.332000 
0.557317 
1.041695 
1.607547 
2.077289 
2.273333 
2.273333 
2.273333 
2.273333 
2.273333 
2.273333 
2.269662 
2.258862 
2.241259 
2.217174 
2.186933 
1.944338 
1.413871 
0.791875 
0.274693 
0.058667 
0.058667 
0.058667 
0.058667 
0.058667 
0.058667 
0.058667 
0.058667 
0.058667 
0.058667 
0.058667 
0.058667 
0.058667 
0.058667 
0.058667 
0.058667 
0.058667 
0.058667 
0.058667 
0.058667 
0.058667 
0.058667 
0.058667 
0.058667 
0.058667 
0.058667 
0.062340 
0.071927 
0.085278 
0.100241 
0.114667 
0.132004 
0.153911 
0.175550 
0.192081 
0.198667 
0.198667 
0.198667 
0.198667 
0.198667 
0.198667 
0.198667 
0.198667 
0.198667 
0.198667 
0.198667 
0.188452 
0.163543 
0.132542 
0.104049 
0.086667 
0.078020 
0.070359 
0.064222 
0.060145 
0.058667 
0.058667 
0.058667 
0.058667 
0.058667 
0.058667 
0.058667 
0.058667 
0.058667 
0.058667 
0.058667 
0.058667 
0.058667 
0.058667 
0.058667 
0.058667 
0.058667 
0.058667 
0.058667 
0.058667 
0.058667 
0.058667 
0.058667 
0.058667 
0.058667 
0.058667 
0.058667 
0.058667 
0.058667 
0.058667 
0.058667 
0.058667 
0.058667 
0.058667 
0.058667 
0.058667 
0.058667 
0.058667 
0.058667 
0.058667 
0.058667 
0.058667 
0.058667 
0.058667 
0.058667 
0.058667 
0.073227 
0.107947 
0.149387 
0.184107 
0.198667 
0.198667 
0.198667 
0.198667 
0.198667 
0.198667 
0.198667 
0.198667 
0.198667 
0.198667 
0.198667 
0.194993 
0.185406 
0.172055 
0.157092 
0.142667 
0.125329 
0.103422 
0.081783 
0.065252 
0.058667 
0.058667 
0.058667 
0.058667 
0.058667 
0.058667 
0.058667 
0.058667 
0.058667 
0.058667 
0.058667 
0.058667 
0.058667 
0.058667 
0.058667 
0.058667 
0.058667 
0.058667 
0.058667 
0.058667 
0.058667 
0.058667 
0.058667 
0.058667 
0.058667 
0.058667 
0.058667 
0.058667 
0.058667 
0.058667 
0.058667 
0.062340 
0.071927 
0.085278 
0.100241 
0.114667 
0.132004 
0.153911 
0.175550 
0.192081 
0.198667 
0.198667 
0.198667 
0.198667 
0.198667 
0.198667 
0.198667 
0.198667 
0.198667 
0.198667 
0.198667 
0.188452 
0.163543 
0.132542 
0.104049 
0.086667 
0.078020 
0.070359 
0.064222 
0.060145 
0.058667 
0.058667 
0.058667 
0.058667 
0.058667 
0.058667 
0.058667 
0.058667 
0.058667 
0.058667 
0.058667 
0.058667 
0.058667 
0.058667 
0.058667 
0.058667 
0.058667 
0.058667 
0.058667 
0.058667 
0.058667 
0.058667 
0.058667 
0.058667 
0.058667 
0.058667 
0.058667 
0.058667 
0.058667 
0.058667 
0.058667 
0.058667 
0.058667 
0.058667 
0.058667 
0.058667 
0.058667 
0.058667 
0.058667 
0.058667 
0.058667 
0.062340 
0.071927 
0.085278 
0.100241 
0.114667 
0.132004 
0.153911 
0.175550 
0.192081 
0.198667 
0.198667 
0.198667 
0.198667 
0.198667 
0.198667 
0.198667 
0.198667 
0.198667 
0.198667 
0.198667 
0.188452 
0.163543 
0.132542 
0.104049 
0.086667 
0.078020 
0.070359 
0.064222 
0.060145 
0.058667 
0.058667 
0.058667 
0.058667 
0.058667 
0.058667 
0.058667 
0.058667 
0.058667 
0.058667 
0.058667 
0.058667 
0.058667 
0.058667 
0.058667 
0.058667 
0.058667 
0.058667 
0.058667 
0.058667 
0.058667 
0.058667 
0.058667 
0.058667 
0.058667 
0.058667 
0.058667 
0.058667 
0.058667 
0.058667 
0.058667 
0.060145 
0.064222 
0.070359 
0.078020 
0.086667 
0.097266 
0.112192 
0.133019 
0.161319 
0.198667 
0.426244 
0.909512 
1.476458 
1.955069 
2.173333 
2.201336 
2.223636 
2.239935 
2.249934 
2.253333 
2.155427 
1.909664 
1.587973 
1.262286 
1.004533 
0.790073 
0.567620 
0.369144 
0.226614 
0.172000 
0.172000 
0.172000 
0.172000 
0.172000 
0.172000 
0.179581 
0.199008 
0.225313 
0.253522 
0.278667 
0.302034 
0.326947 
0.351482 
0.373718 
0.391733 
0.407493 
0.422999 
0.436385 
0.445785 
0.449333 
0.446901 
0.440971 
0.433589 
0.426805 
0.422667 
0.420608 
0.418784 
0.417323 
0.416352 
0.416000 
0.416000 
0.416000 
0.416000 
0.416000 
0.416000 
0.405494 
0.379873 
0.347986 
0.318679 
0.300800 
0.291907 
0.284027 
0.277714 
0.273521 
0.272000 
0.272000 
0.272000 
0.272000 
0.272000 
0.272000 
0.272000 
0.272000 
0.272000 
0.272000 
0.272000 
0.270677 
0.267392 
0.263168 
0.259029 
0.256000 
0.253803 
0.251648 
0.249792 
0.248491 
0.248000 
0.256736 
0.277568 
0.302432 
0.323264 
0.332000 
0.332000 
0.332000 
0.332000 
0.332000 
0.332000 
0.332000 
0.332000 
0.332000 
0.332000 
0.332000 
0.310645 
0.259723 
0.198944 
0.148021 
0.126667 
0.127853 
0.131142 
0.136131 
0.142418 
0.149600 
0.158736 
0.172109 
0.191155 
0.217307 
0.252000 
0.550536 
1.206679 
1.979554 
2.628286 
2.912000 
2.930932 
2.945831 
2.956599 
2.963133 
2.965333 
2.959787 
2.946560 
2.930773 
2.917547 
2.912000 
2.912000 
2.912000 
2.912000 
2.912000 
2.912000 
2.716998 
2.242897 
1.656057 
1.122838 
0.809600 
0.668392 
0.545398 
0.448182 
0.384306 
0.361333 
0.371912 
0.398317 
0.432553 
0.466624 
0.492533 
0.508032 
0.519051 
0.529868 
0.544759 
0.568000 
0.715273 
1.039946 
1.452822 
1.864706 
2.186400 
2.448146 
2.715300 
2.951341 
3.119748 
3.184000 
3.175680 
3.155840 
3.132160 
3.112320 
3.104000 
3.108992 
3.120896 
3.135104 
3.147008 
3.152000 
3.081647 
2.897571 
2.640244 
2.350141 
2.067733 
1.720846 
1.276982 
0.836136 
0.498299 
0.363467 
0.375055 
0.407854 
0.458912 
0.525277 
0.604000 
0.828434 
1.242264 
1.708037 
2.088300 
2.245600 
2.091160 
1.721704 
1.278029 
0.900928 
0.731200 
0.716362 
0.707646 
0.701416 
0.694035 
0.681867 
0.651332 
0.601330 
0.546942 
0.503249 
0.485333 
0.504905 
0.553477 
0.615837 
0.676771 
0.721067 
0.751900 
0.781078 
0.806333 
0.825396 
0.836000 
0.840260 
0.842680 
0.844569 
0.847239 
0.852000 
0.907429 
1.036457 
1.201931 
1.366697 
1.493600 
1.594379 
1.696464 
1.786240 
1.850091 
1.874400 
1.755008 
1.470304 
1.130496 
0.845792 
0.726400 
0.766879 
0.877436 
1.041754 
1.243514 
1.466400 
1.870412 
2.504090 
3.183921 
3.726395 
3.948000 
3.945151 
3.938141 
3.929276 
3.920860 
3.915200 
3.912358 
3.910412 
3.908687 
3.906507 
3.903200 
3.893312 
3.875658 
3.855960 
3.839944 
3.833333 
3.843151 
3.866562 
3.894505 
3.917916 
3.927733 
3.921244 
3.905769 
3.887298 
3.871823 
3.865333 
3.866249 
3.868933 
3.873293 
3.879235 
3.886667 
3.938444 
4.050133 
4.180708 
4.289139 
4.334400 
4.315699 
4.266511 
4.197207 
4.118157 
4.039733 
3.939012 
3.806791 
3.674024 
3.571665 
3.530667 
3.530667 
3.530667 
3.530667 
3.530667 
3.530667 
3.530667 
3.530667 
3.530667 
3.530667 
3.530667 
3.183561 
2.353828 
1.358849 
0.516002 
0.142667 
0.112947 
0.089492 
0.072497 
0.062157 
0.058667 
0.058667 
0.058667 
0.058667 
0.058667 
0.058667 
0.058667 
0.058667 
0.058667 
0.058667 
0.058667 
0.058667 
0.058667 
0.058667 
0.058667 
0.058667 
0.058667 
0.058667 
0.058667 
0.058667 
0.058667 
0.058667 
0.058667 
0.058667 
0.058667 
0.058667 
0.058667 
0.058667 
0.058667 
0.058667 
0.058667 
0.058667 
0.058667 
0.058667 
0.058667 
0.058667 
0.058667 
0.058667 
0.058667 
0.058667 
0.058667 
0.058667 
0.058667 
0.058667 
0.058667 
0.058667 
0.068881 
0.093790 
0.124791 
0.153284 
0.170667 
0.179313 
0.186974 
0.193111 
0.197188 
0.198667 
0.198667 
0.198667 
0.198667 
0.198667 
0.198667 
0.197188 
0.193111 
0.186974 
0.179313 
0.170667 
0.153284 
0.124791 
0.093790 
0.068881 
0.058667 
0.058667 
0.058667 
0.058667 
0.058667 
0.058667 
0.058667 
0.058667 
0.058667 
0.058667 
0.058667 
0.058667 
0.058667 
0.058667 
0.058667 
0.058667 
0.058667 
0.058667 
0.058667 
0.058667 
0.058667 
0.058667 
0.058667 
0.058667 
0.058667 
0.058667 
0.058667 
0.058667 
0.058667 
0.058667 
0.058667 
0.058667 
0.058667 
0.058667 
0.058667 
0.058667 
0.058667 
0.058667 
0.058667 
0.058667 
0.058667 
0.058667 
0.058667 
0.058667 
0.058667 
0.058667 
0.058667 
0.058667 
0.058667 
0.058667 
0.058667 
0.058667 
0.058667 
0.058667 
0.058667 
0.058667 
0.058667 
0.058667 
0.058667 
0.058667 
0.058667 
0.058667 
0.058667 
0.058667 
0.058667 
0.058667 
0.058667 
0.058667 
0.058667 
0.058667 
0.058667 
0.058667 
0.058667 
0.058667 
0.058667 
0.058667 
0.058667 
0.058667 
0.058667 
0.058667 
0.058667 
0.058667 
0.058667 
0.058667 
0.058667 
0.058667 
0.058667 
0.058667 
0.058667 
0.058667 
0.058667 
0.058667 
0.058667 
0.058667 
0.058667 
0.058667 
0.058667 
0.058667 
0.058667 
0.058667 
0.058667 
0.073227 
0.107947 
0.149387 
0.184107 
0.198667 
0.198667 
0.198667 
0.198667 
0.198667 
0.198667 
0.198667 
0.198667 
0.198667 
0.198667 
0.198667 
0.194993 
0.185406 
0.172055 
0.157092 
0.142667 
0.125329 
0.103422 
0.081783 
0.065252 
0.058667 
0.058667 
0.058667 
0.058667 
0.058667 
0.058667 
0.058667 
0.058667 
0.058667 
0.058667 
0.058667 
0.058667 
0.058667 
0.058667 
0.058667 
0.058667 
0.058667 
0.058667 
0.058667 
0.058667 
0.058667 
0.058667 
0.058667 
0.058667 
0.058667 
0.058667 
0.058667 
0.058667 
0.058667 
0.058667 
0.058667 
