0.169929 
0.156671 
0.147336 
0.141816 
0.140000 
0.141779 
0.147045 
0.155688 
0.167598 
0.182667 
0.292725 
0.555191 
0.918335 
1.330425 
1.739733 
2.262272 
2.943352 
3.625189 
4.150000 
4.360000 
3.913077 
2.847339 
1.575328 
0.509589 
0.062667 
0.062667 
0.062667 
0.062667 
0.062667 
0.062667 
0.062667 
0.062667 
0.062667 
0.062667 
0.062667 
0.062667 
0.062667 
0.062667 
0.062667 
0.062667 
0.062667 
0.062667 
0.062667 
0.062667 
0.062667 
0.062667 
0.062667 
0.062667 
0.062667 
0.062667 
0.068836 
0.085442 
0.109630 
0.138545 
0.169333 
0.217732 
0.288642 
0.362953 
0.421553 
0.445333 
0.445333 
0.445333 
0.445333 
0.445333 
0.445333 
0.445333 
0.445333 
0.445333 
0.445333 
0.445333 
0.433995 
0.404642 
0.364264 
0.319853 
0.278400 
0.231871 
0.175358 
0.120536 
0.079080 
0.062667 
0.062667 
0.062667 
0.062667 
0.062667 
0.062667 
0.062667 
0.062667 
0.062667 
0.062667 
0.062667 
0.062667 
0.062667 
0.062667 
0.062667 
0.062667 
0.062667 
0.062667 
0.062667 
0.062667 
0.062667 
0.062667 
0.062667 
0.062667 
0.062667 
0.062667 
0.062667 
0.062667 
0.062667 
0.062667 
0.062667 
0.062667 
0.062667 
0.062667 
0.062667 
0.062667 
0.068443 
0.085564 
0.113717 
0.152588 
0.201867 
0.840950 
2.286279 
3.993107 
5.416685 
6.012267 
5.908905 
5.662426 
5.368241 
5.121762 
5.018400 
5.140205 
5.430662 
5.777338 
6.067795 
6.189600 
5.807313 
4.868659 
3.685948 
2.571492 
1.837600 
1.403450 
1.003763 
0.674164 
0.450279 
0.367733 
0.377329 
0.400211 
0.427522 
0.450404 
0.460000 
0.434347 
0.373173 
0.300160 
0.238987 
0.213333 
0.213333 
0.213333 
0.213333 
0.213333 
0.213333 
0.197664 
0.160299 
0.115701 
0.078336 
0.062667 
0.062667 
0.062667 
0.062667 
0.062667 
0.062667 
0.062667 
0.062667 
0.062667 
0.062667 
0.062667 
0.073580 
0.100975 
0.136832 
0.173136 
0.201867 
0.225772 
0.250568 
0.272692 
0.288579 
0.294667 
0.294667 
0.294667 
0.294667 
0.294667 
0.294667 
0.294667 
0.294667 
0.294667 
0.294667 
0.294667 
0.283753 
0.256359 
0.220501 
0.184198 
0.155467 
0.131561 
0.106765 
0.084642 
0.068754 
0.062667 
0.062667 
0.062667 
0.062667 
0.062667 
0.062667 
0.062667 
0.062667 
0.062667 
0.062667 
0.062667 
0.062667 
0.062667 
0.062667 
0.062667 
0.062667 
0.073659 
0.100466 
0.133830 
0.164493 
0.183200 
0.192505 
0.200750 
0.207355 
0.211742 
0.213333 
0.213333 
0.213333 
0.213333 
0.213333 
0.213333 
0.211742 
0.207355 
0.200750 
0.192505 
0.183200 
0.164493 
0.133830 
0.100466 
0.073659 
0.062667 
0.079593 
0.120871 
0.172245 
0.219462 
0.248267 
0.262595 
0.275290 
0.285461 
0.292217 
0.294667 
0.294667 
0.294667 
0.294667 
0.294667 
0.294667 
0.294667 
0.294667 
0.294667 
0.294667 
0.294667 
0.277740 
0.236463 
0.185088 
0.137872 
0.109067 
0.094738 
0.082043 
0.071872 
0.065117 
0.062667 
0.062667 
0.062667 
0.062667 
0.062667 
0.062667 
0.073659 
0.100466 
0.133830 
0.164493 
0.183200 
0.192505 
0.200750 
0.207355 
0.211742 
0.213333 
0.213333 
0.213333 
0.213333 
0.213333 
0.213333 
0.211742 
0.207355 
0.200750 
0.192505 
0.183200 
0.164493 
0.133830 
0.100466 
0.073659 
0.062667 
0.062667 
0.062667 
0.062667 
0.062667 
0.062667 
0.086795 
0.144331 
0.213003 
0.270539 
0.294667 
0.294667 
0.294667 
0.294667 
0.294667 
0.294667 
0.294667 
0.294667 
0.294667 
0.294667 
0.294667 
0.294667 
0.294667 
0.294667 
0.294667 
0.294667 
0.270539 
0.213003 
0.144331 
0.086795 
0.062667 
0.062667 
0.062667 
0.062667 
0.062667 
0.062667 
0.062667 
0.062667 
0.062667 
0.062667 
0.062667 
0.062667 
0.062667 
0.062667 
0.062667 
0.062667 
0.062667 
0.062667 
0.062667 
0.062667 
0.062667 
0.062667 
0.062667 
0.062667 
0.062667 
0.062667 
0.062667 
0.062667 
0.062667 
0.062667 
0.062667 
0.062667 
0.062667 
0.062667 
0.062667 
0.062667 
0.073580 
0.100975 
0.136832 
0.173136 
0.201867 
0.225772 
0.250568 
0.272692 
0.288579 
0.294667 
0.294667 
0.294667 
0.294667 
0.294667 
0.294667 
0.294667 
0.294667 
0.294667 
0.294667 
0.294667 
0.283753 
0.256359 
0.220501 
0.184198 
0.155467 
0.131561 
0.106765 
0.084642 
0.068754 
0.062667 
0.062667 
0.062667 
0.062667 
0.062667 
0.062667 
0.062667 
0.062667 
0.062667 
0.062667 
0.062667 
0.062667 
0.062667 
0.062667 
0.062667 
0.062667 
0.062667 
0.062667 
0.062667 
0.062667 
0.062667 
0.062667 
0.062667 
0.062667 
0.062667 
0.062667 
0.062667 
0.062667 
0.062667 
0.062667 
0.062667 
0.062667 
0.062667 
0.062667 
0.062667 
0.062667 
0.082319 
0.131363 
0.194927 
0.258140 
0.306133 
0.343283 
0.380638 
0.413339 
0.436525 
0.445333 
0.445333 
0.445333 
0.445333 
0.445333 
0.445333 
0.441968 
0.432826 
0.419341 
0.402944 
0.385067 
0.359467 
0.322707 
0.280427 
0.238266 
0.201867 
0.167141 
0.130088 
0.096478 
0.072081 
0.062667 
0.062667 
0.062667 
0.062667 
0.062667 
0.062667 
0.062667 
0.062667 
0.062667 
0.062667 
0.062667 
0.062667 
0.062667 
0.062667 
0.062667 
0.062667 
0.062667 
0.062667 
0.062667 
0.062667 
0.062667 
0.062667 
0.062667 
0.062667 
0.062667 
0.062667 
0.062667 
0.062667 
0.062667 
0.062667 
0.062667 
0.076066 
0.108890 
0.150082 
0.188582 
0.213333 
0.224865 
0.232756 
0.239521 
0.247675 
0.259733 
0.288538 
0.335755 
0.387129 
0.428407 
0.445333 
0.441380 
0.431062 
0.416695 
0.400591 
0.385067 
0.368370 
0.348719 
0.328375 
0.309603 
0.294667 
0.284367 
0.276630 
0.269403 
0.260633 
0.248267 
0.219462 
0.172245 
0.120871 
0.079593 
0.062667 
0.062667 
0.062667 
0.062667 
0.062667 
0.062667 
0.068990 
0.084410 
0.103601 
0.121239 
0.132000 
0.137353 
0.142095 
0.145894 
0.148418 
0.149333 
0.149333 
0.149333 
0.149333 
0.149333 
0.149333 
0.147531 
0.143232 
0.138101 
0.133803 
0.132000 
0.772474 
2.299757 
4.122643 
5.649926 
6.290400 
6.122918 
5.723539 
5.246861 
4.847482 
4.680000 
4.680000 
4.680000 
4.680000 
4.680000 
4.680000 
4.199797 
3.054699 
1.687968 
0.542869 
0.062667 
0.062667 
0.062667 
0.062667 
0.062667 
0.062667 
0.062667 
0.062667 
0.062667 
0.062667 
0.062667 
0.062667 
0.062667 
0.062667 
0.062667 
0.062667 
0.062667 
0.062667 
0.062667 
0.062667 
0.062667 
0.062667 
0.062667 
0.062667 
0.062667 
0.062667 
0.062667 
0.062667 
0.062667 
0.062667 
0.062667 
0.073580 
0.100975 
0.136832 
0.173136 
0.201867 
0.225772 
0.250568 
0.272692 
0.288579 
0.294667 
0.294667 
0.294667 
0.294667 
0.294667 
0.294667 
0.310336 
0.347701 
0.392299 
0.429664 
0.445333 
0.434420 
0.407025 
0.371168 
0.334864 
0.306133 
0.284566 
0.264447 
0.245831 
0.228775 
0.213333 
0.200026 
0.188539 
0.177679 
0.166253 
0.153067 
0.134408 
0.110832 
0.087545 
0.069754 
0.062667 
0.062667 
0.062667 
0.062667 
0.062667 
0.062667 
0.062667 
0.062667 
0.062667 
0.062667 
0.062667 
0.062667 
0.062667 
0.062667 
0.062667 
0.062667 
0.062667 
0.062667 
0.062667 
0.062667 
0.062667 
0.062667 
0.062667 
0.062667 
0.062667 
0.062667 
0.073580 
0.100975 
0.136832 
0.173136 
0.201867 
0.225772 
0.250568 
0.272692 
0.288579 
0.294667 
0.294667 
0.294667 
0.294667 
0.294667 
0.294667 
0.294667 
0.294667 
0.294667 
0.294667 
0.294667 
0.282955 
0.253965 
0.216910 
0.181006 
0.155467 
0.137887 
0.120963 
0.106562 
0.096552 
0.092800 
0.105335 
0.135228 
0.170906 
0.200798 
0.213333 
0.213333 
0.213333 
0.213333 
0.213333 
0.213333 
0.693536 
1.838635 
3.205365 
4.350464 
4.830667 
4.344871 
3.184969 
1.797193 
0.627771 
0.122933 
0.101432 
0.084582 
0.072456 
0.065126 
0.062667 
0.062667 
0.062667 
0.062667 
0.062667 
0.062667 
0.065117 
0.071872 
0.082043 
0.094738 
0.109067 
0.137872 
0.185088 
0.236463 
0.277740 
0.294667 
0.294667 
0.294667 
0.294667 
0.294667 
0.294667 
0.294667 
0.294667 
0.294667 
0.294667 
0.294667 
0.292217 
0.285461 
0.275290 
0.262595 
0.248267 
0.219462 
0.172245 
0.120871 
0.079593 
0.062667 
0.062667 
0.062667 
0.062667 
0.062667 
0.062667 
0.069748 
0.087963 
0.112771 
0.139630 
0.164000 
0.187331 
0.212689 
0.237955 
0.261010 
0.279733 
0.296146 
0.312361 
0.326395 
0.336269 
0.340000 
0.340000 
0.340000 
0.340000 
0.340000 
0.340000 
0.462754 
0.782138 
1.224840 
1.717543 
2.186933 
2.736695 
3.421053 
4.092503 
4.603542 
4.806667 
4.806667 
4.806667 
4.806667 
4.806667 
4.806667 
4.806667 
4.806667 
4.806667 
4.806667 
4.806667 
4.685508 
4.369313 
3.929004 
3.435503 
2.959733 
2.387923 
1.665402 
0.951747 
0.406533 
0.189333 
0.189333 
0.189333 
0.189333 
0.189333 
0.189333 
0.176160 
0.144747 
0.107253 
0.075840 
0.062667 
0.062667 
0.062667 
0.062667 
0.062667 
0.062667 
0.062667 
0.062667 
0.062667 
0.062667 
0.062667 
0.062667 
0.062667 
0.062667 
0.062667 
0.062667 
0.062667 
0.062667 
0.062667 
0.062667 
0.062667 
0.062667 
0.062667 
0.062667 
0.062667 
0.062667 
0.062667 
0.062667 
0.062667 
0.062667 
0.062667 
0.062667 
0.062667 
0.062667 
0.062667 
0.062667 
0.062667 
0.062667 
0.062667 
0.062667 
0.062667 
0.062667 
0.062667 
0.062667 
0.062667 
0.062667 
0.062667 
0.062667 
0.062667 
0.062667 
0.062667 
0.062667 
0.062667 
0.062667 
0.062667 
0.062667 
0.062667 
0.062667 
0.062667 
0.062667 
0.062667 
0.062667 
0.062667 
0.062667 
0.062667 
0.062667 
0.062667 
0.062667 
0.062667 
0.062667 
0.062667 
0.062667 
0.062667 
0.062667 
0.062667 
0.062667 
0.062667 
0.062667 
0.062667 
0.062667 
0.062667 
0.062667 
0.062667 
0.062667 
0.062667 
0.062667 
0.079593 
0.120871 
0.172245 
0.219462 
0.248267 
0.260337 
0.268516 
0.275300 
0.283185 
0.294667 
0.316006 
0.347639 
0.383323 
0.416813 
0.441867 
0.461025 
0.479587 
0.495451 
0.506512 
0.510667 
0.485846 
0.425687 
0.351645 
0.285175 
0.247733 
0.232811 
0.220042 
0.210094 
0.203635 
0.201333 
0.213716 
0.243731 
0.280673 
0.313842 
0.332533 
0.339993 
0.346377 
0.351352 
0.354582 
0.355733 
0.355484 
0.354889 
0.354178 
0.353583 
0.353333 
0.360421 
0.378211 
0.401498 
0.425075 
0.443733 
0.459258 
0.475361 
0.489729 
0.500047 
0.504000 
0.504000 
0.504000 
0.504000 
0.504000 
0.504000 
0.626637 
0.945789 
1.388316 
1.881077 
2.350933 
2.902270 
3.589331 
4.263764 
4.777216 
4.981333 
4.469792 
3.249963 
1.794037 
0.574208 
0.062667 
0.062667 
0.062667 
0.062667 
0.062667 
0.062667 
0.062667 
0.062667 
0.062667 
0.062667 
0.062667 
0.070518 
0.093646 
0.131408 
0.183162 
0.248267 
0.805674 
2.033320 
3.479035 
4.690651 
5.216000 
5.244475 
5.266835 
5.282957 
5.292719 
5.296000 
5.181373 
4.881443 
4.462132 
3.989365 
3.529067 
2.963465 
2.239590 
1.520569 
0.969530 
0.749600 
0.751658 
0.756829 
0.763611 
0.770502 
0.776000 
0.780502 
0.785072 
0.789204 
0.792393 
0.794133 
0.794926 
0.795589 
0.796095 
0.796419 
0.796533 
0.781159 
0.743562 
0.696533 
0.652860 
0.625333 
0.612517 
0.603159 
0.595330 
0.587099 
0.576533 
0.559821 
0.537867 
0.515815 
0.498811 
0.492000 
0.492000 
0.492000 
0.492000 
0.492000 
0.492000 
0.495501 
0.504103 
0.514954 
0.525204 
0.532000 
0.536078 
0.539847 
0.542963 
0.545084 
0.545867 
0.541325 
0.529874 
0.514774 
0.499285 
0.486667 
0.475629 
0.463909 
0.453309 
0.445627 
0.442667 
0.458406 
0.498290 
0.551317 
0.606487 
0.652800 
0.695479 
0.741986 
0.784674 
0.815894 
0.828000 
0.824117 
0.814859 
0.803808 
0.794549 
0.790667 
0.790667 
0.790667 
0.790667 
0.790667 
0.790667 
0.783619 
0.765437 
0.740566 
0.713450 
0.688533 
0.661425 
0.629085 
0.597978 
0.574572 
0.565333 
0.745711 
1.175842 
1.689225 
2.119356 
2.299733 
2.133777 
1.738035 
1.265698 
0.869956 
0.704000 
0.723938 
0.771548 
0.828522 
0.876553 
0.897333 
0.898117 
0.898528 
0.898813 
0.899222 
0.900000 
0.914536 
0.947686 
0.986902 
1.019634 
1.033333 
1.029380 
1.019062 
1.004695 
0.988591 
0.973067 
0.954408 
0.930832 
0.907545 
0.889754 
0.882667 
1.016910 
1.366721 
1.852716 
2.395514 
2.915733 
3.525193 
4.283773 
5.034183 
5.619133 
5.881333 
5.920937 
5.947115 
5.966105 
5.984143 
6.007467 
6.041834 
6.083228 
6.123226 
6.153402 
6.165333 
6.024601 
5.658816 
5.152597 
4.590563 
4.057333 
3.439389 
2.674912 
1.926074 
1.355046 
1.124000 
1.117691 
1.112766 
1.109236 
1.107111 
1.106400 
1.111873 
1.127640 
1.152724 
1.186147 
1.226933 
1.382762 
1.693717 
2.057424 
2.371509 
2.533600 
2.581864 
2.621799 
2.652030 
2.671178 
2.677867 
2.665470 
2.635908 
2.600625 
2.571063 
2.558667 
2.561107 
2.566927 
2.573873 
2.579693 
2.582133 
2.578817 
2.570456 
2.559434 
2.548132 
2.538933 
2.532626 
2.527555 
2.522438 
2.515992 
2.506933 
2.487031 
2.453296 
2.412313 
2.370664 
2.334933 
2.302311 
2.268256 
2.236752 
2.211784 
2.197333 
2.189916 
2.183600 
2.178698 
2.175527 
2.174400 
2.180049 
2.196714 
2.223967 
2.261382 
2.308533 
2.700518 
3.578969 
4.653268 
5.632796 
6.226933 
6.520144 
6.778886 
6.985530 
7.122444 
7.172000 
7.032479 
6.693331 
6.273677 
5.892637 
5.669333 
5.587934 
5.538126 
5.497312 
5.442892 
5.352267 
4.915025 
4.040501 
3.035719 
2.207700 
1.863467 
2.221892 
3.076599 
4.096734 
4.951441 
5.309867 
5.302145 
5.282562 
5.256493 
5.229314 
5.206400 
5.185122 
5.161845 
5.140433 
5.124752 
5.118667 
5.128484 
5.151895 
5.179838 
5.203249 
5.213067 
4.736604 
3.598122 
2.233978 
1.080529 
0.574133 
0.542992 
0.521792 
0.506616 
0.493546 
0.478667 
0.459687 
0.439141 
0.420352 
0.406642 
0.401333 
0.592666 
1.048919 
1.593481 
2.049734 
2.241067 
2.080533 
1.696330 
1.234554 
0.841301 
0.662667 
0.642085 
0.625725 
0.613790 
0.606481 
0.604000 
0.606309 
0.612335 
0.620727 
0.630132 
0.639200 
0.648641 
0.659499 
0.670915 
0.682034 
0.692000 
0.701986 
0.712634 
0.722290 
0.729297 
0.732000 
0.706985 
0.647332 
0.576134 
0.516482 
0.491467 
0.502338 
0.528262 
0.559204 
0.585129 
0.596000 
0.596000 
0.596000 
0.596000 
0.596000 
0.596000 
0.589344 
0.573472 
0.554528 
0.538656 
0.532000 
0.555213 
0.610566 
0.676634 
0.731987 
0.755200 
0.737395 
0.694938 
0.644262 
0.601805 
0.584000 
0.591024 
0.609180 
0.634090 
0.661378 
0.686667 
0.714646 
0.748348 
0.780915 
0.805485 
0.815200 
0.782037 
0.700875 
0.599201 
0.504502 
0.444267 
0.411210 
0.381322 
0.357002 
0.340651 
0.334667 
0.336436 
0.341040 
0.347427 
0.354543 
0.361333 
0.367845 
0.374862 
0.382437 
0.390621 
0.399467 
0.409267 
0.420148 
0.431916 
0.444376 
0.457333 
0.471113 
0.485944 
0.501485 
0.517395 
0.533333 
0.552067 
0.573836 
0.594504 
0.609937 
0.616000 
0.607181 
0.586150 
0.561050 
0.540019 
0.531200 
0.818924 
1.541838 
2.489558 
3.451696 
4.217867 
4.862205 
5.533819 
6.134785 
6.567175 
6.733067 
6.044171 
4.401419 
2.440715 
0.797963 
0.109067 
0.128369 
0.174398 
0.229335 
0.275364 
0.294667 
0.294667 
0.294667 
0.294667 
0.294667 
0.294667 
0.294667 
0.294667 
0.294667 
0.294667 
0.294667 
0.299243 
0.310155 
0.323179 
0.334091 
0.338667 
0.332352 
0.314709 
0.287691 
0.253248 
0.213333 
