0.064000 
0.064000 
0.064000 
0.064000 
0.064000 
0.064000 
0.064000 
0.064000 
0.064000 
0.064000 
0.064000 
0.064000 
0.064000 
0.064000 
0.064000 
0.066677 
0.074069 
0.085215 
0.099157 
0.114933 
0.147100 
0.200126 
0.257922 
0.304399 
0.323467 
0.317438 
0.302352 
0.282707 
0.263001 
0.247733 
0.235488 
0.222991 
0.211949 
0.204072 
0.201067 
0.231407 
0.303757 
0.390110 
0.462460 
0.492800 
0.488834 
0.479377 
0.468090 
0.458633 
0.454667 
0.454667 
0.454667 
0.454667 
0.454667 
0.454667 
0.454667 
0.454667 
0.454667 
0.454667 
0.454667 
0.426164 
0.356656 
0.270147 
0.190639 
0.142133 
0.118006 
0.096628 
0.079502 
0.068125 
0.064000 
0.064000 
0.064000 
0.064000 
0.064000 
0.064000 
0.064000 
0.064000 
0.064000 
0.064000 
0.064000 
0.064000 
0.064000 
0.064000 
0.064000 
0.064000 
0.064000 
0.064000 
0.064000 
0.064000 
0.064000 
0.064000 
0.064000 
0.064000 
0.064000 
0.064000 
0.064000 
0.064000 
0.064000 
0.064000 
0.064000 
0.064000 
0.064000 
0.064000 
0.064000 
0.064000 
0.064000 
0.064000 
0.064000 
0.064000 
0.064000 
0.080927 
0.122204 
0.173578 
0.220795 
0.249600 
0.263928 
0.276623 
0.286794 
0.293550 
0.296000 
0.296000 
0.296000 
0.296000 
0.296000 
0.296000 
0.296000 
0.296000 
0.296000 
0.296000 
0.296000 
0.289912 
0.274025 
0.251901 
0.227105 
0.203200 
0.174469 
0.138166 
0.102308 
0.074913 
0.064000 
0.064000 
0.064000 
0.064000 
0.064000 
0.064000 
0.064000 
0.064000 
0.064000 
0.064000 
0.064000 
0.064000 
0.064000 
0.064000 
0.064000 
0.064000 
0.064000 
0.064000 
0.064000 
0.064000 
0.064000 
0.064000 
0.064000 
0.064000 
0.064000 
0.064000 
0.064000 
0.064000 
0.064000 
0.064000 
0.064000 
0.064000 
0.064000 
0.064000 
0.064000 
0.064000 
0.074913 
0.102308 
0.138166 
0.174469 
0.203200 
0.227105 
0.251901 
0.274025 
0.289912 
0.296000 
0.296000 
0.296000 
0.296000 
0.296000 
0.296000 
0.296000 
0.296000 
0.296000 
0.296000 
0.296000 
0.293550 
0.286794 
0.276623 
0.263928 
0.249600 
0.220795 
0.173578 
0.122204 
0.080927 
0.064000 
0.068163 
0.079029 
0.094159 
0.111118 
0.127467 
0.147116 
0.171944 
0.196468 
0.215203 
0.222667 
0.222667 
0.222667 
0.222667 
0.222667 
0.222667 
0.222667 
0.222667 
0.222667 
0.222667 
0.222667 
0.211090 
0.182860 
0.147725 
0.115433 
0.095733 
0.085934 
0.077252 
0.070296 
0.065676 
0.064000 
0.064000 
0.064000 
0.064000 
0.064000 
0.064000 
0.064000 
0.064000 
0.064000 
0.064000 
0.064000 
0.066450 
0.073206 
0.083377 
0.096072 
0.110400 
0.139205 
0.186422 
0.237796 
0.279073 
0.296000 
0.296000 
0.296000 
0.296000 
0.296000 
0.296000 
0.296000 
0.296000 
0.296000 
0.296000 
0.296000 
0.296000 
0.296000 
0.296000 
0.296000 
0.296000 
0.279073 
0.237796 
0.186422 
0.139205 
0.110400 
0.096072 
0.083377 
0.073206 
0.066450 
0.064000 
0.064000 
0.064000 
0.064000 
0.064000 
0.064000 
0.064000 
0.064000 
0.064000 
0.064000 
0.064000 
0.071464 
0.090199 
0.114723 
0.139551 
0.159200 
0.175549 
0.192507 
0.207638 
0.218503 
0.222667 
0.222667 
0.222667 
0.222667 
0.222667 
0.222667 
0.222667 
0.222667 
0.222667 
0.222667 
0.222667 
0.206165 
0.166816 
0.119851 
0.080501 
0.064000 
0.064000 
0.064000 
0.064000 
0.064000 
0.064000 
0.070088 
0.085975 
0.108099 
0.132895 
0.156800 
0.185531 
0.221834 
0.257692 
0.285087 
0.296000 
0.296000 
0.296000 
0.296000 
0.296000 
0.296000 
0.296000 
0.296000 
0.296000 
0.296000 
0.296000 
0.296000 
0.296000 
0.296000 
0.296000 
0.296000 
0.271872 
0.214336 
0.145664 
0.088128 
0.064000 
0.064000 
0.064000 
0.064000 
0.064000 
0.064000 
0.064000 
0.064000 
0.064000 
0.064000 
0.064000 
0.064000 
0.064000 
0.064000 
0.064000 
0.064000 
0.064000 
0.064000 
0.064000 
0.064000 
0.064000 
0.064000 
0.064000 
0.064000 
0.064000 
0.064000 
0.064000 
0.064000 
0.064000 
0.064000 
0.064000 
0.064000 
0.064000 
0.064000 
0.064000 
0.064000 
0.064000 
0.064000 
0.064000 
0.064000 
0.064000 
0.064000 
0.064000 
0.064000 
0.064000 
0.064000 
0.064000 
0.064000 
0.064000 
0.064000 
0.064000 
0.070088 
0.085975 
0.108099 
0.132895 
0.156800 
0.185531 
0.221834 
0.257692 
0.285087 
0.296000 
0.296000 
0.296000 
0.296000 
0.296000 
0.296000 
0.296000 
0.296000 
0.296000 
0.296000 
0.296000 
0.296000 
0.296000 
0.296000 
0.296000 
0.296000 
0.271872 
0.214336 
0.145664 
0.088128 
0.064000 
0.064000 
0.064000 
0.064000 
0.064000 
0.064000 
0.064718 
0.066635 
0.069393 
0.072633 
0.076000 
0.079200 
0.082695 
0.087256 
0.093656 
0.102667 
0.389262 
1.070768 
1.911483 
2.675705 
3.127733 
3.335736 
3.517400 
3.661303 
3.756022 
3.790133 
3.402615 
2.478534 
1.375599 
0.451518 
0.064000 
0.064000 
0.064000 
0.064000 
0.064000 
0.064000 
0.453515 
1.382357 
2.490976 
3.419819 
3.809333 
3.796445 
3.763639 
3.719703 
3.673428 
3.633600 
3.595242 
3.552471 
3.512720 
3.483419 
3.472000 
3.472000 
3.472000 
3.472000 
3.472000 
3.472000 
3.755111 
4.466015 
5.397070 
6.340634 
7.089067 
7.714224 
8.363826 
8.944023 
9.360964 
9.520800 
8.537293 
6.192006 
3.392794 
1.047507 
0.064000 
0.064000 
0.064000 
0.064000 
0.064000 
0.064000 
0.064000 
0.064000 
0.064000 
0.064000 
0.064000 
0.064000 
0.064000 
0.064000 
0.064000 
0.064000 
0.064000 
0.064000 
0.064000 
0.064000 
0.064000 
0.064000 
0.064000 
0.064000 
0.064000 
0.064000 
0.064000 
0.064000 
0.064000 
0.064000 
0.064000 
0.064000 
0.064000 
0.064000 
0.064000 
0.064000 
0.064000 
0.064000 
0.064000 
0.064000 
0.064000 
0.070449 
0.089597 
0.121148 
0.164804 
0.220267 
1.063246 
2.984823 
5.257765 
7.154835 
7.948800 
7.635582 
6.853883 
5.840632 
4.832761 
4.067200 
3.481798 
2.900580 
2.389743 
2.015484 
1.844000 
1.805543 
1.781190 
1.763371 
1.744520 
1.717067 
1.667702 
1.599554 
1.529715 
1.475277 
1.453333 
1.643251 
2.096132 
2.636668 
3.089549 
3.279467 
3.164956 
2.891891 
2.565975 
2.292911 
2.178400 
2.237306 
2.377773 
2.545427 
2.685894 
2.744800 
2.744800 
2.744800 
2.744800 
2.744800 
2.744800 
2.712326 
2.625105 
2.498441 
2.347638 
2.188000 
1.964950 
1.654075 
1.315926 
1.011051 
0.800000 
0.657338 
0.525327 
0.416060 
0.341631 
0.314133 
0.324034 
0.347644 
0.375823 
0.399433 
0.409333 
0.409333 
0.409333 
0.409333 
0.409333 
0.409333 
0.409333 
0.409333 
0.409333 
0.409333 
0.409333 
0.396132 
0.364653 
0.327081 
0.295601 
0.282400 
0.585083 
1.330279 
2.273707 
3.171085 
3.778133 
4.157519 
4.512009 
4.807472 
5.009780 
5.084800 
5.014999 
4.830084 
4.566790 
4.261851 
3.952000 
3.581347 
3.111285 
2.604469 
2.123555 
1.731200 
1.387125 
1.039806 
0.735032 
0.518589 
0.436267 
0.441092 
0.452599 
0.466334 
0.477841 
0.482667 
0.463253 
0.416960 
0.361707 
0.315413 
0.296000 
0.296000 
0.296000 
0.296000 
0.296000 
0.296000 
0.289912 
0.274025 
0.251901 
0.227105 
0.203200 
0.174469 
0.138166 
0.102308 
0.074913 
0.064000 
0.065676 
0.070296 
0.077252 
0.085934 
0.095733 
0.115433 
0.147725 
0.182860 
0.211090 
0.222667 
0.222667 
0.222667 
0.222667 
0.222667 
0.222667 
0.222667 
0.222667 
0.222667 
0.222667 
0.222667 
0.215203 
0.196468 
0.171944 
0.147116 
0.127467 
0.111118 
0.094159 
0.079029 
0.068163 
0.064000 
0.064000 
0.064000 
0.064000 
0.064000 
0.064000 
0.064000 
0.064000 
0.064000 
0.064000 
0.064000 
0.064000 
0.064000 
0.064000 
0.064000 
0.064000 
0.064000 
0.064000 
0.064000 
0.064000 
0.064000 
0.079783 
0.118774 
0.168433 
0.216221 
0.249600 
0.268602 
0.283337 
0.296385 
0.310324 
0.327733 
0.352078 
0.382321 
0.414285 
0.443792 
0.466667 
0.485161 
0.503049 
0.518437 
0.529430 
0.534133 
0.534976 
0.535646 
0.536134 
0.536432 
0.536533 
0.515352 
0.463614 
0.399026 
0.339297 
0.302133 
0.282747 
0.265409 
0.251418 
0.242071 
0.238667 
0.238667 
0.238667 
0.238667 
0.238667 
0.238667 
0.238667 
0.238667 
0.238667 
0.238667 
0.238667 
0.238667 
0.238667 
0.238667 
0.238667 
0.238667 
0.238667 
0.238667 
0.238667 
0.238667 
0.238667 
0.238667 
0.238667 
0.238667 
0.238667 
0.238667 
0.238864 
0.239450 
0.240418 
0.241759 
0.243467 
0.259253 
0.299835 
0.360711 
0.437377 
0.525333 
0.712176 
1.025635 
1.371406 
1.655184 
1.782667 
1.798948 
1.811887 
1.821326 
1.827105 
1.829067 
1.690012 
1.356926 
0.955927 
0.613135 
0.454667 
0.434973 
0.422166 
0.412860 
0.403666 
0.391200 
0.371551 
0.346723 
0.322199 
0.303464 
0.296000 
0.296000 
0.296000 
0.296000 
0.296000 
0.296000 
0.279073 
0.237796 
0.186422 
0.139205 
0.110400 
0.096072 
0.083377 
0.073206 
0.066450 
0.064000 
0.064000 
0.064000 
0.064000 
0.064000 
0.064000 
0.064000 
0.064000 
0.064000 
0.064000 
0.064000 
0.064000 
0.064000 
0.064000 
0.064000 
0.064000 
0.064000 
0.064000 
0.064000 
0.064000 
0.064000 
0.064000 
0.064000 
0.064000 
0.064000 
0.064000 
0.064000 
0.064000 
0.064000 
0.064000 
0.064000 
0.064000 
0.064000 
0.064000 
0.064000 
0.064000 
0.072949 
0.096510 
0.129757 
0.167763 
0.205600 
0.254614 
0.319271 
0.384328 
0.434541 
0.454667 
0.454667 
0.454667 
0.454667 
0.454667 
0.454667 
0.454667 
0.454667 
0.454667 
0.454667 
0.454667 
0.443640 
0.415240 
0.376486 
0.334400 
0.296000 
0.257175 
0.213160 
0.169998 
0.133731 
0.110400 
0.096072 
0.083377 
0.073206 
0.066450 
0.064000 
0.064000 
0.064000 
0.064000 
0.064000 
0.064000 
0.064000 
0.064000 
0.064000 
0.064000 
0.064000 
0.064000 
0.064000 
0.064000 
0.064000 
0.064000 
0.064000 
0.064000 
0.064000 
0.064000 
0.064000 
0.064000 
0.064000 
0.064000 
0.064000 
0.064000 
0.064000 
0.064000 
0.064000 
0.064000 
0.064000 
0.064000 
0.064000 
0.064000 
0.064000 
0.064000 
0.064000 
0.064000 
0.064000 
0.064000 
0.064000 
0.064000 
0.064000 
0.064000 
0.064000 
0.064000 
0.064000 
0.064000 
0.064000 
0.064000 
0.064000 
0.064000 
0.064000 
0.064000 
0.064000 
0.064000 
0.071464 
0.090199 
0.114723 
0.139551 
0.159200 
0.172360 
0.182939 
0.193286 
0.205746 
0.222667 
0.259552 
0.318683 
0.382571 
0.433728 
0.454667 
0.454667 
0.454667 
0.454667 
0.454667 
0.454667 
0.438165 
0.398816 
0.351851 
0.312501 
0.296000 
0.296000 
0.296000 
0.296000 
0.296000 
0.296000 
0.285087 
0.257692 
0.221834 
0.185531 
0.156800 
0.132895 
0.108099 
0.085975 
0.070088 
0.064000 
0.064000 
0.064000 
0.064000 
0.064000 
0.064000 
0.064000 
0.064000 
0.064000 
0.064000 
0.064000 
0.064000 
0.064000 
0.064000 
0.064000 
0.064000 
0.064000 
0.064000 
0.064000 
0.064000 
0.064000 
0.064000 
0.064000 
0.064000 
0.064000 
0.064000 
0.064000 
0.064000 
0.064000 
0.064000 
0.064000 
0.080501 
0.119851 
0.166816 
0.206165 
0.222667 
0.222667 
0.222667 
0.222667 
0.222667 
0.222667 
0.222667 
0.222667 
0.222667 
0.222667 
0.222667 
0.218503 
0.207638 
0.192507 
0.175549 
0.159200 
0.139551 
0.114723 
0.090199 
0.071464 
0.064000 
0.070088 
0.085975 
0.108099 
0.132895 
0.156800 
0.177320 
0.197202 
0.220744 
0.252244 
0.296000 
0.496953 
0.902772 
1.371847 
1.762571 
1.933333 
1.945629 
1.955313 
1.962315 
1.966567 
1.968000 
1.961926 
1.945937 
1.923386 
1.897623 
1.872000 
1.838889 
1.795270 
1.751407 
1.717562 
1.704000 
1.705609 
1.710106 
1.716999 
1.725794 
1.736000 
1.756375 
1.790929 
1.832041 
1.872093 
1.903467 
1.926383 
1.946683 
1.965179 
1.982681 
2.000000 
2.019519 
2.040759 
2.060239 
2.074480 
2.080000 
2.077776 
2.071429 
2.061447 
2.048319 
2.032533 
1.999050 
1.936606 
1.851357 
1.749459 
1.637067 
1.451491 
1.176124 
0.886237 
0.657105 
0.564000 
0.569562 
0.583417 
0.601318 
0.619017 
0.632267 
0.642271 
0.652233 
0.660898 
0.667016 
0.669333 
0.665062 
0.654878 
0.642722 
0.632538 
0.628267 
0.630265 
0.635764 
0.644025 
0.654306 
0.665867 
0.685109 
0.715075 
0.749979 
0.784037 
0.811467 
0.832595 
0.851812 
0.869425 
0.885741 
0.901067 
0.914660 
0.926487 
0.937917 
0.950320 
0.965067 
0.987361 
1.016844 
1.046539 
1.069472 
1.078667 
1.076525 
1.070547 
1.061399 
1.049750 
1.036267 
1.004729 
0.950027 
0.889494 
0.840462 
0.820267 
0.824887 
0.838278 
0.859732 
0.888541 
0.924000 
1.089833 
1.429535 
1.822055 
2.146338 
2.281333 
2.269618 
2.238443 
2.193766 
2.141543 
2.087733 
2.011376 
1.905387 
1.796537 
1.711596 
1.677333 
1.682480 
1.696188 
1.715855 
1.738882 
1.762667 
1.792530 
1.831637 
1.874160 
1.914269 
1.946133 
1.972990 
1.999721 
2.022971 
2.039383 
2.045600 
2.043991 
2.040156 
2.035578 
2.031742 
2.030133 
2.049075 
2.094244 
2.148156 
2.193325 
2.212267 
2.207219 
2.195183 
2.180817 
2.168781 
2.163733 
2.183036 
2.229065 
2.284002 
2.330031 
2.349333 
2.343573 
2.328853 
2.309013 
2.287893 
2.269333 
2.255631 
2.244228 
2.231675 
2.214526 
2.189333 
2.015593 
1.645198 
1.213300 
0.855050 
0.705600 
0.707661 
0.712935 
0.720058 
0.727668 
0.734400 
0.739920 
0.745137 
0.750555 
0.756675 
0.764000 
0.772581 
0.782587 
0.794704 
0.809613 
0.828000 
0.858931 
0.906301 
0.963031 
1.022045 
1.076267 
1.133550 
1.198615 
1.259678 
1.304956 
1.322667 
1.201666 
0.913126 
0.568740 
0.280201 
0.159200 
0.165801 
0.181540 
0.200326 
0.216066 
0.222667 
0.222667 
0.222667 
0.222667 
0.222667 
0.222667 
0.222667 
0.222667 
0.222667 
0.222667 
0.222667 
0.206165 
0.166816 
0.119851 
0.080501 
0.064000 
0.064000 
0.064000 
0.064000 
0.064000 
0.064000 
0.064000 
0.064000 
0.064000 
0.064000 
0.064000 
0.064000 
0.064000 
0.064000 
0.064000 
0.064000 
0.066450 
0.073206 
0.083377 
0.096072 
0.110400 
0.139205 
0.186422 
0.237796 
0.279073 
0.296000 
0.296000 
0.296000 
0.296000 
0.296000 
0.296000 
0.296000 
0.296000 
0.296000 
0.296000 
0.296000 
0.338182 
0.438771 
0.558829 
0.659418 
0.701600 
0.684156 
0.642100 
0.590846 
0.545808 
0.522400 
0.515466 
0.509711 
0.505343 
0.502570 
0.501600 
0.505663 
0.516604 
0.532555 
0.551643 
0.572000 
0.600075 
0.639144 
0.682576 
0.723739 
0.756000 
0.779128 
0.798589 
0.816300 
0.834176 
0.854133 
0.878320 
0.905549 
0.932738 
0.956805 
0.974667 
0.986691 
0.996183 
1.004462 
1.012850 
1.022667 
1.033857 
1.045633 
1.058213 
1.071818 
1.086667 
1.103490 
1.122442 
1.142875 
1.164144 
1.185600 
1.208807 
1.234247 
1.259658 
1.282774 
1.301333 
1.317343 
1.333069 
1.346629 
1.356144 
1.359733 
1.348862 
1.322938 
1.291996 
1.266071 
1.255200 
1.260882 
1.274710 
1.291857 
1.307496 
1.316800 
1.321140 
1.324941 
1.327959 
1.329949 
1.330667 
1.327847 
1.320043 
1.308235 
1.293404 
1.276533 
1.241109 
1.182035 
1.117421 
1.065373 
1.044000 
1.111475 
1.272378 
1.464422 
1.625325 
1.692800 
1.610654 
1.414767 
1.180966 
0.985079 
0.902933 
0.930505 
0.996954 
1.077885 
1.148899 
1.185600 
1.196204 
1.204987 
1.211641 
1.215859 
1.217333 
1.215828 
1.212177 
1.207679 
1.203632 
1.201333 
1.200394 
1.199587 
1.198957 
1.198546 
1.198400 
1.387902 
1.902298 
2.660422 
3.581111 
4.583200 
