-0.048299 
-0.014208 
0.015872 
0.041941 
0.064000 
0.082048 
0.096085 
0.106112 
0.112128 
0.114133 
0.108919 
0.096486 
0.081647 
0.069214 
0.064000 
0.064000 
0.064000 
0.064000 
0.064000 
0.064000 
0.064000 
0.064000 
0.064000 
0.064000 
0.064000 
0.064000 
0.064000 
0.064000 
0.064000 
0.064000 
0.064000 
0.064000 
0.064000 
0.064000 
0.064000 
0.064000 
0.064000 
0.064000 
0.064000 
0.064000 
0.064000 
0.064000 
0.064000 
0.064000 
0.064000 
0.064000 
0.064000 
0.064000 
0.064000 
0.064000 
0.064000 
0.064000 
0.064000 
0.064000 
0.064000 
0.064000 
0.064000 
0.064000 
0.064000 
0.064000 
0.064000 
0.064000 
0.064000 
0.064000 
0.064000 
0.064000 
0.064000 
0.064000 
0.064000 
0.064000 
0.064000 
0.064000 
0.064000 
0.064000 
0.064000 
0.064000 
0.064000 
0.064000 
0.064000 
0.064000 
0.064000 
0.064000 
0.064000 
0.064000 
0.064000 
0.093259 
0.163029 
0.246304 
0.316075 
0.345333 
0.345333 
0.345333 
0.345333 
0.345333 
0.345333 
0.351981 
0.369329 
0.393487 
0.420563 
0.446667 
0.478039 
0.517681 
0.556836 
0.586750 
0.598667 
0.587706 
0.559034 
0.518961 
0.473802 
0.429867 
0.380665 
0.321141 
0.259765 
0.205006 
0.165333 
0.136038 
0.108563 
0.085602 
0.069850 
0.064000 
0.064000 
0.064000 
0.064000 
0.064000 
0.064000 
0.074286 
0.100106 
0.133903 
0.168120 
0.195200 
0.217731 
0.241103 
0.261955 
0.276929 
0.282667 
0.282667 
0.282667 
0.282667 
0.282667 
0.282667 
0.282667 
0.282667 
0.282667 
0.282667 
0.282667 
0.272381 
0.246560 
0.212763 
0.178546 
0.151467 
0.128935 
0.105564 
0.084712 
0.069738 
0.064000 
0.064000 
0.064000 
0.064000 
0.064000 
0.064000 
0.064000 
0.064000 
0.064000 
0.064000 
0.064000 
0.064000 
0.064000 
0.064000 
0.064000 
0.064000 
0.103810 
0.200765 
0.321147 
0.431242 
0.497333 
0.528897 
0.556656 
0.578766 
0.593384 
0.598667 
0.598667 
0.598667 
0.598667 
0.598667 
0.598667 
0.584333 
0.547558 
0.497684 
0.444051 
0.396000 
0.347642 
0.292722 
0.240034 
0.198374 
0.176533 
0.168167 
0.161231 
0.155971 
0.152634 
0.151467 
0.165111 
0.197649 
0.236484 
0.269022 
0.282667 
0.282667 
0.282667 
0.282667 
0.282667 
0.282667 
0.282667 
0.282667 
0.282667 
0.282667 
0.282667 
0.276929 
0.261955 
0.241103 
0.217731 
0.195200 
0.168120 
0.133903 
0.100106 
0.074286 
0.064000 
0.064000 
0.064000 
0.064000 
0.064000 
0.064000 
0.064000 
0.064000 
0.064000 
0.064000 
0.064000 
0.076245 
0.107486 
0.149485 
0.194003 
0.232800 
0.265229 
0.296786 
0.328449 
0.361195 
0.396000 
0.440220 
0.493375 
0.544685 
0.583375 
0.598667 
0.598667 
0.598667 
0.598667 
0.598667 
0.598667 
0.589390 
0.564531 
0.528552 
0.485910 
0.441067 
0.373399 
0.276329 
0.175388 
0.096102 
0.064000 
0.064000 
0.064000 
0.064000 
0.064000 
0.064000 
0.073827 
0.099859 
0.136924 
0.179851 
0.223467 
0.283001 
0.363888 
0.446262 
0.510254 
0.536000 
0.509653 
0.446827 
0.371840 
0.309013 
0.282667 
0.282667 
0.282667 
0.282667 
0.282667 
0.282667 
0.280358 
0.273990 
0.264404 
0.252438 
0.238933 
0.211784 
0.167281 
0.118859 
0.079954 
0.064000 
0.064000 
0.064000 
0.064000 
0.064000 
0.064000 
0.064000 
0.064000 
0.064000 
0.064000 
0.064000 
0.064000 
0.064000 
0.064000 
0.064000 
0.064000 
0.082958 
0.131455 
0.196926 
0.266807 
0.328533 
0.390842 
0.462112 
0.529241 
0.579127 
0.598667 
0.598667 
0.598667 
0.598667 
0.598667 
0.598667 
0.580183 
0.535110 
0.479012 
0.427454 
0.396000 
0.382779 
0.373765 
0.366296 
0.357706 
0.345333 
0.320022 
0.281576 
0.240774 
0.208389 
0.195200 
0.204297 
0.225988 
0.251878 
0.273570 
0.282667 
0.282667 
0.282667 
0.282667 
0.282667 
0.282667 
0.282667 
0.282667 
0.282667 
0.282667 
0.282667 
0.272381 
0.246560 
0.212763 
0.178546 
0.151467 
0.128935 
0.105564 
0.084712 
0.069738 
0.064000 
0.064000 
0.064000 
0.064000 
0.064000 
0.064000 
0.064000 
0.064000 
0.064000 
0.064000 
0.064000 
0.064000 
0.064000 
0.064000 
0.064000 
0.064000 
0.066971 
0.075163 
0.087497 
0.102892 
0.120267 
0.150725 
0.199038 
0.254629 
0.306920 
0.345333 
0.369868 
0.389453 
0.406903 
0.425035 
0.446667 
0.478039 
0.517681 
0.556836 
0.586750 
0.598667 
0.598667 
0.598667 
0.598667 
0.598667 
0.598667 
0.566565 
0.487279 
0.386337 
0.289268 
0.221600 
0.176756 
0.134115 
0.098135 
0.073277 
0.064000 
0.094784 
0.168192 
0.255808 
0.329216 
0.360000 
0.357781 
0.352491 
0.346176 
0.340885 
0.338667 
0.340608 
0.345237 
0.350763 
0.355392 
0.357333 
0.357333 
0.357333 
0.357333 
0.357333 
0.357333 
0.369871 
0.402327 
0.446968 
0.496060 
0.541867 
0.584449 
0.629234 
0.676541 
0.726690 
0.780000 
0.849033 
0.934115 
1.017215 
1.080298 
1.105333 
1.105112 
1.104457 
1.103378 
1.101889 
1.100000 
1.080333 
1.034411 
0.975603 
0.917277 
0.872800 
0.838084 
0.803164 
0.772587 
0.750905 
0.742667 
0.757404 
0.795902 
0.849592 
0.909904 
0.968267 
1.038999 
1.128806 
1.217700 
1.285694 
1.312800 
1.273905 
1.177511 
1.054059 
0.933986 
0.847733 
0.787272 
0.728704 
0.678660 
0.643770 
0.630667 
0.662920 
0.744140 
0.851021 
0.960255 
1.048533 
1.124692 
1.205026 
1.277413 
1.329733 
1.349867 
1.242622 
0.986884 
0.681649 
0.425911 
0.318667 
0.351615 
0.436841 
0.553912 
0.682398 
0.801867 
0.934925 
1.095816 
1.251564 
1.369195 
1.415733 
1.341814 
1.164067 
0.948506 
0.761146 
0.668000 
0.646110 
0.628557 
0.615416 
0.606761 
0.602667 
0.601327 
0.600603 
0.600068 
0.599298 
0.597867 
0.541127 
0.408576 
0.251008 
0.119218 
0.064000 
0.082747 
0.131493 
0.199000 
0.274027 
0.345333 
0.428427 
0.531560 
0.632613 
0.709467 
0.740000 
0.740000 
0.740000 
0.740000 
0.740000 
0.740000 
0.765281 
0.833679 
0.934022 
1.055142 
1.185867 
1.401539 
1.725225 
2.067341 
2.338305 
2.448533 
2.436830 
2.408922 
2.375612 
2.347703 
2.336000 
2.336000 
2.336000 
2.336000 
2.336000 
2.336000 
2.346825 
2.374192 
2.410440 
2.447907 
2.478933 
2.506853 
2.536914 
2.564321 
2.584281 
2.592000 
2.576448 
2.533013 
2.466528 
2.381824 
2.283733 
2.066044 
1.691285 
1.267396 
0.902321 
0.704000 
0.630001 
0.567735 
0.519909 
0.489228 
0.478400 
0.498257 
0.545609 
0.602125 
0.649476 
0.669333 
0.669333 
0.669333 
0.669333 
0.669333 
0.669333 
0.676716 
0.695981 
0.722809 
0.752878 
0.781867 
0.816707 
0.860730 
0.904213 
0.937433 
0.950667 
0.936865 
0.900514 
0.849198 
0.790499 
0.732000 
0.656029 
0.555666 
0.454622 
0.376607 
0.345333 
0.345333 
0.345333 
0.345333 
0.345333 
0.345333 
0.316075 
0.246304 
0.163029 
0.093259 
0.064000 
0.064000 
0.064000 
0.064000 
0.064000 
0.064000 
0.064000 
0.064000 
0.064000 
0.064000 
0.064000 
0.064000 
0.064000 
0.064000 
0.064000 
0.064000 
0.070647 
0.087996 
0.112154 
0.139230 
0.165333 
0.196706 
0.236348 
0.275503 
0.305417 
0.317333 
0.317333 
0.317333 
0.317333 
0.317333 
0.317333 
0.303750 
0.270503 
0.228848 
0.190040 
0.165333 
0.151748 
0.139459 
0.129456 
0.122729 
0.120267 
0.143674 
0.199490 
0.266110 
0.321926 
0.345333 
0.345333 
0.345333 
0.345333 
0.345333 
0.345333 
0.345333 
0.345333 
0.345333 
0.345333 
0.345333 
0.345333 
0.345333 
0.345333 
0.345333 
0.345333 
0.324807 
0.274752 
0.212454 
0.155197 
0.120267 
0.102892 
0.087497 
0.075163 
0.066971 
0.064000 
0.064000 
0.064000 
0.064000 
0.064000 
0.064000 
0.064000 
0.064000 
0.064000 
0.064000 
0.064000 
0.066309 
0.072677 
0.082263 
0.094228 
0.107733 
0.134883 
0.179386 
0.227808 
0.266713 
0.282667 
0.282667 
0.282667 
0.282667 
0.282667 
0.282667 
0.282667 
0.282667 
0.282667 
0.282667 
0.282667 
0.280189 
0.273483 
0.263644 
0.251763 
0.238933 
0.217728 
0.185875 
0.152198 
0.125520 
0.114667 
0.135744 
0.186005 
0.245995 
0.296256 
0.317333 
0.317333 
0.317333 
0.317333 
0.317333 
0.317333 
0.310686 
0.293338 
0.269180 
0.242103 
0.216000 
0.184627 
0.144986 
0.105830 
0.075917 
0.064000 
0.077234 
0.110454 
0.153937 
0.197960 
0.232800 
0.261789 
0.291857 
0.318685 
0.337951 
0.345333 
0.345333 
0.345333 
0.345333 
0.345333 
0.345333 
0.363526 
0.406910 
0.458690 
0.502074 
0.520267 
0.519723 
0.518134 
0.515564 
0.512076 
0.507733 
0.481287 
0.425091 
0.359611 
0.305314 
0.282667 
0.282667 
0.282667 
0.282667 
0.282667 
0.282667 
0.266713 
0.227808 
0.179386 
0.134883 
0.107733 
0.094228 
0.082263 
0.072677 
0.066309 
0.064000 
0.064000 
0.064000 
0.064000 
0.064000 
0.064000 
0.064000 
0.064000 
0.064000 
0.064000 
0.064000 
0.064000 
0.064000 
0.064000 
0.064000 
0.064000 
0.082483 
0.127556 
0.183654 
0.235213 
0.266667 
0.280606 
0.291056 
0.299603 
0.307833 
0.317333 
0.330010 
0.344817 
0.358913 
0.369455 
0.373600 
0.370660 
0.363650 
0.355283 
0.348273 
0.345333 
0.345333 
0.345333 
0.345333 
0.345333 
0.345333 
0.345333 
0.345333 
0.345333 
0.345333 
0.345333 
0.349882 
0.360727 
0.373673 
0.384518 
0.389067 
0.385550 
0.376510 
0.364216 
0.350934 
0.338933 
0.326295 
0.311492 
0.297382 
0.286822 
0.282667 
0.282667 
0.282667 
0.282667 
0.282667 
0.282667 
0.280358 
0.273990 
0.264404 
0.252438 
0.238933 
0.211784 
0.167281 
0.118859 
0.079954 
0.064000 
0.064000 
0.064000 
0.064000 
0.064000 
0.064000 
0.064000 
0.064000 
0.064000 
0.064000 
0.064000 
0.064000 
0.064000 
0.064000 
0.064000 
0.064000 
0.078334 
0.115108 
0.164983 
0.218616 
0.266667 
0.311704 
0.359982 
0.407687 
0.451009 
0.486133 
0.516881 
0.547169 
0.573338 
0.591724 
0.598667 
0.572320 
0.509493 
0.434507 
0.371680 
0.345333 
0.401022 
0.533818 
0.692316 
0.825111 
0.880800 
0.880355 
0.879048 
0.876924 
0.874026 
0.870400 
0.844448 
0.788314 
0.722648 
0.668104 
0.645333 
0.645333 
0.645333 
0.645333 
0.645333 
0.645333 
0.628143 
0.586295 
0.534375 
0.486971 
0.458667 
0.447774 
0.440953 
0.435310 
0.427957 
0.416000 
0.369650 
0.281136 
0.180598 
0.098173 
0.064000 
0.068357 
0.080569 
0.099349 
0.123411 
0.151467 
0.220679 
0.342883 
0.478800 
0.589154 
0.634667 
0.634667 
0.634667 
0.634667 
0.634667 
0.634667 
0.625570 
0.603878 
0.577988 
0.556297 
0.547200 
0.566197 
0.611499 
0.665568 
0.710869 
0.729867 
0.721319 
0.698976 
0.667786 
0.632700 
0.598667 
0.559795 
0.512173 
0.463721 
0.422357 
0.396000 
0.383102 
0.374735 
0.367751 
0.359000 
0.345333 
0.305083 
0.233939 
0.154786 
0.090511 
0.064000 
0.064000 
0.064000 
0.064000 
0.064000 
0.064000 
0.064000 
0.064000 
0.064000 
0.064000 
0.064000 
0.064000 
0.064000 
0.064000 
0.064000 
0.064000 
0.064000 
0.064000 
0.064000 
0.064000 
0.064000 
0.064000 
0.064000 
0.064000 
0.064000 
0.064000 
0.064000 
0.064000 
0.064000 
0.064000 
0.064000 
0.064000 
0.064000 
0.064000 
0.064000 
0.064000 
0.064000 
0.064000 
0.064000 
0.064000 
0.064000 
0.066605 
0.074066 
0.085852 
0.101429 
0.120267 
0.178231 
0.290418 
0.425144 
0.550722 
0.635467 
0.688792 
0.738196 
0.779124 
0.807022 
0.817333 
0.817333 
0.817333 
0.817333 
0.817333 
0.817333 
0.799941 
0.755024 
0.693470 
0.626166 
0.564000 
0.495677 
0.413692 
0.334614 
0.275015 
0.251467 
0.272888 
0.324659 
0.388040 
0.444289 
0.474667 
0.483236 
0.488219 
0.492119 
0.497434 
0.506667 
0.565946 
0.689916 
0.833846 
0.953007 
1.002667 
0.994763 
0.975915 
0.953419 
0.934571 
0.926667 
0.939879 
0.971595 
1.009932 
1.043005 
1.058933 
1.061530 
1.063014 
1.064106 
1.065527 
1.068000 
1.075188 
1.088706 
1.106204 
1.125330 
1.143733 
1.165206 
1.191453 
1.216990 
1.236334 
1.244000 
1.242336 
1.238368 
1.233632 
1.229664 
1.228000 
1.235286 
1.254785 
1.282962 
1.316279 
1.351200 
1.401781 
1.473042 
1.547893 
1.609242 
1.640000 
1.649023 
1.656417 
1.661967 
1.665456 
1.666667 
1.621295 
1.512599 
1.381709 
1.269755 
1.217867 
1.211282 
1.207035 
1.203947 
1.200839 
1.196533 
1.190932 
1.184689 
1.177753 
1.170074 
1.161600 
1.152778 
1.143358 
1.132242 
1.118333 
1.100533 
1.066508 
1.011207 
0.944466 
0.876119 
0.816000 
0.761252 
0.705204 
0.651970 
0.605664 
0.570400 
0.542948 
0.518100 
0.497005 
0.480811 
0.470667 
0.464247 
0.458682 
0.454300 
0.451430 
0.450400 
0.468847 
0.513570 
0.568643 
0.618139 
0.646133 
0.655850 
0.662371 
0.667554 
0.673256 
0.681333 
0.695053 
0.713947 
0.734275 
0.752295 
0.764267 
0.770381 
0.774374 
0.777816 
0.782279 
0.789333 
0.811183 
0.851956 
0.901111 
0.948106 
0.982400 
1.001838 
1.014971 
1.027318 
1.044399 
1.071733 
1.316024 
1.848958 
2.473535 
2.992750 
3.209600 
3.069713 
2.736137 
2.337997 
2.004420 
1.864533 
1.867458 
1.876039 
1.889983 
1.909001 
1.932800 
2.102144 
2.468229 
2.896416 
3.252064 
3.400533 
3.192479 
2.687964 
2.066463 
1.507450 
1.190400 
1.066976 
0.967515 
0.889499 
0.830411 
0.787733 
0.753375 
0.722510 
0.697517 
0.680776 
0.674667 
0.680438 
0.695308 
0.715613 
0.737687 
0.757867 
0.779599 
0.805377 
0.830102 
0.848676 
0.856000 
0.846232 
0.821448 
0.788428 
0.753952 
0.724800 
0.698126 
0.669353 
0.642664 
0.622241 
0.612267 
0.609176 
0.606659 
0.604780 
0.603606 
0.603200 
0.605573 
0.612325 
0.622904 
0.636757 
0.653333 
0.697917 
0.781258 
0.881000 
0.974788 
1.040267 
1.077923 
1.106713 
1.131981 
1.159073 
1.193333 
1.241183 
1.300564 
1.364100 
1.424415 
1.474133 
1.518405 
1.563294 
1.602793 
1.630897 
1.641600 
1.624920 
1.581244 
1.520122 
1.451102 
1.383733 
1.307573 
1.214859 
1.119158 
1.034038 
0.973067 
0.928858 
0.887612 
0.853270 
0.829775 
0.821067 
0.908371 
1.116559 
1.365041 
1.573229 
1.660533 
1.618630 
1.511825 
1.368478 
1.216950 
1.085600 
0.957467 
0.813610 
0.679420 
0.580287 
0.541600 
0.562600 
0.614497 
0.680642 
0.744382 
0.789067 
0.812658 
0.828537 
0.843180 
0.863065 
0.894667 
1.086091 
1.485267 
1.948411 
2.331739 
2.491467 
2.301271 
1.847729 
1.306404 
0.852862 
0.662667 
0.669600 
0.686133 
0.705867 
0.722400 
0.729333 
0.726760 
0.720333 
0.711993 
0.703679 
0.697333 
0.692374 
0.687367 
0.682974 
0.679853 
0.678667 
0.699744 
0.750005 
0.809995 
0.860256 
0.881333 
0.879738 
0.875268 
0.868395 
0.859593 
0.849333 
0.825879 
0.784928 
0.738104 
0.697031 
0.673333 
0.662768 
0.653677 
0.646561 
0.641924 
0.640267 
0.688883 
0.804815 
0.943185 
1.059117 
1.107733 
1.092745 
1.052123 
0.992382 
0.920036 
0.841600 
0.709971 
0.510782 
0.299647 
0.132181 
0.064000 
0.064000 
0.064000 
0.064000 
0.064000 
0.064000 
0.064000 
0.064000 
0.064000 
0.064000 
0.064000 
0.064000 
0.064000 
0.064000 
0.064000 
0.064000 
0.064000 
0.064000 
0.064000 
0.064000 
0.064000 
0.074286 
0.100106 
0.133903 
0.168120 
0.195200 
0.217731 
0.241103 
0.261955 
0.276929 
0.282667 
0.282667 
0.282667 
0.282667 
0.282667 
0.282667 
0.311925 
0.381696 
0.464971 
0.534741 
0.564000 
0.550355 
0.517818 
0.478982 
0.446445 
0.432800 
0.436988 
0.447946 
0.463263 
0.480529 
0.497333 
0.514133 
0.532863 
0.553325 
0.575325 
0.598667 
