0.000000 
0.000000 
0.000000 
0.000000 
0.000000 
0.000000 
0.000000 
0.000000 
0.000000 
0.000000 
0.000000 
0.000000 
0.000000 
0.000000 
0.000000 
0.000000 
0.000000 
0.000000 
0.000000 
0.000000 
0.000000 
0.000000 
0.000000 
0.000000 
0.000000 
0.000000 
0.000000 
0.000000 
0.000000 
0.000000 
0.000000 
0.000000 
0.000000 
0.000000 
0.000000 
0.000000 
0.000000 
0.000000 
0.000000 
0.000000 
0.000000 
0.000000 
0.000000 
0.000000 
0.000000 
0.000000 
0.000000 
0.000000 
0.000000 
0.000000 
0.000000 
0.000000 
0.000000 
0.000000 
0.000000 
0.000000 
0.000000 
0.000000 
0.000000 
0.000000 
0.000000 
0.000000 
0.000000 
0.000000 
0.000000 
0.000000 
0.000000 
0.000000 
0.000000 
0.000000 
0.000000 
0.000000 
0.000000 
0.000000 
0.000000 
0.000000 
0.000000 
0.000000 
0.000000 
0.000000 
0.000000 
0.000000 
0.000000 
0.000000 
0.000000 
0.000000 
0.000000 
0.000000 
0.000000 
0.000000 
0.000000 
0.000000 
0.000000 
0.000000 
0.000000 
0.000000 
0.000000 
0.000000 
0.000000 
0.000000 
0.000000 
0.000000 
0.000000 
0.000000 
0.000000 
0.000000 
0.000000 
0.000000 
0.000000 
0.000000 
0.000000 
0.000000 
0.000000 
0.000000 
0.000000 
0.000000 
0.000000 
0.000000 
0.000000 
0.000000 
0.000000 
0.000000 
0.000000 
0.000000 
0.000000 
0.000000 
0.000000 
0.000000 
0.000000 
0.000000 
0.000000 
0.000000 
0.000000 
0.000000 
0.000000 
0.000000 
0.000000 
0.000000 
0.000000 
0.000000 
0.000000 
0.000000 
0.000000 
0.000000 
0.000000 
0.000000 
0.000000 
0.000000 
0.000000 
0.000000 
0.000000 
0.000000 
0.000000 
0.000000 
0.000000 
0.000000 
0.000000 
0.000000 
0.000000 
0.000000 
0.000000 
0.000000 
0.000000 
0.000000 
0.000000 
0.000000 
0.000000 
0.000000 
0.000000 
0.000000 
0.000000 
0.000000 
0.000000 
0.000000 
0.000000 
0.000000 
0.000000 
0.000000 
0.000000 
0.000000 
0.000000 
0.000000 
0.000000 
0.000000 
0.000000 
0.000000 
0.000000 
0.000000 
0.000000 
0.000000 
0.000000 
0.000000 
0.000000 
0.000000 
0.000000 
0.000000 
0.000000 
0.000000 
0.000000 
0.000000 
0.000000 
0.000000 
0.000000 
0.000000 
0.000000 
0.000000 
0.000000 
0.000000 
0.000000 
0.000000 
0.000000 
0.000000 
0.000000 
0.000000 
0.000000 
0.000000 
0.000000 
0.000000 
0.000000 
0.000000 
0.000000 
0.000000 
0.000000 
0.000000 
0.000000 
0.000000 
0.000000 
0.000000 
0.000000 
0.000000 
0.000000 
0.000000 
0.000000 
0.000000 
0.000000 
0.000000 
0.000000 
0.000000 
0.000000 
0.000000 
0.000000 
0.000000 
0.000000 
0.000000 
0.000000 
0.000000 
0.000000 
0.000000 
0.000000 
0.000000 
0.000000 
0.000000 
0.000000 
0.000000 
0.000000 
0.000000 
0.000000 
0.000000 
0.000000 
0.000000 
0.000000 
0.000000 
0.000000 
0.000000 
0.000000 
0.000000 
0.000000 
0.000000 
0.000000 
0.000000 
0.000000 
0.000000 
0.000000 
0.000000 
0.000000 
0.000000 
0.000000 
0.000000 
0.000000 
0.000000 
0.000000 
0.000000 
0.000000 
0.000000 
0.000000 
0.000000 
0.000000 
0.000000 
0.000000 
0.000000 
0.000000 
0.000000 
0.000000 
0.000000 
0.000000 
0.000000 
0.000000 
0.000000 
0.000000 
0.000000 
0.000000 
0.000000 
0.000000 
0.000000 
0.000000 
0.000000 
0.000000 
0.000000 
0.000000 
0.000000 
0.000000 
0.000000 
0.000000 
0.000000 
0.000000 
0.000000 
0.000000 
0.000000 
0.000000 
0.000000 
0.000000 
0.000000 
0.000000 
0.000000 
0.000000 
0.000000 
0.000000 
0.000000 
0.000000 
0.000000 
0.000000 
0.000000 
0.000000 
0.000000 
0.000000 
0.000000 
0.000000 
0.000000 
0.000000 
0.000000 
0.000000 
0.000000 
0.000000 
0.000000 
0.000000 
0.000000 
0.000000 
0.000000 
0.000000 
0.000000 
0.000000 
0.000000 
0.000000 
0.000000 
0.000000 
0.000000 
0.000000 
0.000000 
0.000000 
0.000000 
0.000000 
0.000000 
0.000000 
0.000000 
0.000000 
0.000000 
0.000000 
0.000000 
0.000000 
0.000000 
0.000000 
0.000000 
0.000000 
0.000000 
0.000000 
0.000000 
0.000000 
0.000000 
0.000000 
0.000000 
0.000000 
0.000000 
0.000000 
0.000000 
0.000000 
0.000000 
0.000000 
0.000000 
0.000000 
0.000000 
0.000000 
0.000000 
0.000000 
0.000000 
0.000000 
0.000000 
0.000000 
0.000000 
0.000000 
0.000000 
0.000000 
0.000000 
0.000000 
0.000000 
0.000000 
0.000000 
0.000000 
0.000000 
0.000000 
0.000000 
0.000000 
0.000000 
0.000000 
0.000000 
0.000000 
0.000000 
0.000000 
0.000000 
0.000000 
0.000000 
0.000000 
0.004689 
0.020198 
0.029094 
0.034497 
0.029415 
0.025311 
0.022500 
0.022374 
0.024539 
0.027042 
0.037743 
0.053922 
0.063606 
0.095738 
0.090155 
0.113784 
0.110244 
0.123951 
0.150627 
0.137848 
0.144268 
0.136671 
0.145851 
0.161787 
0.148719 
0.186804 
0.195358 
0.209498 
0.227249 
0.213727 
0.214768 
0.201781 
0.175447 
0.201582 
0.174748 
0.218713 
0.251630 
0.268957 
0.212392 
0.245407 
0.217795 
0.212240 
0.181283 
0.160972 
0.079068 
0.003100 
0.000000 
0.000000 
0.000000 
0.000000 
0.000000 
0.020192 
0.099812 
0.122291 
0.164716 
0.133816 
0.205015 
0.204874 
0.181276 
0.206465 
0.181956 
0.236852 
0.220058 
0.188784 
0.242820 
0.199345 
0.207868 
0.219052 
0.242806 
0.228899 
0.220441 
0.174343 
0.257130 
0.230839 
0.184329 
0.209095 
0.196314 
0.253151 
0.221899 
0.231909 
0.171868 
0.177162 
0.107471 
0.125410 
0.124337 
0.160345 
0.178417 
0.258884 
0.277984 
0.259963 
0.189343 
0.109100 
0.012632 
0.000000 
0.000000 
0.000000 
0.000000 
0.000000 
0.000000 
0.000000 
0.000000 
0.000000 
0.013374 
0.091254 
0.159480 
0.177703 
0.258880 
0.215908 
0.339815 
0.309839 
0.312945 
0.300490 
0.297972 
0.317162 
0.352491 
0.321803 
0.299482 
0.345178 
0.346055 
0.302941 
0.388800 
0.325420 
0.321078 
0.295061 
0.382723 
0.387804 
0.360690 
0.335240 
0.405729 
0.392801 
0.410546 
0.374376 
0.385941 
0.376823 
0.358649 
0.382574 
0.384950 
0.379291 
0.383902 
0.422398 
0.421908 
0.421224 
0.395306 
0.353729 
0.435490 
0.417719 
0.381330 
0.355762 
0.437236 
0.357164 
0.440757 
0.391152 
0.409630 
0.416777 
0.457466 
0.428522 
0.439908 
0.418082 
0.439048 
0.467213 
0.440031 
0.446443 
0.473725 
0.497491 
0.495011 
0.508746 
0.457404 
0.470699 
0.389949 
0.403029 
0.505991 
0.507235 
0.528929 
0.587572 
0.482305 
0.321937 
0.280981 
0.165292 
0.128511 
0.118922 
0.172040 
0.222455 
0.245029 
0.247044 
0.332288 
0.436846 
0.472364 
0.583788 
0.534134 
0.559617 
0.503732 
0.506714 
0.377725 
0.433106 
0.356908 
0.307595 
0.291142 
0.246749 
0.180159 
0.139187 
0.098832 
0.079149 
0.052853 
0.041384 
0.100115 
0.251540 
0.387299 
0.544014 
0.521831 
0.548328 
0.443072 
0.517639 
0.602591 
0.411586 
0.413269 
0.402817 
0.302092 
0.228111 
0.220559 
0.232836 
0.350212 
0.445908 
0.691976 
0.583786 
0.617726 
0.610853 
0.652333 
0.420499 
0.491702 
0.454115 
0.529245 
0.460769 
0.406597 
0.465577 
0.370986 
0.444252 
0.540452 
0.535292 
0.543265 
0.574497 
0.484408 
0.489846 
0.415931 
0.258609 
0.224458 
0.078071 
0.000000 
0.000000 
0.000000 
0.000000 
0.000000 
0.000000 
0.000000 
0.000000 
0.000000 
0.002087 
0.172208 
0.269053 
0.410993 
0.406580 
0.529652 
0.550986 
0.508570 
0.637361 
0.455261 
0.522673 
0.611824 
0.743949 
0.603546 
0.632326 
0.487395 
0.653927 
0.669204 
0.534379 
0.645610 
0.579399 
0.501351 
0.625996 
0.608837 
0.538113 
0.564455 
0.527752 
0.513786 
0.465053 
0.404891 
0.273014 
0.091644 
0.000000 
0.000000 
0.000000 
0.000000 
0.000000 
0.029489 
0.074010 
0.109435 
0.136689 
0.173972 
0.185275 
0.162489 
0.174276 
0.114588 
0.056492 
0.004374 
0.000000 
0.004985 
0.060320 
0.123827 
0.231030 
0.266712 
0.301064 
0.419524 
0.329754 
0.372361 
0.420518 
0.373421 
0.300364 
0.174274 
0.064710 
0.018059 
0.024934 
0.028132 
0.034676 
0.048017 
0.046023 
0.044965 
0.031910 
0.014905 
0.000810 
0.000000 
0.002898 
0.024320 
0.047196 
0.078137 
0.089027 
0.141369 
0.136460 
0.146537 
0.212613 
0.228107 
0.345655 
0.391450 
0.426172 
0.557793 
0.508588 
0.657758 
0.601858 
0.503001 
0.564128 
0.458699 
0.414423 
0.199266 
0.139560 
0.056879 
0.000000 
0.000000 
0.000000 
0.000000 
0.000000 
0.000000 
0.000000 
0.000000 
0.052626 
0.127005 
0.212936 
0.230165 
0.438708 
0.547683 
0.749958 
0.572263 
0.732629 
0.644558 
0.631794 
0.633610 
0.528899 
0.473457 
0.451464 
0.506717 
0.606644 
0.644473 
0.631696 
0.543335 
0.619428 
0.564839 
0.533565 
0.429618 
0.588055 
0.514559 
0.561195 
0.573677 
0.491173 
0.501266 
0.646148 
0.602787 
0.605418 
0.582329 
0.576803 
0.591647 
0.528778 
0.700407 
0.597094 
0.662421 
0.579705 
0.530528 
0.522520 
0.611119 
0.392829 
0.448325 
0.349217 
0.301289 
0.385348 
0.452787 
0.513608 
0.598615 
0.589109 
0.601590 
0.543116 
0.515435 
0.580558 
0.566067 
0.519907 
0.481938 
0.584900 
0.546523 
0.538650 
0.562520 
0.664556 
0.488799 
0.571005 
0.495364 
0.546307 
0.468042 
0.408294 
0.383486 
0.336105 
0.330861 
0.286108 
0.195226 
0.223794 
0.199886 
0.275405 
0.339518 
0.359627 
0.573789 
0.557432 
0.484533 
0.576950 
0.523038 
0.558144 
0.582191 
0.454565 
0.497076 
0.488934 
0.533237 
0.515846 
0.517531 
0.529157 
0.460305 
0.566635 
0.570300 
0.560959 
0.561073 
0.464264 
0.393207 
0.388576 
0.367946 
0.379071 
0.394567 
0.394303 
0.398996 
0.319161 
0.371865 
0.331377 
0.310107 
0.321771 
0.319147 
0.283224 
0.388153 
0.429086 
0.479238 
0.472945 
0.458583 
0.457648 
0.503292 
0.383822 
0.422014 
0.312686 
0.137510 
0.072796 
0.021145 
0.004839 
0.000000 
0.000000 
0.000000 
0.000000 
0.000000 
0.000000 
0.000000 
0.000000 
0.000000 
0.000000 
0.000000 
0.000000 
0.000000 
0.011546 
0.029671 
0.065406 
0.113520 
0.161526 
0.181982 
0.274133 
0.245139 
0.380289 
0.419531 
0.519585 
0.399174 
0.402905 
0.431791 
0.335165 
0.247463 
0.260607 
0.211497 
0.211438 
0.194694 
0.173604 
0.142241 
0.134091 
0.111727 
0.115787 
0.112737 
0.140897 
0.125255 
0.181239 
0.193376 
0.221171 
0.281668 
0.299558 
0.378284 
0.421254 
0.426289 
0.462826 
0.456915 
0.407010 
0.428480 
0.457763 
0.374632 
0.334981 
0.322166 
0.244641 
0.215924 
0.240371 
0.255407 
0.257957 
0.199522 
0.189255 
0.235243 
0.192874 
0.219982 
0.247134 
0.212805 
0.256481 
0.237204 
0.268267 
0.316603 
0.328184 
0.315806 
0.358098 
0.312301 
0.253043 
0.354071 
0.245289 
0.306854 
0.216791 
0.159984 
0.157479 
0.159238 
0.208274 
0.280286 
0.272753 
0.177391 
0.254098 
0.240910 
0.182056 
0.109989 
0.102576 
0.102969 
0.116103 
0.119843 
0.148795 
0.146834 
0.126352 
0.154359 
0.112256 
0.133630 
0.138052 
0.139527 
0.141100 
0.135694 
0.113562 
0.109401 
0.081416 
0.099213 
0.090728 
0.068574 
0.084940 
0.063413 
0.046074 
0.039380 
0.031010 
0.025409 
0.013225 
0.007379 
0.000572 
0.000000 
0.000000 
0.000000 
0.000000 
0.000000 
0.000000 
0.000000 
0.000000 
0.000000 
0.000000 
0.000000 
0.000000 
0.000000 
0.000000 
0.000000 
0.000000 
0.000000 
0.000000 
0.000000 
0.000000 
0.000000 
0.000000 
0.000000 
0.000000 
0.000000 
0.000000 
0.000000 
0.000000 
0.000000 
0.000000 
0.002118 
0.004430 
0.007459 
0.011330 
0.018154 
0.017869 
0.020463 
0.023378 
0.025948 
0.022654 
0.030053 
0.026696 
0.028059 
0.029193 
0.022215 
0.024891 
0.024919 
0.025095 
0.036063 
0.045354 
0.049504 
0.064953 
0.054221 
0.067577 
0.074586 
0.059777 
0.059893 
0.092981 
0.121455 
0.137673 
0.182204 
0.270228 
0.195998 
0.212677 
0.217478 
0.155779 
0.181766 
0.166003 
0.165202 
0.115200 
0.093115 
0.088962 
0.078804 
0.081295 
0.074216 
0.075043 
0.071949 
0.054696 
0.052338 
0.039840 
0.026839 
0.016208 
0.012419 
0.007466 
0.003416 
0.000506 
0.000000 
0.000000 
0.000000 
0.000000 
0.000000 
0.000000 
0.000000 
0.000000 
0.000000 
0.000000 
0.000445 
0.000008 
0.000000 
0.000000 
0.000000 
0.000000 
0.000000 
0.000000 
0.000000 
0.000000 
0.000000 
0.000000 
0.000000 
0.000000 
0.001189 
0.002226 
0.002045 
0.000173 
0.000000 
0.000000 
0.000000 
0.000000 
0.000000 
0.000000 
0.000000 
0.000000 
0.000000 
0.000000 
0.000000 
0.000000 
0.000000 
0.000000 
0.000000 
0.000000 
0.000000 
0.000000 
0.000000 
0.000000 
0.000000 
0.000000 
0.000000 
0.000000 
0.000000 
0.000000 
0.000000 
0.000000 
0.000000 
0.000000 
0.000000 
0.000000 
0.000000 
0.000000 
0.000000 
0.000000 
0.000000 
0.000000 
0.000000 
0.000000 
0.000000 
0.000000 
0.000000 
0.000000 
0.000000 
0.000000 
0.000000 
0.000000 
0.000000 
0.000000 
0.000000 
0.000000 
0.000000 
0.000000 
0.000000 
0.000000 
0.000000 
0.000000 
0.000000 
0.000000 
0.000000 
0.000000 
0.000000 
0.000000 
0.000000 
0.000000 
0.000000 
0.000000 
0.000000 
0.000000 
0.000000 
0.000000 
0.000000 
0.000000 
0.000000 
0.000000 
0.000000 
0.000000 
0.000000 
0.000000 
0.000000 
0.000000 
0.000000 
0.000000 
0.000000 
0.000000 
0.000000 
0.000000 
0.000000 
0.000000 
0.000000 
0.000000 
0.000000 
0.000000 
0.000000 
0.000000 
0.000000 
0.000000 
0.000000 
0.000000 
0.000000 
0.000000 
0.000000 
0.000000 
0.000000 
0.000000 
0.000000 
0.000000 
0.000000 
0.000000 
0.000000 
0.000000 
0.000000 
0.000000 
0.000000 
0.000000 
0.000000 
0.000000 
0.000000 
0.000000 
0.000000 
0.000000 
0.000000 
0.000000 
0.000000 
0.000000 
0.000000 
0.000000 
0.000000 
0.000000 
0.000000 
0.000000 
0.000000 
0.000000 
0.000000 
0.000000 
0.000000 
0.000000 
0.000000 
0.000000 
0.000000 
0.000000 
0.000000 
0.000000 
0.000000 
0.000000 
0.000000 
0.000000 
0.000000 
0.000000 
0.000000 
0.000000 
0.000000 
0.000000 
0.000000 
0.000000 
0.000000 
0.000000 
0.000000 
0.000000 
0.000000 
0.000000 
0.000000 
0.000000 
0.000000 
0.000000 
0.000000 
0.000000 
0.000000 
0.000000 
0.000000 
0.000000 
0.000000 
0.000000 
0.000000 
0.000000 
0.000000 
0.000000 
0.000000 
0.000000 
0.000000 
0.000000 
0.000000 
0.000000 
0.000000 
0.000000 
0.000000 
0.000000 
0.000000 
0.000000 
0.000000 
0.000000 
0.000000 
0.000000 
0.000000 
0.000000 
0.000000 
0.000000 
0.000000 
0.000000 
0.000000 
0.000000 
0.000000 
0.000000 
0.000000 
0.000000 
0.000000 
0.000000 
0.000000 
0.000000 
0.000000 
0.000000 
0.000000 
0.000000 
0.000000 
0.000000 
0.000000 
0.000000 
0.000000 
0.000000 
0.000000 
0.000000 
0.000000 
0.000000 
0.000000 
0.000000 
0.000000 
0.000000 
0.000000 
0.000000 
0.000000 
0.000000 
0.000000 
0.000000 
0.000000 
0.000000 
0.000000 
0.000000 
0.000000 
0.000000 
0.000000 
0.000000 
0.000000 
0.000000 
0.000000 
0.000000 
0.000000 
0.000000 
0.000000 
0.000000 
0.000000 
0.000000 
0.000000 
0.000000 
0.000000 
0.000000 
0.000000 
0.000000 
0.000000 
0.000000 
0.000000 
0.000000 
0.000000 
0.000000 
0.000000 
0.000000 
0.000000 
0.000000 
0.000000 
0.000000 
0.000000 
0.000000 
0.000000 
0.000000 
0.000000 
0.000000 
0.000000 
0.000000 
0.000000 
0.000000 
0.000000 
0.000000 
0.000000 
0.000000 
0.000000 
0.000000 
0.000000 
0.000000 
0.000000 
0.000000 
0.000000 
0.000000 
0.000000 
