0.000000 
0.000000 
0.000000 
0.000000 
0.000000 
0.000000 
0.000000 
0.000000 
0.000000 
0.000000 
0.000000 
0.000000 
0.000000 
0.000000 
0.000000 
0.000000 
0.000000 
0.000000 
0.000000 
0.000000 
0.000000 
0.000000 
0.000000 
0.000000 
0.000000 
0.000000 
0.000000 
0.000000 
0.000000 
0.000000 
0.000000 
0.000000 
0.000000 
0.000000 
0.000000 
0.000000 
0.000000 
0.000000 
0.000000 
0.000000 
0.000000 
0.000000 
0.000000 
0.000000 
0.000000 
0.000000 
0.000000 
0.000000 
0.000000 
0.000000 
0.000000 
0.000000 
0.000000 
0.000000 
0.000000 
0.000000 
0.000000 
0.000000 
0.000000 
0.000000 
0.000000 
0.000000 
0.000000 
0.000000 
0.000000 
0.000000 
0.000000 
0.000000 
0.000000 
0.000000 
0.000000 
0.000000 
0.000000 
0.000000 
0.000000 
0.000000 
0.000000 
0.000000 
0.000000 
0.000000 
0.000000 
0.000000 
0.000000 
0.000000 
0.000000 
0.000000 
0.000000 
0.000000 
0.000000 
0.000000 
0.000000 
0.000000 
0.000000 
0.000000 
0.000000 
0.000000 
0.000000 
0.000000 
0.000000 
0.000000 
0.000000 
0.000000 
0.000000 
0.000000 
0.000000 
0.000000 
0.000000 
0.000000 
0.000000 
0.000000 
0.000000 
0.000000 
0.000000 
0.000000 
0.000000 
0.000000 
0.000000 
0.000000 
0.000000 
0.000000 
0.000000 
0.000000 
0.000000 
0.000000 
0.000000 
0.000000 
0.000000 
0.000000 
0.000000 
0.000000 
0.000000 
0.000000 
0.000000 
0.000000 
0.000000 
0.000000 
0.000000 
0.000000 
0.000000 
0.000000 
0.000000 
0.000000 
0.000000 
0.000000 
0.000000 
0.000000 
0.000000 
0.000000 
0.000000 
0.000000 
0.000000 
0.000000 
0.000000 
0.000000 
0.000000 
0.000000 
0.000000 
0.000000 
0.000000 
0.000000 
0.000000 
0.000000 
0.000000 
0.000000 
0.000000 
0.000000 
0.000000 
0.000000 
0.000000 
0.000000 
0.000000 
0.000000 
0.000000 
0.000000 
0.000000 
0.000000 
0.000000 
0.000000 
0.000000 
0.000000 
0.000000 
0.000000 
0.000000 
0.000000 
0.000000 
0.000000 
0.000000 
0.000000 
0.000000 
0.000000 
0.000000 
0.000000 
0.000000 
0.000000 
0.000000 
0.000000 
0.000000 
0.000000 
0.000000 
0.000000 
0.000000 
0.000000 
0.000000 
0.000000 
0.000000 
0.000000 
0.000000 
0.000000 
0.000000 
0.000000 
0.000000 
0.000000 
0.000000 
0.000000 
0.000000 
0.000000 
0.000000 
0.000000 
0.000000 
0.000000 
0.000000 
0.000000 
0.000000 
0.000000 
0.000000 
0.000000 
0.000000 
0.000000 
0.000000 
0.000000 
0.000000 
0.000000 
0.000000 
0.000000 
0.000000 
0.000000 
0.000000 
0.000000 
0.000000 
0.000000 
0.000000 
0.000000 
0.000000 
0.000000 
0.000000 
0.000000 
0.000000 
0.000000 
0.000000 
0.000000 
0.000000 
0.000000 
0.000000 
0.000000 
0.000000 
0.000000 
0.000000 
0.000000 
0.000000 
0.000000 
0.000000 
0.000000 
0.000000 
0.000000 
0.000000 
0.000000 
0.000000 
0.000000 
0.000000 
0.000000 
0.000000 
0.000000 
0.000000 
0.000000 
0.000000 
0.000000 
0.000000 
0.000000 
0.000000 
0.000000 
0.000000 
0.000000 
0.000000 
0.000000 
0.000000 
0.000000 
0.000000 
0.000000 
0.000000 
0.000000 
0.000000 
0.000000 
0.000000 
0.000000 
0.000000 
0.000000 
0.000000 
0.000000 
0.000000 
0.000000 
0.000000 
0.000000 
0.000000 
0.000000 
0.000000 
0.000000 
0.000000 
0.000000 
0.000000 
0.000000 
0.000000 
0.000000 
0.000000 
0.000000 
0.000000 
0.000000 
0.000000 
0.000000 
0.000000 
0.000000 
0.000000 
0.000000 
0.000000 
0.000000 
0.000000 
0.000000 
0.000000 
0.000000 
0.000000 
0.000000 
0.000000 
0.000000 
0.000000 
0.000000 
0.000000 
0.000000 
0.000000 
0.000000 
0.000000 
0.000000 
0.000000 
0.000000 
0.000000 
0.000000 
0.000000 
0.000000 
0.000000 
0.000000 
0.000000 
0.000000 
0.000000 
0.000000 
0.000000 
0.000000 
0.000000 
0.000000 
0.000000 
0.000000 
0.000000 
0.000000 
0.000000 
0.000000 
0.000000 
0.000000 
0.000000 
0.000000 
0.000000 
0.000000 
0.000000 
0.000000 
0.000000 
0.000000 
0.000000 
0.000000 
0.000000 
0.000000 
0.000000 
0.000000 
0.000000 
0.000000 
0.000000 
0.000000 
0.000000 
0.000000 
0.000000 
0.000000 
0.000000 
0.000000 
0.000000 
0.000000 
0.000000 
0.000000 
0.000000 
0.000000 
0.000000 
0.000000 
0.000000 
0.000000 
0.000000 
0.000000 
0.000000 
0.000000 
0.000000 
0.000000 
0.000000 
0.000000 
0.000000 
0.000000 
0.000000 
0.000000 
0.000000 
0.000000 
0.000000 
0.000000 
0.000000 
0.000000 
0.000000 
0.000000 
0.000000 
0.000000 
0.000000 
0.002748 
0.008791 
0.015170 
0.013998 
0.017215 
0.015738 
0.012960 
0.007727 
0.011288 
0.016475 
0.018812 
0.025749 
0.035938 
0.042237 
0.050738 
0.055699 
0.075309 
0.064112 
0.061108 
0.056758 
0.066260 
0.059496 
0.073538 
0.071242 
0.087426 
0.080159 
0.100193 
0.088798 
0.103404 
0.094622 
0.083028 
0.085944 
0.105996 
0.107682 
0.126090 
0.112368 
0.114629 
0.116348 
0.131075 
0.124311 
0.118088 
0.090932 
0.091850 
0.061593 
0.038643 
0.001724 
0.000000 
0.000000 
0.000000 
0.000000 
0.000000 
0.012902 
0.047819 
0.075952 
0.089611 
0.080014 
0.096379 
0.098257 
0.100113 
0.114058 
0.088807 
0.088224 
0.102833 
0.095648 
0.119057 
0.098728 
0.104548 
0.103607 
0.102150 
0.090128 
0.096710 
0.111092 
0.087636 
0.111622 
0.109619 
0.126309 
0.116406 
0.120019 
0.112951 
0.114480 
0.109214 
0.081453 
0.072764 
0.061677 
0.076925 
0.095271 
0.112189 
0.152518 
0.147575 
0.138834 
0.085419 
0.057035 
0.006902 
0.000000 
0.000000 
0.000000 
0.000000 
0.000000 
0.000000 
0.000000 
0.000000 
0.000000 
0.007620 
0.047761 
0.078296 
0.105202 
0.112905 
0.149670 
0.160110 
0.181415 
0.198966 
0.173232 
0.149868 
0.164942 
0.153661 
0.184770 
0.162913 
0.193946 
0.164090 
0.146800 
0.157325 
0.145017 
0.163656 
0.196048 
0.189930 
0.176068 
0.158315 
0.195643 
0.211692 
0.182116 
0.160305 
0.159972 
0.191537 
0.175272 
0.176558 
0.197600 
0.234821 
0.192191 
0.216344 
0.228591 
0.188219 
0.212976 
0.212315 
0.183820 
0.192924 
0.233792 
0.189762 
0.188519 
0.190146 
0.180799 
0.190079 
0.229529 
0.255916 
0.243772 
0.163565 
0.215661 
0.193580 
0.216480 
0.201646 
0.280237 
0.217420 
0.235727 
0.211780 
0.214316 
0.260298 
0.221554 
0.191944 
0.231247 
0.227604 
0.204043 
0.255318 
0.205123 
0.263561 
0.268251 
0.253917 
0.184993 
0.138090 
0.089301 
0.060105 
0.081452 
0.083155 
0.093830 
0.098857 
0.158829 
0.162999 
0.205070 
0.268327 
0.295213 
0.264466 
0.237792 
0.264473 
0.280549 
0.257716 
0.191958 
0.189759 
0.184424 
0.139677 
0.133416 
0.097998 
0.081052 
0.048189 
0.038662 
0.026311 
0.019549 
0.042227 
0.113019 
0.199605 
0.237659 
0.264974 
0.305953 
0.273673 
0.281284 
0.288340 
0.229043 
0.229806 
0.156001 
0.147357 
0.127007 
0.097570 
0.125199 
0.165549 
0.248497 
0.293982 
0.260301 
0.272082 
0.322045 
0.303185 
0.239970 
0.281931 
0.251396 
0.235690 
0.209465 
0.236369 
0.227380 
0.226572 
0.233732 
0.279838 
0.234552 
0.258605 
0.266102 
0.232862 
0.203282 
0.158774 
0.143057 
0.105223 
0.041155 
0.000000 
0.000000 
0.000000 
0.000000 
0.000000 
0.000000 
0.000000 
0.000000 
0.000000 
0.000957 
0.062889 
0.131107 
0.173532 
0.196578 
0.238636 
0.253196 
0.318068 
0.257677 
0.276689 
0.265004 
0.282612 
0.242717 
0.333388 
0.285127 
0.327166 
0.285208 
0.296263 
0.291686 
0.268652 
0.313564 
0.314584 
0.245525 
0.298448 
0.311837 
0.319196 
0.274657 
0.285599 
0.261720 
0.230982 
0.158838 
0.052558 
0.000000 
0.000000 
0.000000 
0.000000 
0.000000 
0.014819 
0.034257 
0.051190 
0.075823 
0.079147 
0.095831 
0.109391 
0.107788 
0.071896 
0.029505 
0.002261 
0.000000 
0.002138 
0.032626 
0.074320 
0.105554 
0.135184 
0.151227 
0.175483 
0.194747 
0.195121 
0.249250 
0.215323 
0.143931 
0.102333 
0.027369 
0.008905 
0.010119 
0.017120 
0.020988 
0.021088 
0.030199 
0.021155 
0.013996 
0.006763 
0.000316 
0.000000 
0.001332 
0.013194 
0.018521 
0.046854 
0.059968 
0.056707 
0.075685 
0.084948 
0.096269 
0.102459 
0.141346 
0.203856 
0.231668 
0.235888 
0.303775 
0.243291 
0.230126 
0.222201 
0.248468 
0.215372 
0.225543 
0.115654 
0.073316 
0.025106 
0.000000 
0.000000 
0.000000 
0.000000 
0.000000 
0.000000 
0.000000 
0.000000 
0.025952 
0.069918 
0.100300 
0.175897 
0.236745 
0.222195 
0.324975 
0.333063 
0.333678 
0.426926 
0.296780 
0.313646 
0.301474 
0.308986 
0.269975 
0.317744 
0.309733 
0.245237 
0.228653 
0.335102 
0.294898 
0.284053 
0.256638 
0.269006 
0.294728 
0.264010 
0.308727 
0.298394 
0.270464 
0.319790 
0.319281 
0.322865 
0.328616 
0.326436 
0.293259 
0.354152 
0.263834 
0.290879 
0.254637 
0.269827 
0.284708 
0.318001 
0.304110 
0.238390 
0.209139 
0.207739 
0.208322 
0.143585 
0.232530 
0.206484 
0.278607 
0.238225 
0.263900 
0.282742 
0.288311 
0.302994 
0.277452 
0.235224 
0.263415 
0.300354 
0.287592 
0.296252 
0.301558 
0.284385 
0.321236 
0.285295 
0.283994 
0.275051 
0.288552 
0.221529 
0.252669 
0.189003 
0.153190 
0.157785 
0.107046 
0.129726 
0.109685 
0.128873 
0.129915 
0.175830 
0.200581 
0.247889 
0.281631 
0.254878 
0.292936 
0.258995 
0.262309 
0.274899 
0.227141 
0.274267 
0.231239 
0.212061 
0.223101 
0.169301 
0.245794 
0.242199 
0.291976 
0.309635 
0.274757 
0.243643 
0.229908 
0.200492 
0.196779 
0.218502 
0.228314 
0.212038 
0.162266 
0.192952 
0.211214 
0.147944 
0.190546 
0.148064 
0.174506 
0.167444 
0.167703 
0.169929 
0.204586 
0.250781 
0.251324 
0.188850 
0.208188 
0.242142 
0.220293 
0.196219 
0.129176 
0.089596 
0.034327 
0.008389 
0.002346 
0.000000 
0.000000 
0.000000 
0.000000 
0.000000 
0.000000 
0.000000 
0.000000 
0.000000 
0.000000 
0.000000 
0.000000 
0.000000 
0.006403 
0.013207 
0.032538 
0.055046 
0.073112 
0.099707 
0.117468 
0.149099 
0.203845 
0.191983 
0.179111 
0.186164 
0.181373 
0.186360 
0.157750 
0.137541 
0.124966 
0.107881 
0.090564 
0.075911 
0.067897 
0.054677 
0.063626 
0.067009 
0.068654 
0.065049 
0.059140 
0.061785 
0.084553 
0.087153 
0.116362 
0.103993 
0.154834 
0.183111 
0.218775 
0.191196 
0.216124 
0.262917 
0.232362 
0.211322 
0.202056 
0.191051 
0.200542 
0.171556 
0.147089 
0.116000 
0.125008 
0.097527 
0.105238 
0.107300 
0.103138 
0.093648 
0.104760 
0.122609 
0.101667 
0.109091 
0.107562 
0.144362 
0.140467 
0.163053 
0.162178 
0.141783 
0.172097 
0.165797 
0.178624 
0.151503 
0.177107 
0.133259 
0.109236 
0.084311 
0.085438 
0.092922 
0.095531 
0.119327 
0.119861 
0.125275 
0.138140 
0.110264 
0.110455 
0.074310 
0.051124 
0.064201 
0.059109 
0.063272 
0.067396 
0.075820 
0.066207 
0.057035 
0.065577 
0.075706 
0.059796 
0.077615 
0.062896 
0.071727 
0.053457 
0.057113 
0.066721 
0.048917 
0.041326 
0.044669 
0.034383 
0.029552 
0.022212 
0.020023 
0.016229 
0.010768 
0.006667 
0.003971 
0.000248 
0.000000 
0.000000 
0.000000 
0.000000 
0.000000 
0.000000 
0.000000 
0.000000 
0.000000 
0.000000 
0.000000 
0.000000 
0.000000 
0.000000 
0.000000 
0.000000 
0.000000 
0.000000 
0.000000 
0.000000 
0.000000 
0.000000 
0.000000 
0.000000 
0.000000 
0.000000 
0.000000 
0.000000 
0.000000 
0.000000 
0.000912 
0.002514 
0.004862 
0.007489 
0.008406 
0.008643 
0.009675 
0.013101 
0.012590 
0.012327 
0.015268 
0.012977 
0.011832 
0.013292 
0.013081 
0.011763 
0.012628 
0.012809 
0.016001 
0.022009 
0.022304 
0.030095 
0.039382 
0.037081 
0.035206 
0.032651 
0.031804 
0.051156 
0.063288 
0.088833 
0.105287 
0.103480 
0.094282 
0.114486 
0.110247 
0.108187 
0.085806 
0.090437 
0.067857 
0.060320 
0.048694 
0.044854 
0.035275 
0.036764 
0.033633 
0.030931 
0.034085 
0.023941 
0.021028 
0.016642 
0.010009 
0.004717 
0.001904 
0.000000 
0.000000 
0.000000 
0.000000 
0.000000 
0.000000 
0.000000 
0.000000 
0.000000 
0.000000 
0.000000 
0.000000 
0.000000 
0.000000 
0.000000 
0.000000 
0.000000 
0.000000 
0.000000 
0.000000 
0.000000 
0.000000 
0.000000 
0.000000 
0.000000 
0.000000 
0.000000 
0.000000 
0.000000 
0.000000 
0.000000 
0.000000 
0.000000 
0.000000 
0.000000 
0.000000 
0.000000 
0.000000 
0.000000 
0.000000 
0.000000 
0.000000 
0.000000 
0.000000 
0.000000 
0.000000 
0.000000 
0.000000 
0.000000 
0.000000 
0.000000 
0.000000 
0.000000 
0.000000 
0.000000 
0.000000 
0.000000 
0.000000 
0.000000 
0.000000 
0.000000 
0.000000 
0.000000 
0.000000 
0.000000 
0.000000 
0.000000 
0.000000 
0.000000 
0.000000 
0.000000 
0.000000 
0.000000 
0.000000 
0.000000 
0.000000 
0.000000 
0.000000 
0.000000 
0.000000 
0.000000 
0.000000 
0.000000 
0.000000 
0.000000 
0.000000 
0.000000 
0.000000 
0.000000 
0.000000 
0.000000 
0.000000 
0.000000 
0.000000 
0.000000 
0.000000 
0.000000 
0.000000 
0.000000 
0.000000 
0.000000 
0.000000 
0.000000 
0.000000 
0.000000 
0.000000 
0.000000 
0.000000 
0.000000 
0.000000 
0.000000 
0.000000 
0.000000 
0.000000 
0.000000 
0.000000 
0.000000 
0.000000 
0.000000 
0.000000 
0.000000 
0.000000 
0.000000 
0.000000 
0.000000 
0.000000 
0.000000 
0.000000 
0.000000 
0.000000 
0.000000 
0.000000 
0.000000 
0.000000 
0.000000 
0.000000 
0.000000 
0.000000 
0.000000 
0.000000 
0.000000 
0.000000 
0.000000 
0.000000 
0.000000 
0.000000 
0.000000 
0.000000 
0.000000 
0.000000 
0.000000 
0.000000 
0.000000 
0.000000 
0.000000 
0.000000 
0.000000 
0.000000 
0.000000 
0.000000 
0.000000 
0.000000 
0.000000 
0.000000 
0.000000 
0.000000 
0.000000 
0.000000 
0.000000 
0.000000 
0.000000 
0.000000 
0.000000 
0.000000 
0.000000 
0.000000 
0.000000 
0.000000 
0.000000 
0.000000 
0.000000 
0.000000 
0.000000 
0.000000 
0.000000 
0.000000 
0.000000 
0.000000 
0.000000 
0.000000 
0.000000 
0.000000 
0.000000 
0.000000 
0.000000 
0.000000 
0.000000 
0.000000 
0.000000 
0.000000 
0.000000 
0.000000 
0.000000 
0.000000 
0.000000 
0.000000 
0.000000 
0.000000 
0.000000 
0.000000 
0.000000 
0.000000 
0.000000 
0.000000 
0.000000 
0.000000 
0.000000 
0.000000 
0.000000 
0.000000 
0.000000 
0.000000 
0.000000 
0.000000 
0.000000 
0.000000 
0.000000 
0.000000 
0.000000 
0.000000 
0.000000 
0.000000 
0.000000 
0.000000 
0.000000 
0.000000 
0.000000 
0.000000 
0.000000 
0.000000 
0.000000 
0.000000 
0.000000 
0.000000 
0.000000 
0.000000 
0.000000 
0.000000 
0.000000 
0.000000 
0.000000 
0.000000 
0.000000 
0.000000 
0.000000 
0.000000 
0.000000 
0.000000 
0.000000 
0.000000 
0.000000 
0.000000 
0.000000 
0.000000 
0.000000 
0.000000 
0.000000 
0.000000 
0.000000 
0.000000 
0.000000 
0.000000 
0.000000 
0.000000 
0.000000 
0.000000 
0.000000 
0.000000 
0.000000 
0.000000 
0.000000 
0.000000 
0.000000 
0.000000 
0.000000 
0.000000 
0.000000 
0.000000 
0.000000 
0.000000 
0.000000 
0.000000 
0.000000 
0.000000 
0.000000 
0.000000 
0.000000 
0.000000 
0.000000 
0.000000 
0.000000 
0.000000 
0.000000 
0.000000 
0.000000 
0.000000 
0.000000 
0.000000 
0.000000 
0.000000 
0.000000 
0.000000 
0.000000 
0.000000 
0.000000 
0.000000 
0.000000 
0.000000 
0.000000 
0.000000 
0.000000 
0.000000 
0.000000 
0.000000 
