0.000000 
0.000000 
0.000000 
0.000000 
0.000000 
0.000000 
0.000000 
0.000000 
0.000000 
0.000000 
0.000000 
0.000000 
0.000000 
0.000000 
0.000000 
0.000000 
0.000000 
0.000000 
0.000000 
0.000000 
0.000000 
0.000000 
0.000000 
0.000000 
0.000000 
0.000000 
0.000000 
0.000000 
0.000000 
0.000000 
0.000000 
0.000000 
0.000000 
0.000000 
0.000000 
0.000000 
0.000000 
0.000000 
0.000000 
0.000000 
0.000000 
0.000000 
0.000000 
0.000000 
0.000000 
0.000000 
0.000000 
0.000000 
0.000000 
0.000000 
0.000000 
0.000000 
0.000000 
0.000000 
0.000000 
0.000000 
0.000000 
0.000000 
0.000000 
0.000000 
0.000000 
0.000000 
0.000000 
0.000000 
0.000000 
0.000000 
0.000000 
0.000000 
0.000000 
0.000000 
0.000000 
0.000000 
0.000000 
0.000000 
0.000000 
0.000000 
0.000000 
0.000000 
0.000000 
0.000000 
0.000000 
0.000000 
0.000000 
0.000000 
0.000000 
0.000000 
0.000000 
0.000000 
0.000000 
0.000000 
0.000000 
0.000000 
0.000000 
0.000000 
0.000000 
0.000000 
0.000000 
0.000000 
0.000000 
0.000000 
0.000000 
0.000000 
0.000000 
0.000000 
0.000000 
0.000000 
0.000000 
0.000000 
0.000000 
0.000000 
0.000000 
0.000000 
0.000000 
0.000000 
0.000000 
0.000000 
0.000000 
0.000000 
0.000000 
0.000000 
0.000000 
0.000000 
0.000000 
0.000000 
0.000000 
0.000000 
0.000000 
0.000000 
0.000000 
0.000000 
0.000000 
0.000000 
0.000000 
0.000000 
0.000000 
0.000000 
0.000000 
0.000000 
0.000000 
0.000000 
0.000000 
0.000000 
0.000000 
0.000000 
0.000000 
0.000000 
0.000000 
0.000000 
0.000000 
0.000000 
0.000000 
0.000000 
0.000000 
0.000000 
0.000000 
0.000000 
0.000000 
0.000000 
0.000000 
0.000000 
0.000000 
0.000000 
0.000000 
0.000000 
0.000000 
0.000000 
0.000000 
0.000000 
0.000000 
0.000000 
0.000000 
0.000000 
0.000000 
0.000000 
0.000000 
0.000000 
0.000000 
0.000000 
0.000000 
0.000000 
0.000000 
0.000000 
0.000000 
0.000000 
0.000000 
0.000000 
0.000000 
0.000000 
0.000000 
0.000000 
0.000000 
0.000000 
0.000000 
0.000000 
0.000000 
0.000000 
0.000000 
0.000000 
0.000000 
0.000000 
0.000000 
0.000000 
0.000000 
0.000000 
0.000000 
0.000000 
0.000000 
0.000000 
0.000000 
0.000000 
0.000000 
0.000000 
0.000000 
0.000000 
0.000000 
0.000000 
0.000000 
0.000000 
0.000000 
0.000000 
0.000000 
0.000000 
0.000000 
0.000000 
0.000000 
0.000000 
0.000000 
0.000000 
0.000000 
0.000000 
0.000000 
0.000000 
0.000000 
0.000000 
0.000000 
0.000000 
0.000000 
0.000000 
0.000000 
0.000000 
0.000000 
0.000000 
0.000000 
0.000000 
0.000000 
0.000000 
0.000000 
0.000000 
0.000000 
0.000000 
0.000000 
0.000000 
0.000000 
0.000000 
0.000000 
0.000000 
0.000000 
0.000000 
0.000000 
0.000000 
0.000000 
0.000000 
0.000000 
0.000000 
0.000000 
0.000000 
0.000000 
0.000000 
0.000000 
0.000000 
0.000000 
0.000000 
0.000000 
0.000000 
0.000000 
0.000000 
0.000000 
0.000000 
0.000000 
0.000000 
0.000000 
0.000000 
0.000000 
0.000000 
0.000000 
0.000000 
0.000000 
0.000000 
0.000000 
0.000000 
0.000000 
0.000000 
0.000000 
0.000000 
0.000000 
0.000000 
0.000000 
0.000000 
0.000000 
0.000000 
0.000000 
0.000000 
0.000000 
0.000000 
0.000000 
0.000000 
0.000000 
0.000000 
0.000000 
0.000000 
0.000000 
0.000000 
0.000000 
0.000000 
0.000000 
0.000000 
0.000000 
0.000000 
0.000000 
0.000000 
0.000000 
0.000000 
0.000000 
0.000000 
0.000000 
0.000000 
0.000000 
0.000000 
0.000000 
0.000000 
0.000000 
0.000000 
0.000000 
0.000000 
0.000000 
0.000000 
0.000000 
0.000000 
0.000000 
0.000000 
0.000000 
0.000000 
0.000000 
0.000000 
0.000000 
0.000000 
0.000000 
0.000000 
0.000000 
0.000000 
0.000000 
0.000000 
0.000000 
0.000000 
0.000000 
0.000000 
0.000000 
0.000000 
0.000000 
0.000000 
0.000000 
0.000000 
0.000000 
0.000000 
0.000000 
0.000000 
0.000000 
0.000000 
0.000000 
0.000000 
0.000000 
0.000000 
0.000000 
0.000000 
0.000000 
0.000000 
0.000000 
0.000000 
0.000000 
0.000000 
0.000000 
0.000000 
0.000000 
0.000000 
0.000000 
0.000000 
0.000000 
0.000000 
0.000000 
0.000000 
0.000000 
0.000000 
0.000000 
0.000000 
0.000000 
0.000000 
0.000000 
0.000000 
0.000000 
0.000000 
0.000000 
0.000000 
0.000000 
0.000000 
0.000000 
0.000000 
0.000000 
0.000000 
0.000000 
0.000000 
0.000000 
0.000000 
0.000000 
0.000000 
0.000000 
0.000000 
0.000000 
0.000000 
0.000000 
0.000000 
0.000000 
0.003037 
0.010614 
0.017625 
0.020092 
0.019795 
0.017935 
0.021909 
0.015482 
0.013695 
0.022541 
0.021274 
0.036165 
0.046177 
0.045986 
0.057753 
0.057551 
0.071975 
0.079089 
0.087780 
0.084751 
0.083672 
0.094032 
0.082253 
0.107272 
0.079463 
0.112400 
0.120144 
0.127704 
0.145464 
0.122229 
0.125537 
0.121434 
0.109459 
0.117459 
0.133497 
0.151232 
0.146573 
0.173650 
0.163742 
0.184760 
0.162229 
0.116362 
0.086463 
0.090282 
0.054071 
0.001646 
0.000000 
0.000000 
0.000000 
0.000000 
0.000000 
0.014931 
0.062283 
0.077783 
0.121368 
0.114511 
0.147640 
0.134078 
0.149746 
0.124100 
0.108842 
0.120002 
0.134337 
0.127351 
0.148788 
0.132782 
0.140497 
0.133732 
0.138674 
0.124620 
0.130585 
0.157707 
0.127591 
0.104270 
0.130145 
0.145341 
0.146223 
0.133100 
0.139578 
0.140575 
0.104886 
0.099168 
0.089900 
0.075750 
0.068041 
0.111306 
0.141647 
0.171153 
0.166848 
0.137095 
0.124774 
0.061087 
0.007697 
0.000000 
0.000000 
0.000000 
0.000000 
0.000000 
0.000000 
0.000000 
0.000000 
0.000000 
0.009103 
0.060896 
0.093864 
0.137332 
0.168046 
0.174037 
0.179490 
0.180521 
0.160882 
0.176902 
0.201651 
0.181732 
0.192763 
0.199305 
0.215420 
0.184613 
0.187595 
0.211631 
0.212714 
0.245531 
0.206623 
0.220770 
0.259975 
0.206146 
0.213803 
0.220013 
0.211016 
0.247329 
0.218826 
0.224189 
0.212309 
0.231499 
0.243664 
0.241234 
0.211126 
0.252014 
0.237702 
0.236121 
0.282208 
0.222256 
0.289599 
0.197136 
0.271475 
0.233813 
0.228095 
0.237106 
0.283151 
0.264829 
0.296308 
0.247109 
0.295829 
0.288539 
0.253772 
0.310978 
0.283357 
0.319240 
0.287027 
0.295680 
0.267545 
0.328901 
0.323589 
0.296682 
0.299615 
0.276099 
0.272389 
0.268983 
0.250165 
0.323309 
0.256593 
0.297323 
0.354110 
0.371388 
0.270073 
0.170327 
0.154428 
0.095596 
0.077261 
0.084625 
0.113216 
0.110910 
0.151441 
0.155934 
0.207772 
0.228267 
0.288566 
0.319292 
0.297257 
0.280280 
0.359925 
0.303047 
0.285675 
0.269737 
0.226050 
0.216190 
0.174947 
0.154284 
0.124627 
0.106742 
0.067837 
0.054523 
0.028010 
0.026067 
0.065534 
0.135378 
0.256660 
0.328014 
0.331162 
0.316939 
0.370078 
0.331837 
0.327392 
0.202797 
0.248649 
0.214952 
0.168060 
0.137758 
0.114034 
0.160098 
0.227952 
0.305045 
0.297498 
0.331627 
0.387651 
0.283130 
0.355118 
0.284513 
0.348706 
0.326404 
0.275041 
0.312404 
0.273364 
0.222503 
0.290232 
0.285501 
0.310424 
0.320631 
0.386094 
0.409487 
0.344627 
0.242261 
0.231406 
0.173925 
0.140493 
0.053314 
0.000000 
0.000000 
0.000000 
0.000000 
0.000000 
0.000000 
0.000000 
0.000000 
0.000000 
0.001316 
0.092348 
0.152166 
0.249684 
0.259227 
0.318957 
0.359613 
0.316621 
0.342931 
0.333055 
0.366966 
0.426218 
0.331184 
0.382513 
0.414438 
0.362233 
0.292421 
0.374248 
0.439224 
0.309655 
0.411230 
0.380009 
0.347223 
0.354707 
0.347096 
0.333803 
0.357929 
0.330796 
0.349469 
0.279592 
0.198176 
0.068287 
0.000000 
0.000000 
0.000000 
0.000000 
0.000000 
0.016248 
0.039051 
0.063489 
0.080319 
0.118627 
0.127492 
0.132875 
0.109376 
0.082041 
0.039356 
0.002801 
0.000000 
0.002990 
0.036669 
0.096909 
0.114440 
0.165863 
0.186095 
0.228559 
0.239451 
0.257475 
0.258129 
0.258375 
0.201100 
0.092983 
0.033562 
0.011595 
0.014179 
0.019382 
0.026725 
0.027205 
0.030111 
0.022751 
0.019158 
0.008470 
0.000422 
0.000000 
0.001668 
0.009598 
0.031534 
0.052274 
0.070150 
0.084218 
0.077002 
0.109568 
0.128194 
0.161985 
0.128780 
0.218816 
0.324773 
0.329108 
0.386077 
0.417218 
0.380447 
0.322166 
0.320843 
0.315916 
0.235273 
0.179945 
0.098332 
0.031115 
0.000000 
0.000000 
0.000000 
0.000000 
0.000000 
0.000000 
0.000000 
0.000000 
0.030587 
0.070087 
0.114350 
0.173075 
0.251296 
0.314327 
0.368101 
0.375225 
0.392880 
0.403030 
0.407737 
0.385179 
0.363979 
0.352441 
0.383769 
0.354873 
0.398828 
0.375606 
0.320231 
0.354108 
0.347265 
0.297027 
0.358875 
0.368473 
0.324645 
0.395301 
0.374979 
0.280735 
0.325576 
0.309540 
0.376704 
0.352373 
0.342713 
0.440331 
0.426430 
0.422355 
0.434264 
0.414837 
0.436304 
0.342622 
0.355116 
0.360184 
0.382906 
0.356844 
0.300544 
0.244206 
0.213479 
0.162748 
0.231242 
0.242929 
0.287416 
0.462209 
0.351061 
0.321907 
0.352757 
0.325288 
0.294734 
0.326986 
0.413566 
0.379550 
0.374197 
0.367930 
0.377989 
0.339206 
0.373728 
0.341850 
0.409192 
0.318194 
0.275090 
0.233681 
0.258039 
0.297710 
0.246851 
0.244740 
0.184520 
0.130786 
0.157935 
0.144001 
0.185921 
0.177128 
0.227420 
0.277167 
0.362177 
0.310786 
0.322706 
0.295348 
0.334912 
0.362876 
0.352951 
0.361289 
0.305688 
0.281287 
0.326842 
0.282755 
0.299470 
0.289121 
0.339038 
0.361748 
0.303320 
0.301961 
0.247556 
0.242261 
0.279728 
0.234265 
0.250790 
0.269831 
0.231310 
0.182032 
0.204360 
0.230243 
0.206065 
0.200333 
0.219149 
0.216557 
0.250009 
0.226751 
0.309365 
0.288308 
0.298385 
0.258201 
0.267242 
0.279244 
0.206688 
0.238881 
0.167437 
0.087752 
0.042608 
0.013298 
0.003366 
0.000000 
0.000000 
0.000000 
0.000000 
0.000000 
0.000000 
0.000000 
0.000000 
0.000000 
0.000000 
0.000000 
0.000000 
0.000000 
0.007812 
0.025388 
0.048824 
0.073493 
0.096885 
0.111851 
0.165025 
0.207702 
0.273008 
0.248895 
0.226599 
0.303698 
0.294498 
0.220378 
0.162385 
0.186970 
0.168849 
0.127731 
0.128391 
0.113497 
0.100111 
0.100511 
0.082249 
0.082063 
0.076712 
0.085118 
0.068994 
0.084709 
0.098872 
0.118458 
0.128094 
0.173121 
0.202776 
0.264373 
0.272695 
0.297702 
0.280643 
0.238654 
0.240014 
0.269178 
0.239966 
0.256134 
0.244114 
0.253786 
0.185144 
0.140953 
0.157762 
0.126196 
0.133445 
0.122838 
0.117133 
0.133933 
0.148786 
0.129211 
0.151935 
0.165453 
0.153045 
0.184892 
0.196604 
0.228356 
0.198197 
0.184590 
0.225736 
0.208990 
0.197805 
0.179472 
0.216587 
0.149741 
0.148383 
0.102514 
0.097574 
0.109464 
0.125712 
0.137710 
0.192401 
0.167423 
0.141793 
0.131332 
0.107308 
0.075898 
0.060995 
0.067579 
0.082096 
0.081433 
0.082252 
0.095051 
0.099003 
0.094041 
0.103773 
0.088452 
0.085057 
0.083750 
0.084592 
0.076365 
0.083187 
0.076754 
0.064013 
0.068333 
0.053680 
0.051714 
0.045862 
0.040876 
0.029242 
0.024580 
0.020520 
0.014903 
0.011671 
0.005158 
0.000299 
0.000000 
0.000000 
0.000000 
0.000000 
0.000000 
0.000000 
0.000000 
0.000000 
0.000000 
0.000000 
0.000000 
0.000000 
0.000000 
0.000000 
0.000000 
0.000000 
0.000000 
0.000000 
0.000000 
0.000000 
0.000000 
0.000000 
0.000000 
0.000000 
0.000000 
0.000000 
0.000000 
0.000000 
0.000000 
0.000000 
0.001084 
0.003793 
0.006058 
0.006540 
0.011343 
0.012639 
0.012806 
0.014153 
0.016385 
0.016767 
0.015977 
0.019467 
0.018524 
0.017272 
0.014401 
0.016580 
0.013725 
0.015234 
0.020701 
0.025067 
0.033078 
0.045781 
0.040053 
0.046017 
0.041719 
0.048325 
0.052596 
0.057781 
0.097634 
0.117765 
0.140971 
0.149808 
0.150035 
0.105776 
0.116866 
0.141910 
0.083886 
0.095680 
0.089864 
0.069283 
0.058309 
0.049319 
0.052179 
0.052252 
0.051542 
0.048799 
0.048561 
0.042759 
0.033602 
0.026887 
0.019142 
0.012884 
0.009683 
0.005817 
0.003354 
0.000942 
0.000000 
0.000000 
0.000000 
0.000000 
0.000000 
0.000000 
0.000000 
0.000000 
0.000000 
0.000263 
0.000951 
0.000604 
0.000000 
0.000000 
0.000000 
0.000000 
0.000000 
0.000000 
0.000000 
0.000000 
0.000000 
0.000000 
0.000000 
0.000000 
0.001109 
0.001878 
0.001655 
0.000559 
0.000000 
0.000000 
0.000000 
0.000000 
0.000000 
0.000000 
0.000000 
0.000000 
0.000000 
0.000000 
0.000000 
0.000000 
0.000000 
0.000000 
0.000000 
0.000000 
0.000000 
0.000000 
0.000000 
0.000000 
0.000000 
0.000000 
0.000000 
0.000000 
0.000000 
0.000000 
0.000000 
0.000000 
0.000000 
0.000000 
0.000000 
0.000000 
0.000000 
0.000000 
0.000000 
0.000000 
0.000000 
0.000000 
0.000000 
0.000000 
0.000000 
0.000000 
0.000000 
0.000000 
0.000000 
0.000000 
0.000000 
0.000000 
0.000000 
0.000000 
0.000000 
0.000000 
0.000000 
0.000000 
0.000000 
0.000000 
0.000000 
0.000000 
0.000000 
0.000000 
0.000000 
0.000000 
0.000000 
0.000000 
0.000000 
0.000000 
0.000000 
0.000000 
0.000000 
0.000000 
0.000000 
0.000000 
0.000000 
0.000000 
0.000000 
0.000000 
0.000000 
0.000000 
0.000000 
0.000000 
0.000000 
0.000000 
0.000000 
0.000000 
0.000000 
0.000000 
0.000000 
0.000000 
0.000000 
0.000000 
0.000000 
0.000000 
0.000000 
0.000000 
0.000000 
0.000000 
0.000000 
0.000000 
0.000000 
0.000000 
0.000000 
0.000000 
0.000000 
0.000000 
0.000000 
0.000000 
0.000000 
0.000000 
0.000000 
0.000000 
0.000000 
0.000000 
0.000000 
0.000000 
0.000000 
0.000000 
0.000000 
0.000000 
0.000000 
0.000000 
0.000000 
0.000000 
0.000000 
0.000000 
0.000000 
0.000000 
0.000000 
0.000000 
0.000000 
0.000000 
0.000000 
0.000000 
0.000000 
0.000000 
0.000000 
0.000000 
0.000000 
0.000000 
0.000000 
0.000000 
0.000000 
0.000000 
0.000000 
0.000000 
0.000000 
0.000000 
0.000000 
0.000000 
0.000000 
0.000000 
0.000000 
0.000000 
0.000000 
0.000000 
0.000000 
0.000000 
0.000000 
0.000000 
0.000000 
0.000000 
0.000000 
0.000000 
0.000000 
0.000000 
0.000000 
0.000000 
0.000000 
0.000000 
0.000000 
0.000000 
0.000000 
0.000000 
0.000000 
0.000000 
0.000000 
0.000000 
0.000000 
0.000000 
0.000000 
0.000000 
0.000000 
0.000000 
0.000000 
0.000000 
0.000000 
0.000000 
0.000000 
0.000000 
0.000000 
0.000000 
0.000000 
0.000000 
0.000000 
0.000000 
0.000000 
0.000000 
0.000000 
0.000000 
0.000000 
0.000000 
0.000000 
0.000000 
0.000000 
0.000000 
0.000000 
0.000000 
0.000000 
0.000000 
0.000000 
0.000000 
0.000000 
0.000000 
0.000000 
0.000000 
0.000000 
0.000000 
0.000000 
0.000000 
0.000000 
0.000000 
0.000000 
0.000000 
0.000000 
0.000000 
0.000000 
0.000000 
0.000000 
0.000000 
0.000000 
0.000000 
0.000000 
0.000000 
0.000000 
0.000000 
0.000000 
0.000000 
0.000000 
0.000000 
0.000000 
0.000000 
0.000000 
0.000000 
0.000000 
0.000000 
0.000000 
0.000000 
0.000000 
0.000000 
0.000000 
0.000000 
0.000000 
0.000000 
0.000000 
0.000000 
0.000000 
0.000000 
0.000000 
0.000000 
0.000000 
0.000000 
0.000000 
0.000000 
0.000000 
0.000000 
0.000000 
0.000000 
0.000000 
0.000000 
0.000000 
0.000000 
0.000000 
0.000000 
0.000000 
0.000000 
0.000000 
0.000000 
0.000000 
0.000000 
0.000000 
0.000000 
0.000000 
0.000000 
0.000000 
0.000000 
0.000000 
0.000000 
0.000000 
0.000000 
0.000000 
0.000000 
0.000000 
0.000000 
0.000000 
