0.066667 
0.066667 
0.066667 
0.066667 
0.066667 
0.066667 
0.066667 
0.066667 
0.066667 
0.066667 
0.066667 
0.066667 
0.066667 
0.066667 
0.066667 
0.066667 
0.066667 
0.066667 
0.066667 
0.066667 
0.086220 
0.133903 
0.193248 
0.247792 
0.281067 
0.297618 
0.312283 
0.324032 
0.331837 
0.334667 
0.334667 
0.334667 
0.334667 
0.334667 
0.334667 
0.334667 
0.334667 
0.334667 
0.334667 
0.334667 
0.327634 
0.309282 
0.283725 
0.255081 
0.227467 
0.194278 
0.152341 
0.110919 
0.079273 
0.066667 
0.066667 
0.066667 
0.066667 
0.066667 
0.066667 
0.066667 
0.066667 
0.066667 
0.066667 
0.066667 
0.066667 
0.066667 
0.066667 
0.066667 
0.066667 
0.066667 
0.066667 
0.066667 
0.066667 
0.066667 
0.066667 
0.066667 
0.066667 
0.066667 
0.066667 
0.066667 
0.066667 
0.066667 
0.066667 
0.066667 
0.066667 
0.066667 
0.066667 
0.066667 
0.066667 
0.066667 
0.066667 
0.066667 
0.066667 
0.066667 
0.066667 
0.066667 
0.066667 
0.066667 
0.066667 
0.066667 
0.066667 
0.066667 
0.066667 
0.066667 
0.066667 
0.066667 
0.066667 
0.066667 
0.066667 
0.066667 
0.066667 
0.066667 
0.066667 
0.066667 
0.066667 
0.066667 
0.066667 
0.066667 
0.066667 
0.073699 
0.092052 
0.117608 
0.146252 
0.173867 
0.207056 
0.248992 
0.290415 
0.322060 
0.334667 
0.334667 
0.334667 
0.334667 
0.334667 
0.334667 
0.334667 
0.334667 
0.334667 
0.334667 
0.334667 
0.334667 
0.334667 
0.334667 
0.334667 
0.334667 
0.306795 
0.240331 
0.161003 
0.094539 
0.066667 
0.066667 
0.066667 
0.066667 
0.066667 
0.066667 
0.066667 
0.066667 
0.066667 
0.066667 
0.066667 
0.066667 
0.066667 
0.066667 
0.066667 
0.066667 
0.066667 
0.066667 
0.066667 
0.066667 
0.066667 
0.066667 
0.066667 
0.066667 
0.066667 
0.066667 
0.066667 
0.066667 
0.066667 
0.066667 
0.066667 
0.066667 
0.066667 
0.066667 
0.066667 
0.066667 
0.066667 
0.066667 
0.066667 
0.066667 
0.066667 
0.066667 
0.066667 
0.066667 
0.066667 
0.066667 
0.066667 
0.066667 
0.066667 
0.066667 
0.066667 
0.066667 
0.066667 
0.066667 
0.066667 
0.066667 
0.066667 
0.066667 
0.066667 
0.066667 
0.066667 
0.066667 
0.066667 
0.066667 
0.066667 
0.066667 
0.066667 
0.066667 
0.066667 
0.066667 
0.066667 
0.069497 
0.077301 
0.089050 
0.103715 
0.120267 
0.153542 
0.208085 
0.267431 
0.315113 
0.334667 
0.334667 
0.334667 
0.334667 
0.334667 
0.334667 
0.334667 
0.334667 
0.334667 
0.334667 
0.334667 
0.334667 
0.334667 
0.334667 
0.334667 
0.334667 
0.315113 
0.267431 
0.208085 
0.153542 
0.120267 
0.103715 
0.089050 
0.077301 
0.069497 
0.066667 
0.066667 
0.066667 
0.066667 
0.066667 
0.066667 
0.066667 
0.066667 
0.066667 
0.066667 
0.066667 
0.066667 
0.066667 
0.066667 
0.066667 
0.066667 
0.066667 
0.066667 
0.066667 
0.066667 
0.066667 
0.066667 
0.066667 
0.066667 
0.066667 
0.066667 
0.066667 
0.066667 
0.066667 
0.066667 
0.066667 
0.066667 
0.066667 
0.066667 
0.066667 
0.066667 
0.066667 
0.066667 
0.066667 
0.066667 
0.066667 
0.066667 
0.066667 
0.066667 
0.066667 
0.066667 
0.066667 
0.066667 
0.066667 
0.066667 
0.066667 
0.073699 
0.092052 
0.117608 
0.146252 
0.173867 
0.207056 
0.248992 
0.290415 
0.322060 
0.334667 
0.334667 
0.334667 
0.334667 
0.334667 
0.334667 
0.334667 
0.334667 
0.334667 
0.334667 
0.334667 
0.334667 
0.334667 
0.334667 
0.334667 
0.334667 
0.306795 
0.240331 
0.161003 
0.094539 
0.066667 
0.066667 
0.066667 
0.066667 
0.066667 
0.066667 
0.066667 
0.066667 
0.066667 
0.066667 
0.066667 
0.066667 
0.066667 
0.066667 
0.066667 
0.066667 
0.066667 
0.066667 
0.066667 
0.066667 
0.066667 
0.066667 
0.066667 
0.066667 
0.066667 
0.066667 
0.066667 
0.066667 
0.066667 
0.066667 
0.066667 
0.066667 
0.066667 
0.066667 
0.066667 
0.066667 
0.066667 
0.066667 
0.066667 
0.066667 
0.066667 
0.066667 
0.066667 
0.066667 
0.066667 
0.066667 
0.066667 
0.066667 
0.066667 
0.066667 
0.066667 
0.066667 
0.066667 
0.066667 
0.066667 
0.066667 
0.066667 
0.066667 
0.066667 
0.066667 
0.066667 
0.096023 
0.167152 
0.254642 
0.333084 
0.377067 
0.394342 
0.409098 
0.420575 
0.428018 
0.430667 
0.430667 
0.430667 
0.430667 
0.430667 
0.430667 
0.430667 
0.430667 
0.430667 
0.430667 
0.430667 
0.432525 
0.436956 
0.442244 
0.446675 
0.448533 
0.436553 
0.407983 
0.373884 
0.345314 
0.333333 
0.337831 
0.350880 
0.371813 
0.399964 
0.434667 
0.602101 
0.946766 
1.345474 
1.675037 
1.812267 
1.661231 
1.301069 
0.871198 
0.511036 
0.360000 
0.360000 
0.360000 
0.360000 
0.360000 
0.360000 
0.329493 
0.256747 
0.169920 
0.097173 
0.066667 
0.066667 
0.066667 
0.066667 
0.066667 
0.066667 
0.066667 
0.066667 
0.066667 
0.066667 
0.066667 
0.066667 
0.066667 
0.066667 
0.066667 
0.066667 
0.066667 
0.066667 
0.066667 
0.066667 
0.066667 
0.066667 
0.066667 
0.066667 
0.066667 
0.066667 
0.066667 
0.066667 
0.066667 
0.066667 
0.066667 
0.066667 
0.066667 
0.066667 
0.066667 
0.066667 
0.066667 
0.066667 
0.066667 
0.066667 
0.066667 
0.066667 
0.066667 
0.066667 
0.066667 
0.066667 
0.066667 
0.066667 
0.066667 
0.066667 
0.066667 
0.066667 
0.066667 
0.066667 
0.066667 
0.066667 
0.066667 
0.066667 
0.066667 
0.066667 
0.066667 
0.066667 
0.066667 
0.066667 
0.066667 
0.066667 
0.066667 
0.066667 
0.066667 
0.066667 
0.066667 
0.066667 
0.066667 
0.066667 
0.066667 
0.066667 
0.066667 
0.066667 
0.066667 
0.066667 
0.066667 
0.079273 
0.110919 
0.152341 
0.194278 
0.227467 
0.255081 
0.283725 
0.309282 
0.327634 
0.334667 
0.334667 
0.334667 
0.334667 
0.334667 
0.334667 
0.334667 
0.334667 
0.334667 
0.334667 
0.334667 
0.331837 
0.324032 
0.312283 
0.297618 
0.281067 
0.247792 
0.193248 
0.133903 
0.086220 
0.066667 
0.066667 
0.066667 
0.066667 
0.066667 
0.066667 
0.066667 
0.066667 
0.066667 
0.066667 
0.066667 
0.066667 
0.066667 
0.066667 
0.066667 
0.066667 
0.066667 
0.066667 
0.066667 
0.066667 
0.066667 
0.066667 
0.066667 
0.066667 
0.066667 
0.066667 
0.066667 
0.066667 
0.066667 
0.066667 
0.066667 
0.066667 
0.066667 
0.066667 
0.066667 
0.066667 
0.066667 
0.066667 
0.066667 
0.066667 
0.066667 
0.066667 
0.066667 
0.066667 
0.066667 
0.066667 
0.073699 
0.092052 
0.117608 
0.146252 
0.173867 
0.207056 
0.248992 
0.290415 
0.322060 
0.334667 
0.334667 
0.334667 
0.334667 
0.334667 
0.334667 
0.334667 
0.334667 
0.334667 
0.334667 
0.334667 
0.334667 
0.334667 
0.334667 
0.334667 
0.334667 
0.306795 
0.240331 
0.161003 
0.094539 
0.066667 
0.066667 
0.066667 
0.066667 
0.066667 
0.066667 
0.066667 
0.066667 
0.066667 
0.066667 
0.066667 
0.066667 
0.066667 
0.066667 
0.066667 
0.066667 
0.066667 
0.066667 
0.066667 
0.066667 
0.066667 
0.066667 
0.066667 
0.066667 
0.066667 
0.066667 
0.066667 
0.066667 
0.066667 
0.066667 
0.066667 
0.066667 
0.066667 
0.066667 
0.066667 
0.066667 
0.066667 
0.066667 
0.066667 
0.066667 
0.066667 
0.066667 
0.066667 
0.066667 
0.066667 
0.066667 
0.066667 
0.066667 
0.066667 
0.066667 
0.066667 
0.086220 
0.133903 
0.193248 
0.247792 
0.281067 
0.297618 
0.312283 
0.324032 
0.331837 
0.334667 
0.334667 
0.334667 
0.334667 
0.334667 
0.334667 
0.334667 
0.334667 
0.334667 
0.334667 
0.334667 
0.327634 
0.309282 
0.283725 
0.255081 
0.227467 
0.194278 
0.152341 
0.110919 
0.079273 
0.066667 
0.066667 
0.066667 
0.066667 
0.066667 
0.066667 
0.066667 
0.066667 
0.066667 
0.066667 
0.066667 
0.066667 
0.066667 
0.066667 
0.066667 
0.066667 
0.066667 
0.066667 
0.066667 
0.066667 
0.066667 
0.066667 
0.066667 
0.066667 
0.066667 
0.066667 
0.066667 
0.066667 
0.066667 
0.066667 
0.066667 
0.066667 
0.066667 
0.066667 
0.066667 
0.066667 
0.069497 
0.077301 
0.089050 
0.103715 
0.120267 
0.153542 
0.208085 
0.267431 
0.315113 
0.334667 
0.334667 
0.334667 
0.334667 
0.334667 
0.334667 
0.334667 
0.334667 
0.334667 
0.334667 
0.334667 
0.334667 
0.334667 
0.334667 
0.334667 
0.334667 
0.315113 
0.267431 
0.208085 
0.153542 
0.120267 
0.103715 
0.089050 
0.077301 
0.069497 
0.066667 
0.066667 
0.066667 
0.066667 
0.066667 
0.066667 
0.066667 
0.066667 
0.066667 
0.066667 
0.066667 
0.066667 
0.066667 
0.066667 
0.066667 
0.066667 
0.066667 
0.066667 
0.066667 
0.066667 
0.066667 
0.066667 
0.066667 
0.066667 
0.066667 
0.066667 
0.066667 
0.066667 
0.066667 
0.066667 
0.066667 
0.066667 
0.066667 
0.066667 
0.066667 
0.066667 
0.066667 
0.066667 
0.066667 
0.066667 
0.066667 
0.066667 
0.066667 
0.066667 
0.066667 
0.066667 
0.066667 
0.066667 
0.066667 
0.066667 
0.066667 
0.094539 
0.161003 
0.240331 
0.306795 
0.334667 
0.334667 
0.334667 
0.334667 
0.334667 
0.334667 
0.334667 
0.334667 
0.334667 
0.334667 
0.334667 
0.334667 
0.334667 
0.334667 
0.334667 
0.334667 
0.322060 
0.290415 
0.248992 
0.207056 
0.173867 
0.146252 
0.117608 
0.092052 
0.073699 
0.066667 
0.066667 
0.066667 
0.066667 
0.066667 
0.066667 
0.066667 
0.066667 
0.066667 
0.066667 
0.066667 
0.066667 
0.066667 
0.066667 
0.066667 
0.066667 
0.066667 
0.066667 
0.066667 
0.066667 
0.066667 
0.066667 
0.066667 
0.066667 
0.066667 
0.066667 
0.066667 
0.066667 
0.066667 
0.066667 
0.066667 
0.066667 
0.066667 
0.066667 
0.066667 
0.066667 
0.066667 
0.066667 
0.066667 
0.066667 
0.066667 
0.066667 
0.066667 
0.066667 
0.066667 
0.066667 
0.066667 
0.066667 
0.066667 
0.066667 
0.066667 
0.066667 
0.066667 
0.066667 
0.066667 
0.066667 
0.066667 
0.066667 
0.066667 
0.066667 
0.066667 
0.066667 
0.066667 
0.066667 
0.066667 
0.066667 
0.066667 
0.066667 
0.066667 
0.066667 
0.066667 
0.066667 
0.066667 
0.066667 
0.066667 
0.066667 
0.066667 
0.066667 
0.066667 
0.066667 
0.066667 
0.066667 
0.066667 
0.066667 
0.066667 
0.066667 
0.066667 
0.066667 
0.066667 
0.066667 
0.066667 
0.094539 
0.161003 
0.240331 
0.306795 
0.334667 
0.334667 
0.334667 
0.334667 
0.334667 
0.334667 
0.334667 
0.334667 
0.334667 
0.334667 
0.334667 
0.334667 
0.334667 
0.334667 
0.334667 
0.334667 
0.322060 
0.290415 
0.248992 
0.207056 
0.173867 
0.146252 
0.117608 
0.092052 
0.073699 
0.066667 
0.066667 
0.066667 
0.066667 
0.066667 
0.066667 
0.066667 
0.066667 
0.066667 
0.066667 
0.066667 
0.096029 
0.168407 
0.260237 
0.347956 
0.408000 
0.446412 
0.482547 
0.512809 
0.533603 
0.541333 
0.533013 
0.513173 
0.489493 
0.469653 
0.461333 
0.481462 
0.529825 
0.588391 
0.639126 
0.664000 
0.668483 
0.670972 
0.672819 
0.675378 
0.680000 
0.717095 
0.797227 
0.891986 
0.972958 
1.011733 
1.017882 
1.021208 
1.023646 
1.027131 
1.033600 
1.177719 
1.508942 
1.901385 
2.229166 
2.366400 
2.237345 
1.924899 
1.541140 
1.198148 
1.008000 
0.941061 
0.889935 
0.850066 
0.816896 
0.785867 
0.754669 
0.725172 
0.699087 
0.678126 
0.664000 
0.655668 
0.649890 
0.645077 
0.639643 
0.632000 
0.617299 
0.595659 
0.572942 
0.555013 
0.547733 
0.550118 
0.556553 
0.565954 
0.577242 
0.589333 
0.607600 
0.634053 
0.662572 
0.687039 
0.701333 
0.707724 
0.712757 
0.716728 
0.719933 
0.722667 
0.724718 
0.726076 
0.727342 
0.729117 
0.732000 
0.766676 
0.845795 
0.942911 
1.031573 
1.085333 
1.111804 
1.135166 
1.153826 
1.166191 
1.170667 
1.165675 
1.153771 
1.139563 
1.127659 
1.122667 
1.124580 
1.129367 
1.135597 
1.141840 
1.146667 
1.150522 
1.154451 
1.157919 
1.160391 
1.161333 
1.159115 
1.153824 
1.147509 
1.142219 
1.140000 
1.144967 
1.157333 
1.173295 
1.189051 
1.200800 
1.207612 
1.212366 
1.216966 
1.223320 
1.233333 
1.320193 
1.509274 
1.730766 
1.914856 
1.991733 
1.905600 
1.699158 
1.450342 
1.237088 
1.137333 
1.121777 
1.109304 
1.100130 
1.094468 
1.092533 
1.093620 
1.096732 
1.101648 
1.108145 
1.116000 
1.136801 
1.176826 
1.227890 
1.281810 
1.330400 
1.380677 
1.438097 
1.492140 
1.532281 
1.548000 
1.546891 
1.544245 
1.541088 
1.538443 
1.537333 
1.545099 
1.563616 
1.585717 
1.604235 
1.612000 
1.606885 
1.593008 
1.572568 
1.547765 
1.520800 
1.475059 
1.405484 
1.331607 
1.272957 
1.249067 
1.257424 
1.279001 
1.308561 
1.340862 
1.370667 
1.401232 
1.436163 
1.470746 
1.500263 
1.520000 
1.531567 
1.540480 
1.547876 
1.554892 
1.562667 
1.572565 
1.583829 
1.594411 
1.602261 
1.605333 
1.573848 
1.495711 
1.395395 
1.297378 
1.226133 
1.175107 
1.125300 
1.082527 
1.052601 
1.041333 
1.074613 
1.153973 
1.248693 
1.328053 
1.361333 
1.331226 
1.258212 
1.168252 
1.087305 
1.041333 
1.022540 
1.006404 
0.993798 
0.985595 
0.982667 
1.049220 
1.210155 
1.407387 
1.582830 
1.678400 
1.712457 
1.741217 
1.763375 
1.777626 
1.782667 
1.782112 
1.780789 
1.779211 
1.777888 
1.777333 
1.777333 
1.777333 
1.777333 
1.777333 
1.777333 
1.723259 
1.589883 
1.420478 
1.258315 
1.146667 
1.074427 
1.006240 
0.948999 
0.909599 
0.894933 
0.895738 
0.897655 
0.899945 
0.901862 
0.902667 
0.873990 
0.805609 
0.723991 
0.655610 
0.626933 
0.631607 
0.644571 
0.664238 
0.689021 
0.717333 
0.773307 
0.865956 
0.971019 
1.064232 
1.121333 
1.151102 
1.177321 
1.198228 
1.212064 
1.217067 
1.187827 
1.117411 
1.031775 
0.956875 
0.918667 
0.909795 
0.904267 
0.900082 
0.895238 
0.887733 
0.871002 
0.844847 
0.816817 
0.794462 
0.785333 
0.797149 
0.827959 
0.870808 
0.918740 
0.964800 
1.019460 
1.088018 
1.155752 
1.207942 
1.229867 
1.231270 
1.232005 
1.232518 
1.233257 
1.234667 
1.262333 
1.329686 
1.418939 
1.512306 
1.592000 
1.661047 
1.731413 
1.798723 
1.858599 
1.906667 
1.948359 
1.988915 
2.023664 
2.047938 
2.057067 
1.978748 
1.791987 
1.569079 
1.382319 
1.304000 
1.304138 
1.304541 
1.305196 
1.306087 
1.307200 
1.314580 
1.330418 
1.348911 
1.364261 
1.370667 
1.364011 
1.348139 
1.329195 
1.313323 
1.306667 
1.312269 
1.325628 
1.341572 
1.354931 
1.360533 
1.359738 
1.357594 
1.354460 
1.350697 
1.346667 
1.341499 
1.334523 
1.326398 
1.317782 
1.309333 
1.299461 
1.287699 
1.276393 
1.267889 
1.264533 
1.275433 
1.301423 
1.332444 
1.358434 
1.369333 
1.354635 
1.319584 
1.277749 
1.242699 
1.228000 
1.376845 
1.731782 
2.155418 
2.510355 
2.659200 
2.534899 
2.238490 
1.884710 
1.588301 
1.464000 
1.467328 
1.475264 
1.484736 
1.492672 
1.496000 
1.493093 
1.486083 
1.477541 
1.470035 
1.466133 
1.465195 
1.464671 
1.464269 
1.463698 
1.462667 
1.448833 
1.415875 
1.372527 
1.327523 
1.289600 
1.254454 
1.216158 
1.181009 
1.155302 
1.145333 
1.158645 
1.190389 
1.228277 
1.260021 
1.273333 
1.269887 
1.260862 
1.248226 
1.233949 
1.220000 
1.202723 
1.180510 
1.158402 
1.141441 
1.134667 
1.136885 
1.142176 
1.148491 
1.153781 
1.156000 
1.155035 
1.152252 
1.147818 
1.141901 
1.134667 
1.107010 
1.051500 
0.985818 
0.927647 
0.894667 
0.880955 
0.869215 
0.860063 
0.854119 
0.852000 
0.857415 
0.871232 
0.889808 
0.909500 
0.926667 
0.941309 
0.955859 
0.970313 
0.984671 
0.998933 
