0.073333 
0.073333 
0.073333 
0.073333 
0.073333 
0.073333 
0.073333 
0.073333 
0.073333 
0.073333 
0.073333 
0.073333 
0.073333 
0.073333 
0.073333 
0.073333 
0.073333 
0.073333 
0.073333 
0.073333 
0.079666 
0.096192 
0.119206 
0.145000 
0.169867 
0.199753 
0.237517 
0.274818 
0.303314 
0.314667 
0.314667 
0.314667 
0.314667 
0.314667 
0.314667 
0.314667 
0.314667 
0.314667 
0.314667 
0.314667 
0.314667 
0.314667 
0.314667 
0.314667 
0.314667 
0.289568 
0.229717 
0.158283 
0.098432 
0.073333 
0.073333 
0.073333 
0.073333 
0.073333 
0.073333 
0.073333 
0.073333 
0.073333 
0.073333 
0.073333 
0.073333 
0.073333 
0.073333 
0.073333 
0.073333 
0.073333 
0.073333 
0.073333 
0.073333 
0.073333 
0.073333 
0.073333 
0.073333 
0.073333 
0.073333 
0.089419 
0.127776 
0.173557 
0.211915 
0.228000 
0.228000 
0.228000 
0.228000 
0.228000 
0.228000 
0.228000 
0.228000 
0.228000 
0.228000 
0.228000 
0.223942 
0.213350 
0.198601 
0.182070 
0.166133 
0.146979 
0.122777 
0.098872 
0.080609 
0.073333 
0.073333 
0.073333 
0.073333 
0.073333 
0.073333 
0.074333 
0.077185 
0.081670 
0.087571 
0.094667 
0.112387 
0.145807 
0.188181 
0.232761 
0.272800 
0.311051 
0.352012 
0.391554 
0.425549 
0.449867 
0.467776 
0.484303 
0.497955 
0.507240 
0.510667 
0.509493 
0.506292 
0.501545 
0.495732 
0.489333 
0.481326 
0.470364 
0.456446 
0.439570 
0.419733 
0.387432 
0.339312 
0.284595 
0.232506 
0.192267 
0.159904 
0.127910 
0.100203 
0.080704 
0.073333 
0.073333 
0.073333 
0.073333 
0.073333 
0.073333 
0.073333 
0.073333 
0.073333 
0.073333 
0.073333 
0.073333 
0.073333 
0.073333 
0.073333 
0.073333 
0.073333 
0.073333 
0.073333 
0.073333 
0.073333 
0.073333 
0.073333 
0.073333 
0.073333 
0.073333 
0.073333 
0.073333 
0.073333 
0.073333 
0.073333 
0.073333 
0.073333 
0.073333 
0.073333 
0.073333 
0.073333 
0.073333 
0.073333 
0.073333 
0.073333 
0.073333 
0.073333 
0.073333 
0.073333 
0.073333 
0.073333 
0.073333 
0.073333 
0.073333 
0.073333 
0.073333 
0.073333 
0.073333 
0.073333 
0.073333 
0.073333 
0.073333 
0.073333 
0.073333 
0.073333 
0.073333 
0.073333 
0.073333 
0.073333 
0.073333 
0.073333 
0.073333 
0.073333 
0.073333 
0.073333 
0.073333 
0.073333 
0.073333 
0.073333 
0.073333 
0.090941 
0.133879 
0.187320 
0.236436 
0.266400 
0.281305 
0.294511 
0.305091 
0.312118 
0.314667 
0.314667 
0.314667 
0.314667 
0.314667 
0.314667 
0.314667 
0.314667 
0.314667 
0.314667 
0.314667 
0.308334 
0.291808 
0.268794 
0.243000 
0.218133 
0.188247 
0.150483 
0.113182 
0.084686 
0.073333 
0.084618 
0.112136 
0.146385 
0.177863 
0.197067 
0.206619 
0.215082 
0.221863 
0.226367 
0.228000 
0.228000 
0.228000 
0.228000 
0.228000 
0.228000 
0.226367 
0.221863 
0.215082 
0.206619 
0.197067 
0.177863 
0.146385 
0.112136 
0.084618 
0.073333 
0.073333 
0.073333 
0.073333 
0.073333 
0.073333 
0.073333 
0.073333 
0.073333 
0.073333 
0.073333 
0.073333 
0.073333 
0.073333 
0.073333 
0.073333 
0.073333 
0.073333 
0.073333 
0.073333 
0.073333 
0.079666 
0.096192 
0.119206 
0.145000 
0.169867 
0.199753 
0.237517 
0.274818 
0.303314 
0.314667 
0.314667 
0.314667 
0.314667 
0.314667 
0.314667 
0.321942 
0.340205 
0.364111 
0.388313 
0.407467 
0.423404 
0.439934 
0.454683 
0.465275 
0.469333 
0.444235 
0.384384 
0.312949 
0.253099 
0.228000 
0.228000 
0.228000 
0.228000 
0.228000 
0.228000 
0.211915 
0.173557 
0.127776 
0.089419 
0.073333 
0.073333 
0.073333 
0.073333 
0.073333 
0.073333 
0.073333 
0.073333 
0.073333 
0.073333 
0.073333 
0.073333 
0.073333 
0.073333 
0.073333 
0.073333 
0.073333 
0.073333 
0.073333 
0.073333 
0.073333 
0.073333 
0.073333 
0.073333 
0.073333 
0.073333 
0.086128 
0.117744 
0.158029 
0.196831 
0.224000 
0.240517 
0.254550 
0.266724 
0.277665 
0.288000 
0.296656 
0.303387 
0.310056 
0.318528 
0.330667 
0.360994 
0.414205 
0.477426 
0.537783 
0.582400 
0.612257 
0.637812 
0.660412 
0.681404 
0.702133 
0.725365 
0.750328 
0.773061 
0.789605 
0.796000 
0.793721 
0.787458 
0.778067 
0.766406 
0.753333 
0.734787 
0.707442 
0.673264 
0.634217 
0.592267 
0.531878 
0.449693 
0.365943 
0.300857 
0.274667 
0.274667 
0.274667 
0.274667 
0.274667 
0.274667 
0.253728 
0.203797 
0.144203 
0.094272 
0.073333 
0.073333 
0.073333 
0.073333 
0.073333 
0.073333 
0.073333 
0.073333 
0.073333 
0.073333 
0.073333 
0.073333 
0.073333 
0.073333 
0.073333 
0.073333 
0.073333 
0.073333 
0.073333 
0.073333 
0.073333 
0.073333 
0.073333 
0.073333 
0.073333 
0.073333 
0.084686 
0.113182 
0.150483 
0.188247 
0.218133 
0.243000 
0.268794 
0.291808 
0.308334 
0.314667 
0.314667 
0.314667 
0.314667 
0.314667 
0.314667 
0.314667 
0.314667 
0.314667 
0.314667 
0.314667 
0.312118 
0.305091 
0.294511 
0.281305 
0.266400 
0.236436 
0.187320 
0.133879 
0.090941 
0.073333 
0.080609 
0.098872 
0.122777 
0.146979 
0.166133 
0.182070 
0.198601 
0.213350 
0.223942 
0.228000 
0.228000 
0.228000 
0.228000 
0.228000 
0.228000 
0.228000 
0.228000 
0.228000 
0.228000 
0.228000 
0.211915 
0.173557 
0.127776 
0.089419 
0.073333 
0.073333 
0.073333 
0.073333 
0.073333 
0.073333 
0.073333 
0.073333 
0.073333 
0.073333 
0.073333 
0.079666 
0.096192 
0.119206 
0.145000 
0.169867 
0.199753 
0.237517 
0.274818 
0.303314 
0.314667 
0.314667 
0.314667 
0.314667 
0.314667 
0.314667 
0.314667 
0.314667 
0.314667 
0.314667 
0.314667 
0.314667 
0.314667 
0.314667 
0.314667 
0.314667 
0.289568 
0.229717 
0.158283 
0.098432 
0.073333 
0.073333 
0.073333 
0.073333 
0.073333 
0.073333 
0.073333 
0.073333 
0.073333 
0.073333 
0.073333 
0.073333 
0.073333 
0.073333 
0.073333 
0.073333 
0.077392 
0.087983 
0.102732 
0.119263 
0.135200 
0.154354 
0.178556 
0.202461 
0.220724 
0.228000 
0.228000 
0.228000 
0.228000 
0.228000 
0.228000 
0.228000 
0.228000 
0.228000 
0.228000 
0.228000 
0.216716 
0.189197 
0.154948 
0.123470 
0.104267 
0.094714 
0.086251 
0.079471 
0.074967 
0.073333 
0.073333 
0.073333 
0.073333 
0.073333 
0.073333 
0.073333 
0.073333 
0.073333 
0.073333 
0.073333 
0.079666 
0.096192 
0.119206 
0.145000 
0.169867 
0.199753 
0.237517 
0.274818 
0.303314 
0.314667 
0.314667 
0.314667 
0.314667 
0.314667 
0.314667 
0.314667 
0.314667 
0.314667 
0.314667 
0.314667 
0.314667 
0.314667 
0.314667 
0.314667 
0.314667 
0.289568 
0.229717 
0.158283 
0.098432 
0.073333 
0.073333 
0.073333 
0.073333 
0.073333 
0.073333 
0.073333 
0.073333 
0.073333 
0.073333 
0.073333 
0.073333 
0.073333 
0.073333 
0.073333 
0.073333 
0.073333 
0.073333 
0.073333 
0.073333 
0.073333 
0.073333 
0.073333 
0.073333 
0.073333 
0.073333 
0.073333 
0.073333 
0.073333 
0.073333 
0.073333 
0.073333 
0.073333 
0.073333 
0.073333 
0.073333 
0.073333 
0.073333 
0.073333 
0.073333 
0.073333 
0.073333 
0.073333 
0.073333 
0.073333 
0.073333 
0.073333 
0.073333 
0.073333 
0.073333 
0.073333 
0.073333 
0.073333 
0.073333 
0.073333 
0.073333 
0.073333 
0.073333 
0.073333 
0.073333 
0.073333 
0.079666 
0.096192 
0.119206 
0.145000 
0.169867 
0.199753 
0.237517 
0.274818 
0.303314 
0.314667 
0.314667 
0.314667 
0.314667 
0.314667 
0.314667 
0.321942 
0.340205 
0.364111 
0.388313 
0.407467 
0.423404 
0.439934 
0.454683 
0.465275 
0.469333 
0.444235 
0.384384 
0.312949 
0.253099 
0.228000 
0.228000 
0.228000 
0.228000 
0.228000 
0.228000 
0.211915 
0.173557 
0.127776 
0.089419 
0.073333 
0.073333 
0.073333 
0.073333 
0.073333 
0.073333 
0.073333 
0.073333 
0.073333 
0.073333 
0.073333 
0.073333 
0.073333 
0.073333 
0.073333 
0.073333 
0.073333 
0.073333 
0.073333 
0.073333 
0.073333 
0.073333 
0.073333 
0.073333 
0.073333 
0.073333 
0.073333 
0.073333 
0.073333 
0.073333 
0.073333 
0.073333 
0.073333 
0.073333 
0.073333 
0.073333 
0.079666 
0.096192 
0.119206 
0.145000 
0.169867 
0.199753 
0.237517 
0.274818 
0.303314 
0.314667 
0.314667 
0.314667 
0.314667 
0.314667 
0.314667 
0.330752 
0.369109 
0.414891 
0.453248 
0.469333 
0.469333 
0.469333 
0.469333 
0.469333 
0.469333 
0.447386 
0.393839 
0.327131 
0.265705 
0.228000 
0.211335 
0.199168 
0.189146 
0.178919 
0.166133 
0.146979 
0.122777 
0.098872 
0.080609 
0.073333 
0.073333 
0.073333 
0.073333 
0.073333 
0.073333 
0.073333 
0.073333 
0.073333 
0.073333 
0.073333 
0.073333 
0.073333 
0.073333 
0.073333 
0.073333 
0.073333 
0.073333 
0.073333 
0.073333 
0.073333 
0.073333 
0.073333 
0.073333 
0.073333 
0.073333 
0.073333 
0.073333 
0.073333 
0.073333 
0.073333 
0.073333 
0.073333 
0.073333 
0.073333 
0.073333 
0.073333 
0.073333 
0.073333 
0.073333 
0.073333 
0.073333 
0.073333 
0.073333 
0.073333 
0.073333 
0.073333 
0.073333 
0.073333 
0.073333 
0.073333 
0.073333 
0.073333 
0.073333 
0.073333 
0.073333 
0.079666 
0.096192 
0.119206 
0.145000 
0.169867 
0.199753 
0.237517 
0.274818 
0.303314 
0.314667 
0.314667 
0.314667 
0.314667 
0.314667 
0.314667 
0.314667 
0.314667 
0.314667 
0.314667 
0.314667 
0.314667 
0.314667 
0.314667 
0.314667 
0.314667 
0.289568 
0.229717 
0.158283 
0.098432 
0.073333 
0.073333 
0.073333 
0.073333 
0.073333 
0.073333 
0.073333 
0.073333 
0.073333 
0.073333 
0.073333 
0.073333 
0.073333 
0.073333 
0.073333 
0.073333 
0.073333 
0.073333 
0.073333 
0.073333 
0.073333 
0.073333 
0.073333 
0.073333 
0.073333 
0.073333 
0.073333 
0.073333 
0.073333 
0.073333 
0.073333 
0.073333 
0.073333 
0.073333 
0.073333 
0.073333 
0.073333 
0.073333 
0.073333 
0.073333 
0.073333 
0.073333 
0.073333 
0.073333 
0.073333 
0.073333 
0.090941 
0.133879 
0.187320 
0.236436 
0.266400 
0.281305 
0.294511 
0.305091 
0.312118 
0.314667 
0.314667 
0.314667 
0.314667 
0.314667 
0.314667 
0.314667 
0.314667 
0.314667 
0.314667 
0.314667 
0.308334 
0.291808 
0.268794 
0.243000 
0.218133 
0.188247 
0.150483 
0.113182 
0.084686 
0.073333 
0.073333 
0.073333 
0.073333 
0.073333 
0.073333 
0.073333 
0.073333 
0.073333 
0.073333 
0.073333 
0.073333 
0.073333 
0.073333 
0.073333 
0.073333 
0.073333 
0.073333 
0.073333 
0.073333 
0.073333 
0.073333 
0.073333 
0.073333 
0.073333 
0.073333 
0.073333 
0.073333 
0.073333 
0.073333 
0.073333 
0.084618 
0.112136 
0.146385 
0.177863 
0.197067 
0.206619 
0.215082 
0.221863 
0.226367 
0.228000 
0.228000 
0.228000 
0.228000 
0.228000 
0.228000 
0.226367 
0.221863 
0.215082 
0.206619 
0.197067 
0.177863 
0.146385 
0.112136 
0.084618 
0.073333 
0.073333 
0.073333 
0.073333 
0.073333 
0.073333 
0.073333 
0.073333 
0.073333 
0.073333 
0.073333 
0.073333 
0.073333 
0.073333 
0.073333 
0.073333 
0.073333 
0.073333 
0.073333 
0.073333 
0.073333 
0.073333 
0.073333 
0.073333 
0.073333 
0.073333 
0.075882 
0.082909 
0.093489 
0.106695 
0.121600 
0.151564 
0.200680 
0.254121 
0.297059 
0.314667 
0.314667 
0.314667 
0.314667 
0.314667 
0.314667 
0.314667 
0.314667 
0.314667 
0.314667 
0.314667 
0.314667 
0.314667 
0.314667 
0.314667 
0.314667 
0.297059 
0.254121 
0.200680 
0.151564 
0.121600 
0.106695 
0.093489 
0.082909 
0.075882 
0.073333 
0.073333 
0.073333 
0.073333 
0.073333 
0.073333 
0.084618 
0.112136 
0.146385 
0.177863 
0.197067 
0.206619 
0.215082 
0.221863 
0.226367 
0.228000 
0.228000 
0.228000 
0.228000 
0.228000 
0.228000 
0.226367 
0.221863 
0.215082 
0.206619 
0.197067 
0.177863 
0.146385 
0.112136 
0.084618 
0.073333 
0.073333 
0.073333 
0.073333 
0.073333 
0.073333 
0.079666 
0.096192 
0.119206 
0.145000 
0.169867 
0.199753 
0.237517 
0.274818 
0.303314 
0.314667 
0.314667 
0.314667 
0.314667 
0.314667 
0.314667 
0.314667 
0.314667 
0.314667 
0.314667 
0.314667 
0.314667 
0.314667 
0.314667 
0.314667 
0.314667 
0.289568 
0.229717 
0.158283 
0.098432 
0.073333 
0.089419 
0.127776 
0.173557 
0.211915 
0.228000 
0.228000 
0.228000 
0.228000 
0.228000 
0.228000 
0.228000 
0.228000 
0.228000 
0.228000 
0.228000 
0.223942 
0.213350 
0.198601 
0.182070 
0.166133 
0.146979 
0.122777 
0.098872 
0.080609 
0.073333 
0.073333 
0.073333 
0.073333 
0.073333 
0.073333 
0.073333 
0.073333 
0.073333 
0.073333 
0.073333 
0.073333 
0.073333 
0.073333 
0.073333 
0.073333 
0.073333 
0.073333 
0.073333 
0.073333 
0.073333 
0.073333 
0.073333 
0.073333 
0.073333 
0.073333 
0.073333 
0.073333 
0.073333 
0.073333 
0.073333 
0.073333 
0.073333 
0.073333 
0.073333 
0.073333 
0.098432 
0.158283 
0.229717 
0.289568 
0.314667 
0.314667 
0.314667 
0.314667 
0.314667 
0.314667 
0.314667 
0.314667 
0.314667 
0.314667 
0.314667 
0.321101 
0.336444 
0.354756 
0.370099 
0.376533 
0.373288 
0.364718 
0.352570 
0.338593 
0.324533 
0.305842 
0.280821 
0.255491 
0.235877 
0.228000 
0.228000 
0.228000 
0.228000 
0.228000 
0.228000 
0.216716 
0.189197 
0.154948 
0.123470 
0.104267 
0.094714 
0.086251 
0.079471 
0.074967 
0.073333 
0.073333 
0.073333 
0.073333 
0.073333 
0.073333 
0.073333 
0.073333 
0.073333 
0.073333 
0.073333 
0.073333 
0.073333 
0.073333 
0.073333 
0.073333 
0.073333 
0.073333 
0.073333 
0.073333 
0.073333 
0.073333 
0.073333 
0.073333 
0.073333 
0.073333 
0.075882 
0.082909 
0.093489 
0.106695 
0.121600 
0.148565 
0.191684 
0.240627 
0.285065 
0.314667 
0.330719 
0.342810 
0.353061 
0.363595 
0.376533 
0.395687 
0.419889 
0.443795 
0.462058 
0.469333 
0.469333 
0.469333 
0.469333 
0.469333 
0.469333 
0.455076 
0.418839 
0.370423 
0.319632 
0.276267 
0.236770 
0.194559 
0.154897 
0.123045 
0.104267 
0.094338 
0.085827 
0.079188 
0.074872 
0.073333 
0.073333 
0.073333 
0.073333 
0.073333 
0.073333 
0.073333 
0.073333 
0.073333 
0.073333 
0.073333 
0.073333 
0.073333 
0.073333 
0.073333 
0.073333 
0.073333 
0.073333 
0.073333 
0.073333 
0.073333 
0.073333 
0.073333 
0.073333 
0.073333 
0.073333 
0.073333 
0.073333 
0.073333 
0.073333 
0.073333 
0.073333 
0.073333 
0.073333 
0.073333 
0.073333 
0.073333 
0.073333 
0.073333 
0.073333 
0.073333 
0.095729 
0.151261 
0.222449 
0.291811 
0.341867 
0.377251 
0.411629 
0.441061 
0.461609 
0.469333 
0.469333 
0.469333 
0.469333 
0.469333 
0.469333 
0.467794 
0.463479 
0.456839 
0.448329 
0.438400 
0.419622 
0.387770 
0.348107 
0.305897 
0.266400 
0.223035 
0.172243 
0.123828 
0.087591 
0.073333 
0.073333 
0.073333 
0.073333 
0.073333 
0.073333 
0.073333 
0.073333 
0.073333 
0.073333 
0.073333 
0.073333 
0.073333 
0.073333 
0.073333 
0.073333 
0.073333 
0.073333 
0.073333 
0.073333 
0.073333 
0.073333 
0.073333 
0.073333 
0.073333 
0.073333 
0.073333 
0.073333 
0.073333 
0.073333 
0.073333 
0.073333 
0.073333 
0.073333 
0.073333 
0.073333 
0.073333 
0.073333 
0.073333 
0.073333 
0.073333 
0.073333 
0.073333 
0.073333 
0.073333 
0.073333 
0.075882 
0.082909 
0.093489 
0.106695 
0.121600 
0.146068 
0.184192 
0.229389 
0.275075 
0.314667 
0.352736 
0.393841 
0.431378 
0.458744 
0.469333 
0.469333 
0.469333 
0.469333 
0.469333 
0.469333 
