0.000000 
0.000000 
0.000000 
0.000000 
0.000000 
0.000000 
0.000000 
0.000000 
0.000000 
0.000000 
0.000000 
0.000000 
0.000000 
0.000000 
0.000000 
0.000000 
0.000000 
0.000000 
0.000000 
0.000000 
0.000000 
0.000000 
0.000000 
0.000000 
0.000000 
0.000000 
0.000000 
0.000000 
0.000000 
0.000000 
0.000000 
0.000000 
0.000000 
0.000000 
0.000000 
0.000000 
0.000000 
0.000000 
0.000000 
0.000000 
0.000000 
0.000000 
0.000000 
0.000000 
0.000000 
0.000000 
0.000000 
0.000000 
0.000000 
0.000000 
0.000000 
0.000000 
0.000000 
0.000000 
0.000000 
0.000000 
0.000000 
0.000000 
0.000000 
0.000000 
0.000000 
0.000000 
0.000000 
0.000000 
0.000000 
0.000000 
0.000000 
0.000000 
0.000000 
0.000000 
0.000000 
0.000000 
0.000000 
0.000000 
0.000000 
0.000000 
0.000000 
0.000000 
0.000000 
0.000000 
0.000000 
0.000000 
0.000000 
0.000000 
0.000000 
0.000000 
0.000000 
0.000000 
0.000000 
0.000000 
0.000000 
0.000000 
0.000000 
0.000000 
0.000000 
0.000000 
0.000000 
0.000000 
0.000000 
0.000000 
0.000000 
0.000000 
0.000000 
0.000000 
0.000000 
0.000000 
0.000000 
0.000000 
0.000000 
0.000000 
0.000000 
0.000000 
0.000000 
0.000000 
0.000000 
0.000000 
0.000000 
0.000000 
0.000000 
0.000000 
0.000000 
0.000000 
0.000000 
0.000000 
0.000000 
0.000000 
0.000000 
0.000000 
0.000000 
0.000000 
0.000000 
0.000000 
0.000000 
0.000000 
0.000000 
0.000000 
0.000000 
0.000000 
0.000000 
0.000000 
0.000000 
0.000000 
0.000000 
0.000000 
0.000000 
0.000000 
0.000000 
0.000000 
0.000000 
0.000000 
0.000000 
0.000000 
0.000000 
0.000000 
0.000000 
0.000000 
0.000000 
0.000000 
0.000000 
0.000000 
0.000000 
0.000000 
0.000000 
0.000000 
0.000000 
0.000000 
0.000000 
0.000000 
0.000000 
0.000000 
0.000000 
0.000000 
0.000000 
0.000000 
0.000000 
0.000000 
0.000000 
0.000000 
0.000000 
0.000000 
0.000000 
0.000000 
0.000000 
0.000000 
0.000000 
0.000000 
0.000000 
0.000000 
0.000000 
0.000000 
0.000000 
0.000000 
0.000000 
0.000000 
0.000000 
0.000000 
0.000000 
0.000000 
0.000000 
0.000000 
0.000000 
0.000000 
0.000000 
0.000000 
0.000000 
0.000000 
0.000000 
0.000000 
0.000000 
0.000000 
0.000000 
0.000000 
0.000000 
0.000000 
0.000000 
0.000000 
0.000000 
0.000000 
0.000000 
0.000000 
0.000000 
0.000000 
0.000000 
0.000000 
0.000000 
0.000000 
0.000000 
0.000000 
0.000000 
0.000000 
0.000000 
0.000000 
0.000000 
0.000000 
0.000000 
0.000000 
0.000000 
0.000000 
0.000000 
0.000000 
0.000000 
0.000000 
0.000000 
0.000000 
0.000000 
0.000000 
0.000000 
0.000000 
0.000000 
0.000000 
0.000000 
0.000000 
0.000000 
0.000000 
0.000000 
0.000000 
0.000000 
0.000000 
0.000000 
0.000000 
0.000000 
0.000000 
0.000000 
0.000000 
0.000000 
0.000000 
0.000000 
0.000000 
0.000000 
0.000000 
0.000000 
0.000000 
0.000000 
0.000000 
0.000000 
0.000000 
0.000000 
0.000000 
0.000000 
0.000000 
0.000000 
0.000000 
0.000000 
0.000000 
0.000000 
0.000000 
0.000000 
0.000000 
0.000000 
0.000000 
0.000000 
0.000000 
0.000000 
0.000000 
0.000000 
0.000000 
0.000000 
0.000000 
0.000000 
0.000000 
0.000000 
0.000000 
0.000000 
0.000000 
0.000000 
0.000000 
0.000000 
0.000000 
0.000000 
0.000000 
0.000000 
0.000000 
0.000000 
0.000000 
0.000000 
0.000000 
0.000000 
0.000000 
0.000000 
0.000000 
0.000000 
0.000000 
0.000000 
0.000000 
0.000000 
0.000000 
0.000000 
0.000000 
0.000000 
0.000000 
0.000000 
0.000000 
0.000000 
0.000000 
0.000000 
0.000000 
0.000000 
0.000000 
0.000000 
0.000000 
0.000000 
0.000000 
0.000000 
0.000000 
0.000000 
0.000000 
0.000000 
0.000000 
0.000000 
0.000000 
0.000000 
0.000000 
0.000000 
0.000000 
0.000000 
0.000000 
0.000000 
0.000000 
0.000000 
0.000000 
0.000000 
0.000000 
0.000000 
0.000000 
0.000000 
0.000000 
0.000000 
0.000000 
0.000000 
0.000000 
0.000000 
0.000000 
0.000000 
0.000000 
0.000000 
0.000000 
0.000000 
0.000000 
0.000000 
0.000000 
0.000000 
0.000000 
0.000000 
0.000000 
0.000000 
0.000000 
0.000000 
0.000000 
0.000000 
0.000000 
0.000000 
0.000000 
0.000000 
0.000000 
0.000000 
0.000000 
0.000000 
0.000000 
0.000000 
0.000000 
0.000000 
0.000000 
0.000000 
0.000000 
0.000000 
0.000000 
0.000000 
0.000000 
0.000000 
0.000000 
0.000000 
0.000000 
0.000000 
0.000000 
0.000000 
0.000000 
0.000000 
0.000000 
0.000000 
0.000000 
0.000000 
0.004311 
0.013573 
0.021763 
0.025271 
0.021518 
0.025360 
0.022435 
0.018524 
0.020400 
0.020563 
0.032510 
0.041662 
0.060839 
0.062683 
0.070813 
0.069196 
0.089841 
0.092135 
0.094806 
0.092041 
0.115367 
0.110129 
0.102014 
0.117252 
0.101472 
0.133103 
0.124296 
0.166916 
0.167708 
0.175350 
0.139327 
0.140315 
0.150210 
0.153376 
0.132947 
0.172387 
0.194308 
0.194779 
0.188131 
0.146872 
0.171031 
0.137893 
0.118153 
0.078604 
0.064797 
0.002174 
0.000000 
0.000000 
0.000000 
0.000000 
0.000000 
0.019744 
0.085106 
0.104411 
0.106547 
0.114429 
0.170721 
0.170613 
0.153839 
0.120187 
0.160201 
0.129182 
0.175137 
0.158072 
0.133908 
0.151298 
0.174186 
0.158420 
0.160819 
0.195497 
0.145309 
0.130697 
0.143363 
0.192150 
0.175617 
0.184322 
0.173595 
0.181277 
0.174208 
0.155701 
0.144150 
0.104528 
0.072595 
0.088158 
0.120942 
0.120177 
0.133511 
0.183870 
0.203447 
0.211474 
0.123215 
0.073929 
0.010948 
0.000000 
0.000000 
0.000000 
0.000000 
0.000000 
0.000000 
0.000000 
0.000000 
0.000000 
0.011362 
0.061311 
0.109618 
0.156026 
0.210180 
0.253035 
0.255701 
0.250054 
0.273950 
0.276145 
0.288959 
0.262611 
0.326001 
0.298043 
0.302048 
0.293926 
0.227453 
0.269147 
0.328680 
0.237069 
0.243985 
0.296846 
0.262203 
0.282689 
0.269939 
0.244983 
0.286802 
0.274368 
0.342743 
0.246152 
0.280995 
0.213872 
0.262652 
0.307881 
0.335837 
0.272406 
0.274840 
0.320250 
0.238772 
0.300409 
0.276427 
0.273711 
0.330893 
0.307731 
0.295896 
0.359151 
0.297751 
0.265504 
0.303293 
0.323396 
0.330200 
0.323906 
0.329746 
0.388140 
0.369733 
0.472672 
0.346451 
0.404056 
0.289471 
0.371437 
0.306296 
0.303149 
0.350274 
0.349881 
0.312510 
0.329386 
0.287829 
0.319421 
0.311845 
0.395642 
0.385827 
0.450708 
0.308261 
0.316003 
0.199087 
0.096472 
0.088627 
0.097787 
0.118146 
0.157527 
0.158237 
0.196035 
0.290182 
0.290029 
0.389219 
0.416136 
0.405857 
0.415379 
0.452235 
0.412913 
0.292489 
0.344278 
0.304236 
0.248595 
0.197698 
0.155874 
0.141856 
0.114062 
0.093156 
0.056245 
0.037417 
0.034141 
0.068791 
0.159114 
0.314954 
0.376206 
0.490692 
0.452195 
0.398238 
0.320104 
0.322350 
0.360182 
0.370646 
0.273917 
0.214984 
0.142490 
0.156492 
0.154963 
0.234145 
0.338780 
0.425587 
0.489453 
0.483741 
0.492159 
0.433194 
0.383316 
0.386274 
0.378968 
0.355512 
0.372704 
0.291947 
0.284409 
0.336413 
0.411207 
0.402287 
0.477033 
0.447779 
0.415136 
0.338709 
0.343075 
0.262365 
0.199801 
0.121141 
0.062364 
0.000000 
0.000000 
0.000000 
0.000000 
0.000000 
0.000000 
0.000000 
0.000000 
0.000000 
0.001439 
0.102456 
0.259158 
0.286452 
0.294463 
0.356693 
0.382412 
0.426430 
0.438475 
0.455579 
0.420970 
0.384927 
0.436536 
0.428951 
0.466995 
0.489591 
0.457441 
0.400862 
0.433323 
0.455741 
0.531718 
0.431546 
0.398914 
0.401237 
0.433782 
0.446015 
0.428854 
0.429727 
0.333992 
0.334851 
0.186446 
0.085870 
0.000000 
0.000000 
0.000000 
0.000000 
0.000000 
0.018846 
0.049465 
0.077383 
0.099535 
0.139899 
0.154935 
0.146673 
0.116765 
0.079939 
0.046666 
0.003227 
0.000000 
0.002975 
0.052438 
0.095974 
0.135855 
0.203481 
0.238715 
0.269576 
0.325179 
0.229671 
0.325756 
0.286513 
0.190383 
0.130200 
0.051253 
0.015797 
0.018871 
0.025666 
0.027677 
0.027873 
0.037806 
0.030926 
0.021223 
0.009071 
0.000454 
0.000000 
0.001882 
0.012925 
0.043408 
0.053375 
0.081192 
0.093497 
0.111456 
0.125810 
0.144605 
0.194284 
0.230170 
0.310862 
0.357904 
0.429260 
0.406794 
0.468047 
0.381787 
0.412694 
0.347938 
0.270190 
0.262001 
0.210054 
0.145422 
0.027479 
0.000000 
0.000000 
0.000000 
0.000000 
0.000000 
0.000000 
0.000000 
0.000000 
0.035196 
0.094993 
0.145844 
0.215660 
0.242821 
0.438835 
0.530053 
0.468189 
0.436766 
0.535238 
0.381381 
0.503801 
0.474885 
0.387612 
0.432213 
0.409522 
0.464075 
0.390139 
0.419210 
0.364814 
0.343414 
0.421926 
0.399929 
0.442942 
0.436348 
0.404922 
0.386182 
0.380490 
0.460102 
0.392439 
0.396647 
0.390899 
0.512443 
0.370960 
0.541164 
0.482806 
0.434692 
0.548183 
0.545650 
0.424698 
0.523187 
0.460994 
0.493186 
0.362235 
0.378129 
0.274108 
0.322995 
0.226901 
0.225032 
0.321174 
0.452458 
0.436726 
0.449154 
0.382314 
0.504768 
0.441298 
0.383450 
0.438880 
0.370082 
0.455646 
0.533197 
0.423502 
0.428023 
0.459437 
0.359814 
0.465534 
0.329199 
0.420942 
0.336003 
0.407109 
0.303741 
0.282922 
0.257703 
0.220142 
0.221823 
0.170630 
0.178080 
0.182390 
0.151689 
0.213877 
0.295148 
0.346749 
0.402931 
0.421515 
0.460506 
0.320866 
0.373398 
0.414934 
0.362563 
0.342482 
0.375497 
0.305728 
0.333031 
0.346038 
0.340430 
0.357078 
0.356350 
0.418012 
0.375268 
0.391401 
0.322995 
0.306727 
0.339538 
0.233219 
0.333436 
0.304597 
0.252011 
0.267778 
0.269575 
0.269467 
0.281109 
0.271723 
0.255367 
0.251576 
0.253750 
0.344435 
0.317939 
0.324353 
0.314245 
0.390329 
0.273023 
0.352300 
0.365730 
0.249333 
0.182411 
0.133669 
0.056480 
0.017127 
0.004372 
0.000000 
0.000000 
0.000000 
0.000000 
0.000000 
0.000000 
0.000000 
0.000000 
0.000000 
0.000000 
0.000000 
0.000000 
0.000000 
0.009590 
0.024102 
0.059020 
0.077566 
0.142107 
0.128330 
0.210088 
0.238827 
0.265975 
0.291371 
0.361967 
0.273010 
0.287515 
0.229096 
0.183746 
0.244695 
0.179572 
0.175419 
0.140279 
0.135591 
0.115257 
0.111882 
0.102249 
0.094684 
0.085101 
0.096705 
0.110901 
0.115212 
0.123420 
0.116928 
0.178189 
0.140568 
0.270800 
0.206636 
0.347178 
0.352461 
0.352937 
0.257433 
0.271379 
0.331347 
0.303500 
0.254355 
0.218665 
0.275123 
0.197176 
0.184339 
0.174482 
0.153896 
0.167534 
0.150986 
0.146292 
0.147671 
0.169669 
0.182100 
0.201251 
0.168946 
0.171336 
0.165412 
0.230924 
0.250165 
0.243003 
0.241904 
0.224186 
0.269059 
0.242887 
0.278626 
0.229096 
0.193872 
0.137947 
0.102852 
0.113407 
0.131177 
0.127196 
0.216205 
0.172363 
0.209449 
0.207400 
0.163408 
0.131061 
0.095888 
0.075364 
0.084141 
0.092395 
0.097188 
0.126403 
0.129593 
0.093624 
0.110083 
0.111613 
0.124836 
0.104688 
0.101059 
0.107350 
0.093598 
0.091284 
0.087714 
0.076087 
0.077572 
0.065267 
0.054898 
0.054305 
0.047277 
0.037054 
0.032109 
0.027901 
0.017220 
0.010742 
0.005457 
0.000395 
0.000000 
0.000000 
0.000000 
0.000000 
0.000000 
0.000000 
0.000000 
0.000000 
0.000000 
0.000000 
0.000000 
0.000000 
0.000000 
0.000000 
0.000000 
0.000000 
0.000000 
0.000000 
0.000000 
0.000000 
0.000000 
0.000000 
0.000000 
0.000000 
0.000000 
0.000000 
0.000000 
0.000000 
0.000000 
0.000000 
0.001510 
0.003341 
0.006312 
0.008675 
0.013195 
0.015566 
0.015150 
0.017786 
0.020017 
0.019918 
0.018086 
0.017190 
0.020665 
0.020900 
0.018883 
0.017381 
0.018041 
0.020614 
0.025540 
0.032169 
0.046239 
0.039360 
0.052095 
0.038258 
0.048705 
0.058403 
0.055711 
0.081505 
0.106339 
0.119240 
0.118446 
0.158445 
0.191892 
0.169209 
0.134176 
0.137553 
0.119319 
0.130320 
0.101974 
0.084668 
0.078777 
0.062792 
0.066256 
0.051908 
0.049818 
0.053132 
0.059562 
0.049176 
0.042852 
0.036188 
0.022981 
0.015967 
0.009991 
0.006792 
0.004756 
0.001563 
0.000000 
0.000000 
0.000000 
0.000000 
0.000000 
0.000000 
0.000000 
0.000000 
0.000000 
0.000997 
0.001336 
0.000984 
0.000342 
0.000000 
0.000000 
0.000000 
0.000000 
0.000000 
0.000000 
0.000000 
0.000000 
0.000000 
0.000000 
0.000481 
0.002357 
0.002897 
0.002416 
0.001463 
0.000000 
0.000000 
0.000000 
0.000000 
0.000000 
0.000000 
0.000000 
0.000000 
0.000000 
0.000000 
0.000000 
0.000000 
0.000000 
0.000000 
0.000000 
0.000000 
0.000000 
0.000000 
0.000000 
0.000000 
0.000000 
0.000000 
0.000000 
0.000000 
0.000000 
0.000000 
0.000000 
0.000000 
0.000000 
0.000000 
0.000000 
0.000000 
0.000000 
0.000000 
0.000000 
0.000000 
0.000000 
0.000000 
0.000000 
0.000000 
0.000000 
0.000000 
0.000000 
0.000000 
0.000000 
0.000000 
0.000000 
0.000000 
0.000000 
0.000000 
0.000000 
0.000000 
0.000000 
0.000000 
0.000000 
0.000000 
0.000000 
0.000000 
0.000000 
0.000000 
0.000000 
0.000000 
0.000000 
0.000000 
0.000000 
0.000000 
0.000000 
0.000000 
0.000000 
0.000000 
0.000000 
0.000000 
0.000000 
0.000000 
0.000000 
0.000000 
0.000000 
0.000000 
0.000000 
0.000000 
0.000000 
0.000000 
0.000000 
0.000000 
0.000000 
0.000000 
0.000000 
0.000000 
0.000000 
0.000000 
0.000000 
0.000000 
0.000000 
0.000000 
0.000000 
0.000000 
0.000000 
0.000000 
0.000000 
0.000000 
0.000000 
0.000000 
0.000000 
0.000000 
0.000000 
0.000000 
0.000000 
0.000000 
0.000000 
0.000000 
0.000000 
0.000000 
0.000000 
0.000000 
0.000000 
0.000000 
0.000000 
0.000000 
0.000000 
0.000000 
0.000000 
0.000000 
0.000000 
0.000000 
0.000000 
0.000000 
0.000000 
0.000000 
0.000000 
0.000000 
0.000000 
0.000000 
0.000000 
0.000000 
0.000000 
0.000000 
0.000000 
0.000000 
0.000000 
0.000000 
0.000000 
0.000000 
0.000000 
0.000000 
0.000000 
0.000000 
0.000000 
0.000000 
0.000000 
0.000000 
0.000000 
0.000000 
0.000000 
0.000000 
0.000000 
0.000000 
0.000000 
0.000000 
0.000000 
0.000000 
0.000000 
0.000000 
0.000000 
0.000000 
0.000000 
0.000000 
0.000000 
0.000000 
0.000000 
0.000000 
0.000000 
0.000000 
0.000000 
0.000000 
0.000000 
0.000000 
0.000000 
0.000000 
0.000000 
0.000000 
0.000000 
0.000000 
0.000000 
0.000000 
0.000000 
0.000000 
0.000000 
0.000000 
0.000000 
0.000000 
0.000000 
0.000000 
0.000000 
0.000000 
0.000000 
0.000000 
0.000000 
0.000000 
0.000000 
0.000000 
0.000000 
0.000000 
0.000000 
0.000000 
0.000000 
0.000000 
0.000000 
0.000000 
0.000000 
0.000000 
0.000000 
0.000000 
0.000000 
0.000000 
0.000000 
0.000000 
0.000000 
0.000000 
0.000000 
0.000000 
0.000000 
0.000000 
0.000000 
0.000000 
0.000000 
0.000000 
0.000000 
0.000000 
0.000000 
0.000000 
0.000000 
0.000000 
0.000000 
0.000000 
0.000000 
0.000000 
0.000000 
0.000000 
0.000000 
0.000000 
0.000000 
0.000000 
0.000000 
0.000000 
0.000000 
0.000000 
0.000000 
0.000000 
0.000000 
0.000000 
0.000000 
0.000000 
0.000000 
0.000000 
0.000000 
0.000000 
0.000000 
0.000000 
0.000000 
0.000000 
0.000000 
0.000000 
0.000000 
0.000000 
0.000000 
0.000000 
0.000000 
0.000000 
0.000000 
0.000000 
0.000000 
0.000000 
0.000000 
0.000000 
0.000000 
0.000000 
0.000000 
0.000000 
0.000000 
0.000000 
0.000000 
0.000000 
0.000000 
0.000000 
0.000000 
0.000000 
0.000000 
0.000000 
0.000000 
0.000000 
0.000000 
0.000000 
0.000000 
