0.081333 
0.081333 
0.081333 
0.081333 
0.081333 
0.081333 
0.081333 
0.081333 
0.081333 
0.081333 
0.081333 
0.081333 
0.081333 
0.081333 
0.081333 
0.081333 
0.081333 
0.081333 
0.081333 
0.081333 
0.088716 
0.107981 
0.134809 
0.164878 
0.193867 
0.228707 
0.272730 
0.316213 
0.349433 
0.362667 
0.362667 
0.362667 
0.362667 
0.362667 
0.362667 
0.345111 
0.303249 
0.253284 
0.211422 
0.193867 
0.196065 
0.201719 
0.209421 
0.217762 
0.225333 
0.233376 
0.242841 
0.251885 
0.258664 
0.261333 
0.261333 
0.261333 
0.261333 
0.261333 
0.261333 
0.261333 
0.261333 
0.261333 
0.261333 
0.261333 
0.248201 
0.216175 
0.176316 
0.139682 
0.117333 
0.106217 
0.096367 
0.088476 
0.083234 
0.081333 
0.081333 
0.081333 
0.081333 
0.081333 
0.081333 
0.081333 
0.081333 
0.081333 
0.081333 
0.081333 
0.081333 
0.081333 
0.081333 
0.081333 
0.081333 
0.087596 
0.103940 
0.126699 
0.152208 
0.176800 
0.206356 
0.243703 
0.280591 
0.308773 
0.320000 
0.320000 
0.320000 
0.320000 
0.320000 
0.320000 
0.327382 
0.346648 
0.373476 
0.403545 
0.432533 
0.467374 
0.511397 
0.554880 
0.588099 
0.601333 
0.582840 
0.536306 
0.475152 
0.412799 
0.362667 
0.322876 
0.284003 
0.248144 
0.217399 
0.193867 
0.174573 
0.156370 
0.141093 
0.130579 
0.126667 
0.142752 
0.181109 
0.226891 
0.265248 
0.281333 
0.260533 
0.210933 
0.151733 
0.102133 
0.081333 
0.081333 
0.081333 
0.081333 
0.081333 
0.081333 
0.081333 
0.081333 
0.081333 
0.081333 
0.081333 
0.089801 
0.111055 
0.138876 
0.167042 
0.189333 
0.207881 
0.227119 
0.244284 
0.256610 
0.261333 
0.261333 
0.261333 
0.261333 
0.261333 
0.261333 
0.261333 
0.261333 
0.261333 
0.261333 
0.261333 
0.252866 
0.231612 
0.203791 
0.175625 
0.153333 
0.134786 
0.115548 
0.098383 
0.086057 
0.081333 
0.081333 
0.081333 
0.081333 
0.081333 
0.081333 
0.100499 
0.149402 
0.215148 
0.284845 
0.345600 
0.405467 
0.473048 
0.536268 
0.583055 
0.601333 
0.601333 
0.601333 
0.601333 
0.601333 
0.601333 
0.580807 
0.530752 
0.468454 
0.411197 
0.376267 
0.361806 
0.352239 
0.344277 
0.334627 
0.320000 
0.283522 
0.222876 
0.156602 
0.103241 
0.081333 
0.081333 
0.081333 
0.081333 
0.081333 
0.081333 
0.081333 
0.081333 
0.081333 
0.081333 
0.081333 
0.083234 
0.088476 
0.096367 
0.106217 
0.117333 
0.139682 
0.176316 
0.216175 
0.248201 
0.261333 
0.261333 
0.261333 
0.261333 
0.261333 
0.261333 
0.261333 
0.261333 
0.261333 
0.261333 
0.261333 
0.259433 
0.254191 
0.246300 
0.236450 
0.225333 
0.202985 
0.166351 
0.126492 
0.094466 
0.081333 
0.092560 
0.120742 
0.157630 
0.194977 
0.224533 
0.249126 
0.274634 
0.297393 
0.313737 
0.320000 
0.320000 
0.320000 
0.320000 
0.320000 
0.320000 
0.320000 
0.320000 
0.320000 
0.320000 
0.320000 
0.317480 
0.310530 
0.300067 
0.287007 
0.272267 
0.242634 
0.194060 
0.141210 
0.098746 
0.081333 
0.081333 
0.081333 
0.081333 
0.081333 
0.081333 
0.110592 
0.180363 
0.263637 
0.333408 
0.362667 
0.362667 
0.362667 
0.362667 
0.362667 
0.362667 
0.359696 
0.351503 
0.339170 
0.323775 
0.306400 
0.271470 
0.214213 
0.151914 
0.101859 
0.081333 
0.081333 
0.081333 
0.081333 
0.081333 
0.081333 
0.081333 
0.081333 
0.081333 
0.081333 
0.081333 
0.081333 
0.081333 
0.081333 
0.081333 
0.081333 
0.091270 
0.117373 
0.154081 
0.195832 
0.237067 
0.289450 
0.357787 
0.426226 
0.478914 
0.500000 
0.500000 
0.500000 
0.500000 
0.500000 
0.500000 
0.500000 
0.500000 
0.500000 
0.500000 
0.500000 
0.493668 
0.476683 
0.452064 
0.422830 
0.392000 
0.346007 
0.280250 
0.211196 
0.155313 
0.129067 
0.123630 
0.119253 
0.116021 
0.114020 
0.113333 
0.118838 
0.134412 
0.158647 
0.190135 
0.227467 
0.292332 
0.405266 
0.563128 
0.762775 
1.001067 
1.539975 
2.460066 
3.486090 
4.342796 
4.754933 
4.841716 
4.908053 
4.957240 
4.992569 
5.017333 
5.037161 
5.054679 
5.068684 
5.077970 
5.081333 
4.736747 
3.915040 
2.934293 
2.112587 
1.768000 
1.775655 
1.796075 
1.825441 
1.859933 
1.895733 
1.947619 
2.020468 
2.095615 
2.154393 
2.178133 
2.097678 
1.898750 
1.645010 
1.400118 
1.227733 
1.111370 
1.000067 
0.905773 
0.840434 
0.816000 
0.819068 
0.827433 
0.839838 
0.855024 
0.871733 
0.901505 
0.947840 
0.997422 
1.036936 
1.053067 
1.044374 
1.022573 
0.994078 
0.965304 
0.942667 
0.926238 
0.911418 
0.897613 
0.884227 
0.870667 
0.858068 
0.846818 
0.835201 
0.821501 
0.804000 
0.772020 
0.724070 
0.672216 
0.628527 
0.605067 
0.596354 
0.589061 
0.583485 
0.579921 
0.578667 
0.697566 
0.997018 
1.391154 
1.794104 
2.120000 
2.401523 
2.698660 
2.966502 
3.160141 
3.234667 
3.234667 
3.234667 
3.234667 
3.234667 
3.234667 
3.248092 
3.283241 
3.332425 
3.387952 
3.442133 
3.509044 
3.594927 
3.680341 
3.745845 
3.772000 
3.743357 
3.663992 
3.543748 
3.392469 
3.220000 
2.857982 
2.252907 
1.586895 
1.042064 
0.800533 
0.777013 
0.761972 
0.751171 
0.740371 
0.725333 
0.703722 
0.677929 
0.650809 
0.625215 
0.604000 
0.584944 
0.565642 
0.548668 
0.536596 
0.532000 
0.573740 
0.677380 
0.810551 
0.940880 
1.036000 
1.104634 
1.171807 
1.229596 
1.270079 
1.285333 
1.229035 
1.094784 
0.934549 
0.800299 
0.744000 
0.744000 
0.744000 
0.744000 
0.744000 
0.744000 
0.731519 
0.700188 
0.659178 
0.617659 
0.584800 
0.557460 
0.529101 
0.503799 
0.485629 
0.478667 
0.478667 
0.478667 
0.478667 
0.478667 
0.478667 
0.482823 
0.494015 
0.510329 
0.529851 
0.550667 
0.583546 
0.631836 
0.682486 
0.722447 
0.738667 
0.738667 
0.738667 
0.738667 
0.738667 
0.738667 
0.738667 
0.738667 
0.738667 
0.738667 
0.738667 
0.733425 
0.720926 
0.706007 
0.693508 
0.688267 
0.869171 
1.300559 
1.815441 
2.246829 
2.427733 
2.260889 
1.853344 
1.344581 
0.874083 
0.581333 
0.428609 
0.292019 
0.181790 
0.108152 
0.081333 
0.081333 
0.081333 
0.081333 
0.081333 
0.081333 
0.135413 
0.264373 
0.418293 
0.547253 
0.601333 
0.601333 
0.601333 
0.601333 
0.601333 
0.601333 
0.598362 
0.590170 
0.577836 
0.562442 
0.545067 
0.515737 
0.469683 
0.415786 
0.362930 
0.320000 
0.286369 
0.255387 
0.226900 
0.200755 
0.176800 
0.152208 
0.126699 
0.103940 
0.087596 
0.081333 
0.081333 
0.081333 
0.081333 
0.081333 
0.081333 
0.081333 
0.081333 
0.081333 
0.081333 
0.081333 
0.081333 
0.081333 
0.081333 
0.081333 
0.081333 
0.081333 
0.081333 
0.081333 
0.081333 
0.081333 
0.081333 
0.081333 
0.081333 
0.081333 
0.081333 
0.081333 
0.081333 
0.081333 
0.081333 
0.081333 
0.081333 
0.081333 
0.081333 
0.081333 
0.081333 
0.081333 
0.081333 
0.081333 
0.081333 
0.081333 
0.117204 
0.203782 
0.309518 
0.402863 
0.452267 
0.468057 
0.481249 
0.491318 
0.497742 
0.500000 
0.500000 
0.500000 
0.500000 
0.500000 
0.500000 
0.500000 
0.500000 
0.500000 
0.500000 
0.500000 
0.477382 
0.421126 
0.348633 
0.277302 
0.224533 
0.185520 
0.146992 
0.113649 
0.090196 
0.081333 
0.081333 
0.081333 
0.081333 
0.081333 
0.081333 
0.110592 
0.180363 
0.263637 
0.333408 
0.362667 
0.362667 
0.362667 
0.362667 
0.362667 
0.362667 
0.359696 
0.351503 
0.339170 
0.323775 
0.306400 
0.271470 
0.214213 
0.151914 
0.101859 
0.081333 
0.081333 
0.081333 
0.081333 
0.081333 
0.081333 
0.081333 
0.081333 
0.081333 
0.081333 
0.081333 
0.081333 
0.081333 
0.081333 
0.081333 
0.081333 
0.081333 
0.081333 
0.081333 
0.081333 
0.081333 
0.106155 
0.165344 
0.235989 
0.295179 
0.320000 
0.320000 
0.320000 
0.320000 
0.320000 
0.320000 
0.320000 
0.320000 
0.320000 
0.320000 
0.320000 
0.338720 
0.383360 
0.436640 
0.481280 
0.500000 
0.488773 
0.460591 
0.423703 
0.386356 
0.356800 
0.332208 
0.306699 
0.283940 
0.267596 
0.261333 
0.278889 
0.320751 
0.370716 
0.412578 
0.430133 
0.423117 
0.406385 
0.386415 
0.369683 
0.362667 
0.362667 
0.362667 
0.362667 
0.362667 
0.362667 
0.342141 
0.292086 
0.229787 
0.172530 
0.137600 
0.120225 
0.104830 
0.092497 
0.084304 
0.081333 
0.081333 
0.081333 
0.081333 
0.081333 
0.081333 
0.081333 
0.081333 
0.081333 
0.081333 
0.081333 
0.081333 
0.081333 
0.081333 
0.081333 
0.081333 
0.081333 
0.081333 
0.081333 
0.081333 
0.081333 
0.106155 
0.165344 
0.235989 
0.295179 
0.320000 
0.320000 
0.320000 
0.320000 
0.320000 
0.320000 
0.320000 
0.320000 
0.320000 
0.320000 
0.320000 
0.320000 
0.320000 
0.320000 
0.320000 
0.320000 
0.308773 
0.280591 
0.243703 
0.206356 
0.176800 
0.152208 
0.126699 
0.103940 
0.087596 
0.081333 
0.081333 
0.081333 
0.081333 
0.081333 
0.081333 
0.106942 
0.172110 
0.259354 
0.351190 
0.430133 
0.505998 
0.590493 
0.668976 
0.726804 
0.749333 
0.749333 
0.749333 
0.749333 
0.749333 
0.749333 
0.733516 
0.692879 
0.637644 
0.578032 
0.524267 
0.469111 
0.405697 
0.344793 
0.297171 
0.273600 
0.266263 
0.260270 
0.255785 
0.252974 
0.252000 
0.252000 
0.252000 
0.252000 
0.252000 
0.252000 
0.252000 
0.252000 
0.252000 
0.252000 
0.252000 
0.258263 
0.274607 
0.297366 
0.322874 
0.347467 
0.372660 
0.401280 
0.431623 
0.461986 
0.490667 
0.519988 
0.551112 
0.580587 
0.604967 
0.620800 
0.629246 
0.634947 
0.639678 
0.645215 
0.653333 
0.670966 
0.698550 
0.728118 
0.751701 
0.761333 
0.744000 
0.702667 
0.653333 
0.612000 
0.594667 
0.594667 
0.594667 
0.594667 
0.594667 
0.594667 
0.594667 
0.594667 
0.594667 
0.594667 
0.594667 
0.585602 
0.563153 
0.534436 
0.506568 
0.486667 
0.472867 
0.459548 
0.448197 
0.440297 
0.437333 
0.447539 
0.471876 
0.500924 
0.525261 
0.535467 
0.534746 
0.533026 
0.530974 
0.529254 
0.528533 
0.550953 
0.605734 
0.674159 
0.737509 
0.777067 
0.797877 
0.816521 
0.831586 
0.841661 
0.845333 
0.845333 
0.845333 
0.845333 
0.845333 
0.845333 
0.819297 
0.755972 
0.677532 
0.606150 
0.564000 
0.544730 
0.527908 
0.514588 
0.505823 
0.502667 
0.507686 
0.519657 
0.533943 
0.545914 
0.550933 
0.548856 
0.543305 
0.535299 
0.525858 
0.516000 
0.501455 
0.480837 
0.459491 
0.442764 
0.436000 
0.438764 
0.446201 
0.457029 
0.469967 
0.483733 
0.503918 
0.532701 
0.563685 
0.590472 
0.606667 
0.613681 
0.618258 
0.621995 
0.626488 
0.633333 
0.647997 
0.671378 
0.698228 
0.723296 
0.741333 
0.754222 
0.766487 
0.776840 
0.783996 
0.786667 
0.780036 
0.762923 
0.739500 
0.713935 
0.690400 
0.667240 
0.641595 
0.615823 
0.592283 
0.573333 
0.556938 
0.540789 
0.526837 
0.517035 
0.513333 
0.514504 
0.517699 
0.522442 
0.528257 
0.534667 
0.543761 
0.556906 
0.572545 
0.589118 
0.605067 
0.618159 
0.629468 
0.642390 
0.660324 
0.686667 
0.986910 
1.657060 
2.446289 
3.103767 
3.378667 
3.357153 
3.305102 
3.241247 
3.184324 
3.153067 
3.141611 
3.131907 
3.124411 
3.119579 
3.117867 
3.344282 
3.884194 
4.528606 
5.068518 
5.294933 
5.258252 
5.169391 
5.060124 
4.962225 
4.907467 
4.890211 
4.880171 
4.872146 
4.860933 
4.841333 
4.700462 
4.376424 
3.940502 
3.463978 
3.018133 
2.529399 
1.948054 
1.381157 
0.935764 
0.718933 
0.658761 
0.611444 
0.576185 
0.552191 
0.538667 
0.530668 
0.523965 
0.518835 
0.515555 
0.514400 
0.520806 
0.536083 
0.554317 
0.569594 
0.576000 
0.569847 
0.553243 
0.528969 
0.499805 
0.468533 
0.418153 
0.343424 
0.264764 
0.202594 
0.177333 
0.177333 
0.177333 
0.177333 
0.177333 
0.177333 
0.177333 
0.177333 
0.177333 
0.177333 
0.177333 
0.177333 
0.177333 
0.177333 
0.177333 
0.177333 
0.182242 
0.193948 
0.207919 
0.219625 
0.224533 
0.224533 
0.224533 
0.224533 
0.224533 
0.224533 
0.240472 
0.281876 
0.339123 
0.402593 
0.462667 
0.532058 
0.617750 
0.701518 
0.765143 
0.790400 
0.766716 
0.710238 
0.642829 
0.586351 
0.562667 
0.574390 
0.603213 
0.639614 
0.674072 
0.697067 
0.708244 
0.715601 
0.722143 
0.730874 
0.744800 
0.783098 
0.859996 
0.971079 
1.111930 
1.278133 
1.642360 
2.263269 
2.965424 
3.573391 
3.911733 
4.048302 
4.164198 
4.253864 
4.311739 
4.332267 
4.251603 
4.055397 
3.812322 
3.591054 
3.460267 
3.400311 
3.347947 
3.306468 
3.279166 
3.269333 
3.269888 
3.271211 
3.272789 
3.274112 
3.274667 
3.067538 
2.563040 
1.936507 
1.363271 
1.018667 
0.855729 
0.714841 
0.602355 
0.524623 
0.488000 
0.475188 
0.464813 
0.457111 
0.452317 
0.450667 
0.450781 
0.451117 
0.451663 
0.452406 
0.453333 
0.456900 
0.464967 
0.476638 
0.491015 
0.507200 
0.537719 
0.586216 
0.638466 
0.680246 
0.697333 
0.697333 
0.697333 
0.697333 
0.697333 
0.697333 
0.692092 
0.679593 
0.664674 
0.652175 
0.646933 
0.731381 
0.932757 
1.173109 
1.374485 
1.458933 
1.375844 
1.177709 
0.941225 
0.743089 
0.660000 
0.667765 
0.686283 
0.708384 
0.726901 
0.734667 
0.734613 
0.734452 
0.734185 
0.733812 
0.733333 
0.703291 
0.631920 
0.545755 
0.471336 
0.435200 
0.427711 
0.421636 
0.417119 
0.414304 
0.413333 
0.427228 
0.460361 
0.499906 
0.533039 
0.546933 
0.538669 
0.518961 
0.495439 
0.475731 
0.467467 
0.470837 
0.479710 
0.492232 
0.506547 
0.520800 
0.536845 
0.556366 
0.577250 
0.597388 
0.614667 
0.629147 
0.642471 
0.654902 
0.666701 
0.678133 
0.687527 
0.694759 
0.702415 
0.713078 
0.729333 
0.928833 
1.375768 
1.902526 
2.341496 
2.525067 
2.351678 
1.938212 
1.444721 
1.031255 
0.857867 
0.869384 
0.898553 
0.937296 
0.977537 
1.011200 
1.038901 
1.066131 
1.092124 
1.116113 
1.137333 
1.158185 
1.179592 
1.198572 
1.212146 
1.217333 
1.200898 
1.158640 
1.101134 
1.038952 
0.982667 
0.926267 
0.862629 
0.800658 
0.749257 
0.717333 
0.698933 
0.682846 
0.670093 
0.661693 
0.658667 
0.663100 
0.674740 
0.691097 
0.709680 
0.728000 
0.748363 
0.772898 
0.798853 
0.823471 
0.844000 
0.862591 
0.881522 
0.898224 
0.910128 
0.914667 
0.908288 
0.891479 
0.867724 
0.840514 
0.813333 
0.783818 
0.748736 
0.710278 
0.670636 
0.632000 
0.592359 
0.550238 
0.508631 
0.470532 
0.438933 
0.410419 
0.381977 
0.357204 
0.339701 
0.333067 
0.337532 
0.348179 
0.360887 
0.371535 
0.376000 
0.369011 
0.352346 
0.332454 
0.315789 
0.308800 
0.310182 
0.314140 
0.320393 
0.328663 
0.338667 
0.371095 
0.434035 
0.508309 
0.574735 
0.614133 
0.631414 
0.644953 
0.655772 
0.664892 
0.673333 
0.682148 
0.690957 
0.698640 
0.704073 
0.706133 
0.703887 
0.698530 
0.692137 
0.686780 
0.684533 
0.698206 
0.730810 
0.769724 
0.802327 
0.816000 
0.739595 
0.557397 
0.339936 
0.157739 
0.081333 
0.081333 
0.081333 
0.081333 
0.081333 
0.081333 
0.081333 
0.081333 
0.081333 
0.081333 
0.081333 
0.105430 
0.165112 
0.241466 
0.315577 
0.368533 
0.405293 
0.440783 
0.471039 
0.492099 
0.500000 
0.500000 
0.500000 
0.500000 
0.500000 
0.500000 
0.500000 
0.500000 
0.500000 
0.500000 
0.500000 
0.486711 
0.452464 
0.405688 
0.354812 
0.308267 
0.258060 
0.198455 
0.141260 
0.098283 
0.081333 
0.081333 
0.081333 
0.081333 
0.081333 
0.081333 
0.081333 
0.081333 
0.081333 
0.081333 
0.081333 
0.097088 
0.139851 
0.202869 
0.279392 
0.362667 
