0.060000 
0.060000 
0.060000 
0.060000 
0.060000 
0.060000 
0.060000 
0.060000 
0.060000 
0.060000 
0.060000 
0.060000 
0.060000 
0.060000 
0.060000 
0.060000 
0.060000 
0.060000 
0.060000 
0.060000 
0.060000 
0.060000 
0.060000 
0.060000 
0.060000 
0.060000 
0.060000 
0.060000 
0.060000 
0.060000 
0.060000 
0.060000 
0.060000 
0.060000 
0.060000 
0.060000 
0.060000 
0.060000 
0.060000 
0.060000 
0.060000 
0.060000 
0.060000 
0.060000 
0.060000 
0.060000 
0.060000 
0.060000 
0.060000 
0.060000 
0.060000 
0.060000 
0.060000 
0.060000 
0.060000 
0.060000 
0.060000 
0.060000 
0.060000 
0.060000 
0.060000 
0.060000 
0.060000 
0.060000 
0.060000 
0.060000 
0.060000 
0.060000 
0.060000 
0.060000 
0.060000 
0.060000 
0.060000 
0.060000 
0.060000 
0.060000 
0.060000 
0.060000 
0.060000 
0.060000 
0.060000 
0.060000 
0.060000 
0.060000 
0.060000 
0.060000 
0.060000 
0.060000 
0.060000 
0.060000 
0.060000 
0.060000 
0.060000 
0.060000 
0.060000 
0.060000 
0.060000 
0.060000 
0.060000 
0.060000 
0.060000 
0.060000 
0.060000 
0.060000 
0.060000 
0.060000 
0.060000 
0.060000 
0.060000 
0.060000 
0.060000 
0.060000 
0.060000 
0.060000 
0.060000 
0.060000 
0.060000 
0.060000 
0.060000 
0.060000 
0.060000 
0.060000 
0.060000 
0.060000 
0.060000 
0.060000 
0.060000 
0.060000 
0.060000 
0.060000 
0.060000 
0.060000 
0.060000 
0.060000 
0.060000 
0.060000 
0.060000 
0.060000 
0.060000 
0.060000 
0.060000 
0.060000 
0.060000 
0.060000 
0.060000 
0.060000 
0.060000 
0.060000 
0.060000 
0.060000 
0.060000 
0.060000 
0.060000 
0.060000 
0.060000 
0.060000 
0.060000 
0.060000 
0.060000 
0.060000 
0.060000 
0.060000 
0.060000 
0.060000 
0.060000 
0.060000 
0.060000 
0.060000 
0.060000 
0.060000 
0.060000 
0.060000 
0.060000 
0.060000 
0.060000 
0.060000 
0.060000 
0.060000 
0.060000 
0.060000 
0.060000 
0.060000 
0.060000 
0.060000 
0.060000 
0.060000 
0.060000 
0.060000 
0.060000 
0.060000 
0.060000 
0.060000 
0.060000 
0.060000 
0.060000 
0.060000 
0.060000 
0.060000 
0.060000 
0.060000 
0.060000 
0.060000 
0.060000 
0.060000 
0.060000 
0.060000 
0.060000 
0.060000 
0.060000 
0.060000 
0.060000 
0.060000 
0.060000 
0.060000 
0.060000 
0.060000 
0.060000 
0.060000 
0.060000 
0.060000 
0.060000 
0.060000 
0.060000 
0.060000 
0.060000 
0.060000 
0.060000 
0.060000 
0.060000 
0.060000 
0.060000 
0.060000 
0.060000 
0.060000 
0.060000 
0.060000 
0.060000 
0.060000 
0.060000 
0.060000 
0.060000 
0.060000 
0.060000 
0.060000 
0.060000 
0.060000 
0.060000 
0.060000 
0.060000 
0.060000 
0.060000 
0.060000 
0.060000 
0.060000 
0.060000 
0.060000 
0.060000 
0.060000 
0.060000 
0.060000 
0.060000 
0.060000 
0.060000 
0.060000 
0.060000 
0.060000 
0.060000 
0.060000 
0.060000 
0.060000 
0.060000 
0.060000 
0.060000 
0.060000 
0.060000 
0.060000 
0.060000 
0.060000 
0.060000 
0.060000 
0.060000 
0.060000 
0.060000 
0.060000 
0.060000 
0.060000 
0.060000 
0.060000 
0.060000 
0.060000 
0.060000 
0.060000 
0.060000 
0.060000 
0.060000 
0.060000 
0.060000 
0.060000 
0.060000 
0.060000 
0.060000 
0.060000 
0.060000 
0.060000 
0.060000 
0.060000 
0.060000 
0.060000 
0.060000 
0.060000 
0.060000 
0.060000 
0.060000 
0.060000 
0.060000 
0.060000 
0.060000 
0.060000 
0.060000 
0.060000 
0.060000 
0.060000 
0.060000 
0.060000 
0.060000 
0.060000 
0.060000 
0.060000 
0.060000 
0.060000 
0.060000 
0.060000 
0.060000 
0.060000 
0.060000 
0.060000 
0.060000 
0.060000 
0.060000 
0.060000 
0.060000 
0.060000 
0.060000 
0.060000 
0.060000 
0.060000 
0.060000 
0.060000 
0.060000 
0.060000 
0.060000 
0.060000 
0.060000 
0.060000 
0.060000 
0.060000 
0.060000 
0.060000 
0.060000 
0.060000 
0.060000 
0.060000 
0.060000 
0.060000 
0.060000 
0.060000 
0.060000 
0.060000 
0.060000 
0.060000 
0.060000 
0.060000 
0.060000 
0.060000 
0.060000 
0.060000 
0.060000 
0.060000 
0.060000 
0.060000 
0.060000 
0.060000 
0.060000 
0.060000 
0.060000 
0.060000 
0.060000 
0.060000 
0.060000 
0.060000 
0.060000 
0.060000 
0.060000 
0.060000 
0.060000 
0.060000 
0.060000 
0.060000 
0.060000 
0.060000 
0.060000 
0.060000 
0.060000 
0.060000 
0.060000 
0.060000 
0.060000 
0.060000 
0.060000 
0.060000 
0.060000 
0.060000 
0.060000 
0.060000 
0.060000 
0.060000 
0.060000 
0.060000 
0.060000 
0.060000 
0.060000 
0.060000 
0.060000 
0.060000 
0.060000 
0.060000 
0.060000 
0.060000 
0.060000 
0.060000 
0.060000 
0.060000 
0.060000 
0.060000 
0.060000 
0.060000 
0.060000 
0.060000 
0.060000 
0.060000 
0.060000 
0.060000 
0.060000 
0.060000 
0.060000 
0.060000 
0.060000 
0.060000 
0.060000 
0.060000 
0.078725 
0.124923 
0.183625 
0.239862 
0.278667 
0.303016 
0.325115 
0.343839 
0.358065 
0.366667 
0.371797 
0.376198 
0.379634 
0.381869 
0.382667 
0.378903 
0.369457 
0.357092 
0.344574 
0.334667 
0.326423 
0.317873 
0.310244 
0.304766 
0.302667 
0.319425 
0.359981 
0.409757 
0.454179 
0.478667 
0.487763 
0.495480 
0.501449 
0.505301 
0.506667 
0.503755 
0.496811 
0.488523 
0.481579 
0.478667 
0.492117 
0.524192 
0.562475 
0.594549 
0.608000 
0.606952 
0.604002 
0.599442 
0.593566 
0.586667 
0.569079 
0.537561 
0.502037 
0.472431 
0.458667 
0.456742 
0.455667 
0.454887 
0.453850 
0.452000 
0.442950 
0.424899 
0.404172 
0.387097 
0.380000 
0.380000 
0.380000 
0.380000 
0.380000 
0.380000 
0.391648 
0.419424 
0.452576 
0.480352 
0.492000 
0.484060 
0.463699 
0.436108 
0.406478 
0.380000 
0.356304 
0.331918 
0.307381 
0.283229 
0.260000 
0.234450 
0.206190 
0.180038 
0.160813 
0.153333 
0.164034 
0.190129 
0.222607 
0.252457 
0.270667 
0.279302 
0.286481 
0.292276 
0.296759 
0.300000 
0.302143 
0.303597 
0.304833 
0.306321 
0.308533 
0.313831 
0.322514 
0.331962 
0.339554 
0.342667 
0.342667 
0.342667 
0.342667 
0.342667 
0.342667 
0.342878 
0.343460 
0.344337 
0.345431 
0.346667 
0.349150 
0.353220 
0.357649 
0.361207 
0.362667 
0.362667 
0.362667 
0.362667 
0.362667 
0.362667 
0.362667 
0.362667 
0.362667 
0.362667 
0.362667 
0.347413 
0.311040 
0.267627 
0.231253 
0.216000 
0.216000 
0.216000 
0.216000 
0.216000 
0.216000 
0.216000 
0.216000 
0.216000 
0.216000 
0.216000 
0.216000 
0.216000 
0.216000 
0.216000 
0.216000 
0.216000 
0.216000 
0.216000 
0.216000 
0.216000 
0.216000 
0.216000 
0.216000 
0.216000 
0.216000 
0.216000 
0.216000 
0.216000 
0.216000 
0.216000 
0.216000 
0.216000 
0.216000 
0.216000 
0.216000 
0.212922 
0.205581 
0.196819 
0.189478 
0.186400 
0.287294 
0.527887 
0.815046 
1.055639 
1.156533 
1.120418 
1.028124 
0.903727 
0.771305 
0.654933 
0.538562 
0.406140 
0.281743 
0.189449 
0.153333 
0.153333 
0.153333 
0.153333 
0.153333 
0.153333 
0.153333 
0.153333 
0.153333 
0.153333 
0.153333 
0.221807 
0.385090 
0.579977 
0.743260 
0.811733 
0.733553 
0.547123 
0.324610 
0.138180 
0.060000 
0.060000 
0.060000 
0.060000 
0.060000 
0.060000 
0.060000 
0.060000 
0.060000 
0.060000 
0.060000 
0.060000 
0.060000 
0.060000 
0.060000 
0.060000 
0.060000 
0.060000 
0.060000 
0.060000 
0.060000 
0.060000 
0.060000 
0.060000 
0.060000 
0.060000 
0.060000 
0.060000 
0.060000 
0.060000 
0.060000 
0.060000 
0.060000 
0.060000 
0.060000 
0.060000 
0.060000 
0.060000 
0.060000 
0.060000 
0.060000 
0.060000 
0.060000 
0.060000 
0.060000 
0.060000 
0.060000 
0.060000 
0.060000 
0.060000 
0.060000 
0.060000 
0.060000 
0.060000 
0.060000 
0.060000 
0.060000 
0.060000 
0.060000 
0.060000 
0.060000 
0.060000 
0.060000 
0.060000 
0.060000 
0.060000 
0.060000 
0.060000 
0.060000 
0.060000 
0.060000 
0.060000 
0.060000 
0.060000 
0.060000 
0.060000 
0.060000 
0.060000 
0.060000 
0.060000 
0.060000 
0.060000 
0.060000 
0.060000 
0.060000 
0.060000 
0.060000 
0.060000 
0.060000 
0.060000 
0.060000 
0.060000 
0.060000 
0.060000 
0.060000 
0.060000 
0.060000 
0.060000 
0.060000 
0.060000 
0.060000 
0.060000 
0.060000 
0.060000 
0.060000 
0.060000 
0.060000 
0.060000 
0.060000 
0.060000 
0.060000 
0.060000 
0.060000 
0.060000 
0.060000 
0.060000 
0.060000 
0.060000 
0.060000 
0.060000 
0.060000 
0.060000 
0.060000 
0.060000 
0.060000 
0.060000 
0.270357 
0.771979 
1.370688 
1.872309 
2.082667 
1.889227 
1.427947 
0.877387 
0.416107 
0.222667 
0.222667 
0.222667 
0.222667 
0.222667 
0.222667 
0.222667 
0.222667 
0.222667 
0.222667 
0.222667 
0.218398 
0.207259 
0.191747 
0.174361 
0.157600 
0.137455 
0.112001 
0.086860 
0.067652 
0.060000 
0.060657 
0.062610 
0.065836 
0.070307 
0.076000 
0.169629 
0.387732 
0.655022 
0.896207 
1.036000 
1.096928 
1.149664 
1.191136 
1.218272 
1.228000 
1.226664 
1.222712 
1.216228 
1.207296 
1.196000 
1.069888 
0.787164 
0.453896 
0.176152 
0.060000 
0.060000 
0.060000 
0.060000 
0.060000 
0.060000 
0.060000 
0.060000 
0.060000 
0.060000 
0.060000 
0.060000 
0.060000 
0.060000 
0.060000 
0.060000 
0.060000 
0.060000 
0.060000 
0.060000 
0.060000 
0.060000 
0.060000 
0.060000 
0.060000 
0.060000 
0.060000 
0.060000 
0.060000 
0.060000 
0.060000 
0.060000 
0.060000 
0.060000 
0.060000 
0.060000 
0.060000 
0.060000 
0.060000 
0.060000 
0.060000 
0.060000 
0.060000 
0.060000 
0.060000 
0.060000 
0.060000 
0.060000 
0.060000 
0.060000 
0.060000 
0.060000 
0.060000 
0.060000 
0.060000 
0.060000 
0.060000 
0.060000 
0.060000 
0.060000 
0.060000 
0.060000 
0.060000 
0.060000 
0.060000 
0.060000 
0.060000 
0.060000 
0.060000 
0.060000 
0.060000 
0.060000 
0.060000 
0.060000 
0.060000 
0.060000 
0.060000 
0.060000 
0.060000 
0.060000 
0.060000 
0.060000 
0.060000 
0.060000 
0.060000 
0.060000 
0.060000 
0.060000 
0.060000 
0.060000 
0.060000 
0.060000 
0.060000 
0.060000 
0.060000 
0.060000 
0.060000 
0.060000 
0.060000 
0.060000 
0.060000 
0.060000 
0.060000 
0.060000 
0.060000 
0.060000 
0.060000 
0.060000 
0.060000 
0.060000 
0.060000 
0.060000 
0.060000 
0.060000 
0.060000 
0.060000 
0.174651 
0.448752 
0.777528 
1.056202 
1.180000 
1.190368 
1.198558 
1.204496 
1.208112 
1.209333 
1.208100 
1.204461 
1.198506 
1.190322 
1.180000 
1.091014 
0.890834 
0.645548 
0.421241 
0.284000 
0.214829 
0.153542 
0.104442 
0.071827 
0.060000 
0.060000 
0.060000 
0.060000 
0.060000 
0.060000 
0.060000 
0.060000 
0.060000 
0.060000 
0.060000 
0.062248 
0.068878 
0.079717 
0.094593 
0.113333 
0.285800 
0.667253 
1.115619 
1.488826 
1.644800 
1.488301 
1.115110 
0.669690 
0.296499 
0.140000 
0.148268 
0.168217 
0.192565 
0.214031 
0.225333 
0.228209 
0.229837 
0.231093 
0.232855 
0.236000 
0.263484 
0.326244 
0.407130 
0.488988 
0.554667 
0.607053 
0.658327 
0.705274 
0.744680 
0.773333 
0.795282 
0.815510 
0.832203 
0.843549 
0.847733 
0.840966 
0.824830 
0.805570 
0.789434 
0.782667 
0.786549 
0.795808 
0.806859 
0.816117 
0.820000 
0.817781 
0.812491 
0.806176 
0.800885 
0.798667 
0.805323 
0.821195 
0.840139 
0.856011 
0.862667 
0.862667 
0.862667 
0.862667 
0.862667 
0.862667 
0.862667 
0.862667 
0.862667 
0.862667 
0.862667 
0.858095 
0.846819 
0.832495 
0.818781 
0.809333 
0.804306 
0.800712 
0.797499 
0.793612 
0.788000 
0.777399 
0.760975 
0.741319 
0.721019 
0.702667 
0.683776 
0.662615 
0.642899 
0.628344 
0.622667 
0.631264 
0.651765 
0.676235 
0.696736 
0.705333 
0.703947 
0.700640 
0.696693 
0.693387 
0.692000 
0.706976 
0.742688 
0.785312 
0.821024 
0.836000 
0.833227 
0.826613 
0.818720 
0.812107 
0.809333 
0.809987 
0.811635 
0.813810 
0.816043 
0.817867 
0.819089 
0.820034 
0.821008 
0.822317 
0.824267 
0.829299 
0.839758 
0.855808 
0.877612 
0.905333 
1.078175 
1.445888 
1.874461 
2.229880 
2.378133 
2.377647 
2.376195 
2.373785 
2.370428 
2.366133 
2.210747 
1.847096 
1.414658 
1.052911 
0.901333 
0.901333 
0.901333 
0.901333 
0.901333 
0.901333 
0.899785 
0.895514 
0.889084 
0.881058 
0.872000 
0.853790 
0.823940 
0.791462 
0.765367 
0.754667 
0.754667 
0.754667 
0.754667 
0.754667 
0.754667 
0.769034 
0.805535 
0.854265 
0.905321 
0.948800 
0.989894 
1.035263 
1.077204 
1.108017 
1.120000 
1.110293 
1.087147 
1.059520 
1.036373 
1.026667 
1.028331 
1.032299 
1.037035 
1.041003 
1.042667 
1.041576 
1.038541 
1.033918 
1.028064 
1.021333 
1.009993 
0.991719 
0.968981 
0.944251 
0.920000 
0.891071 
0.855620 
0.821087 
0.794912 
0.784533 
0.785361 
0.787743 
0.791524 
0.796550 
0.802667 
0.826311 
0.873133 
0.926800 
0.970978 
0.989333 
0.988525 
0.986374 
0.983295 
0.979699 
0.976000 
0.972209 
0.967844 
0.962573 
0.956068 
0.948000 
0.930618 
0.902125 
0.871123 
0.846214 
0.836000 
0.836000 
0.836000 
0.836000 
0.836000 
0.836000 
0.836000 
0.836000 
0.836000 
0.836000 
0.836000 
0.816309 
0.769355 
0.713312 
0.666357 
0.646667 
0.646667 
0.646667 
0.646667 
0.646667 
0.646667 
0.641120 
0.627893 
0.612107 
0.598880 
0.593333 
0.600960 
0.619147 
0.640853 
0.659040 
0.666667 
0.666667 
0.666667 
0.666667 
0.666667 
0.666667 
0.663893 
0.657280 
0.649387 
0.642773 
0.640000 
0.643328 
0.651264 
0.660736 
0.668672 
0.672000 
0.665899 
0.651349 
0.633984 
0.619435 
0.613333 
0.767059 
1.133636 
1.571164 
1.937741 
2.091467 
1.933303 
1.556145 
1.105988 
0.728830 
0.570667 
0.571586 
0.574224 
0.578402 
0.583943 
0.590667 
0.610047 
0.647907 
0.695597 
0.744467 
0.785867 
0.824434 
0.866103 
0.904168 
0.931924 
0.942667 
0.934763 
0.915915 
0.893419 
0.874571 
0.866667 
0.871659 
0.883563 
0.897771 
0.909675 
0.914667 
0.913557 
0.910912 
0.907755 
0.905109 
0.904000 
0.908056 
0.919900 
0.939050 
0.965022 
0.997333 
1.190165 
1.598917 
2.074933 
2.469557 
2.634133 
2.468759 
2.074406 
1.603727 
1.209374 
1.044000 
1.532134 
2.696147 
4.085453 
5.249466 
5.737600 
5.565025 
5.125071 
4.534390 
3.909638 
3.367467 
2.839518 
2.247902 
1.694981 
1.283116 
1.114667 
1.104416 
1.097779 
1.093067 
1.088593 
1.082667 
1.074053 
1.063830 
1.053780 
1.045687 
1.041333 
1.039569 
1.038096 
1.036970 
1.036252 
1.036000 
1.036685 
1.038696 
1.041963 
1.046421 
1.052000 
1.080236 
1.143222 
1.226731 
1.316533 
1.398400 
1.485517 
1.587461 
1.684594 
1.757275 
1.785867 
1.683290 
1.438488 
1.145855 
0.899783 
0.794667 
0.791803 
0.789565 
0.787959 
0.786991 
0.786667 
0.795236 
0.816280 
0.842798 
0.867793 
0.884267 
0.891958 
0.896809 
0.901120 
0.907195 
0.917333 
1.079894 
1.448829 
1.884830 
2.248590 
2.400800 
2.157357 
1.576838 
0.883962 
0.303443 
0.060000 
0.060000 
0.060000 
0.060000 
0.060000 
0.060000 
0.060000 
0.060000 
0.060000 
0.060000 
0.060000 
0.060000 
0.060000 
0.060000 
0.060000 
0.060000 
0.060000 
0.060000 
0.060000 
0.060000 
0.060000 
0.060000 
0.060000 
0.060000 
0.060000 
0.060000 
0.060000 
0.060000 
0.060000 
0.060000 
0.060000 
0.060000 
0.060000 
0.060000 
0.060000 
0.060000 
0.060000 
0.060000 
0.060000 
0.060000 
0.060000 
0.060000 
0.060000 
0.060000 
0.060000 
0.060000 
