0.000000 
0.000000 
0.000000 
0.000000 
0.000000 
0.000000 
0.000000 
0.000000 
0.000000 
0.000000 
0.000000 
0.000000 
0.000000 
0.000000 
0.000000 
0.000000 
0.000000 
0.000000 
0.000000 
0.000000 
0.000000 
0.000000 
0.000000 
0.000000 
0.000000 
0.000000 
0.000000 
0.000000 
0.000000 
0.000000 
0.000000 
0.000000 
0.000000 
0.000000 
0.000000 
0.000000 
0.000000 
0.000000 
0.000000 
0.000000 
0.000000 
0.000000 
0.000000 
0.000000 
0.000000 
0.000000 
0.000000 
0.000000 
0.000000 
0.000000 
0.000000 
0.000000 
0.000000 
0.000000 
0.000000 
0.000000 
0.000000 
0.000000 
0.000000 
0.000000 
0.000000 
0.000000 
0.000000 
0.000000 
0.000000 
0.000000 
0.000000 
0.000000 
0.000000 
0.000000 
0.000000 
0.000000 
0.000000 
0.000000 
0.000000 
0.000000 
0.000000 
0.000000 
0.000000 
0.000000 
0.000000 
0.000000 
0.000000 
0.000000 
0.000000 
0.000000 
0.000000 
0.000000 
0.000000 
0.000000 
0.000000 
0.000000 
0.000000 
0.000000 
0.000000 
0.000000 
0.000000 
0.000000 
0.000000 
0.000000 
0.000000 
0.000000 
0.000000 
0.000000 
0.000000 
0.000000 
0.000000 
0.000000 
0.000000 
0.000000 
0.000000 
0.000000 
0.000000 
0.000000 
0.000000 
0.000000 
0.000000 
0.000000 
0.000000 
0.000000 
0.000000 
0.000000 
0.000000 
0.000000 
0.000000 
0.000000 
0.000000 
0.000000 
0.000000 
0.000000 
0.000000 
0.000000 
0.000000 
0.000000 
0.000000 
0.000000 
0.000000 
0.000000 
0.000000 
0.000000 
0.000000 
0.000000 
0.000000 
0.000000 
0.000000 
0.000000 
0.000000 
0.000000 
0.000000 
0.000000 
0.000000 
0.000000 
0.000000 
0.000000 
0.000000 
0.000000 
0.000000 
0.000000 
0.000000 
0.000000 
0.000000 
0.000000 
0.000000 
0.000000 
0.000000 
0.000000 
0.000000 
0.000000 
0.000000 
0.000000 
0.000000 
0.000000 
0.000000 
0.000000 
0.000000 
0.000000 
0.000000 
0.000000 
0.000000 
0.000000 
0.000000 
0.000000 
0.000000 
0.000000 
0.000000 
0.000000 
0.000000 
0.000000 
0.000000 
0.000000 
0.000000 
0.000000 
0.000000 
0.000000 
0.000000 
0.000000 
0.000000 
0.000000 
0.000000 
0.000000 
0.000000 
0.000000 
0.000000 
0.000000 
0.000000 
0.000000 
0.000000 
0.000000 
0.000000 
0.000000 
0.000000 
0.000000 
0.000000 
0.000000 
0.000000 
0.000000 
0.000000 
0.000000 
0.000000 
0.000000 
0.000000 
0.000000 
0.000000 
0.000000 
0.000000 
0.000000 
0.000000 
0.000000 
0.000000 
0.000000 
0.000000 
0.000000 
0.000000 
0.000000 
0.000000 
0.000000 
0.000000 
0.000000 
0.000000 
0.000000 
0.000000 
0.000000 
0.000000 
0.000000 
0.000000 
0.000000 
0.000000 
0.000000 
0.000000 
0.000000 
0.000000 
0.000000 
0.000000 
0.000000 
0.000000 
0.000000 
0.000000 
0.000000 
0.000000 
0.000000 
0.000000 
0.000000 
0.000000 
0.000000 
0.000000 
0.000000 
0.000000 
0.000000 
0.000000 
0.000000 
0.000000 
0.000000 
0.000000 
0.000000 
0.000000 
0.000000 
0.000000 
0.000000 
0.000000 
0.000000 
0.000000 
0.000000 
0.000000 
0.000000 
0.000000 
0.000000 
0.000000 
0.000000 
0.000000 
0.000000 
0.000000 
0.000000 
0.000000 
0.000000 
0.000000 
0.000000 
0.000000 
0.000000 
0.000000 
0.000000 
0.000000 
0.000000 
0.000000 
0.000000 
0.000000 
0.000000 
0.000000 
0.000000 
0.000000 
0.000000 
0.000000 
0.000000 
0.000000 
0.000000 
0.000000 
0.000000 
0.000000 
0.000000 
0.000000 
0.000000 
0.000000 
0.000000 
0.000000 
0.000000 
0.000000 
0.000000 
0.000000 
0.000000 
0.000000 
0.000000 
0.000000 
0.000000 
0.000000 
0.000000 
0.000000 
0.000000 
0.000000 
0.000000 
0.000000 
0.000000 
0.000000 
0.000000 
0.000000 
0.000000 
0.000000 
0.000000 
0.000000 
0.000000 
0.000000 
0.000000 
0.000000 
0.000000 
0.000000 
0.000000 
0.000000 
0.000000 
0.000000 
0.000000 
0.000000 
0.000000 
0.000000 
0.000000 
0.000000 
0.000000 
0.000000 
0.000000 
0.000000 
0.000000 
0.000000 
0.000000 
0.000000 
0.000000 
0.000000 
0.000000 
0.000000 
0.000000 
0.000000 
0.000000 
0.000000 
0.000000 
0.000000 
0.000000 
0.000000 
0.000000 
0.000000 
0.000000 
0.000000 
0.000000 
0.000000 
0.000000 
0.000000 
0.000000 
0.000000 
0.000000 
0.000000 
0.000000 
0.000000 
0.000000 
0.000000 
0.000000 
0.000000 
0.000000 
0.000000 
0.000000 
0.000000 
0.000000 
0.000000 
0.000000 
0.000000 
0.000000 
0.000000 
0.000000 
0.000000 
0.000000 
0.000000 
0.000000 
0.000000 
0.000000 
0.000000 
0.000000 
0.000000 
0.003399 
0.014007 
0.014754 
0.019135 
0.018819 
0.018091 
0.016994 
0.016503 
0.014080 
0.020094 
0.023942 
0.027761 
0.043375 
0.056935 
0.067275 
0.048729 
0.074385 
0.077225 
0.081993 
0.092622 
0.070658 
0.083183 
0.086286 
0.094300 
0.083887 
0.125954 
0.107707 
0.133801 
0.118215 
0.113046 
0.137303 
0.140887 
0.133983 
0.144658 
0.105948 
0.137006 
0.147725 
0.155864 
0.159096 
0.160500 
0.150523 
0.119469 
0.107902 
0.084046 
0.046661 
0.001917 
0.000000 
0.000000 
0.000000 
0.000000 
0.000000 
0.016805 
0.062778 
0.087222 
0.097519 
0.121547 
0.097343 
0.126308 
0.127246 
0.128346 
0.129172 
0.132141 
0.124002 
0.124176 
0.140492 
0.133795 
0.137893 
0.139805 
0.127570 
0.148911 
0.133000 
0.122293 
0.135089 
0.147273 
0.133666 
0.140040 
0.166646 
0.144991 
0.144032 
0.132429 
0.108848 
0.100304 
0.086723 
0.078734 
0.091826 
0.103342 
0.116970 
0.154608 
0.166842 
0.163302 
0.109181 
0.057684 
0.008825 
0.000000 
0.000000 
0.000000 
0.000000 
0.000000 
0.000000 
0.000000 
0.000000 
0.000000 
0.010072 
0.061464 
0.080906 
0.120271 
0.128437 
0.193499 
0.205837 
0.193437 
0.177115 
0.212172 
0.169392 
0.150172 
0.190045 
0.220897 
0.205912 
0.187414 
0.219600 
0.223407 
0.204146 
0.208432 
0.218838 
0.232460 
0.239775 
0.268648 
0.196934 
0.195768 
0.252958 
0.198705 
0.236115 
0.220306 
0.229499 
0.200415 
0.200569 
0.288925 
0.236329 
0.249856 
0.242545 
0.235695 
0.216486 
0.247779 
0.277229 
0.270356 
0.257233 
0.242302 
0.252940 
0.267428 
0.227804 
0.274728 
0.259850 
0.273770 
0.221717 
0.309669 
0.255351 
0.273581 
0.244201 
0.280909 
0.280721 
0.293264 
0.288999 
0.302576 
0.308806 
0.260463 
0.305229 
0.290220 
0.305553 
0.277124 
0.309978 
0.263629 
0.308420 
0.359017 
0.371178 
0.328983 
0.255620 
0.203810 
0.152026 
0.098900 
0.083534 
0.089249 
0.103205 
0.104215 
0.166372 
0.170555 
0.218038 
0.222453 
0.303649 
0.271843 
0.375783 
0.290928 
0.331737 
0.353127 
0.269612 
0.280196 
0.237256 
0.219066 
0.198194 
0.181149 
0.092568 
0.107341 
0.082689 
0.049967 
0.030906 
0.028493 
0.055805 
0.138089 
0.226338 
0.292702 
0.311412 
0.366686 
0.361649 
0.372533 
0.399287 
0.350862 
0.297492 
0.224311 
0.157421 
0.148385 
0.104261 
0.158677 
0.170971 
0.338727 
0.351336 
0.326675 
0.403168 
0.340535 
0.349891 
0.310210 
0.272642 
0.337550 
0.284407 
0.318681 
0.252737 
0.273280 
0.306253 
0.328401 
0.310457 
0.382705 
0.438058 
0.351519 
0.331693 
0.317913 
0.189307 
0.189123 
0.114372 
0.046394 
0.000000 
0.000000 
0.000000 
0.000000 
0.000000 
0.000000 
0.000000 
0.000000 
0.000000 
0.001664 
0.091018 
0.183348 
0.254046 
0.233507 
0.286792 
0.290875 
0.333975 
0.332762 
0.313887 
0.375454 
0.407428 
0.401584 
0.367587 
0.363965 
0.413040 
0.366570 
0.390852 
0.365258 
0.369347 
0.380611 
0.343240 
0.353041 
0.375812 
0.374326 
0.344655 
0.282156 
0.349456 
0.342659 
0.258832 
0.162121 
0.072806 
0.000000 
0.000000 
0.000000 
0.000000 
0.000000 
0.015996 
0.047635 
0.070126 
0.077291 
0.114330 
0.126550 
0.107453 
0.106731 
0.081655 
0.035437 
0.002712 
0.000000 
0.002339 
0.030357 
0.108957 
0.156177 
0.164289 
0.189416 
0.245966 
0.235045 
0.259959 
0.253345 
0.265407 
0.186548 
0.123418 
0.032028 
0.012004 
0.015224 
0.017011 
0.019781 
0.024192 
0.026081 
0.024605 
0.020019 
0.007483 
0.000482 
0.000000 
0.001616 
0.013650 
0.029652 
0.049402 
0.070199 
0.063547 
0.094663 
0.095723 
0.145210 
0.125221 
0.177192 
0.245628 
0.282250 
0.353742 
0.325563 
0.302396 
0.365691 
0.272600 
0.299232 
0.258279 
0.280485 
0.123874 
0.110747 
0.023789 
0.000000 
0.000000 
0.000000 
0.000000 
0.000000 
0.000000 
0.000000 
0.000000 
0.029843 
0.073926 
0.127661 
0.180847 
0.285777 
0.373232 
0.380076 
0.502608 
0.358335 
0.394714 
0.432597 
0.416482 
0.421346 
0.416309 
0.363111 
0.340769 
0.282575 
0.318589 
0.294900 
0.343410 
0.394299 
0.382747 
0.385333 
0.404539 
0.368297 
0.306114 
0.265194 
0.329495 
0.318769 
0.365910 
0.439509 
0.419004 
0.395683 
0.356994 
0.374926 
0.431376 
0.431593 
0.424846 
0.400228 
0.358135 
0.393074 
0.303134 
0.385194 
0.328197 
0.360673 
0.282195 
0.222429 
0.211104 
0.267802 
0.241276 
0.312031 
0.321122 
0.393343 
0.370483 
0.363743 
0.340653 
0.431741 
0.361339 
0.416344 
0.358264 
0.316874 
0.371876 
0.309843 
0.362808 
0.334974 
0.295133 
0.313305 
0.349463 
0.351371 
0.277314 
0.275589 
0.259779 
0.231395 
0.166870 
0.162145 
0.178064 
0.146423 
0.139834 
0.143467 
0.212216 
0.284431 
0.272196 
0.322888 
0.365475 
0.330643 
0.366870 
0.354901 
0.304082 
0.291573 
0.317920 
0.329179 
0.289447 
0.287951 
0.283100 
0.302896 
0.253514 
0.333422 
0.342429 
0.322281 
0.228303 
0.300509 
0.271070 
0.254973 
0.289662 
0.266104 
0.212817 
0.266383 
0.260647 
0.246536 
0.206583 
0.223950 
0.199552 
0.208116 
0.155087 
0.220623 
0.197827 
0.267216 
0.267485 
0.233045 
0.302683 
0.278221 
0.237198 
0.263692 
0.214050 
0.172368 
0.107512 
0.036854 
0.010655 
0.002378 
0.000000 
0.000000 
0.000000 
0.000000 
0.000000 
0.000000 
0.000000 
0.000000 
0.000000 
0.000000 
0.000000 
0.000000 
0.000000 
0.007619 
0.022674 
0.048290 
0.069726 
0.107893 
0.114036 
0.154441 
0.178089 
0.210692 
0.271890 
0.273938 
0.283091 
0.256196 
0.237138 
0.170026 
0.205073 
0.151477 
0.144075 
0.133595 
0.122350 
0.110878 
0.098507 
0.076818 
0.080942 
0.066746 
0.079307 
0.077594 
0.081151 
0.097305 
0.110811 
0.169266 
0.177863 
0.158939 
0.264775 
0.249113 
0.258968 
0.268437 
0.281032 
0.277817 
0.269216 
0.268602 
0.263654 
0.238730 
0.204251 
0.188182 
0.139451 
0.166101 
0.145345 
0.126524 
0.125188 
0.124367 
0.132223 
0.132016 
0.164856 
0.175490 
0.169275 
0.140990 
0.170580 
0.157761 
0.160000 
0.173710 
0.182570 
0.195362 
0.200252 
0.195320 
0.187848 
0.184766 
0.159569 
0.136716 
0.124631 
0.101085 
0.114784 
0.121715 
0.144114 
0.167156 
0.158136 
0.192367 
0.147187 
0.100953 
0.066076 
0.057998 
0.072384 
0.068701 
0.087390 
0.093165 
0.098296 
0.095747 
0.081740 
0.079616 
0.088501 
0.082832 
0.084957 
0.088784 
0.075698 
0.084787 
0.064907 
0.064452 
0.050675 
0.052578 
0.058024 
0.046304 
0.039714 
0.032156 
0.025943 
0.018954 
0.013088 
0.010939 
0.005243 
0.000277 
0.000000 
0.000000 
0.000000 
0.000000 
0.000000 
0.000000 
0.000000 
0.000000 
0.000000 
0.000000 
0.000000 
0.000000 
0.000000 
0.000000 
0.000000 
0.000000 
0.000000 
0.000000 
0.000000 
0.000000 
0.000000 
0.000000 
0.000000 
0.000000 
0.000000 
0.000000 
0.000000 
0.000000 
0.000000 
0.000000 
0.001143 
0.002997 
0.005403 
0.010229 
0.009834 
0.014416 
0.012562 
0.014423 
0.013443 
0.012809 
0.015924 
0.017844 
0.015509 
0.015757 
0.017385 
0.014164 
0.013930 
0.018190 
0.019642 
0.024661 
0.030351 
0.031879 
0.037948 
0.046863 
0.046980 
0.043917 
0.044574 
0.053820 
0.091767 
0.109361 
0.109723 
0.144424 
0.144405 
0.160209 
0.134224 
0.116801 
0.109562 
0.100146 
0.109870 
0.068427 
0.052034 
0.048968 
0.050425 
0.048325 
0.052502 
0.036077 
0.046630 
0.031278 
0.031562 
0.024992 
0.014588 
0.008133 
0.005086 
0.002069 
0.000000 
0.000000 
0.000000 
0.000000 
0.000000 
0.000000 
0.000000 
0.000000 
0.000000 
0.000000 
0.000000 
0.000000 
0.000000 
0.000000 
0.000000 
0.000000 
0.000000 
0.000000 
0.000000 
0.000000 
0.000000 
0.000000 
0.000000 
0.000000 
0.000000 
0.000000 
0.000000 
0.000000 
0.000000 
0.000000 
0.000000 
0.000000 
0.000000 
0.000000 
0.000000 
0.000000 
0.000000 
0.000000 
0.000000 
0.000000 
0.000000 
0.000000 
0.000000 
0.000000 
0.000000 
0.000000 
0.000000 
0.000000 
0.000000 
0.000000 
0.000000 
0.000000 
0.000000 
0.000000 
0.000000 
0.000000 
0.000000 
0.000000 
0.000000 
0.000000 
0.000000 
0.000000 
0.000000 
0.000000 
0.000000 
0.000000 
0.000000 
0.000000 
0.000000 
0.000000 
0.000000 
0.000000 
0.000000 
0.000000 
0.000000 
0.000000 
0.000000 
0.000000 
0.000000 
0.000000 
0.000000 
0.000000 
0.000000 
0.000000 
0.000000 
0.000000 
0.000000 
0.000000 
0.000000 
0.000000 
0.000000 
0.000000 
0.000000 
0.000000 
0.000000 
0.000000 
0.000000 
0.000000 
0.000000 
0.000000 
0.000000 
0.000000 
0.000000 
0.000000 
0.000000 
0.000000 
0.000000 
0.000000 
0.000000 
0.000000 
0.000000 
0.000000 
0.000000 
0.000000 
0.000000 
0.000000 
0.000000 
0.000000 
0.000000 
0.000000 
0.000000 
0.000000 
0.000000 
0.000000 
0.000000 
0.000000 
0.000000 
0.000000 
0.000000 
0.000000 
0.000000 
0.000000 
0.000000 
0.000000 
0.000000 
0.000000 
0.000000 
0.000000 
0.000000 
0.000000 
0.000000 
0.000000 
0.000000 
0.000000 
0.000000 
0.000000 
0.000000 
0.000000 
0.000000 
0.000000 
0.000000 
0.000000 
0.000000 
0.000000 
0.000000 
0.000000 
0.000000 
0.000000 
0.000000 
0.000000 
0.000000 
0.000000 
0.000000 
0.000000 
0.000000 
0.000000 
0.000000 
0.000000 
0.000000 
0.000000 
0.000000 
0.000000 
0.000000 
0.000000 
0.000000 
0.000000 
0.000000 
0.000000 
0.000000 
0.000000 
0.000000 
0.000000 
0.000000 
0.000000 
0.000000 
0.000000 
0.000000 
0.000000 
0.000000 
0.000000 
0.000000 
0.000000 
0.000000 
0.000000 
0.000000 
0.000000 
0.000000 
0.000000 
0.000000 
0.000000 
0.000000 
0.000000 
0.000000 
0.000000 
0.000000 
0.000000 
0.000000 
0.000000 
0.000000 
0.000000 
0.000000 
0.000000 
0.000000 
0.000000 
0.000000 
0.000000 
0.000000 
0.000000 
0.000000 
0.000000 
0.000000 
0.000000 
0.000000 
0.000000 
0.000000 
0.000000 
0.000000 
0.000000 
0.000000 
0.000000 
0.000000 
0.000000 
0.000000 
0.000000 
0.000000 
0.000000 
0.000000 
0.000000 
0.000000 
0.000000 
0.000000 
0.000000 
0.000000 
0.000000 
0.000000 
0.000000 
0.000000 
0.000000 
0.000000 
0.000000 
0.000000 
0.000000 
0.000000 
0.000000 
0.000000 
0.000000 
0.000000 
0.000000 
0.000000 
0.000000 
0.000000 
0.000000 
0.000000 
0.000000 
0.000000 
0.000000 
0.000000 
0.000000 
0.000000 
0.000000 
0.000000 
0.000000 
0.000000 
0.000000 
0.000000 
0.000000 
0.000000 
0.000000 
0.000000 
0.000000 
0.000000 
0.000000 
0.000000 
0.000000 
0.000000 
0.000000 
0.000000 
0.000000 
0.000000 
0.000000 
0.000000 
0.000000 
0.000000 
0.000000 
0.000000 
0.000000 
0.000000 
0.000000 
0.000000 
0.000000 
0.000000 
0.000000 
0.000000 
0.000000 
0.000000 
0.000000 
0.000000 
0.000000 
0.000000 
0.000000 
0.000000 
0.000000 
0.000000 
0.000000 
0.000000 
0.000000 
0.000000 
0.000000 
0.000000 
0.000000 
0.000000 
0.000000 
0.000000 
