0.000000 
0.000000 
0.000000 
0.000000 
0.000000 
0.000000 
0.000000 
0.000000 
0.000000 
0.000000 
0.000000 
0.000000 
0.000000 
0.000000 
0.000000 
0.000000 
0.000000 
0.000000 
0.000000 
0.000000 
0.000000 
0.000000 
0.000000 
0.000000 
0.000000 
0.000000 
0.000000 
0.000000 
0.000000 
0.000000 
0.000000 
0.000000 
0.000000 
0.000000 
0.000000 
0.000000 
0.000000 
0.000000 
0.000000 
0.000000 
0.000000 
0.000000 
0.000000 
0.000000 
0.000000 
0.000000 
0.000000 
0.000000 
0.000000 
0.000000 
0.000000 
0.000000 
0.000000 
0.000000 
0.000000 
0.000000 
0.000000 
0.000000 
0.000000 
0.000000 
0.000000 
0.000000 
0.000000 
0.000000 
0.000000 
0.000000 
0.000000 
0.000000 
0.000000 
0.000000 
0.000000 
0.000000 
0.000000 
0.000000 
0.000000 
0.000000 
0.000000 
0.000000 
0.000000 
0.000000 
0.000000 
0.000000 
0.000000 
0.000000 
0.000000 
0.000000 
0.000000 
0.000000 
0.000000 
0.000000 
0.000000 
0.000000 
0.000000 
0.000000 
0.000000 
0.000000 
0.000000 
0.000000 
0.000000 
0.000000 
0.000000 
0.000000 
0.000000 
0.000000 
0.000000 
0.000000 
0.000000 
0.000000 
0.000000 
0.000000 
0.000000 
0.000000 
0.000000 
0.000000 
0.000000 
0.000000 
0.000000 
0.000000 
0.000000 
0.000000 
0.000000 
0.000000 
0.000000 
0.000000 
0.000000 
0.000000 
0.000000 
0.000000 
0.000000 
0.000000 
0.000000 
0.000000 
0.000000 
0.000000 
0.000000 
0.000000 
0.000000 
0.000000 
0.000000 
0.000000 
0.000000 
0.000000 
0.000000 
0.000000 
0.000000 
0.000000 
0.000000 
0.000000 
0.000000 
0.000000 
0.000000 
0.000000 
0.000000 
0.000000 
0.000000 
0.000000 
0.000000 
0.000000 
0.000000 
0.000000 
0.000000 
0.000000 
0.000000 
0.000000 
0.000000 
0.000000 
0.000000 
0.000000 
0.000000 
0.000000 
0.000000 
0.000000 
0.000000 
0.000000 
0.000000 
0.000000 
0.000000 
0.000000 
0.000000 
0.000000 
0.000000 
0.000000 
0.000000 
0.000000 
0.000000 
0.000000 
0.000000 
0.000000 
0.000000 
0.000000 
0.000000 
0.000000 
0.000000 
0.000000 
0.000000 
0.000000 
0.000000 
0.000000 
0.000000 
0.000000 
0.000000 
0.000000 
0.000000 
0.000000 
0.000000 
0.000000 
0.000000 
0.000000 
0.000000 
0.000000 
0.000000 
0.000000 
0.000000 
0.000000 
0.000000 
0.000000 
0.000000 
0.000000 
0.000000 
0.000000 
0.000000 
0.000000 
0.000000 
0.000000 
0.000000 
0.000000 
0.000000 
0.000000 
0.000000 
0.000000 
0.000000 
0.000000 
0.000000 
0.000000 
0.000000 
0.000000 
0.000000 
0.000000 
0.000000 
0.000000 
0.000000 
0.000000 
0.000000 
0.000000 
0.000000 
0.000000 
0.000000 
0.000000 
0.000000 
0.000000 
0.000000 
0.000000 
0.000000 
0.000000 
0.000000 
0.000000 
0.000000 
0.000000 
0.000000 
0.000000 
0.000000 
0.000000 
0.000000 
0.000000 
0.000000 
0.000000 
0.000000 
0.000000 
0.000000 
0.000000 
0.000000 
0.000000 
0.000000 
0.000000 
0.000000 
0.000000 
0.000000 
0.000000 
0.000000 
0.000000 
0.000000 
0.000000 
0.000000 
0.000000 
0.000000 
0.000000 
0.000000 
0.000000 
0.000000 
0.000000 
0.000000 
0.000000 
0.000000 
0.000000 
0.000000 
0.000000 
0.000000 
0.000000 
0.000000 
0.000000 
0.000000 
0.000000 
0.000000 
0.000000 
0.000000 
0.000000 
0.000000 
0.000000 
0.000000 
0.000000 
0.000000 
0.000000 
0.000000 
0.000000 
0.000000 
0.000000 
0.000000 
0.000000 
0.000000 
0.000000 
0.000000 
0.000000 
0.000000 
0.000000 
0.000000 
0.000000 
0.000000 
0.000000 
0.000000 
0.000000 
0.000000 
0.000000 
0.000000 
0.000000 
0.000000 
0.000000 
0.000000 
0.000000 
0.000000 
0.000000 
0.000000 
0.000000 
0.000000 
0.000000 
0.000000 
0.000000 
0.000000 
0.000000 
0.000000 
0.000000 
0.000000 
0.000000 
0.000000 
0.000000 
0.000000 
0.000000 
0.000000 
0.000000 
0.000000 
0.000000 
0.000000 
0.000000 
0.000000 
0.000000 
0.000000 
0.000000 
0.000000 
0.000000 
0.000000 
0.000000 
0.000000 
0.000000 
0.000000 
0.000000 
0.000000 
0.000000 
0.000000 
0.000000 
0.000000 
0.000000 
0.000000 
0.000000 
0.000000 
0.000000 
0.000000 
0.000000 
0.000000 
0.000000 
0.000000 
0.000000 
0.000000 
0.000000 
0.000000 
0.000000 
0.000000 
0.000000 
0.000000 
0.000000 
0.000000 
0.000000 
0.000000 
0.000000 
0.000000 
0.000000 
0.000000 
0.000000 
0.000000 
0.000000 
0.000000 
0.000000 
0.000000 
0.000000 
0.000000 
0.000000 
0.000000 
0.000000 
0.000000 
0.000000 
0.000000 
0.000000 
0.000000 
0.005029 
0.018789 
0.027859 
0.029101 
0.031908 
0.030604 
0.023313 
0.021627 
0.023595 
0.026866 
0.038425 
0.062336 
0.078819 
0.076538 
0.089631 
0.112406 
0.104033 
0.142216 
0.120764 
0.120964 
0.117253 
0.153766 
0.147353 
0.149817 
0.168422 
0.186664 
0.182308 
0.185711 
0.186803 
0.167412 
0.221022 
0.188187 
0.224314 
0.173386 
0.180918 
0.200185 
0.210664 
0.239567 
0.241549 
0.259970 
0.291224 
0.190464 
0.133785 
0.133022 
0.089209 
0.002724 
0.000000 
0.000000 
0.000000 
0.000000 
0.000000 
0.023780 
0.091421 
0.132153 
0.178790 
0.161946 
0.184837 
0.217261 
0.178703 
0.201149 
0.204101 
0.162707 
0.190971 
0.210506 
0.209685 
0.216325 
0.208114 
0.238213 
0.235051 
0.250762 
0.242460 
0.220167 
0.226044 
0.164290 
0.203505 
0.189561 
0.247673 
0.235607 
0.245883 
0.260821 
0.183081 
0.161110 
0.117615 
0.131086 
0.139182 
0.148434 
0.177348 
0.275069 
0.330376 
0.282557 
0.143227 
0.110708 
0.015588 
0.000000 
0.000000 
0.000000 
0.000000 
0.000000 
0.000000 
0.000000 
0.000000 
0.000000 
0.016077 
0.088559 
0.115052 
0.198896 
0.281758 
0.286260 
0.313259 
0.313709 
0.286129 
0.301183 
0.333027 
0.296051 
0.322232 
0.367200 
0.246666 
0.300654 
0.325426 
0.325579 
0.366222 
0.364026 
0.316126 
0.381740 
0.370358 
0.395405 
0.347216 
0.339573 
0.351662 
0.351654 
0.367268 
0.392265 
0.366587 
0.364167 
0.344146 
0.319090 
0.372699 
0.374216 
0.313412 
0.426420 
0.334874 
0.415792 
0.424036 
0.365005 
0.421494 
0.373797 
0.368078 
0.353322 
0.375459 
0.354839 
0.351568 
0.396267 
0.463509 
0.396140 
0.380039 
0.397788 
0.492134 
0.325868 
0.440147 
0.493956 
0.422597 
0.411009 
0.429050 
0.516282 
0.496632 
0.443820 
0.433326 
0.504678 
0.331425 
0.403034 
0.497262 
0.496965 
0.513279 
0.463387 
0.493234 
0.442192 
0.248566 
0.144436 
0.131735 
0.147477 
0.158477 
0.204918 
0.210314 
0.294483 
0.334897 
0.368734 
0.507956 
0.546118 
0.547984 
0.669571 
0.543384 
0.507488 
0.543669 
0.478611 
0.428786 
0.324582 
0.330968 
0.228777 
0.216558 
0.152479 
0.107394 
0.079581 
0.059810 
0.036877 
0.094086 
0.214666 
0.417904 
0.539921 
0.612756 
0.695939 
0.472000 
0.638601 
0.444180 
0.513430 
0.380363 
0.403902 
0.274602 
0.211022 
0.181963 
0.249022 
0.330333 
0.407561 
0.567527 
0.629569 
0.614786 
0.547249 
0.602579 
0.515097 
0.397823 
0.477813 
0.424711 
0.587085 
0.445794 
0.483722 
0.425318 
0.480338 
0.484138 
0.562124 
0.670928 
0.576519 
0.508727 
0.460336 
0.435837 
0.284931 
0.195604 
0.067886 
0.000000 
0.000000 
0.000000 
0.000000 
0.000000 
0.000000 
0.000000 
0.000000 
0.000000 
0.001853 
0.139579 
0.287745 
0.385694 
0.512536 
0.526121 
0.486593 
0.582925 
0.493178 
0.607700 
0.523206 
0.608670 
0.531022 
0.634448 
0.578215 
0.586541 
0.545029 
0.638316 
0.649178 
0.688502 
0.572437 
0.619626 
0.523052 
0.548324 
0.673314 
0.466917 
0.507572 
0.541388 
0.416444 
0.444240 
0.283796 
0.094370 
0.000000 
0.000000 
0.000000 
0.000000 
0.000000 
0.030263 
0.066802 
0.101467 
0.147908 
0.135544 
0.184321 
0.226961 
0.153590 
0.117908 
0.057801 
0.004262 
0.000000 
0.004950 
0.063366 
0.127108 
0.221023 
0.235347 
0.314587 
0.341244 
0.537460 
0.471022 
0.461245 
0.461384 
0.260764 
0.139728 
0.060534 
0.020114 
0.020021 
0.033041 
0.035317 
0.038095 
0.057124 
0.044316 
0.025125 
0.015203 
0.000666 
0.000000 
0.002725 
0.021547 
0.047456 
0.070339 
0.108682 
0.113011 
0.131960 
0.182997 
0.191742 
0.252354 
0.240896 
0.363794 
0.413142 
0.483718 
0.602663 
0.434216 
0.505213 
0.524069 
0.571943 
0.475739 
0.412564 
0.260008 
0.144614 
0.048440 
0.000000 
0.000000 
0.000000 
0.000000 
0.000000 
0.000000 
0.000000 
0.000000 
0.052559 
0.130545 
0.224649 
0.310354 
0.384840 
0.486860 
0.542071 
0.680259 
0.625309 
0.612283 
0.609363 
0.551956 
0.582044 
0.614047 
0.664670 
0.707338 
0.543286 
0.542407 
0.554382 
0.536433 
0.531316 
0.631715 
0.487219 
0.461741 
0.542645 
0.584438 
0.563064 
0.502633 
0.527981 
0.496915 
0.688633 
0.587708 
0.624896 
0.559585 
0.671579 
0.505053 
0.514071 
0.593392 
0.521698 
0.595257 
0.557910 
0.649444 
0.524570 
0.535871 
0.424855 
0.497216 
0.355518 
0.362292 
0.353719 
0.408120 
0.563223 
0.518727 
0.594962 
0.622506 
0.541035 
0.458314 
0.563548 
0.531835 
0.573200 
0.514306 
0.485888 
0.575564 
0.572632 
0.548110 
0.489345 
0.524879 
0.611686 
0.616497 
0.481054 
0.448094 
0.497971 
0.365912 
0.327802 
0.326790 
0.318069 
0.275613 
0.213953 
0.225556 
0.265200 
0.292874 
0.448053 
0.454894 
0.507072 
0.581240 
0.459789 
0.514932 
0.518987 
0.578175 
0.449398 
0.476560 
0.565753 
0.453764 
0.418449 
0.429235 
0.428224 
0.585489 
0.631092 
0.531846 
0.539850 
0.611750 
0.422187 
0.504047 
0.505809 
0.407153 
0.416374 
0.348753 
0.411458 
0.321141 
0.324883 
0.373903 
0.349076 
0.330893 
0.337795 
0.314685 
0.410367 
0.387881 
0.407752 
0.396120 
0.488282 
0.306480 
0.484602 
0.493385 
0.404014 
0.369986 
0.241966 
0.152435 
0.067301 
0.023352 
0.004363 
0.000000 
0.000000 
0.000000 
0.000000 
0.000000 
0.000000 
0.000000 
0.000000 
0.000000 
0.000000 
0.000000 
0.000000 
0.000000 
0.011874 
0.035818 
0.064713 
0.110432 
0.169494 
0.216570 
0.232854 
0.292915 
0.334983 
0.467387 
0.495542 
0.355418 
0.323785 
0.323229 
0.330521 
0.302065 
0.260376 
0.238842 
0.218347 
0.151808 
0.176364 
0.159644 
0.134463 
0.129873 
0.122600 
0.131586 
0.142151 
0.153341 
0.135243 
0.186743 
0.210279 
0.281830 
0.309491 
0.336637 
0.471364 
0.414419 
0.377542 
0.391830 
0.359187 
0.452807 
0.375892 
0.355062 
0.347792 
0.290046 
0.273537 
0.287871 
0.190054 
0.225572 
0.203117 
0.224842 
0.222058 
0.196852 
0.193456 
0.189524 
0.222926 
0.266602 
0.269320 
0.241913 
0.282933 
0.335588 
0.329096 
0.361976 
0.325690 
0.302038 
0.298905 
0.269801 
0.271121 
0.278523 
0.210125 
0.185209 
0.134216 
0.140970 
0.177980 
0.258254 
0.265731 
0.246898 
0.286015 
0.234744 
0.123832 
0.089831 
0.112862 
0.118457 
0.137034 
0.134206 
0.126911 
0.130062 
0.150078 
0.132116 
0.124606 
0.147107 
0.134451 
0.149012 
0.141864 
0.125746 
0.111590 
0.119680 
0.098899 
0.097920 
0.097474 
0.071205 
0.068059 
0.061571 
0.052274 
0.033567 
0.032430 
0.024499 
0.015255 
0.008343 
0.000507 
0.000000 
0.000000 
0.000000 
0.000000 
0.000000 
0.000000 
0.000000 
0.000000 
0.000000 
0.000000 
0.000000 
0.000000 
0.000000 
0.000000 
0.000000 
0.000000 
0.000000 
0.000000 
0.000000 
0.000000 
0.000000 
0.000000 
0.000000 
0.000000 
0.000000 
0.000000 
0.000000 
0.000000 
0.000000 
0.000000 
0.002145 
0.004387 
0.009607 
0.013229 
0.015507 
0.019602 
0.020727 
0.025349 
0.028857 
0.025386 
0.022965 
0.023466 
0.024766 
0.023150 
0.024147 
0.022945 
0.023967 
0.023741 
0.034733 
0.044903 
0.052928 
0.053812 
0.066568 
0.057433 
0.075771 
0.066021 
0.066707 
0.083499 
0.124870 
0.164037 
0.196642 
0.241825 
0.212227 
0.188142 
0.187752 
0.191083 
0.204647 
0.186331 
0.118082 
0.138186 
0.109589 
0.089099 
0.081061 
0.084008 
0.085941 
0.092509 
0.086358 
0.066152 
0.058518 
0.040258 
0.035527 
0.023087 
0.016353 
0.011349 
0.008023 
0.003820 
0.001885 
0.000000 
0.000000 
0.000000 
0.000000 
0.000000 
0.000000 
0.000000 
0.000912 
0.003088 
0.003778 
0.003935 
0.002580 
0.001168 
0.000000 
0.000000 
0.000000 
0.000000 
0.000000 
0.000000 
0.000000 
0.000000 
0.000000 
0.002667 
0.005165 
0.006419 
0.005116 
0.004099 
0.001600 
0.000000 
0.000000 
0.000000 
0.000000 
0.000000 
0.000000 
0.000000 
0.000000 
0.000000 
0.000000 
0.000000 
0.000000 
0.000000 
0.000000 
0.000000 
0.000000 
0.000000 
0.000000 
0.000000 
0.000000 
0.000000 
0.000000 
0.000000 
0.000000 
0.000000 
0.000000 
0.000000 
0.000000 
0.000000 
0.000000 
0.000000 
0.000000 
0.000000 
0.000000 
0.000000 
0.000000 
0.000000 
0.000000 
0.000000 
0.000000 
0.000000 
0.000000 
0.000000 
0.000000 
0.000000 
0.000000 
0.000000 
0.000000 
0.000000 
0.000000 
0.000000 
0.000000 
0.000000 
0.000000 
0.000000 
0.000000 
0.000000 
0.000000 
0.000000 
0.000000 
0.000000 
0.000000 
0.000000 
0.000000 
0.000000 
0.000000 
0.000000 
0.000000 
0.000000 
0.000000 
0.000000 
0.000000 
0.000000 
0.000000 
0.000000 
0.000000 
0.000000 
0.000000 
0.000000 
0.000000 
0.000000 
0.000000 
0.000000 
0.000000 
0.000000 
0.000000 
0.000000 
0.000000 
0.000000 
0.000000 
0.000000 
0.000000 
0.000000 
0.000000 
0.000000 
0.000000 
0.000000 
0.000000 
0.000000 
0.000000 
0.000000 
0.000000 
0.000000 
0.000000 
0.000000 
0.000000 
0.000000 
0.000000 
0.000000 
0.000000 
0.000000 
0.000000 
0.000000 
0.000000 
0.000000 
0.000000 
0.000000 
0.000000 
0.000000 
0.000000 
0.000000 
0.000000 
0.000000 
0.000000 
0.000000 
0.000000 
0.000000 
0.000000 
0.000000 
0.000000 
0.000000 
0.000000 
0.000000 
0.000000 
0.000000 
0.000000 
0.000000 
0.000000 
0.000000 
0.000000 
0.000000 
0.000000 
0.000000 
0.000000 
0.000000 
0.000000 
0.000000 
0.000000 
0.000000 
0.000000 
0.000000 
0.000000 
0.000000 
0.000000 
0.000000 
0.000000 
0.000000 
0.000000 
0.000000 
0.000000 
0.000000 
0.000000 
0.000000 
0.000000 
0.000000 
0.000000 
0.000000 
0.000000 
0.000000 
0.000000 
0.000000 
0.000000 
0.000000 
0.000000 
0.000000 
0.000000 
0.000000 
0.000000 
0.000000 
0.000000 
0.000000 
0.000000 
0.000000 
0.000000 
0.000000 
0.000000 
0.000000 
0.000000 
0.000000 
0.000000 
0.000000 
0.000000 
0.000000 
0.000000 
0.000000 
0.000000 
0.000000 
0.000000 
0.000000 
0.000000 
0.000000 
0.000000 
0.000000 
0.000000 
0.000000 
0.000000 
0.000000 
0.000000 
0.000000 
0.000000 
0.000000 
0.000000 
0.000000 
0.000000 
0.000000 
0.000000 
0.000000 
0.000000 
0.000000 
0.000000 
0.000000 
0.000000 
0.000000 
0.000000 
0.000000 
0.000000 
0.000000 
0.000000 
0.000000 
0.000000 
0.000000 
0.000000 
0.000000 
0.000000 
0.000000 
0.000000 
0.000000 
0.000000 
0.000000 
0.000000 
0.000000 
0.000000 
0.000000 
0.000000 
0.000000 
0.000000 
0.000000 
0.000000 
0.000000 
0.000000 
0.000000 
0.000000 
0.000000 
0.000000 
0.000000 
0.000000 
0.000000 
0.000000 
0.000000 
0.000000 
0.000000 
0.000000 
0.000000 
0.000000 
0.000000 
0.000000 
0.000000 
0.000000 
0.000000 
0.000000 
0.000000 
0.000000 
0.000000 
0.000000 
0.000000 
0.000000 
0.000000 
0.000000 
0.000000 
0.000000 
0.000000 
0.000000 
0.000000 
0.000000 
0.000000 
0.000000 
0.000000 
0.000000 
0.000000 
0.000000 
0.000000 
0.000000 
