0.073333 
0.073333 
0.073333 
0.073333 
0.073333 
0.073333 
0.073333 
0.073333 
0.073333 
0.073333 
0.073333 
0.073333 
0.073333 
0.073333 
0.073333 
0.073333 
0.073333 
0.073333 
0.073333 
0.073333 
0.073333 
0.073333 
0.073333 
0.073333 
0.073333 
0.073333 
0.073333 
0.073333 
0.073333 
0.073333 
0.073333 
0.073333 
0.073333 
0.073333 
0.073333 
0.073333 
0.073333 
0.073333 
0.073333 
0.073333 
0.073333 
0.073333 
0.073333 
0.073333 
0.073333 
0.073333 
0.073333 
0.073333 
0.073333 
0.073333 
0.073333 
0.073333 
0.073333 
0.073333 
0.073333 
0.073333 
0.073333 
0.073333 
0.073333 
0.073333 
0.073333 
0.073333 
0.073333 
0.073333 
0.073333 
0.073333 
0.073333 
0.073333 
0.073333 
0.073333 
0.073333 
0.073333 
0.073333 
0.073333 
0.073333 
0.073333 
0.073333 
0.073333 
0.073333 
0.073333 
0.073333 
0.073333 
0.073333 
0.073333 
0.073333 
0.073333 
0.073333 
0.073333 
0.073333 
0.073333 
0.073333 
0.073333 
0.073333 
0.073333 
0.073333 
0.073333 
0.073333 
0.073333 
0.073333 
0.073333 
0.073333 
0.073333 
0.073333 
0.073333 
0.073333 
0.073333 
0.073333 
0.073333 
0.073333 
0.073333 
0.073333 
0.073333 
0.073333 
0.073333 
0.073333 
0.073333 
0.073333 
0.073333 
0.073333 
0.073333 
0.073333 
0.073333 
0.073333 
0.073333 
0.073333 
0.073333 
0.073333 
0.073333 
0.073333 
0.073333 
0.073333 
0.073333 
0.073333 
0.073333 
0.073333 
0.073333 
0.073333 
0.073333 
0.073333 
0.073333 
0.073333 
0.073333 
0.073333 
0.073333 
0.073333 
0.073333 
0.073333 
0.073333 
0.073333 
0.073333 
0.073333 
0.073333 
0.073333 
0.073333 
0.073333 
0.073333 
0.073333 
0.073333 
0.073333 
0.073333 
0.073333 
0.073333 
0.073333 
0.073333 
0.073333 
0.073333 
0.073333 
0.073333 
0.073333 
0.073333 
0.073333 
0.073333 
0.073333 
0.073333 
0.073333 
0.073333 
0.073333 
0.073333 
0.073333 
0.073333 
0.073333 
0.073333 
0.073333 
0.073333 
0.073333 
0.073333 
0.073333 
0.073333 
0.073333 
0.073333 
0.073333 
0.073333 
0.073333 
0.073333 
0.073333 
0.073333 
0.073333 
0.073333 
0.073333 
0.073333 
0.073333 
0.073333 
0.073333 
0.073333 
0.073333 
0.073333 
0.073333 
0.073333 
0.073333 
0.073333 
0.073333 
0.073333 
0.073333 
0.073333 
0.073333 
0.073333 
0.073333 
0.073333 
0.073333 
0.073333 
0.073333 
0.073333 
0.073333 
0.073333 
0.073333 
0.073333 
0.073333 
0.073333 
0.073333 
0.073333 
0.073333 
0.073333 
0.073333 
0.073333 
0.073333 
0.073333 
0.073333 
0.073333 
0.073333 
0.073333 
0.073333 
0.073333 
0.073333 
0.073333 
0.073333 
0.073333 
0.073333 
0.073333 
0.073333 
0.073333 
0.073333 
0.073333 
0.073333 
0.073333 
0.073333 
0.073333 
0.073333 
0.073333 
0.073333 
0.073333 
0.073333 
0.073333 
0.073333 
0.073333 
0.073333 
0.073333 
0.073333 
0.073333 
0.073333 
0.073333 
0.073333 
0.073333 
0.073333 
0.073333 
0.073333 
0.073333 
0.073333 
0.073333 
0.073333 
0.073333 
0.073333 
0.073333 
0.073333 
0.073333 
0.073333 
0.073333 
0.073333 
0.073333 
0.073333 
0.073333 
0.073333 
0.073333 
0.073333 
0.073333 
0.073333 
0.073333 
0.073333 
0.073333 
0.073333 
0.073333 
0.073333 
0.073333 
0.073333 
0.073333 
0.073333 
0.073333 
0.073333 
0.073333 
0.073333 
0.073333 
0.073333 
0.073333 
0.073333 
0.073333 
0.073333 
0.073333 
0.073333 
0.073333 
0.073333 
0.073333 
0.073333 
0.073333 
0.073333 
0.073333 
0.073333 
0.073333 
0.073333 
0.073333 
0.073333 
0.073333 
0.073333 
0.073333 
0.073333 
0.073333 
0.073333 
0.073333 
0.073333 
0.073333 
0.073333 
0.073333 
0.073333 
0.073333 
0.073333 
0.073333 
0.073333 
0.073333 
0.073333 
0.073333 
0.073333 
0.073333 
0.073333 
0.073333 
0.073333 
0.073333 
0.073333 
0.073333 
0.073333 
0.073333 
0.073333 
0.073333 
0.073333 
0.073333 
0.073333 
0.073333 
0.073333 
0.073333 
0.073333 
0.073333 
0.073333 
0.073333 
0.073333 
0.073333 
0.073333 
0.073333 
0.073333 
0.073333 
0.073333 
0.073333 
0.073333 
0.073333 
0.073333 
0.073333 
0.073333 
0.073333 
0.073333 
0.073333 
0.073333 
0.073333 
0.073333 
0.073333 
0.073333 
0.073333 
0.073333 
0.073333 
0.073333 
0.073333 
0.073333 
0.073333 
0.073333 
0.073333 
0.073333 
0.073333 
0.073333 
0.073333 
0.073333 
0.073333 
0.073333 
0.073333 
0.073333 
0.073333 
0.074501 
0.077688 
0.082426 
0.088242 
0.094667 
0.106305 
0.124555 
0.144131 
0.159752 
0.166133 
0.156482 
0.133468 
0.105999 
0.082985 
0.073333 
0.073333 
0.073333 
0.073333 
0.073333 
0.073333 
0.073333 
0.073333 
0.073333 
0.073333 
0.073333 
0.073333 
0.073333 
0.073333 
0.073333 
0.073333 
0.073333 
0.073333 
0.073333 
0.073333 
0.073333 
0.073333 
0.073333 
0.073333 
0.073333 
0.073333 
0.073333 
0.073333 
0.073333 
0.073333 
0.073333 
0.073333 
0.073333 
0.073333 
0.073333 
0.073333 
0.073333 
0.073333 
0.073333 
0.073333 
0.073333 
0.073333 
0.073333 
0.073333 
0.073333 
0.073333 
0.073333 
0.073333 
0.073333 
0.073333 
0.073333 
0.073333 
0.073333 
0.073333 
0.073333 
0.073333 
0.073333 
0.073333 
0.073333 
0.073333 
0.073333 
0.073333 
0.073333 
0.073333 
0.073333 
0.073333 
0.073333 
0.073333 
0.073333 
0.073333 
0.073333 
0.073333 
0.073333 
0.073333 
0.073333 
0.073333 
0.073333 
0.073333 
0.073333 
0.073333 
0.073333 
0.073333 
0.073333 
0.073333 
0.073333 
0.073333 
0.073333 
0.073333 
0.073333 
0.073333 
0.073333 
0.073333 
0.073333 
0.073333 
0.073333 
0.073333 
0.073333 
0.073333 
0.073333 
0.073333 
0.073333 
0.073333 
0.073333 
0.073333 
0.073333 
0.073333 
0.073333 
0.073333 
0.073333 
0.073333 
0.073333 
0.073333 
0.073333 
0.073333 
0.073333 
0.073333 
0.073333 
0.073333 
0.073333 
0.073333 
0.073333 
0.073333 
0.073333 
0.073333 
0.073333 
0.073333 
0.073333 
0.073333 
0.073333 
0.073333 
0.073333 
0.073333 
0.073333 
0.073333 
0.073333 
0.073333 
0.073333 
0.073333 
0.073333 
0.073333 
0.073333 
0.073333 
0.073333 
0.073333 
0.073333 
0.073333 
0.073333 
0.073333 
0.073333 
0.073333 
0.073333 
0.073333 
0.073333 
0.073333 
0.073333 
0.073333 
0.073333 
0.073333 
0.073333 
0.073333 
0.073333 
0.073333 
0.073333 
0.073333 
0.073333 
0.073333 
0.073333 
0.073333 
0.073333 
0.073333 
0.073333 
0.073333 
0.073333 
0.073333 
0.073333 
0.073333 
0.073333 
0.073333 
0.073333 
0.073333 
0.073333 
0.073333 
0.073333 
0.073333 
0.073333 
0.073333 
0.073333 
0.073333 
0.073333 
0.073333 
0.073333 
0.073333 
0.073333 
0.073333 
0.073333 
0.073333 
0.073333 
0.073333 
0.073333 
0.073333 
0.073333 
0.073333 
0.073333 
0.073333 
0.073333 
0.073333 
0.073333 
0.073333 
0.073333 
0.073333 
0.073333 
0.073333 
0.073333 
0.073333 
0.073333 
0.073333 
0.073333 
0.073333 
0.073333 
0.073333 
0.073333 
0.073333 
0.073333 
0.073333 
0.073333 
0.073333 
0.073333 
0.073333 
0.073333 
0.073333 
0.073333 
0.073333 
0.073333 
0.073333 
0.073333 
0.073333 
0.073333 
0.073333 
0.073333 
0.073333 
0.073333 
0.073333 
0.073333 
0.073333 
0.073333 
0.073333 
0.073333 
0.073333 
0.073333 
0.073333 
0.073333 
0.073333 
0.073333 
0.073333 
0.073333 
0.073333 
0.073333 
0.073333 
0.073333 
0.073333 
0.073333 
0.073333 
0.073333 
0.073333 
0.073333 
0.073333 
0.073333 
0.073333 
0.073333 
0.073333 
0.073333 
0.073333 
0.073333 
0.073333 
0.073333 
0.073333 
0.073333 
0.073333 
0.073333 
0.073333 
0.073333 
0.073333 
0.073333 
0.073333 
0.073333 
0.073333 
0.073333 
0.073333 
0.073333 
0.073333 
0.073333 
0.073333 
0.073333 
0.073333 
0.073333 
0.073333 
0.073333 
0.073333 
0.073333 
0.073333 
0.073333 
0.073333 
0.073333 
0.073333 
0.073333 
0.073333 
0.073333 
0.073333 
0.073333 
0.073333 
0.073333 
0.073333 
0.073333 
0.073333 
0.073333 
0.073333 
0.073333 
0.073333 
0.073333 
0.073333 
0.073333 
0.073333 
0.073333 
0.073333 
0.073333 
0.073333 
0.073333 
0.073333 
0.073333 
0.073333 
0.073333 
0.073333 
0.073333 
0.073333 
0.073333 
0.073333 
0.073333 
0.073333 
0.073333 
0.073333 
0.073333 
0.073333 
0.073333 
0.073333 
0.073333 
0.073333 
0.073333 
0.073333 
0.073333 
0.073333 
0.073333 
0.073333 
0.073333 
0.073333 
0.073333 
0.073333 
0.073333 
0.073333 
0.073333 
0.073333 
0.073333 
0.073333 
0.073333 
0.073333 
0.073333 
0.073333 
0.073333 
0.073333 
0.073333 
0.073333 
0.073333 
0.073333 
0.073333 
0.073333 
0.073333 
0.073333 
0.073333 
0.073333 
0.073333 
0.073333 
0.073333 
0.073333 
0.073333 
0.073333 
0.073333 
0.073333 
0.073333 
0.073333 
0.073333 
0.073333 
0.073333 
0.073333 
0.073333 
0.073333 
0.073333 
0.073333 
0.073333 
0.073333 
0.073333 
0.073333 
0.073333 
0.073333 
0.073333 
0.073333 
0.073333 
0.073333 
0.073333 
0.073333 
0.073333 
0.073333 
0.073333 
0.073333 
0.073333 
0.073333 
0.073333 
0.073333 
0.073333 
0.073333 
0.073333 
0.073333 
0.073333 
0.073333 
0.073333 
0.073333 
0.073333 
0.073333 
0.073333 
0.073333 
0.073333 
0.073333 
0.073333 
0.073333 
0.073333 
0.073333 
0.073333 
0.073333 
0.073333 
0.073333 
0.073333 
0.073333 
0.073333 
0.073333 
0.073333 
0.073333 
0.073333 
0.073333 
0.073333 
0.073333 
0.073333 
0.073333 
0.073333 
0.073333 
0.073333 
0.073333 
0.073333 
0.073333 
0.073333 
0.073333 
0.073333 
0.073333 
0.073333 
0.073333 
0.073333 
0.073333 
0.073333 
0.073333 
0.073333 
0.073333 
0.073333 
0.073333 
0.073333 
0.073333 
0.073333 
0.073333 
0.073333 
0.073333 
0.073333 
0.073333 
0.073333 
0.073333 
0.073333 
0.073333 
0.073333 
0.073333 
0.073333 
0.073333 
0.073333 
0.073333 
0.073333 
0.073333 
0.073333 
0.073333 
0.073333 
0.073333 
0.073333 
0.073333 
0.073333 
0.073333 
0.073333 
0.073333 
0.073333 
0.073333 
0.073333 
0.073333 
0.073333 
0.073333 
0.073333 
0.073333 
0.073333 
0.073333 
0.073333 
0.073333 
0.073333 
0.073333 
0.073333 
0.073333 
0.073333 
0.073333 
0.073333 
0.073333 
0.073333 
0.073333 
0.073333 
0.073333 
0.073333 
0.073333 
0.073333 
0.073333 
0.073333 
0.073333 
0.073333 
0.073333 
0.073333 
0.073333 
0.073333 
0.073333 
0.074997 
0.078965 
0.083701 
0.087669 
0.089333 
0.089333 
0.089333 
0.089333 
0.089333 
0.089333 
0.089888 
0.091211 
0.092789 
0.094112 
0.094667 
0.094112 
0.092789 
0.091211 
0.089888 
0.089333 
0.089333 
0.089333 
0.089333 
0.089333 
0.089333 
0.092107 
0.098720 
0.106613 
0.113227 
0.116000 
0.116000 
0.116000 
0.116000 
0.116000 
0.116000 
0.116000 
0.116000 
0.116000 
0.116000 
0.116000 
0.153632 
0.248096 
0.371744 
0.496928 
0.596000 
0.678432 
0.763936 
0.840224 
0.895008 
0.916000 
0.916000 
0.916000 
0.916000 
0.916000 
0.916000 
0.923709 
0.942795 
0.967200 
0.990866 
1.007733 
1.018372 
1.027577 
1.035621 
1.042782 
1.049333 
1.055163 
1.060240 
1.064962 
1.069728 
1.074933 
1.080982 
1.087624 
1.094282 
1.100378 
1.105333 
1.108709 
1.111069 
1.113340 
1.116453 
1.121333 
1.148702 
1.208098 
1.283675 
1.359591 
1.420000 
1.465309 
1.506929 
1.545521 
1.581746 
1.616267 
1.653458 
1.693138 
1.729128 
1.755253 
1.765333 
1.750772 
1.713116 
1.661408 
1.604688 
1.552000 
1.493432 
1.422693 
1.354250 
1.302574 
1.282133 
1.294391 
1.323622 
1.358511 
1.387742 
1.400000 
1.394580 
1.380541 
1.361212 
1.339921 
1.320000 
1.297527 
1.270153 
1.243561 
1.223438 
1.215467 
1.346923 
1.660395 
2.034539 
2.348011 
2.479467 
2.438330 
2.333348 
2.192161 
2.042409 
1.911733 
1.782722 
1.636938 
1.500487 
1.399472 
1.360000 
1.420681 
1.565380 
1.738086 
1.882786 
1.943467 
1.889442 
1.760614 
1.606852 
1.478025 
1.424000 
1.424000 
1.424000 
1.424000 
1.424000 
1.424000 
1.462771 
1.555226 
1.665574 
1.758029 
1.796800 
1.762189 
1.679654 
1.581146 
1.498611 
1.464000 
1.811781 
2.643983 
3.643894 
4.494804 
4.880000 
4.916116 
4.937068 
4.952068 
4.970330 
5.001067 
5.086849 
5.233496 
5.395091 
5.525720 
5.579467 
5.395730 
4.929942 
4.310236 
3.664744 
3.121600 
2.630503 
2.104691 
1.617600 
1.242669 
1.053333 
0.986693 
0.931990 
0.890873 
0.864993 
0.856000 
0.859197 
0.868366 
0.882869 
0.902070 
0.925333 
0.997051 
1.136627 
1.305944 
1.466885 
1.581333 
1.660691 
1.736410 
1.800451 
1.844773 
1.861333 
1.852956 
1.831689 
1.803331 
1.773679 
1.748533 
1.724940 
1.698992 
1.675055 
1.657491 
1.650667 
1.910934 
2.544450 
3.330285 
4.047512 
4.475200 
4.670548 
4.835798 
4.967587 
5.062553 
5.117333 
5.148856 
5.175481 
5.195999 
5.209198 
5.213867 
5.048129 
4.631468 
4.084717 
3.528706 
3.084267 
2.716940 
2.341394 
2.002151 
1.743735 
1.610667 
1.559166 
1.516695 
1.484641 
1.464392 
1.457333 
1.461770 
1.472457 
1.485459 
1.496841 
1.502667 
1.504277 
1.505606 
1.506610 
1.507245 
1.507467 
1.457879 
1.339633 
1.198500 
1.080254 
1.030667 
1.032930 
1.039163 
1.048531 
1.060200 
1.073333 
1.099363 
1.141783 
1.187856 
1.224841 
1.240000 
1.228768 
1.201984 
1.170016 
1.143232 
1.132000 
1.132550 
1.134129 
1.136634 
1.139959 
1.144000 
1.157078 
1.182799 
1.213980 
1.243441 
1.264000 
1.275849 
1.285010 
1.293047 
1.301522 
1.312000 
1.328000 
1.348800 
1.369600 
1.385600 
1.392000 
1.384789 
1.367595 
1.347072 
1.329877 
1.322667 
1.322667 
1.322667 
1.322667 
1.322667 
1.322667 
1.327902 
1.341520 
1.360387 
1.381369 
1.401333 
1.424653 
1.453638 
1.482055 
1.503675 
1.512267 
1.502671 
1.479789 
1.452478 
1.429596 
1.420000 
1.424770 
1.436145 
1.449722 
1.461097 
1.465867 
1.465253 
1.463526 
1.460851 
1.457398 
1.453333 
1.446293 
1.434295 
1.418085 
1.398405 
1.376000 
1.335433 
1.272709 
1.205735 
1.152418 
1.130667 
1.132365 
1.136830 
1.143111 
1.150262 
1.157333 
1.166346 
1.178126 
1.189933 
1.199027 
1.202667 
1.184085 
1.139776 
1.086891 
1.042581 
1.024000 
1.065600 
1.164800 
1.283200 
1.382400 
1.424000 
1.414016 
1.390208 
1.361792 
1.337984 
1.328000 
1.335268 
1.354283 
1.380864 
1.410830 
1.440000 
1.469395 
1.502373 
1.538253 
1.576355 
1.616000 
1.666071 
1.727351 
1.787009 
1.832214 
1.850133 
1.816798 
1.737306 
1.642428 
1.562935 
1.529600 
1.568427 
1.661013 
1.771520 
1.864107 
1.902933 
1.899663 
1.891033 
1.878811 
1.864766 
1.850667 
1.832019 
1.807128 
1.781961 
1.762485 
1.754667 
1.772887 
1.816337 
1.868196 
1.911646 
1.929867 
1.888841 
1.787036 
1.656356 
1.528709 
1.436000 
1.369693 
1.305005 
1.249470 
1.210623 
1.196000 
1.200967 
1.213673 
1.230830 
1.249147 
1.265333 
1.281686 
1.300400 
1.318030 
1.331134 
1.336267 
1.294500 
1.194903 
1.076030 
0.976433 
0.934667 
0.937989 
0.946587 
0.958402 
0.971381 
0.983467 
0.994286 
1.005275 
1.017095 
1.030405 
1.045867 
1.064245 
1.085992 
1.111297 
1.140348 
1.173333 
1.217359 
1.274570 
1.337714 
1.399541 
1.452800 
1.503341 
1.556533 
1.604402 
1.638971 
1.652267 
1.599130 
1.472418 
1.321182 
1.194470 
1.141333 
1.335467 
1.798400 
2.350933 
2.813867 
3.008000 
2.872939 
2.550869 
2.166464 
1.844395 
1.709333 
1.713558 
1.726060 
1.746583 
1.774871 
1.810667 
2.047135 
2.622420 
3.453738 
4.458304 
5.553333 
