0.053333 
0.053333 
0.053333 
0.053333 
0.053333 
0.053333 
0.053333 
0.053333 
0.053333 
0.053333 
0.053333 
0.053333 
0.053333 
0.053333 
0.053333 
0.053333 
0.053333 
0.053333 
0.053333 
0.053333 
0.053333 
0.053333 
0.053333 
0.053333 
0.053333 
0.053333 
0.053333 
0.053333 
0.053333 
0.053333 
0.053333 
0.053333 
0.053333 
0.053333 
0.053333 
0.053333 
0.053333 
0.053333 
0.053333 
0.053333 
0.053333 
0.053333 
0.053333 
0.053333 
0.053333 
0.053333 
0.053333 
0.053333 
0.053333 
0.053333 
0.053333 
0.053333 
0.053333 
0.053333 
0.053333 
0.053333 
0.053333 
0.053333 
0.053333 
0.053333 
0.053333 
0.053333 
0.053333 
0.053333 
0.053333 
0.053333 
0.053333 
0.053333 
0.053333 
0.053333 
0.053333 
0.053333 
0.053333 
0.053333 
0.053333 
0.053333 
0.053333 
0.053333 
0.053333 
0.053333 
0.053333 
0.053333 
0.053333 
0.053333 
0.053333 
0.055924 
0.063068 
0.073824 
0.087248 
0.102400 
0.132861 
0.182791 
0.237117 
0.280767 
0.298667 
0.298667 
0.298667 
0.298667 
0.298667 
0.298667 
0.298667 
0.298667 
0.298667 
0.298667 
0.298667 
0.298667 
0.298667 
0.298667 
0.298667 
0.298667 
0.280767 
0.237117 
0.182791 
0.132861 
0.102400 
0.087248 
0.073824 
0.063068 
0.055924 
0.053333 
0.053333 
0.053333 
0.053333 
0.053333 
0.053333 
0.053333 
0.053333 
0.053333 
0.053333 
0.053333 
0.053333 
0.053333 
0.053333 
0.053333 
0.053333 
0.053333 
0.053333 
0.053333 
0.053333 
0.053333 
0.053333 
0.053333 
0.053333 
0.053333 
0.053333 
0.053333 
0.053333 
0.053333 
0.053333 
0.053333 
0.053333 
0.053333 
0.053333 
0.053333 
0.053333 
0.053333 
0.053333 
0.053333 
0.053333 
0.053333 
0.053333 
0.053333 
0.053333 
0.053333 
0.053333 
0.053333 
0.053333 
0.053333 
0.053333 
0.053333 
0.064874 
0.093843 
0.131761 
0.170151 
0.200533 
0.225812 
0.252034 
0.275429 
0.292229 
0.298667 
0.298667 
0.298667 
0.298667 
0.298667 
0.298667 
0.298667 
0.298667 
0.298667 
0.298667 
0.298667 
0.296076 
0.288932 
0.278176 
0.264752 
0.249600 
0.219139 
0.169209 
0.114883 
0.071233 
0.053333 
0.053333 
0.053333 
0.053333 
0.053333 
0.053333 
0.053333 
0.053333 
0.053333 
0.053333 
0.053333 
0.053333 
0.053333 
0.053333 
0.053333 
0.053333 
0.053333 
0.053333 
0.053333 
0.053333 
0.053333 
0.053333 
0.053333 
0.053333 
0.053333 
0.053333 
0.053333 
0.053333 
0.053333 
0.053333 
0.053333 
0.053333 
0.053333 
0.053333 
0.053333 
0.053333 
0.053333 
0.053333 
0.053333 
0.053333 
0.053333 
0.053333 
0.053333 
0.053333 
0.053333 
0.053333 
0.053333 
0.053333 
0.053333 
0.053333 
0.053333 
0.059771 
0.076571 
0.099966 
0.126188 
0.151467 
0.181849 
0.220239 
0.258157 
0.287126 
0.298667 
0.298667 
0.298667 
0.298667 
0.298667 
0.298667 
0.298667 
0.298667 
0.298667 
0.298667 
0.298667 
0.298667 
0.298667 
0.298667 
0.298667 
0.298667 
0.273152 
0.212309 
0.139691 
0.078848 
0.053333 
0.053333 
0.053333 
0.053333 
0.053333 
0.053333 
0.053333 
0.053333 
0.053333 
0.053333 
0.053333 
0.053333 
0.053333 
0.053333 
0.053333 
0.053333 
0.053333 
0.053333 
0.053333 
0.053333 
0.053333 
0.053333 
0.053333 
0.053333 
0.053333 
0.053333 
0.053333 
0.053333 
0.053333 
0.053333 
0.053333 
0.053333 
0.053333 
0.053333 
0.053333 
0.053333 
0.053333 
0.053333 
0.053333 
0.053333 
0.053333 
0.053333 
0.053333 
0.053333 
0.053333 
0.053333 
0.053333 
0.053333 
0.053333 
0.053333 
0.053333 
0.053333 
0.053333 
0.053333 
0.053333 
0.053333 
0.053333 
0.053333 
0.053333 
0.053333 
0.053333 
0.053333 
0.053333 
0.053333 
0.053333 
0.053333 
0.053333 
0.053333 
0.053333 
0.053333 
0.053333 
0.053333 
0.053333 
0.053333 
0.053333 
0.053333 
0.053333 
0.053333 
0.053333 
0.053333 
0.053333 
0.053333 
0.053333 
0.053333 
0.053333 
0.053333 
0.053333 
0.053333 
0.053333 
0.053333 
0.053333 
0.053333 
0.053333 
0.053333 
0.053333 
0.053333 
0.053333 
0.053333 
0.053333 
0.053333 
0.053333 
0.053333 
0.053333 
0.053333 
0.053333 
0.053333 
0.053333 
0.053333 
0.053333 
0.053333 
0.053333 
0.055924 
0.063068 
0.073824 
0.087248 
0.102400 
0.132861 
0.182791 
0.237117 
0.280767 
0.298667 
0.298667 
0.298667 
0.298667 
0.298667 
0.298667 
0.298667 
0.298667 
0.298667 
0.298667 
0.298667 
0.298667 
0.298667 
0.298667 
0.298667 
0.298667 
0.280767 
0.237117 
0.182791 
0.132861 
0.102400 
0.087248 
0.073824 
0.063068 
0.055924 
0.053333 
0.053333 
0.053333 
0.053333 
0.053333 
0.053333 
0.053333 
0.053333 
0.053333 
0.053333 
0.053333 
0.058311 
0.070400 
0.085333 
0.098844 
0.106667 
0.109492 
0.111304 
0.112769 
0.114556 
0.117333 
0.124589 
0.136839 
0.150287 
0.161139 
0.165600 
0.162244 
0.154242 
0.144691 
0.136689 
0.133333 
0.144588 
0.172112 
0.206541 
0.238514 
0.258667 
0.269501 
0.279253 
0.287161 
0.292463 
0.294400 
0.289436 
0.277598 
0.263469 
0.251631 
0.246667 
0.261017 
0.297633 
0.346860 
0.399045 
0.444533 
0.484834 
0.526386 
0.566935 
0.604225 
0.636000 
0.665738 
0.695775 
0.722144 
0.740875 
0.748000 
0.741936 
0.727142 
0.708713 
0.691745 
0.681333 
0.677115 
0.674518 
0.672323 
0.669313 
0.664267 
0.627955 
0.550723 
0.460713 
0.386069 
0.354933 
0.499840 
0.845387 
1.257813 
1.603360 
1.748267 
1.604083 
1.255919 
0.830353 
0.453965 
0.253333 
0.187375 
0.132130 
0.089864 
0.062844 
0.053333 
0.053333 
0.053333 
0.053333 
0.053333 
0.053333 
0.053333 
0.053333 
0.053333 
0.053333 
0.053333 
0.053333 
0.053333 
0.053333 
0.053333 
0.053333 
0.053333 
0.053333 
0.053333 
0.053333 
0.053333 
0.053333 
0.053333 
0.053333 
0.053333 
0.053333 
0.053333 
0.053333 
0.053333 
0.053333 
0.053333 
0.053333 
0.053333 
0.053333 
0.053333 
0.053333 
0.053333 
0.053333 
0.053333 
0.053333 
0.053333 
0.053333 
0.053333 
0.053333 
0.053333 
0.053333 
0.053333 
0.053333 
0.053333 
0.053333 
0.053333 
0.053333 
0.053333 
0.053333 
0.053333 
0.053333 
0.053333 
0.053333 
0.053333 
0.053333 
0.053333 
0.071233 
0.114883 
0.169209 
0.219139 
0.249600 
0.264752 
0.278176 
0.288932 
0.296076 
0.298667 
0.298667 
0.298667 
0.298667 
0.298667 
0.298667 
0.298667 
0.298667 
0.298667 
0.298667 
0.298667 
0.292229 
0.275429 
0.252034 
0.225812 
0.200533 
0.170151 
0.131761 
0.093843 
0.064874 
0.053333 
0.053333 
0.053333 
0.053333 
0.053333 
0.053333 
0.053333 
0.053333 
0.053333 
0.053333 
0.053333 
0.053333 
0.053333 
0.053333 
0.053333 
0.053333 
0.053333 
0.053333 
0.053333 
0.053333 
0.053333 
0.053333 
0.053333 
0.053333 
0.053333 
0.053333 
0.053333 
0.053333 
0.053333 
0.053333 
0.053333 
0.053333 
0.053333 
0.053333 
0.053333 
0.053333 
0.053333 
0.053333 
0.053333 
0.053333 
0.053333 
0.053333 
0.053333 
0.053333 
0.053333 
0.053333 
0.071233 
0.114883 
0.169209 
0.219139 
0.249600 
0.264752 
0.278176 
0.288932 
0.296076 
0.298667 
0.298667 
0.298667 
0.298667 
0.298667 
0.298667 
0.298667 
0.298667 
0.298667 
0.298667 
0.298667 
0.292229 
0.275429 
0.252034 
0.225812 
0.200533 
0.170151 
0.131761 
0.093843 
0.064874 
0.053333 
0.053333 
0.053333 
0.053333 
0.053333 
0.053333 
0.053333 
0.053333 
0.053333 
0.053333 
0.053333 
0.053333 
0.053333 
0.053333 
0.053333 
0.053333 
0.053333 
0.053333 
0.053333 
0.053333 
0.053333 
0.053333 
0.053333 
0.053333 
0.053333 
0.053333 
0.053333 
0.053333 
0.053333 
0.053333 
0.053333 
0.053333 
0.053333 
0.053333 
0.053333 
0.053333 
0.053333 
0.053333 
0.053333 
0.053333 
0.053333 
0.059771 
0.076571 
0.099966 
0.126188 
0.151467 
0.181849 
0.220239 
0.258157 
0.287126 
0.298667 
0.298667 
0.298667 
0.298667 
0.298667 
0.298667 
0.298667 
0.298667 
0.298667 
0.298667 
0.298667 
0.298667 
0.298667 
0.298667 
0.298667 
0.298667 
0.273152 
0.212309 
0.139691 
0.078848 
0.053333 
0.053333 
0.053333 
0.053333 
0.053333 
0.053333 
0.053333 
0.053333 
0.053333 
0.053333 
0.053333 
0.053333 
0.053333 
0.053333 
0.053333 
0.053333 
0.053333 
0.053333 
0.053333 
0.053333 
0.053333 
0.053333 
0.053333 
0.053333 
0.053333 
0.053333 
0.053333 
0.053333 
0.053333 
0.053333 
0.053333 
0.053333 
0.053333 
0.053333 
0.053333 
0.053333 
0.053333 
0.053333 
0.053333 
0.053333 
0.053333 
0.053333 
0.053333 
0.053333 
0.053333 
0.053333 
0.053333 
0.053333 
0.053333 
0.053333 
0.053333 
0.053333 
0.053333 
0.053333 
0.053333 
0.053333 
0.053333 
0.053333 
0.053333 
0.053333 
0.053333 
0.071233 
0.114883 
0.169209 
0.219139 
0.249600 
0.264752 
0.278176 
0.288932 
0.296076 
0.298667 
0.298667 
0.298667 
0.298667 
0.298667 
0.298667 
0.298667 
0.298667 
0.298667 
0.298667 
0.298667 
0.292229 
0.275429 
0.252034 
0.225812 
0.200533 
0.170151 
0.131761 
0.093843 
0.064874 
0.053333 
0.053333 
0.053333 
0.053333 
0.053333 
0.053333 
0.053333 
0.053333 
0.053333 
0.053333 
0.053333 
0.053333 
0.053333 
0.053333 
0.053333 
0.053333 
0.053333 
0.053333 
0.053333 
0.053333 
0.053333 
0.053333 
0.053333 
0.053333 
0.053333 
0.053333 
0.053333 
0.053333 
0.053333 
0.053333 
0.053333 
0.053333 
0.053333 
0.053333 
0.053333 
0.053333 
0.053333 
0.053333 
0.053333 
0.053333 
0.053333 
0.053333 
0.053333 
0.053333 
0.053333 
0.053333 
0.053333 
0.053333 
0.053333 
0.053333 
0.053333 
0.059771 
0.076571 
0.099966 
0.126188 
0.151467 
0.181849 
0.220239 
0.258157 
0.287126 
0.298667 
0.298667 
0.298667 
0.298667 
0.298667 
0.298667 
0.298667 
0.298667 
0.298667 
0.298667 
0.298667 
0.311979 
0.343723 
0.381611 
0.413355 
0.426667 
0.409195 
0.367531 
0.317803 
0.276139 
0.258667 
0.261470 
0.269146 
0.280594 
0.294712 
0.310400 
0.339594 
0.385919 
0.435807 
0.475690 
0.492000 
0.490746 
0.487597 
0.483475 
0.479302 
0.476000 
0.473887 
0.472308 
0.470717 
0.468574 
0.465333 
0.452127 
0.424770 
0.389751 
0.353554 
0.322667 
0.295695 
0.268238 
0.242267 
0.219752 
0.202667 
0.190126 
0.179583 
0.170509 
0.162380 
0.154667 
0.146423 
0.137873 
0.130244 
0.124766 
0.122667 
0.122667 
0.122667 
0.122667 
0.122667 
0.122667 
0.135091 
0.164719 
0.200081 
0.229709 
0.242133 
0.241174 
0.238745 
0.235515 
0.232154 
0.229333 
0.226735 
0.223903 
0.221304 
0.219404 
0.218667 
0.246541 
0.313384 
0.394022 
0.463285 
0.496000 
0.501537 
0.505989 
0.509272 
0.511304 
0.512000 
0.507008 
0.495104 
0.480896 
0.468992 
0.464000 
0.464000 
0.464000 
0.464000 
0.464000 
0.464000 
0.452636 
0.425523 
0.393132 
0.365934 
0.354400 
0.354209 
0.354059 
0.353952 
0.353888 
0.353867 
0.368371 
0.402959 
0.444241 
0.478829 
0.493333 
0.482961 
0.458227 
0.428706 
0.403972 
0.393600 
0.407799 
0.441660 
0.482074 
0.515934 
0.530133 
0.524781 
0.512017 
0.496783 
0.484019 
0.478667 
0.485586 
0.503477 
0.528042 
0.554982 
0.580000 
0.603551 
0.628625 
0.654723 
0.681347 
0.708000 
0.739158 
0.775168 
0.809332 
0.834953 
0.845333 
0.845726 
0.845931 
0.846073 
0.846277 
0.846667 
0.853216 
0.868894 
0.889325 
0.910131 
0.926933 
0.937827 
0.945888 
0.954208 
0.965881 
0.984000 
1.290739 
1.989838 
2.816742 
3.506893 
3.795733 
3.789894 
3.775131 
3.755582 
3.735382 
3.718667 
3.707438 
3.698861 
3.689819 
3.677194 
3.657867 
3.420585 
2.878737 
2.216171 
1.616732 
1.264267 
1.104081 
0.964615 
0.854415 
0.782028 
0.756000 
0.894278 
1.224019 
1.617581 
1.947322 
2.085600 
1.926466 
1.546993 
1.094074 
0.714601 
0.555467 
0.584072 
0.653071 
0.737232 
0.811330 
0.850133 
0.860212 
0.866502 
0.871326 
0.877007 
0.885867 
0.906639 
0.939943 
0.975926 
1.004740 
1.016533 
1.016511 
1.016446 
1.016338 
1.016189 
1.016000 
1.014744 
1.011587 
1.006817 
1.000725 
0.993600 
0.978849 
0.953623 
0.923826 
0.895361 
0.874133 
0.860768 
0.850482 
0.841065 
0.830308 
0.816000 
0.789427 
0.750385 
0.709430 
0.677117 
0.664000 
0.675280 
0.704390 
0.744233 
0.787713 
0.827733 
0.868940 
0.916199 
0.962749 
1.001826 
1.026667 
1.041558 
1.054699 
1.065195 
1.072150 
1.074667 
1.068915 
1.054426 
1.035346 
1.015822 
1.000000 
0.988875 
0.979556 
0.970358 
0.959601 
0.945600 
0.918825 
0.878379 
0.835534 
0.801562 
0.787733 
0.790633 
0.798310 
0.809231 
0.821861 
0.834667 
0.852048 
0.875591 
0.899535 
0.918124 
0.925600 
0.925156 
0.924098 
0.922835 
0.921777 
0.921333 
0.930180 
0.952428 
0.981640 
1.011376 
1.035200 
1.055446 
1.076652 
1.095681 
1.109398 
1.114667 
1.103908 
1.077591 
1.044653 
1.014032 
0.994667 
0.984176 
0.974718 
0.967039 
0.961884 
0.960000 
0.961752 
0.966289 
0.972538 
0.979422 
0.985867 
0.991570 
0.997293 
1.003550 
1.010858 
1.019733 
1.035343 
1.058351 
1.082513 
1.101588 
1.109333 
1.094660 
1.058005 
1.010421 
0.962958 
0.926667 
0.898224 
0.869477 
0.844231 
0.826292 
0.819467 
0.825119 
0.840817 
0.864677 
0.894811 
0.929333 
0.988156 
1.082678 
1.198241 
1.320190 
1.433867 
1.557367 
1.700519 
1.836268 
1.937558 
1.977333 
1.889696 
1.680715 
1.431285 
1.222304 
1.134667 
1.145649 
1.171838 
1.203095 
1.229284 
1.240267 
1.218528 
1.164212 
1.093673 
1.023262 
0.969333 
0.926941 
0.884042 
0.846339 
0.819535 
0.809333 
0.809446 
0.809777 
0.810318 
0.811062 
0.812000 
0.820981 
0.840903 
0.864335 
0.883845 
0.892000 
0.877856 
0.844128 
0.803872 
0.770144 
0.756000 
0.756000 
0.756000 
0.756000 
0.756000 
0.756000 
0.751902 
0.741465 
0.727477 
0.712727 
0.700000 
0.687689 
0.673931 
0.661127 
0.651682 
0.648000 
0.657419 
0.680523 
0.709585 
0.736875 
0.754667 
0.763340 
0.769514 
0.774819 
0.780882 
0.789333 
0.805639 
0.829866 
0.855540 
0.876187 
0.885333 
0.886459 
0.887352 
0.888002 
0.888399 
0.888533 
0.816981 
0.646357 
0.442709 
0.272085 
0.200533 
0.210739 
0.235076 
0.264124 
0.288461 
0.298667 
0.298667 
0.298667 
0.298667 
0.298667 
0.298667 
0.298667 
0.298667 
0.298667 
0.298667 
0.298667 
0.296076 
0.288932 
0.278176 
0.264752 
0.249600 
0.219139 
0.169209 
0.114883 
0.071233 
0.053333 
0.053333 
0.053333 
0.053333 
0.053333 
0.053333 
0.053333 
0.053333 
0.053333 
0.053333 
0.053333 
0.053333 
0.053333 
0.053333 
0.053333 
0.053333 
0.053333 
0.053333 
0.053333 
0.053333 
0.053333 
0.053333 
0.053333 
0.053333 
0.053333 
0.053333 
0.053333 
0.053333 
0.053333 
0.053333 
0.053333 
0.053333 
0.053333 
0.053333 
0.053333 
0.053333 
0.053333 
0.053333 
0.053333 
0.053333 
0.053333 
0.053333 
0.053333 
0.053333 
0.053333 
0.053333 
0.053333 
0.053333 
0.053333 
0.053333 
0.053333 
0.078848 
0.139691 
0.212309 
0.273152 
0.298667 
0.298667 
0.298667 
0.298667 
0.298667 
0.298667 
0.298667 
0.298667 
0.298667 
0.298667 
0.298667 
0.298667 
0.298667 
0.298667 
0.298667 
0.298667 
0.287126 
0.258157 
0.220239 
0.181849 
0.151467 
0.126188 
0.099966 
0.076571 
0.059771 
0.053333 
0.053333 
0.053333 
0.053333 
0.053333 
0.053333 
0.053333 
0.053333 
0.053333 
0.053333 
0.053333 
0.053333 
0.053333 
0.053333 
0.053333 
0.053333 
0.053333 
0.053333 
0.053333 
0.053333 
0.053333 
