0.066667 
0.066667 
0.066667 
0.066667 
0.066667 
0.066667 
0.066667 
0.066667 
0.066667 
0.066667 
0.066667 
0.066667 
0.066667 
0.066667 
0.066667 
0.066667 
0.066667 
0.066667 
0.066667 
0.066667 
0.066667 
0.066667 
0.066667 
0.066667 
0.066667 
0.066667 
0.066667 
0.066667 
0.066667 
0.066667 
0.066667 
0.066667 
0.066667 
0.066667 
0.066667 
0.066667 
0.066667 
0.066667 
0.066667 
0.066667 
0.066667 
0.066667 
0.066667 
0.066667 
0.066667 
0.066667 
0.066667 
0.066667 
0.066667 
0.066667 
0.066667 
0.066667 
0.066667 
0.066667 
0.066667 
0.066667 
0.066667 
0.066667 
0.066667 
0.066667 
0.066667 
0.066667 
0.066667 
0.066667 
0.066667 
0.066667 
0.066667 
0.066667 
0.066667 
0.066667 
0.066667 
0.066667 
0.066667 
0.066667 
0.066667 
0.070165 
0.079296 
0.092011 
0.106261 
0.120000 
0.136512 
0.157376 
0.177984 
0.193728 
0.200000 
0.200000 
0.200000 
0.200000 
0.200000 
0.200000 
0.200000 
0.200000 
0.200000 
0.200000 
0.200000 
0.188907 
0.162453 
0.130880 
0.104427 
0.093333 
0.094061 
0.096157 
0.099488 
0.103924 
0.109333 
0.130828 
0.173621 
0.222734 
0.263187 
0.280000 
0.280000 
0.280000 
0.280000 
0.280000 
0.280000 
0.280000 
0.280000 
0.280000 
0.280000 
0.280000 
0.277747 
0.271535 
0.262182 
0.250509 
0.237333 
0.210846 
0.167428 
0.120188 
0.082231 
0.066667 
0.066667 
0.066667 
0.066667 
0.066667 
0.066667 
0.066667 
0.066667 
0.066667 
0.066667 
0.066667 
0.072939 
0.088683 
0.109291 
0.130155 
0.146667 
0.160405 
0.174656 
0.187371 
0.196501 
0.200000 
0.200000 
0.200000 
0.200000 
0.200000 
0.200000 
0.200000 
0.200000 
0.200000 
0.200000 
0.200000 
0.186133 
0.153067 
0.113600 
0.080533 
0.066667 
0.076702 
0.101892 
0.134865 
0.168247 
0.194667 
0.216649 
0.239450 
0.259793 
0.274402 
0.280000 
0.280000 
0.280000 
0.280000 
0.280000 
0.280000 
0.280000 
0.280000 
0.280000 
0.280000 
0.280000 
0.269965 
0.244774 
0.211802 
0.178419 
0.152000 
0.130018 
0.107217 
0.086874 
0.072265 
0.066667 
0.066667 
0.066667 
0.066667 
0.066667 
0.066667 
0.066667 
0.066667 
0.066667 
0.066667 
0.066667 
0.066667 
0.066667 
0.066667 
0.066667 
0.066667 
0.066667 
0.066667 
0.066667 
0.066667 
0.066667 
0.076395 
0.100117 
0.129643 
0.156779 
0.173333 
0.181568 
0.188864 
0.194709 
0.198592 
0.200000 
0.200000 
0.200000 
0.200000 
0.200000 
0.200000 
0.198592 
0.194709 
0.188864 
0.181568 
0.173333 
0.156779 
0.129643 
0.100117 
0.076395 
0.066667 
0.072265 
0.086874 
0.107217 
0.130018 
0.152000 
0.178419 
0.211802 
0.244774 
0.269965 
0.280000 
0.280000 
0.280000 
0.280000 
0.280000 
0.280000 
0.280000 
0.280000 
0.280000 
0.280000 
0.280000 
0.274402 
0.259793 
0.239450 
0.216649 
0.194667 
0.168247 
0.134865 
0.101892 
0.076702 
0.066667 
0.066667 
0.066667 
0.066667 
0.066667 
0.066667 
0.066667 
0.066667 
0.066667 
0.066667 
0.066667 
0.080533 
0.113600 
0.153067 
0.186133 
0.200000 
0.200000 
0.200000 
0.200000 
0.200000 
0.200000 
0.200000 
0.200000 
0.200000 
0.200000 
0.200000 
0.196501 
0.187371 
0.174656 
0.160405 
0.146667 
0.130155 
0.109291 
0.088683 
0.072939 
0.066667 
0.066667 
0.066667 
0.066667 
0.066667 
0.066667 
0.066667 
0.066667 
0.066667 
0.066667 
0.066667 
0.066667 
0.066667 
0.066667 
0.066667 
0.066667 
0.066667 
0.066667 
0.066667 
0.066667 
0.066667 
0.066667 
0.066667 
0.066667 
0.066667 
0.066667 
0.066667 
0.066667 
0.066667 
0.066667 
0.066667 
0.068919 
0.075132 
0.084484 
0.096158 
0.109333 
0.135821 
0.179238 
0.226479 
0.264435 
0.280000 
0.280000 
0.280000 
0.280000 
0.280000 
0.280000 
0.280000 
0.280000 
0.280000 
0.280000 
0.280000 
0.276837 
0.268804 
0.258086 
0.246868 
0.237333 
0.228353 
0.218458 
0.209318 
0.202608 
0.200000 
0.200000 
0.200000 
0.200000 
0.200000 
0.200000 
0.200000 
0.200000 
0.200000 
0.200000 
0.200000 
0.196501 
0.187371 
0.174656 
0.160405 
0.146667 
0.130155 
0.109291 
0.088683 
0.072939 
0.066667 
0.066667 
0.066667 
0.066667 
0.066667 
0.066667 
0.066667 
0.066667 
0.066667 
0.066667 
0.066667 
0.066667 
0.066667 
0.066667 
0.066667 
0.066667 
0.066667 
0.066667 
0.066667 
0.066667 
0.066667 
0.066667 
0.066667 
0.066667 
0.066667 
0.066667 
0.066667 
0.066667 
0.066667 
0.066667 
0.066667 
0.066667 
0.066667 
0.066667 
0.066667 
0.066667 
0.066667 
0.066667 
0.066667 
0.066667 
0.066667 
0.066667 
0.066667 
0.066667 
0.066667 
0.066667 
0.088853 
0.141760 
0.204907 
0.257813 
0.280000 
0.280000 
0.280000 
0.280000 
0.280000 
0.280000 
0.280000 
0.280000 
0.280000 
0.280000 
0.280000 
0.280000 
0.280000 
0.280000 
0.280000 
0.280000 
0.257813 
0.204907 
0.141760 
0.088853 
0.066667 
0.066667 
0.066667 
0.066667 
0.066667 
0.066667 
0.066667 
0.066667 
0.066667 
0.066667 
0.066667 
0.066667 
0.066667 
0.066667 
0.066667 
0.066667 
0.066667 
0.066667 
0.066667 
0.066667 
0.066667 
0.066667 
0.066667 
0.066667 
0.066667 
0.066667 
0.066667 
0.066667 
0.066667 
0.066667 
0.066667 
0.066667 
0.066667 
0.066667 
0.066667 
0.066667 
0.066667 
0.066667 
0.066667 
0.066667 
0.066667 
0.072208 
0.087131 
0.108883 
0.134912 
0.162667 
0.206506 
0.270893 
0.338426 
0.391707 
0.413333 
0.413333 
0.413333 
0.413333 
0.413333 
0.413333 
0.413333 
0.413333 
0.413333 
0.413333 
0.413333 
0.403243 
0.377089 
0.341047 
0.301292 
0.264000 
0.221716 
0.170057 
0.119807 
0.081749 
0.066667 
0.066667 
0.066667 
0.066667 
0.066667 
0.066667 
0.066667 
0.066667 
0.066667 
0.066667 
0.066667 
0.066667 
0.066667 
0.066667 
0.066667 
0.066667 
0.066667 
0.066667 
0.066667 
0.066667 
0.066667 
0.066667 
0.066667 
0.066667 
0.066667 
0.066667 
0.066667 
0.066667 
0.066667 
0.066667 
0.066667 
0.066667 
0.066667 
0.066667 
0.066667 
0.066667 
0.080533 
0.113600 
0.153067 
0.186133 
0.200000 
0.200000 
0.200000 
0.200000 
0.200000 
0.200000 
0.202435 
0.209011 
0.218637 
0.230219 
0.242667 
0.262879 
0.292979 
0.324706 
0.349800 
0.360000 
0.351680 
0.331840 
0.308160 
0.288320 
0.280000 
0.280000 
0.280000 
0.280000 
0.280000 
0.280000 
0.277747 
0.271535 
0.262182 
0.250509 
0.237333 
0.210846 
0.167428 
0.120188 
0.082231 
0.066667 
0.066667 
0.066667 
0.066667 
0.066667 
0.066667 
0.066667 
0.066667 
0.066667 
0.066667 
0.066667 
0.066667 
0.066667 
0.066667 
0.066667 
0.066667 
0.066667 
0.066667 
0.066667 
0.066667 
0.066667 
0.068075 
0.071957 
0.077803 
0.085099 
0.093333 
0.109888 
0.137024 
0.166549 
0.190272 
0.200000 
0.200000 
0.200000 
0.200000 
0.200000 
0.200000 
0.217749 
0.260075 
0.310592 
0.352917 
0.370667 
0.368189 
0.361742 
0.352799 
0.342838 
0.333333 
0.322165 
0.308235 
0.294557 
0.284141 
0.280000 
0.280000 
0.280000 
0.280000 
0.280000 
0.280000 
0.264435 
0.226479 
0.179238 
0.135821 
0.109333 
0.096158 
0.084484 
0.075132 
0.068919 
0.066667 
0.066667 
0.066667 
0.066667 
0.066667 
0.066667 
0.066667 
0.066667 
0.066667 
0.066667 
0.066667 
0.070165 
0.079296 
0.092011 
0.106261 
0.120000 
0.136512 
0.157376 
0.177984 
0.193728 
0.200000 
0.200000 
0.200000 
0.200000 
0.200000 
0.200000 
0.200000 
0.200000 
0.200000 
0.200000 
0.200000 
0.188907 
0.162453 
0.130880 
0.104427 
0.093333 
0.266611 
0.679812 
1.172988 
1.586189 
1.759467 
1.583415 
1.163601 
0.662532 
0.242718 
0.066667 
0.066667 
0.066667 
0.066667 
0.066667 
0.066667 
0.066667 
0.066667 
0.066667 
0.066667 
0.066667 
0.066667 
0.066667 
0.066667 
0.066667 
0.066667 
0.066667 
0.066667 
0.066667 
0.066667 
0.066667 
0.066667 
0.066667 
0.066667 
0.066667 
0.066667 
0.082231 
0.120188 
0.167428 
0.210846 
0.237333 
0.248728 
0.256840 
0.263521 
0.270624 
0.280000 
0.293395 
0.310030 
0.327967 
0.345269 
0.360000 
0.373739 
0.387989 
0.400704 
0.409835 
0.413333 
0.397769 
0.359812 
0.312572 
0.269154 
0.242667 
0.231560 
0.224024 
0.217774 
0.210528 
0.200000 
0.177859 
0.143758 
0.107394 
0.078465 
0.066667 
0.066667 
0.066667 
0.066667 
0.066667 
0.066667 
0.066667 
0.066667 
0.066667 
0.066667 
0.066667 
0.066667 
0.066667 
0.066667 
0.066667 
0.066667 
0.066667 
0.066667 
0.066667 
0.066667 
0.066667 
0.066667 
0.066667 
0.066667 
0.066667 
0.066667 
0.066667 
0.066667 
0.066667 
0.066667 
0.066667 
0.066667 
0.066667 
0.066667 
0.066667 
0.066667 
0.066667 
0.066667 
0.066667 
0.066667 
0.066667 
0.072265 
0.086874 
0.107217 
0.130018 
0.152000 
0.178419 
0.211802 
0.244774 
0.269965 
0.280000 
0.280000 
0.280000 
0.280000 
0.280000 
0.280000 
0.280000 
0.280000 
0.280000 
0.280000 
0.280000 
0.274402 
0.259793 
0.239450 
0.216649 
0.194667 
0.168247 
0.134865 
0.101892 
0.076702 
0.066667 
0.066667 
0.066667 
0.066667 
0.066667 
0.066667 
0.066667 
0.066667 
0.066667 
0.066667 
0.066667 
0.070165 
0.079296 
0.092011 
0.106261 
0.120000 
0.136512 
0.157376 
0.177984 
0.193728 
0.200000 
0.200000 
0.200000 
0.200000 
0.200000 
0.200000 
0.200000 
0.200000 
0.200000 
0.200000 
0.200000 
0.188907 
0.162453 
0.130880 
0.104427 
0.093333 
0.096860 
0.106260 
0.119764 
0.135600 
0.152000 
0.175611 
0.208642 
0.242668 
0.269263 
0.280000 
0.280000 
0.280000 
0.280000 
0.280000 
0.280000 
0.280000 
0.280000 
0.280000 
0.280000 
0.280000 
0.274402 
0.259793 
0.239450 
0.216649 
0.194667 
0.168247 
0.134865 
0.101892 
0.076702 
0.066667 
0.066667 
0.066667 
0.066667 
0.066667 
0.066667 
0.066667 
0.066667 
0.066667 
0.066667 
0.066667 
0.066667 
0.066667 
0.066667 
0.066667 
0.066667 
0.066667 
0.066667 
0.066667 
0.066667 
0.066667 
0.066667 
0.066667 
0.066667 
0.066667 
0.066667 
0.066667 
0.066667 
0.066667 
0.066667 
0.066667 
0.066667 
0.066667 
0.066667 
0.066667 
0.066667 
0.067503 
0.069997 
0.074126 
0.079868 
0.087200 
0.276989 
0.717823 
1.241254 
1.678839 
1.862133 
1.688855 
1.275654 
0.782479 
0.369278 
0.196000 
0.324461 
0.630790 
0.996410 
1.302739 
1.431200 
1.390573 
1.286748 
1.146810 
0.997843 
0.866933 
0.743845 
0.610522 
0.482316 
0.374580 
0.302667 
0.255156 
0.212557 
0.178114 
0.155069 
0.146667 
0.149693 
0.157664 
0.168923 
0.181810 
0.194667 
0.211406 
0.233551 
0.255861 
0.273091 
0.280000 
0.280000 
0.280000 
0.280000 
0.280000 
0.280000 
0.280000 
0.280000 
0.280000 
0.280000 
0.280000 
0.269965 
0.244774 
0.211802 
0.178419 
0.152000 
0.130018 
0.107217 
0.086874 
0.072265 
0.066667 
0.066667 
0.066667 
0.066667 
0.066667 
0.066667 
0.066667 
0.066667 
0.066667 
0.066667 
0.066667 
0.066667 
0.066667 
0.066667 
0.066667 
0.066667 
0.066667 
0.066667 
0.066667 
0.066667 
0.066667 
0.066667 
0.066667 
0.066667 
0.066667 
0.066667 
0.077344 
0.102805 
0.133195 
0.158656 
0.169333 
0.169333 
0.169333 
0.169333 
0.169333 
0.169333 
0.169333 
0.169333 
0.169333 
0.169333 
0.169333 
0.175938 
0.192988 
0.216335 
0.241833 
0.265333 
0.291053 
0.321841 
0.351503 
0.373843 
0.382667 
0.382667 
0.382667 
0.382667 
0.382667 
0.382667 
0.382333 
0.381356 
0.379772 
0.377619 
0.374933 
0.357632 
0.320627 
0.277445 
0.241616 
0.226667 
0.226898 
0.227574 
0.228668 
0.230152 
0.232000 
0.237339 
0.249431 
0.268454 
0.294584 
0.328000 
0.640598 
1.332346 
2.145528 
2.822429 
3.105333 
3.104793 
3.103285 
3.100981 
3.098052 
3.094667 
3.086844 
3.073333 
3.058400 
3.046311 
3.041333 
3.172538 
3.510808 
3.973129 
4.476487 
4.937867 
5.437352 
6.031577 
6.602353 
7.031490 
7.200800 
7.038061 
6.649990 
6.186810 
5.798739 
5.636000 
5.638806 
5.647075 
5.660581 
5.679097 
5.702400 
5.907079 
6.358107 
6.887837 
7.328618 
7.512800 
7.295065 
6.760556 
6.087314 
5.453382 
5.036800 
4.791444 
4.565818 
4.379911 
4.253709 
4.207200 
4.268491 
4.414645 
4.589088 
4.735243 
4.796533 
4.741238 
4.590731 
4.368086 
4.096374 
3.798667 
3.277623 
2.473339 
1.615044 
0.931966 
0.653333 
0.653333 
0.653333 
0.653333 
0.653333 
0.653333 
0.633764 
0.586519 
0.528792 
0.477777 
0.450667 
0.442191 
0.435484 
0.430348 
0.426586 
0.424000 
0.422259 
0.420998 
0.419968 
0.418918 
0.417600 
0.415619 
0.413115 
0.410642 
0.408753 
0.408000 
0.409324 
0.412526 
0.416453 
0.419951 
0.421867 
0.422463 
0.422853 
0.423159 
0.423501 
0.424000 
0.424621 
0.425346 
0.426321 
0.427690 
0.429600 
0.544483 
0.815213 
1.137595 
1.407433 
1.520533 
1.477693 
1.369443 
1.226185 
1.078325 
0.956267 
0.847720 
0.731811 
0.626070 
0.548023 
0.515200 
0.511747 
0.509635 
0.508130 
0.506497 
0.504000 
0.499140 
0.492141 
0.484851 
0.479121 
0.476800 
0.478574 
0.483531 
0.491120 
0.500793 
0.512000 
0.538405 
0.584319 
0.635164 
0.676361 
0.693333 
0.692781 
0.691195 
0.688686 
0.685362 
0.681333 
0.668957 
0.644831 
0.615427 
0.587216 
0.566667 
0.551801 
0.537410 
0.525117 
0.516550 
0.513333 
0.519146 
0.533970 
0.553888 
0.574982 
0.593333 
0.611352 
0.631652 
0.650623 
0.664654 
0.670133 
0.665946 
0.655959 
0.644041 
0.634054 
0.629867 
0.630837 
0.633152 
0.635915 
0.638229 
0.639200 
0.606697 
0.529188 
0.436678 
0.359170 
0.326667 
0.327591 
0.329993 
0.333320 
0.337018 
0.340533 
0.344631 
0.349718 
0.354703 
0.358494 
0.360000 
0.359445 
0.358123 
0.356544 
0.355221 
0.354667 
0.357430 
0.365516 
0.378620 
0.396439 
0.418667 
0.535010 
0.787596 
1.104758 
1.414827 
1.646133 
1.820097 
1.991930 
2.140646 
2.245264 
2.284800 
2.192578 
1.964849 
1.675017 
1.396488 
1.202667 
1.074656 
0.953062 
0.850539 
0.779744 
0.753333 
0.862187 
1.121760 
1.431573 
1.691147 
1.800000 
1.773120 
1.703776 
1.608913 
1.505473 
1.410400 
1.306924 
1.183446 
1.064665 
0.975283 
0.940000 
0.943883 
0.953141 
0.964192 
0.973451 
0.977333 
0.977010 
0.976085 
0.974629 
0.972711 
0.970400 
0.965315 
0.955747 
0.942775 
0.927477 
0.910933 
0.885284 
0.848426 
0.810072 
0.779937 
0.767733 
0.769836 
0.775493 
0.783724 
0.793553 
0.804000 
0.819368 
0.841299 
0.864826 
0.884982 
0.896800 
0.901713 
0.905063 
0.907742 
0.910646 
0.914667 
0.921782 
0.931695 
0.941891 
0.949853 
0.953067 
0.949489 
0.940958 
0.930775 
0.922244 
0.918667 
0.928651 
0.952459 
0.980875 
1.004683 
1.014667 
1.003120 
0.974266 
0.936786 
0.899360 
0.870667 
0.850624 
0.832844 
0.816552 
0.800973 
0.785333 
0.768022 
0.749529 
0.732224 
0.718479 
0.710667 
0.706851 
0.703616 
0.701117 
0.699505 
0.698933 
0.717676 
0.764933 
0.827245 
0.891153 
0.943200 
0.984591 
1.024670 
1.062187 
1.095892 
1.124533 
1.148592 
1.169856 
1.189037 
1.206848 
1.224000 
1.242684 
1.262566 
1.280573 
1.293631 
1.298667 
1.293903 
1.280749 
1.260910 
1.236092 
1.208000 
1.153100 
1.063410 
0.963971 
0.879821 
0.836000 
0.824311 
0.817600 
0.812467 
0.805511 
0.793333 
0.727223 
0.590376 
0.427250 
0.282305 
0.200000 
0.167126 
0.140510 
0.119665 
0.104102 
0.093333 
0.085099 
0.077803 
0.071957 
0.068075 
0.066667 
0.066667 
0.066667 
0.066667 
0.066667 
0.066667 
