0.000000 
0.000000 
0.000000 
0.000000 
0.000000 
0.000000 
0.000000 
0.000000 
0.000000 
0.000000 
0.000000 
0.000000 
0.000000 
0.000000 
0.000000 
0.000000 
0.000000 
0.000000 
0.000000 
0.000000 
0.000000 
0.000000 
0.000000 
0.000000 
0.000000 
0.000000 
0.000000 
0.000000 
0.000000 
0.000000 
0.000000 
0.000000 
0.000000 
0.000000 
0.000000 
0.000000 
0.000000 
0.000000 
0.000000 
0.000000 
0.000000 
0.000000 
0.000000 
0.000000 
0.000000 
0.000000 
0.000000 
0.000000 
0.000000 
0.000000 
0.000000 
0.000000 
0.000000 
0.000000 
0.000000 
0.000000 
0.000000 
0.000000 
0.000000 
0.000000 
0.000000 
0.000000 
0.000000 
0.000000 
0.000000 
0.000000 
0.000000 
0.000000 
0.000000 
0.000000 
0.000000 
0.000000 
0.000000 
0.000000 
0.000000 
0.000000 
0.000000 
0.000000 
0.000000 
0.000000 
0.000000 
0.000000 
0.000000 
0.000000 
0.000000 
0.000000 
0.000000 
0.000000 
0.000000 
0.000000 
0.000000 
0.000000 
0.000000 
0.000000 
0.000000 
0.000000 
0.000000 
0.000000 
0.000000 
0.000000 
0.000000 
0.000000 
0.000000 
0.000000 
0.000000 
0.000000 
0.000000 
0.000000 
0.000000 
0.000000 
0.000000 
0.000000 
0.000000 
0.000000 
0.000000 
0.000000 
0.000000 
0.000000 
0.000000 
0.000000 
0.000000 
0.000000 
0.000000 
0.000000 
0.000000 
0.000000 
0.000000 
0.000000 
0.000000 
0.000000 
0.000000 
0.000000 
0.000000 
0.000000 
0.000000 
0.000000 
0.000000 
0.000000 
0.000000 
0.000000 
0.000000 
0.000000 
0.000000 
0.000000 
0.000000 
0.000000 
0.000000 
0.000000 
0.000000 
0.000000 
0.000000 
0.000000 
0.000000 
0.000000 
0.000000 
0.000000 
0.000000 
0.000000 
0.000000 
0.000000 
0.000000 
0.000000 
0.000000 
0.000000 
0.000000 
0.000000 
0.000000 
0.000000 
0.000000 
0.000000 
0.000000 
0.000000 
0.000000 
0.000000 
0.000000 
0.000000 
0.000000 
0.000000 
0.000000 
0.000000 
0.000000 
0.000000 
0.000000 
0.000000 
0.000000 
0.000000 
0.000000 
0.000000 
0.000000 
0.000000 
0.000000 
0.000000 
0.000000 
0.000000 
0.000000 
0.000000 
0.000000 
0.000000 
0.000000 
0.000000 
0.000000 
0.000000 
0.000000 
0.000000 
0.000000 
0.000000 
0.000000 
0.000000 
0.000000 
0.000000 
0.000000 
0.000000 
0.000000 
0.000000 
0.000000 
0.000000 
0.000000 
0.000000 
0.000000 
0.000000 
0.000000 
0.000000 
0.000000 
0.000000 
0.000000 
0.000000 
0.000000 
0.000000 
0.000000 
0.000000 
0.000000 
0.000000 
0.000000 
0.000000 
0.000000 
0.000000 
0.000000 
0.000000 
0.000000 
0.000000 
0.000000 
0.000000 
0.000000 
0.000000 
0.000000 
0.000000 
0.000000 
0.000000 
0.000000 
0.000000 
0.000000 
0.000000 
0.000000 
0.000000 
0.000000 
0.000000 
0.000000 
0.000000 
0.000000 
0.000000 
0.000000 
0.000000 
0.000000 
0.000000 
0.000000 
0.000000 
0.000000 
0.000000 
0.000000 
0.000000 
0.000000 
0.000000 
0.000000 
0.000000 
0.000000 
0.000000 
0.000000 
0.000000 
0.000000 
0.000000 
0.000000 
0.000000 
0.000000 
0.000000 
0.000000 
0.000000 
0.000000 
0.000000 
0.000000 
0.000000 
0.000000 
0.000000 
0.000000 
0.000000 
0.000000 
0.000000 
0.000000 
0.000000 
0.000000 
0.000000 
0.000000 
0.000000 
0.000000 
0.000000 
0.000000 
0.000000 
0.000000 
0.000000 
0.000000 
0.000000 
0.000000 
0.000000 
0.000000 
0.000000 
0.000000 
0.000000 
0.000000 
0.000000 
0.000000 
0.000000 
0.000000 
0.000000 
0.000000 
0.000000 
0.000000 
0.000000 
0.000000 
0.000000 
0.000000 
0.000000 
0.000000 
0.000000 
0.000000 
0.000000 
0.000000 
0.000000 
0.000000 
0.000000 
0.000000 
0.000000 
0.000000 
0.000000 
0.000000 
0.000000 
0.000000 
0.000000 
0.000000 
0.000000 
0.000000 
0.000000 
0.000000 
0.000000 
0.000000 
0.000000 
0.000000 
0.000000 
0.000000 
0.000000 
0.000000 
0.000000 
0.000000 
0.000000 
0.000000 
0.000000 
0.000000 
0.000000 
0.000000 
0.000000 
0.000000 
0.000000 
0.000000 
0.000000 
0.000000 
0.000000 
0.000000 
0.000000 
0.000000 
0.000000 
0.000000 
0.000000 
0.000000 
0.000000 
0.000000 
0.000000 
0.000000 
0.000000 
0.000000 
0.000000 
0.000000 
0.000000 
0.000000 
0.000000 
0.000000 
0.000000 
0.000000 
0.000000 
0.000000 
0.000000 
0.000000 
0.000000 
0.000000 
0.000000 
0.000000 
0.000000 
0.000000 
0.000000 
0.000000 
0.000000 
0.000000 
0.000000 
0.000000 
0.000000 
0.000000 
0.000000 
0.000000 
0.000000 
0.000000 
0.000000 
0.000000 
0.000000 
0.000000 
0.003866 
0.013795 
0.024219 
0.025116 
0.028082 
0.018813 
0.021860 
0.016548 
0.017626 
0.017173 
0.030568 
0.042683 
0.047360 
0.074109 
0.068438 
0.068428 
0.071187 
0.099510 
0.097218 
0.100593 
0.097869 
0.107164 
0.090922 
0.106747 
0.114415 
0.146509 
0.135718 
0.150183 
0.172763 
0.135883 
0.153353 
0.146238 
0.149538 
0.144756 
0.153588 
0.148611 
0.200332 
0.179141 
0.197061 
0.174394 
0.188846 
0.162588 
0.145673 
0.081325 
0.061372 
0.002281 
0.000000 
0.000000 
0.000000 
0.000000 
0.000000 
0.017508 
0.067224 
0.093376 
0.129681 
0.144031 
0.159610 
0.165930 
0.138914 
0.183128 
0.136997 
0.140794 
0.170179 
0.188549 
0.155551 
0.142886 
0.166715 
0.149789 
0.165240 
0.151625 
0.181854 
0.167995 
0.152394 
0.133534 
0.184292 
0.166676 
0.164460 
0.168745 
0.206371 
0.153267 
0.135560 
0.126998 
0.104727 
0.082702 
0.096078 
0.114307 
0.156131 
0.205600 
0.193223 
0.156039 
0.149633 
0.082185 
0.009945 
0.000000 
0.000000 
0.000000 
0.000000 
0.000000 
0.000000 
0.000000 
0.000000 
0.000000 
0.014062 
0.063335 
0.112891 
0.156499 
0.182687 
0.235362 
0.273784 
0.211983 
0.205124 
0.260226 
0.285196 
0.233679 
0.229707 
0.259159 
0.270606 
0.270393 
0.232995 
0.251752 
0.225963 
0.257760 
0.281600 
0.269019 
0.273115 
0.311007 
0.306256 
0.273456 
0.288292 
0.316502 
0.291866 
0.266096 
0.291416 
0.324324 
0.290976 
0.301210 
0.254140 
0.282957 
0.233275 
0.334391 
0.322451 
0.326118 
0.250437 
0.325684 
0.275640 
0.314886 
0.273676 
0.272940 
0.287650 
0.268849 
0.241981 
0.326813 
0.265443 
0.297348 
0.325781 
0.289437 
0.330574 
0.349739 
0.309655 
0.303887 
0.416486 
0.295243 
0.323927 
0.360039 
0.374972 
0.323477 
0.303148 
0.323573 
0.304847 
0.328531 
0.318033 
0.325414 
0.451578 
0.399019 
0.403674 
0.341525 
0.189467 
0.115373 
0.084406 
0.113979 
0.110599 
0.153731 
0.166827 
0.188215 
0.251188 
0.318060 
0.332077 
0.498121 
0.438479 
0.455785 
0.458844 
0.386343 
0.357679 
0.331129 
0.318386 
0.256511 
0.202958 
0.166065 
0.133301 
0.134052 
0.096689 
0.056684 
0.034152 
0.031169 
0.067748 
0.167594 
0.285768 
0.407439 
0.452616 
0.397484 
0.431326 
0.367904 
0.399799 
0.324167 
0.371272 
0.237050 
0.204406 
0.139225 
0.151356 
0.160852 
0.235560 
0.277234 
0.451368 
0.490367 
0.476912 
0.364342 
0.453233 
0.322300 
0.365360 
0.440156 
0.320996 
0.356924 
0.267984 
0.289746 
0.301009 
0.346871 
0.438050 
0.475182 
0.404647 
0.361875 
0.336848 
0.271758 
0.273813 
0.193709 
0.169653 
0.048672 
0.000000 
0.000000 
0.000000 
0.000000 
0.000000 
0.000000 
0.000000 
0.000000 
0.000000 
0.001513 
0.121718 
0.200231 
0.288234 
0.332521 
0.446434 
0.407382 
0.394469 
0.415266 
0.439037 
0.465089 
0.457678 
0.399609 
0.430379 
0.442961 
0.447252 
0.475769 
0.432520 
0.432439 
0.396551 
0.376882 
0.374187 
0.405810 
0.404640 
0.482744 
0.426744 
0.473786 
0.389333 
0.427192 
0.303053 
0.210720 
0.079351 
0.000000 
0.000000 
0.000000 
0.000000 
0.000000 
0.019145 
0.048217 
0.091250 
0.110001 
0.115585 
0.157731 
0.126359 
0.118090 
0.074959 
0.045944 
0.004024 
0.000000 
0.002663 
0.039090 
0.090743 
0.146421 
0.177966 
0.218401 
0.286786 
0.264644 
0.317698 
0.324705 
0.314685 
0.202072 
0.117979 
0.053414 
0.013776 
0.017317 
0.023717 
0.026463 
0.027426 
0.033841 
0.032324 
0.022929 
0.009538 
0.000570 
0.000000 
0.002142 
0.015846 
0.039579 
0.061531 
0.080744 
0.116689 
0.101247 
0.111977 
0.160470 
0.185999 
0.238097 
0.308936 
0.355100 
0.425688 
0.486101 
0.414876 
0.434203 
0.362455 
0.372801 
0.353324 
0.252653 
0.205356 
0.102691 
0.034011 
0.000000 
0.000000 
0.000000 
0.000000 
0.000000 
0.000000 
0.000000 
0.000000 
0.032134 
0.102387 
0.155229 
0.209827 
0.321999 
0.407263 
0.456394 
0.469246 
0.496562 
0.490288 
0.546681 
0.493279 
0.478882 
0.401270 
0.532968 
0.393509 
0.439639 
0.348866 
0.406024 
0.417722 
0.423999 
0.492073 
0.434434 
0.384422 
0.426354 
0.496737 
0.418617 
0.381427 
0.389343 
0.387319 
0.471586 
0.375388 
0.436145 
0.456168 
0.547888 
0.549872 
0.415512 
0.462006 
0.465054 
0.477510 
0.489231 
0.395561 
0.426952 
0.437760 
0.429686 
0.292394 
0.347443 
0.257546 
0.348742 
0.331810 
0.315577 
0.449036 
0.381931 
0.419202 
0.449134 
0.418466 
0.496698 
0.433758 
0.368645 
0.427103 
0.372763 
0.345394 
0.379463 
0.408131 
0.392168 
0.401772 
0.470927 
0.404970 
0.392716 
0.382428 
0.360412 
0.292094 
0.325341 
0.243148 
0.213414 
0.181280 
0.132349 
0.151757 
0.187704 
0.292375 
0.306942 
0.409991 
0.414124 
0.374008 
0.355900 
0.377802 
0.393548 
0.338552 
0.407838 
0.380451 
0.351085 
0.364844 
0.315292 
0.386283 
0.428142 
0.397166 
0.428787 
0.512459 
0.409262 
0.422299 
0.359998 
0.350497 
0.266755 
0.286120 
0.297184 
0.330271 
0.295653 
0.298665 
0.259744 
0.300161 
0.255211 
0.254801 
0.257393 
0.284159 
0.297006 
0.337147 
0.270607 
0.345980 
0.301791 
0.348352 
0.343687 
0.351965 
0.339889 
0.267845 
0.183089 
0.128355 
0.045934 
0.014054 
0.002835 
0.000000 
0.000000 
0.000000 
0.000000 
0.000000 
0.000000 
0.000000 
0.000000 
0.000000 
0.000000 
0.000000 
0.000000 
0.000000 
0.008658 
0.026859 
0.052695 
0.078045 
0.110757 
0.147321 
0.188967 
0.192422 
0.269172 
0.320952 
0.358772 
0.299134 
0.304546 
0.282128 
0.251036 
0.256391 
0.192734 
0.196999 
0.119992 
0.129547 
0.108560 
0.111965 
0.089824 
0.104201 
0.084941 
0.097405 
0.105034 
0.096103 
0.122893 
0.141193 
0.165666 
0.170818 
0.205959 
0.259604 
0.326150 
0.264975 
0.307360 
0.339329 
0.310755 
0.268341 
0.341372 
0.257872 
0.226521 
0.221841 
0.217910 
0.163713 
0.188805 
0.131607 
0.149277 
0.140564 
0.162602 
0.187360 
0.176146 
0.169180 
0.205315 
0.179484 
0.178378 
0.220384 
0.275568 
0.233858 
0.248072 
0.217023 
0.196764 
0.285465 
0.259251 
0.228516 
0.203202 
0.237675 
0.173767 
0.132391 
0.125716 
0.111059 
0.139006 
0.174460 
0.204903 
0.202049 
0.208746 
0.203540 
0.142122 
0.073553 
0.075667 
0.078881 
0.092189 
0.102107 
0.115276 
0.116023 
0.110324 
0.116831 
0.116444 
0.115170 
0.105013 
0.104443 
0.103574 
0.102089 
0.098568 
0.070509 
0.078567 
0.067809 
0.063106 
0.060643 
0.049500 
0.041024 
0.036896 
0.030799 
0.021253 
0.016752 
0.010855 
0.005251 
0.000466 
0.000000 
0.000000 
0.000000 
0.000000 
0.000000 
0.000000 
0.000000 
0.000000 
0.000000 
0.000000 
0.000000 
0.000000 
0.000000 
0.000000 
0.000000 
0.000000 
0.000000 
0.000000 
0.000000 
0.000000 
0.000000 
0.000000 
0.000000 
0.000000 
0.000000 
0.000000 
0.000000 
0.000000 
0.000000 
0.000000 
0.001386 
0.003975 
0.006407 
0.009620 
0.012489 
0.014680 
0.015949 
0.016703 
0.023325 
0.022732 
0.023803 
0.018983 
0.019574 
0.021486 
0.018566 
0.020034 
0.014708 
0.018855 
0.028859 
0.028935 
0.037802 
0.047637 
0.045710 
0.049371 
0.054946 
0.050906 
0.058770 
0.069463 
0.094538 
0.113120 
0.162802 
0.122731 
0.166238 
0.139957 
0.160752 
0.139487 
0.114062 
0.115096 
0.111136 
0.094365 
0.063723 
0.061895 
0.069376 
0.061534 
0.065530 
0.057945 
0.045313 
0.048323 
0.039252 
0.031897 
0.018750 
0.015346 
0.012047 
0.006468 
0.004161 
0.001553 
0.000000 
0.000000 
0.000000 
0.000000 
0.000000 
0.000000 
0.000000 
0.000000 
0.000000 
0.000687 
0.001165 
0.001109 
0.000221 
0.000000 
0.000000 
0.000000 
0.000000 
0.000000 
0.000000 
0.000000 
0.000000 
0.000000 
0.000000 
0.000332 
0.002147 
0.002544 
0.002268 
0.001277 
0.000000 
0.000000 
0.000000 
0.000000 
0.000000 
0.000000 
0.000000 
0.000000 
0.000000 
0.000000 
0.000000 
0.000000 
0.000000 
0.000000 
0.000000 
0.000000 
0.000000 
0.000000 
0.000000 
0.000000 
0.000000 
0.000000 
0.000000 
0.000000 
0.000000 
0.000000 
0.000000 
0.000000 
0.000000 
0.000000 
0.000000 
0.000000 
0.000000 
0.000000 
0.000000 
0.000000 
0.000000 
0.000000 
0.000000 
0.000000 
0.000000 
0.000000 
0.000000 
0.000000 
0.000000 
0.000000 
0.000000 
0.000000 
0.000000 
0.000000 
0.000000 
0.000000 
0.000000 
0.000000 
0.000000 
0.000000 
0.000000 
0.000000 
0.000000 
0.000000 
0.000000 
0.000000 
0.000000 
0.000000 
0.000000 
0.000000 
0.000000 
0.000000 
0.000000 
0.000000 
0.000000 
0.000000 
0.000000 
0.000000 
0.000000 
0.000000 
0.000000 
0.000000 
0.000000 
0.000000 
0.000000 
0.000000 
0.000000 
0.000000 
0.000000 
0.000000 
0.000000 
0.000000 
0.000000 
0.000000 
0.000000 
0.000000 
0.000000 
0.000000 
0.000000 
0.000000 
0.000000 
0.000000 
0.000000 
0.000000 
0.000000 
0.000000 
0.000000 
0.000000 
0.000000 
0.000000 
0.000000 
0.000000 
0.000000 
0.000000 
0.000000 
0.000000 
0.000000 
0.000000 
0.000000 
0.000000 
0.000000 
0.000000 
0.000000 
0.000000 
0.000000 
0.000000 
0.000000 
0.000000 
0.000000 
0.000000 
0.000000 
0.000000 
0.000000 
0.000000 
0.000000 
0.000000 
0.000000 
0.000000 
0.000000 
0.000000 
0.000000 
0.000000 
0.000000 
0.000000 
0.000000 
0.000000 
0.000000 
0.000000 
0.000000 
0.000000 
0.000000 
0.000000 
0.000000 
0.000000 
0.000000 
0.000000 
0.000000 
0.000000 
0.000000 
0.000000 
0.000000 
0.000000 
0.000000 
0.000000 
0.000000 
0.000000 
0.000000 
0.000000 
0.000000 
0.000000 
0.000000 
0.000000 
0.000000 
0.000000 
0.000000 
0.000000 
0.000000 
0.000000 
0.000000 
0.000000 
0.000000 
0.000000 
0.000000 
0.000000 
0.000000 
0.000000 
0.000000 
0.000000 
0.000000 
0.000000 
0.000000 
0.000000 
0.000000 
0.000000 
0.000000 
0.000000 
0.000000 
0.000000 
0.000000 
0.000000 
0.000000 
0.000000 
0.000000 
0.000000 
0.000000 
0.000000 
0.000000 
0.000000 
0.000000 
0.000000 
0.000000 
0.000000 
0.000000 
0.000000 
0.000000 
0.000000 
0.000000 
0.000000 
0.000000 
0.000000 
0.000000 
0.000000 
0.000000 
0.000000 
0.000000 
0.000000 
0.000000 
0.000000 
0.000000 
0.000000 
0.000000 
0.000000 
0.000000 
0.000000 
0.000000 
0.000000 
0.000000 
0.000000 
0.000000 
0.000000 
0.000000 
0.000000 
0.000000 
0.000000 
0.000000 
0.000000 
0.000000 
0.000000 
0.000000 
0.000000 
0.000000 
0.000000 
0.000000 
0.000000 
0.000000 
0.000000 
0.000000 
0.000000 
0.000000 
0.000000 
0.000000 
0.000000 
0.000000 
0.000000 
0.000000 
0.000000 
0.000000 
0.000000 
0.000000 
0.000000 
0.000000 
0.000000 
0.000000 
0.000000 
0.000000 
0.000000 
0.000000 
0.000000 
0.000000 
0.000000 
0.000000 
0.000000 
0.000000 
0.000000 
0.000000 
0.000000 
0.000000 
0.000000 
0.000000 
0.000000 
0.000000 
0.000000 
0.000000 
0.000000 
0.000000 
0.000000 
0.000000 
