0.073333 
0.073333 
0.073333 
0.073333 
0.073333 
0.073333 
0.073333 
0.073333 
0.073333 
0.073333 
0.073333 
0.073333 
0.073333 
0.073333 
0.073333 
0.073333 
0.073333 
0.073333 
0.073333 
0.073333 
0.073333 
0.073333 
0.073333 
0.073333 
0.073333 
0.073333 
0.073333 
0.073333 
0.073333 
0.073333 
0.073333 
0.073333 
0.073333 
0.073333 
0.073333 
0.073333 
0.073333 
0.073333 
0.073333 
0.073333 
0.073333 
0.073333 
0.073333 
0.073333 
0.073333 
0.073333 
0.073333 
0.073333 
0.073333 
0.073333 
0.073333 
0.073333 
0.073333 
0.073333 
0.073333 
0.073333 
0.073333 
0.073333 
0.073333 
0.073333 
0.073333 
0.073333 
0.073333 
0.073333 
0.073333 
0.073333 
0.073333 
0.073333 
0.073333 
0.073333 
0.073333 
0.073333 
0.073333 
0.073333 
0.073333 
0.073333 
0.073333 
0.073333 
0.073333 
0.073333 
0.076972 
0.086468 
0.099691 
0.114512 
0.128800 
0.145972 
0.167671 
0.189103 
0.205477 
0.212000 
0.212000 
0.212000 
0.212000 
0.212000 
0.212000 
0.212000 
0.212000 
0.212000 
0.212000 
0.212000 
0.201883 
0.177211 
0.146505 
0.118284 
0.101067 
0.092503 
0.084915 
0.078836 
0.074798 
0.073333 
0.093373 
0.142242 
0.203064 
0.258964 
0.293067 
0.310030 
0.325060 
0.337101 
0.345100 
0.348000 
0.348000 
0.348000 
0.348000 
0.348000 
0.348000 
0.348000 
0.348000 
0.348000 
0.348000 
0.348000 
0.340793 
0.321984 
0.295791 
0.266435 
0.238133 
0.204119 
0.161139 
0.118686 
0.086254 
0.073333 
0.087755 
0.122144 
0.163189 
0.197579 
0.212000 
0.212000 
0.212000 
0.212000 
0.212000 
0.212000 
0.212000 
0.212000 
0.212000 
0.212000 
0.212000 
0.208361 
0.198865 
0.185642 
0.170822 
0.156533 
0.139361 
0.117662 
0.096230 
0.079856 
0.073333 
0.073333 
0.073333 
0.073333 
0.073333 
0.073333 
0.073333 
0.073333 
0.073333 
0.073333 
0.073333 
0.073333 
0.073333 
0.073333 
0.073333 
0.073333 
0.073333 
0.073333 
0.073333 
0.073333 
0.073333 
0.073333 
0.073333 
0.073333 
0.073333 
0.073333 
0.073333 
0.073333 
0.073333 
0.073333 
0.073333 
0.077155 
0.087145 
0.101091 
0.116780 
0.132000 
0.147485 
0.164985 
0.183810 
0.203267 
0.222667 
0.245455 
0.272117 
0.297518 
0.316524 
0.324000 
0.297931 
0.235765 
0.161568 
0.099403 
0.073333 
0.073333 
0.073333 
0.073333 
0.073333 
0.073333 
0.073333 
0.073333 
0.073333 
0.073333 
0.073333 
0.073333 
0.073333 
0.073333 
0.073333 
0.073333 
0.073333 
0.073333 
0.073333 
0.073333 
0.073333 
0.079856 
0.096230 
0.117662 
0.139361 
0.156533 
0.170822 
0.185642 
0.198865 
0.208361 
0.212000 
0.212000 
0.212000 
0.212000 
0.212000 
0.212000 
0.240565 
0.308683 
0.389984 
0.458101 
0.486667 
0.472245 
0.437856 
0.396811 
0.362421 
0.348000 
0.348000 
0.348000 
0.348000 
0.348000 
0.348000 
0.348000 
0.348000 
0.348000 
0.348000 
0.348000 
0.335080 
0.302647 
0.260195 
0.217215 
0.183200 
0.154898 
0.125542 
0.099350 
0.080541 
0.073333 
0.073333 
0.073333 
0.073333 
0.073333 
0.073333 
0.073333 
0.073333 
0.073333 
0.073333 
0.073333 
0.073333 
0.073333 
0.073333 
0.073333 
0.073333 
0.073333 
0.073333 
0.073333 
0.073333 
0.073333 
0.074798 
0.078836 
0.084915 
0.092503 
0.101067 
0.118284 
0.146505 
0.177211 
0.201883 
0.212000 
0.212000 
0.212000 
0.212000 
0.212000 
0.212000 
0.215206 
0.223815 
0.236315 
0.251192 
0.266933 
0.291161 
0.326275 
0.362928 
0.391774 
0.403467 
0.397698 
0.383942 
0.367524 
0.353769 
0.348000 
0.348000 
0.348000 
0.348000 
0.348000 
0.348000 
0.348000 
0.348000 
0.348000 
0.348000 
0.348000 
0.327960 
0.279092 
0.218269 
0.162369 
0.128267 
0.111303 
0.096273 
0.084232 
0.076234 
0.073333 
0.073333 
0.073333 
0.073333 
0.073333 
0.073333 
0.073333 
0.073333 
0.073333 
0.073333 
0.073333 
0.073333 
0.073333 
0.073333 
0.073333 
0.073333 
0.073333 
0.073333 
0.073333 
0.073333 
0.073333 
0.083450 
0.108122 
0.138828 
0.167050 
0.184267 
0.192831 
0.200419 
0.206498 
0.210536 
0.212000 
0.212000 
0.212000 
0.212000 
0.212000 
0.212000 
0.231968 
0.279584 
0.336416 
0.384032 
0.404000 
0.398176 
0.384288 
0.367712 
0.353824 
0.348000 
0.348000 
0.348000 
0.348000 
0.348000 
0.348000 
0.348000 
0.348000 
0.348000 
0.348000 
0.348000 
0.340793 
0.321984 
0.295791 
0.266435 
0.238133 
0.204119 
0.161139 
0.118686 
0.086254 
0.073333 
0.073333 
0.073333 
0.073333 
0.073333 
0.073333 
0.073333 
0.073333 
0.073333 
0.073333 
0.073333 
0.073333 
0.073333 
0.073333 
0.073333 
0.073333 
0.073333 
0.073333 
0.073333 
0.073333 
0.073333 
0.073333 
0.073333 
0.073333 
0.073333 
0.073333 
0.073333 
0.073333 
0.073333 
0.073333 
0.073333 
0.073333 
0.073333 
0.073333 
0.073333 
0.073333 
0.073333 
0.073333 
0.073333 
0.073333 
0.073333 
0.093373 
0.142242 
0.203064 
0.258964 
0.293067 
0.310030 
0.325060 
0.337101 
0.345100 
0.348000 
0.348000 
0.348000 
0.348000 
0.348000 
0.348000 
0.348000 
0.348000 
0.348000 
0.348000 
0.348000 
0.338523 
0.315174 
0.285577 
0.257356 
0.238133 
0.225955 
0.214532 
0.204984 
0.198433 
0.196000 
0.228032 
0.304416 
0.395584 
0.471968 
0.504000 
0.459211 
0.352405 
0.224928 
0.118123 
0.073333 
0.073333 
0.073333 
0.073333 
0.073333 
0.073333 
0.073333 
0.073333 
0.073333 
0.073333 
0.073333 
0.073333 
0.073333 
0.073333 
0.073333 
0.073333 
0.073333 
0.073333 
0.073333 
0.073333 
0.073333 
0.073333 
0.073333 
0.073333 
0.073333 
0.073333 
0.073333 
0.073333 
0.073333 
0.073333 
0.073333 
0.073333 
0.073333 
0.073333 
0.073333 
0.073333 
0.076234 
0.084232 
0.096273 
0.111303 
0.128267 
0.162369 
0.218269 
0.279092 
0.327960 
0.348000 
0.348000 
0.348000 
0.348000 
0.348000 
0.348000 
0.358117 
0.382789 
0.413495 
0.441716 
0.458933 
0.467497 
0.475085 
0.481164 
0.485202 
0.486667 
0.467659 
0.420854 
0.361579 
0.305163 
0.266933 
0.245990 
0.229630 
0.215474 
0.201146 
0.184267 
0.160603 
0.131576 
0.103287 
0.081839 
0.073333 
0.073333 
0.073333 
0.073333 
0.073333 
0.073333 
0.073333 
0.073333 
0.073333 
0.073333 
0.073333 
0.073333 
0.073333 
0.073333 
0.073333 
0.073333 
0.073333 
0.073333 
0.073333 
0.073333 
0.073333 
0.073333 
0.073333 
0.073333 
0.073333 
0.073333 
0.073333 
0.073333 
0.073333 
0.073333 
0.073333 
0.073333 
0.073333 
0.073333 
0.073333 
0.073333 
0.086254 
0.118686 
0.161139 
0.204119 
0.238133 
0.266435 
0.295791 
0.321984 
0.340793 
0.348000 
0.348000 
0.348000 
0.348000 
0.348000 
0.348000 
0.348000 
0.348000 
0.348000 
0.348000 
0.348000 
0.342287 
0.328663 
0.312403 
0.298780 
0.293067 
0.306046 
0.336996 
0.373937 
0.404887 
0.417867 
0.384919 
0.306353 
0.212580 
0.134014 
0.101067 
0.112604 
0.140115 
0.172951 
0.200463 
0.212000 
0.212000 
0.212000 
0.212000 
0.212000 
0.212000 
0.212000 
0.212000 
0.212000 
0.212000 
0.212000 
0.205477 
0.189103 
0.167671 
0.145972 
0.128800 
0.114512 
0.099691 
0.086468 
0.076972 
0.073333 
0.073333 
0.073333 
0.073333 
0.073333 
0.073333 
0.073333 
0.073333 
0.073333 
0.073333 
0.073333 
0.073333 
0.073333 
0.073333 
0.073333 
0.073333 
0.101899 
0.170016 
0.251317 
0.319435 
0.348000 
0.348000 
0.348000 
0.348000 
0.348000 
0.348000 
0.348000 
0.348000 
0.348000 
0.348000 
0.348000 
0.348000 
0.348000 
0.348000 
0.348000 
0.348000 
0.335080 
0.302647 
0.260195 
0.217215 
0.183200 
0.154898 
0.125542 
0.099350 
0.080541 
0.073333 
0.073333 
0.073333 
0.073333 
0.073333 
0.073333 
0.087755 
0.122144 
0.163189 
0.197579 
0.212000 
0.212000 
0.212000 
0.212000 
0.212000 
0.212000 
0.212000 
0.212000 
0.212000 
0.212000 
0.212000 
0.208361 
0.198865 
0.185642 
0.170822 
0.156533 
0.139361 
0.117662 
0.096230 
0.079856 
0.073333 
0.073333 
0.073333 
0.073333 
0.073333 
0.073333 
0.073333 
0.073333 
0.073333 
0.073333 
0.073333 
0.073333 
0.073333 
0.073333 
0.073333 
0.073333 
0.073333 
0.073333 
0.073333 
0.073333 
0.073333 
0.086254 
0.118686 
0.161139 
0.204119 
0.238133 
0.266435 
0.295791 
0.321984 
0.340793 
0.348000 
0.348000 
0.348000 
0.348000 
0.348000 
0.348000 
0.362421 
0.396811 
0.437856 
0.472245 
0.486667 
0.483766 
0.475768 
0.463727 
0.448697 
0.431733 
0.400465 
0.350234 
0.293663 
0.243377 
0.212000 
0.197024 
0.186111 
0.177139 
0.167987 
0.156533 
0.139361 
0.117662 
0.096230 
0.079856 
0.073333 
0.073333 
0.073333 
0.073333 
0.073333 
0.073333 
0.073333 
0.073333 
0.073333 
0.073333 
0.073333 
0.073333 
0.073333 
0.073333 
0.073333 
0.073333 
0.073333 
0.073333 
0.073333 
0.073333 
0.073333 
0.073333 
0.073333 
0.073333 
0.073333 
0.073333 
0.073333 
0.073333 
0.073333 
0.073333 
0.073333 
0.093373 
0.142242 
0.203064 
0.258964 
0.293067 
0.307679 
0.318006 
0.326520 
0.335694 
0.348000 
0.367523 
0.393370 
0.420549 
0.444068 
0.458933 
0.467497 
0.475085 
0.481164 
0.485202 
0.486667 
0.479717 
0.461424 
0.435619 
0.406133 
0.376800 
0.343374 
0.302396 
0.258878 
0.217831 
0.184267 
0.154712 
0.124948 
0.098869 
0.080366 
0.073333 
0.073333 
0.073333 
0.073333 
0.073333 
0.073333 
0.073333 
0.073333 
0.073333 
0.073333 
0.073333 
0.073333 
0.073333 
0.073333 
0.073333 
0.073333 
0.073333 
0.073333 
0.073333 
0.073333 
0.073333 
0.073333 
0.073333 
0.073333 
0.073333 
0.073333 
0.073333 
0.073333 
0.073333 
0.073333 
0.073333 
0.073333 
0.073333 
0.073333 
0.073333 
0.073333 
0.076032 
0.083625 
0.095363 
0.110494 
0.128267 
0.173078 
0.253316 
0.344214 
0.421009 
0.458933 
0.468368 
0.476065 
0.481817 
0.485420 
0.486667 
0.486667 
0.486667 
0.486667 
0.486667 
0.486667 
0.485420 
0.481817 
0.476065 
0.468368 
0.458933 
0.421009 
0.344214 
0.253316 
0.173078 
0.128267 
0.110494 
0.095363 
0.083625 
0.076032 
0.073333 
0.073333 
0.073333 
0.073333 
0.073333 
0.073333 
0.073333 
0.073333 
0.073333 
0.073333 
0.073333 
0.078616 
0.092627 
0.112610 
0.135809 
0.159467 
0.192082 
0.236642 
0.282121 
0.317493 
0.331733 
0.304860 
0.240777 
0.164290 
0.100207 
0.073333 
0.073333 
0.073333 
0.073333 
0.073333 
0.073333 
0.073333 
0.073333 
0.073333 
0.073333 
0.073333 
0.073333 
0.073333 
0.073333 
0.073333 
0.073333 
0.073333 
0.073333 
0.073333 
0.073333 
0.073333 
0.073333 
0.073333 
0.073333 
0.073333 
0.073333 
0.077726 
0.090094 
0.109226 
0.133910 
0.162933 
0.235285 
0.364887 
0.512927 
0.640591 
0.709067 
0.730160 
0.744160 
0.754972 
0.766505 
0.782667 
0.808529 
0.842548 
0.878701 
0.910970 
0.933333 
0.948572 
0.962634 
0.974251 
0.982151 
0.985067 
0.983198 
0.977904 
0.969650 
0.958905 
0.946133 
0.909040 
0.840295 
0.762817 
0.699524 
0.673333 
0.679867 
0.696349 
0.718097 
0.740430 
0.758667 
0.773661 
0.788655 
0.802552 
0.814255 
0.822667 
0.828981 
0.834784 
0.839563 
0.842805 
0.844000 
0.840672 
0.832736 
0.823264 
0.815328 
0.812000 
0.812000 
0.812000 
0.812000 
0.812000 
0.812000 
0.813882 
0.819140 
0.827190 
0.837449 
0.849333 
0.877303 
0.925919 
0.979750 
1.023366 
1.041333 
1.040284 
1.037545 
1.033730 
1.029455 
1.025333 
1.021542 
1.017608 
1.013169 
1.007864 
1.001333 
0.988918 
0.969820 
0.949462 
0.933270 
0.926667 
0.929806 
0.938420 
0.951305 
0.967256 
0.985067 
1.012002 
1.052397 
1.100659 
1.151191 
1.198400 
1.249625 
1.308605 
1.364347 
1.405854 
1.422133 
1.392231 
1.318241 
1.223734 
1.132285 
1.067467 
1.023143 
0.980567 
0.944392 
0.919274 
0.909867 
1.007486 
1.247588 
1.551040 
1.838711 
2.031467 
2.149648 
2.259486 
2.350687 
2.412956 
2.436000 
2.426987 
2.405493 
2.379840 
2.358347 
2.349333 
2.349858 
2.351333 
2.353612 
2.356550 
2.360000 
2.366092 
2.376448 
2.390157 
2.406311 
2.424000 
2.451842 
2.491982 
2.533801 
2.566680 
2.580000 
2.526253 
2.398086 
2.245114 
2.116947 
2.063200 
2.224070 
2.621287 
3.126763 
3.612408 
3.950133 
4.133493 
4.266193 
4.385373 
4.528173 
4.731733 
5.191283 
5.930916 
6.731068 
7.372173 
7.634667 
7.608694 
7.537090 
7.429325 
7.294872 
7.143200 
6.921196 
6.587465 
6.169055 
5.693017 
5.186400 
4.471326 
3.507867 
2.529998 
1.771695 
1.466933 
1.492143 
1.552258 
1.624009 
1.684124 
1.709333 
1.706194 
1.698474 
1.688725 
1.679495 
1.673333 
1.670295 
1.668238 
1.666421 
1.664100 
1.660533 
1.650429 
1.632216 
1.610736 
1.590828 
1.577333 
1.568731 
1.560762 
1.554161 
1.549663 
1.548000 
1.552715 
1.563957 
1.577376 
1.588619 
1.593333 
1.583826 
1.559905 
1.528472 
1.496425 
1.470667 
1.448652 
1.425534 
1.404756 
1.389763 
1.384000 
1.388992 
1.400896 
1.415104 
1.427008 
1.432000 
1.400384 
1.324992 
1.235008 
1.159616 
1.128000 
1.137097 
1.158788 
1.184678 
1.206370 
1.215467 
1.208478 
1.191812 
1.171921 
1.155255 
1.148267 
1.160941 
1.191709 
1.229686 
1.263989 
1.283733 
1.290566 
1.294683 
1.298023 
1.302526 
1.310133 
1.352074 
1.437906 
1.537061 
1.618970 
1.653067 
1.645232 
1.624230 
1.593812 
1.557729 
1.519733 
1.466621 
1.392776 
1.313327 
1.243403 
1.198133 
1.171014 
1.146694 
1.127026 
1.113866 
1.109067 
1.248649 
1.581498 
1.978769 
2.311618 
2.451200 
2.450483 
2.448346 
2.444807 
2.439885 
2.433600 
2.268819 
1.885945 
1.431302 
1.051213 
0.892000 
0.895328 
0.903264 
0.912736 
0.920672 
0.924000 
0.922713 
0.919500 
0.915330 
0.911173 
0.908000 
0.905936 
0.904264 
0.902690 
0.900922 
0.898667 
0.894786 
0.889287 
0.883596 
0.879136 
0.877333 
1.049308 
1.459401 
1.948866 
2.358959 
2.530933 
2.384717 
2.035015 
1.615247 
1.258836 
1.099200 
1.083972 
1.071916 
1.063155 
1.057809 
1.056000 
1.056405 
1.057600 
1.059553 
1.062230 
1.065600 
1.095539 
1.161572 
1.239142 
1.303693 
1.330667 
1.321487 
1.299597 
1.273470 
1.251580 
1.242400 
1.248177 
1.263796 
1.286686 
1.314277 
1.344000 
1.392692 
1.465519 
1.542399 
1.603253 
1.628000 
1.616761 
1.587627 
1.547472 
1.503172 
1.461600 
1.414426 
1.356766 
1.300667 
1.258174 
1.241333 
1.241333 
1.241333 
1.241333 
1.241333 
1.241333 
1.219701 
1.168117 
1.106549 
1.054965 
1.033333 
1.042241 
1.064535 
1.093576 
1.122723 
1.145333 
1.163507 
1.182072 
1.198483 
1.210197 
1.214667 
1.206985 
1.188666 
1.166801 
1.148482 
1.140800 
1.152503 
1.180412 
1.213722 
1.241630 
1.253333 
1.240576 
1.210155 
1.173845 
1.143424 
1.130667 
1.140595 
1.164271 
1.192529 
1.216205 
1.226133 
1.225712 
1.224508 
1.222607 
1.220097 
1.217067 
1.209295 
1.194423 
1.175330 
1.154896 
1.136000 
1.117171 
1.096467 
1.076056 
1.058111 
1.044800 
1.034511 
1.024828 
1.016715 
1.011140 
1.009067 
1.013844 
1.026663 
1.045253 
1.067344 
1.090667 
1.125655 
1.175813 
1.228477 
1.270983 
1.290667 
1.294368 
1.297338 
1.299523 
1.300872 
1.301333 
1.182693 
0.898489 
0.556299 
0.263699 
0.128267 
0.109120 
0.093817 
0.082594 
0.075688 
0.073333 
0.074798 
0.078836 
0.084915 
0.092503 
0.101067 
0.118284 
0.146505 
0.177211 
0.201883 
0.212000 
0.212000 
0.212000 
0.212000 
0.212000 
0.212000 
0.212000 
0.212000 
0.212000 
0.212000 
0.212000 
