0.069333 
0.069333 
0.069333 
0.069333 
0.069333 
0.069333 
0.069333 
0.069333 
0.069333 
0.069333 
0.069333 
0.069333 
0.069333 
0.069333 
0.069333 
0.069333 
0.069333 
0.069333 
0.069333 
0.069333 
0.069333 
0.069333 
0.069333 
0.069333 
0.069333 
0.069333 
0.069333 
0.069333 
0.069333 
0.069333 
0.069333 
0.069333 
0.069333 
0.069333 
0.069333 
0.069333 
0.069333 
0.069333 
0.069333 
0.069333 
0.069333 
0.069333 
0.069333 
0.069333 
0.069333 
0.069333 
0.069333 
0.069333 
0.069333 
0.069333 
0.069333 
0.069333 
0.069333 
0.069333 
0.069333 
0.069333 
0.069333 
0.069333 
0.069333 
0.069333 
0.069333 
0.069333 
0.069333 
0.069333 
0.069333 
0.069333 
0.069333 
0.069333 
0.069333 
0.069333 
0.069333 
0.069333 
0.069333 
0.069333 
0.069333 
0.069333 
0.069333 
0.069333 
0.069333 
0.069333 
0.069333 
0.069333 
0.069333 
0.069333 
0.069333 
0.069333 
0.069333 
0.069333 
0.069333 
0.069333 
0.080121 
0.107201 
0.142647 
0.178533 
0.206933 
0.230564 
0.255075 
0.276944 
0.292649 
0.298667 
0.298667 
0.298667 
0.298667 
0.298667 
0.298667 
0.298667 
0.298667 
0.298667 
0.298667 
0.298667 
0.284931 
0.251954 
0.212086 
0.177674 
0.161067 
0.157771 
0.155103 
0.153123 
0.151891 
0.151467 
0.164279 
0.194833 
0.231300 
0.261854 
0.274667 
0.274667 
0.274667 
0.274667 
0.274667 
0.274667 
0.274667 
0.274667 
0.274667 
0.274667 
0.274667 
0.274667 
0.274667 
0.274667 
0.274667 
0.274667 
0.253312 
0.202389 
0.141611 
0.090688 
0.069333 
0.080309 
0.107861 
0.143925 
0.180437 
0.209333 
0.229417 
0.246437 
0.262749 
0.280707 
0.302667 
0.337584 
0.385063 
0.433431 
0.471012 
0.486133 
0.473733 
0.443301 
0.404989 
0.368949 
0.345333 
0.331507 
0.318812 
0.308364 
0.301277 
0.298667 
0.298667 
0.298667 
0.298667 
0.298667 
0.298667 
0.279886 
0.234985 
0.181127 
0.135478 
0.115200 
0.113503 
0.112163 
0.111191 
0.110600 
0.110400 
0.127484 
0.168222 
0.216845 
0.257583 
0.274667 
0.274667 
0.274667 
0.274667 
0.274667 
0.274667 
0.274667 
0.274667 
0.274667 
0.274667 
0.274667 
0.274667 
0.274667 
0.274667 
0.274667 
0.274667 
0.259686 
0.223153 
0.177684 
0.135894 
0.110400 
0.097719 
0.086483 
0.077481 
0.071502 
0.069333 
0.069333 
0.069333 
0.069333 
0.069333 
0.069333 
0.069333 
0.069333 
0.069333 
0.069333 
0.069333 
0.069333 
0.069333 
0.069333 
0.069333 
0.069333 
0.071797 
0.078592 
0.088821 
0.101589 
0.116000 
0.144971 
0.192459 
0.244128 
0.285643 
0.302667 
0.302667 
0.302667 
0.302667 
0.302667 
0.302667 
0.292960 
0.269813 
0.242187 
0.219040 
0.209333 
0.218624 
0.240779 
0.267221 
0.289376 
0.298667 
0.298667 
0.298667 
0.298667 
0.298667 
0.298667 
0.298667 
0.298667 
0.298667 
0.298667 
0.298667 
0.298667 
0.298667 
0.298667 
0.298667 
0.298667 
0.274816 
0.217941 
0.150059 
0.093184 
0.069333 
0.069333 
0.069333 
0.069333 
0.069333 
0.069333 
0.069333 
0.069333 
0.069333 
0.069333 
0.069333 
0.084314 
0.120847 
0.166316 
0.208106 
0.233600 
0.246281 
0.257517 
0.266519 
0.272498 
0.274667 
0.274667 
0.274667 
0.274667 
0.274667 
0.274667 
0.274667 
0.274667 
0.274667 
0.274667 
0.274667 
0.269279 
0.255217 
0.235637 
0.213691 
0.192533 
0.167105 
0.134974 
0.103238 
0.078992 
0.069333 
0.071459 
0.077545 
0.087155 
0.099852 
0.115200 
0.169125 
0.273814 
0.393220 
0.491297 
0.532000 
0.532000 
0.532000 
0.532000 
0.532000 
0.532000 
0.529634 
0.523036 
0.512954 
0.500137 
0.485333 
0.457763 
0.411978 
0.356725 
0.300750 
0.252800 
0.207466 
0.158684 
0.114223 
0.081850 
0.069333 
0.069333 
0.069333 
0.069333 
0.069333 
0.069333 
0.069333 
0.069333 
0.069333 
0.069333 
0.069333 
0.069333 
0.069333 
0.069333 
0.069333 
0.069333 
0.069333 
0.069333 
0.069333 
0.069333 
0.069333 
0.069333 
0.069333 
0.069333 
0.069333 
0.069333 
0.069333 
0.069333 
0.069333 
0.069333 
0.069333 
0.069333 
0.069333 
0.069333 
0.069333 
0.069333 
0.069333 
0.069333 
0.069333 
0.069333 
0.069333 
0.069333 
0.069333 
0.069333 
0.069333 
0.069333 
0.076462 
0.096031 
0.125316 
0.161592 
0.202133 
0.276945 
0.395990 
0.526483 
0.635637 
0.690667 
0.706425 
0.719361 
0.729085 
0.735206 
0.737333 
0.737333 
0.737333 
0.737333 
0.737333 
0.737333 
0.713544 
0.652961 
0.571768 
0.486142 
0.412267 
0.343117 
0.267873 
0.197016 
0.141031 
0.110400 
0.096875 
0.085534 
0.076848 
0.071291 
0.069333 
0.069333 
0.069333 
0.069333 
0.069333 
0.069333 
0.069333 
0.069333 
0.069333 
0.069333 
0.069333 
0.069333 
0.069333 
0.069333 
0.069333 
0.069333 
0.069333 
0.069333 
0.069333 
0.069333 
0.069333 
0.069333 
0.069333 
0.069333 
0.069333 
0.069333 
0.069333 
0.069333 
0.069333 
0.069333 
0.069333 
0.069333 
0.069333 
0.069333 
0.069333 
0.069333 
0.069333 
0.069333 
0.069333 
0.069333 
0.069333 
0.071699 
0.078298 
0.088380 
0.101197 
0.116000 
0.141215 
0.182290 
0.234011 
0.291164 
0.348533 
0.420371 
0.511068 
0.600620 
0.669021 
0.696267 
0.693267 
0.685176 
0.673359 
0.659179 
0.644000 
0.621908 
0.590392 
0.555923 
0.524969 
0.504000 
0.492889 
0.485415 
0.478910 
0.470705 
0.458133 
0.425885 
0.369537 
0.302753 
0.239198 
0.192533 
0.158175 
0.124928 
0.096541 
0.076760 
0.069333 
0.069333 
0.069333 
0.069333 
0.069333 
0.069333 
0.069333 
0.069333 
0.069333 
0.069333 
0.069333 
0.069333 
0.069333 
0.069333 
0.069333 
0.069333 
0.069333 
0.069333 
0.069333 
0.069333 
0.069333 
0.069333 
0.069333 
0.069333 
0.069333 
0.069333 
0.069333 
0.069333 
0.069333 
0.069333 
0.069333 
0.069333 
0.069333 
0.069333 
0.069333 
0.069333 
0.071797 
0.078592 
0.088821 
0.101589 
0.116000 
0.144971 
0.192459 
0.244128 
0.285643 
0.302667 
0.302667 
0.302667 
0.302667 
0.302667 
0.302667 
0.293871 
0.272547 
0.246287 
0.222685 
0.209333 
0.203941 
0.199319 
0.195713 
0.193369 
0.192533 
0.201075 
0.221444 
0.245756 
0.266125 
0.274667 
0.274667 
0.274667 
0.274667 
0.274667 
0.274667 
0.274667 
0.274667 
0.274667 
0.274667 
0.274667 
0.272498 
0.266519 
0.257517 
0.246281 
0.233600 
0.208106 
0.166316 
0.120847 
0.084314 
0.069333 
0.069333 
0.069333 
0.069333 
0.069333 
0.069333 
0.069333 
0.069333 
0.069333 
0.069333 
0.069333 
0.080121 
0.107201 
0.142647 
0.178533 
0.206933 
0.230564 
0.255075 
0.276944 
0.292649 
0.298667 
0.298667 
0.298667 
0.298667 
0.298667 
0.298667 
0.298667 
0.298667 
0.298667 
0.298667 
0.298667 
0.286726 
0.257341 
0.220167 
0.184857 
0.161067 
0.146317 
0.132567 
0.121125 
0.113299 
0.110400 
0.125999 
0.165635 
0.218564 
0.274045 
0.321333 
0.366098 
0.415561 
0.461307 
0.494925 
0.508000 
0.508000 
0.508000 
0.508000 
0.508000 
0.508000 
0.502864 
0.488860 
0.468090 
0.442658 
0.414667 
0.367054 
0.293942 
0.214209 
0.146735 
0.110400 
0.096866 
0.085524 
0.076842 
0.071289 
0.069333 
0.069333 
0.069333 
0.069333 
0.069333 
0.069333 
0.069333 
0.069333 
0.069333 
0.069333 
0.069333 
0.069333 
0.069333 
0.069333 
0.069333 
0.069333 
0.069333 
0.069333 
0.069333 
0.069333 
0.069333 
0.069333 
0.069333 
0.069333 
0.069333 
0.069333 
0.069333 
0.069333 
0.069333 
0.069333 
0.069333 
0.069333 
0.069333 
0.069333 
0.069333 
0.069333 
0.069333 
0.069333 
0.069333 
0.069333 
0.069333 
0.069333 
0.069333 
0.069333 
0.069333 
0.069333 
0.069333 
0.069333 
0.069333 
0.069333 
0.069333 
0.069333 
0.069333 
0.069333 
0.069333 
0.069333 
0.071459 
0.077545 
0.087155 
0.099852 
0.115200 
0.166732 
0.266636 
0.382453 
0.481727 
0.532000 
0.543893 
0.551378 
0.557023 
0.563396 
0.573067 
0.593089 
0.623228 
0.655115 
0.680384 
0.690667 
0.673047 
0.628505 
0.569520 
0.508570 
0.458133 
0.412799 
0.364018 
0.319557 
0.287184 
0.274667 
0.274667 
0.274667 
0.274667 
0.274667 
0.274667 
0.259686 
0.223153 
0.177684 
0.135894 
0.110400 
0.097719 
0.086483 
0.077481 
0.071502 
0.069333 
0.069333 
0.069333 
0.069333 
0.069333 
0.069333 
0.069333 
0.069333 
0.069333 
0.069333 
0.069333 
0.069333 
0.069333 
0.069333 
0.069333 
0.069333 
0.069333 
0.069333 
0.069333 
0.069333 
0.069333 
0.069333 
0.069333 
0.069333 
0.069333 
0.069333 
0.069333 
0.069333 
0.069333 
0.069333 
0.069333 
0.069333 
0.069333 
0.069333 
0.069333 
0.069333 
0.069333 
0.069333 
0.069333 
0.069333 
0.069333 
0.069333 
0.069333 
0.069333 
0.069333 
0.069333 
0.074721 
0.088783 
0.108363 
0.130309 
0.151467 
0.176895 
0.209026 
0.240762 
0.265008 
0.274667 
0.274667 
0.274667 
0.274667 
0.274667 
0.274667 
0.274667 
0.274667 
0.274667 
0.274667 
0.274667 
0.298933 
0.356800 
0.425867 
0.483733 
0.508000 
0.505775 
0.500451 
0.494053 
0.488605 
0.486133 
0.485904 
0.485782 
0.485696 
0.485571 
0.485333 
0.465716 
0.419397 
0.364220 
0.318029 
0.298667 
0.298667 
0.298667 
0.298667 
0.298667 
0.298667 
0.281935 
0.241132 
0.190348 
0.143674 
0.115200 
0.101036 
0.088487 
0.078433 
0.071755 
0.069333 
0.069333 
0.069333 
0.069333 
0.069333 
0.069333 
0.077587 
0.098275 
0.125290 
0.152524 
0.173867 
0.188434 
0.200622 
0.212246 
0.225123 
0.241067 
0.267006 
0.302709 
0.339257 
0.367727 
0.379200 
0.368329 
0.342404 
0.311462 
0.285538 
0.274667 
0.274667 
0.274667 
0.274667 
0.274667 
0.274667 
0.274667 
0.274667 
0.274667 
0.274667 
0.274667 
0.275391 
0.277468 
0.280757 
0.285115 
0.290400 
0.304870 
0.333029 
0.369098 
0.407303 
0.441867 
0.477897 
0.519249 
0.558265 
0.587290 
0.598667 
0.580050 
0.535349 
0.481291 
0.434599 
0.412000 
0.407428 
0.403723 
0.400971 
0.399257 
0.398667 
0.401107 
0.406927 
0.413873 
0.419693 
0.422133 
0.401389 
0.351921 
0.292879 
0.243411 
0.222667 
0.222667 
0.222667 
0.222667 
0.222667 
0.222667 
0.222667 
0.222667 
0.222667 
0.222667 
0.222667 
0.222667 
0.222667 
0.222667 
0.222667 
0.222667 
0.222667 
0.222667 
0.222667 
0.222667 
0.222667 
0.222667 
0.222667 
0.222667 
0.222667 
0.222667 
0.369265 
0.718846 
1.136087 
1.485668 
1.632267 
1.496493 
1.172082 
0.783398 
0.454805 
0.310667 
0.302559 
0.297825 
0.294477 
0.290531 
0.284000 
0.267781 
0.241376 
0.212708 
0.189697 
0.180267 
0.202343 
0.260021 
0.340474 
0.430876 
0.518400 
0.621706 
0.750850 
0.880102 
0.983729 
1.036000 
1.052661 
1.066337 
1.076616 
1.083085 
1.085333 
1.084085 
1.080521 
1.074915 
1.067539 
1.058667 
1.036558 
0.994838 
0.941826 
0.885840 
0.835200 
0.783465 
0.725087 
0.669724 
0.627031 
0.606667 
0.601175 
0.596728 
0.593428 
0.591374 
0.590667 
0.590667 
0.590667 
0.590667 
0.590667 
0.590667 
0.592331 
0.596299 
0.601035 
0.605003 
0.606667 
0.587524 
0.541142 
0.484091 
0.432943 
0.404267 
0.393007 
0.383390 
0.375910 
0.371060 
0.369333 
0.369333 
0.369333 
0.369333 
0.369333 
0.369333 
0.401224 
0.483800 
0.597417 
0.722432 
0.839200 
0.970445 
1.129982 
1.284802 
1.401899 
1.448267 
1.395407 
1.269357 
1.118910 
0.992860 
0.940000 
0.947488 
0.965344 
0.986656 
1.004512 
1.012000 
1.000571 
0.972113 
0.935370 
0.899084 
0.872000 
0.855245 
0.842210 
0.830033 
0.815850 
0.796800 
0.763235 
0.714198 
0.659864 
0.610406 
0.576000 
0.552647 
0.530928 
0.512885 
0.500562 
0.496000 
0.516405 
0.565427 
0.624781 
0.676179 
0.701333 
0.706797 
0.711240 
0.714551 
0.716619 
0.717333 
0.717056 
0.716395 
0.715605 
0.714944 
0.714667 
0.737963 
0.793515 
0.859819 
0.915371 
0.938667 
0.936308 
0.929862 
0.920276 
0.908495 
0.895467 
0.871733 
0.834425 
0.794370 
0.762397 
0.749333 
0.751353 
0.756885 
0.765140 
0.775330 
0.786667 
0.807408 
0.840207 
0.875861 
0.905171 
0.918933 
0.921216 
0.922585 
0.923585 
0.924763 
0.926667 
0.929636 
0.933811 
0.939434 
0.946749 
0.956000 
0.984501 
1.037570 
1.097456 
1.146405 
1.166667 
1.165193 
1.160955 
1.154227 
1.145284 
1.134400 
1.098238 
1.026761 
0.940190 
0.858751 
0.802667 
0.766027 
0.731680 
0.702987 
0.683307 
0.676000 
0.694000 
0.739163 
0.798232 
0.857952 
0.905067 
0.944056 
0.984398 
1.020340 
1.046126 
1.056000 
1.046127 
1.022583 
0.994483 
0.970940 
0.961067 
0.965116 
0.974771 
0.986295 
0.995951 
1.000000 
0.995876 
0.984983 
0.969539 
0.951761 
0.933867 
0.910037 
0.878107 
0.845771 
0.820725 
0.810667 
0.813995 
0.821931 
0.831403 
0.839339 
0.842667 
0.842667 
0.842667 
0.842667 
0.842667 
0.842667 
0.847380 
0.858897 
0.873284 
0.886607 
0.894933 
0.899321 
0.903254 
0.906432 
0.908558 
0.909333 
0.899349 
0.875541 
0.847125 
0.823317 
0.813333 
0.844200 
0.918681 
1.009594 
1.089761 
1.132000 
1.143468 
1.150944 
1.156686 
1.162953 
1.172000 
1.188841 
1.212817 
1.237679 
1.257178 
1.265067 
1.260844 
1.250287 
1.236561 
1.222832 
1.212267 
1.203892 
1.195388 
1.187898 
1.182565 
1.180533 
1.181310 
1.183162 
1.185372 
1.187223 
1.188000 
1.171263 
1.129640 
1.076011 
1.023260 
0.984267 
0.955479 
0.927065 
0.902484 
0.885198 
0.878667 
0.883659 
0.895563 
0.909771 
0.921675 
0.926667 
0.920621 
0.906204 
0.888996 
0.874579 
0.868533 
0.898735 
0.970754 
1.056713 
1.128732 
1.158933 
1.151504 
1.133060 
1.109371 
1.086206 
1.069333 
1.058535 
1.049341 
1.041147 
1.033347 
1.025333 
1.018186 
1.012299 
1.006038 
0.997772 
0.985867 
0.940983 
0.853490 
0.751319 
0.662401 
0.614667 
0.597984 
0.583993 
0.573275 
0.566416 
0.564000 
0.604158 
0.699919 
0.814214 
0.909975 
0.950133 
0.933970 
0.893185 
0.839335 
0.783977 
0.738667 
0.698709 
0.656114 
0.617499 
0.589477 
0.578667 
0.583063 
0.594993 
0.612564 
0.633886 
0.657067 
0.687340 
0.729054 
0.778992 
0.833935 
0.890667 
0.950046 
1.015268 
1.086613 
1.164363 
1.248800 
1.364139 
1.512099 
1.659216 
1.772027 
1.817067 
1.729318 
1.520073 
1.270327 
1.061082 
0.973333 
1.008499 
1.092356 
1.192444 
1.276301 
1.311467 
1.302270 
1.279739 
1.251459 
1.225017 
1.208000 
1.200163 
1.194942 
1.190439 
1.184757 
1.176000 
1.149593 
1.102426 
1.049795 
1.006998 
0.989333 
0.994187 
1.005760 
1.019573 
1.031147 
1.036000 
1.019776 
0.981088 
0.934912 
0.896224 
0.880000 
0.882432 
0.889238 
0.899680 
0.913024 
0.928533 
0.965896 
1.031353 
1.103996 
1.162914 
1.187200 
1.182749 
1.170999 
1.154355 
1.135220 
1.116000 
1.094669 
1.068912 
1.040701 
1.012007 
0.984800 
0.956277 
0.925120 
0.895532 
0.871714 
0.857867 
0.852164 
0.848838 
0.846177 
0.842468 
0.836000 
0.772233 
0.632349 
0.468215 
0.331698 
0.274667 
0.274667 
0.274667 
0.274667 
0.274667 
0.274667 
0.274667 
0.274667 
0.274667 
0.274667 
0.274667 
0.272143 
0.266125 
0.258942 
0.252924 
0.250400 
0.255836 
0.268798 
0.284269 
0.297231 
0.302667 
0.302667 
0.302667 
0.302667 
0.302667 
0.302667 
0.285643 
0.244128 
0.192459 
0.144971 
0.116000 
0.101589 
0.088821 
0.078592 
0.071797 
0.069333 
0.086065 
0.126868 
0.177652 
0.224326 
0.252800 
0.266964 
0.279513 
0.289567 
0.296245 
0.298667 
0.298667 
0.298667 
0.298667 
0.298667 
0.298667 
0.298667 
0.298667 
0.298667 
0.298667 
0.298667 
