0.000000 
0.000000 
0.000000 
0.000000 
0.000000 
0.000000 
0.000000 
0.000000 
0.000000 
0.000000 
0.000000 
0.000000 
0.000000 
0.000000 
0.000000 
0.000000 
0.000000 
0.000000 
0.000000 
0.000000 
0.000000 
0.000000 
0.000000 
0.000000 
0.000000 
0.000000 
0.000000 
0.000000 
0.000000 
0.000000 
0.000000 
0.000000 
0.000000 
0.000000 
0.000000 
0.000000 
0.000000 
0.000000 
0.000000 
0.000000 
0.000000 
0.000000 
0.000000 
0.000000 
0.000000 
0.000000 
0.000000 
0.000000 
0.000000 
0.000000 
0.000000 
0.000000 
0.000000 
0.000000 
0.000000 
0.000000 
0.000000 
0.000000 
0.000000 
0.000000 
0.000000 
0.000000 
0.000000 
0.000000 
0.000000 
0.000000 
0.000000 
0.000000 
0.000000 
0.000000 
0.000000 
0.000000 
0.000000 
0.000000 
0.000000 
0.000000 
0.000000 
0.000000 
0.000000 
0.000000 
0.000000 
0.000000 
0.000000 
0.000000 
0.000000 
0.000000 
0.000000 
0.000000 
0.000000 
0.000000 
0.000000 
0.000000 
0.000000 
0.000000 
0.000000 
0.000000 
0.000000 
0.000000 
0.000000 
0.000000 
0.000000 
0.000000 
0.000000 
0.000000 
0.000000 
0.000000 
0.000000 
0.000000 
0.000000 
0.000000 
0.000000 
0.000000 
0.000000 
0.000000 
0.000000 
0.000000 
0.000000 
0.000000 
0.000000 
0.000000 
0.000000 
0.000000 
0.000000 
0.000000 
0.000000 
0.000000 
0.000000 
0.000000 
0.000000 
0.000000 
0.000000 
0.000000 
0.000000 
0.000000 
0.000000 
0.000000 
0.000000 
0.000000 
0.000000 
0.000000 
0.000000 
0.000000 
0.000000 
0.000000 
0.000000 
0.000000 
0.000000 
0.000000 
0.000000 
0.000000 
0.000000 
0.000000 
0.000000 
0.000000 
0.000000 
0.000000 
0.000000 
0.000000 
0.000000 
0.000000 
0.000000 
0.000000 
0.000000 
0.000000 
0.000000 
0.000000 
0.000000 
0.000000 
0.000000 
0.000000 
0.000000 
0.000000 
0.000000 
0.000000 
0.000000 
0.000000 
0.000000 
0.000000 
0.000000 
0.000000 
0.000000 
0.000000 
0.000000 
0.000000 
0.000000 
0.000000 
0.000000 
0.000000 
0.000000 
0.000000 
0.000000 
0.000000 
0.000000 
0.000000 
0.000000 
0.000000 
0.000000 
0.000000 
0.000000 
0.000000 
0.000000 
0.000000 
0.000000 
0.000000 
0.000000 
0.000000 
0.000000 
0.000000 
0.000000 
0.000000 
0.000000 
0.000000 
0.000000 
0.000000 
0.000000 
0.000000 
0.000000 
0.000000 
0.000000 
0.000000 
0.000000 
0.000000 
0.000000 
0.000000 
0.000000 
0.000000 
0.000000 
0.000000 
0.000000 
0.000000 
0.000000 
0.000000 
0.000000 
0.000000 
0.000000 
0.000000 
0.000000 
0.000000 
0.000000 
0.000000 
0.000000 
0.000000 
0.000000 
0.000000 
0.000000 
0.000000 
0.000000 
0.000000 
0.000000 
0.000000 
0.000000 
0.000000 
0.000000 
0.000000 
0.000000 
0.000000 
0.000000 
0.000000 
0.000000 
0.000000 
0.000000 
0.000000 
0.000000 
0.000000 
0.000000 
0.000000 
0.000000 
0.000000 
0.000000 
0.000000 
0.000000 
0.000000 
0.000000 
0.000000 
0.000000 
0.000000 
0.000000 
0.000000 
0.000000 
0.000000 
0.000000 
0.000000 
0.000000 
0.000000 
0.000000 
0.000000 
0.000000 
0.000000 
0.000000 
0.000000 
0.000000 
0.000000 
0.000000 
0.000000 
0.000000 
0.000000 
0.000000 
0.000000 
0.000000 
0.000000 
0.000000 
0.000000 
0.000000 
0.000000 
0.000000 
0.000000 
0.000000 
0.000000 
0.000000 
0.000000 
0.000000 
0.000000 
0.000000 
0.000000 
0.000000 
0.000000 
0.000000 
0.000000 
0.000000 
0.000000 
0.000000 
0.000000 
0.000000 
0.000000 
0.000000 
0.000000 
0.000000 
0.000000 
0.000000 
0.000000 
0.000000 
0.000000 
0.000000 
0.000000 
0.000000 
0.000000 
0.000000 
0.000000 
0.000000 
0.000000 
0.000000 
0.000000 
0.000000 
0.000000 
0.000000 
0.000000 
0.000000 
0.000000 
0.000000 
0.000000 
0.000000 
0.000000 
0.000000 
0.000000 
0.000000 
0.000000 
0.000000 
0.000000 
0.000000 
0.000000 
0.000000 
0.000000 
0.000000 
0.000000 
0.000000 
0.000000 
0.000000 
0.000000 
0.000000 
0.000000 
0.000000 
0.000000 
0.000000 
0.000000 
0.000000 
0.000000 
0.000000 
0.000000 
0.000000 
0.000000 
0.000000 
0.000000 
0.000000 
0.000000 
0.000000 
0.000000 
0.000000 
0.000000 
0.000000 
0.000000 
0.000000 
0.000000 
0.000000 
0.000000 
0.000000 
0.000000 
0.000000 
0.000000 
0.000000 
0.000000 
0.000000 
0.000000 
0.000000 
0.000000 
0.000000 
0.000000 
0.000000 
0.000000 
0.000000 
0.000000 
0.000000 
0.000000 
0.000000 
0.000000 
0.000000 
0.000000 
0.000000 
0.000000 
0.000000 
0.000000 
0.000000 
0.004468 
0.015096 
0.021175 
0.026560 
0.025968 
0.020902 
0.017319 
0.018564 
0.016531 
0.022379 
0.030187 
0.040418 
0.051001 
0.064435 
0.070522 
0.070086 
0.096708 
0.102475 
0.089890 
0.104845 
0.096090 
0.112416 
0.099423 
0.110088 
0.137520 
0.110952 
0.118850 
0.152709 
0.139175 
0.155157 
0.140483 
0.125285 
0.133776 
0.185818 
0.172638 
0.159542 
0.188031 
0.206777 
0.173478 
0.162511 
0.163410 
0.147479 
0.122873 
0.099869 
0.054334 
0.002241 
0.000000 
0.000000 
0.000000 
0.000000 
0.000000 
0.019225 
0.064184 
0.115107 
0.113539 
0.136856 
0.143744 
0.114898 
0.133191 
0.163536 
0.150163 
0.135230 
0.159485 
0.152613 
0.177197 
0.140490 
0.168873 
0.170096 
0.113590 
0.157368 
0.178911 
0.143159 
0.202882 
0.148107 
0.173090 
0.178141 
0.159666 
0.173495 
0.180476 
0.166965 
0.155379 
0.135282 
0.082288 
0.095264 
0.103521 
0.116817 
0.183786 
0.238867 
0.196828 
0.200605 
0.136924 
0.077235 
0.009510 
0.000000 
0.000000 
0.000000 
0.000000 
0.000000 
0.000000 
0.000000 
0.000000 
0.000000 
0.012286 
0.048048 
0.103828 
0.144997 
0.167106 
0.207789 
0.186606 
0.217077 
0.221254 
0.245682 
0.241930 
0.234449 
0.256424 
0.283469 
0.201183 
0.246248 
0.205651 
0.237682 
0.189611 
0.226000 
0.240243 
0.229220 
0.286665 
0.295839 
0.284515 
0.242732 
0.247418 
0.316630 
0.270780 
0.236729 
0.282856 
0.273796 
0.269331 
0.318449 
0.305450 
0.275540 
0.218460 
0.274615 
0.351070 
0.305879 
0.334288 
0.272099 
0.268535 
0.306553 
0.308279 
0.287482 
0.310627 
0.285134 
0.257253 
0.275138 
0.245767 
0.340638 
0.307109 
0.381556 
0.335840 
0.311033 
0.347682 
0.337012 
0.314047 
0.343884 
0.329613 
0.354307 
0.263400 
0.248925 
0.321309 
0.264013 
0.348763 
0.316671 
0.394378 
0.381148 
0.388221 
0.418981 
0.350328 
0.331773 
0.194744 
0.129243 
0.086215 
0.107762 
0.109369 
0.162640 
0.182182 
0.216242 
0.241348 
0.294834 
0.355334 
0.348488 
0.445781 
0.469403 
0.378752 
0.320127 
0.363489 
0.373539 
0.308249 
0.250212 
0.198019 
0.186757 
0.171981 
0.118824 
0.091978 
0.066151 
0.025791 
0.025154 
0.065169 
0.180871 
0.306786 
0.423739 
0.426359 
0.426883 
0.437573 
0.454001 
0.363071 
0.405852 
0.279372 
0.284515 
0.209795 
0.166044 
0.100713 
0.200413 
0.213195 
0.308012 
0.449193 
0.427032 
0.440896 
0.439055 
0.409293 
0.342757 
0.421949 
0.330040 
0.326057 
0.323665 
0.346515 
0.323244 
0.313301 
0.383317 
0.435320 
0.470958 
0.480967 
0.403918 
0.331687 
0.334161 
0.288221 
0.227380 
0.147327 
0.071385 
0.000000 
0.000000 
0.000000 
0.000000 
0.000000 
0.000000 
0.000000 
0.000000 
0.000000 
0.001744 
0.120812 
0.197063 
0.294151 
0.342385 
0.356644 
0.397503 
0.428527 
0.416078 
0.420518 
0.384039 
0.370682 
0.414685 
0.497950 
0.443999 
0.467130 
0.501617 
0.493283 
0.437809 
0.433994 
0.459882 
0.407351 
0.508069 
0.421939 
0.466722 
0.413944 
0.437004 
0.397996 
0.342308 
0.342795 
0.237103 
0.081906 
0.000000 
0.000000 
0.000000 
0.000000 
0.000000 
0.017041 
0.052708 
0.078541 
0.090581 
0.125474 
0.156986 
0.153564 
0.113413 
0.079919 
0.038252 
0.003730 
0.000000 
0.003731 
0.043217 
0.103588 
0.144235 
0.182350 
0.218460 
0.287823 
0.276764 
0.292709 
0.282263 
0.280273 
0.176396 
0.112405 
0.052684 
0.013761 
0.017376 
0.021694 
0.034037 
0.037344 
0.036649 
0.029580 
0.021766 
0.012102 
0.000625 
0.000000 
0.001999 
0.015647 
0.034935 
0.060522 
0.079039 
0.095399 
0.093739 
0.130576 
0.148374 
0.177474 
0.228634 
0.289298 
0.337211 
0.449295 
0.435280 
0.446966 
0.402615 
0.362815 
0.302845 
0.352353 
0.304964 
0.173400 
0.118342 
0.039431 
0.000000 
0.000000 
0.000000 
0.000000 
0.000000 
0.000000 
0.000000 
0.000000 
0.032501 
0.095412 
0.159670 
0.246376 
0.267072 
0.421638 
0.499821 
0.511417 
0.506229 
0.539351 
0.485543 
0.444708 
0.514215 
0.499771 
0.437368 
0.340838 
0.372955 
0.476159 
0.386188 
0.451874 
0.401739 
0.398462 
0.363650 
0.383367 
0.317355 
0.445083 
0.387884 
0.431198 
0.381291 
0.450017 
0.413641 
0.485117 
0.515234 
0.432480 
0.454103 
0.497813 
0.586104 
0.474899 
0.433019 
0.337753 
0.402470 
0.454988 
0.519456 
0.393238 
0.323344 
0.326305 
0.304671 
0.244795 
0.349308 
0.330304 
0.366633 
0.387867 
0.456325 
0.431372 
0.450841 
0.423115 
0.479774 
0.408881 
0.375888 
0.371614 
0.371125 
0.402122 
0.459034 
0.392142 
0.360119 
0.368181 
0.422333 
0.406885 
0.354032 
0.392237 
0.301310 
0.287700 
0.299620 
0.250443 
0.204872 
0.217475 
0.162080 
0.146806 
0.206280 
0.255012 
0.320246 
0.362647 
0.369273 
0.316050 
0.397055 
0.351931 
0.411467 
0.377774 
0.336572 
0.326465 
0.343314 
0.349331 
0.316176 
0.348811 
0.369411 
0.287813 
0.404543 
0.385133 
0.459106 
0.387342 
0.352198 
0.355960 
0.354926 
0.296444 
0.337552 
0.335991 
0.293917 
0.353258 
0.266116 
0.239156 
0.222018 
0.228403 
0.220367 
0.238801 
0.280233 
0.314678 
0.329481 
0.270488 
0.383547 
0.330452 
0.332783 
0.280672 
0.273206 
0.265768 
0.201482 
0.110473 
0.053054 
0.014872 
0.003800 
0.000000 
0.000000 
0.000000 
0.000000 
0.000000 
0.000000 
0.000000 
0.000000 
0.000000 
0.000000 
0.000000 
0.000000 
0.000000 
0.008899 
0.026950 
0.046915 
0.082661 
0.109178 
0.138805 
0.160207 
0.201736 
0.205110 
0.262206 
0.323809 
0.329907 
0.311105 
0.247738 
0.266426 
0.239730 
0.210172 
0.171791 
0.151435 
0.119556 
0.103944 
0.113833 
0.105250 
0.094904 
0.092105 
0.081748 
0.090492 
0.088257 
0.113370 
0.117471 
0.140544 
0.187157 
0.207487 
0.217375 
0.366688 
0.343577 
0.295369 
0.343649 
0.306741 
0.298014 
0.249234 
0.298320 
0.271656 
0.215454 
0.203626 
0.174415 
0.174303 
0.177142 
0.176956 
0.129164 
0.148402 
0.132855 
0.159026 
0.151617 
0.209501 
0.189990 
0.193763 
0.218861 
0.191214 
0.209515 
0.213203 
0.200853 
0.243437 
0.222885 
0.271277 
0.221077 
0.213754 
0.201995 
0.189625 
0.149971 
0.105704 
0.126801 
0.172912 
0.169243 
0.243981 
0.174838 
0.188292 
0.184920 
0.124136 
0.092424 
0.086816 
0.083310 
0.089089 
0.076271 
0.114296 
0.112827 
0.098956 
0.108154 
0.110138 
0.114256 
0.112495 
0.096869 
0.102200 
0.098299 
0.088379 
0.094166 
0.087830 
0.071799 
0.058737 
0.051980 
0.056855 
0.045225 
0.034357 
0.030974 
0.023175 
0.016565 
0.013171 
0.005735 
0.000398 
0.000000 
0.000000 
0.000000 
0.000000 
0.000000 
0.000000 
0.000000 
0.000000 
0.000000 
0.000000 
0.000000 
0.000000 
0.000000 
0.000000 
0.000000 
0.000000 
0.000000 
0.000000 
0.000000 
0.000000 
0.000000 
0.000000 
0.000000 
0.000000 
0.000000 
0.000000 
0.000000 
0.000000 
0.000000 
0.000000 
0.001650 
0.004084 
0.006792 
0.008929 
0.012565 
0.013478 
0.014541 
0.018987 
0.018203 
0.020336 
0.019889 
0.022652 
0.019603 
0.019235 
0.015022 
0.016164 
0.019558 
0.017661 
0.027061 
0.030403 
0.031814 
0.052572 
0.036584 
0.056074 
0.051319 
0.054098 
0.057352 
0.060227 
0.086448 
0.141637 
0.164735 
0.146700 
0.162828 
0.161065 
0.145636 
0.175404 
0.131547 
0.140168 
0.126530 
0.080276 
0.081518 
0.056114 
0.070076 
0.057110 
0.062741 
0.054976 
0.052181 
0.048700 
0.040692 
0.025489 
0.017733 
0.009969 
0.007175 
0.003530 
0.000805 
0.000000 
0.000000 
0.000000 
0.000000 
0.000000 
0.000000 
0.000000 
0.000000 
0.000000 
0.000000 
0.000000 
0.000000 
0.000000 
0.000000 
0.000000 
0.000000 
0.000000 
0.000000 
0.000000 
0.000000 
0.000000 
0.000000 
0.000000 
0.000000 
0.000000 
0.000000 
0.000000 
0.000000 
0.000000 
0.000000 
0.000000 
0.000000 
0.000000 
0.000000 
0.000000 
0.000000 
0.000000 
0.000000 
0.000000 
0.000000 
0.000000 
0.000000 
0.000000 
0.000000 
0.000000 
0.000000 
0.000000 
0.000000 
0.000000 
0.000000 
0.000000 
0.000000 
0.000000 
0.000000 
0.000000 
0.000000 
0.000000 
0.000000 
0.000000 
0.000000 
0.000000 
0.000000 
0.000000 
0.000000 
0.000000 
0.000000 
0.000000 
0.000000 
0.000000 
0.000000 
0.000000 
0.000000 
0.000000 
0.000000 
0.000000 
0.000000 
0.000000 
0.000000 
0.000000 
0.000000 
0.000000 
0.000000 
0.000000 
0.000000 
0.000000 
0.000000 
0.000000 
0.000000 
0.000000 
0.000000 
0.000000 
0.000000 
0.000000 
0.000000 
0.000000 
0.000000 
0.000000 
0.000000 
0.000000 
0.000000 
0.000000 
0.000000 
0.000000 
0.000000 
0.000000 
0.000000 
0.000000 
0.000000 
0.000000 
0.000000 
0.000000 
0.000000 
0.000000 
0.000000 
0.000000 
0.000000 
0.000000 
0.000000 
0.000000 
0.000000 
0.000000 
0.000000 
0.000000 
0.000000 
0.000000 
0.000000 
0.000000 
0.000000 
0.000000 
0.000000 
0.000000 
0.000000 
0.000000 
0.000000 
0.000000 
0.000000 
0.000000 
0.000000 
0.000000 
0.000000 
0.000000 
0.000000 
0.000000 
0.000000 
0.000000 
0.000000 
0.000000 
0.000000 
0.000000 
0.000000 
0.000000 
0.000000 
0.000000 
0.000000 
0.000000 
0.000000 
0.000000 
0.000000 
0.000000 
0.000000 
0.000000 
0.000000 
0.000000 
0.000000 
0.000000 
0.000000 
0.000000 
0.000000 
0.000000 
0.000000 
0.000000 
0.000000 
0.000000 
0.000000 
0.000000 
0.000000 
0.000000 
0.000000 
0.000000 
0.000000 
0.000000 
0.000000 
0.000000 
0.000000 
0.000000 
0.000000 
0.000000 
0.000000 
0.000000 
0.000000 
0.000000 
0.000000 
0.000000 
0.000000 
0.000000 
0.000000 
0.000000 
0.000000 
0.000000 
0.000000 
0.000000 
0.000000 
0.000000 
0.000000 
0.000000 
0.000000 
0.000000 
0.000000 
0.000000 
0.000000 
0.000000 
0.000000 
0.000000 
0.000000 
0.000000 
0.000000 
0.000000 
0.000000 
0.000000 
0.000000 
0.000000 
0.000000 
0.000000 
0.000000 
0.000000 
0.000000 
0.000000 
0.000000 
0.000000 
0.000000 
0.000000 
0.000000 
0.000000 
0.000000 
0.000000 
0.000000 
0.000000 
0.000000 
0.000000 
0.000000 
0.000000 
0.000000 
0.000000 
0.000000 
0.000000 
0.000000 
0.000000 
0.000000 
0.000000 
0.000000 
0.000000 
0.000000 
0.000000 
0.000000 
0.000000 
0.000000 
0.000000 
0.000000 
0.000000 
0.000000 
0.000000 
0.000000 
0.000000 
0.000000 
0.000000 
0.000000 
0.000000 
0.000000 
0.000000 
0.000000 
0.000000 
0.000000 
0.000000 
0.000000 
0.000000 
0.000000 
0.000000 
0.000000 
0.000000 
0.000000 
0.000000 
0.000000 
0.000000 
0.000000 
0.000000 
0.000000 
0.000000 
0.000000 
0.000000 
0.000000 
0.000000 
0.000000 
0.000000 
0.000000 
0.000000 
0.000000 
0.000000 
0.000000 
0.000000 
0.000000 
0.000000 
0.000000 
0.000000 
0.000000 
0.000000 
0.000000 
0.000000 
0.000000 
0.000000 
0.000000 
0.000000 
0.000000 
0.000000 
0.000000 
0.000000 
0.000000 
0.000000 
0.000000 
0.000000 
0.000000 
0.000000 
0.000000 
