0.000000 
0.000000 
0.000000 
0.000000 
0.000000 
0.000000 
0.000000 
0.000000 
0.000000 
0.000000 
0.000000 
0.000000 
0.000000 
0.000000 
0.000000 
0.000000 
0.000000 
0.000000 
0.000000 
0.000000 
0.000000 
0.000000 
0.000000 
0.000000 
0.000000 
0.000000 
0.000000 
0.000000 
0.000000 
0.000000 
0.000000 
0.000000 
0.000000 
0.000000 
0.000000 
0.000000 
0.000000 
0.000000 
0.000000 
0.000000 
0.000000 
0.000000 
0.000000 
0.000000 
0.000000 
0.000000 
0.000000 
0.000000 
0.000000 
0.000000 
0.000000 
0.000000 
0.000000 
0.000000 
0.000000 
0.000000 
0.000000 
0.000000 
0.000000 
0.000000 
0.000000 
0.000000 
0.000000 
0.000000 
0.000000 
0.000000 
0.000000 
0.000000 
0.000000 
0.000000 
0.000000 
0.000000 
0.000000 
0.000000 
0.000000 
0.000000 
0.000000 
0.000000 
0.000000 
0.000000 
0.000000 
0.000000 
0.000000 
0.000000 
0.000000 
0.000000 
0.000000 
0.000000 
0.000000 
0.000000 
0.000000 
0.000000 
0.000000 
0.000000 
0.000000 
0.000000 
0.000000 
0.000000 
0.000000 
0.000000 
0.000000 
0.000000 
0.000000 
0.000000 
0.000000 
0.000000 
0.000000 
0.000000 
0.000000 
0.000000 
0.000000 
0.000000 
0.000000 
0.000000 
0.000000 
0.000000 
0.000000 
0.000000 
0.000000 
0.000000 
0.000000 
0.000000 
0.000000 
0.000000 
0.000000 
0.000000 
0.000000 
0.000000 
0.000000 
0.000000 
0.000000 
0.000000 
0.000000 
0.000000 
0.000000 
0.000000 
0.000000 
0.000000 
0.000000 
0.000000 
0.000000 
0.000000 
0.000000 
0.000000 
0.000000 
0.000000 
0.000000 
0.000000 
0.000000 
0.000000 
0.000000 
0.000000 
0.000000 
0.000000 
0.000000 
0.000000 
0.000000 
0.000000 
0.000000 
0.000000 
0.000000 
0.000000 
0.000000 
0.000000 
0.000000 
0.000000 
0.000000 
0.000000 
0.000000 
0.000000 
0.000000 
0.000000 
0.000000 
0.000000 
0.000000 
0.000000 
0.000000 
0.000000 
0.000000 
0.000000 
0.000000 
0.000000 
0.000000 
0.000000 
0.000000 
0.000000 
0.000000 
0.000000 
0.000000 
0.000000 
0.000000 
0.000000 
0.000000 
0.000000 
0.000000 
0.000000 
0.000000 
0.000000 
0.000000 
0.000000 
0.000000 
0.000000 
0.000000 
0.000000 
0.000000 
0.000000 
0.000000 
0.000000 
0.000000 
0.000000 
0.000000 
0.000000 
0.000000 
0.000000 
0.000000 
0.000000 
0.000000 
0.000000 
0.000000 
0.000000 
0.000000 
0.000000 
0.000000 
0.000000 
0.000000 
0.000000 
0.000000 
0.000000 
0.000000 
0.000000 
0.000000 
0.000000 
0.000000 
0.000000 
0.000000 
0.000000 
0.000000 
0.000000 
0.000000 
0.000000 
0.000000 
0.000000 
0.000000 
0.000000 
0.000000 
0.000000 
0.000000 
0.000000 
0.000000 
0.000000 
0.000000 
0.000000 
0.000000 
0.000000 
0.000000 
0.000000 
0.000000 
0.000000 
0.000000 
0.000000 
0.000000 
0.000000 
0.000000 
0.000000 
0.000000 
0.000000 
0.000000 
0.000000 
0.000000 
0.000000 
0.000000 
0.000000 
0.000000 
0.000000 
0.000000 
0.000000 
0.000000 
0.000000 
0.000000 
0.000000 
0.000000 
0.000000 
0.000000 
0.000000 
0.000000 
0.000000 
0.000000 
0.000000 
0.000000 
0.000000 
0.000000 
0.000000 
0.000000 
0.000000 
0.000000 
0.000000 
0.000000 
0.000000 
0.000000 
0.000000 
0.000000 
0.000000 
0.000000 
0.000000 
0.000000 
0.000000 
0.000000 
0.000000 
0.000000 
0.000000 
0.000000 
0.000000 
0.000000 
0.000000 
0.000000 
0.000000 
0.000000 
0.000000 
0.000000 
0.000000 
0.000000 
0.000000 
0.000000 
0.000000 
0.000000 
0.000000 
0.000000 
0.000000 
0.000000 
0.000000 
0.000000 
0.000000 
0.000000 
0.000000 
0.000000 
0.000000 
0.000000 
0.000000 
0.000000 
0.000000 
0.000000 
0.000000 
0.000000 
0.000000 
0.000000 
0.000000 
0.000000 
0.000000 
0.000000 
0.000000 
0.000000 
0.000000 
0.000000 
0.000000 
0.000000 
0.000000 
0.000000 
0.000000 
0.000000 
0.000000 
0.000000 
0.000000 
0.000000 
0.000000 
0.000000 
0.000000 
0.000000 
0.000000 
0.000000 
0.000000 
0.000000 
0.000000 
0.000000 
0.000000 
0.000000 
0.000000 
0.000000 
0.000000 
0.000000 
0.000000 
0.000000 
0.000000 
0.000000 
0.000000 
0.000000 
0.000000 
0.000000 
0.000000 
0.000000 
0.000000 
0.000000 
0.000000 
0.000000 
0.000000 
0.000000 
0.000000 
0.000000 
0.000000 
0.000000 
0.000000 
0.000000 
0.000000 
0.000000 
0.000000 
0.000000 
0.000000 
0.000000 
0.000000 
0.000000 
0.000000 
0.000000 
0.000000 
0.000000 
0.000000 
0.000000 
0.000000 
0.000000 
0.000000 
0.000000 
0.000000 
0.000000 
0.005387 
0.020148 
0.031101 
0.037280 
0.032353 
0.031949 
0.029645 
0.022889 
0.024877 
0.025717 
0.037634 
0.060235 
0.077808 
0.088285 
0.090136 
0.097241 
0.125997 
0.133781 
0.133107 
0.135466 
0.141949 
0.118642 
0.168271 
0.139473 
0.174811 
0.177350 
0.161158 
0.246848 
0.225869 
0.202073 
0.167136 
0.223927 
0.201156 
0.158168 
0.171044 
0.219239 
0.215255 
0.277273 
0.289513 
0.276563 
0.271353 
0.181092 
0.148492 
0.108819 
0.064190 
0.002964 
0.000000 
0.000000 
0.000000 
0.000000 
0.000000 
0.026009 
0.113461 
0.115350 
0.151884 
0.139719 
0.215293 
0.193660 
0.193865 
0.171301 
0.190169 
0.233347 
0.205579 
0.180535 
0.240138 
0.228562 
0.252501 
0.190597 
0.205386 
0.149613 
0.175263 
0.238435 
0.237726 
0.203641 
0.219124 
0.250816 
0.249402 
0.242735 
0.232823 
0.209263 
0.197307 
0.118659 
0.133440 
0.118087 
0.143071 
0.190023 
0.232242 
0.230507 
0.292547 
0.248283 
0.196553 
0.090274 
0.015697 
0.000000 
0.000000 
0.000000 
0.000000 
0.000000 
0.000000 
0.000000 
0.000000 
0.000000 
0.015173 
0.096169 
0.173141 
0.190786 
0.244098 
0.261778 
0.340287 
0.284058 
0.275412 
0.340601 
0.360235 
0.314440 
0.329340 
0.333395 
0.307352 
0.367854 
0.357370 
0.277387 
0.397357 
0.366806 
0.361590 
0.367504 
0.357096 
0.397289 
0.369530 
0.309342 
0.330694 
0.390540 
0.311377 
0.405831 
0.372399 
0.351152 
0.365383 
0.449658 
0.410943 
0.408489 
0.367075 
0.401872 
0.369727 
0.361915 
0.403806 
0.446236 
0.455118 
0.391729 
0.386845 
0.393158 
0.462464 
0.396424 
0.368389 
0.421797 
0.469617 
0.455266 
0.487554 
0.445313 
0.397416 
0.418291 
0.448918 
0.484791 
0.461405 
0.513293 
0.474385 
0.480038 
0.478897 
0.460872 
0.486511 
0.391758 
0.445733 
0.331483 
0.403359 
0.479441 
0.518943 
0.539404 
0.408147 
0.279129 
0.245982 
0.162224 
0.120318 
0.118687 
0.147569 
0.188359 
0.280779 
0.261929 
0.334967 
0.329460 
0.469932 
0.383068 
0.613985 
0.677690 
0.500889 
0.486002 
0.478208 
0.388928 
0.338305 
0.367412 
0.285554 
0.254420 
0.218090 
0.166219 
0.092161 
0.091801 
0.040982 
0.040578 
0.090021 
0.222460 
0.401978 
0.421378 
0.563059 
0.590200 
0.521551 
0.552504 
0.529091 
0.461370 
0.439766 
0.364348 
0.266595 
0.193629 
0.173511 
0.230751 
0.300940 
0.475753 
0.575987 
0.703215 
0.570983 
0.536823 
0.548843 
0.514606 
0.431103 
0.523738 
0.414276 
0.524374 
0.442316 
0.380447 
0.472344 
0.445690 
0.573256 
0.570182 
0.647393 
0.637138 
0.531993 
0.408344 
0.384951 
0.292577 
0.223436 
0.092289 
0.000000 
0.000000 
0.000000 
0.000000 
0.000000 
0.000000 
0.000000 
0.000000 
0.000000 
0.002076 
0.153982 
0.293617 
0.401569 
0.446670 
0.534730 
0.490001 
0.525299 
0.628372 
0.603530 
0.509436 
0.522540 
0.625156 
0.564223 
0.643474 
0.624307 
0.569088 
0.644123 
0.640344 
0.631949 
0.615691 
0.656626 
0.535647 
0.503222 
0.488060 
0.615928 
0.622424 
0.563169 
0.531115 
0.498350 
0.327419 
0.092414 
0.000000 
0.000000 
0.000000 
0.000000 
0.000000 
0.029114 
0.063660 
0.092939 
0.126139 
0.158774 
0.205950 
0.211631 
0.220363 
0.101767 
0.060037 
0.004702 
0.000000 
0.004744 
0.057599 
0.154680 
0.226882 
0.237385 
0.347106 
0.454540 
0.413399 
0.443485 
0.391496 
0.413178 
0.283844 
0.159227 
0.058290 
0.017856 
0.023562 
0.031992 
0.044574 
0.039857 
0.049427 
0.042203 
0.029850 
0.012739 
0.000657 
0.000000 
0.002794 
0.020183 
0.046957 
0.078651 
0.109489 
0.127429 
0.150097 
0.182569 
0.180279 
0.237967 
0.256239 
0.433513 
0.462538 
0.511497 
0.508003 
0.599902 
0.559458 
0.520947 
0.474196 
0.428963 
0.404962 
0.258460 
0.138852 
0.040159 
0.000000 
0.000000 
0.000000 
0.000000 
0.000000 
0.000000 
0.000000 
0.000000 
0.046140 
0.132578 
0.211580 
0.325983 
0.441985 
0.580098 
0.594752 
0.668714 
0.572397 
0.699721 
0.600109 
0.598880 
0.578255 
0.692111 
0.664041 
0.655261 
0.503315 
0.547261 
0.532168 
0.645220 
0.460622 
0.445458 
0.664045 
0.566185 
0.451506 
0.573845 
0.596035 
0.497133 
0.488579 
0.530252 
0.629728 
0.596674 
0.723699 
0.625748 
0.680167 
0.626711 
0.666536 
0.525453 
0.627950 
0.723247 
0.640999 
0.568160 
0.595646 
0.437289 
0.476029 
0.420275 
0.420772 
0.322101 
0.340195 
0.447425 
0.438108 
0.505116 
0.479932 
0.438115 
0.439489 
0.552074 
0.576624 
0.654876 
0.535797 
0.582088 
0.548993 
0.522892 
0.506641 
0.502666 
0.665625 
0.553351 
0.602826 
0.659288 
0.588350 
0.486440 
0.394367 
0.379539 
0.341455 
0.274019 
0.310972 
0.252522 
0.219833 
0.210826 
0.239758 
0.280554 
0.501261 
0.534641 
0.524247 
0.551139 
0.511562 
0.533171 
0.610347 
0.540587 
0.504911 
0.487591 
0.399546 
0.442928 
0.476579 
0.433905 
0.502416 
0.546359 
0.558076 
0.551333 
0.535526 
0.508186 
0.412903 
0.397082 
0.410883 
0.406968 
0.427727 
0.395487 
0.369996 
0.398379 
0.410407 
0.398905 
0.333230 
0.322684 
0.321411 
0.366133 
0.302845 
0.383314 
0.449971 
0.396162 
0.408186 
0.422469 
0.437968 
0.375517 
0.454593 
0.379692 
0.281244 
0.158692 
0.069504 
0.018439 
0.004449 
0.000000 
0.000000 
0.000000 
0.000000 
0.000000 
0.000000 
0.000000 
0.000000 
0.000000 
0.000000 
0.000000 
0.000000 
0.000000 
0.012228 
0.035363 
0.065018 
0.122691 
0.175522 
0.211530 
0.203376 
0.331336 
0.355840 
0.412001 
0.453515 
0.429666 
0.421857 
0.382705 
0.306809 
0.277706 
0.259635 
0.281296 
0.189919 
0.141577 
0.160455 
0.140952 
0.114280 
0.143678 
0.129690 
0.111734 
0.115891 
0.156474 
0.169270 
0.156343 
0.205393 
0.314667 
0.291436 
0.448000 
0.407659 
0.441506 
0.471079 
0.422238 
0.401197 
0.462295 
0.401895 
0.412129 
0.330905 
0.263359 
0.249261 
0.202358 
0.251806 
0.229543 
0.212623 
0.162503 
0.185706 
0.233398 
0.204836 
0.207132 
0.245348 
0.280682 
0.265976 
0.213799 
0.320453 
0.290537 
0.295063 
0.297576 
0.327163 
0.289687 
0.301888 
0.338447 
0.299727 
0.278657 
0.239528 
0.180701 
0.152763 
0.168258 
0.209322 
0.236985 
0.256882 
0.250012 
0.276216 
0.267567 
0.129066 
0.143706 
0.110000 
0.123381 
0.146252 
0.119370 
0.158379 
0.170636 
0.157765 
0.163277 
0.143766 
0.130557 
0.122084 
0.117924 
0.127587 
0.120544 
0.136448 
0.110711 
0.119492 
0.116071 
0.096806 
0.079977 
0.070323 
0.063409 
0.058537 
0.043969 
0.033836 
0.018769 
0.014392 
0.006672 
0.000563 
0.000000 
0.000000 
0.000000 
0.000000 
0.000000 
0.000000 
0.000000 
0.000000 
0.000000 
0.000000 
0.000000 
0.000000 
0.000000 
0.000000 
0.000000 
0.000000 
0.000000 
0.000000 
0.000000 
0.000000 
0.000000 
0.000000 
0.000000 
0.000000 
0.000000 
0.000000 
0.000000 
0.000000 
0.000000 
0.000000 
0.002145 
0.005647 
0.007683 
0.015804 
0.017415 
0.023513 
0.020946 
0.023164 
0.026859 
0.025341 
0.034581 
0.027628 
0.025031 
0.027548 
0.026885 
0.022891 
0.023281 
0.027829 
0.033942 
0.041028 
0.062547 
0.051412 
0.069635 
0.065258 
0.067957 
0.071976 
0.049036 
0.097133 
0.118667 
0.169708 
0.241560 
0.201673 
0.208806 
0.220938 
0.201332 
0.187990 
0.177152 
0.185705 
0.147329 
0.127082 
0.090909 
0.100997 
0.071873 
0.078987 
0.085890 
0.083572 
0.072067 
0.060793 
0.057521 
0.038858 
0.027035 
0.019041 
0.015055 
0.009742 
0.006088 
0.002626 
0.000245 
0.000000 
0.000000 
0.000000 
0.000000 
0.000000 
0.000000 
0.000000 
0.000000 
0.002061 
0.002834 
0.002356 
0.001143 
0.000000 
0.000000 
0.000000 
0.000000 
0.000000 
0.000000 
0.000000 
0.000000 
0.000000 
0.000000 
0.001266 
0.003792 
0.003974 
0.003868 
0.002102 
0.000301 
0.000000 
0.000000 
0.000000 
0.000000 
0.000000 
0.000000 
0.000000 
0.000000 
0.000000 
0.000000 
0.000000 
0.000000 
0.000000 
0.000000 
0.000000 
0.000000 
0.000000 
0.000000 
0.000000 
0.000000 
0.000000 
0.000000 
0.000000 
0.000000 
0.000000 
0.000000 
0.000000 
0.000000 
0.000000 
0.000000 
0.000000 
0.000000 
0.000000 
0.000000 
0.000000 
0.000000 
0.000000 
0.000000 
0.000000 
0.000000 
0.000000 
0.000000 
0.000000 
0.000000 
0.000000 
0.000000 
0.000000 
0.000000 
0.000000 
0.000000 
0.000000 
0.000000 
0.000000 
0.000000 
0.000000 
0.000000 
0.000000 
0.000000 
0.000000 
0.000000 
0.000000 
0.000000 
0.000000 
0.000000 
0.000000 
0.000000 
0.000000 
0.000000 
0.000000 
0.000000 
0.000000 
0.000000 
0.000000 
0.000000 
0.000000 
0.000000 
0.000000 
0.000000 
0.000000 
0.000000 
0.000000 
0.000000 
0.000000 
0.000000 
0.000000 
0.000000 
0.000000 
0.000000 
0.000000 
0.000000 
0.000000 
0.000000 
0.000000 
0.000000 
0.000000 
0.000000 
0.000000 
0.000000 
0.000000 
0.000000 
0.000000 
0.000000 
0.000000 
0.000000 
0.000000 
0.000000 
0.000000 
0.000000 
0.000000 
0.000000 
0.000000 
0.000000 
0.000000 
0.000000 
0.000000 
0.000000 
0.000000 
0.000000 
0.000000 
0.000000 
0.000000 
0.000000 
0.000000 
0.000000 
0.000000 
0.000000 
0.000000 
0.000000 
0.000000 
0.000000 
0.000000 
0.000000 
0.000000 
0.000000 
0.000000 
0.000000 
0.000000 
0.000000 
0.000000 
0.000000 
0.000000 
0.000000 
0.000000 
0.000000 
0.000000 
0.000000 
0.000000 
0.000000 
0.000000 
0.000000 
0.000000 
0.000000 
0.000000 
0.000000 
0.000000 
0.000000 
0.000000 
0.000000 
0.000000 
0.000000 
0.000000 
0.000000 
0.000000 
0.000000 
0.000000 
0.000000 
0.000000 
0.000000 
0.000000 
0.000000 
0.000000 
0.000000 
0.000000 
0.000000 
0.000000 
0.000000 
0.000000 
0.000000 
0.000000 
0.000000 
0.000000 
0.000000 
0.000000 
0.000000 
0.000000 
0.000000 
0.000000 
0.000000 
0.000000 
0.000000 
0.000000 
0.000000 
0.000000 
0.000000 
0.000000 
0.000000 
0.000000 
0.000000 
0.000000 
0.000000 
0.000000 
0.000000 
0.000000 
0.000000 
0.000000 
0.000000 
0.000000 
0.000000 
0.000000 
0.000000 
0.000000 
0.000000 
0.000000 
0.000000 
0.000000 
0.000000 
0.000000 
0.000000 
0.000000 
0.000000 
0.000000 
0.000000 
0.000000 
0.000000 
0.000000 
0.000000 
0.000000 
0.000000 
0.000000 
0.000000 
0.000000 
0.000000 
0.000000 
0.000000 
0.000000 
0.000000 
0.000000 
0.000000 
0.000000 
0.000000 
0.000000 
0.000000 
0.000000 
0.000000 
0.000000 
0.000000 
0.000000 
0.000000 
0.000000 
0.000000 
0.000000 
0.000000 
0.000000 
0.000000 
0.000000 
0.000000 
0.000000 
0.000000 
0.000000 
0.000000 
0.000000 
0.000000 
0.000000 
0.000000 
0.000000 
0.000000 
0.000000 
0.000000 
0.000000 
0.000000 
0.000000 
0.000000 
0.000000 
0.000000 
0.000000 
0.000000 
0.000000 
0.000000 
0.000000 
0.000000 
0.000000 
0.000000 
0.000000 
0.000000 
0.000000 
0.000000 
0.000000 
0.000000 
0.000000 
0.000000 
0.000000 
0.000000 
