0.054667 
0.054667 
0.054667 
0.054667 
0.054667 
0.054667 
0.054667 
0.054667 
0.054667 
0.054667 
0.054667 
0.054667 
0.054667 
0.054667 
0.054667 
0.054667 
0.054667 
0.054667 
0.054667 
0.054667 
0.054667 
0.054667 
0.054667 
0.054667 
0.054667 
0.054667 
0.054667 
0.054667 
0.054667 
0.054667 
0.054667 
0.054667 
0.054667 
0.054667 
0.054667 
0.054667 
0.054667 
0.054667 
0.054667 
0.054667 
0.054667 
0.054667 
0.054667 
0.054667 
0.054667 
0.054667 
0.054667 
0.054667 
0.054667 
0.054667 
0.054667 
0.054667 
0.054667 
0.054667 
0.054667 
0.054667 
0.054667 
0.054667 
0.054667 
0.054667 
0.054667 
0.054667 
0.054667 
0.054667 
0.054667 
0.054667 
0.054667 
0.054667 
0.054667 
0.054667 
0.054667 
0.054667 
0.054667 
0.054667 
0.054667 
0.054667 
0.054667 
0.054667 
0.054667 
0.054667 
0.054667 
0.054667 
0.054667 
0.054667 
0.054667 
0.054667 
0.054667 
0.054667 
0.054667 
0.054667 
0.054667 
0.054667 
0.054667 
0.054667 
0.054667 
0.054667 
0.054667 
0.054667 
0.054667 
0.054667 
0.054667 
0.054667 
0.054667 
0.054667 
0.054667 
0.054667 
0.054667 
0.054667 
0.054667 
0.054667 
0.054667 
0.054667 
0.054667 
0.054667 
0.054667 
0.060614 
0.076137 
0.097751 
0.121978 
0.145333 
0.173404 
0.208873 
0.243906 
0.270671 
0.281333 
0.281333 
0.281333 
0.281333 
0.281333 
0.281333 
0.281333 
0.281333 
0.281333 
0.281333 
0.281333 
0.281333 
0.281333 
0.281333 
0.281333 
0.281333 
0.257760 
0.201547 
0.134453 
0.078240 
0.054667 
0.054667 
0.054667 
0.054667 
0.054667 
0.054667 
0.054667 
0.054667 
0.054667 
0.054667 
0.054667 
0.054667 
0.054667 
0.054667 
0.054667 
0.054667 
0.054667 
0.054667 
0.054667 
0.054667 
0.054667 
0.054667 
0.054667 
0.054667 
0.054667 
0.054667 
0.054667 
0.054667 
0.054667 
0.054667 
0.054667 
0.054667 
0.054667 
0.054667 
0.054667 
0.054667 
0.054667 
0.054667 
0.054667 
0.054667 
0.054667 
0.054667 
0.054667 
0.054667 
0.054667 
0.054667 
0.054667 
0.054667 
0.054667 
0.054667 
0.054667 
0.054667 
0.054667 
0.054667 
0.054667 
0.054667 
0.054667 
0.054667 
0.054667 
0.054667 
0.054667 
0.054667 
0.054667 
0.054667 
0.054667 
0.054667 
0.054667 
0.054667 
0.054667 
0.054667 
0.054667 
0.057060 
0.063661 
0.073598 
0.086001 
0.100000 
0.128143 
0.174274 
0.224467 
0.264796 
0.281333 
0.281333 
0.281333 
0.281333 
0.281333 
0.281333 
0.281333 
0.281333 
0.281333 
0.281333 
0.281333 
0.281333 
0.281333 
0.281333 
0.281333 
0.281333 
0.264796 
0.224467 
0.174274 
0.128143 
0.100000 
0.086001 
0.073598 
0.063661 
0.057060 
0.054667 
0.054667 
0.054667 
0.054667 
0.054667 
0.054667 
0.054667 
0.054667 
0.054667 
0.054667 
0.054667 
0.054667 
0.054667 
0.054667 
0.054667 
0.054667 
0.054667 
0.054667 
0.054667 
0.054667 
0.054667 
0.054667 
0.054667 
0.054667 
0.054667 
0.054667 
0.054667 
0.054667 
0.054667 
0.054667 
0.054667 
0.054667 
0.054667 
0.054667 
0.054667 
0.054667 
0.054667 
0.054667 
0.054667 
0.054667 
0.054667 
0.054667 
0.054667 
0.054667 
0.054667 
0.054667 
0.054667 
0.054667 
0.054667 
0.054667 
0.054667 
0.054667 
0.054667 
0.054667 
0.054667 
0.054667 
0.054667 
0.054667 
0.054667 
0.054667 
0.054667 
0.065329 
0.092094 
0.127127 
0.162596 
0.190667 
0.214022 
0.238249 
0.259863 
0.275386 
0.281333 
0.281333 
0.281333 
0.281333 
0.281333 
0.281333 
0.281333 
0.281333 
0.281333 
0.281333 
0.281333 
0.278940 
0.272339 
0.262402 
0.249999 
0.236000 
0.207857 
0.161726 
0.111533 
0.071204 
0.054667 
0.054667 
0.054667 
0.054667 
0.054667 
0.054667 
0.054667 
0.054667 
0.054667 
0.054667 
0.054667 
0.054667 
0.054667 
0.054667 
0.054667 
0.054667 
0.054667 
0.054667 
0.054667 
0.054667 
0.054667 
0.054667 
0.054667 
0.054667 
0.054667 
0.054667 
0.054667 
0.054667 
0.054667 
0.054667 
0.054667 
0.054667 
0.054667 
0.054667 
0.054667 
0.054667 
0.054667 
0.054667 
0.054667 
0.054667 
0.054667 
0.071204 
0.111533 
0.161726 
0.207857 
0.236000 
0.249999 
0.262402 
0.272339 
0.278940 
0.281333 
0.281333 
0.281333 
0.281333 
0.281333 
0.281333 
0.281333 
0.281333 
0.281333 
0.281333 
0.281333 
0.275386 
0.259863 
0.238249 
0.214022 
0.190667 
0.162596 
0.127127 
0.092094 
0.065329 
0.054667 
0.054667 
0.054667 
0.054667 
0.054667 
0.054667 
0.054667 
0.054667 
0.054667 
0.054667 
0.054667 
0.054667 
0.054667 
0.054667 
0.054667 
0.054667 
0.054667 
0.054667 
0.054667 
0.054667 
0.054667 
0.054667 
0.054667 
0.054667 
0.054667 
0.054667 
0.054667 
0.054667 
0.054667 
0.054667 
0.054667 
0.054667 
0.054667 
0.054667 
0.054667 
0.054667 
0.054667 
0.054667 
0.054667 
0.054667 
0.054667 
0.054667 
0.054667 
0.054667 
0.054667 
0.054667 
0.054667 
0.054667 
0.054667 
0.054667 
0.054667 
0.065329 
0.092094 
0.127127 
0.162596 
0.190667 
0.214022 
0.238249 
0.259863 
0.275386 
0.281333 
0.281333 
0.281333 
0.281333 
0.281333 
0.281333 
0.281333 
0.281333 
0.281333 
0.281333 
0.281333 
0.278940 
0.272339 
0.262402 
0.249999 
0.236000 
0.207857 
0.161726 
0.111533 
0.071204 
0.054667 
0.054667 
0.054667 
0.054667 
0.054667 
0.054667 
0.054667 
0.054667 
0.054667 
0.054667 
0.054667 
0.054667 
0.054667 
0.054667 
0.054667 
0.054667 
0.054667 
0.054667 
0.054667 
0.054667 
0.054667 
0.054667 
0.054667 
0.054667 
0.054667 
0.054667 
0.054667 
0.054667 
0.054667 
0.054667 
0.054667 
0.054667 
0.054667 
0.054667 
0.054667 
0.054667 
0.054667 
0.054667 
0.054667 
0.054667 
0.054667 
0.054667 
0.054667 
0.054667 
0.054667 
0.054667 
0.054667 
0.054667 
0.054667 
0.054667 
0.054667 
0.054667 
0.054667 
0.054667 
0.054667 
0.054667 
0.054667 
0.054667 
0.054667 
0.054667 
0.054667 
0.054667 
0.054667 
0.054667 
0.054667 
0.054667 
0.054667 
0.054667 
0.054667 
0.054667 
0.054667 
0.054667 
0.054667 
0.054667 
0.054667 
0.054667 
0.065329 
0.092094 
0.127127 
0.162596 
0.190667 
0.214022 
0.238249 
0.259863 
0.275386 
0.281333 
0.281333 
0.281333 
0.281333 
0.281333 
0.281333 
0.281333 
0.281333 
0.281333 
0.281333 
0.281333 
0.278940 
0.272339 
0.262402 
0.249999 
0.236000 
0.207857 
0.161726 
0.111533 
0.071204 
0.054667 
0.054667 
0.054667 
0.054667 
0.054667 
0.054667 
0.054667 
0.054667 
0.054667 
0.054667 
0.054667 
0.054667 
0.054667 
0.054667 
0.054667 
0.054667 
0.054667 
0.054667 
0.054667 
0.054667 
0.054667 
0.054667 
0.054667 
0.054667 
0.054667 
0.054667 
0.054667 
0.054667 
0.054667 
0.054667 
0.054667 
0.054667 
0.054667 
0.054667 
0.054667 
0.054667 
0.060614 
0.076137 
0.097751 
0.121978 
0.145333 
0.173404 
0.208873 
0.243906 
0.270671 
0.281333 
0.281333 
0.281333 
0.281333 
0.281333 
0.281333 
0.281333 
0.281333 
0.281333 
0.281333 
0.281333 
0.281333 
0.281333 
0.281333 
0.281333 
0.281333 
0.257760 
0.201547 
0.134453 
0.078240 
0.054667 
0.054667 
0.054667 
0.054667 
0.054667 
0.054667 
0.054667 
0.054667 
0.054667 
0.054667 
0.054667 
0.054667 
0.054667 
0.054667 
0.054667 
0.054667 
0.054667 
0.054667 
0.054667 
0.054667 
0.054667 
0.054667 
0.054667 
0.054667 
0.054667 
0.054667 
0.054667 
0.054667 
0.054667 
0.054667 
0.054667 
0.054667 
0.054667 
0.054667 
0.054667 
0.054667 
0.054667 
0.054667 
0.054667 
0.054667 
0.054667 
0.054667 
0.054667 
0.054667 
0.054667 
0.054667 
0.054667 
0.054667 
0.054667 
0.054667 
0.054667 
0.054667 
0.054667 
0.054667 
0.054667 
0.054667 
0.054667 
0.054667 
0.054667 
0.054667 
0.054667 
0.054667 
0.054667 
0.054667 
0.054667 
0.054667 
0.054667 
0.054667 
0.054667 
0.054667 
0.054667 
0.054667 
0.054667 
0.054667 
0.054667 
0.054667 
0.060614 
0.076137 
0.097751 
0.121978 
0.145333 
0.173404 
0.208873 
0.243906 
0.270671 
0.281333 
0.281333 
0.281333 
0.281333 
0.281333 
0.281333 
0.281333 
0.281333 
0.281333 
0.281333 
0.281333 
0.281333 
0.281333 
0.281333 
0.281333 
0.281333 
0.257760 
0.201547 
0.134453 
0.078240 
0.054667 
0.054667 
0.054667 
0.054667 
0.054667 
0.054667 
0.054667 
0.054667 
0.054667 
0.054667 
0.054667 
0.054667 
0.054667 
0.054667 
0.054667 
0.054667 
0.054667 
0.054667 
0.054667 
0.054667 
0.054667 
0.054667 
0.054667 
0.054667 
0.054667 
0.054667 
0.054667 
0.054667 
0.054667 
0.054667 
0.054667 
0.054667 
0.054667 
0.054667 
0.054667 
0.054667 
0.054667 
0.054667 
0.054667 
0.054667 
0.054667 
0.054667 
0.054667 
0.054667 
0.054667 
0.054667 
0.057060 
0.063661 
0.073598 
0.086001 
0.100000 
0.128143 
0.174274 
0.224467 
0.264796 
0.281333 
0.281333 
0.281333 
0.281333 
0.281333 
0.281333 
0.281333 
0.281333 
0.281333 
0.281333 
0.281333 
0.281333 
0.281333 
0.281333 
0.281333 
0.281333 
0.264796 
0.224467 
0.174274 
0.128143 
0.100000 
0.086001 
0.073598 
0.063661 
0.057060 
0.054667 
0.054667 
0.054667 
0.054667 
0.054667 
0.054667 
0.054667 
0.054667 
0.054667 
0.054667 
0.054667 
0.054667 
0.054667 
0.054667 
0.054667 
0.054667 
0.054667 
0.054667 
0.054667 
0.054667 
0.054667 
0.054667 
0.054667 
0.054667 
0.054667 
0.054667 
0.054667 
0.054667 
0.054667 
0.054667 
0.054667 
0.054667 
0.054667 
0.054667 
0.054667 
0.054667 
0.054667 
0.054667 
0.054667 
0.054667 
0.054667 
0.071204 
0.111533 
0.161726 
0.207857 
0.236000 
0.249999 
0.262402 
0.272339 
0.278940 
0.281333 
0.281333 
0.281333 
0.281333 
0.281333 
0.281333 
0.295819 
0.331736 
0.377769 
0.422606 
0.454933 
0.477748 
0.499902 
0.518861 
0.532093 
0.537067 
0.522673 
0.488350 
0.447383 
0.413060 
0.398667 
0.398667 
0.398667 
0.398667 
0.398667 
0.398667 
0.362891 
0.277579 
0.175755 
0.090443 
0.054667 
0.054667 
0.054667 
0.054667 
0.054667 
0.054667 
0.054667 
0.054667 
0.054667 
0.054667 
0.054667 
0.054667 
0.054667 
0.054667 
0.054667 
0.054667 
0.054667 
0.054667 
0.054667 
0.054667 
0.054667 
0.054667 
0.054667 
0.054667 
0.054667 
0.054667 
0.071584 
0.111925 
0.160075 
0.200416 
0.217333 
0.217333 
0.217333 
0.217333 
0.217333 
0.217333 
0.216695 
0.215174 
0.213359 
0.211838 
0.211200 
0.213352 
0.219128 
0.227508 
0.237472 
0.248000 
0.264130 
0.287453 
0.311778 
0.330913 
0.338667 
0.338667 
0.338667 
0.338667 
0.338667 
0.338667 
0.338667 
0.338667 
0.338667 
0.338667 
0.338667 
0.344823 
0.359505 
0.377028 
0.391710 
0.397867 
0.395935 
0.391090 
0.384758 
0.378364 
0.373333 
0.369190 
0.364912 
0.361106 
0.358378 
0.357333 
0.429967 
0.603170 
0.809897 
0.983100 
1.055733 
0.990449 
0.834771 
0.648962 
0.493284 
0.428000 
0.440757 
0.471179 
0.507488 
0.537909 
0.550667 
0.550069 
0.548448 
0.546059 
0.543157 
0.540000 
0.536058 
0.530733 
0.524179 
0.516550 
0.508000 
0.494500 
0.475266 
0.455315 
0.439665 
0.433333 
0.434997 
0.438965 
0.443701 
0.447669 
0.449333 
0.446005 
0.438069 
0.428597 
0.420661 
0.417333 
0.426833 
0.451559 
0.485856 
0.524066 
0.560533 
0.603407 
0.656894 
0.709424 
0.749428 
0.765333 
0.765333 
0.765333 
0.765333 
0.765333 
0.765333 
0.760341 
0.748437 
0.734229 
0.722325 
0.717333 
0.717611 
0.718272 
0.719061 
0.719723 
0.720000 
0.703915 
0.665557 
0.619776 
0.581419 
0.565333 
0.600185 
0.689345 
0.809719 
0.938213 
1.051733 
1.166363 
1.297502 
1.421033 
1.512839 
1.548800 
1.435426 
1.165073 
0.842394 
0.572041 
0.458667 
0.458667 
0.458667 
0.458667 
0.458667 
0.458667 
0.459861 
0.463104 
0.467883 
0.473685 
0.480000 
0.489728 
0.504064 
0.519936 
0.534272 
0.544000 
0.550315 
0.556117 
0.560896 
0.564139 
0.565333 
0.558622 
0.541776 
0.519726 
0.497401 
0.479733 
0.466027 
0.452766 
0.440652 
0.430385 
0.422667 
0.416473 
0.410685 
0.405861 
0.402558 
0.401333 
0.402899 
0.407311 
0.414139 
0.422956 
0.433333 
0.458546 
0.503647 
0.555875 
0.602469 
0.630667 
0.644819 
0.657241 
0.667121 
0.673645 
0.676000 
0.670453 
0.657227 
0.641440 
0.628213 
0.622667 
0.622667 
0.622667 
0.622667 
0.622667 
0.622667 
0.617244 
0.603091 
0.583383 
0.561295 
0.540000 
0.514406 
0.482067 
0.450125 
0.425722 
0.416000 
0.419328 
0.427264 
0.436736 
0.444672 
0.448000 
0.448000 
0.448000 
0.448000 
0.448000 
0.448000 
0.447445 
0.446123 
0.444544 
0.443221 
0.442667 
0.442667 
0.442667 
0.442667 
0.442667 
0.442667 
0.457574 
0.494086 
0.539892 
0.582679 
0.610133 
0.625496 
0.639449 
0.650840 
0.658518 
0.661333 
0.661333 
0.661333 
0.661333 
0.661333 
0.661333 
0.662915 
0.667251 
0.673730 
0.681739 
0.690667 
0.707526 
0.734449 
0.763503 
0.786753 
0.796267 
0.783547 
0.753031 
0.716181 
0.684461 
0.669333 
0.666575 
0.664350 
0.662704 
0.661684 
0.661333 
0.676503 
0.712678 
0.755855 
0.792030 
0.807200 
0.794916 
0.764033 
0.723506 
0.682288 
0.649333 
0.621426 
0.592244 
0.566083 
0.547237 
0.540000 
0.552984 
0.584073 
0.621469 
0.653377 
0.668000 
0.669537 
0.670368 
0.670964 
0.671795 
0.673333 
0.686513 
0.715619 
0.751148 
0.783598 
0.803467 
0.811917 
0.817628 
0.822366 
0.827900 
0.836000 
0.851357 
0.874371 
0.900373 
0.924694 
0.942667 
0.954378 
0.963830 
0.972227 
0.980772 
0.990667 
1.004344 
1.021094 
1.037405 
1.049766 
1.054667 
1.040245 
1.005856 
0.964811 
0.930421 
0.916000 
0.937440 
0.991415 
1.062402 
1.134882 
1.193333 
1.238884 
1.282405 
1.322991 
1.359735 
1.391733 
1.418732 
1.442191 
1.463778 
1.485159 
1.508000 
1.536475 
1.569488 
1.600796 
1.624159 
1.633333 
1.604670 
1.534118 
1.444830 
1.359961 
1.302667 
1.267910 
1.236437 
1.210076 
1.190654 
1.180000 
1.175678 
1.173187 
1.171258 
1.168619 
1.164000 
1.137502 
1.081238 
1.011956 
0.946405 
0.901333 
0.872959 
0.847258 
0.825609 
0.809396 
0.800000 
0.795618 
0.792846 
0.790665 
0.788056 
0.784000 
0.774067 
0.757786 
0.740070 
0.725837 
0.720000 
0.774191 
0.903415 
1.057651 
1.186876 
1.241067 
1.168017 
0.993822 
0.785911 
0.611716 
0.538667 
0.541380 
0.549365 
0.562394 
0.580238 
0.602667 
0.790164 
1.201633 
1.684474 
2.086085 
2.253867 
2.086142 
1.685284 
1.204769 
0.798071 
0.618667 
0.605440 
0.595013 
0.587467 
0.582880 
0.581333 
0.588877 
0.606865 
0.628335 
0.646323 
0.653867 
0.646323 
0.628335 
0.606865 
0.588877 
0.581333 
0.581333 
0.581333 
0.581333 
0.581333 
0.581333 
0.585225 
0.594714 
0.606524 
0.617378 
0.624000 
0.626661 
0.628313 
0.629702 
0.631571 
0.634667 
0.649072 
0.678575 
0.714476 
0.748073 
0.770667 
0.784741 
0.797780 
0.808582 
0.815945 
0.818667 
0.817557 
0.814912 
0.811755 
0.809109 
0.808000 
0.808000 
0.808000 
0.808000 
0.808000 
0.808000 
0.805587 
0.798947 
0.788980 
0.776587 
0.762667 
0.735379 
0.691110 
0.643097 
0.604581 
0.588800 
0.590030 
0.593683 
0.599709 
0.608054 
0.618667 
0.793461 
1.193315 
1.666626 
2.061789 
2.227200 
2.057139 
1.651610 
1.167590 
0.762061 
0.592000 
0.762061 
1.167590 
1.651610 
2.057139 
2.227200 
2.227200 
2.227200 
2.227200 
2.227200 
2.227200 
2.001257 
1.462468 
0.819398 
0.280610 
0.054667 
0.054667 
0.054667 
0.054667 
0.054667 
0.054667 
