0.000000 
0.000000 
0.000000 
0.000000 
0.000000 
0.000000 
0.000000 
0.000000 
0.000000 
0.000000 
0.000000 
0.000000 
0.000000 
0.000000 
0.000000 
0.000000 
0.000000 
0.000000 
0.000000 
0.000000 
0.000000 
0.000000 
0.000000 
0.000000 
0.000000 
0.000000 
0.000000 
0.000000 
0.000000 
0.000000 
0.000000 
0.000000 
0.000000 
0.000000 
0.000000 
0.000000 
0.000000 
0.000000 
0.000000 
0.000000 
0.000000 
0.000000 
0.000000 
0.000000 
0.000000 
0.000000 
0.000000 
0.000000 
0.000000 
0.000000 
0.000000 
0.000000 
0.000000 
0.000000 
0.000000 
0.000000 
0.000000 
0.000000 
0.000000 
0.000000 
0.000000 
0.000000 
0.000000 
0.000000 
0.000000 
0.000000 
0.000000 
0.000000 
0.000000 
0.000000 
0.000000 
0.000000 
0.000000 
0.000000 
0.000000 
0.000000 
0.000000 
0.000000 
0.000000 
0.000000 
0.000000 
0.000000 
0.000000 
0.000000 
0.000000 
0.000000 
0.000000 
0.000000 
0.000000 
0.000000 
0.000000 
0.000000 
0.000000 
0.000000 
0.000000 
0.000000 
0.000000 
0.000000 
0.000000 
0.000000 
0.000000 
0.000000 
0.000000 
0.000000 
0.000000 
0.000000 
0.000000 
0.000000 
0.000000 
0.000000 
0.000000 
0.000000 
0.000000 
0.000000 
0.000000 
0.000000 
0.000000 
0.000000 
0.000000 
0.000000 
0.000000 
0.000000 
0.000000 
0.000000 
0.000000 
0.000000 
0.000000 
0.000000 
0.000000 
0.000000 
0.000000 
0.000000 
0.000000 
0.000000 
0.000000 
0.000000 
0.000000 
0.000000 
0.000000 
0.000000 
0.000000 
0.000000 
0.000000 
0.000000 
0.000000 
0.000000 
0.000000 
0.000000 
0.000000 
0.000000 
0.000000 
0.000000 
0.000000 
0.000000 
0.000000 
0.000000 
0.000000 
0.000000 
0.000000 
0.000000 
0.000000 
0.000000 
0.000000 
0.000000 
0.000000 
0.000000 
0.000000 
0.000000 
0.000000 
0.000000 
0.000000 
0.000000 
0.000000 
0.000000 
0.000000 
0.000000 
0.000000 
0.000000 
0.000000 
0.000000 
0.000000 
0.000000 
0.000000 
0.000000 
0.000000 
0.000000 
0.000000 
0.000000 
0.000000 
0.000000 
0.000000 
0.000000 
0.000000 
0.000000 
0.000000 
0.000000 
0.000000 
0.000000 
0.000000 
0.000000 
0.000000 
0.000000 
0.000000 
0.000000 
0.000000 
0.000000 
0.000000 
0.000000 
0.000000 
0.000000 
0.000000 
0.000000 
0.000000 
0.000000 
0.000000 
0.000000 
0.000000 
0.000000 
0.000000 
0.000000 
0.000000 
0.000000 
0.000000 
0.000000 
0.000000 
0.000000 
0.000000 
0.000000 
0.000000 
0.000000 
0.000000 
0.000000 
0.000000 
0.000000 
0.000000 
0.000000 
0.000000 
0.000000 
0.000000 
0.000000 
0.000000 
0.000000 
0.000000 
0.000000 
0.000000 
0.000000 
0.000000 
0.000000 
0.000000 
0.000000 
0.000000 
0.000000 
0.000000 
0.000000 
0.000000 
0.000000 
0.000000 
0.000000 
0.000000 
0.000000 
0.000000 
0.000000 
0.000000 
0.000000 
0.000000 
0.000000 
0.000000 
0.000000 
0.000000 
0.000000 
0.000000 
0.000000 
0.000000 
0.000000 
0.000000 
0.000000 
0.000000 
0.000000 
0.000000 
0.000000 
0.000000 
0.000000 
0.000000 
0.000000 
0.000000 
0.000000 
0.000000 
0.000000 
0.000000 
0.000000 
0.000000 
0.000000 
0.000000 
0.000000 
0.000000 
0.000000 
0.000000 
0.000000 
0.000000 
0.000000 
0.000000 
0.000000 
0.000000 
0.000000 
0.000000 
0.000000 
0.000000 
0.000000 
0.000000 
0.000000 
0.000000 
0.000000 
0.000000 
0.000000 
0.000000 
0.000000 
0.000000 
0.000000 
0.000000 
0.000000 
0.000000 
0.000000 
0.000000 
0.000000 
0.000000 
0.000000 
0.000000 
0.000000 
0.000000 
0.000000 
0.000000 
0.000000 
0.000000 
0.000000 
0.000000 
0.000000 
0.000000 
0.000000 
0.000000 
0.000000 
0.000000 
0.000000 
0.000000 
0.000000 
0.000000 
0.000000 
0.000000 
0.000000 
0.000000 
0.000000 
0.000000 
0.000000 
0.000000 
0.000000 
0.000000 
0.000000 
0.000000 
0.000000 
0.000000 
0.000000 
0.000000 
0.000000 
0.000000 
0.000000 
0.000000 
0.000000 
0.000000 
0.000000 
0.000000 
0.000000 
0.000000 
0.000000 
0.000000 
0.000000 
0.000000 
0.000000 
0.000000 
0.000000 
0.000000 
0.000000 
0.000000 
0.000000 
0.000000 
0.000000 
0.000000 
0.000000 
0.000000 
0.000000 
0.000000 
0.000000 
0.000000 
0.000000 
0.000000 
0.000000 
0.000000 
0.000000 
0.000000 
0.000000 
0.000000 
0.000000 
0.000000 
0.000000 
0.000000 
0.000000 
0.000000 
0.000000 
0.000000 
0.000000 
0.000000 
0.000000 
0.000000 
0.000000 
0.000000 
0.000000 
0.000000 
0.000000 
0.000000 
0.000000 
0.000000 
0.000000 
0.000000 
0.002935 
0.012474 
0.019013 
0.021205 
0.019762 
0.018833 
0.016735 
0.016275 
0.015866 
0.019690 
0.022008 
0.034744 
0.052195 
0.052393 
0.050789 
0.064085 
0.069889 
0.093245 
0.076863 
0.087033 
0.081059 
0.075053 
0.092690 
0.108200 
0.094352 
0.096311 
0.132234 
0.118937 
0.118524 
0.137149 
0.131906 
0.150916 
0.096633 
0.119074 
0.145185 
0.156490 
0.132396 
0.165722 
0.118595 
0.142198 
0.115419 
0.125863 
0.108150 
0.078512 
0.045095 
0.001757 
0.000000 
0.000000 
0.000000 
0.000000 
0.000000 
0.015486 
0.066495 
0.087113 
0.104264 
0.099030 
0.099651 
0.124999 
0.154773 
0.121253 
0.111796 
0.125081 
0.100745 
0.154069 
0.143676 
0.122034 
0.151016 
0.131475 
0.150269 
0.124402 
0.112372 
0.136459 
0.152869 
0.128520 
0.135489 
0.130110 
0.134692 
0.152624 
0.163119 
0.118611 
0.123616 
0.094092 
0.076743 
0.072962 
0.064348 
0.123081 
0.151533 
0.174194 
0.201274 
0.156579 
0.110416 
0.057302 
0.009403 
0.000000 
0.000000 
0.000000 
0.000000 
0.000000 
0.000000 
0.000000 
0.000000 
0.000000 
0.009772 
0.056989 
0.076348 
0.147834 
0.126945 
0.191344 
0.192712 
0.201437 
0.238207 
0.251216 
0.215983 
0.180623 
0.205778 
0.231026 
0.184484 
0.231342 
0.200884 
0.216642 
0.200765 
0.234378 
0.238498 
0.221947 
0.196138 
0.254014 
0.232002 
0.216197 
0.230813 
0.195389 
0.205783 
0.239803 
0.208167 
0.225692 
0.235492 
0.253622 
0.214597 
0.258168 
0.204706 
0.276087 
0.256961 
0.237606 
0.250356 
0.275070 
0.263510 
0.207028 
0.259443 
0.236729 
0.229490 
0.244633 
0.242172 
0.284889 
0.281559 
0.257358 
0.218019 
0.219106 
0.294157 
0.271784 
0.297573 
0.327405 
0.278812 
0.341404 
0.261439 
0.246668 
0.291761 
0.234257 
0.292572 
0.238444 
0.217552 
0.288039 
0.275638 
0.309975 
0.286505 
0.316992 
0.352207 
0.242067 
0.144987 
0.106032 
0.084780 
0.076631 
0.076840 
0.116144 
0.149884 
0.178871 
0.200519 
0.241539 
0.308310 
0.294933 
0.285320 
0.326303 
0.381715 
0.284560 
0.298409 
0.231919 
0.250275 
0.241233 
0.181043 
0.130125 
0.122843 
0.085492 
0.078549 
0.050300 
0.031911 
0.022688 
0.058729 
0.151402 
0.241858 
0.324587 
0.415835 
0.322464 
0.332756 
0.292187 
0.345166 
0.302333 
0.248798 
0.222936 
0.173590 
0.144523 
0.105816 
0.142136 
0.161374 
0.288420 
0.342722 
0.435605 
0.365689 
0.415755 
0.338532 
0.340193 
0.273564 
0.324342 
0.313981 
0.273655 
0.263675 
0.241238 
0.316537 
0.297886 
0.283188 
0.374493 
0.321369 
0.368781 
0.309466 
0.276819 
0.210496 
0.162647 
0.130913 
0.046964 
0.000000 
0.000000 
0.000000 
0.000000 
0.000000 
0.000000 
0.000000 
0.000000 
0.000000 
0.001364 
0.104609 
0.202182 
0.284605 
0.322665 
0.299966 
0.316363 
0.374770 
0.389227 
0.351032 
0.387070 
0.327096 
0.376081 
0.396937 
0.390835 
0.341554 
0.379309 
0.364666 
0.404304 
0.379497 
0.402616 
0.382869 
0.389705 
0.340536 
0.376214 
0.325935 
0.351244 
0.300301 
0.380436 
0.197892 
0.229072 
0.067443 
0.000000 
0.000000 
0.000000 
0.000000 
0.000000 
0.014821 
0.034134 
0.058254 
0.088143 
0.099433 
0.094038 
0.103770 
0.115003 
0.060803 
0.031319 
0.002918 
0.000000 
0.003321 
0.032179 
0.087318 
0.146587 
0.174146 
0.205007 
0.197501 
0.240440 
0.202713 
0.307391 
0.222045 
0.151170 
0.090709 
0.037043 
0.012228 
0.015793 
0.018672 
0.021655 
0.023800 
0.032155 
0.023255 
0.019603 
0.008659 
0.000440 
0.000000 
0.001520 
0.015838 
0.025319 
0.054528 
0.068343 
0.063936 
0.082890 
0.124569 
0.131404 
0.166868 
0.202285 
0.233524 
0.340431 
0.283496 
0.298341 
0.294278 
0.267207 
0.291152 
0.328277 
0.271216 
0.218902 
0.170147 
0.089262 
0.025041 
0.000000 
0.000000 
0.000000 
0.000000 
0.000000 
0.000000 
0.000000 
0.000000 
0.031058 
0.098802 
0.114127 
0.209473 
0.252421 
0.334126 
0.352106 
0.395468 
0.419531 
0.386006 
0.402740 
0.437804 
0.339394 
0.445916 
0.424689 
0.346076 
0.398652 
0.296659 
0.319291 
0.342757 
0.400088 
0.315716 
0.381938 
0.350390 
0.417156 
0.360540 
0.370425 
0.308837 
0.269963 
0.269029 
0.298512 
0.431932 
0.378131 
0.447608 
0.347362 
0.394276 
0.368048 
0.404389 
0.389880 
0.361375 
0.372853 
0.274517 
0.401648 
0.363202 
0.314702 
0.201238 
0.293015 
0.203924 
0.218560 
0.267339 
0.282793 
0.329959 
0.367456 
0.367522 
0.352664 
0.382099 
0.342972 
0.311687 
0.336549 
0.346401 
0.326857 
0.342137 
0.344132 
0.359969 
0.375067 
0.413692 
0.366794 
0.393411 
0.358181 
0.364778 
0.307159 
0.225306 
0.223288 
0.226841 
0.179590 
0.182207 
0.151877 
0.136322 
0.209372 
0.187662 
0.279084 
0.306196 
0.339711 
0.329043 
0.315230 
0.333603 
0.336072 
0.315922 
0.370410 
0.395127 
0.322762 
0.299852 
0.271573 
0.260929 
0.257682 
0.287229 
0.339443 
0.383757 
0.289443 
0.324382 
0.314403 
0.279668 
0.247242 
0.216452 
0.266735 
0.239671 
0.213182 
0.260206 
0.286716 
0.254039 
0.218167 
0.221171 
0.198481 
0.197114 
0.236698 
0.273249 
0.290982 
0.275335 
0.320165 
0.301621 
0.286268 
0.268148 
0.255244 
0.228668 
0.199714 
0.101589 
0.037097 
0.011739 
0.003896 
0.000000 
0.000000 
0.000000 
0.000000 
0.000000 
0.000000 
0.000000 
0.000000 
0.000000 
0.000000 
0.000000 
0.000000 
0.000000 
0.006882 
0.019821 
0.045296 
0.063970 
0.094233 
0.107656 
0.179256 
0.196920 
0.232767 
0.240811 
0.277587 
0.269938 
0.199129 
0.199439 
0.182482 
0.147280 
0.196186 
0.160009 
0.140901 
0.103992 
0.114086 
0.095707 
0.086813 
0.071046 
0.085451 
0.062050 
0.081558 
0.095643 
0.126106 
0.117361 
0.145930 
0.120083 
0.187993 
0.211208 
0.274963 
0.214984 
0.254996 
0.269833 
0.254965 
0.245337 
0.244095 
0.245033 
0.156390 
0.177700 
0.153943 
0.132292 
0.133614 
0.142282 
0.130713 
0.133754 
0.137379 
0.129037 
0.117350 
0.127346 
0.150069 
0.134748 
0.136233 
0.165640 
0.192688 
0.183942 
0.176863 
0.192583 
0.229282 
0.200365 
0.183220 
0.179859 
0.153003 
0.178053 
0.120041 
0.106391 
0.089005 
0.116181 
0.123130 
0.165652 
0.185889 
0.185733 
0.168582 
0.129716 
0.088252 
0.083810 
0.065818 
0.067888 
0.082153 
0.077479 
0.098580 
0.070958 
0.099533 
0.082609 
0.084701 
0.076608 
0.080294 
0.082478 
0.066846 
0.067242 
0.074116 
0.063246 
0.073187 
0.057798 
0.065005 
0.045616 
0.044977 
0.040674 
0.032208 
0.024021 
0.020872 
0.015228 
0.008467 
0.004183 
0.000331 
0.000000 
0.000000 
0.000000 
0.000000 
0.000000 
0.000000 
0.000000 
0.000000 
0.000000 
0.000000 
0.000000 
0.000000 
0.000000 
0.000000 
0.000000 
0.000000 
0.000000 
0.000000 
0.000000 
0.000000 
0.000000 
0.000000 
0.000000 
0.000000 
0.000000 
0.000000 
0.000000 
0.000000 
0.000000 
0.000000 
0.001257 
0.003482 
0.005971 
0.008396 
0.010218 
0.013459 
0.013985 
0.016451 
0.014737 
0.016455 
0.017226 
0.016438 
0.014545 
0.015282 
0.015881 
0.013403 
0.014757 
0.017730 
0.019587 
0.029300 
0.035855 
0.029341 
0.036089 
0.038185 
0.040629 
0.048586 
0.052465 
0.072676 
0.079469 
0.093100 
0.130470 
0.114011 
0.149890 
0.124072 
0.135155 
0.121441 
0.135529 
0.111645 
0.093538 
0.082769 
0.067499 
0.043420 
0.052696 
0.052141 
0.056047 
0.053002 
0.043699 
0.045956 
0.036881 
0.029336 
0.018510 
0.012974 
0.009220 
0.007289 
0.003749 
0.002335 
0.000562 
0.000000 
0.000000 
0.000000 
0.000000 
0.000000 
0.000000 
0.000000 
0.000116 
0.001369 
0.002208 
0.002006 
0.001039 
0.000160 
0.000000 
0.000000 
0.000000 
0.000000 
0.000000 
0.000000 
0.000000 
0.000000 
0.000000 
0.001151 
0.003198 
0.003135 
0.002562 
0.001899 
0.000600 
0.000000 
0.000000 
0.000000 
0.000000 
0.000000 
0.000000 
0.000000 
0.000000 
0.000000 
0.000000 
0.000000 
0.000000 
0.000000 
0.000000 
0.000000 
0.000000 
0.000000 
0.000000 
0.000000 
0.000000 
0.000000 
0.000000 
0.000000 
0.000000 
0.000000 
0.000000 
0.000000 
0.000000 
0.000000 
0.000000 
0.000000 
0.000000 
0.000000 
0.000000 
0.000000 
0.000000 
0.000000 
0.000000 
0.000000 
0.000000 
0.000000 
0.000000 
0.000000 
0.000000 
0.000000 
0.000000 
0.000000 
0.000000 
0.000000 
0.000000 
0.000000 
0.000000 
0.000000 
0.000000 
0.000000 
0.000000 
0.000000 
0.000000 
0.000000 
0.000000 
0.000000 
0.000000 
0.000000 
0.000000 
0.000000 
0.000000 
0.000000 
0.000000 
0.000000 
0.000000 
0.000000 
0.000000 
0.000000 
0.000000 
0.000000 
0.000000 
0.000000 
0.000000 
0.000000 
0.000000 
0.000000 
0.000000 
0.000000 
0.000000 
0.000000 
0.000000 
0.000000 
0.000000 
0.000000 
0.000000 
0.000000 
0.000000 
0.000000 
0.000000 
0.000000 
0.000000 
0.000000 
0.000000 
0.000000 
0.000000 
0.000000 
0.000000 
0.000000 
0.000000 
0.000000 
0.000000 
0.000000 
0.000000 
0.000000 
0.000000 
0.000000 
0.000000 
0.000000 
0.000000 
0.000000 
0.000000 
0.000000 
0.000000 
0.000000 
0.000000 
0.000000 
0.000000 
0.000000 
0.000000 
0.000000 
0.000000 
0.000000 
0.000000 
0.000000 
0.000000 
0.000000 
0.000000 
0.000000 
0.000000 
0.000000 
0.000000 
0.000000 
0.000000 
0.000000 
0.000000 
0.000000 
0.000000 
0.000000 
0.000000 
0.000000 
0.000000 
0.000000 
0.000000 
0.000000 
0.000000 
0.000000 
0.000000 
0.000000 
0.000000 
0.000000 
0.000000 
0.000000 
0.000000 
0.000000 
0.000000 
0.000000 
0.000000 
0.000000 
0.000000 
0.000000 
0.000000 
0.000000 
0.000000 
0.000000 
0.000000 
0.000000 
0.000000 
0.000000 
0.000000 
0.000000 
0.000000 
0.000000 
0.000000 
0.000000 
0.000000 
0.000000 
0.000000 
0.000000 
0.000000 
0.000000 
0.000000 
0.000000 
0.000000 
0.000000 
0.000000 
0.000000 
0.000000 
0.000000 
0.000000 
0.000000 
0.000000 
0.000000 
0.000000 
0.000000 
0.000000 
0.000000 
0.000000 
0.000000 
0.000000 
0.000000 
0.000000 
0.000000 
0.000000 
0.000000 
0.000000 
0.000000 
0.000000 
0.000000 
0.000000 
0.000000 
0.000000 
0.000000 
0.000000 
0.000000 
0.000000 
0.000000 
0.000000 
0.000000 
0.000000 
0.000000 
0.000000 
0.000000 
0.000000 
0.000000 
0.000000 
0.000000 
0.000000 
0.000000 
0.000000 
0.000000 
0.000000 
0.000000 
0.000000 
0.000000 
0.000000 
0.000000 
0.000000 
0.000000 
0.000000 
0.000000 
0.000000 
0.000000 
0.000000 
0.000000 
0.000000 
0.000000 
0.000000 
0.000000 
0.000000 
0.000000 
0.000000 
0.000000 
0.000000 
0.000000 
0.000000 
0.000000 
0.000000 
0.000000 
0.000000 
0.000000 
0.000000 
0.000000 
0.000000 
0.000000 
0.000000 
0.000000 
0.000000 
0.000000 
0.000000 
0.000000 
0.000000 
0.000000 
0.000000 
0.000000 
0.000000 
0.000000 
0.000000 
0.000000 
0.000000 
0.000000 
0.000000 
0.000000 
0.000000 
0.000000 
0.000000 
0.000000 
0.000000 
