0.052000 
0.052000 
0.052000 
0.052000 
0.052000 
0.052000 
0.052000 
0.052000 
0.052000 
0.052000 
0.052000 
0.052000 
0.052000 
0.052000 
0.052000 
0.052000 
0.052000 
0.052000 
0.052000 
0.052000 
0.052000 
0.052000 
0.052000 
0.052000 
0.052000 
0.052000 
0.052000 
0.052000 
0.052000 
0.052000 
0.052000 
0.052000 
0.052000 
0.052000 
0.052000 
0.052000 
0.052000 
0.052000 
0.052000 
0.052000 
0.052000 
0.052000 
0.052000 
0.052000 
0.052000 
0.052000 
0.052000 
0.052000 
0.052000 
0.052000 
0.070678 
0.116225 
0.172914 
0.225015 
0.256800 
0.272611 
0.286619 
0.297842 
0.305297 
0.308000 
0.308000 
0.308000 
0.308000 
0.308000 
0.308000 
0.308000 
0.308000 
0.308000 
0.308000 
0.308000 
0.302398 
0.289039 
0.273094 
0.259735 
0.254133 
0.258349 
0.268401 
0.280399 
0.290451 
0.294667 
0.294667 
0.294667 
0.294667 
0.294667 
0.294667 
0.288299 
0.271681 
0.248541 
0.222604 
0.197600 
0.167548 
0.129576 
0.092069 
0.063415 
0.052000 
0.052000 
0.052000 
0.052000 
0.052000 
0.052000 
0.052000 
0.052000 
0.052000 
0.052000 
0.052000 
0.052000 
0.052000 
0.052000 
0.052000 
0.052000 
0.052000 
0.052000 
0.052000 
0.052000 
0.052000 
0.052000 
0.052000 
0.052000 
0.052000 
0.052000 
0.052000 
0.052000 
0.052000 
0.052000 
0.052000 
0.052000 
0.052000 
0.052000 
0.052000 
0.052000 
0.052000 
0.052000 
0.052000 
0.052000 
0.052000 
0.052000 
0.052000 
0.052000 
0.052000 
0.052000 
0.078624 
0.142112 
0.217888 
0.281376 
0.308000 
0.308000 
0.308000 
0.308000 
0.308000 
0.308000 
0.308000 
0.308000 
0.308000 
0.308000 
0.308000 
0.308000 
0.308000 
0.308000 
0.308000 
0.308000 
0.292355 
0.254922 
0.209952 
0.171694 
0.154400 
0.152526 
0.151038 
0.149954 
0.149291 
0.149067 
0.164209 
0.200318 
0.243415 
0.279524 
0.294667 
0.294667 
0.294667 
0.294667 
0.294667 
0.294667 
0.283252 
0.254598 
0.217091 
0.179119 
0.149067 
0.124062 
0.098126 
0.074985 
0.058368 
0.052000 
0.052000 
0.052000 
0.052000 
0.052000 
0.052000 
0.052000 
0.052000 
0.052000 
0.052000 
0.052000 
0.052000 
0.052000 
0.052000 
0.052000 
0.052000 
0.052000 
0.052000 
0.052000 
0.052000 
0.052000 
0.052000 
0.052000 
0.052000 
0.052000 
0.052000 
0.054703 
0.062158 
0.073381 
0.087389 
0.103200 
0.134985 
0.187086 
0.243775 
0.289322 
0.308000 
0.308000 
0.308000 
0.308000 
0.308000 
0.308000 
0.308000 
0.308000 
0.308000 
0.308000 
0.308000 
0.308000 
0.308000 
0.308000 
0.308000 
0.308000 
0.289322 
0.243775 
0.187086 
0.134985 
0.103200 
0.087389 
0.073381 
0.062158 
0.054703 
0.052000 
0.052000 
0.052000 
0.052000 
0.052000 
0.052000 
0.052000 
0.052000 
0.052000 
0.052000 
0.052000 
0.077237 
0.137419 
0.209248 
0.269429 
0.294667 
0.294667 
0.294667 
0.294667 
0.294667 
0.294667 
0.292104 
0.285038 
0.274399 
0.261120 
0.246133 
0.216004 
0.166616 
0.112880 
0.069705 
0.052000 
0.052000 
0.052000 
0.052000 
0.052000 
0.052000 
0.052000 
0.052000 
0.052000 
0.052000 
0.052000 
0.052000 
0.052000 
0.052000 
0.052000 
0.052000 
0.052000 
0.052000 
0.052000 
0.052000 
0.052000 
0.052000 
0.052000 
0.052000 
0.052000 
0.052000 
0.078624 
0.142112 
0.217888 
0.281376 
0.308000 
0.308000 
0.308000 
0.308000 
0.308000 
0.308000 
0.308000 
0.308000 
0.308000 
0.308000 
0.308000 
0.308000 
0.308000 
0.308000 
0.308000 
0.308000 
0.295958 
0.265729 
0.226162 
0.186103 
0.154400 
0.128022 
0.100660 
0.076248 
0.058717 
0.052000 
0.052000 
0.052000 
0.052000 
0.052000 
0.052000 
0.052000 
0.052000 
0.052000 
0.052000 
0.052000 
0.054563 
0.061629 
0.072268 
0.085546 
0.100533 
0.130663 
0.180050 
0.233786 
0.276962 
0.294667 
0.294667 
0.294667 
0.294667 
0.294667 
0.294667 
0.288299 
0.271681 
0.248541 
0.222604 
0.197600 
0.167548 
0.129576 
0.092069 
0.063415 
0.052000 
0.052000 
0.052000 
0.052000 
0.052000 
0.052000 
0.052000 
0.052000 
0.052000 
0.052000 
0.052000 
0.070678 
0.116225 
0.172914 
0.225015 
0.256800 
0.272611 
0.286619 
0.297842 
0.305297 
0.308000 
0.308000 
0.308000 
0.308000 
0.308000 
0.308000 
0.308000 
0.308000 
0.308000 
0.308000 
0.308000 
0.301283 
0.283752 
0.259340 
0.231978 
0.205600 
0.173897 
0.133838 
0.094271 
0.064042 
0.052000 
0.052000 
0.052000 
0.052000 
0.052000 
0.052000 
0.052000 
0.052000 
0.052000 
0.052000 
0.052000 
0.052000 
0.052000 
0.052000 
0.052000 
0.052000 
0.052000 
0.052000 
0.052000 
0.052000 
0.052000 
0.052000 
0.052000 
0.052000 
0.052000 
0.052000 
0.052000 
0.052000 
0.052000 
0.052000 
0.052000 
0.065852 
0.101322 
0.149279 
0.200593 
0.246133 
0.288156 
0.332754 
0.376554 
0.416183 
0.448267 
0.476316 
0.503886 
0.527672 
0.544367 
0.550667 
0.525429 
0.465248 
0.393419 
0.333237 
0.308000 
0.308000 
0.308000 
0.308000 
0.308000 
0.308000 
0.305297 
0.297842 
0.286619 
0.272611 
0.256800 
0.225015 
0.172914 
0.116225 
0.070678 
0.052000 
0.052000 
0.052000 
0.052000 
0.052000 
0.052000 
0.052000 
0.052000 
0.052000 
0.052000 
0.052000 
0.052000 
0.052000 
0.052000 
0.052000 
0.052000 
0.060320 
0.080160 
0.103840 
0.123680 
0.132000 
0.132000 
0.132000 
0.132000 
0.132000 
0.132000 
0.162375 
0.242516 
0.355950 
0.486203 
0.616800 
0.788997 
1.018450 
1.250284 
1.429625 
1.501600 
1.361491 
1.027386 
0.628614 
0.294509 
0.154400 
0.174575 
0.224951 
0.290307 
0.355419 
0.405067 
0.443787 
0.482843 
0.517099 
0.541419 
0.550667 
0.550667 
0.550667 
0.550667 
0.550667 
0.550667 
0.542122 
0.519208 
0.486007 
0.446600 
0.405067 
0.341957 
0.251098 
0.156487 
0.082121 
0.052000 
0.052000 
0.052000 
0.052000 
0.052000 
0.052000 
0.052000 
0.052000 
0.052000 
0.052000 
0.052000 
0.052000 
0.052000 
0.052000 
0.052000 
0.052000 
0.052000 
0.052000 
0.052000 
0.052000 
0.052000 
0.052000 
0.052000 
0.052000 
0.052000 
0.052000 
0.052000 
0.052000 
0.052000 
0.052000 
0.052000 
0.052000 
0.052000 
0.052000 
0.052000 
0.052000 
0.052000 
0.052000 
0.052000 
0.052000 
0.052000 
0.052000 
0.052000 
0.052000 
0.052000 
0.052000 
0.052000 
0.052000 
0.052000 
0.052000 
0.052000 
0.052000 
0.052000 
0.052000 
0.052000 
0.052000 
0.064042 
0.094271 
0.133838 
0.173897 
0.205600 
0.231978 
0.259340 
0.283752 
0.301283 
0.308000 
0.308000 
0.308000 
0.308000 
0.308000 
0.308000 
0.308000 
0.308000 
0.308000 
0.308000 
0.308000 
0.305297 
0.297842 
0.286619 
0.272611 
0.256800 
0.225015 
0.172914 
0.116225 
0.070678 
0.052000 
0.052000 
0.052000 
0.052000 
0.052000 
0.052000 
0.052000 
0.052000 
0.052000 
0.052000 
0.052000 
0.052000 
0.052000 
0.052000 
0.052000 
0.052000 
0.077237 
0.137419 
0.209248 
0.269429 
0.294667 
0.294667 
0.294667 
0.294667 
0.294667 
0.294667 
0.292104 
0.285038 
0.274399 
0.261120 
0.246133 
0.216004 
0.166616 
0.112880 
0.069705 
0.052000 
0.052000 
0.052000 
0.052000 
0.052000 
0.052000 
0.052000 
0.052000 
0.052000 
0.052000 
0.052000 
0.052000 
0.052000 
0.052000 
0.052000 
0.052000 
0.052000 
0.052000 
0.052000 
0.052000 
0.052000 
0.052000 
0.052000 
0.052000 
0.052000 
0.052000 
0.070678 
0.116225 
0.172914 
0.225015 
0.256800 
0.272611 
0.286619 
0.297842 
0.305297 
0.308000 
0.308000 
0.308000 
0.308000 
0.308000 
0.308000 
0.308000 
0.308000 
0.308000 
0.308000 
0.308000 
0.301283 
0.283752 
0.259340 
0.231978 
0.205600 
0.173897 
0.133838 
0.094271 
0.064042 
0.052000 
0.052000 
0.052000 
0.052000 
0.052000 
0.052000 
0.052000 
0.052000 
0.052000 
0.052000 
0.052000 
0.052000 
0.052000 
0.052000 
0.052000 
0.052000 
0.063415 
0.092069 
0.129576 
0.167548 
0.197600 
0.222604 
0.248541 
0.271681 
0.288299 
0.294667 
0.294667 
0.294667 
0.294667 
0.294667 
0.294667 
0.276962 
0.233786 
0.180050 
0.130663 
0.100533 
0.085546 
0.072268 
0.061629 
0.054563 
0.052000 
0.052000 
0.052000 
0.052000 
0.052000 
0.052000 
0.052000 
0.052000 
0.052000 
0.052000 
0.052000 
0.054703 
0.062158 
0.073381 
0.087389 
0.103200 
0.134985 
0.187086 
0.243775 
0.289322 
0.308000 
0.308000 
0.308000 
0.308000 
0.308000 
0.308000 
0.308000 
0.308000 
0.308000 
0.308000 
0.308000 
0.308000 
0.308000 
0.308000 
0.308000 
0.308000 
0.289322 
0.243775 
0.187086 
0.134985 
0.103200 
0.087389 
0.073381 
0.062158 
0.054703 
0.052000 
0.052000 
0.052000 
0.052000 
0.052000 
0.052000 
0.052000 
0.052000 
0.052000 
0.052000 
0.052000 
0.052000 
0.052000 
0.052000 
0.052000 
0.052000 
0.052000 
0.052000 
0.052000 
0.052000 
0.052000 
0.058368 
0.074985 
0.098126 
0.124062 
0.149067 
0.179119 
0.217091 
0.254598 
0.283252 
0.294667 
0.294667 
0.294667 
0.294667 
0.294667 
0.294667 
0.283252 
0.254598 
0.217091 
0.179119 
0.149067 
0.124062 
0.098126 
0.074985 
0.058368 
0.052000 
0.052000 
0.052000 
0.052000 
0.052000 
0.052000 
0.052000 
0.052000 
0.052000 
0.052000 
0.052000 
0.052000 
0.052000 
0.052000 
0.052000 
0.052000 
0.052000 
0.052000 
0.052000 
0.052000 
0.052000 
0.070678 
0.116225 
0.172914 
0.225015 
0.256800 
0.272611 
0.286619 
0.297842 
0.305297 
0.308000 
0.308000 
0.308000 
0.308000 
0.308000 
0.308000 
0.313547 
0.326773 
0.342560 
0.355787 
0.361333 
0.360255 
0.357202 
0.352448 
0.346268 
0.338933 
0.317954 
0.279236 
0.235647 
0.200057 
0.185333 
0.187883 
0.194922 
0.205541 
0.218826 
0.233867 
0.264604 
0.315321 
0.370616 
0.415087 
0.433333 
0.433102 
0.432427 
0.431333 
0.429849 
0.428000 
0.419725 
0.401720 
0.378146 
0.353163 
0.330933 
0.312385 
0.294745 
0.276618 
0.256612 
0.233333 
0.198232 
0.151231 
0.103647 
0.066798 
0.052000 
0.052000 
0.052000 
0.052000 
0.052000 
0.052000 
0.052000 
0.052000 
0.052000 
0.052000 
0.052000 
0.052000 
0.052000 
0.052000 
0.052000 
0.052000 
0.054703 
0.062158 
0.073381 
0.087389 
0.103200 
0.134985 
0.187086 
0.243775 
0.289322 
0.308000 
0.308000 
0.308000 
0.308000 
0.308000 
0.308000 
0.308000 
0.308000 
0.308000 
0.308000 
0.308000 
0.321867 
0.354933 
0.394400 
0.427467 
0.441333 
0.420034 
0.369244 
0.308623 
0.257833 
0.236533 
0.243288 
0.260574 
0.283922 
0.308864 
0.330933 
0.351941 
0.374867 
0.396996 
0.415613 
0.428000 
0.436129 
0.443411 
0.449297 
0.453232 
0.454667 
0.432206 
0.377386 
0.309050 
0.246040 
0.207200 
0.187385 
0.169743 
0.155555 
0.146102 
0.142667 
0.179829 
0.268448 
0.374219 
0.462837 
0.500000 
0.464371 
0.379034 
0.276312 
0.188526 
0.148000 
0.142418 
0.137960 
0.134694 
0.132685 
0.132000 
0.150304 
0.193952 
0.246048 
0.289696 
0.308000 
0.308000 
0.308000 
0.308000 
0.308000 
0.308000 
0.308000 
0.308000 
0.308000 
0.308000 
0.308000 
0.308000 
0.308000 
0.308000 
0.308000 
0.308000 
0.295958 
0.265729 
0.226162 
0.186103 
0.154400 
0.128022 
0.100660 
0.076248 
0.058717 
0.052000 
0.052000 
0.052000 
0.052000 
0.052000 
0.052000 
0.069705 
0.112880 
0.166616 
0.216004 
0.246133 
0.261120 
0.274399 
0.285038 
0.292104 
0.294667 
0.294667 
0.294667 
0.294667 
0.294667 
0.294667 
0.269429 
0.209248 
0.137419 
0.077237 
0.052000 
0.052000 
0.052000 
0.052000 
0.052000 
0.052000 
0.052000 
0.052000 
0.052000 
0.052000 
0.052000 
0.064042 
0.094271 
0.133838 
0.173897 
0.205600 
0.231978 
0.259340 
0.283752 
0.301283 
0.308000 
0.308000 
0.308000 
0.308000 
0.308000 
0.308000 
0.308000 
0.308000 
0.308000 
0.308000 
0.308000 
0.304006 
0.294483 
0.283117 
0.273594 
0.269600 
0.283115 
0.317440 
0.363248 
0.411211 
0.452000 
0.490460 
0.532867 
0.572045 
0.600815 
0.612000 
0.610080 
0.605173 
0.598560 
0.591520 
0.585333 
0.579147 
0.572107 
0.565493 
0.560587 
0.558667 
0.565422 
0.582133 
0.603467 
0.624089 
0.638667 
0.647684 
0.655394 
0.662115 
0.668166 
0.673867 
0.679912 
0.686182 
0.691776 
0.695794 
0.697333 
0.694367 
0.685875 
0.672465 
0.654748 
0.633333 
0.558116 
0.412100 
0.245560 
0.108769 
0.052000 
0.052000 
0.052000 
0.052000 
0.052000 
0.052000 
0.076013 
0.134279 
0.206138 
0.270932 
0.308000 
0.321007 
0.329379 
0.336101 
0.344157 
0.356533 
0.386663 
0.436050 
0.489786 
0.532962 
0.550667 
0.550667 
0.550667 
0.550667 
0.550667 
0.550667 
0.532576 
0.486367 
0.424138 
0.357983 
0.300000 
0.242294 
0.176801 
0.115361 
0.069814 
0.052000 
0.052000 
0.052000 
0.052000 
0.052000 
0.052000 
0.052000 
0.052000 
0.052000 
0.052000 
0.052000 
0.052000 
0.052000 
0.052000 
0.052000 
0.052000 
0.052000 
0.052000 
0.052000 
0.052000 
0.052000 
0.052000 
0.052000 
0.052000 
0.052000 
0.052000 
0.052000 
0.052000 
0.052000 
0.052000 
0.052000 
0.052000 
0.052000 
0.052000 
0.052000 
0.052000 
0.052000 
0.052000 
0.052000 
0.052000 
0.052000 
0.052000 
0.052000 
0.052000 
0.052000 
0.052000 
0.052000 
0.052000 
0.052000 
0.052000 
0.052000 
0.096010 
0.202035 
0.331069 
0.444104 
0.502133 
0.518396 
0.531834 
0.541994 
0.548423 
0.550667 
0.550667 
0.550667 
0.550667 
0.550667 
0.550667 
0.530138 
0.479375 
0.414610 
0.352074 
0.308000 
0.281399 
0.259293 
0.239926 
0.221546 
0.202400 
0.179543 
0.154126 
0.130537 
0.113166 
0.106400 
0.107094 
0.109078 
0.112209 
0.116342 
0.121333 
0.130833 
0.148719 
0.175189 
0.210440 
0.254667 
0.434482 
0.792727 
1.203944 
1.542676 
1.683467 
1.529325 
1.161756 
0.723044 
0.355475 
0.201333 
0.203337 
0.208839 
0.217071 
0.227269 
0.238667 
0.260464 
0.295462 
0.333295 
0.363596 
0.376000 
0.368789 
0.351595 
0.331072 
0.313877 
0.306667 
0.321023 
0.358780 
0.411972 
0.472634 
0.532800 
0.610022 
0.711356 
0.813092 
0.891521 
0.922933 
0.922490 
0.921431 
0.920169 
0.919110 
0.918667 
0.926987 
0.946827 
0.970507 
0.990347 
0.998667 
0.974483 
0.916815 
0.847985 
0.790317 
0.766133 
0.778613 
0.808373 
0.843893 
0.873653 
0.886133 
0.873986 
0.845020 
0.810447 
0.781481 
0.769333 
0.810933 
0.910133 
1.028533 
1.127733 
1.169333 
1.155253 
1.120693 
1.077173 
1.036213 
1.009333 
0.995561 
0.985083 
0.976158 
0.967044 
0.956000 
0.940938 
0.922851 
0.904614 
0.889105 
0.879200 
0.874177 
0.870736 
0.867886 
0.864637 
0.860000 
0.850774 
0.836962 
0.822377 
0.810830 
0.806133 
0.809914 
0.819170 
0.830777 
0.841607 
0.848533 
0.852381 
0.855871 
0.858715 
0.860631 
0.861333 
0.851266 
0.827260 
0.798607 
0.774601 
0.764533 
0.770031 
0.784900 
0.806699 
0.832990 
0.861333 
0.905044 
0.969077 
1.038455 
1.098199 
1.133333 
1.147969 
1.157970 
1.165986 
1.174669 
1.186667 
1.204576 
1.227514 
1.252910 
1.278195 
1.300800 
1.323457 
1.347972 
1.370385 
1.386736 
1.393067 
1.386141 
1.367702 
1.341260 
1.310323 
1.278400 
1.232915 
1.169639 
1.104599 
1.053821 
1.033333 
1.036405 
1.044469 
1.055797 
1.068661 
1.081333 
1.097333 
1.118133 
1.138933 
1.154933 
1.161333 
1.160590 
1.158464 
1.155109 
1.150680 
1.145333 
1.131296 
1.104420 
1.070296 
1.034514 
1.002667 
0.970816 
0.935233 
0.901815 
0.876460 
0.865067 
0.862835 
0.861053 
0.859745 
0.858941 
0.858667 
