0.000000 
0.000000 
0.000000 
0.000000 
0.000000 
0.000000 
0.000000 
0.000000 
0.000000 
0.000000 
0.000000 
0.000000 
0.000000 
0.000000 
0.000000 
0.000000 
0.000000 
0.000000 
0.000000 
0.000000 
0.000000 
0.000000 
0.000000 
0.000000 
0.000000 
0.000000 
0.000000 
0.000000 
0.000000 
0.000000 
0.000000 
0.000000 
0.000000 
0.000000 
0.000000 
0.000000 
0.000000 
0.000000 
0.000000 
0.000000 
0.000000 
0.000000 
0.000000 
0.000000 
0.000000 
0.000000 
0.000000 
0.000000 
0.000000 
0.000000 
0.000000 
0.000000 
0.000000 
0.000000 
0.000000 
0.000000 
0.000000 
0.000000 
0.000000 
0.000000 
0.000000 
0.000000 
0.000000 
0.000000 
0.000000 
0.000000 
0.000000 
0.000000 
0.000000 
0.000000 
0.000000 
0.000000 
0.000000 
0.000000 
0.000000 
0.000000 
0.000000 
0.000000 
0.000000 
0.000000 
0.000000 
0.000000 
0.000000 
0.000000 
0.000000 
0.000000 
0.000000 
0.000000 
0.000000 
0.000000 
0.000000 
0.000000 
0.000000 
0.000000 
0.000000 
0.000000 
0.000000 
0.000000 
0.000000 
0.000000 
0.000000 
0.000000 
0.000000 
0.000000 
0.000000 
0.000000 
0.000000 
0.000000 
0.000000 
0.000000 
0.000000 
0.000000 
0.000000 
0.000000 
0.000000 
0.000000 
0.000000 
0.000000 
0.000000 
0.000000 
0.000000 
0.000000 
0.000000 
0.000000 
0.000000 
0.000000 
0.000000 
0.000000 
0.000000 
0.000000 
0.000000 
0.000000 
0.000000 
0.000000 
0.000000 
0.000000 
0.000000 
0.000000 
0.000000 
0.000000 
0.000000 
0.000000 
0.000000 
0.000000 
0.000000 
0.000000 
0.000000 
0.000000 
0.000000 
0.000000 
0.000000 
0.000000 
0.000000 
0.000000 
0.000000 
0.000000 
0.000000 
0.000000 
0.000000 
0.000000 
0.000000 
0.000000 
0.000000 
0.000000 
0.000000 
0.000000 
0.000000 
0.000000 
0.000000 
0.000000 
0.000000 
0.000000 
0.000000 
0.000000 
0.000000 
0.000000 
0.000000 
0.000000 
0.000000 
0.000000 
0.000000 
0.000000 
0.000000 
0.000000 
0.000000 
0.000000 
0.000000 
0.000000 
0.000000 
0.000000 
0.000000 
0.000000 
0.000000 
0.000000 
0.000000 
0.000000 
0.000000 
0.000000 
0.000000 
0.000000 
0.000000 
0.000000 
0.000000 
0.000000 
0.000000 
0.000000 
0.000000 
0.000000 
0.000000 
0.000000 
0.000000 
0.000000 
0.000000 
0.000000 
0.000000 
0.000000 
0.000000 
0.000000 
0.000000 
0.000000 
0.000000 
0.000000 
0.000000 
0.000000 
0.000000 
0.000000 
0.000000 
0.000000 
0.000000 
0.000000 
0.000000 
0.000000 
0.000000 
0.000000 
0.000000 
0.000000 
0.000000 
0.000000 
0.000000 
0.000000 
0.000000 
0.000000 
0.000000 
0.000000 
0.000000 
0.000000 
0.000000 
0.000000 
0.000000 
0.000000 
0.000000 
0.000000 
0.000000 
0.000000 
0.000000 
0.000000 
0.000000 
0.000000 
0.000000 
0.000000 
0.000000 
0.000000 
0.000000 
0.000000 
0.000000 
0.000000 
0.000000 
0.000000 
0.000000 
0.000000 
0.000000 
0.000000 
0.000000 
0.000000 
0.000000 
0.000000 
0.000000 
0.000000 
0.000000 
0.000000 
0.000000 
0.000000 
0.000000 
0.000000 
0.000000 
0.000000 
0.000000 
0.000000 
0.000000 
0.000000 
0.000000 
0.000000 
0.000000 
0.000000 
0.000000 
0.000000 
0.000000 
0.000000 
0.000000 
0.000000 
0.000000 
0.000000 
0.000000 
0.000000 
0.000000 
0.000000 
0.000000 
0.000000 
0.000000 
0.000000 
0.000000 
0.000000 
0.000000 
0.000000 
0.000000 
0.000000 
0.000000 
0.000000 
0.000000 
0.000000 
0.000000 
0.000000 
0.000000 
0.000000 
0.000000 
0.000000 
0.000000 
0.000000 
0.000000 
0.000000 
0.000000 
0.000000 
0.000000 
0.000000 
0.000000 
0.000000 
0.000000 
0.000000 
0.000000 
0.000000 
0.000000 
0.000000 
0.000000 
0.000000 
0.000000 
0.000000 
0.000000 
0.000000 
0.000000 
0.000000 
0.000000 
0.000000 
0.000000 
0.000000 
0.000000 
0.000000 
0.000000 
0.000000 
0.000000 
0.000000 
0.000000 
0.000000 
0.000000 
0.000000 
0.000000 
0.000000 
0.000000 
0.000000 
0.000000 
0.000000 
0.000000 
0.000000 
0.000000 
0.000000 
0.000000 
0.000000 
0.000000 
0.000000 
0.000000 
0.000000 
0.000000 
0.000000 
0.000000 
0.000000 
0.000000 
0.000000 
0.000000 
0.000000 
0.000000 
0.000000 
0.000000 
0.000000 
0.000000 
0.000000 
0.000000 
0.000000 
0.000000 
0.000000 
0.000000 
0.000000 
0.000000 
0.000000 
0.000000 
0.000000 
0.000000 
0.000000 
0.000000 
0.000000 
0.000000 
0.000000 
0.000000 
0.000000 
0.000000 
0.000000 
0.000000 
0.000000 
0.000000 
0.000000 
0.000000 
0.000000 
0.000000 
0.004248 
0.012277 
0.025258 
0.026047 
0.020741 
0.023376 
0.022068 
0.017202 
0.018459 
0.023355 
0.027183 
0.046008 
0.050712 
0.065442 
0.068280 
0.086500 
0.080721 
0.087897 
0.086992 
0.105119 
0.098072 
0.104142 
0.102382 
0.108981 
0.132875 
0.159965 
0.139742 
0.170329 
0.137112 
0.136440 
0.123245 
0.161342 
0.125380 
0.149093 
0.139188 
0.186518 
0.159940 
0.166335 
0.231381 
0.165427 
0.201777 
0.168458 
0.097902 
0.098865 
0.058851 
0.002046 
0.000000 
0.000000 
0.000000 
0.000000 
0.000000 
0.014381 
0.079891 
0.111274 
0.114905 
0.102758 
0.113752 
0.119264 
0.134900 
0.139616 
0.159578 
0.175711 
0.139732 
0.156602 
0.168745 
0.157674 
0.159319 
0.142474 
0.143299 
0.150267 
0.160108 
0.166832 
0.145548 
0.186044 
0.157840 
0.176862 
0.153096 
0.153404 
0.184939 
0.188947 
0.128797 
0.106159 
0.085613 
0.101078 
0.121214 
0.120408 
0.186051 
0.212170 
0.214872 
0.189542 
0.139649 
0.082014 
0.009793 
0.000000 
0.000000 
0.000000 
0.000000 
0.000000 
0.000000 
0.000000 
0.000000 
0.000000 
0.011575 
0.067447 
0.107607 
0.138352 
0.160967 
0.225889 
0.216362 
0.207755 
0.256697 
0.198178 
0.289606 
0.229679 
0.226451 
0.289481 
0.226418 
0.251667 
0.247840 
0.271136 
0.242374 
0.333453 
0.290746 
0.312470 
0.265947 
0.216280 
0.279103 
0.284709 
0.282011 
0.247725 
0.296118 
0.296135 
0.306557 
0.291960 
0.338326 
0.334017 
0.288705 
0.299931 
0.360510 
0.328917 
0.292515 
0.358616 
0.293274 
0.341506 
0.298231 
0.313458 
0.311480 
0.316166 
0.276247 
0.271630 
0.275740 
0.352341 
0.336871 
0.386783 
0.354350 
0.368856 
0.338982 
0.373420 
0.324254 
0.333697 
0.352096 
0.366655 
0.295981 
0.304661 
0.348345 
0.355672 
0.373920 
0.311520 
0.307859 
0.324986 
0.327351 
0.326852 
0.394553 
0.399712 
0.407472 
0.367046 
0.206979 
0.119524 
0.111519 
0.104827 
0.111677 
0.154934 
0.194674 
0.193673 
0.238755 
0.291514 
0.365850 
0.411420 
0.385603 
0.360220 
0.385194 
0.396489 
0.376835 
0.334586 
0.326171 
0.244744 
0.245821 
0.166555 
0.138267 
0.135011 
0.082609 
0.060902 
0.037323 
0.028358 
0.070193 
0.128914 
0.293821 
0.355476 
0.396688 
0.412945 
0.411144 
0.417409 
0.402143 
0.366288 
0.352142 
0.278716 
0.235419 
0.132026 
0.162279 
0.186079 
0.278017 
0.298646 
0.534646 
0.438189 
0.372953 
0.312463 
0.351105 
0.390041 
0.372193 
0.412733 
0.407846 
0.331191 
0.300245 
0.319833 
0.368698 
0.350935 
0.444637 
0.475747 
0.396596 
0.373225 
0.357902 
0.271472 
0.269079 
0.262384 
0.172480 
0.062035 
0.000000 
0.000000 
0.000000 
0.000000 
0.000000 
0.000000 
0.000000 
0.000000 
0.000000 
0.001668 
0.109989 
0.196004 
0.298479 
0.342029 
0.298911 
0.374602 
0.450322 
0.357603 
0.365957 
0.455670 
0.431923 
0.509582 
0.359888 
0.427671 
0.496226 
0.478176 
0.460292 
0.422737 
0.387939 
0.395810 
0.488922 
0.451091 
0.431921 
0.398202 
0.444073 
0.399462 
0.435286 
0.399850 
0.370619 
0.244734 
0.081967 
0.000000 
0.000000 
0.000000 
0.000000 
0.000000 
0.019687 
0.051778 
0.065502 
0.111468 
0.105430 
0.151111 
0.171896 
0.136238 
0.101106 
0.044044 
0.003395 
0.000000 
0.003285 
0.046839 
0.111222 
0.136007 
0.180067 
0.237730 
0.285012 
0.274864 
0.348906 
0.279675 
0.271352 
0.215877 
0.116352 
0.056990 
0.012028 
0.017956 
0.024097 
0.030919 
0.032664 
0.030381 
0.030344 
0.025070 
0.008300 
0.000533 
0.000000 
0.001896 
0.015009 
0.036684 
0.063864 
0.076356 
0.092010 
0.111280 
0.111914 
0.119888 
0.185010 
0.207810 
0.306629 
0.324199 
0.407394 
0.362766 
0.489659 
0.411154 
0.355171 
0.365138 
0.340703 
0.270089 
0.242076 
0.107508 
0.038108 
0.000000 
0.000000 
0.000000 
0.000000 
0.000000 
0.000000 
0.000000 
0.000000 
0.030104 
0.112758 
0.174646 
0.216294 
0.333421 
0.290119 
0.473877 
0.549812 
0.531074 
0.502213 
0.511520 
0.450384 
0.461130 
0.392389 
0.453344 
0.395366 
0.381200 
0.428541 
0.415818 
0.444329 
0.413855 
0.319943 
0.433170 
0.386566 
0.338198 
0.354353 
0.422048 
0.372232 
0.388432 
0.437839 
0.433839 
0.463843 
0.435528 
0.571618 
0.470754 
0.442997 
0.484718 
0.484284 
0.414530 
0.500971 
0.509332 
0.459635 
0.394057 
0.436158 
0.355607 
0.289596 
0.231076 
0.264909 
0.331506 
0.338945 
0.460185 
0.437779 
0.415657 
0.393493 
0.399001 
0.486376 
0.433247 
0.389720 
0.502648 
0.382624 
0.361790 
0.410418 
0.426729 
0.413840 
0.374673 
0.480823 
0.441830 
0.421308 
0.391791 
0.336876 
0.303850 
0.309533 
0.249972 
0.214531 
0.189742 
0.178436 
0.156559 
0.149820 
0.193751 
0.243475 
0.345895 
0.404274 
0.461543 
0.397709 
0.378403 
0.397022 
0.370289 
0.388392 
0.412370 
0.399357 
0.310638 
0.343583 
0.379498 
0.364353 
0.343504 
0.397809 
0.342003 
0.439952 
0.382218 
0.409719 
0.314701 
0.374712 
0.368592 
0.304282 
0.313219 
0.320912 
0.348480 
0.259180 
0.235679 
0.281796 
0.257946 
0.266700 
0.234346 
0.219988 
0.243127 
0.241320 
0.347485 
0.275930 
0.292644 
0.356302 
0.285050 
0.342262 
0.332218 
0.299300 
0.231393 
0.124447 
0.051183 
0.014956 
0.004029 
0.000000 
0.000000 
0.000000 
0.000000 
0.000000 
0.000000 
0.000000 
0.000000 
0.000000 
0.000000 
0.000000 
0.000000 
0.000000 
0.009192 
0.029597 
0.046104 
0.068067 
0.121579 
0.177806 
0.139219 
0.204441 
0.201593 
0.350755 
0.252852 
0.352129 
0.303078 
0.272899 
0.243503 
0.204818 
0.245911 
0.184305 
0.149464 
0.115805 
0.117997 
0.103190 
0.104526 
0.059458 
0.079926 
0.090807 
0.092287 
0.100787 
0.101446 
0.104719 
0.149271 
0.206238 
0.211989 
0.272151 
0.379860 
0.388148 
0.337064 
0.339911 
0.279983 
0.388363 
0.344279 
0.310983 
0.258648 
0.243570 
0.239329 
0.166887 
0.181762 
0.164278 
0.169603 
0.159799 
0.152167 
0.147841 
0.166231 
0.160701 
0.139054 
0.181473 
0.170461 
0.235151 
0.226669 
0.225517 
0.250760 
0.239397 
0.200437 
0.228859 
0.237691 
0.259427 
0.256900 
0.210284 
0.149399 
0.125252 
0.106963 
0.123566 
0.145662 
0.187956 
0.188686 
0.178819 
0.227361 
0.190454 
0.135602 
0.096751 
0.078875 
0.075880 
0.086920 
0.090333 
0.125076 
0.101637 
0.101763 
0.106392 
0.114402 
0.108770 
0.115559 
0.090088 
0.079647 
0.086239 
0.088839 
0.078714 
0.084886 
0.093927 
0.067634 
0.063655 
0.052553 
0.042245 
0.043521 
0.030431 
0.024349 
0.015365 
0.011716 
0.006016 
0.000370 
0.000000 
0.000000 
0.000000 
0.000000 
0.000000 
0.000000 
0.000000 
0.000000 
0.000000 
0.000000 
0.000000 
0.000000 
0.000000 
0.000000 
0.000000 
0.000000 
0.000000 
0.000000 
0.000000 
0.000000 
0.000000 
0.000000 
0.000000 
0.000000 
0.000000 
0.000000 
0.000000 
0.000000 
0.000000 
0.000000 
0.001746 
0.004097 
0.006680 
0.009784 
0.012488 
0.016590 
0.016781 
0.018431 
0.016043 
0.018645 
0.022394 
0.017698 
0.023353 
0.020058 
0.017353 
0.017360 
0.016640 
0.013729 
0.026244 
0.033435 
0.039569 
0.056019 
0.053536 
0.047393 
0.050698 
0.060322 
0.063773 
0.065440 
0.103076 
0.133024 
0.158722 
0.162185 
0.179731 
0.155457 
0.147546 
0.153762 
0.168212 
0.137746 
0.132616 
0.108653 
0.076820 
0.064368 
0.057692 
0.070644 
0.063547 
0.055108 
0.057832 
0.049040 
0.039591 
0.031376 
0.020718 
0.012097 
0.009106 
0.004890 
0.001842 
0.000000 
0.000000 
0.000000 
0.000000 
0.000000 
0.000000 
0.000000 
0.000000 
0.000000 
0.000000 
0.000000 
0.000000 
0.000000 
0.000000 
0.000000 
0.000000 
0.000000 
0.000000 
0.000000 
0.000000 
0.000000 
0.000000 
0.000000 
0.000000 
0.000000 
0.000151 
0.000857 
0.000501 
0.000000 
0.000000 
0.000000 
0.000000 
0.000000 
0.000000 
0.000000 
0.000000 
0.000000 
0.000000 
0.000000 
0.000000 
0.000000 
0.000000 
0.000000 
0.000000 
0.000000 
0.000000 
0.000000 
0.000000 
0.000000 
0.000000 
0.000000 
0.000000 
0.000000 
0.000000 
0.000000 
0.000000 
0.000000 
0.000000 
0.000000 
0.000000 
0.000000 
0.000000 
0.000000 
0.000000 
0.000000 
0.000000 
0.000000 
0.000000 
0.000000 
0.000000 
0.000000 
0.000000 
0.000000 
0.000000 
0.000000 
0.000000 
0.000000 
0.000000 
0.000000 
0.000000 
0.000000 
0.000000 
0.000000 
0.000000 
0.000000 
0.000000 
0.000000 
0.000000 
0.000000 
0.000000 
0.000000 
0.000000 
0.000000 
0.000000 
0.000000 
0.000000 
0.000000 
0.000000 
0.000000 
0.000000 
0.000000 
0.000000 
0.000000 
0.000000 
0.000000 
0.000000 
0.000000 
0.000000 
0.000000 
0.000000 
0.000000 
0.000000 
0.000000 
0.000000 
0.000000 
0.000000 
0.000000 
0.000000 
0.000000 
0.000000 
0.000000 
0.000000 
0.000000 
0.000000 
0.000000 
0.000000 
0.000000 
0.000000 
0.000000 
0.000000 
0.000000 
0.000000 
0.000000 
0.000000 
0.000000 
0.000000 
0.000000 
0.000000 
0.000000 
0.000000 
0.000000 
0.000000 
0.000000 
0.000000 
0.000000 
0.000000 
0.000000 
0.000000 
0.000000 
0.000000 
0.000000 
0.000000 
0.000000 
0.000000 
0.000000 
0.000000 
0.000000 
0.000000 
0.000000 
0.000000 
0.000000 
0.000000 
0.000000 
0.000000 
0.000000 
0.000000 
0.000000 
0.000000 
0.000000 
0.000000 
0.000000 
0.000000 
0.000000 
0.000000 
0.000000 
0.000000 
0.000000 
0.000000 
0.000000 
0.000000 
0.000000 
0.000000 
0.000000 
0.000000 
0.000000 
0.000000 
0.000000 
0.000000 
0.000000 
0.000000 
0.000000 
0.000000 
0.000000 
0.000000 
0.000000 
0.000000 
0.000000 
0.000000 
0.000000 
0.000000 
0.000000 
0.000000 
0.000000 
0.000000 
0.000000 
0.000000 
0.000000 
0.000000 
0.000000 
0.000000 
0.000000 
0.000000 
0.000000 
0.000000 
0.000000 
0.000000 
0.000000 
0.000000 
0.000000 
0.000000 
0.000000 
0.000000 
0.000000 
0.000000 
0.000000 
0.000000 
0.000000 
0.000000 
0.000000 
0.000000 
0.000000 
0.000000 
0.000000 
0.000000 
0.000000 
0.000000 
0.000000 
0.000000 
0.000000 
0.000000 
0.000000 
0.000000 
0.000000 
0.000000 
0.000000 
0.000000 
0.000000 
0.000000 
0.000000 
0.000000 
0.000000 
0.000000 
0.000000 
0.000000 
0.000000 
0.000000 
0.000000 
0.000000 
0.000000 
0.000000 
0.000000 
0.000000 
0.000000 
0.000000 
0.000000 
0.000000 
0.000000 
0.000000 
0.000000 
0.000000 
0.000000 
0.000000 
0.000000 
0.000000 
0.000000 
0.000000 
0.000000 
0.000000 
0.000000 
0.000000 
0.000000 
0.000000 
0.000000 
0.000000 
0.000000 
0.000000 
0.000000 
0.000000 
0.000000 
0.000000 
0.000000 
0.000000 
0.000000 
0.000000 
0.000000 
0.000000 
0.000000 
0.000000 
0.000000 
0.000000 
0.000000 
0.000000 
0.000000 
0.000000 
0.000000 
0.000000 
0.000000 
0.000000 
0.000000 
0.000000 
0.000000 
0.000000 
0.000000 
0.000000 
0.000000 
0.000000 
0.000000 
0.000000 
0.000000 
0.000000 
0.000000 
0.000000 
