0.064000 
0.064000 
0.064000 
0.064000 
0.064000 
0.064000 
0.064000 
0.064000 
0.064000 
0.064000 
0.064000 
0.064000 
0.064000 
0.064000 
0.064000 
0.064000 
0.064000 
0.064000 
0.064000 
0.064000 
0.064000 
0.064000 
0.064000 
0.064000 
0.064000 
0.068618 
0.080671 
0.097454 
0.116265 
0.134400 
0.156196 
0.183736 
0.210939 
0.231721 
0.240000 
0.240000 
0.240000 
0.240000 
0.240000 
0.240000 
0.240000 
0.240000 
0.240000 
0.240000 
0.240000 
0.227159 
0.195845 
0.156872 
0.121052 
0.099200 
0.088330 
0.078700 
0.070984 
0.065859 
0.064000 
0.064000 
0.064000 
0.064000 
0.064000 
0.064000 
0.064000 
0.064000 
0.064000 
0.064000 
0.064000 
0.064000 
0.064000 
0.064000 
0.064000 
0.064000 
0.064000 
0.064000 
0.064000 
0.064000 
0.064000 
0.064000 
0.064000 
0.064000 
0.064000 
0.064000 
0.064000 
0.064000 
0.064000 
0.064000 
0.064000 
0.064000 
0.064000 
0.064000 
0.064000 
0.064000 
0.066038 
0.071832 
0.080901 
0.092761 
0.106933 
0.145430 
0.217203 
0.302182 
0.380294 
0.431467 
0.461909 
0.489653 
0.512362 
0.527701 
0.533333 
0.533333 
0.533333 
0.533333 
0.533333 
0.533333 
0.515118 
0.470229 
0.413300 
0.358968 
0.321867 
0.298244 
0.276052 
0.257486 
0.244737 
0.240000 
0.240000 
0.240000 
0.240000 
0.240000 
0.240000 
0.240000 
0.240000 
0.240000 
0.240000 
0.240000 
0.231721 
0.210939 
0.183736 
0.156196 
0.134400 
0.116265 
0.097454 
0.080671 
0.068618 
0.064000 
0.064000 
0.064000 
0.064000 
0.064000 
0.064000 
0.064000 
0.064000 
0.064000 
0.064000 
0.064000 
0.064000 
0.064000 
0.064000 
0.064000 
0.064000 
0.064000 
0.064000 
0.064000 
0.064000 
0.064000 
0.064000 
0.064000 
0.064000 
0.064000 
0.064000 
0.064000 
0.064000 
0.064000 
0.064000 
0.064000 
0.066689 
0.074105 
0.085270 
0.099205 
0.114933 
0.146553 
0.198383 
0.254776 
0.300086 
0.318667 
0.318667 
0.318667 
0.318667 
0.318667 
0.318667 
0.308760 
0.284871 
0.255749 
0.230142 
0.216800 
0.212804 
0.209484 
0.206963 
0.205361 
0.204800 
0.209489 
0.221992 
0.239965 
0.261060 
0.282933 
0.314541 
0.358849 
0.404527 
0.440243 
0.454667 
0.452808 
0.447683 
0.439967 
0.430336 
0.419467 
0.399720 
0.368112 
0.332297 
0.299930 
0.278667 
0.267977 
0.260673 
0.254421 
0.246885 
0.235733 
0.209080 
0.165391 
0.117856 
0.079662 
0.064000 
0.064000 
0.064000 
0.064000 
0.064000 
0.064000 
0.064000 
0.064000 
0.064000 
0.064000 
0.064000 
0.064000 
0.064000 
0.064000 
0.064000 
0.064000 
0.064000 
0.064000 
0.064000 
0.064000 
0.064000 
0.064000 
0.064000 
0.064000 
0.064000 
0.064000 
0.065859 
0.070984 
0.078700 
0.088330 
0.099200 
0.115249 
0.139463 
0.169732 
0.203947 
0.240000 
0.289697 
0.355756 
0.422433 
0.473984 
0.494667 
0.494667 
0.494667 
0.494667 
0.494667 
0.494667 
0.484764 
0.458698 
0.421929 
0.379920 
0.338133 
0.284116 
0.212942 
0.141364 
0.086133 
0.064000 
0.064000 
0.064000 
0.064000 
0.064000 
0.064000 
0.074098 
0.099446 
0.132625 
0.166216 
0.192800 
0.214919 
0.237863 
0.258333 
0.273034 
0.278667 
0.278667 
0.278667 
0.278667 
0.278667 
0.278667 
0.278667 
0.278667 
0.278667 
0.278667 
0.278667 
0.268569 
0.243221 
0.210042 
0.176451 
0.149867 
0.127747 
0.104804 
0.084333 
0.069633 
0.064000 
0.064000 
0.064000 
0.064000 
0.064000 
0.064000 
0.076841 
0.108155 
0.147128 
0.182948 
0.204800 
0.215670 
0.225300 
0.233016 
0.238141 
0.240000 
0.240000 
0.240000 
0.240000 
0.240000 
0.240000 
0.240831 
0.243121 
0.246570 
0.250875 
0.255733 
0.265501 
0.281511 
0.298931 
0.312927 
0.318667 
0.318667 
0.318667 
0.318667 
0.318667 
0.318667 
0.311643 
0.294160 
0.271603 
0.249355 
0.232800 
0.220433 
0.208171 
0.197533 
0.190036 
0.187200 
0.195207 
0.218720 
0.256977 
0.309213 
0.374667 
0.861085 
1.917159 
3.153544 
4.180895 
4.609867 
4.456962 
4.065446 
3.536116 
2.969768 
2.467200 
1.961532 
1.385496 
0.839308 
0.423182 
0.237333 
0.203335 
0.176212 
0.156355 
0.144154 
0.140000 
0.150261 
0.174731 
0.203936 
0.228405 
0.238667 
0.235145 
0.226746 
0.216721 
0.208322 
0.204800 
0.208461 
0.217190 
0.227610 
0.236339 
0.240000 
0.240000 
0.240000 
0.240000 
0.240000 
0.240000 
0.236339 
0.227610 
0.217190 
0.208461 
0.204800 
0.216642 
0.244881 
0.278586 
0.306825 
0.318667 
0.318667 
0.318667 
0.318667 
0.318667 
0.318667 
0.315977 
0.308561 
0.297397 
0.283462 
0.267733 
0.236114 
0.184284 
0.127891 
0.082580 
0.064000 
0.064000 
0.064000 
0.064000 
0.064000 
0.064000 
0.064000 
0.064000 
0.064000 
0.064000 
0.064000 
0.069633 
0.084333 
0.104804 
0.127747 
0.149867 
0.176451 
0.210042 
0.243221 
0.268569 
0.278667 
0.278667 
0.278667 
0.278667 
0.278667 
0.278667 
0.278667 
0.278667 
0.278667 
0.278667 
0.278667 
0.280719 
0.285613 
0.291454 
0.296348 
0.298400 
0.292326 
0.277843 
0.260557 
0.246074 
0.240000 
0.240000 
0.240000 
0.240000 
0.240000 
0.240000 
0.240000 
0.240000 
0.240000 
0.240000 
0.240000 
0.250993 
0.279250 
0.317691 
0.359234 
0.396800 
0.435774 
0.480924 
0.524241 
0.557713 
0.573333 
0.577018 
0.579985 
0.582177 
0.583534 
0.584000 
0.573398 
0.547031 
0.513059 
0.479640 
0.454933 
0.438589 
0.424378 
0.411646 
0.399739 
0.388000 
0.377049 
0.367261 
0.357615 
0.347091 
0.334667 
0.315906 
0.291000 
0.265876 
0.246456 
0.238667 
0.270776 
0.356893 
0.481702 
0.629887 
0.786133 
1.023888 
1.366439 
1.723233 
2.003716 
2.117333 
2.117333 
2.117333 
2.117333 
2.117333 
2.117333 
2.117333 
2.117333 
2.117333 
2.117333 
2.117333 
2.167697 
2.287795 
2.431138 
2.551236 
2.601600 
2.337690 
1.708365 
0.957235 
0.327910 
0.064000 
0.068618 
0.080671 
0.097454 
0.116265 
0.134400 
0.156196 
0.183736 
0.210939 
0.231721 
0.240000 
0.240000 
0.240000 
0.240000 
0.240000 
0.240000 
0.240000 
0.240000 
0.240000 
0.240000 
0.240000 
0.225357 
0.190438 
0.148762 
0.113843 
0.099200 
0.103163 
0.113755 
0.129032 
0.147051 
0.165867 
0.191495 
0.226585 
0.264140 
0.297166 
0.318667 
0.330871 
0.340909 
0.349138 
0.355916 
0.361600 
0.366933 
0.372049 
0.376392 
0.379405 
0.380533 
0.369939 
0.344676 
0.314524 
0.289261 
0.278667 
0.278667 
0.278667 
0.278667 
0.278667 
0.278667 
0.275352 
0.267006 
0.256024 
0.244801 
0.235733 
0.227914 
0.219667 
0.212237 
0.206866 
0.204800 
0.208461 
0.217190 
0.227610 
0.236339 
0.240000 
0.240000 
0.240000 
0.240000 
0.240000 
0.240000 
0.238141 
0.233016 
0.225300 
0.215670 
0.204800 
0.182948 
0.147128 
0.108155 
0.076841 
0.064000 
0.064000 
0.064000 
0.064000 
0.064000 
0.064000 
0.064000 
0.064000 
0.064000 
0.064000 
0.064000 
0.064000 
0.064000 
0.064000 
0.064000 
0.064000 
0.064000 
0.064000 
0.064000 
0.064000 
0.064000 
0.064000 
0.064000 
0.064000 
0.064000 
0.064000 
0.064000 
0.064000 
0.064000 
0.064000 
0.064000 
0.064000 
0.064000 
0.064000 
0.064000 
0.064000 
0.070682 
0.088122 
0.112407 
0.139626 
0.165867 
0.197405 
0.237255 
0.276616 
0.306687 
0.318667 
0.318667 
0.318667 
0.318667 
0.318667 
0.318667 
0.302775 
0.264881 
0.219652 
0.181758 
0.165867 
0.168733 
0.176022 
0.185771 
0.196018 
0.204800 
0.213193 
0.222514 
0.231159 
0.237522 
0.240000 
0.240000 
0.240000 
0.240000 
0.240000 
0.240000 
0.238141 
0.233016 
0.225300 
0.215670 
0.204800 
0.182948 
0.147128 
0.108155 
0.076841 
0.064000 
0.064000 
0.064000 
0.064000 
0.064000 
0.064000 
0.064000 
0.064000 
0.064000 
0.064000 
0.064000 
0.064000 
0.064000 
0.064000 
0.064000 
0.064000 
0.064000 
0.064000 
0.064000 
0.064000 
0.064000 
0.064000 
0.064000 
0.064000 
0.064000 
0.064000 
0.064000 
0.064000 
0.064000 
0.064000 
0.064000 
0.075980 
0.106051 
0.145412 
0.185262 
0.216800 
0.240059 
0.261314 
0.281126 
0.300057 
0.318667 
0.339524 
0.362310 
0.383254 
0.398585 
0.404533 
0.398681 
0.383979 
0.364709 
0.345156 
0.329600 
0.316540 
0.302939 
0.290773 
0.282023 
0.278667 
0.278667 
0.278667 
0.278667 
0.278667 
0.278667 
0.273034 
0.258333 
0.237863 
0.214919 
0.192800 
0.166216 
0.132625 
0.099446 
0.074098 
0.064000 
0.064000 
0.064000 
0.064000 
0.064000 
0.064000 
0.064000 
0.064000 
0.064000 
0.064000 
0.064000 
0.064000 
0.064000 
0.064000 
0.064000 
0.064000 
0.064000 
0.064000 
0.064000 
0.064000 
0.064000 
0.064000 
0.064000 
0.064000 
0.064000 
0.064000 
0.064000 
0.064000 
0.064000 
0.064000 
0.064000 
0.064000 
0.064000 
0.064000 
0.064000 
0.064000 
0.073616 
0.098961 
0.134778 
0.175809 
0.216800 
0.267979 
0.334219 
0.402230 
0.458720 
0.490400 
0.504365 
0.516200 
0.525346 
0.531243 
0.533333 
0.514753 
0.469443 
0.413049 
0.361219 
0.329600 
0.316386 
0.307479 
0.300085 
0.291412 
0.278667 
0.252948 
0.213498 
0.169733 
0.131072 
0.106933 
0.093676 
0.081929 
0.072518 
0.066267 
0.064000 
0.064000 
0.064000 
0.064000 
0.064000 
0.064000 
0.064000 
0.064000 
0.064000 
0.064000 
0.064000 
0.064000 
0.064000 
0.064000 
0.064000 
0.064000 
0.064000 
0.064000 
0.064000 
0.064000 
0.064000 
0.072279 
0.093061 
0.120264 
0.147804 
0.169600 
0.187735 
0.206546 
0.223329 
0.235382 
0.240000 
0.240000 
0.240000 
0.240000 
0.240000 
0.240000 
0.240000 
0.240000 
0.240000 
0.240000 
0.240000 
0.221696 
0.178048 
0.125952 
0.082304 
0.064000 
0.082580 
0.127891 
0.184284 
0.236114 
0.267733 
0.283462 
0.297397 
0.308561 
0.315977 
0.318667 
0.318667 
0.318667 
0.318667 
0.318667 
0.318667 
0.292181 
0.229024 
0.153643 
0.090485 
0.064000 
0.086325 
0.139563 
0.203104 
0.256341 
0.278667 
0.278667 
0.278667 
0.278667 
0.278667 
0.278667 
0.278667 
0.278667 
0.278667 
0.278667 
0.278667 
0.278667 
0.278667 
0.278667 
0.278667 
0.278667 
0.256341 
0.203104 
0.139563 
0.086325 
0.064000 
0.082304 
0.125952 
0.178048 
0.221696 
0.240000 
0.240000 
0.240000 
0.240000 
0.240000 
0.240000 
0.240000 
0.240000 
0.240000 
0.240000 
0.240000 
0.235382 
0.223329 
0.206546 
0.187735 
0.169600 
0.147804 
0.120264 
0.093061 
0.072279 
0.064000 
0.064000 
0.064000 
0.064000 
0.064000 
0.064000 
0.237056 
0.649728 
1.142272 
1.554944 
1.728000 
1.710428 
1.661972 
1.589023 
1.497969 
1.395200 
1.188598 
0.849940 
0.481464 
0.185405 
0.064000 
0.078521 
0.114434 
0.160258 
0.204518 
0.235733 
0.253038 
0.265603 
0.277009 
0.290836 
0.310667 
0.356861 
0.432525 
0.515359 
0.583062 
0.613333 
0.617080 
0.620055 
0.622224 
0.623550 
0.624000 
0.616137 
0.596090 
0.569174 
0.540706 
0.516000 
0.491849 
0.464703 
0.439366 
0.420642 
0.413333 
0.421653 
0.441493 
0.465173 
0.485013 
0.493333 
0.483925 
0.460309 
0.429397 
0.398101 
0.373333 
0.355285 
0.339029 
0.323797 
0.308821 
0.293333 
0.274773 
0.253653 
0.233813 
0.219093 
0.213333 
0.215552 
0.220843 
0.227157 
0.232448 
0.234667 
0.231339 
0.223403 
0.213931 
0.205995 
0.202667 
0.203712 
0.206699 
0.211403 
0.217600 
0.225067 
0.247834 
0.291439 
0.342913 
0.389289 
0.417600 
0.431997 
0.444701 
0.454846 
0.461567 
0.464000 
0.462336 
0.458368 
0.453632 
0.449664 
0.448000 
0.456025 
0.476671 
0.504799 
0.535267 
0.562933 
0.587232 
0.611636 
0.637064 
0.664435 
0.694667 
0.724969 
0.755338 
0.790877 
0.836686 
0.897867 
1.082223 
1.419791 
1.799022 
2.108364 
2.236267 
2.197518 
2.096502 
1.956060 
1.799034 
1.648267 
1.472111 
1.253225 
1.035910 
0.864468 
0.783200 
0.766416 
0.756263 
0.748796 
0.740067 
0.726133 
0.694645 
0.644900 
0.590418 
0.544722 
0.521333 
0.514169 
0.508260 
0.503800 
0.500982 
0.500000 
0.509152 
0.530976 
0.557024 
0.578848 
0.588000 
0.585476 
0.579458 
0.572275 
0.566257 
0.563733 
0.565135 
0.568964 
0.574651 
0.581630 
0.589333 
0.603249 
0.625042 
0.648410 
0.667052 
0.674667 
0.663630 
0.635220 
0.596489 
0.554487 
0.516267 
0.475467 
0.427315 
0.381243 
0.346683 
0.333067 
0.333507 
0.334770 
0.336774 
0.339434 
0.342667 
0.352777 
0.372649 
0.397065 
0.420810 
0.438667 
0.450038 
0.458979 
0.467246 
0.476601 
0.488800 
0.508269 
0.535030 
0.564244 
0.591070 
0.610667 
0.623331 
0.633455 
0.642340 
0.651288 
0.661600 
0.674128 
0.688075 
0.702263 
0.715519 
0.726667 
0.734714 
0.740715 
0.746558 
0.754134 
0.765333 
0.804098 
0.876812 
0.959023 
1.026281 
1.054133 
1.044898 
1.022876 
0.996591 
0.974569 
0.965333 
0.971989 
0.987861 
1.006805 
1.022677 
1.029333 
1.015744 
0.981013 
0.934197 
0.884352 
0.840533 
0.796687 
0.746775 
0.699881 
0.665084 
0.651467 
0.652445 
0.654798 
0.657647 
0.660118 
0.661333 
0.661555 
0.661675 
0.661764 
0.661893 
0.662133 
0.813013 
1.172341 
1.601109 
1.960309 
2.110933 
1.947279 
1.557026 
1.091241 
0.700988 
0.537333 
0.540028 
0.547125 
0.557141 
0.568594 
0.580000 
0.591626 
0.604819 
0.619720 
0.636467 
0.655200 
0.677612 
0.704479 
0.734566 
0.766640 
0.799467 
0.835324 
0.875285 
0.916303 
0.955334 
0.989333 
1.022062 
1.056045 
1.086384 
1.108179 
1.116533 
1.109324 
1.090639 
1.064892 
1.036497 
1.009867 
0.979687 
0.942826 
0.906976 
0.879826 
0.869067 
1.028367 
1.408237 
1.861630 
2.241500 
2.400800 
2.228659 
1.818170 
1.328230 
0.917741 
0.745600 
0.758947 
0.792767 
0.837726 
0.884493 
0.923733 
0.959868 
0.999227 
1.035346 
1.061759 
1.072000 
1.072000 
1.072000 
1.072000 
1.072000 
1.072000 
1.071445 
1.070123 
1.068544 
1.067221 
1.066667 
1.067166 
1.068356 
1.069777 
1.070967 
1.071467 
1.055578 
1.016087 
0.965262 
0.915366 
0.878667 
0.854108 
0.832281 
0.812920 
0.795760 
0.780533 
0.765471 
0.750303 
0.737013 
0.727584 
0.724000 
0.726926 
0.735168 
0.747920 
0.764377 
0.783733 
0.832251 
0.919266 
1.018582 
1.104003 
1.149333 
1.164781 
1.177679 
1.187519 
1.193795 
1.196000 
1.190047 
1.173576 
1.148668 
1.117404 
1.081867 
1.013547 
0.901819 
0.775583 
0.663743 
0.595200 
0.559699 
0.528801 
0.504134 
0.487324 
0.480000 
0.478140 
0.476655 
0.475565 
0.474895 
0.474667 
0.489979 
0.528743 
0.580197 
0.633580 
0.678133 
0.718776 
0.762835 
0.803159 
0.832598 
0.844000 
0.834016 
0.810208 
0.781792 
0.757984 
0.748000 
0.752992 
0.764896 
0.779104 
0.791008 
0.796000 
0.788097 
0.768035 
0.741284 
0.713316 
0.689600 
0.669681 
0.649871 
0.630794 
0.613074 
0.597333 
0.583807 
0.571806 
0.560567 
0.549331 
0.537333 
0.525909 
0.515552 
0.504240 
0.489952 
0.470667 
0.419297 
0.329279 
0.229372 
0.148336 
0.114933 
0.138564 
0.196791 
0.270616 
0.341041 
0.389067 
0.419565 
0.448193 
0.472132 
0.488563 
0.494667 
0.487984 
0.470545 
0.446260 
0.419041 
0.392800 
0.365952 
0.335481 
0.303154 
0.270739 
0.240000 
0.208400 
0.174741 
0.142802 
0.116362 
0.099200 
0.088330 
0.078700 
0.070984 
0.065859 
0.064000 
0.066267 
0.072518 
0.081929 
0.093676 
0.106933 
0.133586 
0.177275 
0.224811 
0.263005 
0.278667 
0.278667 
0.278667 
0.278667 
0.278667 
0.278667 
0.278667 
0.278667 
0.278667 
0.278667 
0.278667 
0.276262 
0.269737 
0.260119 
0.248442 
0.235733 
