0.000000 
0.000000 
0.000000 
0.000000 
0.000000 
0.000000 
0.000000 
0.000000 
0.000000 
0.000000 
0.000000 
0.000000 
0.000000 
0.000000 
0.000000 
0.000000 
0.000000 
0.000000 
0.000000 
0.000000 
0.000000 
0.000000 
0.000000 
0.000000 
0.000000 
0.000000 
0.000000 
0.000000 
0.000000 
0.000000 
0.000000 
0.000000 
0.000000 
0.000000 
0.000000 
0.000000 
0.000000 
0.000000 
0.000000 
0.000000 
0.000000 
0.000000 
0.000000 
0.000000 
0.000000 
0.000000 
0.000000 
0.000000 
0.000000 
0.000000 
0.000000 
0.000000 
0.000000 
0.000000 
0.000000 
0.000000 
0.000000 
0.000000 
0.000000 
0.000000 
0.000000 
0.000000 
0.000000 
0.000000 
0.000000 
0.000000 
0.000000 
0.000000 
0.000000 
0.000000 
0.000000 
0.000000 
0.000000 
0.000000 
0.000000 
0.000000 
0.000000 
0.000000 
0.000000 
0.000000 
0.000000 
0.000000 
0.000000 
0.000000 
0.000000 
0.000000 
0.000000 
0.000000 
0.000000 
0.000000 
0.000000 
0.000000 
0.000000 
0.000000 
0.000000 
0.000000 
0.000000 
0.000000 
0.000000 
0.000000 
0.000000 
0.000000 
0.000000 
0.000000 
0.000000 
0.000000 
0.000000 
0.000000 
0.000000 
0.000000 
0.000000 
0.000000 
0.000000 
0.000000 
0.000000 
0.000000 
0.000000 
0.000000 
0.000000 
0.000000 
0.000000 
0.000000 
0.000000 
0.000000 
0.000000 
0.000000 
0.000000 
0.000000 
0.000000 
0.000000 
0.000000 
0.000000 
0.000000 
0.000000 
0.000000 
0.000000 
0.000000 
0.000000 
0.000000 
0.000000 
0.000000 
0.000000 
0.000000 
0.000000 
0.000000 
0.000000 
0.000000 
0.000000 
0.000000 
0.000000 
0.000000 
0.000000 
0.000000 
0.000000 
0.000000 
0.000000 
0.000000 
0.000000 
0.000000 
0.000000 
0.000000 
0.000000 
0.000000 
0.000000 
0.000000 
0.000000 
0.000000 
0.000000 
0.000000 
0.000000 
0.000000 
0.000000 
0.000000 
0.000000 
0.000000 
0.000000 
0.000000 
0.000000 
0.000000 
0.000000 
0.000000 
0.000000 
0.000000 
0.000000 
0.000000 
0.000000 
0.000000 
0.000000 
0.000000 
0.000000 
0.000000 
0.000000 
0.000000 
0.000000 
0.000000 
0.000000 
0.000000 
0.000000 
0.000000 
0.000000 
0.000000 
0.000000 
0.000000 
0.000000 
0.000000 
0.000000 
0.000000 
0.000000 
0.000000 
0.000000 
0.000000 
0.000000 
0.000000 
0.000000 
0.000000 
0.000000 
0.000000 
0.000000 
0.000000 
0.000000 
0.000000 
0.000000 
0.000000 
0.000000 
0.000000 
0.000000 
0.000000 
0.000000 
0.000000 
0.000000 
0.000000 
0.000000 
0.000000 
0.000000 
0.000000 
0.000000 
0.000000 
0.000000 
0.000000 
0.000000 
0.000000 
0.000000 
0.000000 
0.000000 
0.000000 
0.000000 
0.000000 
0.000000 
0.000000 
0.000000 
0.000000 
0.000000 
0.000000 
0.000000 
0.000000 
0.000000 
0.000000 
0.000000 
0.000000 
0.000000 
0.000000 
0.000000 
0.000000 
0.000000 
0.000000 
0.000000 
0.000000 
0.000000 
0.000000 
0.000000 
0.000000 
0.000000 
0.000000 
0.000000 
0.000000 
0.000000 
0.000000 
0.000000 
0.000000 
0.000000 
0.000000 
0.000000 
0.000000 
0.000000 
0.000000 
0.000000 
0.000000 
0.000000 
0.000000 
0.000000 
0.000000 
0.000000 
0.000000 
0.000000 
0.000000 
0.000000 
0.000000 
0.000000 
0.000000 
0.000000 
0.000000 
0.000000 
0.000000 
0.000000 
0.000000 
0.000000 
0.000000 
0.000000 
0.000000 
0.000000 
0.000000 
0.000000 
0.000000 
0.000000 
0.000000 
0.000000 
0.000000 
0.000000 
0.000000 
0.000000 
0.000000 
0.000000 
0.000000 
0.000000 
0.000000 
0.000000 
0.000000 
0.000000 
0.000000 
0.000000 
0.000000 
0.000000 
0.000000 
0.000000 
0.000000 
0.000000 
0.000000 
0.000000 
0.000000 
0.000000 
0.000000 
0.000000 
0.000000 
0.000000 
0.000000 
0.000000 
0.000000 
0.000000 
0.000000 
0.000000 
0.000000 
0.000000 
0.000000 
0.000000 
0.000000 
0.000000 
0.000000 
0.000000 
0.000000 
0.000000 
0.000000 
0.000000 
0.000000 
0.000000 
0.000000 
0.000000 
0.000000 
0.000000 
0.000000 
0.000000 
0.000000 
0.000000 
0.000000 
0.000000 
0.000000 
0.000000 
0.000000 
0.000000 
0.000000 
0.000000 
0.000000 
0.000000 
0.000000 
0.000000 
0.000000 
0.000000 
0.000000 
0.000000 
0.000000 
0.000000 
0.000000 
0.000000 
0.000000 
0.000000 
0.000000 
0.000000 
0.000000 
0.000000 
0.000000 
0.000000 
0.000000 
0.000000 
0.000000 
0.000000 
0.000000 
0.000000 
0.000000 
0.000000 
0.000000 
0.000000 
0.000000 
0.000000 
0.000000 
0.000000 
0.000000 
0.000000 
0.000000 
0.000000 
0.000000 
0.000000 
0.000000 
0.004343 
0.019216 
0.026700 
0.033606 
0.023722 
0.027689 
0.027766 
0.021631 
0.021655 
0.024222 
0.032151 
0.050204 
0.062727 
0.077054 
0.081719 
0.082781 
0.097711 
0.106457 
0.113968 
0.121236 
0.118101 
0.121706 
0.123678 
0.130950 
0.161998 
0.139754 
0.168850 
0.180284 
0.187460 
0.195304 
0.181921 
0.149569 
0.174802 
0.187910 
0.212816 
0.176159 
0.215127 
0.217933 
0.263161 
0.219068 
0.228280 
0.177524 
0.144024 
0.123948 
0.077358 
0.002187 
0.000000 
0.000000 
0.000000 
0.000000 
0.000000 
0.018606 
0.081792 
0.125401 
0.134910 
0.145358 
0.144604 
0.188597 
0.163297 
0.124039 
0.191329 
0.187167 
0.191243 
0.189193 
0.181262 
0.173502 
0.190288 
0.214922 
0.180183 
0.170763 
0.194042 
0.214703 
0.184732 
0.207111 
0.220338 
0.183708 
0.211098 
0.213230 
0.243966 
0.194643 
0.142490 
0.145432 
0.112768 
0.114233 
0.100389 
0.138185 
0.177804 
0.228051 
0.264821 
0.216224 
0.155213 
0.100035 
0.014928 
0.000000 
0.000000 
0.000000 
0.000000 
0.000000 
0.000000 
0.000000 
0.000000 
0.000000 
0.013082 
0.072732 
0.134249 
0.129281 
0.213575 
0.214077 
0.225379 
0.257466 
0.266783 
0.325071 
0.308580 
0.286346 
0.306454 
0.320433 
0.298589 
0.286125 
0.279801 
0.287110 
0.319901 
0.297084 
0.345135 
0.241771 
0.339865 
0.310691 
0.299640 
0.273471 
0.296807 
0.301323 
0.288416 
0.327085 
0.333859 
0.335216 
0.295507 
0.269404 
0.312429 
0.317356 
0.329699 
0.272217 
0.350848 
0.355673 
0.321219 
0.372289 
0.338584 
0.366223 
0.346220 
0.358639 
0.350797 
0.374395 
0.350721 
0.418200 
0.359318 
0.344004 
0.349120 
0.383334 
0.345254 
0.428085 
0.359767 
0.480430 
0.304750 
0.399942 
0.331511 
0.440279 
0.436292 
0.394655 
0.374029 
0.334377 
0.356582 
0.367895 
0.330596 
0.507101 
0.435599 
0.427526 
0.474157 
0.336730 
0.244392 
0.161052 
0.119618 
0.099783 
0.142265 
0.177665 
0.247541 
0.243216 
0.334042 
0.344146 
0.391624 
0.387443 
0.505213 
0.512723 
0.421828 
0.445167 
0.506280 
0.304481 
0.434577 
0.296132 
0.243535 
0.188917 
0.143436 
0.150418 
0.104186 
0.066871 
0.050247 
0.035137 
0.087128 
0.169403 
0.373496 
0.446358 
0.479052 
0.496969 
0.507543 
0.485919 
0.507238 
0.487482 
0.463035 
0.309337 
0.212509 
0.219014 
0.171208 
0.204464 
0.301479 
0.425685 
0.458821 
0.510879 
0.485443 
0.497374 
0.461570 
0.473135 
0.460627 
0.397266 
0.373822 
0.341098 
0.393536 
0.402414 
0.375653 
0.321702 
0.466146 
0.499228 
0.594296 
0.582918 
0.393363 
0.448545 
0.316628 
0.246104 
0.188660 
0.070549 
0.000000 
0.000000 
0.000000 
0.000000 
0.000000 
0.000000 
0.000000 
0.000000 
0.000000 
0.001945 
0.157494 
0.280497 
0.337768 
0.382197 
0.443055 
0.458446 
0.519740 
0.493201 
0.477723 
0.463799 
0.523980 
0.463323 
0.427887 
0.409318 
0.584535 
0.571916 
0.529704 
0.489199 
0.576712 
0.580629 
0.540851 
0.577732 
0.513324 
0.577075 
0.530152 
0.564439 
0.480497 
0.454483 
0.340776 
0.248876 
0.080796 
0.000000 
0.000000 
0.000000 
0.000000 
0.000000 
0.026859 
0.056216 
0.076026 
0.117942 
0.167446 
0.170392 
0.194195 
0.155826 
0.104378 
0.045590 
0.004556 
0.000000 
0.003949 
0.051476 
0.109249 
0.190047 
0.214276 
0.331306 
0.310905 
0.346343 
0.366229 
0.384062 
0.340099 
0.228094 
0.149684 
0.051521 
0.020077 
0.019386 
0.025523 
0.036545 
0.042284 
0.045376 
0.033763 
0.022901 
0.012717 
0.000544 
0.000000 
0.002274 
0.020102 
0.046120 
0.066468 
0.093592 
0.088325 
0.144331 
0.166700 
0.172682 
0.207507 
0.232048 
0.327747 
0.429413 
0.457928 
0.503161 
0.474145 
0.434698 
0.490356 
0.432380 
0.334754 
0.378067 
0.267981 
0.133346 
0.040951 
0.000000 
0.000000 
0.000000 
0.000000 
0.000000 
0.000000 
0.000000 
0.000000 
0.031201 
0.109450 
0.176178 
0.266521 
0.395877 
0.457364 
0.501624 
0.496165 
0.561407 
0.452211 
0.549893 
0.602578 
0.526426 
0.510613 
0.542695 
0.438586 
0.452256 
0.486164 
0.535091 
0.477623 
0.515482 
0.588282 
0.490645 
0.501992 
0.556218 
0.491982 
0.423804 
0.510559 
0.537350 
0.497928 
0.474733 
0.495468 
0.531278 
0.536178 
0.500909 
0.544845 
0.545499 
0.518120 
0.522686 
0.555713 
0.602756 
0.540494 
0.551799 
0.460746 
0.394153 
0.365317 
0.313843 
0.327847 
0.345346 
0.385357 
0.424403 
0.449978 
0.523970 
0.539183 
0.606146 
0.532972 
0.490633 
0.537761 
0.553180 
0.592307 
0.558153 
0.483234 
0.503686 
0.446009 
0.376889 
0.458541 
0.522535 
0.455887 
0.412370 
0.423115 
0.386531 
0.337915 
0.348976 
0.301360 
0.301073 
0.217731 
0.212889 
0.185830 
0.237597 
0.279811 
0.340657 
0.417010 
0.473561 
0.479522 
0.460514 
0.433178 
0.460595 
0.541954 
0.519882 
0.493086 
0.494301 
0.399358 
0.422372 
0.345686 
0.376875 
0.491316 
0.514258 
0.421790 
0.435620 
0.474437 
0.415633 
0.401720 
0.367393 
0.362394 
0.320893 
0.388262 
0.367435 
0.307735 
0.312239 
0.298262 
0.315351 
0.291649 
0.251796 
0.283515 
0.348632 
0.370548 
0.319764 
0.433665 
0.366590 
0.419520 
0.335632 
0.337149 
0.294512 
0.327845 
0.223653 
0.137715 
0.074135 
0.017127 
0.004027 
0.000000 
0.000000 
0.000000 
0.000000 
0.000000 
0.000000 
0.000000 
0.000000 
0.000000 
0.000000 
0.000000 
0.000000 
0.000000 
0.010947 
0.030248 
0.059189 
0.109021 
0.127921 
0.148832 
0.258256 
0.248788 
0.337476 
0.328391 
0.345069 
0.391189 
0.344956 
0.294385 
0.272376 
0.188164 
0.218869 
0.156368 
0.183584 
0.135561 
0.146311 
0.140375 
0.113753 
0.097946 
0.106869 
0.100110 
0.105198 
0.112210 
0.131756 
0.140519 
0.174716 
0.205609 
0.270223 
0.307226 
0.369209 
0.349448 
0.464324 
0.404579 
0.385524 
0.368568 
0.367017 
0.342883 
0.280815 
0.240183 
0.184278 
0.220709 
0.192014 
0.197852 
0.160583 
0.188512 
0.223833 
0.202899 
0.182441 
0.202819 
0.203557 
0.199465 
0.205678 
0.234526 
0.233488 
0.204350 
0.263237 
0.272834 
0.270485 
0.285126 
0.299218 
0.267368 
0.232043 
0.211560 
0.210457 
0.156133 
0.142860 
0.156753 
0.172527 
0.210379 
0.229415 
0.215990 
0.257237 
0.174535 
0.156961 
0.106433 
0.115072 
0.097251 
0.091370 
0.120045 
0.121645 
0.138513 
0.119188 
0.123295 
0.116359 
0.102263 
0.118112 
0.134709 
0.134870 
0.088368 
0.097713 
0.108037 
0.112240 
0.088533 
0.078929 
0.078808 
0.059443 
0.056249 
0.051763 
0.036408 
0.027055 
0.018551 
0.013193 
0.006426 
0.000411 
0.000000 
0.000000 
0.000000 
0.000000 
0.000000 
0.000000 
0.000000 
0.000000 
0.000000 
0.000000 
0.000000 
0.000000 
0.000000 
0.000000 
0.000000 
0.000000 
0.000000 
0.000000 
0.000000 
0.000000 
0.000000 
0.000000 
0.000000 
0.000000 
0.000000 
0.000000 
0.000000 
0.000000 
0.000000 
0.000000 
0.001587 
0.004331 
0.009266 
0.012148 
0.013578 
0.021552 
0.022582 
0.020836 
0.024552 
0.022994 
0.025460 
0.024971 
0.022791 
0.024582 
0.023274 
0.019649 
0.016477 
0.020070 
0.037261 
0.040940 
0.043760 
0.058226 
0.054308 
0.061050 
0.054513 
0.068594 
0.078757 
0.091326 
0.143738 
0.169220 
0.193000 
0.221444 
0.200191 
0.191010 
0.167136 
0.188972 
0.162791 
0.133480 
0.135560 
0.097845 
0.086267 
0.080928 
0.067906 
0.072037 
0.066872 
0.077401 
0.071539 
0.064004 
0.051442 
0.037965 
0.027913 
0.021482 
0.018926 
0.010226 
0.008333 
0.005765 
0.002334 
0.000761 
0.000000 
0.000000 
0.000000 
0.000000 
0.000000 
0.000000 
0.001832 
0.003799 
0.004995 
0.004195 
0.003141 
0.001618 
0.000767 
0.000000 
0.000000 
0.000000 
0.000000 
0.000000 
0.000000 
0.000000 
0.001066 
0.003134 
0.005882 
0.006079 
0.005460 
0.004734 
0.002511 
0.000409 
0.000000 
0.000000 
0.000000 
0.000000 
0.000000 
0.000000 
0.000000 
0.000000 
0.000000 
0.000000 
0.000000 
0.000000 
0.000000 
0.000000 
0.000000 
0.000000 
0.000000 
0.000000 
0.000000 
0.000000 
0.000000 
0.000000 
0.000000 
0.000000 
0.000000 
0.000000 
0.000000 
0.000000 
0.000000 
0.000000 
0.000000 
0.000000 
0.000000 
0.000000 
0.000000 
0.000000 
0.000000 
0.000000 
0.000000 
0.000000 
0.000000 
0.000000 
0.000000 
0.000000 
0.000000 
0.000000 
0.000000 
0.000000 
0.000000 
0.000000 
0.000000 
0.000000 
0.000000 
0.000000 
0.000000 
0.000000 
0.000000 
0.000000 
0.000000 
0.000000 
0.000000 
0.000000 
0.000000 
0.000000 
0.000000 
0.000000 
0.000000 
0.000000 
0.000000 
0.000000 
0.000000 
0.000000 
0.000000 
0.000000 
0.000000 
0.000000 
0.000000 
0.000000 
0.000000 
0.000000 
0.000000 
0.000000 
0.000000 
0.000000 
0.000000 
0.000000 
0.000000 
0.000000 
0.000000 
0.000000 
0.000000 
0.000000 
0.000000 
0.000000 
0.000000 
0.000000 
0.000000 
0.000000 
0.000000 
0.000000 
0.000000 
0.000000 
0.000000 
0.000000 
0.000000 
0.000000 
0.000000 
0.000000 
0.000000 
0.000000 
0.000000 
0.000000 
0.000000 
0.000000 
0.000000 
0.000000 
0.000000 
0.000000 
0.000000 
0.000000 
0.000000 
0.000000 
0.000000 
0.000000 
0.000000 
0.000000 
0.000000 
0.000000 
0.000000 
0.000000 
0.000000 
0.000000 
0.000000 
0.000000 
0.000000 
0.000000 
0.000000 
0.000000 
0.000000 
0.000000 
0.000000 
0.000000 
0.000000 
0.000000 
0.000000 
0.000000 
0.000000 
0.000000 
0.000000 
0.000000 
0.000000 
0.000000 
0.000000 
0.000000 
0.000000 
0.000000 
0.000000 
0.000000 
0.000000 
0.000000 
0.000000 
0.000000 
0.000000 
0.000000 
0.000000 
0.000000 
0.000000 
0.000000 
0.000000 
0.000000 
0.000000 
0.000000 
0.000000 
0.000000 
0.000000 
0.000000 
0.000000 
0.000000 
0.000000 
0.000000 
0.000000 
0.000000 
0.000000 
0.000000 
0.000000 
0.000000 
0.000000 
0.000000 
0.000000 
0.000000 
0.000000 
0.000000 
0.000000 
0.000000 
0.000000 
0.000000 
0.000000 
0.000000 
0.000000 
0.000000 
0.000000 
0.000000 
0.000000 
0.000000 
0.000000 
0.000000 
0.000000 
0.000000 
0.000000 
0.000000 
0.000000 
0.000000 
0.000000 
0.000000 
0.000000 
0.000000 
0.000000 
0.000000 
0.000000 
0.000000 
0.000000 
0.000000 
0.000000 
0.000000 
0.000000 
0.000000 
0.000000 
0.000000 
0.000000 
0.000000 
0.000000 
0.000000 
0.000000 
0.000000 
0.000000 
0.000000 
0.000000 
0.000000 
0.000000 
0.000000 
0.000000 
0.000000 
0.000000 
0.000000 
0.000000 
0.000000 
0.000000 
0.000000 
0.000000 
0.000000 
0.000000 
0.000000 
0.000000 
0.000000 
0.000000 
0.000000 
0.000000 
0.000000 
0.000000 
0.000000 
0.000000 
0.000000 
0.000000 
0.000000 
0.000000 
0.000000 
0.000000 
0.000000 
0.000000 
0.000000 
0.000000 
0.000000 
0.000000 
0.000000 
0.000000 
0.000000 
0.000000 
0.000000 
0.000000 
0.000000 
0.000000 
0.000000 
0.000000 
0.000000 
0.000000 
0.000000 
0.000000 
0.000000 
0.000000 
0.000000 
0.000000 
