0.000000 
0.000000 
0.000000 
0.000000 
0.000000 
0.000000 
0.000000 
0.000000 
0.000000 
0.000000 
0.000000 
0.000000 
0.000000 
0.000000 
0.000000 
0.000000 
0.000000 
0.000000 
0.000000 
0.000000 
0.000000 
0.000000 
0.000000 
0.000000 
0.000000 
0.000000 
0.000000 
0.000000 
0.000000 
0.000000 
0.000000 
0.000000 
0.000000 
0.000000 
0.000000 
0.000000 
0.000000 
0.000000 
0.000000 
0.000000 
0.000000 
0.000000 
0.000000 
0.000000 
0.000000 
0.000000 
0.000000 
0.000000 
0.000000 
0.000000 
0.000000 
0.000000 
0.000000 
0.000000 
0.000000 
0.000000 
0.000000 
0.000000 
0.000000 
0.000000 
0.000000 
0.000000 
0.000000 
0.000000 
0.000000 
0.000000 
0.000000 
0.000000 
0.000000 
0.000000 
0.000000 
0.000000 
0.000000 
0.000000 
0.000000 
0.000000 
0.000000 
0.000000 
0.000000 
0.000000 
0.000000 
0.000000 
0.000000 
0.000000 
0.000000 
0.000000 
0.000000 
0.000000 
0.000000 
0.000000 
0.000000 
0.000000 
0.000000 
0.000000 
0.000000 
0.000000 
0.000000 
0.000000 
0.000000 
0.000000 
0.000000 
0.000000 
0.000000 
0.000000 
0.000000 
0.000000 
0.000000 
0.000000 
0.000000 
0.000000 
0.000000 
0.000000 
0.000000 
0.000000 
0.000000 
0.000000 
0.000000 
0.000000 
0.000000 
0.000000 
0.000000 
0.000000 
0.000000 
0.000000 
0.000000 
0.000000 
0.000000 
0.000000 
0.000000 
0.000000 
0.000000 
0.000000 
0.000000 
0.000000 
0.000000 
0.000000 
0.000000 
0.000000 
0.000000 
0.000000 
0.000000 
0.000000 
0.000000 
0.000000 
0.000000 
0.000000 
0.000000 
0.000000 
0.000000 
0.000000 
0.000000 
0.000000 
0.000000 
0.000000 
0.000000 
0.000000 
0.000000 
0.000000 
0.000000 
0.000000 
0.000000 
0.000000 
0.000000 
0.000000 
0.000000 
0.000000 
0.000000 
0.000000 
0.000000 
0.000000 
0.000000 
0.000000 
0.000000 
0.000000 
0.000000 
0.000000 
0.000000 
0.000000 
0.000000 
0.000000 
0.000000 
0.000000 
0.000000 
0.000000 
0.000000 
0.000000 
0.000000 
0.000000 
0.000000 
0.000000 
0.000000 
0.000000 
0.000000 
0.000000 
0.000000 
0.000000 
0.000000 
0.000000 
0.000000 
0.000000 
0.000000 
0.000000 
0.000000 
0.000000 
0.000000 
0.000000 
0.000000 
0.000000 
0.000000 
0.000000 
0.000000 
0.000000 
0.000000 
0.000000 
0.000000 
0.000000 
0.000000 
0.000000 
0.000000 
0.000000 
0.000000 
0.000000 
0.000000 
0.000000 
0.000000 
0.000000 
0.000000 
0.000000 
0.000000 
0.000000 
0.000000 
0.000000 
0.000000 
0.000000 
0.000000 
0.000000 
0.000000 
0.000000 
0.000000 
0.000000 
0.000000 
0.000000 
0.000000 
0.000000 
0.000000 
0.000000 
0.000000 
0.000000 
0.000000 
0.000000 
0.000000 
0.000000 
0.000000 
0.000000 
0.000000 
0.000000 
0.000000 
0.000000 
0.000000 
0.000000 
0.000000 
0.000000 
0.000000 
0.000000 
0.000000 
0.000000 
0.000000 
0.000000 
0.000000 
0.000000 
0.000000 
0.000000 
0.000000 
0.000000 
0.000000 
0.000000 
0.000000 
0.000000 
0.000000 
0.000000 
0.000000 
0.000000 
0.000000 
0.000000 
0.000000 
0.000000 
0.000000 
0.000000 
0.000000 
0.000000 
0.000000 
0.000000 
0.000000 
0.000000 
0.000000 
0.000000 
0.000000 
0.000000 
0.000000 
0.000000 
0.000000 
0.000000 
0.000000 
0.000000 
0.000000 
0.000000 
0.000000 
0.000000 
0.000000 
0.000000 
0.000000 
0.000000 
0.000000 
0.000000 
0.000000 
0.000000 
0.000000 
0.000000 
0.000000 
0.000000 
0.000000 
0.000000 
0.000000 
0.000000 
0.000000 
0.000000 
0.000000 
0.000000 
0.000000 
0.000000 
0.000000 
0.000000 
0.000000 
0.000000 
0.000000 
0.000000 
0.000000 
0.000000 
0.000000 
0.000000 
0.000000 
0.000000 
0.000000 
0.000000 
0.000000 
0.000000 
0.000000 
0.000000 
0.000000 
0.000000 
0.000000 
0.000000 
0.000000 
0.000000 
0.000000 
0.000000 
0.000000 
0.000000 
0.000000 
0.000000 
0.000000 
0.000000 
0.000000 
0.000000 
0.000000 
0.000000 
0.000000 
0.000000 
0.000000 
0.000000 
0.000000 
0.000000 
0.000000 
0.000000 
0.000000 
0.000000 
0.000000 
0.000000 
0.000000 
0.000000 
0.000000 
0.000000 
0.000000 
0.000000 
0.000000 
0.000000 
0.000000 
0.000000 
0.000000 
0.000000 
0.000000 
0.000000 
0.000000 
0.000000 
0.000000 
0.000000 
0.000000 
0.000000 
0.000000 
0.000000 
0.000000 
0.000000 
0.000000 
0.000000 
0.000000 
0.000000 
0.000000 
0.000000 
0.000000 
0.000000 
0.000000 
0.000000 
0.000000 
0.000000 
0.000000 
0.000000 
0.000000 
0.000000 
0.000000 
0.000000 
0.000000 
0.005256 
0.014690 
0.028326 
0.038513 
0.027914 
0.027438 
0.025932 
0.019497 
0.018955 
0.034154 
0.041311 
0.059102 
0.072420 
0.091167 
0.090436 
0.119777 
0.117716 
0.089422 
0.149043 
0.138437 
0.136753 
0.122777 
0.152984 
0.167721 
0.178052 
0.150107 
0.180439 
0.241804 
0.197847 
0.230626 
0.209956 
0.203346 
0.186408 
0.230514 
0.230655 
0.240404 
0.237810 
0.235908 
0.250954 
0.233146 
0.300517 
0.201870 
0.197741 
0.119069 
0.072740 
0.002693 
0.000000 
0.000000 
0.000000 
0.000000 
0.000000 
0.024229 
0.094674 
0.143581 
0.142178 
0.200465 
0.190781 
0.186216 
0.204529 
0.204152 
0.208029 
0.199597 
0.172372 
0.199217 
0.192427 
0.221789 
0.183362 
0.181546 
0.207239 
0.195954 
0.208342 
0.193910 
0.229000 
0.201684 
0.186060 
0.256367 
0.261882 
0.255410 
0.239015 
0.239370 
0.215637 
0.149752 
0.127007 
0.100498 
0.131225 
0.178433 
0.206276 
0.245130 
0.304238 
0.252987 
0.193573 
0.101607 
0.016515 
0.000000 
0.000000 
0.000000 
0.000000 
0.000000 
0.000000 
0.000000 
0.000000 
0.000000 
0.017574 
0.082698 
0.135885 
0.232120 
0.261698 
0.327804 
0.334190 
0.335456 
0.297847 
0.388322 
0.343552 
0.352395 
0.347945 
0.434090 
0.323959 
0.327263 
0.342460 
0.321474 
0.369667 
0.331881 
0.323521 
0.368908 
0.347614 
0.349645 
0.322256 
0.348105 
0.372584 
0.384640 
0.330858 
0.394774 
0.374186 
0.386368 
0.353664 
0.458064 
0.304406 
0.387673 
0.347715 
0.317403 
0.410166 
0.418002 
0.395263 
0.356601 
0.458246 
0.346406 
0.381328 
0.410887 
0.391093 
0.396273 
0.410343 
0.511828 
0.406021 
0.384367 
0.459990 
0.453396 
0.362567 
0.453338 
0.449068 
0.486072 
0.395540 
0.531614 
0.429628 
0.452837 
0.450888 
0.418397 
0.422497 
0.374435 
0.384262 
0.431322 
0.423117 
0.485883 
0.497543 
0.532600 
0.556512 
0.434949 
0.251853 
0.164258 
0.141040 
0.124167 
0.161535 
0.196302 
0.207525 
0.294666 
0.304271 
0.424499 
0.395442 
0.553088 
0.575802 
0.520232 
0.518196 
0.482554 
0.550508 
0.503324 
0.407942 
0.319432 
0.304655 
0.262458 
0.242189 
0.169140 
0.085821 
0.072673 
0.049500 
0.036351 
0.073803 
0.209353 
0.379399 
0.586081 
0.607627 
0.537079 
0.665667 
0.568479 
0.451924 
0.441080 
0.391489 
0.357083 
0.317697 
0.192652 
0.191248 
0.255486 
0.373295 
0.462204 
0.566316 
0.550940 
0.642853 
0.542787 
0.462420 
0.616847 
0.557608 
0.570592 
0.519259 
0.569496 
0.369821 
0.411313 
0.542959 
0.491520 
0.500577 
0.532203 
0.551822 
0.675395 
0.672550 
0.330873 
0.361001 
0.255436 
0.228318 
0.086692 
0.000000 
0.000000 
0.000000 
0.000000 
0.000000 
0.000000 
0.000000 
0.000000 
0.000000 
0.002204 
0.134931 
0.317156 
0.454643 
0.412883 
0.401778 
0.529856 
0.528885 
0.647411 
0.547048 
0.558411 
0.652199 
0.569426 
0.660888 
0.592778 
0.522731 
0.554494 
0.626311 
0.507761 
0.573215 
0.632954 
0.449664 
0.536489 
0.564702 
0.514035 
0.678844 
0.511991 
0.575171 
0.502103 
0.437302 
0.263174 
0.098601 
0.000000 
0.000000 
0.000000 
0.000000 
0.000000 
0.024359 
0.069026 
0.100702 
0.134774 
0.161255 
0.185835 
0.165775 
0.181951 
0.104109 
0.062446 
0.004089 
0.000000 
0.004393 
0.057960 
0.126700 
0.181565 
0.263421 
0.329538 
0.401757 
0.405163 
0.405690 
0.346675 
0.367931 
0.270409 
0.165918 
0.043715 
0.018962 
0.026398 
0.027118 
0.033403 
0.039561 
0.046204 
0.039923 
0.025783 
0.012498 
0.000750 
0.000000 
0.002870 
0.018574 
0.040196 
0.077558 
0.112687 
0.130169 
0.157406 
0.173818 
0.228475 
0.220864 
0.287083 
0.400882 
0.454859 
0.519883 
0.514163 
0.608474 
0.442517 
0.572356 
0.453614 
0.333565 
0.358648 
0.269070 
0.142327 
0.044618 
0.000000 
0.000000 
0.000000 
0.000000 
0.000000 
0.000000 
0.000000 
0.000000 
0.058033 
0.140772 
0.201796 
0.289503 
0.414693 
0.593523 
0.609282 
0.629027 
0.643988 
0.576061 
0.615903 
0.616324 
0.652343 
0.638222 
0.608106 
0.568650 
0.691075 
0.522164 
0.566993 
0.606747 
0.540703 
0.473194 
0.672882 
0.578685 
0.493520 
0.517547 
0.561065 
0.542895 
0.664707 
0.586240 
0.552638 
0.625208 
0.679996 
0.534819 
0.705257 
0.615414 
0.623438 
0.646386 
0.576583 
0.625512 
0.598107 
0.620926 
0.517033 
0.474245 
0.497387 
0.513257 
0.394106 
0.367324 
0.400215 
0.479467 
0.441889 
0.602813 
0.472059 
0.604266 
0.612178 
0.576317 
0.678585 
0.587315 
0.396967 
0.697121 
0.601354 
0.578333 
0.600644 
0.627073 
0.519096 
0.504591 
0.459875 
0.509842 
0.503189 
0.451979 
0.481959 
0.327972 
0.374403 
0.343932 
0.279903 
0.302578 
0.287060 
0.270944 
0.274308 
0.309203 
0.387029 
0.507344 
0.669376 
0.626982 
0.526035 
0.511356 
0.614973 
0.482632 
0.505876 
0.521248 
0.480790 
0.412549 
0.404301 
0.396002 
0.375006 
0.538001 
0.586387 
0.626571 
0.564580 
0.444052 
0.544840 
0.379026 
0.474839 
0.386402 
0.398219 
0.410849 
0.394292 
0.443082 
0.376332 
0.337706 
0.363139 
0.277030 
0.330867 
0.315878 
0.316764 
0.459105 
0.461269 
0.433459 
0.390302 
0.378054 
0.437989 
0.412727 
0.402055 
0.363189 
0.314036 
0.170406 
0.067122 
0.020885 
0.005518 
0.000000 
0.000000 
0.000000 
0.000000 
0.000000 
0.000000 
0.000000 
0.000000 
0.000000 
0.000000 
0.000000 
0.000000 
0.000000 
0.012662 
0.039632 
0.064775 
0.115332 
0.175613 
0.219297 
0.257594 
0.305599 
0.332784 
0.434060 
0.458413 
0.414262 
0.380542 
0.356322 
0.303454 
0.314788 
0.258349 
0.240170 
0.201116 
0.153115 
0.164594 
0.169257 
0.142899 
0.135690 
0.136997 
0.132527 
0.128250 
0.130214 
0.149339 
0.155789 
0.209264 
0.254285 
0.302488 
0.298595 
0.396832 
0.405001 
0.400307 
0.398268 
0.492049 
0.389578 
0.434231 
0.443107 
0.389846 
0.300945 
0.256840 
0.219940 
0.243952 
0.242500 
0.245699 
0.189970 
0.200425 
0.221195 
0.226435 
0.207175 
0.223296 
0.261455 
0.233514 
0.251695 
0.285635 
0.293448 
0.310727 
0.330156 
0.279288 
0.317753 
0.350718 
0.323981 
0.317560 
0.252762 
0.217356 
0.185355 
0.138598 
0.140775 
0.184862 
0.197636 
0.223102 
0.260761 
0.277916 
0.209318 
0.172496 
0.120610 
0.108212 
0.112191 
0.130660 
0.133497 
0.154017 
0.160725 
0.133239 
0.118366 
0.118998 
0.136786 
0.133140 
0.159928 
0.129716 
0.138797 
0.130723 
0.110067 
0.116566 
0.088175 
0.097636 
0.073483 
0.057772 
0.062419 
0.052353 
0.048651 
0.034273 
0.024044 
0.016227 
0.006862 
0.000594 
0.000000 
0.000000 
0.000000 
0.000000 
0.000000 
0.000000 
0.000000 
0.000000 
0.000000 
0.000000 
0.000000 
0.000000 
0.000000 
0.000000 
0.000000 
0.000000 
0.000000 
0.000000 
0.000000 
0.000000 
0.000000 
0.000000 
0.000000 
0.000000 
0.000000 
0.000000 
0.000000 
0.000000 
0.000000 
0.000000 
0.001993 
0.004811 
0.008613 
0.012840 
0.014576 
0.016386 
0.020912 
0.023263 
0.024777 
0.027865 
0.026333 
0.029029 
0.031995 
0.033037 
0.027089 
0.022437 
0.020317 
0.025519 
0.043619 
0.039526 
0.055921 
0.051188 
0.062797 
0.070198 
0.073848 
0.073581 
0.070443 
0.098896 
0.132888 
0.169179 
0.210605 
0.260191 
0.272381 
0.216465 
0.207729 
0.184314 
0.200564 
0.154341 
0.149470 
0.125042 
0.109037 
0.073923 
0.082831 
0.091202 
0.093769 
0.071427 
0.071277 
0.083628 
0.050710 
0.042285 
0.032580 
0.023819 
0.014811 
0.009552 
0.008068 
0.004106 
0.001889 
0.000000 
0.000000 
0.000000 
0.000000 
0.000000 
0.000000 
0.000000 
0.001218 
0.003580 
0.004420 
0.003822 
0.002693 
0.001285 
0.000000 
0.000000 
0.000000 
0.000000 
0.000000 
0.000000 
0.000000 
0.000000 
0.000121 
0.003076 
0.005756 
0.006161 
0.005549 
0.003706 
0.002016 
0.000000 
0.000000 
0.000000 
0.000000 
0.000000 
0.000000 
0.000000 
0.000000 
0.000000 
0.000000 
0.000000 
0.000000 
0.000000 
0.000000 
0.000000 
0.000000 
0.000000 
0.000000 
0.000000 
0.000000 
0.000000 
0.000000 
0.000000 
0.000000 
0.000000 
0.000000 
0.000000 
0.000000 
0.000000 
0.000000 
0.000000 
0.000000 
0.000000 
0.000000 
0.000000 
0.000000 
0.000000 
0.000000 
0.000000 
0.000000 
0.000000 
0.000000 
0.000000 
0.000000 
0.000000 
0.000000 
0.000000 
0.000000 
0.000000 
0.000000 
0.000000 
0.000000 
0.000000 
0.000000 
0.000000 
0.000000 
0.000000 
0.000000 
0.000000 
0.000000 
0.000000 
0.000000 
0.000000 
0.000000 
0.000000 
0.000000 
0.000000 
0.000000 
0.000000 
0.000000 
0.000000 
0.000000 
0.000000 
0.000000 
0.000000 
0.000000 
0.000000 
0.000000 
0.000000 
0.000000 
0.000000 
0.000000 
0.000000 
0.000000 
0.000000 
0.000000 
0.000000 
0.000000 
0.000000 
0.000000 
0.000000 
0.000000 
0.000000 
0.000000 
0.000000 
0.000000 
0.000000 
0.000000 
0.000000 
0.000000 
0.000000 
0.000000 
0.000000 
0.000000 
0.000000 
0.000000 
0.000000 
0.000000 
0.000000 
0.000000 
0.000000 
0.000000 
0.000000 
0.000000 
0.000000 
0.000000 
0.000000 
0.000000 
0.000000 
0.000000 
0.000000 
0.000000 
0.000000 
0.000000 
0.000000 
0.000000 
0.000000 
0.000000 
0.000000 
0.000000 
0.000000 
0.000000 
0.000000 
0.000000 
0.000000 
0.000000 
0.000000 
0.000000 
0.000000 
0.000000 
0.000000 
0.000000 
0.000000 
0.000000 
0.000000 
0.000000 
0.000000 
0.000000 
0.000000 
0.000000 
0.000000 
0.000000 
0.000000 
0.000000 
0.000000 
0.000000 
0.000000 
0.000000 
0.000000 
0.000000 
0.000000 
0.000000 
0.000000 
0.000000 
0.000000 
0.000000 
0.000000 
0.000000 
0.000000 
0.000000 
0.000000 
0.000000 
0.000000 
0.000000 
0.000000 
0.000000 
0.000000 
0.000000 
0.000000 
0.000000 
0.000000 
0.000000 
0.000000 
0.000000 
0.000000 
0.000000 
0.000000 
0.000000 
0.000000 
0.000000 
0.000000 
0.000000 
0.000000 
0.000000 
0.000000 
0.000000 
0.000000 
0.000000 
0.000000 
0.000000 
0.000000 
0.000000 
0.000000 
0.000000 
0.000000 
0.000000 
0.000000 
0.000000 
0.000000 
0.000000 
0.000000 
0.000000 
0.000000 
0.000000 
0.000000 
0.000000 
0.000000 
0.000000 
0.000000 
0.000000 
0.000000 
0.000000 
0.000000 
0.000000 
0.000000 
0.000000 
0.000000 
0.000000 
0.000000 
0.000000 
0.000000 
0.000000 
0.000000 
0.000000 
0.000000 
0.000000 
0.000000 
0.000000 
0.000000 
0.000000 
0.000000 
0.000000 
0.000000 
0.000000 
0.000000 
0.000000 
0.000000 
0.000000 
0.000000 
0.000000 
0.000000 
0.000000 
0.000000 
0.000000 
0.000000 
0.000000 
0.000000 
0.000000 
0.000000 
0.000000 
0.000000 
0.000000 
0.000000 
0.000000 
0.000000 
0.000000 
0.000000 
0.000000 
0.000000 
0.000000 
0.000000 
0.000000 
0.000000 
0.000000 
0.000000 
0.000000 
0.000000 
0.000000 
0.000000 
0.000000 
0.000000 
0.000000 
0.000000 
0.000000 
0.000000 
0.000000 
0.000000 
0.000000 
0.000000 
0.000000 
0.000000 
0.000000 
