0.000000 
0.000000 
0.000000 
0.000000 
0.000000 
0.000000 
0.000000 
0.000000 
0.000000 
0.000000 
0.000000 
0.000000 
0.000000 
0.000000 
0.000000 
0.000000 
0.000000 
0.000000 
0.000000 
0.000000 
0.000000 
0.000000 
0.000000 
0.000000 
0.000000 
0.000000 
0.000000 
0.000000 
0.000000 
0.000000 
0.000000 
0.000000 
0.000000 
0.000000 
0.000000 
0.000000 
0.000000 
0.000000 
0.000000 
0.000000 
0.000000 
0.000000 
0.000000 
0.000000 
0.000000 
0.000000 
0.000000 
0.000000 
0.000000 
0.000000 
0.000000 
0.000000 
0.000000 
0.000000 
0.000000 
0.000000 
0.000000 
0.000000 
0.000000 
0.000000 
0.000000 
0.000000 
0.000000 
0.000000 
0.000000 
0.000000 
0.000000 
0.000000 
0.000000 
0.000000 
0.000000 
0.000000 
0.000000 
0.000000 
0.000000 
0.000000 
0.000000 
0.000000 
0.000000 
0.000000 
0.000000 
0.000000 
0.000000 
0.000000 
0.000000 
0.000000 
0.000000 
0.000000 
0.000000 
0.000000 
0.000000 
0.000000 
0.000000 
0.000000 
0.000000 
0.000000 
0.000000 
0.000000 
0.000000 
0.000000 
0.000000 
0.000000 
0.000000 
0.000000 
0.000000 
0.000000 
0.000000 
0.000000 
0.000000 
0.000000 
0.000000 
0.000000 
0.000000 
0.000000 
0.000000 
0.000000 
0.000000 
0.000000 
0.000000 
0.000000 
0.000000 
0.000000 
0.000000 
0.000000 
0.000000 
0.000000 
0.000000 
0.000000 
0.000000 
0.000000 
0.000000 
0.000000 
0.000000 
0.000000 
0.000000 
0.000000 
0.000000 
0.000000 
0.000000 
0.000000 
0.000000 
0.000000 
0.000000 
0.000000 
0.000000 
0.000000 
0.000000 
0.000000 
0.000000 
0.000000 
0.000000 
0.000000 
0.000000 
0.000000 
0.000000 
0.000000 
0.000000 
0.000000 
0.000000 
0.000000 
0.000000 
0.000000 
0.000000 
0.000000 
0.000000 
0.000000 
0.000000 
0.000000 
0.000000 
0.000000 
0.000000 
0.000000 
0.000000 
0.000000 
0.000000 
0.000000 
0.000000 
0.000000 
0.000000 
0.000000 
0.000000 
0.000000 
0.000000 
0.000000 
0.000000 
0.000000 
0.000000 
0.000000 
0.000000 
0.000000 
0.000000 
0.000000 
0.000000 
0.000000 
0.000000 
0.000000 
0.000000 
0.000000 
0.000000 
0.000000 
0.000000 
0.000000 
0.000000 
0.000000 
0.000000 
0.000000 
0.000000 
0.000000 
0.000000 
0.000000 
0.000000 
0.000000 
0.000000 
0.000000 
0.000000 
0.000000 
0.000000 
0.000000 
0.000000 
0.000000 
0.000000 
0.000000 
0.000000 
0.000000 
0.000000 
0.000000 
0.000000 
0.000000 
0.000000 
0.000000 
0.000000 
0.000000 
0.000000 
0.000000 
0.000000 
0.000000 
0.000000 
0.000000 
0.000000 
0.000000 
0.000000 
0.000000 
0.000000 
0.000000 
0.000000 
0.000000 
0.000000 
0.000000 
0.000000 
0.000000 
0.000000 
0.000000 
0.000000 
0.000000 
0.000000 
0.000000 
0.000000 
0.000000 
0.000000 
0.000000 
0.000000 
0.000000 
0.000000 
0.000000 
0.000000 
0.000000 
0.000000 
0.000000 
0.000000 
0.000000 
0.000000 
0.000000 
0.000000 
0.000000 
0.000000 
0.000000 
0.000000 
0.000000 
0.000000 
0.000000 
0.000000 
0.000000 
0.000000 
0.000000 
0.000000 
0.000000 
0.000000 
0.000000 
0.000000 
0.000000 
0.000000 
0.000000 
0.000000 
0.000000 
0.000000 
0.000000 
0.000000 
0.000000 
0.000000 
0.000000 
0.000000 
0.000000 
0.000000 
0.000000 
0.000000 
0.000000 
0.000000 
0.000000 
0.000000 
0.000000 
0.000000 
0.000000 
0.000000 
0.000000 
0.000000 
0.000000 
0.000000 
0.000000 
0.000000 
0.000000 
0.000000 
0.000000 
0.000000 
0.000000 
0.000000 
0.000000 
0.000000 
0.000000 
0.000000 
0.000000 
0.000000 
0.000000 
0.000000 
0.000000 
0.000000 
0.000000 
0.000000 
0.000000 
0.000000 
0.000000 
0.000000 
0.000000 
0.000000 
0.000000 
0.000000 
0.000000 
0.000000 
0.000000 
0.000000 
0.000000 
0.000000 
0.000000 
0.000000 
0.000000 
0.000000 
0.000000 
0.000000 
0.000000 
0.000000 
0.000000 
0.000000 
0.000000 
0.000000 
0.000000 
0.000000 
0.000000 
0.000000 
0.000000 
0.000000 
0.000000 
0.000000 
0.000000 
0.000000 
0.000000 
0.000000 
0.000000 
0.000000 
0.000000 
0.000000 
0.000000 
0.000000 
0.000000 
0.000000 
0.000000 
0.000000 
0.000000 
0.000000 
0.000000 
0.000000 
0.000000 
0.000000 
0.000000 
0.000000 
0.000000 
0.000000 
0.000000 
0.000000 
0.000000 
0.000000 
0.000000 
0.000000 
0.000000 
0.000000 
0.000000 
0.000000 
0.000000 
0.000000 
0.000000 
0.000000 
0.000000 
0.000000 
0.000000 
0.000000 
0.000000 
0.000000 
0.000000 
0.000000 
0.000000 
0.000000 
0.000000 
0.000000 
0.003771 
0.014190 
0.019558 
0.020119 
0.026457 
0.022502 
0.016767 
0.018858 
0.017962 
0.022413 
0.030144 
0.043934 
0.052762 
0.078459 
0.061180 
0.081758 
0.094479 
0.084083 
0.108077 
0.116185 
0.095608 
0.094871 
0.108835 
0.133497 
0.124884 
0.126635 
0.130346 
0.156366 
0.144866 
0.157861 
0.181324 
0.160631 
0.141378 
0.139127 
0.145057 
0.182651 
0.197894 
0.167872 
0.224535 
0.180721 
0.166657 
0.161488 
0.132728 
0.098401 
0.056205 
0.002143 
0.000000 
0.000000 
0.000000 
0.000000 
0.000000 
0.015535 
0.070568 
0.109556 
0.108103 
0.122704 
0.144729 
0.162672 
0.169669 
0.144975 
0.124759 
0.164327 
0.165334 
0.147684 
0.147300 
0.146847 
0.146146 
0.193771 
0.159528 
0.151421 
0.196378 
0.162985 
0.157513 
0.143810 
0.150322 
0.174994 
0.173596 
0.170839 
0.160077 
0.185953 
0.171195 
0.105923 
0.110546 
0.093773 
0.088474 
0.103556 
0.159476 
0.217188 
0.185919 
0.188532 
0.123507 
0.072804 
0.009962 
0.000000 
0.000000 
0.000000 
0.000000 
0.000000 
0.000000 
0.000000 
0.000000 
0.000000 
0.013767 
0.064454 
0.091202 
0.152834 
0.191970 
0.216479 
0.224005 
0.231583 
0.212259 
0.298666 
0.257594 
0.263591 
0.240407 
0.221252 
0.213219 
0.232273 
0.219807 
0.265554 
0.287819 
0.285467 
0.251994 
0.246833 
0.262418 
0.291942 
0.228637 
0.278218 
0.267233 
0.285503 
0.314989 
0.312887 
0.323593 
0.231386 
0.277526 
0.291433 
0.312386 
0.297557 
0.286525 
0.266692 
0.351672 
0.285426 
0.233106 
0.325799 
0.307969 
0.229895 
0.281339 
0.291782 
0.312087 
0.307501 
0.279565 
0.353079 
0.288150 
0.320413 
0.333515 
0.334753 
0.296234 
0.363553 
0.293136 
0.399574 
0.377038 
0.322927 
0.347522 
0.299266 
0.329321 
0.319389 
0.293824 
0.386609 
0.325396 
0.263794 
0.259098 
0.408022 
0.379113 
0.435204 
0.410934 
0.273636 
0.227467 
0.118648 
0.110239 
0.091496 
0.087862 
0.167358 
0.208845 
0.231695 
0.247795 
0.309583 
0.361004 
0.343859 
0.458882 
0.412407 
0.395730 
0.382816 
0.314407 
0.346628 
0.308044 
0.315291 
0.267944 
0.161951 
0.148393 
0.103203 
0.081233 
0.049355 
0.036349 
0.024175 
0.062552 
0.158344 
0.316749 
0.416954 
0.406362 
0.423224 
0.359079 
0.371740 
0.400189 
0.309516 
0.285312 
0.278388 
0.200837 
0.187342 
0.150702 
0.170783 
0.238461 
0.305961 
0.422138 
0.470990 
0.450827 
0.463038 
0.472695 
0.365156 
0.433803 
0.438035 
0.416782 
0.283775 
0.308372 
0.287778 
0.375568 
0.404902 
0.395089 
0.436402 
0.469069 
0.421778 
0.372798 
0.241549 
0.249951 
0.213630 
0.168093 
0.062111 
0.000000 
0.000000 
0.000000 
0.000000 
0.000000 
0.000000 
0.000000 
0.000000 
0.000000 
0.001428 
0.126783 
0.180261 
0.355508 
0.318239 
0.390606 
0.393875 
0.431651 
0.424171 
0.418136 
0.356935 
0.489830 
0.394730 
0.418449 
0.426907 
0.482939 
0.491509 
0.460986 
0.521466 
0.439570 
0.430281 
0.516066 
0.458451 
0.460040 
0.424864 
0.428233 
0.455350 
0.395576 
0.358427 
0.356285 
0.183996 
0.081223 
0.000000 
0.000000 
0.000000 
0.000000 
0.000000 
0.018395 
0.053055 
0.071234 
0.105133 
0.118469 
0.167578 
0.116479 
0.114807 
0.093056 
0.042667 
0.003109 
0.000000 
0.003251 
0.045085 
0.079657 
0.164878 
0.208755 
0.225396 
0.265388 
0.296434 
0.328828 
0.318293 
0.295740 
0.211990 
0.102565 
0.035722 
0.015104 
0.016294 
0.022204 
0.026401 
0.036456 
0.032658 
0.034680 
0.022659 
0.007123 
0.000581 
0.000000 
0.001690 
0.017397 
0.039350 
0.048330 
0.080157 
0.091162 
0.091501 
0.120797 
0.163703 
0.196693 
0.230001 
0.283876 
0.352132 
0.326778 
0.360747 
0.338707 
0.370348 
0.379732 
0.381417 
0.331354 
0.333741 
0.211114 
0.119974 
0.035198 
0.000000 
0.000000 
0.000000 
0.000000 
0.000000 
0.000000 
0.000000 
0.000000 
0.034691 
0.106243 
0.161917 
0.249667 
0.302216 
0.379145 
0.514137 
0.399854 
0.555422 
0.475747 
0.465730 
0.463545 
0.414399 
0.431771 
0.421597 
0.469480 
0.474443 
0.349613 
0.405873 
0.338038 
0.415576 
0.401592 
0.417585 
0.418813 
0.468784 
0.411137 
0.449398 
0.408506 
0.441582 
0.382386 
0.450437 
0.478553 
0.394881 
0.519871 
0.501533 
0.457814 
0.503673 
0.485439 
0.492121 
0.536207 
0.525270 
0.455086 
0.323741 
0.428445 
0.328739 
0.318666 
0.292999 
0.237025 
0.216904 
0.316465 
0.407007 
0.394483 
0.457315 
0.511971 
0.425814 
0.419384 
0.337767 
0.427750 
0.423407 
0.400335 
0.346819 
0.407047 
0.340383 
0.360097 
0.375085 
0.411289 
0.393448 
0.434753 
0.394376 
0.379304 
0.248671 
0.309025 
0.277276 
0.244113 
0.231167 
0.197700 
0.180936 
0.178795 
0.236160 
0.225614 
0.320163 
0.365113 
0.420178 
0.413822 
0.415899 
0.428715 
0.347858 
0.389590 
0.372443 
0.419432 
0.329348 
0.361626 
0.316106 
0.331897 
0.349574 
0.464768 
0.421123 
0.484006 
0.366164 
0.406158 
0.351546 
0.371657 
0.299485 
0.290548 
0.298462 
0.333341 
0.309434 
0.255028 
0.223410 
0.272249 
0.252428 
0.246623 
0.237108 
0.263992 
0.297308 
0.318080 
0.366258 
0.309029 
0.310064 
0.306021 
0.387682 
0.283016 
0.274454 
0.326229 
0.193559 
0.125930 
0.051512 
0.016299 
0.004207 
0.000000 
0.000000 
0.000000 
0.000000 
0.000000 
0.000000 
0.000000 
0.000000 
0.000000 
0.000000 
0.000000 
0.000000 
0.000000 
0.011077 
0.021192 
0.048956 
0.081348 
0.107953 
0.178966 
0.202863 
0.218618 
0.236158 
0.298980 
0.342808 
0.368229 
0.234059 
0.245476 
0.260601 
0.191849 
0.221296 
0.184682 
0.143987 
0.123317 
0.091427 
0.114479 
0.097728 
0.087558 
0.121466 
0.101488 
0.100006 
0.110245 
0.137793 
0.132660 
0.144653 
0.170416 
0.213398 
0.342301 
0.334710 
0.344554 
0.317841 
0.267122 
0.233097 
0.329064 
0.269366 
0.319159 
0.225137 
0.313336 
0.170917 
0.185357 
0.145115 
0.192195 
0.159219 
0.159514 
0.169101 
0.159978 
0.166222 
0.159140 
0.163654 
0.172741 
0.181380 
0.252298 
0.192390 
0.196095 
0.241282 
0.250223 
0.236001 
0.232889 
0.196228 
0.229135 
0.258621 
0.210131 
0.185583 
0.132483 
0.103254 
0.134499 
0.145422 
0.174021 
0.197710 
0.213602 
0.185717 
0.179641 
0.113097 
0.089044 
0.085162 
0.077931 
0.087109 
0.083881 
0.122275 
0.109069 
0.101148 
0.121893 
0.112965 
0.099078 
0.096163 
0.121155 
0.090543 
0.098744 
0.063244 
0.080218 
0.085835 
0.066899 
0.071220 
0.049092 
0.056780 
0.042603 
0.045361 
0.031228 
0.021675 
0.018446 
0.010868 
0.005805 
0.000423 
0.000000 
0.000000 
0.000000 
0.000000 
0.000000 
0.000000 
0.000000 
0.000000 
0.000000 
0.000000 
0.000000 
0.000000 
0.000000 
0.000000 
0.000000 
0.000000 
0.000000 
0.000000 
0.000000 
0.000000 
0.000000 
0.000000 
0.000000 
0.000000 
0.000000 
0.000000 
0.000000 
0.000000 
0.000000 
0.000000 
0.001523 
0.004122 
0.007019 
0.010134 
0.012269 
0.014044 
0.015333 
0.017805 
0.014717 
0.023151 
0.018618 
0.019584 
0.019563 
0.018937 
0.017176 
0.014741 
0.015231 
0.014451 
0.029040 
0.031125 
0.042988 
0.051662 
0.054886 
0.045420 
0.050575 
0.054353 
0.064699 
0.070095 
0.108623 
0.120696 
0.140183 
0.175342 
0.126169 
0.167976 
0.175641 
0.157838 
0.139152 
0.119908 
0.094212 
0.107149 
0.075927 
0.057367 
0.053280 
0.059848 
0.061246 
0.061629 
0.054009 
0.052464 
0.043339 
0.031029 
0.020744 
0.014033 
0.010717 
0.005127 
0.003393 
0.001030 
0.000000 
0.000000 
0.000000 
0.000000 
0.000000 
0.000000 
0.000000 
0.000000 
0.000000 
0.000249 
0.001013 
0.000548 
0.000000 
0.000000 
0.000000 
0.000000 
0.000000 
0.000000 
0.000000 
0.000000 
0.000000 
0.000000 
0.000000 
0.000000 
0.001551 
0.002405 
0.001666 
0.000622 
0.000000 
0.000000 
0.000000 
0.000000 
0.000000 
0.000000 
0.000000 
0.000000 
0.000000 
0.000000 
0.000000 
0.000000 
0.000000 
0.000000 
0.000000 
0.000000 
0.000000 
0.000000 
0.000000 
0.000000 
0.000000 
0.000000 
0.000000 
0.000000 
0.000000 
0.000000 
0.000000 
0.000000 
0.000000 
0.000000 
0.000000 
0.000000 
0.000000 
0.000000 
0.000000 
0.000000 
0.000000 
0.000000 
0.000000 
0.000000 
0.000000 
0.000000 
0.000000 
0.000000 
0.000000 
0.000000 
0.000000 
0.000000 
0.000000 
0.000000 
0.000000 
0.000000 
0.000000 
0.000000 
0.000000 
0.000000 
0.000000 
0.000000 
0.000000 
0.000000 
0.000000 
0.000000 
0.000000 
0.000000 
0.000000 
0.000000 
0.000000 
0.000000 
0.000000 
0.000000 
0.000000 
0.000000 
0.000000 
0.000000 
0.000000 
0.000000 
0.000000 
0.000000 
0.000000 
0.000000 
0.000000 
0.000000 
0.000000 
0.000000 
0.000000 
0.000000 
0.000000 
0.000000 
0.000000 
0.000000 
0.000000 
0.000000 
0.000000 
0.000000 
0.000000 
0.000000 
0.000000 
0.000000 
0.000000 
0.000000 
0.000000 
0.000000 
0.000000 
0.000000 
0.000000 
0.000000 
0.000000 
0.000000 
0.000000 
0.000000 
0.000000 
0.000000 
0.000000 
0.000000 
0.000000 
0.000000 
0.000000 
0.000000 
0.000000 
0.000000 
0.000000 
0.000000 
0.000000 
0.000000 
0.000000 
0.000000 
0.000000 
0.000000 
0.000000 
0.000000 
0.000000 
0.000000 
0.000000 
0.000000 
0.000000 
0.000000 
0.000000 
0.000000 
0.000000 
0.000000 
0.000000 
0.000000 
0.000000 
0.000000 
0.000000 
0.000000 
0.000000 
0.000000 
0.000000 
0.000000 
0.000000 
0.000000 
0.000000 
0.000000 
0.000000 
0.000000 
0.000000 
0.000000 
0.000000 
0.000000 
0.000000 
0.000000 
0.000000 
0.000000 
0.000000 
0.000000 
0.000000 
0.000000 
0.000000 
0.000000 
0.000000 
0.000000 
0.000000 
0.000000 
0.000000 
0.000000 
0.000000 
0.000000 
0.000000 
0.000000 
0.000000 
0.000000 
0.000000 
0.000000 
0.000000 
0.000000 
0.000000 
0.000000 
0.000000 
0.000000 
0.000000 
0.000000 
0.000000 
0.000000 
0.000000 
0.000000 
0.000000 
0.000000 
0.000000 
0.000000 
0.000000 
0.000000 
0.000000 
0.000000 
0.000000 
0.000000 
0.000000 
0.000000 
0.000000 
0.000000 
0.000000 
0.000000 
0.000000 
0.000000 
0.000000 
0.000000 
0.000000 
0.000000 
0.000000 
0.000000 
0.000000 
0.000000 
0.000000 
0.000000 
0.000000 
0.000000 
0.000000 
0.000000 
0.000000 
0.000000 
0.000000 
0.000000 
0.000000 
0.000000 
0.000000 
0.000000 
0.000000 
0.000000 
0.000000 
0.000000 
0.000000 
0.000000 
0.000000 
0.000000 
0.000000 
0.000000 
0.000000 
0.000000 
0.000000 
0.000000 
0.000000 
0.000000 
0.000000 
0.000000 
0.000000 
0.000000 
0.000000 
0.000000 
0.000000 
0.000000 
0.000000 
0.000000 
0.000000 
0.000000 
0.000000 
0.000000 
0.000000 
0.000000 
0.000000 
0.000000 
0.000000 
0.000000 
0.000000 
0.000000 
0.000000 
0.000000 
0.000000 
0.000000 
0.000000 
0.000000 
0.000000 
0.000000 
0.000000 
0.000000 
0.000000 
0.000000 
0.000000 
0.000000 
0.000000 
0.000000 
0.000000 
0.000000 
0.000000 
