0.000000 
0.000000 
0.000000 
0.000000 
0.000000 
0.000000 
0.000000 
0.000000 
0.000000 
0.000000 
0.000000 
0.000000 
0.000000 
0.000000 
0.000000 
0.000000 
0.000000 
0.000000 
0.000000 
0.000000 
0.000000 
0.000000 
0.000000 
0.000000 
0.000000 
0.000000 
0.000000 
0.000000 
0.000000 
0.000000 
0.000000 
0.000000 
0.000000 
0.000000 
0.000000 
0.000000 
0.000000 
0.000000 
0.000000 
0.000000 
0.000000 
0.000000 
0.000000 
0.000000 
0.000000 
0.000000 
0.000000 
0.000000 
0.000000 
0.000000 
0.000000 
0.000000 
0.000000 
0.000000 
0.000000 
0.000000 
0.000000 
0.000000 
0.000000 
0.000000 
0.000000 
0.000000 
0.000000 
0.000000 
0.000000 
0.000000 
0.000000 
0.000000 
0.000000 
0.000000 
0.000000 
0.000000 
0.000000 
0.000000 
0.000000 
0.000000 
0.000000 
0.000000 
0.000000 
0.000000 
0.000000 
0.000000 
0.000000 
0.000000 
0.000000 
0.000000 
0.000000 
0.000000 
0.000000 
0.000000 
0.000000 
0.000000 
0.000000 
0.000000 
0.000000 
0.000000 
0.000000 
0.000000 
0.000000 
0.000000 
0.000000 
0.000000 
0.000000 
0.000000 
0.000000 
0.000000 
0.000000 
0.000000 
0.000000 
0.000000 
0.000000 
0.000000 
0.000000 
0.000000 
0.000000 
0.000000 
0.000000 
0.000000 
0.000000 
0.000000 
0.000000 
0.000000 
0.000000 
0.000000 
0.000000 
0.000000 
0.000000 
0.000000 
0.000000 
0.000000 
0.000000 
0.000000 
0.000000 
0.000000 
0.000000 
0.000000 
0.000000 
0.000000 
0.000000 
0.000000 
0.000000 
0.000000 
0.000000 
0.000000 
0.000000 
0.000000 
0.000000 
0.000000 
0.000000 
0.000000 
0.000000 
0.000000 
0.000000 
0.000000 
0.000000 
0.000000 
0.000000 
0.000000 
0.000000 
0.000000 
0.000000 
0.000000 
0.000000 
0.000000 
0.000000 
0.000000 
0.000000 
0.000000 
0.000000 
0.000000 
0.000000 
0.000000 
0.000000 
0.000000 
0.000000 
0.000000 
0.000000 
0.000000 
0.000000 
0.000000 
0.000000 
0.000000 
0.000000 
0.000000 
0.000000 
0.000000 
0.000000 
0.000000 
0.000000 
0.000000 
0.000000 
0.000000 
0.000000 
0.000000 
0.000000 
0.000000 
0.000000 
0.000000 
0.000000 
0.000000 
0.000000 
0.000000 
0.000000 
0.000000 
0.000000 
0.000000 
0.000000 
0.000000 
0.000000 
0.000000 
0.000000 
0.000000 
0.000000 
0.000000 
0.000000 
0.000000 
0.000000 
0.000000 
0.000000 
0.000000 
0.000000 
0.000000 
0.000000 
0.000000 
0.000000 
0.000000 
0.000000 
0.000000 
0.000000 
0.000000 
0.000000 
0.000000 
0.000000 
0.000000 
0.000000 
0.000000 
0.000000 
0.000000 
0.000000 
0.000000 
0.000000 
0.000000 
0.000000 
0.000000 
0.000000 
0.000000 
0.000000 
0.000000 
0.000000 
0.000000 
0.000000 
0.000000 
0.000000 
0.000000 
0.000000 
0.000000 
0.000000 
0.000000 
0.000000 
0.000000 
0.000000 
0.000000 
0.000000 
0.000000 
0.000000 
0.000000 
0.000000 
0.000000 
0.000000 
0.000000 
0.000000 
0.000000 
0.000000 
0.000000 
0.000000 
0.000000 
0.000000 
0.000000 
0.000000 
0.000000 
0.000000 
0.000000 
0.000000 
0.000000 
0.000000 
0.000000 
0.000000 
0.000000 
0.000000 
0.000000 
0.000000 
0.000000 
0.000000 
0.000000 
0.000000 
0.000000 
0.000000 
0.000000 
0.000000 
0.000000 
0.000000 
0.000000 
0.000000 
0.000000 
0.000000 
0.000000 
0.000000 
0.000000 
0.000000 
0.000000 
0.000000 
0.000000 
0.000000 
0.000000 
0.000000 
0.000000 
0.000000 
0.000000 
0.000000 
0.000000 
0.000000 
0.000000 
0.000000 
0.000000 
0.000000 
0.000000 
0.000000 
0.000000 
0.000000 
0.000000 
0.000000 
0.000000 
0.000000 
0.000000 
0.000000 
0.000000 
0.000000 
0.000000 
0.000000 
0.000000 
0.000000 
0.000000 
0.000000 
0.000000 
0.000000 
0.000000 
0.000000 
0.000000 
0.000000 
0.000000 
0.000000 
0.000000 
0.000000 
0.000000 
0.000000 
0.000000 
0.000000 
0.000000 
0.000000 
0.000000 
0.000000 
0.000000 
0.000000 
0.000000 
0.000000 
0.000000 
0.000000 
0.000000 
0.000000 
0.000000 
0.000000 
0.000000 
0.000000 
0.000000 
0.000000 
0.000000 
0.000000 
0.000000 
0.000000 
0.000000 
0.000000 
0.000000 
0.000000 
0.000000 
0.000000 
0.000000 
0.000000 
0.000000 
0.000000 
0.000000 
0.000000 
0.000000 
0.000000 
0.000000 
0.000000 
0.000000 
0.000000 
0.000000 
0.000000 
0.000000 
0.000000 
0.000000 
0.000000 
0.000000 
0.000000 
0.000000 
0.000000 
0.000000 
0.000000 
0.000000 
0.000000 
0.000000 
0.000000 
0.000000 
0.000000 
0.000000 
0.000000 
0.000000 
0.000000 
0.000000 
0.000000 
0.005062 
0.017003 
0.033569 
0.032731 
0.033899 
0.029469 
0.023079 
0.026375 
0.022806 
0.028408 
0.041225 
0.062592 
0.075462 
0.073615 
0.108896 
0.111311 
0.095836 
0.126257 
0.136375 
0.117223 
0.153044 
0.135362 
0.153396 
0.149990 
0.163818 
0.150852 
0.189869 
0.235542 
0.240376 
0.218922 
0.198932 
0.209367 
0.185334 
0.187967 
0.187468 
0.208133 
0.267840 
0.255602 
0.266740 
0.298462 
0.216507 
0.213023 
0.163245 
0.137910 
0.086712 
0.002739 
0.000000 
0.000000 
0.000000 
0.000000 
0.000000 
0.023949 
0.089983 
0.141512 
0.167219 
0.188697 
0.170145 
0.227640 
0.187305 
0.173680 
0.214700 
0.228659 
0.198597 
0.194718 
0.202870 
0.206980 
0.225413 
0.197061 
0.165177 
0.237418 
0.216613 
0.215351 
0.230181 
0.228214 
0.219078 
0.256225 
0.193811 
0.213357 
0.262650 
0.188521 
0.216623 
0.181501 
0.116131 
0.149243 
0.143290 
0.182154 
0.212957 
0.275549 
0.277315 
0.251544 
0.187552 
0.092237 
0.012904 
0.000000 
0.000000 
0.000000 
0.000000 
0.000000 
0.000000 
0.000000 
0.000000 
0.000000 
0.015984 
0.085134 
0.154367 
0.204788 
0.236259 
0.283046 
0.294750 
0.361186 
0.265277 
0.298310 
0.289387 
0.313561 
0.306343 
0.284843 
0.331128 
0.353453 
0.364878 
0.284490 
0.340338 
0.326728 
0.353816 
0.402030 
0.342687 
0.394611 
0.333910 
0.382543 
0.371239 
0.391768 
0.425630 
0.396187 
0.428440 
0.334878 
0.340723 
0.317535 
0.358277 
0.389306 
0.417544 
0.315307 
0.415619 
0.420915 
0.348787 
0.393972 
0.443382 
0.450208 
0.427521 
0.413390 
0.434786 
0.421810 
0.465491 
0.424379 
0.465704 
0.464258 
0.439221 
0.426635 
0.510754 
0.445141 
0.488581 
0.357583 
0.470270 
0.402320 
0.562206 
0.469922 
0.464847 
0.504933 
0.426496 
0.448858 
0.454064 
0.424774 
0.480545 
0.432676 
0.448060 
0.572935 
0.488660 
0.420509 
0.255649 
0.167655 
0.133665 
0.147908 
0.135472 
0.224618 
0.240704 
0.256134 
0.278912 
0.431711 
0.518047 
0.525139 
0.490536 
0.558351 
0.477380 
0.536865 
0.482196 
0.519829 
0.542491 
0.366972 
0.281104 
0.253357 
0.205196 
0.149005 
0.111410 
0.074211 
0.055518 
0.041538 
0.091988 
0.235922 
0.295185 
0.540164 
0.542550 
0.620246 
0.589414 
0.578935 
0.549139 
0.433210 
0.409241 
0.413756 
0.246609 
0.240605 
0.200423 
0.242519 
0.347604 
0.411752 
0.558707 
0.556698 
0.548252 
0.640741 
0.500775 
0.510071 
0.598903 
0.536482 
0.437860 
0.487886 
0.365537 
0.411264 
0.441843 
0.478636 
0.480692 
0.605632 
0.537912 
0.648314 
0.507265 
0.423571 
0.427412 
0.307479 
0.187260 
0.079750 
0.000000 
0.000000 
0.000000 
0.000000 
0.000000 
0.000000 
0.000000 
0.000000 
0.000000 
0.002263 
0.178628 
0.256796 
0.383976 
0.412654 
0.541873 
0.528889 
0.474246 
0.586629 
0.501185 
0.549683 
0.506700 
0.567766 
0.537172 
0.594304 
0.534070 
0.607775 
0.601289 
0.615601 
0.528738 
0.642745 
0.657706 
0.619163 
0.599024 
0.613383 
0.580909 
0.575461 
0.507031 
0.544545 
0.436459 
0.259540 
0.089654 
0.000000 
0.000000 
0.000000 
0.000000 
0.000000 
0.026756 
0.059584 
0.099351 
0.129726 
0.168006 
0.181911 
0.187703 
0.198110 
0.125237 
0.058779 
0.004776 
0.000000 
0.004512 
0.054875 
0.143036 
0.213742 
0.262290 
0.263041 
0.381171 
0.475053 
0.353647 
0.434585 
0.391259 
0.285734 
0.159045 
0.067761 
0.018639 
0.025397 
0.026352 
0.039111 
0.042137 
0.054008 
0.041779 
0.030390 
0.014539 
0.000759 
0.000000 
0.002697 
0.022698 
0.042481 
0.072865 
0.119951 
0.125866 
0.139138 
0.189640 
0.228696 
0.262945 
0.281866 
0.414518 
0.428627 
0.493591 
0.521715 
0.601579 
0.539083 
0.524991 
0.486105 
0.456211 
0.391502 
0.251867 
0.153782 
0.053003 
0.000000 
0.000000 
0.000000 
0.000000 
0.000000 
0.000000 
0.000000 
0.000000 
0.051026 
0.155781 
0.187566 
0.246370 
0.432713 
0.503745 
0.673105 
0.757540 
0.727860 
0.603306 
0.747512 
0.590444 
0.602381 
0.620722 
0.574604 
0.559840 
0.563672 
0.568340 
0.589447 
0.523431 
0.565412 
0.495699 
0.623360 
0.536670 
0.404181 
0.512240 
0.543321 
0.584594 
0.545988 
0.589680 
0.512552 
0.653767 
0.528503 
0.627632 
0.629475 
0.503930 
0.581743 
0.651171 
0.580558 
0.656436 
0.540037 
0.524323 
0.563811 
0.533575 
0.468590 
0.422192 
0.432012 
0.332151 
0.340845 
0.479536 
0.393688 
0.461369 
0.702331 
0.448531 
0.456103 
0.636220 
0.551968 
0.612167 
0.549419 
0.529073 
0.514153 
0.615614 
0.536011 
0.541552 
0.581209 
0.642671 
0.617947 
0.495725 
0.503128 
0.480199 
0.449769 
0.414510 
0.344826 
0.326819 
0.276642 
0.265874 
0.253379 
0.208825 
0.271066 
0.340815 
0.402366 
0.569156 
0.495999 
0.522156 
0.561876 
0.481658 
0.553858 
0.565881 
0.515421 
0.537623 
0.478297 
0.412991 
0.408556 
0.445791 
0.493330 
0.456621 
0.584580 
0.535612 
0.561686 
0.402220 
0.425861 
0.408221 
0.413674 
0.391793 
0.441268 
0.463927 
0.422475 
0.366527 
0.356550 
0.328691 
0.311965 
0.354288 
0.343184 
0.183806 
0.362825 
0.329565 
0.433020 
0.409111 
0.405539 
0.387129 
0.308405 
0.437737 
0.464272 
0.396935 
0.311597 
0.159429 
0.078248 
0.020853 
0.005448 
0.000000 
0.000000 
0.000000 
0.000000 
0.000000 
0.000000 
0.000000 
0.000000 
0.000000 
0.000000 
0.000000 
0.000000 
0.000000 
0.013794 
0.035807 
0.061420 
0.120059 
0.159854 
0.189718 
0.283879 
0.334182 
0.327621 
0.421651 
0.438447 
0.419727 
0.328459 
0.382267 
0.370094 
0.311885 
0.253638 
0.247295 
0.214799 
0.174384 
0.178882 
0.158060 
0.132119 
0.132332 
0.145995 
0.123837 
0.123395 
0.134922 
0.145320 
0.207317 
0.182586 
0.267843 
0.258859 
0.340235 
0.452039 
0.407459 
0.422820 
0.458006 
0.439168 
0.375108 
0.404009 
0.394181 
0.436223 
0.386652 
0.280895 
0.269255 
0.217211 
0.232105 
0.228639 
0.212882 
0.194233 
0.212129 
0.222662 
0.206719 
0.229983 
0.243702 
0.265062 
0.296427 
0.249054 
0.327329 
0.323682 
0.277279 
0.322994 
0.355453 
0.327831 
0.269508 
0.305963 
0.329193 
0.180887 
0.160334 
0.148910 
0.182239 
0.190322 
0.225550 
0.280001 
0.222653 
0.284657 
0.265460 
0.164936 
0.107074 
0.124030 
0.121334 
0.127344 
0.124804 
0.154121 
0.130419 
0.160267 
0.153949 
0.125480 
0.143448 
0.138465 
0.126350 
0.137876 
0.131516 
0.112608 
0.099604 
0.118492 
0.106676 
0.094186 
0.079648 
0.076666 
0.066750 
0.053486 
0.036089 
0.029754 
0.023885 
0.017335 
0.007813 
0.000419 
0.000000 
0.000000 
0.000000 
0.000000 
0.000000 
0.000000 
0.000000 
0.000000 
0.000000 
0.000000 
0.000000 
0.000000 
0.000000 
0.000000 
0.000000 
0.000000 
0.000000 
0.000000 
0.000000 
0.000000 
0.000000 
0.000000 
0.000000 
0.000000 
0.000000 
0.000000 
0.000000 
0.000000 
0.000000 
0.000000 
0.002031 
0.006148 
0.009126 
0.009660 
0.016311 
0.019625 
0.021363 
0.023445 
0.026285 
0.028254 
0.024601 
0.030374 
0.028185 
0.023774 
0.028034 
0.025796 
0.021694 
0.024874 
0.033803 
0.045541 
0.067977 
0.058379 
0.068084 
0.067470 
0.075713 
0.068715 
0.074643 
0.086792 
0.128134 
0.173795 
0.200886 
0.216703 
0.269456 
0.188395 
0.248502 
0.222321 
0.201388 
0.158953 
0.145055 
0.113978 
0.086652 
0.072886 
0.058115 
0.067492 
0.066084 
0.081931 
0.058432 
0.074035 
0.063539 
0.038949 
0.029798 
0.014716 
0.012544 
0.006938 
0.003316 
0.000000 
0.000000 
0.000000 
0.000000 
0.000000 
0.000000 
0.000000 
0.000000 
0.000000 
0.000000 
0.000000 
0.000000 
0.000000 
0.000000 
0.000000 
0.000000 
0.000000 
0.000000 
0.000000 
0.000000 
0.000000 
0.000000 
0.000000 
0.000000 
0.000000 
0.000586 
0.001706 
0.000883 
0.000000 
0.000000 
0.000000 
0.000000 
0.000000 
0.000000 
0.000000 
0.000000 
0.000000 
0.000000 
0.000000 
0.000000 
0.000000 
0.000000 
0.000000 
0.000000 
0.000000 
0.000000 
0.000000 
0.000000 
0.000000 
0.000000 
0.000000 
0.000000 
0.000000 
0.000000 
0.000000 
0.000000 
0.000000 
0.000000 
0.000000 
0.000000 
0.000000 
0.000000 
0.000000 
0.000000 
0.000000 
0.000000 
0.000000 
0.000000 
0.000000 
0.000000 
0.000000 
0.000000 
0.000000 
0.000000 
0.000000 
0.000000 
0.000000 
0.000000 
0.000000 
0.000000 
0.000000 
0.000000 
0.000000 
0.000000 
0.000000 
0.000000 
0.000000 
0.000000 
0.000000 
0.000000 
0.000000 
0.000000 
0.000000 
0.000000 
0.000000 
0.000000 
0.000000 
0.000000 
0.000000 
0.000000 
0.000000 
0.000000 
0.000000 
0.000000 
0.000000 
0.000000 
0.000000 
0.000000 
0.000000 
0.000000 
0.000000 
0.000000 
0.000000 
0.000000 
0.000000 
0.000000 
0.000000 
0.000000 
0.000000 
0.000000 
0.000000 
0.000000 
0.000000 
0.000000 
0.000000 
0.000000 
0.000000 
0.000000 
0.000000 
0.000000 
0.000000 
0.000000 
0.000000 
0.000000 
0.000000 
0.000000 
0.000000 
0.000000 
0.000000 
0.000000 
0.000000 
0.000000 
0.000000 
0.000000 
0.000000 
0.000000 
0.000000 
0.000000 
0.000000 
0.000000 
0.000000 
0.000000 
0.000000 
0.000000 
0.000000 
0.000000 
0.000000 
0.000000 
0.000000 
0.000000 
0.000000 
0.000000 
0.000000 
0.000000 
0.000000 
0.000000 
0.000000 
0.000000 
0.000000 
0.000000 
0.000000 
0.000000 
0.000000 
0.000000 
0.000000 
0.000000 
0.000000 
0.000000 
0.000000 
0.000000 
0.000000 
0.000000 
0.000000 
0.000000 
0.000000 
0.000000 
0.000000 
0.000000 
0.000000 
0.000000 
0.000000 
0.000000 
0.000000 
0.000000 
0.000000 
0.000000 
0.000000 
0.000000 
0.000000 
0.000000 
0.000000 
0.000000 
0.000000 
0.000000 
0.000000 
0.000000 
0.000000 
0.000000 
0.000000 
0.000000 
0.000000 
0.000000 
0.000000 
0.000000 
0.000000 
0.000000 
0.000000 
0.000000 
0.000000 
0.000000 
0.000000 
0.000000 
0.000000 
0.000000 
0.000000 
0.000000 
0.000000 
0.000000 
0.000000 
0.000000 
0.000000 
0.000000 
0.000000 
0.000000 
0.000000 
0.000000 
0.000000 
0.000000 
0.000000 
0.000000 
0.000000 
0.000000 
0.000000 
0.000000 
0.000000 
0.000000 
0.000000 
0.000000 
0.000000 
0.000000 
0.000000 
0.000000 
0.000000 
0.000000 
0.000000 
0.000000 
0.000000 
0.000000 
0.000000 
0.000000 
0.000000 
0.000000 
0.000000 
0.000000 
0.000000 
0.000000 
0.000000 
0.000000 
0.000000 
0.000000 
0.000000 
0.000000 
0.000000 
0.000000 
0.000000 
0.000000 
0.000000 
0.000000 
0.000000 
0.000000 
0.000000 
0.000000 
0.000000 
0.000000 
0.000000 
0.000000 
0.000000 
0.000000 
0.000000 
0.000000 
0.000000 
0.000000 
0.000000 
0.000000 
0.000000 
0.000000 
0.000000 
0.000000 
0.000000 
0.000000 
0.000000 
0.000000 
0.000000 
0.000000 
0.000000 
0.000000 
0.000000 
0.000000 
0.000000 
0.000000 
0.000000 
0.000000 
0.000000 
0.000000 
0.000000 
0.000000 
0.000000 
0.000000 
0.000000 
0.000000 
0.000000 
0.000000 
