0.000000 
0.000000 
0.000000 
0.000000 
0.000000 
0.000000 
0.000000 
0.000000 
0.000000 
0.000000 
0.000000 
0.000000 
0.000000 
0.000000 
0.000000 
0.000000 
0.000000 
0.000000 
0.000000 
0.000000 
0.000000 
0.000000 
0.000000 
0.000000 
0.000000 
0.000000 
0.000000 
0.000000 
0.000000 
0.000000 
0.000000 
0.000000 
0.000000 
0.000000 
0.000000 
0.000000 
0.000000 
0.000000 
0.000000 
0.000000 
0.000000 
0.000000 
0.000000 
0.000000 
0.000000 
0.000000 
0.000000 
0.000000 
0.000000 
0.000000 
0.000000 
0.000000 
0.000000 
0.000000 
0.000000 
0.000000 
0.000000 
0.000000 
0.000000 
0.000000 
0.000000 
0.000000 
0.000000 
0.000000 
0.000000 
0.000000 
0.000000 
0.000000 
0.000000 
0.000000 
0.000000 
0.000000 
0.000000 
0.000000 
0.000000 
0.000000 
0.000000 
0.000000 
0.000000 
0.000000 
0.000000 
0.000000 
0.000000 
0.000000 
0.000000 
0.000000 
0.000000 
0.000000 
0.000000 
0.000000 
0.000000 
0.000000 
0.000000 
0.000000 
0.000000 
0.000000 
0.000000 
0.000000 
0.000000 
0.000000 
0.000000 
0.000000 
0.000000 
0.000000 
0.000000 
0.000000 
0.000000 
0.000000 
0.000000 
0.000000 
0.000000 
0.000000 
0.000000 
0.000000 
0.000000 
0.000000 
0.000000 
0.000000 
0.000000 
0.000000 
0.000000 
0.000000 
0.000000 
0.000000 
0.000000 
0.000000 
0.000000 
0.000000 
0.000000 
0.000000 
0.000000 
0.000000 
0.000000 
0.000000 
0.000000 
0.000000 
0.000000 
0.000000 
0.000000 
0.000000 
0.000000 
0.000000 
0.000000 
0.000000 
0.000000 
0.000000 
0.000000 
0.000000 
0.000000 
0.000000 
0.000000 
0.000000 
0.000000 
0.000000 
0.000000 
0.000000 
0.000000 
0.000000 
0.000000 
0.000000 
0.000000 
0.000000 
0.000000 
0.000000 
0.000000 
0.000000 
0.000000 
0.000000 
0.000000 
0.000000 
0.000000 
0.000000 
0.000000 
0.000000 
0.000000 
0.000000 
0.000000 
0.000000 
0.000000 
0.000000 
0.000000 
0.000000 
0.000000 
0.000000 
0.000000 
0.000000 
0.000000 
0.000000 
0.000000 
0.000000 
0.000000 
0.000000 
0.000000 
0.000000 
0.000000 
0.000000 
0.000000 
0.000000 
0.000000 
0.000000 
0.000000 
0.000000 
0.000000 
0.000000 
0.000000 
0.000000 
0.000000 
0.000000 
0.000000 
0.000000 
0.000000 
0.000000 
0.000000 
0.000000 
0.000000 
0.000000 
0.000000 
0.000000 
0.000000 
0.000000 
0.000000 
0.000000 
0.000000 
0.000000 
0.000000 
0.000000 
0.000000 
0.000000 
0.000000 
0.000000 
0.000000 
0.000000 
0.000000 
0.000000 
0.000000 
0.000000 
0.000000 
0.000000 
0.000000 
0.000000 
0.000000 
0.000000 
0.000000 
0.000000 
0.000000 
0.000000 
0.000000 
0.000000 
0.000000 
0.000000 
0.000000 
0.000000 
0.000000 
0.000000 
0.000000 
0.000000 
0.000000 
0.000000 
0.000000 
0.000000 
0.000000 
0.000000 
0.000000 
0.000000 
0.000000 
0.000000 
0.000000 
0.000000 
0.000000 
0.000000 
0.000000 
0.000000 
0.000000 
0.000000 
0.000000 
0.000000 
0.000000 
0.000000 
0.000000 
0.000000 
0.000000 
0.000000 
0.000000 
0.000000 
0.000000 
0.000000 
0.000000 
0.000000 
0.000000 
0.000000 
0.000000 
0.000000 
0.000000 
0.000000 
0.000000 
0.000000 
0.000000 
0.000000 
0.000000 
0.000000 
0.000000 
0.000000 
0.000000 
0.000000 
0.000000 
0.000000 
0.000000 
0.000000 
0.000000 
0.000000 
0.000000 
0.000000 
0.000000 
0.000000 
0.000000 
0.000000 
0.000000 
0.000000 
0.000000 
0.000000 
0.000000 
0.000000 
0.000000 
0.000000 
0.000000 
0.000000 
0.000000 
0.000000 
0.000000 
0.000000 
0.000000 
0.000000 
0.000000 
0.000000 
0.000000 
0.000000 
0.000000 
0.000000 
0.000000 
0.000000 
0.000000 
0.000000 
0.000000 
0.000000 
0.000000 
0.000000 
0.000000 
0.000000 
0.000000 
0.000000 
0.000000 
0.000000 
0.000000 
0.000000 
0.000000 
0.000000 
0.000000 
0.000000 
0.000000 
0.000000 
0.000000 
0.000000 
0.000000 
0.000000 
0.000000 
0.000000 
0.000000 
0.000000 
0.000000 
0.000000 
0.000000 
0.000000 
0.000000 
0.000000 
0.000000 
0.000000 
0.000000 
0.000000 
0.000000 
0.000000 
0.000000 
0.000000 
0.000000 
0.000000 
0.000000 
0.000000 
0.000000 
0.000000 
0.000000 
0.000000 
0.000000 
0.000000 
0.000000 
0.000000 
0.000000 
0.000000 
0.000000 
0.000000 
0.000000 
0.000000 
0.000000 
0.000000 
0.000000 
0.000000 
0.000000 
0.000000 
0.000000 
0.000000 
0.000000 
0.000000 
0.000000 
0.000000 
0.000000 
0.000000 
0.000000 
0.000000 
0.000000 
0.000000 
0.000000 
0.000000 
0.000000 
0.004351 
0.019357 
0.031284 
0.028615 
0.033647 
0.027644 
0.026239 
0.020594 
0.024179 
0.023159 
0.036839 
0.062210 
0.073077 
0.083246 
0.086590 
0.108546 
0.109551 
0.118684 
0.112681 
0.143261 
0.144563 
0.132174 
0.146914 
0.172346 
0.160855 
0.163096 
0.206338 
0.228569 
0.182943 
0.239573 
0.202754 
0.183232 
0.192004 
0.195529 
0.190759 
0.216632 
0.247648 
0.264864 
0.252574 
0.279199 
0.191016 
0.195991 
0.184951 
0.139168 
0.091747 
0.002891 
0.000000 
0.000000 
0.000000 
0.000000 
0.000000 
0.020375 
0.095164 
0.142587 
0.157055 
0.202925 
0.201952 
0.198204 
0.204899 
0.196982 
0.206640 
0.214292 
0.199167 
0.215000 
0.210998 
0.185439 
0.195767 
0.191800 
0.205803 
0.190068 
0.246685 
0.230238 
0.215151 
0.219458 
0.245614 
0.219384 
0.227074 
0.238996 
0.207486 
0.229885 
0.168991 
0.191584 
0.149205 
0.120540 
0.138287 
0.161489 
0.202400 
0.243508 
0.307665 
0.261167 
0.195710 
0.096294 
0.012858 
0.000000 
0.000000 
0.000000 
0.000000 
0.000000 
0.000000 
0.000000 
0.000000 
0.000000 
0.015060 
0.094999 
0.136342 
0.197079 
0.219912 
0.320022 
0.320956 
0.318625 
0.294892 
0.283645 
0.324555 
0.343188 
0.333547 
0.339745 
0.325475 
0.334184 
0.336079 
0.330016 
0.362765 
0.370388 
0.380911 
0.374193 
0.310856 
0.359407 
0.364523 
0.354581 
0.441071 
0.350373 
0.421059 
0.389916 
0.353657 
0.347190 
0.396353 
0.388637 
0.379951 
0.420542 
0.444969 
0.380756 
0.349289 
0.413490 
0.411803 
0.411438 
0.396469 
0.361770 
0.399045 
0.421140 
0.425038 
0.422021 
0.375360 
0.440489 
0.472687 
0.423908 
0.448431 
0.406009 
0.468094 
0.532325 
0.471243 
0.493710 
0.505672 
0.488966 
0.489199 
0.550775 
0.397543 
0.421359 
0.422125 
0.513758 
0.351425 
0.452200 
0.489720 
0.486226 
0.622963 
0.558237 
0.434674 
0.446319 
0.328712 
0.163573 
0.131070 
0.134336 
0.176363 
0.204214 
0.193791 
0.304549 
0.372934 
0.357857 
0.439275 
0.527750 
0.554030 
0.529214 
0.612607 
0.481174 
0.416227 
0.508083 
0.374514 
0.398349 
0.305056 
0.274178 
0.183209 
0.156750 
0.103438 
0.064675 
0.050159 
0.034351 
0.098003 
0.241931 
0.356408 
0.506602 
0.696821 
0.566657 
0.572821 
0.609371 
0.508445 
0.485687 
0.468372 
0.375833 
0.257626 
0.225051 
0.161941 
0.232087 
0.300579 
0.490062 
0.544024 
0.725867 
0.619238 
0.504693 
0.576285 
0.576836 
0.561109 
0.546424 
0.472226 
0.434078 
0.405825 
0.354242 
0.483673 
0.550989 
0.508474 
0.587023 
0.575666 
0.597825 
0.631348 
0.429089 
0.422079 
0.237927 
0.193648 
0.088107 
0.000000 
0.000000 
0.000000 
0.000000 
0.000000 
0.000000 
0.000000 
0.000000 
0.000000 
0.001960 
0.151624 
0.362750 
0.414293 
0.487938 
0.508734 
0.568623 
0.515709 
0.642397 
0.453510 
0.742231 
0.481556 
0.491634 
0.565971 
0.602625 
0.544036 
0.630012 
0.671307 
0.567950 
0.582281 
0.597506 
0.604731 
0.645218 
0.474512 
0.661581 
0.610455 
0.509932 
0.591867 
0.524249 
0.431361 
0.244088 
0.087119 
0.000000 
0.000000 
0.000000 
0.000000 
0.000000 
0.026263 
0.052246 
0.096029 
0.138089 
0.170105 
0.176424 
0.182434 
0.141930 
0.144439 
0.054496 
0.005590 
0.000000 
0.004418 
0.058995 
0.132649 
0.243110 
0.296788 
0.274995 
0.344928 
0.336187 
0.426154 
0.464394 
0.461045 
0.278379 
0.156895 
0.049923 
0.019486 
0.020183 
0.026197 
0.039628 
0.056411 
0.043653 
0.040905 
0.028677 
0.013677 
0.000682 
0.000000 
0.002933 
0.021927 
0.048734 
0.082733 
0.103327 
0.129292 
0.144779 
0.161761 
0.174692 
0.283814 
0.294404 
0.367978 
0.555188 
0.619665 
0.578714 
0.487285 
0.476535 
0.588097 
0.546904 
0.461943 
0.370033 
0.271103 
0.171590 
0.042791 
0.000000 
0.000000 
0.000000 
0.000000 
0.000000 
0.000000 
0.000000 
0.000000 
0.051547 
0.124579 
0.176506 
0.310564 
0.453246 
0.489415 
0.585468 
0.599398 
0.638845 
0.728359 
0.635885 
0.673300 
0.569432 
0.562914 
0.587312 
0.616769 
0.648655 
0.578046 
0.688815 
0.607301 
0.551206 
0.606268 
0.645409 
0.539963 
0.568943 
0.555729 
0.593777 
0.631823 
0.574254 
0.575186 
0.551111 
0.518499 
0.626775 
0.590805 
0.724249 
0.677770 
0.648309 
0.706239 
0.559865 
0.613003 
0.608682 
0.631357 
0.644603 
0.590193 
0.419114 
0.390129 
0.346404 
0.399121 
0.452757 
0.504024 
0.436075 
0.461501 
0.555675 
0.620708 
0.581609 
0.449102 
0.487187 
0.664041 
0.504072 
0.596128 
0.471956 
0.496161 
0.523013 
0.515053 
0.502057 
0.600543 
0.509660 
0.502898 
0.576645 
0.590000 
0.405713 
0.356915 
0.374315 
0.355736 
0.295914 
0.268366 
0.230996 
0.249140 
0.237499 
0.285132 
0.408365 
0.462582 
0.539328 
0.597150 
0.557292 
0.541322 
0.575455 
0.532497 
0.479984 
0.513359 
0.499702 
0.447894 
0.387095 
0.450383 
0.471025 
0.564943 
0.643894 
0.499909 
0.614346 
0.496338 
0.490279 
0.443710 
0.402206 
0.385235 
0.380616 
0.416966 
0.448305 
0.366843 
0.446373 
0.370690 
0.390113 
0.316789 
0.296760 
0.359799 
0.325157 
0.355165 
0.401433 
0.516690 
0.487566 
0.512733 
0.531893 
0.333535 
0.410541 
0.374190 
0.288983 
0.173552 
0.068541 
0.021024 
0.004927 
0.000000 
0.000000 
0.000000 
0.000000 
0.000000 
0.000000 
0.000000 
0.000000 
0.000000 
0.000000 
0.000000 
0.000000 
0.000000 
0.011326 
0.035630 
0.053206 
0.110985 
0.174003 
0.189729 
0.171388 
0.313612 
0.325055 
0.354749 
0.474555 
0.398667 
0.468638 
0.312219 
0.349431 
0.308503 
0.258740 
0.228593 
0.215171 
0.190471 
0.181585 
0.143805 
0.128839 
0.134926 
0.127471 
0.136144 
0.130587 
0.125722 
0.156517 
0.167046 
0.203284 
0.235648 
0.346251 
0.351101 
0.428928 
0.411116 
0.468265 
0.314274 
0.443271 
0.405212 
0.477052 
0.363584 
0.416539 
0.324855 
0.263801 
0.273992 
0.271126 
0.210878 
0.211134 
0.192622 
0.186059 
0.210826 
0.175795 
0.203561 
0.204793 
0.226700 
0.224433 
0.298457 
0.358575 
0.279287 
0.355376 
0.299779 
0.306943 
0.333714 
0.375619 
0.345767 
0.328175 
0.253705 
0.270322 
0.179667 
0.169044 
0.172085 
0.205149 
0.246559 
0.263621 
0.245322 
0.261453 
0.201060 
0.166291 
0.121640 
0.122383 
0.103976 
0.126260 
0.130900 
0.128623 
0.163491 
0.114782 
0.122435 
0.148216 
0.143328 
0.127164 
0.160171 
0.134626 
0.117284 
0.126662 
0.125465 
0.110609 
0.104390 
0.080677 
0.064476 
0.071291 
0.071069 
0.049644 
0.037339 
0.034257 
0.021055 
0.015928 
0.006226 
0.000542 
0.000000 
0.000000 
0.000000 
0.000000 
0.000000 
0.000000 
0.000000 
0.000000 
0.000000 
0.000000 
0.000000 
0.000000 
0.000000 
0.000000 
0.000000 
0.000000 
0.000000 
0.000000 
0.000000 
0.000000 
0.000000 
0.000000 
0.000000 
0.000000 
0.000000 
0.000000 
0.000000 
0.000000 
0.000000 
0.000000 
0.001963 
0.004292 
0.009789 
0.011233 
0.018125 
0.020520 
0.022357 
0.026533 
0.023632 
0.026060 
0.027930 
0.029839 
0.022508 
0.022986 
0.020656 
0.022120 
0.022908 
0.027440 
0.037438 
0.045166 
0.058504 
0.065161 
0.067912 
0.078422 
0.072336 
0.064053 
0.073786 
0.112181 
0.141340 
0.164618 
0.203436 
0.224017 
0.211311 
0.192693 
0.214038 
0.184486 
0.226825 
0.146593 
0.171804 
0.134658 
0.085103 
0.083360 
0.082274 
0.083038 
0.081991 
0.070092 
0.075064 
0.064554 
0.058548 
0.043997 
0.029756 
0.018745 
0.014575 
0.009033 
0.005005 
0.001036 
0.000000 
0.000000 
0.000000 
0.000000 
0.000000 
0.000000 
0.000000 
0.000000 
0.000000 
0.000212 
0.001274 
0.000674 
0.000000 
0.000000 
0.000000 
0.000000 
0.000000 
0.000000 
0.000000 
0.000000 
0.000000 
0.000000 
0.000000 
0.000000 
0.002007 
0.002885 
0.001931 
0.000709 
0.000000 
0.000000 
0.000000 
0.000000 
0.000000 
0.000000 
0.000000 
0.000000 
0.000000 
0.000000 
0.000000 
0.000000 
0.000000 
0.000000 
0.000000 
0.000000 
0.000000 
0.000000 
0.000000 
0.000000 
0.000000 
0.000000 
0.000000 
0.000000 
0.000000 
0.000000 
0.000000 
0.000000 
0.000000 
0.000000 
0.000000 
0.000000 
0.000000 
0.000000 
0.000000 
0.000000 
0.000000 
0.000000 
0.000000 
0.000000 
0.000000 
0.000000 
0.000000 
0.000000 
0.000000 
0.000000 
0.000000 
0.000000 
0.000000 
0.000000 
0.000000 
0.000000 
0.000000 
0.000000 
0.000000 
0.000000 
0.000000 
0.000000 
0.000000 
0.000000 
0.000000 
0.000000 
0.000000 
0.000000 
0.000000 
0.000000 
0.000000 
0.000000 
0.000000 
0.000000 
0.000000 
0.000000 
0.000000 
0.000000 
0.000000 
0.000000 
0.000000 
0.000000 
0.000000 
0.000000 
0.000000 
0.000000 
0.000000 
0.000000 
0.000000 
0.000000 
0.000000 
0.000000 
0.000000 
0.000000 
0.000000 
0.000000 
0.000000 
0.000000 
0.000000 
0.000000 
0.000000 
0.000000 
0.000000 
0.000000 
0.000000 
0.000000 
0.000000 
0.000000 
0.000000 
0.000000 
0.000000 
0.000000 
0.000000 
0.000000 
0.000000 
0.000000 
0.000000 
0.000000 
0.000000 
0.000000 
0.000000 
0.000000 
0.000000 
0.000000 
0.000000 
0.000000 
0.000000 
0.000000 
0.000000 
0.000000 
0.000000 
0.000000 
0.000000 
0.000000 
0.000000 
0.000000 
0.000000 
0.000000 
0.000000 
0.000000 
0.000000 
0.000000 
0.000000 
0.000000 
0.000000 
0.000000 
0.000000 
0.000000 
0.000000 
0.000000 
0.000000 
0.000000 
0.000000 
0.000000 
0.000000 
0.000000 
0.000000 
0.000000 
0.000000 
0.000000 
0.000000 
0.000000 
0.000000 
0.000000 
0.000000 
0.000000 
0.000000 
0.000000 
0.000000 
0.000000 
0.000000 
0.000000 
0.000000 
0.000000 
0.000000 
0.000000 
0.000000 
0.000000 
0.000000 
0.000000 
0.000000 
0.000000 
0.000000 
0.000000 
0.000000 
0.000000 
0.000000 
0.000000 
0.000000 
0.000000 
0.000000 
0.000000 
0.000000 
0.000000 
0.000000 
0.000000 
0.000000 
0.000000 
0.000000 
0.000000 
0.000000 
0.000000 
0.000000 
0.000000 
0.000000 
0.000000 
0.000000 
0.000000 
0.000000 
0.000000 
0.000000 
0.000000 
0.000000 
0.000000 
0.000000 
0.000000 
0.000000 
0.000000 
0.000000 
0.000000 
0.000000 
0.000000 
0.000000 
0.000000 
0.000000 
0.000000 
0.000000 
0.000000 
0.000000 
0.000000 
0.000000 
0.000000 
0.000000 
0.000000 
0.000000 
0.000000 
0.000000 
0.000000 
0.000000 
0.000000 
0.000000 
0.000000 
0.000000 
0.000000 
0.000000 
0.000000 
0.000000 
0.000000 
0.000000 
0.000000 
0.000000 
0.000000 
0.000000 
0.000000 
0.000000 
0.000000 
0.000000 
0.000000 
0.000000 
0.000000 
0.000000 
0.000000 
0.000000 
0.000000 
0.000000 
0.000000 
0.000000 
0.000000 
0.000000 
0.000000 
0.000000 
0.000000 
0.000000 
0.000000 
0.000000 
0.000000 
0.000000 
0.000000 
0.000000 
0.000000 
0.000000 
0.000000 
0.000000 
0.000000 
0.000000 
0.000000 
0.000000 
0.000000 
0.000000 
0.000000 
0.000000 
0.000000 
0.000000 
0.000000 
0.000000 
0.000000 
0.000000 
