0.000000 
0.000000 
0.000000 
0.000000 
0.000000 
0.000000 
0.000000 
0.000000 
0.000000 
0.000000 
0.000000 
0.000000 
0.000000 
0.000000 
0.000000 
0.000000 
0.000000 
0.000000 
0.000000 
0.000000 
0.000000 
0.000000 
0.000000 
0.000000 
0.000000 
0.000000 
0.000000 
0.000000 
0.000000 
0.000000 
0.000000 
0.000000 
0.000000 
0.000000 
0.000000 
0.000000 
0.000000 
0.000000 
0.000000 
0.000000 
0.000000 
0.000000 
0.000000 
0.000000 
0.000000 
0.000000 
0.000000 
0.000000 
0.000000 
0.000000 
0.000000 
0.000000 
0.000000 
0.000000 
0.000000 
0.000000 
0.000000 
0.000000 
0.000000 
0.000000 
0.000000 
0.000000 
0.000000 
0.000000 
0.000000 
0.000000 
0.000000 
0.000000 
0.000000 
0.000000 
0.000000 
0.000000 
0.000000 
0.000000 
0.000000 
0.000000 
0.000000 
0.000000 
0.000000 
0.000000 
0.000000 
0.000000 
0.000000 
0.000000 
0.000000 
0.000000 
0.000000 
0.000000 
0.000000 
0.000000 
0.000000 
0.000000 
0.000000 
0.000000 
0.000000 
0.000000 
0.000000 
0.000000 
0.000000 
0.000000 
0.000000 
0.000000 
0.000000 
0.000000 
0.000000 
0.000000 
0.000000 
0.000000 
0.000000 
0.000000 
0.000000 
0.000000 
0.000000 
0.000000 
0.000000 
0.000000 
0.000000 
0.000000 
0.000000 
0.000000 
0.000000 
0.000000 
0.000000 
0.000000 
0.000000 
0.000000 
0.000000 
0.000000 
0.000000 
0.000000 
0.000000 
0.000000 
0.000000 
0.000000 
0.000000 
0.000000 
0.000000 
0.000000 
0.000000 
0.000000 
0.000000 
0.000000 
0.000000 
0.000000 
0.000000 
0.000000 
0.000000 
0.000000 
0.000000 
0.000000 
0.000000 
0.000000 
0.000000 
0.000000 
0.000000 
0.000000 
0.000000 
0.000000 
0.000000 
0.000000 
0.000000 
0.000000 
0.000000 
0.000000 
0.000000 
0.000000 
0.000000 
0.000000 
0.000000 
0.000000 
0.000000 
0.000000 
0.000000 
0.000000 
0.000000 
0.000000 
0.000000 
0.000000 
0.000000 
0.000000 
0.000000 
0.000000 
0.000000 
0.000000 
0.000000 
0.000000 
0.000000 
0.000000 
0.000000 
0.000000 
0.000000 
0.000000 
0.000000 
0.000000 
0.000000 
0.000000 
0.000000 
0.000000 
0.000000 
0.000000 
0.000000 
0.000000 
0.000000 
0.000000 
0.000000 
0.000000 
0.000000 
0.000000 
0.000000 
0.000000 
0.000000 
0.000000 
0.000000 
0.000000 
0.000000 
0.000000 
0.000000 
0.000000 
0.000000 
0.000000 
0.000000 
0.000000 
0.000000 
0.000000 
0.000000 
0.000000 
0.000000 
0.000000 
0.000000 
0.000000 
0.000000 
0.000000 
0.000000 
0.000000 
0.000000 
0.000000 
0.000000 
0.000000 
0.000000 
0.000000 
0.000000 
0.000000 
0.000000 
0.000000 
0.000000 
0.000000 
0.000000 
0.000000 
0.000000 
0.000000 
0.000000 
0.000000 
0.000000 
0.000000 
0.000000 
0.000000 
0.000000 
0.000000 
0.000000 
0.000000 
0.000000 
0.000000 
0.000000 
0.000000 
0.000000 
0.000000 
0.000000 
0.000000 
0.000000 
0.000000 
0.000000 
0.000000 
0.000000 
0.000000 
0.000000 
0.000000 
0.000000 
0.000000 
0.000000 
0.000000 
0.000000 
0.000000 
0.000000 
0.000000 
0.000000 
0.000000 
0.000000 
0.000000 
0.000000 
0.000000 
0.000000 
0.000000 
0.000000 
0.000000 
0.000000 
0.000000 
0.000000 
0.000000 
0.000000 
0.000000 
0.000000 
0.000000 
0.000000 
0.000000 
0.000000 
0.000000 
0.000000 
0.000000 
0.000000 
0.000000 
0.000000 
0.000000 
0.000000 
0.000000 
0.000000 
0.000000 
0.000000 
0.000000 
0.000000 
0.000000 
0.000000 
0.000000 
0.000000 
0.000000 
0.000000 
0.000000 
0.000000 
0.000000 
0.000000 
0.000000 
0.000000 
0.000000 
0.000000 
0.000000 
0.000000 
0.000000 
0.000000 
0.000000 
0.000000 
0.000000 
0.000000 
0.000000 
0.000000 
0.000000 
0.000000 
0.000000 
0.000000 
0.000000 
0.000000 
0.000000 
0.000000 
0.000000 
0.000000 
0.000000 
0.000000 
0.000000 
0.000000 
0.000000 
0.000000 
0.000000 
0.000000 
0.000000 
0.000000 
0.000000 
0.000000 
0.000000 
0.000000 
0.000000 
0.000000 
0.000000 
0.000000 
0.000000 
0.000000 
0.000000 
0.000000 
0.000000 
0.000000 
0.000000 
0.000000 
0.000000 
0.000000 
0.000000 
0.000000 
0.000000 
0.000000 
0.000000 
0.000000 
0.000000 
0.000000 
0.000000 
0.000000 
0.000000 
0.000000 
0.000000 
0.000000 
0.000000 
0.000000 
0.000000 
0.000000 
0.000000 
0.000000 
0.000000 
0.000000 
0.000000 
0.000000 
0.000000 
0.000000 
0.000000 
0.000000 
0.000000 
0.000000 
0.000000 
0.000000 
0.000000 
0.000000 
0.000000 
0.000000 
0.000000 
0.000000 
0.000000 
0.000000 
0.003219 
0.011331 
0.020223 
0.021266 
0.019082 
0.016800 
0.018887 
0.014696 
0.014560 
0.015667 
0.022084 
0.040476 
0.048619 
0.058509 
0.062152 
0.066633 
0.069185 
0.074707 
0.078700 
0.078875 
0.078000 
0.078571 
0.091352 
0.096743 
0.100447 
0.121653 
0.135194 
0.131483 
0.140588 
0.109612 
0.121441 
0.129063 
0.128301 
0.103939 
0.126739 
0.106580 
0.152502 
0.154731 
0.148815 
0.147166 
0.105125 
0.132112 
0.097245 
0.081577 
0.052211 
0.001810 
0.000000 
0.000000 
0.000000 
0.000000 
0.000000 
0.014695 
0.061636 
0.100241 
0.101373 
0.097342 
0.113883 
0.144202 
0.131269 
0.114226 
0.143228 
0.134538 
0.146149 
0.143606 
0.130472 
0.111161 
0.139195 
0.127903 
0.145924 
0.117894 
0.118854 
0.138072 
0.143851 
0.148857 
0.152106 
0.143152 
0.122134 
0.164323 
0.151943 
0.109070 
0.119671 
0.120016 
0.094338 
0.074485 
0.072155 
0.133079 
0.142977 
0.152943 
0.186247 
0.148048 
0.118803 
0.065688 
0.009257 
0.000000 
0.000000 
0.000000 
0.000000 
0.000000 
0.000000 
0.000000 
0.000000 
0.000000 
0.009152 
0.062891 
0.098535 
0.135883 
0.145286 
0.176109 
0.182765 
0.212459 
0.197699 
0.201504 
0.222445 
0.219257 
0.202971 
0.209084 
0.186906 
0.198369 
0.210035 
0.218003 
0.203937 
0.236900 
0.212310 
0.237553 
0.195650 
0.231570 
0.264700 
0.260673 
0.213861 
0.258782 
0.218521 
0.237564 
0.203497 
0.219695 
0.177496 
0.260075 
0.256522 
0.237659 
0.242946 
0.243393 
0.285649 
0.240896 
0.281713 
0.223630 
0.221699 
0.237774 
0.282854 
0.274952 
0.251259 
0.243734 
0.290930 
0.262393 
0.239837 
0.254693 
0.298929 
0.358284 
0.272402 
0.352321 
0.256257 
0.295192 
0.286399 
0.300890 
0.316525 
0.258101 
0.320812 
0.265875 
0.260054 
0.236535 
0.223139 
0.267709 
0.295726 
0.309599 
0.389860 
0.343459 
0.299531 
0.213532 
0.138258 
0.086885 
0.070476 
0.075224 
0.101223 
0.125275 
0.156651 
0.199054 
0.221343 
0.213020 
0.331955 
0.317516 
0.271270 
0.324761 
0.330919 
0.371443 
0.299428 
0.303224 
0.274064 
0.214945 
0.192364 
0.167438 
0.133409 
0.084375 
0.072070 
0.048916 
0.031241 
0.026513 
0.050314 
0.146570 
0.290892 
0.370229 
0.376163 
0.327846 
0.333441 
0.295500 
0.343839 
0.273444 
0.264124 
0.227597 
0.169109 
0.125754 
0.104216 
0.133892 
0.217942 
0.258049 
0.293723 
0.352004 
0.333449 
0.433510 
0.333131 
0.268638 
0.343566 
0.314842 
0.274043 
0.258898 
0.255203 
0.321102 
0.216553 
0.302484 
0.390978 
0.305271 
0.344431 
0.271606 
0.259009 
0.283021 
0.227706 
0.209857 
0.106302 
0.046546 
0.000000 
0.000000 
0.000000 
0.000000 
0.000000 
0.000000 
0.000000 
0.000000 
0.000000 
0.001347 
0.084143 
0.195026 
0.239328 
0.312552 
0.345013 
0.352682 
0.333417 
0.351819 
0.436587 
0.370833 
0.338161 
0.381215 
0.390240 
0.370704 
0.402150 
0.413086 
0.359077 
0.407766 
0.355976 
0.405500 
0.343100 
0.338587 
0.348835 
0.344447 
0.309782 
0.362573 
0.303314 
0.342831 
0.272711 
0.190197 
0.060201 
0.000000 
0.000000 
0.000000 
0.000000 
0.000000 
0.016744 
0.033889 
0.050568 
0.089818 
0.094810 
0.122809 
0.123549 
0.114807 
0.085432 
0.036104 
0.002540 
0.000000 
0.003018 
0.039971 
0.079599 
0.134001 
0.154696 
0.198311 
0.215577 
0.227664 
0.279776 
0.243737 
0.233545 
0.176653 
0.110103 
0.037634 
0.011368 
0.015021 
0.019299 
0.022988 
0.025955 
0.036761 
0.025277 
0.016298 
0.008398 
0.000417 
0.000000 
0.001448 
0.013385 
0.029848 
0.051329 
0.061090 
0.075584 
0.087426 
0.116887 
0.134193 
0.149032 
0.188731 
0.241844 
0.309072 
0.346771 
0.381963 
0.356871 
0.335148 
0.334943 
0.319914 
0.284467 
0.250358 
0.169975 
0.078149 
0.031063 
0.000000 
0.000000 
0.000000 
0.000000 
0.000000 
0.000000 
0.000000 
0.000000 
0.027269 
0.086980 
0.135553 
0.191861 
0.259761 
0.314118 
0.395858 
0.380677 
0.442051 
0.323688 
0.397880 
0.395492 
0.437289 
0.364260 
0.407584 
0.352757 
0.330728 
0.406397 
0.390972 
0.385324 
0.399784 
0.379754 
0.409932 
0.328251 
0.381831 
0.359783 
0.300286 
0.318669 
0.331979 
0.382142 
0.355198 
0.437376 
0.407479 
0.343686 
0.373160 
0.430776 
0.401737 
0.391801 
0.360895 
0.385876 
0.336596 
0.362430 
0.316643 
0.338334 
0.242466 
0.266327 
0.259004 
0.213541 
0.222994 
0.258347 
0.308516 
0.377051 
0.331956 
0.296436 
0.390925 
0.359310 
0.379208 
0.365725 
0.413739 
0.463107 
0.365726 
0.358125 
0.288655 
0.320401 
0.353082 
0.341090 
0.261383 
0.296038 
0.360148 
0.278515 
0.277574 
0.230955 
0.257815 
0.193417 
0.190459 
0.193836 
0.135517 
0.127881 
0.145505 
0.204912 
0.247465 
0.307633 
0.363604 
0.346899 
0.339330 
0.302201 
0.374009 
0.386919 
0.356484 
0.351657 
0.263082 
0.256710 
0.276317 
0.287050 
0.358011 
0.290679 
0.278584 
0.379521 
0.280069 
0.348254 
0.298170 
0.314538 
0.261892 
0.265616 
0.298713 
0.271018 
0.218032 
0.218974 
0.234146 
0.210891 
0.211342 
0.190760 
0.194035 
0.214144 
0.254824 
0.236403 
0.281413 
0.295624 
0.274763 
0.320536 
0.337296 
0.241887 
0.215235 
0.248813 
0.189555 
0.111506 
0.037551 
0.012673 
0.003058 
0.000000 
0.000000 
0.000000 
0.000000 
0.000000 
0.000000 
0.000000 
0.000000 
0.000000 
0.000000 
0.000000 
0.000000 
0.000000 
0.007970 
0.019647 
0.041408 
0.063210 
0.111900 
0.124742 
0.171714 
0.186656 
0.239748 
0.249801 
0.267206 
0.282664 
0.235667 
0.208858 
0.187848 
0.147901 
0.161257 
0.156635 
0.117995 
0.112813 
0.080110 
0.091751 
0.077192 
0.081013 
0.081326 
0.072311 
0.070431 
0.076439 
0.094948 
0.138676 
0.116216 
0.168201 
0.189786 
0.225429 
0.212886 
0.263058 
0.281054 
0.278398 
0.269062 
0.248084 
0.304782 
0.219823 
0.254292 
0.178524 
0.168498 
0.139655 
0.153546 
0.146113 
0.139912 
0.135040 
0.152078 
0.128219 
0.142744 
0.143498 
0.124380 
0.135516 
0.172157 
0.170510 
0.169141 
0.162224 
0.213858 
0.178228 
0.206739 
0.238497 
0.207163 
0.197100 
0.201131 
0.200687 
0.155921 
0.101905 
0.092547 
0.080145 
0.106350 
0.133737 
0.155868 
0.206619 
0.141187 
0.136300 
0.093155 
0.084795 
0.057717 
0.074667 
0.075381 
0.079507 
0.074879 
0.098008 
0.085058 
0.082141 
0.076634 
0.091172 
0.105155 
0.089364 
0.090829 
0.082333 
0.077692 
0.067270 
0.076298 
0.056360 
0.061008 
0.037999 
0.043235 
0.039618 
0.028963 
0.025194 
0.021949 
0.015474 
0.010137 
0.004247 
0.000341 
0.000000 
0.000000 
0.000000 
0.000000 
0.000000 
0.000000 
0.000000 
0.000000 
0.000000 
0.000000 
0.000000 
0.000000 
0.000000 
0.000000 
0.000000 
0.000000 
0.000000 
0.000000 
0.000000 
0.000000 
0.000000 
0.000000 
0.000000 
0.000000 
0.000000 
0.000000 
0.000000 
0.000000 
0.000000 
0.000000 
0.001201 
0.003796 
0.005477 
0.008372 
0.009107 
0.012473 
0.010907 
0.013370 
0.013801 
0.016497 
0.015927 
0.017324 
0.017458 
0.018136 
0.016355 
0.015030 
0.013091 
0.018853 
0.021486 
0.021538 
0.034165 
0.042868 
0.050718 
0.045601 
0.042842 
0.039429 
0.048014 
0.060921 
0.085667 
0.089485 
0.121687 
0.135707 
0.155279 
0.122824 
0.140770 
0.114227 
0.099879 
0.104043 
0.090714 
0.081483 
0.054028 
0.056014 
0.041640 
0.047074 
0.048003 
0.051294 
0.046881 
0.035441 
0.033743 
0.023791 
0.017697 
0.013299 
0.008663 
0.005962 
0.002749 
0.000881 
0.000000 
0.000000 
0.000000 
0.000000 
0.000000 
0.000000 
0.000000 
0.000000 
0.000000 
0.000219 
0.000722 
0.000478 
0.000000 
0.000000 
0.000000 
0.000000 
0.000000 
0.000000 
0.000000 
0.000000 
0.000000 
0.000000 
0.000000 
0.000000 
0.001402 
0.001775 
0.001606 
0.000509 
0.000000 
0.000000 
0.000000 
0.000000 
0.000000 
0.000000 
0.000000 
0.000000 
0.000000 
0.000000 
0.000000 
0.000000 
0.000000 
0.000000 
0.000000 
0.000000 
0.000000 
0.000000 
0.000000 
0.000000 
0.000000 
0.000000 
0.000000 
0.000000 
0.000000 
0.000000 
0.000000 
0.000000 
0.000000 
0.000000 
0.000000 
0.000000 
0.000000 
0.000000 
0.000000 
0.000000 
0.000000 
0.000000 
0.000000 
0.000000 
0.000000 
0.000000 
0.000000 
0.000000 
0.000000 
0.000000 
0.000000 
0.000000 
0.000000 
0.000000 
0.000000 
0.000000 
0.000000 
0.000000 
0.000000 
0.000000 
0.000000 
0.000000 
0.000000 
0.000000 
0.000000 
0.000000 
0.000000 
0.000000 
0.000000 
0.000000 
0.000000 
0.000000 
0.000000 
0.000000 
0.000000 
0.000000 
0.000000 
0.000000 
0.000000 
0.000000 
0.000000 
0.000000 
0.000000 
0.000000 
0.000000 
0.000000 
0.000000 
0.000000 
0.000000 
0.000000 
0.000000 
0.000000 
0.000000 
0.000000 
0.000000 
0.000000 
0.000000 
0.000000 
0.000000 
0.000000 
0.000000 
0.000000 
0.000000 
0.000000 
0.000000 
0.000000 
0.000000 
0.000000 
0.000000 
0.000000 
0.000000 
0.000000 
0.000000 
0.000000 
0.000000 
0.000000 
0.000000 
0.000000 
0.000000 
0.000000 
0.000000 
0.000000 
0.000000 
0.000000 
0.000000 
0.000000 
0.000000 
0.000000 
0.000000 
0.000000 
0.000000 
0.000000 
0.000000 
0.000000 
0.000000 
0.000000 
0.000000 
0.000000 
0.000000 
0.000000 
0.000000 
0.000000 
0.000000 
0.000000 
0.000000 
0.000000 
0.000000 
0.000000 
0.000000 
0.000000 
0.000000 
0.000000 
0.000000 
0.000000 
0.000000 
0.000000 
0.000000 
0.000000 
0.000000 
0.000000 
0.000000 
0.000000 
0.000000 
0.000000 
0.000000 
0.000000 
0.000000 
0.000000 
0.000000 
0.000000 
0.000000 
0.000000 
0.000000 
0.000000 
0.000000 
0.000000 
0.000000 
0.000000 
0.000000 
0.000000 
0.000000 
0.000000 
0.000000 
0.000000 
0.000000 
0.000000 
0.000000 
0.000000 
0.000000 
0.000000 
0.000000 
0.000000 
0.000000 
0.000000 
0.000000 
0.000000 
0.000000 
0.000000 
0.000000 
0.000000 
0.000000 
0.000000 
0.000000 
0.000000 
0.000000 
0.000000 
0.000000 
0.000000 
0.000000 
0.000000 
0.000000 
0.000000 
0.000000 
0.000000 
0.000000 
0.000000 
0.000000 
0.000000 
0.000000 
0.000000 
0.000000 
0.000000 
0.000000 
0.000000 
0.000000 
0.000000 
0.000000 
0.000000 
0.000000 
0.000000 
0.000000 
0.000000 
0.000000 
0.000000 
0.000000 
0.000000 
0.000000 
0.000000 
0.000000 
0.000000 
0.000000 
0.000000 
0.000000 
0.000000 
0.000000 
0.000000 
0.000000 
0.000000 
0.000000 
0.000000 
0.000000 
0.000000 
0.000000 
0.000000 
0.000000 
0.000000 
0.000000 
0.000000 
0.000000 
0.000000 
0.000000 
0.000000 
0.000000 
0.000000 
0.000000 
0.000000 
0.000000 
0.000000 
0.000000 
0.000000 
0.000000 
0.000000 
0.000000 
0.000000 
0.000000 
0.000000 
0.000000 
0.000000 
0.000000 
0.000000 
0.000000 
0.000000 
0.000000 
0.000000 
0.000000 
0.000000 
0.000000 
0.000000 
0.000000 
0.000000 
0.000000 
0.000000 
0.000000 
0.000000 
0.000000 
0.000000 
0.000000 
