0.076000 
0.076000 
0.076000 
0.076000 
0.076000 
0.076000 
0.076000 
0.076000 
0.076000 
0.076000 
0.076000 
0.076000 
0.076000 
0.076000 
0.076000 
0.076000 
0.076000 
0.076000 
0.076000 
0.076000 
0.076000 
0.076000 
0.076000 
0.076000 
0.076000 
0.076000 
0.076000 
0.076000 
0.076000 
0.076000 
0.076000 
0.076000 
0.076000 
0.076000 
0.076000 
0.076000 
0.076000 
0.076000 
0.076000 
0.076000 
0.076000 
0.076000 
0.076000 
0.076000 
0.076000 
0.083277 
0.102269 
0.128716 
0.158357 
0.186933 
0.221278 
0.264675 
0.307540 
0.340288 
0.353333 
0.353333 
0.353333 
0.353333 
0.353333 
0.353333 
0.340288 
0.307540 
0.264675 
0.221278 
0.186933 
0.158357 
0.128716 
0.102269 
0.083277 
0.076000 
0.076000 
0.076000 
0.076000 
0.076000 
0.076000 
0.076000 
0.076000 
0.076000 
0.076000 
0.076000 
0.076000 
0.076000 
0.076000 
0.076000 
0.076000 
0.101653 
0.162827 
0.235840 
0.297013 
0.322667 
0.322667 
0.322667 
0.322667 
0.322667 
0.322667 
0.322667 
0.322667 
0.322667 
0.322667 
0.322667 
0.322667 
0.322667 
0.322667 
0.322667 
0.322667 
0.311063 
0.281937 
0.243812 
0.205214 
0.174667 
0.149250 
0.122886 
0.099364 
0.082473 
0.076000 
0.076000 
0.076000 
0.076000 
0.076000 
0.076000 
0.076000 
0.076000 
0.076000 
0.076000 
0.076000 
0.076000 
0.076000 
0.076000 
0.076000 
0.076000 
0.076000 
0.076000 
0.076000 
0.076000 
0.076000 
0.076000 
0.076000 
0.076000 
0.076000 
0.076000 
0.086012 
0.111593 
0.146061 
0.182735 
0.214933 
0.247076 
0.283618 
0.317928 
0.343377 
0.353333 
0.353333 
0.353333 
0.353333 
0.353333 
0.353333 
0.343789 
0.319324 
0.286191 
0.250643 
0.218933 
0.186336 
0.148672 
0.113013 
0.086432 
0.076000 
0.078096 
0.083130 
0.089223 
0.094495 
0.097067 
0.097614 
0.098058 
0.098389 
0.098595 
0.098667 
0.098667 
0.098667 
0.098667 
0.098667 
0.098667 
0.097557 
0.094912 
0.091755 
0.089109 
0.088000 
0.088000 
0.088000 
0.088000 
0.088000 
0.088000 
0.091891 
0.101380 
0.113190 
0.124045 
0.130667 
0.133317 
0.134948 
0.136321 
0.138196 
0.141333 
0.156667 
0.189546 
0.232358 
0.277492 
0.317333 
0.357264 
0.402362 
0.444561 
0.475796 
0.488000 
0.476622 
0.448907 
0.414480 
0.382969 
0.364000 
0.356054 
0.350375 
0.345735 
0.340908 
0.334667 
0.327353 
0.319581 
0.310533 
0.299390 
0.285333 
0.254707 
0.204506 
0.149884 
0.105997 
0.088000 
0.094318 
0.110912 
0.134240 
0.160761 
0.186933 
0.220122 
0.263375 
0.306673 
0.339999 
0.353333 
0.353333 
0.353333 
0.353333 
0.353333 
0.353333 
0.340288 
0.307540 
0.264675 
0.221278 
0.186933 
0.158357 
0.128716 
0.102269 
0.083277 
0.076000 
0.076000 
0.076000 
0.076000 
0.076000 
0.076000 
0.076000 
0.076000 
0.076000 
0.076000 
0.076000 
0.076000 
0.076000 
0.076000 
0.076000 
0.076000 
0.078605 
0.085788 
0.096602 
0.110099 
0.125333 
0.155959 
0.206161 
0.260783 
0.304670 
0.322667 
0.322667 
0.322667 
0.322667 
0.322667 
0.322667 
0.322667 
0.322667 
0.322667 
0.322667 
0.322667 
0.322667 
0.322667 
0.322667 
0.322667 
0.322667 
0.304670 
0.260783 
0.206161 
0.155959 
0.125333 
0.110099 
0.096602 
0.085788 
0.078605 
0.076000 
0.076000 
0.076000 
0.076000 
0.076000 
0.076000 
0.089046 
0.121793 
0.164658 
0.208055 
0.242400 
0.270976 
0.300618 
0.327064 
0.346056 
0.353333 
0.353333 
0.353333 
0.353333 
0.353333 
0.353333 
0.333099 
0.283756 
0.222343 
0.165900 
0.131467 
0.114339 
0.099163 
0.087005 
0.078929 
0.076000 
0.076000 
0.076000 
0.076000 
0.076000 
0.076000 
0.076000 
0.076000 
0.076000 
0.076000 
0.076000 
0.101653 
0.162827 
0.235840 
0.297013 
0.322667 
0.322667 
0.322667 
0.322667 
0.322667 
0.322667 
0.322667 
0.322667 
0.322667 
0.322667 
0.322667 
0.322667 
0.322667 
0.322667 
0.322667 
0.322667 
0.311063 
0.281937 
0.243812 
0.205214 
0.174667 
0.149250 
0.122886 
0.099364 
0.082473 
0.076000 
0.076000 
0.076000 
0.076000 
0.076000 
0.076000 
0.076000 
0.076000 
0.076000 
0.076000 
0.076000 
0.095763 
0.144164 
0.204870 
0.261548 
0.297867 
0.317538 
0.334746 
0.348866 
0.359270 
0.365333 
0.368801 
0.371741 
0.374014 
0.375480 
0.376000 
0.351147 
0.291767 
0.220626 
0.160492 
0.134133 
0.132429 
0.131088 
0.130119 
0.129531 
0.129333 
0.147330 
0.191217 
0.245839 
0.296041 
0.326667 
0.341901 
0.355398 
0.366212 
0.373395 
0.376000 
0.375408 
0.373797 
0.371415 
0.368511 
0.365333 
0.361180 
0.355419 
0.348402 
0.340478 
0.332000 
0.322574 
0.311633 
0.299273 
0.285586 
0.270667 
0.251939 
0.228876 
0.204644 
0.182408 
0.165333 
0.151838 
0.139002 
0.127980 
0.119928 
0.116000 
0.114637 
0.113526 
0.112698 
0.112179 
0.112000 
0.119718 
0.138353 
0.161129 
0.181271 
0.192000 
0.195519 
0.198465 
0.200719 
0.202160 
0.202667 
0.199893 
0.193280 
0.185387 
0.178773 
0.176000 
0.193000 
0.235874 
0.292435 
0.350495 
0.397867 
0.439414 
0.483586 
0.523571 
0.552558 
0.563733 
0.552252 
0.524873 
0.492194 
0.464815 
0.453333 
0.461043 
0.479428 
0.501372 
0.519757 
0.527467 
0.515735 
0.487761 
0.454372 
0.426398 
0.414667 
0.436992 
0.490229 
0.553771 
0.607008 
0.629333 
0.622955 
0.607744 
0.589589 
0.574379 
0.568000 
0.569664 
0.573632 
0.578368 
0.582336 
0.584000 
0.574016 
0.550208 
0.521792 
0.497984 
0.488000 
0.488000 
0.488000 
0.488000 
0.488000 
0.488000 
0.488000 
0.488000 
0.488000 
0.488000 
0.488000 
0.445152 
0.342976 
0.221024 
0.118848 
0.076000 
0.076000 
0.076000 
0.076000 
0.076000 
0.076000 
0.076617 
0.078330 
0.080935 
0.084226 
0.088000 
0.093486 
0.101942 
0.113202 
0.127098 
0.143467 
0.176524 
0.229975 
0.287884 
0.334315 
0.353333 
0.353333 
0.353333 
0.353333 
0.353333 
0.353333 
0.346056 
0.327064 
0.300618 
0.270976 
0.242400 
0.208055 
0.164658 
0.121793 
0.089046 
0.076000 
0.076000 
0.076000 
0.076000 
0.076000 
0.076000 
0.076000 
0.076000 
0.076000 
0.076000 
0.076000 
0.076000 
0.076000 
0.076000 
0.076000 
0.076000 
0.076000 
0.076000 
0.076000 
0.076000 
0.076000 
0.076000 
0.076000 
0.076000 
0.076000 
0.076000 
0.076000 
0.076000 
0.076000 
0.076000 
0.076000 
0.076000 
0.076000 
0.076000 
0.076000 
0.076000 
0.078605 
0.085788 
0.096602 
0.110099 
0.125333 
0.155959 
0.206161 
0.260783 
0.304670 
0.322667 
0.322667 
0.322667 
0.322667 
0.322667 
0.322667 
0.322667 
0.322667 
0.322667 
0.322667 
0.322667 
0.322667 
0.322667 
0.322667 
0.322667 
0.322667 
0.330987 
0.350827 
0.374507 
0.394347 
0.402667 
0.399207 
0.390315 
0.378218 
0.365148 
0.353333 
0.343720 
0.334809 
0.325157 
0.313324 
0.297867 
0.263433 
0.206990 
0.145577 
0.096234 
0.076000 
0.076000 
0.076000 
0.076000 
0.076000 
0.076000 
0.076000 
0.076000 
0.076000 
0.076000 
0.076000 
0.076000 
0.076000 
0.076000 
0.076000 
0.076000 
0.076000 
0.076000 
0.076000 
0.076000 
0.076000 
0.076000 
0.076000 
0.076000 
0.076000 
0.076000 
0.076000 
0.076000 
0.076000 
0.076000 
0.076000 
0.093997 
0.137884 
0.192506 
0.242707 
0.273333 
0.288567 
0.302065 
0.312879 
0.320062 
0.322667 
0.322667 
0.322667 
0.322667 
0.322667 
0.322667 
0.322667 
0.322667 
0.322667 
0.322667 
0.322667 
0.317152 
0.302655 
0.282248 
0.259006 
0.236000 
0.206615 
0.168162 
0.129601 
0.099894 
0.088000 
0.122330 
0.210127 
0.328599 
0.454954 
0.566400 
0.678595 
0.806735 
0.927338 
1.016921 
1.052000 
0.955488 
0.725344 
0.450656 
0.220512 
0.124000 
0.251751 
0.574613 
1.001999 
1.443324 
1.808000 
2.134959 
2.486342 
2.806379 
3.039300 
3.129333 
3.129333 
3.129333 
3.129333 
3.129333 
3.129333 
3.011910 
2.731902 
2.397698 
2.117690 
2.000267 
2.047730 
2.176556 
2.366396 
2.596905 
2.847733 
3.274697 
3.925218 
4.616364 
5.165202 
5.388800 
4.860258 
3.599889 
2.095578 
0.835209 
0.306667 
0.324663 
0.368550 
0.423172 
0.473374 
0.504000 
0.516799 
0.525426 
0.532587 
0.540987 
0.553333 
0.576120 
0.610086 
0.649297 
0.687824 
0.719733 
0.748310 
0.777951 
0.804398 
0.823389 
0.830667 
0.825390 
0.810891 
0.789163 
0.762201 
0.732000 
0.673594 
0.579375 
0.477372 
0.395615 
0.362133 
0.364020 
0.369126 
0.376623 
0.385680 
0.395467 
0.411688 
0.436087 
0.461897 
0.482346 
0.490667 
0.490667 
0.490667 
0.490667 
0.490667 
0.490667 
0.490667 
0.490667 
0.490667 
0.490667 
0.490667 
0.490667 
0.490667 
0.490667 
0.490667 
0.490667 
0.490667 
0.490667 
0.490667 
0.490667 
0.490667 
0.490667 
0.490667 
0.490667 
0.490667 
0.490667 
0.490667 
0.490667 
0.490667 
0.490667 
0.490667 
0.490667 
0.490667 
0.490667 
0.490667 
0.490667 
0.516320 
0.577493 
0.650507 
0.711680 
0.737333 
0.737333 
0.737333 
0.737333 
0.737333 
0.737333 
0.737333 
0.737333 
0.737333 
0.737333 
0.737333 
0.738581 
0.741557 
0.745109 
0.748085 
0.749333 
0.733941 
0.697237 
0.653429 
0.616725 
0.601333 
0.603097 
0.608095 
0.615892 
0.626050 
0.638133 
0.673512 
0.739223 
0.813324 
0.873874 
0.898933 
0.897844 
0.894801 
0.890143 
0.884208 
0.877333 
0.865428 
0.845857 
0.821147 
0.793819 
0.766400 
0.732055 
0.688658 
0.645793 
0.613046 
0.600000 
0.616806 
0.656883 
0.704717 
0.744794 
0.761600 
0.759361 
0.753124 
0.743607 
0.731526 
0.717600 
0.685897 
0.631425 
0.571311 
0.522682 
0.502667 
0.502667 
0.502667 
0.502667 
0.502667 
0.502667 
0.502667 
0.502667 
0.502667 
0.502667 
0.502667 
0.458293 
0.352480 
0.226187 
0.120373 
0.076000 
0.076000 
0.076000 
0.076000 
0.076000 
0.076000 
0.093997 
0.137884 
0.192506 
0.242707 
0.273333 
0.288567 
0.302065 
0.312879 
0.320062 
0.322667 
0.322667 
0.322667 
0.322667 
0.322667 
0.322667 
0.325987 
0.334847 
0.347594 
0.362574 
0.378133 
0.400737 
0.432515 
0.465310 
0.490968 
0.501333 
0.489999 
0.461411 
0.423690 
0.384957 
0.353333 
0.329824 
0.308803 
0.288444 
0.266918 
0.242400 
0.208055 
0.164658 
0.121793 
0.089046 
0.076000 
0.120373 
0.226187 
0.352480 
0.458293 
0.502667 
0.502667 
0.502667 
0.502667 
0.502667 
0.502667 
0.502352 
0.501530 
0.500386 
0.499103 
0.497867 
0.496381 
0.494503 
0.492648 
0.491231 
0.490667 
0.490667 
0.490667 
0.490667 
0.490667 
0.490667 
0.490667 
0.490667 
0.490667 
0.490667 
0.490667 
0.491432 
0.493657 
0.497233 
0.502050 
0.508000 
0.526142 
0.564569 
0.618725 
0.684054 
0.756000 
0.877877 
1.061873 
1.256744 
1.411245 
1.474133 
1.446663 
1.380705 
1.300934 
1.232029 
1.198667 
1.191900 
1.186417 
1.182344 
1.179807 
1.178933 
1.212186 
1.291479 
1.386121 
1.465414 
1.498667 
1.481154 
1.436390 
1.376036 
1.311752 
1.255200 
1.198537 
1.133988 
1.073319 
1.028290 
1.010667 
1.132998 
1.424713 
1.772887 
2.064602 
2.186933 
2.021338 
1.626455 
1.155145 
0.760262 
0.594667 
0.610419 
0.647983 
0.692817 
0.730381 
0.746133 
0.746036 
0.745757 
0.745312 
0.744721 
0.744000 
0.741144 
0.735460 
0.728938 
0.723566 
0.721333 
0.722443 
0.725088 
0.728245 
0.730891 
0.732000 
0.725175 
0.708582 
0.688040 
0.669373 
0.658400 
0.653445 
0.649129 
0.645716 
0.643473 
0.642667 
0.946485 
1.670976 
2.535691 
3.260181 
3.564000 
3.563587 
3.562378 
3.560416 
3.557742 
3.554400 
3.543167 
3.517212 
3.477168 
3.423664 
3.357333 
3.098353 
2.576575 
1.957140 
1.405190 
1.085867 
0.956890 
0.858820 
0.781050 
0.712978 
0.644000 
0.564992 
0.482110 
0.407664 
0.353968 
0.333333 
0.337216 
0.346475 
0.357525 
0.366784 
0.370667 
0.364676 
0.350391 
0.333342 
0.319057 
0.313067 
0.315307 
0.321665 
0.331597 
0.344556 
0.360000 
0.401913 
0.479589 
0.570441 
0.651884 
0.701333 
0.723602 
0.740231 
0.753725 
0.766591 
0.781333 
0.797010 
0.811959 
0.827602 
0.845363 
0.866667 
0.893564 
0.926693 
0.965361 
1.008872 
1.056533 
1.118497 
1.197238 
1.280544 
1.356202 
1.412000 
1.454142 
1.494190 
1.527967 
1.551296 
1.560000 
1.517291 
1.415445 
1.293888 
1.192043 
1.149333 
1.151413 
1.156373 
1.162293 
1.167253 
1.169333 
1.167323 
1.161670 
1.152943 
1.141708 
1.128533 
1.094559 
1.033724 
0.965796 
0.910544 
0.887733 
0.955417 
1.131061 
1.373557 
1.641795 
1.894667 
2.171271 
2.501129 
2.828765 
3.098703 
3.255467 
3.322795 
3.369041 
3.405649 
3.444065 
3.495733 
3.571906 
3.667277 
3.768456 
3.862050 
3.934667 
3.980558 
4.011730 
4.041423 
4.082877 
4.149333 
4.948357 
6.733153 
8.835425 
10.586873 
11.319200 
10.229565 
7.628631 
4.518354 
1.900692 
0.777600 
0.739852 
0.710318 
0.689097 
0.676291 
0.672000 
0.680431 
0.700535 
0.724531 
0.744636 
0.753067 
0.745606 
0.727817 
0.706583 
0.688794 
0.681333 
0.693244 
0.725097 
0.771075 
0.825359 
0.882133 
0.941378 
1.011153 
1.097759 
1.207497 
1.346667 
1.623123 
2.086027 
2.653636 
3.244207 
3.776000 
4.321851 
4.936348 
5.510372 
5.934807 
6.100533 
5.547309 
4.228081 
2.653519 
1.334291 
0.781067 
0.945538 
1.367655 
1.940469 
2.557033 
3.110400 
3.685787 
4.354862 
4.990349 
5.464975 
5.651467 
5.122176 
3.860021 
2.353579 
1.091424 
0.562133 
0.562924 
0.565176 
0.568713 
0.573358 
0.578933 
0.588913 
0.607135 
0.633968 
0.669778 
0.714933 
0.905703 
1.288379 
1.728363 
2.091058 
2.241867 
2.087891 
1.720719 
1.282481 
0.915309 
0.761333 
0.762821 
0.767204 
0.774363 
0.784180 
0.796533 
0.905233 
1.144796 
1.426170 
1.660300 
1.758133 
1.733942 
1.671223 
1.584759 
1.489335 
1.399733 
1.297929 
1.173406 
1.052212 
0.960394 
0.924000 
0.942386 
0.989034 
1.051183 
1.116070 
1.170933 
1.217596 
1.264674 
1.309594 
1.349783 
1.382667 
1.411919 
1.440642 
1.465406 
1.482780 
1.489333 
1.476583 
1.442932 
1.395284 
1.340539 
1.285600 
1.212995 
1.116123 
1.018194 
0.942417 
0.912000 
0.950161 
1.047538 
1.178475 
1.317315 
1.438400 
1.557821 
1.692693 
1.818894 
1.912303 
1.948800 
1.845549 
1.599334 
1.305466 
1.059251 
0.956000 
0.956000 
0.956000 
0.956000 
0.956000 
0.956000 
0.956000 
0.956000 
0.956000 
0.956000 
0.956000 
1.082686 
1.384783 
1.745350 
2.047447 
2.174133 
2.013197 
1.629425 
1.171375 
0.787603 
0.626667 
0.639979 
0.671723 
0.709611 
0.741355 
0.754667 
0.733035 
0.681451 
0.619883 
0.568299 
0.546667 
0.549221 
0.556302 
0.567039 
0.580562 
0.596000 
0.628211 
0.682066 
0.741708 
0.791282 
0.814933 
0.819890 
0.823893 
0.826859 
0.828700 
0.829333 
0.814131 
0.776941 
0.730393 
0.687114 
0.659733 
0.647740 
0.640057 
0.633465 
0.624742 
0.610667 
0.548784 
0.426996 
0.287615 
0.172956 
0.125333 
0.125589 
0.126346 
0.127589 
0.129301 
0.131467 
0.156069 
0.211283 
0.276382 
0.330641 
0.353333 
0.353333 
0.353333 
0.353333 
0.353333 
0.353333 
0.346056 
0.327064 
0.300618 
0.270976 
0.242400 
0.208055 
0.164658 
0.121793 
0.089046 
0.076000 
0.076000 
0.076000 
0.076000 
0.076000 
0.076000 
0.076000 
0.076000 
0.076000 
0.076000 
0.076000 
0.076000 
0.076000 
0.076000 
0.076000 
0.076000 
0.101653 
0.162827 
0.235840 
0.297013 
0.322667 
0.322667 
0.322667 
0.322667 
0.322667 
0.322667 
0.322667 
0.322667 
0.322667 
0.322667 
0.322667 
