0.000000 
0.000000 
0.000000 
0.000000 
0.000000 
0.000000 
0.000000 
0.000000 
0.000000 
0.000000 
0.000000 
0.000000 
0.000000 
0.000000 
0.000000 
0.000000 
0.000000 
0.000000 
0.000000 
0.000000 
0.000000 
0.000000 
0.000000 
0.000000 
0.000000 
0.000000 
0.000000 
0.000000 
0.000000 
0.000000 
0.000000 
0.000000 
0.000000 
0.000000 
0.000000 
0.000000 
0.000000 
0.000000 
0.000000 
0.000000 
0.000000 
0.000000 
0.000000 
0.000000 
0.000000 
0.000000 
0.000000 
0.000000 
0.000000 
0.000000 
0.000000 
0.000000 
0.000000 
0.000000 
0.000000 
0.000000 
0.000000 
0.000000 
0.000000 
0.000000 
0.000000 
0.000000 
0.000000 
0.000000 
0.000000 
0.000000 
0.000000 
0.000000 
0.000000 
0.000000 
0.000000 
0.000000 
0.000000 
0.000000 
0.000000 
0.000000 
0.000000 
0.000000 
0.000000 
0.000000 
0.000000 
0.000000 
0.000000 
0.000000 
0.000000 
0.000000 
0.000000 
0.000000 
0.000000 
0.000000 
0.000000 
0.000000 
0.000000 
0.000000 
0.000000 
0.000000 
0.000000 
0.000000 
0.000000 
0.000000 
0.000000 
0.000000 
0.000000 
0.000000 
0.000000 
0.000000 
0.000000 
0.000000 
0.000000 
0.000000 
0.000000 
0.000000 
0.000000 
0.000000 
0.000000 
0.000000 
0.000000 
0.000000 
0.000000 
0.000000 
0.000000 
0.000000 
0.000000 
0.000000 
0.000000 
0.000000 
0.000000 
0.000000 
0.000000 
0.000000 
0.000000 
0.000000 
0.000000 
0.000000 
0.000000 
0.000000 
0.000000 
0.000000 
0.000000 
0.000000 
0.000000 
0.000000 
0.000000 
0.000000 
0.000000 
0.000000 
0.000000 
0.000000 
0.000000 
0.000000 
0.000000 
0.000000 
0.000000 
0.000000 
0.000000 
0.000000 
0.000000 
0.000000 
0.000000 
0.000000 
0.000000 
0.000000 
0.000000 
0.000000 
0.000000 
0.000000 
0.000000 
0.000000 
0.000000 
0.000000 
0.000000 
0.000000 
0.000000 
0.000000 
0.000000 
0.000000 
0.000000 
0.000000 
0.000000 
0.000000 
0.000000 
0.000000 
0.000000 
0.000000 
0.000000 
0.000000 
0.000000 
0.000000 
0.000000 
0.000000 
0.000000 
0.000000 
0.000000 
0.000000 
0.000000 
0.000000 
0.000000 
0.000000 
0.000000 
0.000000 
0.000000 
0.000000 
0.000000 
0.000000 
0.000000 
0.000000 
0.000000 
0.000000 
0.000000 
0.000000 
0.000000 
0.000000 
0.000000 
0.000000 
0.000000 
0.000000 
0.000000 
0.000000 
0.000000 
0.000000 
0.000000 
0.000000 
0.000000 
0.000000 
0.000000 
0.000000 
0.000000 
0.000000 
0.000000 
0.000000 
0.000000 
0.000000 
0.000000 
0.000000 
0.000000 
0.000000 
0.000000 
0.000000 
0.000000 
0.000000 
0.000000 
0.000000 
0.000000 
0.000000 
0.000000 
0.000000 
0.000000 
0.000000 
0.000000 
0.000000 
0.000000 
0.000000 
0.000000 
0.000000 
0.000000 
0.000000 
0.000000 
0.000000 
0.000000 
0.000000 
0.000000 
0.000000 
0.000000 
0.000000 
0.000000 
0.000000 
0.000000 
0.000000 
0.000000 
0.000000 
0.000000 
0.000000 
0.000000 
0.000000 
0.000000 
0.000000 
0.000000 
0.000000 
0.000000 
0.000000 
0.000000 
0.000000 
0.000000 
0.000000 
0.000000 
0.000000 
0.000000 
0.000000 
0.000000 
0.000000 
0.000000 
0.000000 
0.000000 
0.000000 
0.000000 
0.000000 
0.000000 
0.000000 
0.000000 
0.000000 
0.000000 
0.000000 
0.000000 
0.000000 
0.000000 
0.000000 
0.000000 
0.000000 
0.000000 
0.000000 
0.000000 
0.000000 
0.000000 
0.000000 
0.000000 
0.000000 
0.000000 
0.000000 
0.000000 
0.000000 
0.000000 
0.000000 
0.000000 
0.000000 
0.000000 
0.000000 
0.000000 
0.000000 
0.000000 
0.000000 
0.000000 
0.000000 
0.000000 
0.000000 
0.000000 
0.000000 
0.000000 
0.000000 
0.000000 
0.000000 
0.000000 
0.000000 
0.000000 
0.000000 
0.000000 
0.000000 
0.000000 
0.000000 
0.000000 
0.000000 
0.000000 
0.000000 
0.000000 
0.000000 
0.000000 
0.000000 
0.000000 
0.000000 
0.000000 
0.000000 
0.000000 
0.000000 
0.000000 
0.000000 
0.000000 
0.000000 
0.000000 
0.000000 
0.000000 
0.000000 
0.000000 
0.000000 
0.000000 
0.000000 
0.000000 
0.000000 
0.000000 
0.000000 
0.000000 
0.000000 
0.000000 
0.000000 
0.000000 
0.000000 
0.000000 
0.000000 
0.000000 
0.000000 
0.000000 
0.000000 
0.000000 
0.000000 
0.000000 
0.000000 
0.000000 
0.000000 
0.000000 
0.000000 
0.000000 
0.000000 
0.000000 
0.000000 
0.000000 
0.000000 
0.000000 
0.000000 
0.000000 
0.000000 
0.000000 
0.000000 
0.000000 
0.000000 
0.000000 
0.000000 
0.000000 
0.000000 
0.000000 
0.000000 
0.000000 
0.000000 
0.000000 
0.004901 
0.016969 
0.034112 
0.030257 
0.034755 
0.029353 
0.029198 
0.022566 
0.023226 
0.029350 
0.041319 
0.050487 
0.064107 
0.087626 
0.091242 
0.119806 
0.129442 
0.110926 
0.107976 
0.128992 
0.127505 
0.132513 
0.182779 
0.158631 
0.146267 
0.176387 
0.195459 
0.216652 
0.228743 
0.215469 
0.249874 
0.162341 
0.230141 
0.208587 
0.216660 
0.245310 
0.217268 
0.230776 
0.247282 
0.280194 
0.234216 
0.221595 
0.195876 
0.126024 
0.068440 
0.002743 
0.000000 
0.000000 
0.000000 
0.000000 
0.000000 
0.021660 
0.089622 
0.122224 
0.155630 
0.203262 
0.163932 
0.214834 
0.227912 
0.182389 
0.201943 
0.209316 
0.228594 
0.204531 
0.189355 
0.189444 
0.205800 
0.218699 
0.191799 
0.187472 
0.212211 
0.211048 
0.204355 
0.201336 
0.204256 
0.228793 
0.249502 
0.253240 
0.266809 
0.231582 
0.176646 
0.183713 
0.136842 
0.125270 
0.108152 
0.203303 
0.221523 
0.258076 
0.296209 
0.241940 
0.187308 
0.100275 
0.015718 
0.000000 
0.000000 
0.000000 
0.000000 
0.000000 
0.000000 
0.000000 
0.000000 
0.000000 
0.013602 
0.073044 
0.146853 
0.217751 
0.230639 
0.326450 
0.295769 
0.297450 
0.348455 
0.318798 
0.326903 
0.232334 
0.365625 
0.345355 
0.390467 
0.376912 
0.307820 
0.405780 
0.373935 
0.393825 
0.331215 
0.389470 
0.366302 
0.326155 
0.371031 
0.394146 
0.322768 
0.313476 
0.391313 
0.424608 
0.347325 
0.389070 
0.335283 
0.339235 
0.354964 
0.389065 
0.417319 
0.348875 
0.427837 
0.406674 
0.369018 
0.329599 
0.476404 
0.457035 
0.407605 
0.379701 
0.372113 
0.352169 
0.410950 
0.434338 
0.462701 
0.457347 
0.405316 
0.427818 
0.447466 
0.438836 
0.469747 
0.492548 
0.469973 
0.506945 
0.532260 
0.399432 
0.342821 
0.426431 
0.414288 
0.401343 
0.442965 
0.342203 
0.464006 
0.525181 
0.559795 
0.456623 
0.542311 
0.431331 
0.221392 
0.208721 
0.101678 
0.147870 
0.159838 
0.232802 
0.253979 
0.236149 
0.380713 
0.354983 
0.524460 
0.548379 
0.509398 
0.563989 
0.628228 
0.567177 
0.528620 
0.417894 
0.401994 
0.342982 
0.299269 
0.224232 
0.178292 
0.170913 
0.103999 
0.070254 
0.044608 
0.036254 
0.109107 
0.202746 
0.393878 
0.527384 
0.510647 
0.749843 
0.562148 
0.585997 
0.500278 
0.488106 
0.430005 
0.326089 
0.277324 
0.213551 
0.161060 
0.273939 
0.330324 
0.419300 
0.627071 
0.571906 
0.620974 
0.583553 
0.473019 
0.557194 
0.544059 
0.496428 
0.468076 
0.412468 
0.478775 
0.362292 
0.519220 
0.477696 
0.462079 
0.503407 
0.619651 
0.486379 
0.509483 
0.421071 
0.374131 
0.306582 
0.210501 
0.078836 
0.000000 
0.000000 
0.000000 
0.000000 
0.000000 
0.000000 
0.000000 
0.000000 
0.000000 
0.002068 
0.175786 
0.358539 
0.361099 
0.426295 
0.535467 
0.574526 
0.565072 
0.644173 
0.563635 
0.622487 
0.618797 
0.508529 
0.602577 
0.503243 
0.517815 
0.539040 
0.566184 
0.572659 
0.667860 
0.590142 
0.608946 
0.695243 
0.494460 
0.577136 
0.490534 
0.668199 
0.496510 
0.465502 
0.472391 
0.263045 
0.094594 
0.000000 
0.000000 
0.000000 
0.000000 
0.000000 
0.026829 
0.068820 
0.100031 
0.132230 
0.164406 
0.161500 
0.202564 
0.173046 
0.121286 
0.053172 
0.004848 
0.000000 
0.005559 
0.060010 
0.140587 
0.214236 
0.309831 
0.320567 
0.324263 
0.374537 
0.422974 
0.355354 
0.395312 
0.297967 
0.152534 
0.061444 
0.022705 
0.017834 
0.032633 
0.038544 
0.043075 
0.047085 
0.041728 
0.038643 
0.014079 
0.000864 
0.000000 
0.002897 
0.022256 
0.046819 
0.078762 
0.099725 
0.136722 
0.131381 
0.163089 
0.160957 
0.262687 
0.288215 
0.358472 
0.433432 
0.536048 
0.602946 
0.527751 
0.504973 
0.530270 
0.444142 
0.451984 
0.382942 
0.291567 
0.143587 
0.046575 
0.000000 
0.000000 
0.000000 
0.000000 
0.000000 
0.000000 
0.000000 
0.000000 
0.048095 
0.099326 
0.196696 
0.322126 
0.404213 
0.407880 
0.567689 
0.627007 
0.596595 
0.509861 
0.667691 
0.663483 
0.709452 
0.684987 
0.582254 
0.580359 
0.587998 
0.533943 
0.495066 
0.529503 
0.648790 
0.595624 
0.568588 
0.616104 
0.548951 
0.553952 
0.439354 
0.427700 
0.547596 
0.615094 
0.584518 
0.570953 
0.547704 
0.642503 
0.618297 
0.565319 
0.551719 
0.605009 
0.631191 
0.581940 
0.585867 
0.590716 
0.484818 
0.488886 
0.533997 
0.428915 
0.377658 
0.318301 
0.366824 
0.440813 
0.497550 
0.589466 
0.463247 
0.428954 
0.474699 
0.548730 
0.516030 
0.619176 
0.597474 
0.613104 
0.560153 
0.562961 
0.588474 
0.517642 
0.514560 
0.594835 
0.563165 
0.550765 
0.527076 
0.499773 
0.476840 
0.422692 
0.364723 
0.338678 
0.255484 
0.252342 
0.247313 
0.245779 
0.246315 
0.321392 
0.431820 
0.436186 
0.519468 
0.474608 
0.585818 
0.521688 
0.505861 
0.550135 
0.638064 
0.579066 
0.457414 
0.456712 
0.403911 
0.511303 
0.482369 
0.561607 
0.550972 
0.525908 
0.465098 
0.491344 
0.462327 
0.545147 
0.508537 
0.410862 
0.371453 
0.356455 
0.389822 
0.385300 
0.325672 
0.337459 
0.312587 
0.359663 
0.329180 
0.358254 
0.300929 
0.399514 
0.363991 
0.347986 
0.419024 
0.466259 
0.463328 
0.404267 
0.385342 
0.381729 
0.252370 
0.169026 
0.071799 
0.019033 
0.004554 
0.000000 
0.000000 
0.000000 
0.000000 
0.000000 
0.000000 
0.000000 
0.000000 
0.000000 
0.000000 
0.000000 
0.000000 
0.000000 
0.012713 
0.031041 
0.067826 
0.108207 
0.147783 
0.210261 
0.310538 
0.341796 
0.393523 
0.435149 
0.461772 
0.403975 
0.456574 
0.303549 
0.314567 
0.288920 
0.285862 
0.246446 
0.238561 
0.152056 
0.159551 
0.152460 
0.146101 
0.111469 
0.113283 
0.119797 
0.129865 
0.152881 
0.173433 
0.202746 
0.182099 
0.303433 
0.318548 
0.362154 
0.396458 
0.393994 
0.432762 
0.421350 
0.408838 
0.367843 
0.374040 
0.403558 
0.338595 
0.310546 
0.231381 
0.253074 
0.192625 
0.220093 
0.224516 
0.217333 
0.186217 
0.216847 
0.217503 
0.197755 
0.246420 
0.244823 
0.263947 
0.273456 
0.291616 
0.327486 
0.265399 
0.295587 
0.368733 
0.352961 
0.361502 
0.322458 
0.333691 
0.245085 
0.198566 
0.170556 
0.125780 
0.152457 
0.223689 
0.224208 
0.246284 
0.262626 
0.276176 
0.258740 
0.153227 
0.125954 
0.094616 
0.107859 
0.127488 
0.126745 
0.130821 
0.149951 
0.139493 
0.147574 
0.139800 
0.143586 
0.138997 
0.126604 
0.106491 
0.139510 
0.131253 
0.118114 
0.110209 
0.120193 
0.094711 
0.102653 
0.074655 
0.049298 
0.054551 
0.041749 
0.035357 
0.025422 
0.015491 
0.007605 
0.000524 
0.000000 
0.000000 
0.000000 
0.000000 
0.000000 
0.000000 
0.000000 
0.000000 
0.000000 
0.000000 
0.000000 
0.000000 
0.000000 
0.000000 
0.000000 
0.000000 
0.000000 
0.000000 
0.000000 
0.000000 
0.000000 
0.000000 
0.000000 
0.000000 
0.000000 
0.000000 
0.000000 
0.000000 
0.000000 
0.000000 
0.002359 
0.006055 
0.010314 
0.012851 
0.017063 
0.018186 
0.023303 
0.022124 
0.023850 
0.027834 
0.026171 
0.027341 
0.026196 
0.030252 
0.023587 
0.023759 
0.022878 
0.023814 
0.031692 
0.044657 
0.046052 
0.063866 
0.072567 
0.074089 
0.076418 
0.060968 
0.082589 
0.090433 
0.134562 
0.178537 
0.245876 
0.221410 
0.224379 
0.196294 
0.189239 
0.201875 
0.164315 
0.179808 
0.133049 
0.136014 
0.093775 
0.066578 
0.080239 
0.076078 
0.069378 
0.072178 
0.068904 
0.076771 
0.062804 
0.042201 
0.026652 
0.021104 
0.011659 
0.008195 
0.004056 
0.000445 
0.000000 
0.000000 
0.000000 
0.000000 
0.000000 
0.000000 
0.000000 
0.000000 
0.000000 
0.000000 
0.000566 
0.000017 
0.000000 
0.000000 
0.000000 
0.000000 
0.000000 
0.000000 
0.000000 
0.000000 
0.000000 
0.000000 
0.000000 
0.000000 
0.001332 
0.002240 
0.001812 
0.000174 
0.000000 
0.000000 
0.000000 
0.000000 
0.000000 
0.000000 
0.000000 
0.000000 
0.000000 
0.000000 
0.000000 
0.000000 
0.000000 
0.000000 
0.000000 
0.000000 
0.000000 
0.000000 
0.000000 
0.000000 
0.000000 
0.000000 
0.000000 
0.000000 
0.000000 
0.000000 
0.000000 
0.000000 
0.000000 
0.000000 
0.000000 
0.000000 
0.000000 
0.000000 
0.000000 
0.000000 
0.000000 
0.000000 
0.000000 
0.000000 
0.000000 
0.000000 
0.000000 
0.000000 
0.000000 
0.000000 
0.000000 
0.000000 
0.000000 
0.000000 
0.000000 
0.000000 
0.000000 
0.000000 
0.000000 
0.000000 
0.000000 
0.000000 
0.000000 
0.000000 
0.000000 
0.000000 
0.000000 
0.000000 
0.000000 
0.000000 
0.000000 
0.000000 
0.000000 
0.000000 
0.000000 
0.000000 
0.000000 
0.000000 
0.000000 
0.000000 
0.000000 
0.000000 
0.000000 
0.000000 
0.000000 
0.000000 
0.000000 
0.000000 
0.000000 
0.000000 
0.000000 
0.000000 
0.000000 
0.000000 
0.000000 
0.000000 
0.000000 
0.000000 
0.000000 
0.000000 
0.000000 
0.000000 
0.000000 
0.000000 
0.000000 
0.000000 
0.000000 
0.000000 
0.000000 
0.000000 
0.000000 
0.000000 
0.000000 
0.000000 
0.000000 
0.000000 
0.000000 
0.000000 
0.000000 
0.000000 
0.000000 
0.000000 
0.000000 
0.000000 
0.000000 
0.000000 
0.000000 
0.000000 
0.000000 
0.000000 
0.000000 
0.000000 
0.000000 
0.000000 
0.000000 
0.000000 
0.000000 
0.000000 
0.000000 
0.000000 
0.000000 
0.000000 
0.000000 
0.000000 
0.000000 
0.000000 
0.000000 
0.000000 
0.000000 
0.000000 
0.000000 
0.000000 
0.000000 
0.000000 
0.000000 
0.000000 
0.000000 
0.000000 
0.000000 
0.000000 
0.000000 
0.000000 
0.000000 
0.000000 
0.000000 
0.000000 
0.000000 
0.000000 
0.000000 
0.000000 
0.000000 
0.000000 
0.000000 
0.000000 
0.000000 
0.000000 
0.000000 
0.000000 
0.000000 
0.000000 
0.000000 
0.000000 
0.000000 
0.000000 
0.000000 
0.000000 
0.000000 
0.000000 
0.000000 
0.000000 
0.000000 
0.000000 
0.000000 
0.000000 
0.000000 
0.000000 
0.000000 
0.000000 
0.000000 
0.000000 
0.000000 
0.000000 
0.000000 
0.000000 
0.000000 
0.000000 
0.000000 
0.000000 
0.000000 
0.000000 
0.000000 
0.000000 
0.000000 
0.000000 
0.000000 
0.000000 
0.000000 
0.000000 
0.000000 
0.000000 
0.000000 
0.000000 
0.000000 
0.000000 
0.000000 
0.000000 
0.000000 
0.000000 
0.000000 
0.000000 
0.000000 
0.000000 
0.000000 
0.000000 
0.000000 
0.000000 
0.000000 
0.000000 
0.000000 
0.000000 
0.000000 
0.000000 
0.000000 
0.000000 
0.000000 
0.000000 
0.000000 
0.000000 
0.000000 
0.000000 
0.000000 
0.000000 
0.000000 
0.000000 
0.000000 
0.000000 
0.000000 
0.000000 
0.000000 
0.000000 
0.000000 
0.000000 
0.000000 
0.000000 
0.000000 
0.000000 
0.000000 
0.000000 
0.000000 
0.000000 
0.000000 
0.000000 
0.000000 
0.000000 
0.000000 
0.000000 
0.000000 
0.000000 
0.000000 
0.000000 
0.000000 
0.000000 
0.000000 
0.000000 
0.000000 
0.000000 
0.000000 
0.000000 
0.000000 
0.000000 
0.000000 
0.000000 
0.000000 
0.000000 
0.000000 
0.000000 
0.000000 
