14.878310 
13.502078 
11.728183 
9.706042 
7.585067 
5.514673 
3.644275 
2.123287 
1.101124 
0.727200 
0.792956 
0.949758 
1.136909 
1.293711 
1.359467 
1.255799 
1.008593 
0.713540 
0.466334 
0.362667 
0.368213 
0.381440 
0.397227 
0.410453 
0.416000 
0.410453 
0.397227 
0.381440 
0.368213 
0.362667 
0.364470 
0.369355 
0.376540 
0.385238 
0.394667 
0.406530 
0.422552 
0.441976 
0.464044 
0.488000 
0.522633 
0.569575 
0.617335 
0.654418 
0.669333 
0.667877 
0.663685 
0.657021 
0.648149 
0.637333 
0.595244 
0.511503 
0.414808 
0.333852 
0.297333 
0.293655 
0.291490 
0.289938 
0.288097 
0.285067 
0.277452 
0.264969 
0.251387 
0.240475 
0.236000 
0.236000 
0.236000 
0.236000 
0.236000 
0.236000 
0.236000 
0.236000 
0.236000 
0.236000 
0.236000 
0.228223 
0.208700 
0.183146 
0.157275 
0.136800 
0.119764 
0.102093 
0.086327 
0.075005 
0.070667 
0.070667 
0.070667 
0.070667 
0.070667 
0.070667 
0.070667 
0.070667 
0.070667 
0.070667 
0.070667 
0.070667 
0.070667 
0.070667 
0.070667 
0.070667 
0.070667 
0.070667 
0.070667 
0.070667 
0.070667 
0.076614 
0.092137 
0.113751 
0.137978 
0.161333 
0.189404 
0.224873 
0.259906 
0.286671 
0.297333 
0.297333 
0.297333 
0.297333 
0.297333 
0.297333 
0.307650 
0.332252 
0.361615 
0.386217 
0.396533 
0.395312 
0.391888 
0.386622 
0.379872 
0.372000 
0.352535 
0.318142 
0.279881 
0.248814 
0.236000 
0.236000 
0.236000 
0.236000 
0.236000 
0.236000 
0.237757 
0.242380 
0.248899 
0.256340 
0.263733 
0.273262 
0.285796 
0.298392 
0.308108 
0.312000 
0.312000 
0.312000 
0.312000 
0.312000 
0.312000 
0.312000 
0.312000 
0.312000 
0.312000 
0.312000 
0.304180 
0.284680 
0.259435 
0.234385 
0.215467 
0.200958 
0.186423 
0.173729 
0.164743 
0.161333 
0.175477 
0.209205 
0.249461 
0.283189 
0.297333 
0.297333 
0.297333 
0.297333 
0.297333 
0.297333 
0.297333 
0.297333 
0.297333 
0.297333 
0.297333 
0.291386 
0.275863 
0.254249 
0.230022 
0.206667 
0.178596 
0.143127 
0.108094 
0.081329 
0.070667 
0.070667 
0.070667 
0.070667 
0.070667 
0.070667 
0.078444 
0.097967 
0.123520 
0.149392 
0.169867 
0.186903 
0.204573 
0.220340 
0.231662 
0.236000 
0.236000 
0.236000 
0.236000 
0.236000 
0.236000 
0.236000 
0.236000 
0.236000 
0.236000 
0.236000 
0.218805 
0.177803 
0.128864 
0.087861 
0.070667 
0.070667 
0.070667 
0.070667 
0.070667 
0.070667 
0.070667 
0.070667 
0.070667 
0.070667 
0.070667 
0.070667 
0.070667 
0.070667 
0.070667 
0.070667 
0.070667 
0.070667 
0.070667 
0.070667 
0.070667 
0.070667 
0.070667 
0.070667 
0.070667 
0.070667 
0.076324 
0.091501 
0.113502 
0.139633 
0.167200 
0.203698 
0.253250 
0.308100 
0.360491 
0.402667 
0.438880 
0.475367 
0.507347 
0.530040 
0.538667 
0.538667 
0.538667 
0.538667 
0.538667 
0.538667 
0.548983 
0.573585 
0.602948 
0.627550 
0.637867 
0.615975 
0.561557 
0.491498 
0.422684 
0.372000 
0.334822 
0.298215 
0.266597 
0.244386 
0.236000 
0.236000 
0.236000 
0.236000 
0.236000 
0.236000 
0.218805 
0.177803 
0.128864 
0.087861 
0.070667 
0.070667 
0.070667 
0.070667 
0.070667 
0.070667 
0.070667 
0.070667 
0.070667 
0.070667 
0.070667 
0.070667 
0.070667 
0.070667 
0.070667 
0.070667 
0.070667 
0.070667 
0.070667 
0.070667 
0.070667 
0.076614 
0.092137 
0.113751 
0.137978 
0.161333 
0.189404 
0.224873 
0.259906 
0.286671 
0.297333 
0.297333 
0.297333 
0.297333 
0.297333 
0.297333 
0.297333 
0.297333 
0.297333 
0.297333 
0.297333 
0.287904 
0.265419 
0.238581 
0.216096 
0.206667 
0.208088 
0.212103 
0.218341 
0.226430 
0.236000 
0.260127 
0.303879 
0.354876 
0.400732 
0.429067 
0.443971 
0.457177 
0.467757 
0.474785 
0.477333 
0.472995 
0.461673 
0.445907 
0.428236 
0.411200 
0.393856 
0.374247 
0.353390 
0.332302 
0.312000 
0.293143 
0.275051 
0.256734 
0.237203 
0.215467 
0.185580 
0.147816 
0.110516 
0.082019 
0.070667 
0.070667 
0.070667 
0.070667 
0.070667 
0.070667 
0.119893 
0.237280 
0.377387 
0.494773 
0.544000 
0.540395 
0.531797 
0.521536 
0.512939 
0.509333 
0.510997 
0.514965 
0.519701 
0.523669 
0.525333 
0.523919 
0.520546 
0.516521 
0.513148 
0.511733 
0.683092 
1.113265 
1.676399 
2.246639 
2.698133 
3.063262 
3.431716 
3.763605 
4.019041 
4.158133 
4.221298 
4.274125 
4.314490 
4.340268 
4.349333 
4.348740 
4.346968 
4.344025 
4.339922 
4.334667 
4.169119 
3.757178 
3.208410 
2.632384 
2.138667 
1.666897 
1.143566 
0.658520 
0.301604 
0.162667 
0.171594 
0.195240 
0.228903 
0.267880 
0.307467 
0.361447 
0.434747 
0.509376 
0.567346 
0.590667 
0.588476 
0.582603 
0.574091 
0.563986 
0.553333 
0.537134 
0.513803 
0.489504 
0.470404 
0.462667 
0.521323 
0.661195 
0.828139 
0.968011 
1.026667 
0.991639 
0.907300 
0.804769 
0.715163 
0.669600 
0.658633 
0.651050 
0.645325 
0.639928 
0.633333 
0.624132 
0.613331 
0.603024 
0.595305 
0.592267 
0.605412 
0.636759 
0.674174 
0.705521 
0.718667 
0.716152 
0.709203 
0.698711 
0.685568 
0.670667 
0.640449 
0.590595 
0.535850 
0.490958 
0.470667 
0.468294 
0.466919 
0.465932 
0.464719 
0.462667 
0.456711 
0.446379 
0.434944 
0.425682 
0.421867 
0.424846 
0.433684 
0.448232 
0.468342 
0.493867 
0.811778 
1.545015 
2.447376 
3.272660 
3.774667 
4.002564 
4.180560 
4.325006 
4.452257 
4.578667 
4.702801 
4.815571 
4.921848 
5.026500 
5.134400 
5.263330 
5.410044 
5.547866 
5.650121 
5.690133 
5.258734 
4.213184 
2.926453 
1.771512 
1.121333 
0.862693 
0.641423 
0.469073 
0.357193 
0.317333 
0.317333 
0.317333 
0.317333 
0.317333 
0.317333 
0.317333 
0.317333 
0.317333 
0.317333 
0.317333 
0.291680 
0.230507 
0.157493 
0.096320 
0.070667 
0.072413 
0.077227 
0.084475 
0.093522 
0.103733 
0.124261 
0.157910 
0.194521 
0.223937 
0.236000 
0.236000 
0.236000 
0.236000 
0.236000 
0.236000 
0.236000 
0.236000 
0.236000 
0.236000 
0.236000 
0.228223 
0.208700 
0.183146 
0.157275 
0.136800 
0.119764 
0.102093 
0.086327 
0.075005 
0.070667 
0.081329 
0.108094 
0.143127 
0.178596 
0.206667 
0.226074 
0.242403 
0.258096 
0.275592 
0.297333 
0.330735 
0.375647 
0.423165 
0.464384 
0.490400 
0.505305 
0.518511 
0.529091 
0.536118 
0.538667 
0.528004 
0.501239 
0.466206 
0.430737 
0.402667 
0.382303 
0.364062 
0.346935 
0.329917 
0.312000 
0.293698 
0.275676 
0.257151 
0.237341 
0.215467 
0.185580 
0.147816 
0.110516 
0.082019 
0.070667 
0.070667 
0.070667 
0.070667 
0.070667 
0.070667 
0.070667 
0.070667 
0.070667 
0.070667 
0.070667 
0.070667 
0.070667 
0.070667 
0.070667 
0.070667 
0.082729 
0.112145 
0.148757 
0.182406 
0.202933 
0.211921 
0.218520 
0.223933 
0.229359 
0.236000 
0.243387 
0.250798 
0.259048 
0.268955 
0.281333 
0.305641 
0.343522 
0.384076 
0.416402 
0.429600 
0.415844 
0.383042 
0.343891 
0.311089 
0.297333 
0.297333 
0.297333 
0.297333 
0.297333 
0.297333 
0.292619 
0.281376 
0.267957 
0.256715 
0.252000 
0.258240 
0.273120 
0.290880 
0.305760 
0.312000 
0.312000 
0.312000 
0.312000 
0.312000 
0.312000 
0.312000 
0.312000 
0.312000 
0.312000 
0.312000 
0.312000 
0.312000 
0.312000 
0.312000 
0.312000 
0.300648 
0.272151 
0.234851 
0.197087 
0.167200 
0.142333 
0.116539 
0.093526 
0.076999 
0.070667 
0.070667 
0.070667 
0.070667 
0.070667 
0.070667 
0.087861 
0.128864 
0.177803 
0.218805 
0.236000 
0.236000 
0.236000 
0.236000 
0.236000 
0.236000 
0.236000 
0.236000 
0.236000 
0.236000 
0.236000 
0.231022 
0.218421 
0.201695 
0.184344 
0.169867 
0.156665 
0.142356 
0.129261 
0.119702 
0.116000 
0.134859 
0.179829 
0.233504 
0.278475 
0.297333 
0.297333 
0.297333 
0.297333 
0.297333 
0.297333 
0.297333 
0.297333 
0.297333 
0.297333 
0.297333 
0.294940 
0.288339 
0.278402 
0.265999 
0.252000 
0.223857 
0.177726 
0.127533 
0.087204 
0.070667 
0.070667 
0.070667 
0.070667 
0.070667 
0.070667 
0.075005 
0.086327 
0.102093 
0.119764 
0.136800 
0.157275 
0.183146 
0.208700 
0.228223 
0.236000 
0.236000 
0.236000 
0.236000 
0.236000 
0.236000 
0.236000 
0.236000 
0.236000 
0.236000 
0.236000 
0.222244 
0.189442 
0.150291 
0.117489 
0.103733 
0.120401 
0.160147 
0.207586 
0.247332 
0.264000 
0.264000 
0.264000 
0.264000 
0.264000 
0.264000 
0.264000 
0.264000 
0.264000 
0.264000 
0.264000 
0.287573 
0.343787 
0.410880 
0.467093 
0.490667 
0.490667 
0.490667 
0.490667 
0.490667 
0.490667 
0.491955 
0.495598 
0.501264 
0.508620 
0.517333 
0.541855 
0.586907 
0.637564 
0.678904 
0.696000 
0.672427 
0.616213 
0.549120 
0.492907 
0.469333 
0.469333 
0.469333 
0.469333 
0.469333 
0.469333 
0.469333 
0.469333 
0.469333 
0.469333 
0.469333 
0.632960 
1.023147 
1.488853 
1.879040 
2.042667 
1.871136 
1.462101 
0.973899 
0.564864 
0.393333 
0.393333 
0.393333 
0.393333 
0.393333 
0.393333 
0.393333 
0.393333 
0.393333 
0.393333 
0.393333 
0.376139 
0.335136 
0.286197 
0.245195 
0.228000 
0.230394 
0.236994 
0.246931 
0.259334 
0.273333 
0.294472 
0.326596 
0.366283 
0.410114 
0.454667 
0.511386 
0.583336 
0.654526 
0.708966 
0.730667 
0.718121 
0.686597 
0.645266 
0.603299 
0.569867 
0.541731 
0.512396 
0.486141 
0.467249 
0.460000 
0.636452 
1.081398 
1.668225 
2.270319 
2.761067 
3.174738 
3.599182 
3.988149 
4.295393 
4.474667 
4.563719 
4.633667 
4.688316 
4.731469 
4.766933 
4.799879 
4.830881 
4.856850 
4.874698 
4.881333 
4.692177 
4.217385 
3.595971 
2.966949 
2.469333 
2.072779 
1.678134 
1.321207 
1.037804 
0.863733 
0.769278 
0.696424 
0.638531 
0.588959 
0.541067 
0.488820 
0.435477 
0.388338 
0.354701 
0.341867 
0.772926 
1.800836 
3.027697 
4.055607 
4.486667 
4.486667 
4.486667 
4.486667 
4.486667 
4.486667 
4.485751 
4.483569 
4.480964 
4.478782 
4.477867 
4.496115 
4.539631 
4.591569 
4.635085 
4.653333 
4.240550 
3.255517 
2.078208 
1.088600 
0.666667 
0.656352 
0.648294 
0.642514 
0.639032 
0.637867 
0.810507 
1.222187 
1.713547 
2.125227 
2.297867 
2.108451 
1.655679 
1.112761 
0.652908 
0.449333 
0.433291 
0.420633 
0.411462 
0.405883 
0.404000 
0.404000 
0.404000 
0.404000 
0.404000 
0.404000 
0.404815 
0.406862 
0.409541 
0.412253 
0.414400 
0.415746 
0.416718 
0.417711 
0.419118 
0.421333 
0.512534 
0.726034 
0.979934 
1.192334 
1.281333 
1.194911 
0.986505 
0.732402 
0.508893 
0.392267 
0.360521 
0.338113 
0.321017 
0.305210 
0.286667 
0.261944 
0.233724 
0.207173 
0.187454 
0.179733 
0.209901 
0.287496 
0.393153 
0.507509 
0.611200 
0.721131 
0.850367 
0.973784 
1.066259 
1.102667 
1.102667 
1.102667 
1.102667 
1.102667 
1.102667 
1.102141 
1.100663 
1.098381 
1.095444 
1.092000 
1.086183 
1.076409 
1.063250 
1.047279 
1.029067 
0.998294 
0.951728 
0.900576 
0.856043 
0.829333 
0.815896 
0.804190 
0.794935 
0.788854 
0.786667 
0.790070 
0.799394 
0.813309 
0.830488 
0.849600 
0.885380 
0.942305 
1.003659 
1.052729 
1.072800 
1.068557 
1.058438 
1.046362 
1.036243 
1.032000 
1.451550 
2.454011 
3.655096 
4.670521 
5.116000 
5.145340 
5.168434 
5.185125 
5.195255 
5.198667 
5.195893 
5.189280 
5.181387 
5.174773 
5.172000 
5.183093 
5.209547 
5.241120 
5.267573 
5.278667 
5.048997 
4.499673 
3.840225 
3.280179 
3.029067 
3.009046 
2.998408 
2.990872 
2.980163 
2.960000 
2.642241 
1.923528 
1.074761 
0.366840 
0.070667 
0.077040 
0.093754 
0.117201 
0.143775 
0.169867 
0.197656 
0.230164 
0.265043 
0.299948 
0.332533 
0.367204 
0.405566 
0.441072 
0.467177 
0.477333 
0.477333 
0.477333 
0.477333 
0.477333 
0.477333 
0.460139 
0.419136 
0.370197 
0.329195 
0.312000 
0.312000 
0.312000 
0.312000 
0.312000 
0.312000 
0.286901 
0.227051 
0.155616 
0.095765 
0.070667 
0.276600 
0.767730 
1.354053 
1.845567 
2.052267 
2.053130 
2.053802 
2.054282 
2.054570 
2.054667 
1.848331 
1.356299 
0.769035 
0.277003 
0.070667 
0.070667 
0.070667 
0.070667 
0.070667 
0.070667 
0.305429 
0.865248 
1.533419 
2.093237 
2.328000 
2.323008 
2.311104 
2.296896 
2.284992 
2.280000 
2.320583 
2.429377 
2.586945 
2.773853 
2.970667 
3.264346 
3.683985 
4.123343 
4.476183 
4.636267 
4.659100 
4.673772 
4.684413 
4.695156 
4.710133 
4.734768 
4.766799 
4.798833 
4.823476 
4.833333 
4.645741 
4.174929 
3.558848 
2.935444 
2.442667 
2.037773 
1.622295 
1.250598 
0.977045 
0.856000 
0.834833 
0.821721 
0.812231 
0.801934 
0.786400 
0.756531 
0.713694 
0.669151 
0.634165 
0.620000 
0.629033 
0.651728 
0.681480 
0.711684 
0.735733 
0.753802 
0.770571 
0.786200 
0.800846 
0.814667 
0.829383 
0.845010 
0.859144 
0.869386 
0.873333 
0.869451 
0.860192 
0.849141 
0.839883 
0.836000 
0.839707 
0.849789 
0.864683 
0.882829 
0.902667 
0.937064 
0.989930 
1.046265 
1.091066 
1.109333 
1.109333 
1.109333 
1.109333 
1.109333 
1.109333 
1.108586 
1.106685 
1.104145 
1.101479 
1.099200 
1.097594 
1.096315 
1.094934 
1.093017 
1.090133 
1.063340 
1.003001 
0.928645 
0.859802 
0.816000 
0.793245 
0.774261 
0.758654 
0.746032 
0.736000 
0.728916 
0.724163 
0.719885 
0.714226 
0.705333 
0.667011 
0.591720 
0.505591 
0.434753 
0.405333 
0.405576 
0.406254 
0.407290 
0.408608 
0.410133 
0.412335 
0.415785 
0.420560 
0.426740 
0.434400 
0.456405 
0.496693 
0.541952 
0.578869 
0.594133 
0.592247 
0.587750 
0.582383 
0.577886 
0.576000 
0.576160 
0.576640 
0.577441 
0.578561 
0.580000 
1.383321 
3.296620 
5.579699 
7.492358 
8.294400 
8.250425 
8.130731 
7.953664 
7.737572 
7.500800 
7.086369 
6.446626 
5.763913 
5.220568 
4.998933 
5.008058 
5.029815 
5.055785 
5.077542 
5.086667 
4.882681 
4.372727 
3.709805 
3.046917 
2.537067 
2.133351 
1.723556 
1.362712 
1.105850 
1.008000 
1.015972 
1.035543 
1.060195 
1.083409 
1.098667 
1.106910 
1.113684 
1.119377 
1.124375 
1.129067 
1.133017 
1.136075 
1.139051 
1.142756 
1.148000 
1.155983 
1.168101 
1.185452 
1.209141 
1.240267 
1.392194 
1.730477 
2.184504 
2.683660 
3.157333 
3.701981 
4.368215 
5.016659 
5.507935 
5.702667 
5.691684 
5.665495 
5.634238 
5.608049 
5.597067 
5.600284 
5.607955 
5.617111 
5.624783 
5.628000 
5.520352 
5.239670 
4.849345 
4.412769 
3.993333 
3.493055 
2.863700 
2.243285 
1.769824 
1.581333 
1.581333 
1.581333 
1.581333 
1.581333 
1.581333 
1.887398 
2.617246 
3.488354 
4.218202 
4.524267 
4.061092 
2.956599 
1.638334 
0.533841 
0.070667 
0.070667 
0.070667 
0.070667 
0.070667 
0.070667 
0.070667 
0.070667 
0.070667 
0.070667 
0.070667 
0.070667 
0.070667 
0.070667 
0.070667 
0.070667 
0.070667 
0.070667 
0.070667 
0.070667 
0.070667 
0.075005 
0.086327 
0.102093 
0.119764 
0.136800 
0.157275 
0.183146 
0.208700 
0.228223 
0.236000 
0.236000 
0.236000 
0.236000 
0.236000 
0.236000 
0.236000 
0.236000 
0.236000 
0.236000 
0.236000 
0.223937 
0.194521 
0.157910 
0.124261 
0.103733 
0.093522 
0.084475 
0.077227 
0.072413 
0.070667 
0.082019 
0.110516 
0.147816 
0.185580 
0.215467 
0.240334 
0.266127 
0.289141 
0.305667 
0.312000 
0.312000 
0.312000 
0.312000 
0.312000 
0.312000 
