0.000000 
0.000000 
0.000000 
0.000000 
0.000000 
0.000000 
0.000000 
0.000000 
0.000000 
0.000000 
0.000000 
0.000000 
0.000000 
0.000000 
0.000000 
0.000000 
0.000000 
0.000000 
0.000000 
0.000000 
0.000000 
0.000000 
0.000000 
0.000000 
0.000000 
0.000000 
0.000000 
0.000000 
0.000000 
0.000000 
0.000000 
0.000000 
0.000000 
0.000000 
0.000000 
0.000000 
0.000000 
0.000000 
0.000000 
0.000000 
0.000000 
0.000000 
0.000000 
0.000000 
0.000000 
0.000000 
0.000000 
0.000000 
0.000000 
0.000000 
0.000000 
0.000000 
0.000000 
0.000000 
0.000000 
0.000000 
0.000000 
0.000000 
0.000000 
0.000000 
0.000000 
0.000000 
0.000000 
0.000000 
0.000000 
0.000000 
0.000000 
0.000000 
0.000000 
0.000000 
0.000000 
0.000000 
0.000000 
0.000000 
0.000000 
0.000000 
0.000000 
0.000000 
0.000000 
0.000000 
0.000000 
0.000000 
0.000000 
0.000000 
0.000000 
0.000000 
0.000000 
0.000000 
0.000000 
0.000000 
0.000000 
0.000000 
0.000000 
0.000000 
0.000000 
0.000000 
0.000000 
0.000000 
0.000000 
0.000000 
0.000000 
0.000000 
0.000000 
0.000000 
0.000000 
0.000000 
0.000000 
0.000000 
0.000000 
0.000000 
0.000000 
0.000000 
0.000000 
0.000000 
0.000000 
0.000000 
0.000000 
0.000000 
0.000000 
0.000000 
0.000000 
0.000000 
0.000000 
0.000000 
0.000000 
0.000000 
0.000000 
0.000000 
0.000000 
0.000000 
0.000000 
0.000000 
0.000000 
0.000000 
0.000000 
0.000000 
0.000000 
0.000000 
0.000000 
0.000000 
0.000000 
0.000000 
0.000000 
0.000000 
0.000000 
0.000000 
0.000000 
0.000000 
0.000000 
0.000000 
0.000000 
0.000000 
0.000000 
0.000000 
0.000000 
0.000000 
0.000000 
0.000000 
0.000000 
0.000000 
0.000000 
0.000000 
0.000000 
0.000000 
0.000000 
0.000000 
0.000000 
0.000000 
0.000000 
0.000000 
0.000000 
0.000000 
0.000000 
0.000000 
0.000000 
0.000000 
0.000000 
0.000000 
0.000000 
0.000000 
0.000000 
0.000000 
0.000000 
0.000000 
0.000000 
0.000000 
0.000000 
0.000000 
0.000000 
0.000000 
0.000000 
0.000000 
0.000000 
0.000000 
0.000000 
0.000000 
0.000000 
0.000000 
0.000000 
0.000000 
0.000000 
0.000000 
0.000000 
0.000000 
0.000000 
0.000000 
0.000000 
0.000000 
0.000000 
0.000000 
0.000000 
0.000000 
0.000000 
0.000000 
0.000000 
0.000000 
0.000000 
0.000000 
0.000000 
0.000000 
0.000000 
0.000000 
0.000000 
0.000000 
0.000000 
0.000000 
0.000000 
0.000000 
0.000000 
0.000000 
0.000000 
0.000000 
0.000000 
0.000000 
0.000000 
0.000000 
0.000000 
0.000000 
0.000000 
0.000000 
0.000000 
0.000000 
0.000000 
0.000000 
0.000000 
0.000000 
0.000000 
0.000000 
0.000000 
0.000000 
0.000000 
0.000000 
0.000000 
0.000000 
0.000000 
0.000000 
0.000000 
0.000000 
0.000000 
0.000000 
0.000000 
0.000000 
0.000000 
0.000000 
0.000000 
0.000000 
0.000000 
0.000000 
0.000000 
0.000000 
0.000000 
0.000000 
0.000000 
0.000000 
0.000000 
0.000000 
0.000000 
0.000000 
0.000000 
0.000000 
0.000000 
0.000000 
0.000000 
0.000000 
0.000000 
0.000000 
0.000000 
0.000000 
0.000000 
0.000000 
0.000000 
0.000000 
0.000000 
0.000000 
0.000000 
0.000000 
0.000000 
0.000000 
0.000000 
0.000000 
0.000000 
0.000000 
0.000000 
0.000000 
0.000000 
0.000000 
0.000000 
0.000000 
0.000000 
0.000000 
0.000000 
0.000000 
0.000000 
0.000000 
0.000000 
0.000000 
0.000000 
0.000000 
0.000000 
0.000000 
0.000000 
0.000000 
0.000000 
0.000000 
0.000000 
0.000000 
0.000000 
0.000000 
0.000000 
0.000000 
0.000000 
0.000000 
0.000000 
0.000000 
0.000000 
0.000000 
0.000000 
0.000000 
0.000000 
0.000000 
0.000000 
0.000000 
0.000000 
0.000000 
0.000000 
0.000000 
0.000000 
0.000000 
0.000000 
0.000000 
0.000000 
0.000000 
0.000000 
0.000000 
0.000000 
0.000000 
0.000000 
0.000000 
0.000000 
0.000000 
0.000000 
0.000000 
0.000000 
0.000000 
0.000000 
0.000000 
0.000000 
0.000000 
0.000000 
0.000000 
0.000000 
0.000000 
0.000000 
0.000000 
0.000000 
0.000000 
0.000000 
0.000000 
0.000000 
0.000000 
0.000000 
0.000000 
0.000000 
0.000000 
0.000000 
0.000000 
0.000000 
0.000000 
0.000000 
0.000000 
0.000000 
0.000000 
0.000000 
0.000000 
0.000000 
0.000000 
0.000000 
0.000000 
0.000000 
0.000000 
0.000000 
0.000000 
0.000000 
0.000000 
0.000000 
0.000000 
0.000000 
0.000000 
0.000000 
0.000000 
0.000000 
0.000000 
0.000000 
0.000000 
0.000000 
0.000000 
0.000000 
0.000000 
0.000000 
0.000000 
0.000000 
0.005322 
0.020176 
0.028542 
0.034544 
0.038294 
0.025149 
0.025682 
0.024337 
0.025048 
0.029748 
0.039946 
0.060630 
0.086791 
0.088799 
0.097193 
0.105646 
0.101287 
0.114922 
0.143419 
0.111008 
0.156200 
0.139028 
0.137422 
0.154640 
0.149859 
0.177966 
0.170682 
0.227591 
0.222212 
0.222189 
0.210175 
0.177065 
0.195477 
0.185603 
0.243679 
0.223692 
0.243528 
0.260868 
0.268659 
0.243977 
0.210596 
0.242540 
0.172023 
0.134316 
0.082494 
0.002919 
0.000000 
0.000000 
0.000000 
0.000000 
0.000000 
0.026411 
0.090514 
0.142351 
0.123791 
0.174058 
0.176961 
0.167544 
0.189121 
0.215058 
0.226174 
0.214319 
0.179186 
0.200726 
0.187722 
0.212149 
0.215654 
0.208372 
0.210733 
0.230025 
0.240759 
0.209509 
0.240270 
0.243338 
0.243525 
0.203100 
0.247442 
0.205485 
0.254312 
0.208234 
0.193050 
0.167531 
0.141476 
0.118781 
0.152138 
0.164624 
0.198696 
0.273749 
0.287152 
0.237398 
0.169949 
0.117769 
0.015342 
0.000000 
0.000000 
0.000000 
0.000000 
0.000000 
0.000000 
0.000000 
0.000000 
0.000000 
0.013737 
0.091224 
0.140967 
0.233554 
0.222348 
0.354557 
0.300174 
0.343936 
0.309223 
0.332630 
0.284558 
0.325821 
0.272645 
0.351549 
0.365106 
0.307165 
0.369166 
0.376328 
0.331594 
0.315991 
0.353076 
0.327538 
0.342980 
0.377945 
0.365357 
0.291918 
0.301702 
0.450889 
0.418465 
0.305803 
0.431060 
0.386940 
0.360857 
0.353117 
0.373455 
0.376674 
0.412249 
0.397461 
0.408747 
0.392892 
0.457899 
0.437881 
0.378151 
0.414757 
0.457953 
0.424049 
0.427892 
0.353198 
0.355577 
0.382915 
0.450435 
0.385458 
0.422626 
0.396305 
0.406983 
0.506293 
0.401820 
0.372199 
0.427132 
0.427696 
0.461361 
0.393346 
0.446456 
0.507460 
0.414857 
0.415608 
0.559606 
0.541993 
0.467078 
0.582770 
0.518971 
0.569833 
0.477426 
0.365985 
0.294766 
0.141529 
0.111873 
0.133212 
0.136021 
0.199290 
0.221762 
0.241219 
0.394150 
0.442428 
0.555592 
0.484372 
0.540259 
0.536049 
0.499469 
0.493853 
0.505905 
0.457583 
0.428806 
0.338597 
0.319326 
0.296882 
0.202753 
0.174740 
0.127078 
0.085220 
0.051280 
0.041424 
0.112109 
0.263934 
0.452819 
0.482891 
0.601642 
0.557306 
0.528635 
0.498967 
0.517411 
0.500490 
0.366537 
0.309233 
0.274585 
0.217828 
0.213979 
0.223925 
0.341864 
0.432886 
0.536140 
0.507553 
0.526322 
0.660023 
0.608370 
0.623640 
0.519121 
0.460094 
0.430833 
0.494797 
0.373223 
0.386238 
0.430666 
0.469456 
0.537795 
0.477955 
0.724957 
0.629077 
0.538742 
0.354397 
0.344018 
0.323462 
0.192469 
0.076344 
0.000000 
0.000000 
0.000000 
0.000000 
0.000000 
0.000000 
0.000000 
0.000000 
0.000000 
0.002589 
0.135567 
0.302786 
0.460810 
0.461642 
0.448967 
0.525634 
0.598488 
0.619874 
0.625903 
0.586137 
0.601689 
0.616408 
0.513514 
0.702070 
0.632841 
0.514125 
0.704529 
0.650796 
0.590031 
0.635246 
0.613860 
0.510938 
0.591825 
0.575421 
0.583583 
0.558701 
0.587909 
0.463056 
0.417702 
0.326994 
0.100010 
0.000000 
0.000000 
0.000000 
0.000000 
0.000000 
0.027346 
0.053835 
0.115412 
0.149086 
0.165261 
0.179410 
0.157386 
0.189733 
0.139007 
0.058870 
0.004952 
0.000000 
0.005343 
0.064335 
0.136347 
0.201637 
0.283143 
0.291049 
0.364053 
0.352462 
0.412624 
0.391337 
0.400400 
0.289608 
0.143324 
0.056257 
0.026363 
0.021007 
0.030085 
0.034930 
0.052603 
0.047181 
0.048076 
0.030513 
0.013821 
0.000672 
0.000000 
0.002377 
0.022384 
0.042161 
0.082541 
0.113960 
0.119019 
0.126014 
0.179230 
0.178594 
0.227545 
0.288108 
0.396183 
0.438305 
0.499068 
0.558269 
0.506318 
0.605635 
0.496865 
0.479780 
0.438393 
0.393189 
0.266783 
0.172568 
0.044664 
0.000000 
0.000000 
0.000000 
0.000000 
0.000000 
0.000000 
0.000000 
0.000000 
0.044443 
0.130645 
0.181544 
0.291397 
0.421883 
0.598096 
0.556954 
0.647657 
0.644502 
0.757516 
0.651560 
0.559572 
0.651384 
0.725793 
0.577464 
0.699882 
0.517856 
0.594705 
0.552873 
0.608773 
0.555421 
0.562834 
0.516189 
0.538353 
0.512567 
0.520950 
0.492339 
0.495138 
0.543654 
0.567150 
0.693962 
0.580488 
0.699059 
0.589955 
0.517861 
0.604312 
0.615541 
0.602790 
0.520800 
0.713721 
0.619080 
0.510671 
0.672829 
0.576752 
0.485224 
0.378432 
0.347193 
0.351009 
0.386230 
0.351618 
0.400175 
0.594364 
0.625199 
0.606379 
0.622504 
0.584512 
0.601257 
0.502334 
0.630596 
0.650426 
0.521990 
0.620251 
0.592243 
0.621012 
0.398729 
0.578023 
0.515866 
0.556877 
0.620631 
0.489856 
0.458551 
0.431523 
0.399758 
0.361396 
0.293914 
0.285882 
0.209868 
0.203549 
0.274004 
0.333886 
0.402468 
0.482950 
0.450647 
0.520331 
0.631397 
0.504474 
0.552282 
0.550249 
0.505320 
0.555416 
0.451574 
0.362010 
0.463863 
0.478937 
0.438179 
0.498398 
0.555684 
0.542369 
0.420189 
0.481667 
0.451977 
0.441673 
0.407904 
0.363441 
0.346208 
0.463560 
0.375433 
0.318461 
0.440507 
0.351607 
0.368207 
0.308681 
0.308265 
0.348892 
0.298953 
0.394924 
0.408383 
0.468443 
0.413100 
0.407434 
0.419184 
0.371035 
0.430261 
0.312347 
0.287860 
0.166307 
0.072842 
0.019066 
0.005593 
0.000000 
0.000000 
0.000000 
0.000000 
0.000000 
0.000000 
0.000000 
0.000000 
0.000000 
0.000000 
0.000000 
0.000000 
0.000000 
0.012769 
0.029313 
0.071588 
0.109132 
0.121741 
0.190840 
0.271491 
0.319702 
0.338364 
0.354111 
0.392407 
0.441718 
0.394538 
0.392942 
0.354096 
0.317230 
0.268602 
0.229127 
0.192745 
0.171687 
0.154837 
0.145299 
0.125772 
0.130799 
0.115624 
0.126011 
0.135792 
0.146662 
0.152675 
0.201996 
0.222337 
0.252493 
0.346753 
0.367804 
0.278755 
0.440361 
0.471727 
0.463126 
0.426922 
0.390790 
0.360523 
0.404586 
0.396361 
0.335763 
0.288075 
0.254646 
0.262526 
0.262143 
0.185095 
0.171084 
0.182040 
0.213845 
0.224041 
0.215306 
0.183242 
0.207663 
0.220460 
0.223201 
0.295185 
0.305584 
0.306465 
0.351998 
0.356116 
0.362811 
0.264975 
0.326683 
0.352042 
0.279224 
0.185239 
0.162614 
0.169545 
0.183685 
0.217177 
0.224633 
0.275176 
0.284462 
0.268439 
0.198794 
0.171043 
0.120338 
0.103990 
0.106690 
0.111006 
0.119135 
0.131719 
0.147457 
0.151824 
0.132432 
0.138579 
0.141804 
0.157523 
0.133060 
0.117131 
0.129854 
0.121268 
0.105413 
0.121989 
0.078818 
0.092582 
0.072733 
0.074634 
0.057399 
0.052433 
0.039866 
0.033828 
0.024306 
0.016479 
0.007319 
0.000585 
0.000000 
0.000000 
0.000000 
0.000000 
0.000000 
0.000000 
0.000000 
0.000000 
0.000000 
0.000000 
0.000000 
0.000000 
0.000000 
0.000000 
0.000000 
0.000000 
0.000000 
0.000000 
0.000000 
0.000000 
0.000000 
0.000000 
0.000000 
0.000000 
0.000000 
0.000000 
0.000000 
0.000000 
0.000000 
0.000000 
0.001933 
0.005849 
0.010225 
0.012443 
0.018458 
0.021388 
0.024345 
0.026639 
0.023325 
0.028803 
0.021928 
0.025435 
0.029286 
0.029788 
0.022217 
0.020433 
0.023446 
0.018972 
0.033300 
0.046762 
0.063964 
0.063264 
0.060910 
0.059235 
0.068910 
0.072375 
0.080679 
0.107453 
0.136323 
0.169740 
0.199190 
0.220071 
0.215303 
0.254009 
0.203844 
0.162799 
0.176152 
0.184336 
0.140268 
0.122266 
0.091090 
0.072710 
0.078197 
0.077274 
0.077722 
0.069370 
0.075681 
0.069457 
0.059128 
0.040683 
0.026074 
0.017845 
0.011059 
0.007968 
0.003418 
0.000000 
0.000000 
0.000000 
0.000000 
0.000000 
0.000000 
0.000000 
0.000000 
0.000000 
0.000000 
0.000000 
0.000000 
0.000000 
0.000000 
0.000000 
0.000000 
0.000000 
0.000000 
0.000000 
0.000000 
0.000000 
0.000000 
0.000000 
0.000000 
0.000000 
0.000706 
0.001620 
0.000995 
0.000000 
0.000000 
0.000000 
0.000000 
0.000000 
0.000000 
0.000000 
0.000000 
0.000000 
0.000000 
0.000000 
0.000000 
0.000000 
0.000000 
0.000000 
0.000000 
0.000000 
0.000000 
0.000000 
0.000000 
0.000000 
0.000000 
0.000000 
0.000000 
0.000000 
0.000000 
0.000000 
0.000000 
0.000000 
0.000000 
0.000000 
0.000000 
0.000000 
0.000000 
0.000000 
0.000000 
0.000000 
0.000000 
0.000000 
0.000000 
0.000000 
0.000000 
0.000000 
0.000000 
0.000000 
0.000000 
0.000000 
0.000000 
0.000000 
0.000000 
0.000000 
0.000000 
0.000000 
0.000000 
0.000000 
0.000000 
0.000000 
0.000000 
0.000000 
0.000000 
0.000000 
0.000000 
0.000000 
0.000000 
0.000000 
0.000000 
0.000000 
0.000000 
0.000000 
0.000000 
0.000000 
0.000000 
0.000000 
0.000000 
0.000000 
0.000000 
0.000000 
0.000000 
0.000000 
0.000000 
0.000000 
0.000000 
0.000000 
0.000000 
0.000000 
0.000000 
0.000000 
0.000000 
0.000000 
0.000000 
0.000000 
0.000000 
0.000000 
0.000000 
0.000000 
0.000000 
0.000000 
0.000000 
0.000000 
0.000000 
0.000000 
0.000000 
0.000000 
0.000000 
0.000000 
0.000000 
0.000000 
0.000000 
0.000000 
0.000000 
0.000000 
0.000000 
0.000000 
0.000000 
0.000000 
0.000000 
0.000000 
0.000000 
0.000000 
0.000000 
0.000000 
0.000000 
0.000000 
0.000000 
0.000000 
0.000000 
0.000000 
0.000000 
0.000000 
0.000000 
0.000000 
0.000000 
0.000000 
0.000000 
0.000000 
0.000000 
0.000000 
0.000000 
0.000000 
0.000000 
0.000000 
0.000000 
0.000000 
0.000000 
0.000000 
0.000000 
0.000000 
0.000000 
0.000000 
0.000000 
0.000000 
0.000000 
0.000000 
0.000000 
0.000000 
0.000000 
0.000000 
0.000000 
0.000000 
0.000000 
0.000000 
0.000000 
0.000000 
0.000000 
0.000000 
0.000000 
0.000000 
0.000000 
0.000000 
0.000000 
0.000000 
0.000000 
0.000000 
0.000000 
0.000000 
0.000000 
0.000000 
0.000000 
0.000000 
0.000000 
0.000000 
0.000000 
0.000000 
0.000000 
0.000000 
0.000000 
0.000000 
0.000000 
0.000000 
0.000000 
0.000000 
0.000000 
0.000000 
0.000000 
0.000000 
0.000000 
0.000000 
0.000000 
0.000000 
0.000000 
0.000000 
0.000000 
0.000000 
0.000000 
0.000000 
0.000000 
0.000000 
0.000000 
0.000000 
0.000000 
0.000000 
0.000000 
0.000000 
0.000000 
0.000000 
0.000000 
0.000000 
0.000000 
0.000000 
0.000000 
0.000000 
0.000000 
0.000000 
0.000000 
0.000000 
0.000000 
0.000000 
0.000000 
0.000000 
0.000000 
0.000000 
0.000000 
0.000000 
0.000000 
0.000000 
0.000000 
0.000000 
0.000000 
0.000000 
0.000000 
0.000000 
0.000000 
0.000000 
0.000000 
0.000000 
0.000000 
0.000000 
0.000000 
0.000000 
0.000000 
0.000000 
0.000000 
0.000000 
0.000000 
0.000000 
0.000000 
0.000000 
0.000000 
0.000000 
0.000000 
0.000000 
0.000000 
0.000000 
0.000000 
0.000000 
0.000000 
0.000000 
0.000000 
0.000000 
0.000000 
0.000000 
0.000000 
0.000000 
0.000000 
0.000000 
0.000000 
0.000000 
0.000000 
0.000000 
0.000000 
0.000000 
0.000000 
0.000000 
0.000000 
0.000000 
0.000000 
0.000000 
0.000000 
0.000000 
0.000000 
0.000000 
0.000000 
0.000000 
0.000000 
