0.000000 
0.000000 
0.000000 
0.000000 
0.000000 
0.000000 
0.000000 
0.000000 
0.000000 
0.000000 
0.000000 
0.000000 
0.000000 
0.000000 
0.000000 
0.000000 
0.000000 
0.000000 
0.000000 
0.000000 
0.000000 
0.000000 
0.000000 
0.000000 
0.000000 
0.000000 
0.000000 
0.000000 
0.000000 
0.000000 
0.000000 
0.000000 
0.000000 
0.000000 
0.000000 
0.000000 
0.000000 
0.000000 
0.000000 
0.000000 
0.000000 
0.000000 
0.000000 
0.000000 
0.000000 
0.000000 
0.000000 
0.000000 
0.000000 
0.000000 
0.000000 
0.000000 
0.000000 
0.000000 
0.000000 
0.000000 
0.000000 
0.000000 
0.000000 
0.000000 
0.000000 
0.000000 
0.000000 
0.000000 
0.000000 
0.000000 
0.000000 
0.000000 
0.000000 
0.000000 
0.000000 
0.000000 
0.000000 
0.000000 
0.000000 
0.000000 
0.000000 
0.000000 
0.000000 
0.000000 
0.000000 
0.000000 
0.000000 
0.000000 
0.000000 
0.000000 
0.000000 
0.000000 
0.000000 
0.000000 
0.000000 
0.000000 
0.000000 
0.000000 
0.000000 
0.000000 
0.000000 
0.000000 
0.000000 
0.000000 
0.000000 
0.000000 
0.000000 
0.000000 
0.000000 
0.000000 
0.000000 
0.000000 
0.000000 
0.000000 
0.000000 
0.000000 
0.000000 
0.000000 
0.000000 
0.000000 
0.000000 
0.000000 
0.000000 
0.000000 
0.000000 
0.000000 
0.000000 
0.000000 
0.000000 
0.000000 
0.000000 
0.000000 
0.000000 
0.000000 
0.000000 
0.000000 
0.000000 
0.000000 
0.000000 
0.000000 
0.000000 
0.000000 
0.000000 
0.000000 
0.000000 
0.000000 
0.000000 
0.000000 
0.000000 
0.000000 
0.000000 
0.000000 
0.000000 
0.000000 
0.000000 
0.000000 
0.000000 
0.000000 
0.000000 
0.000000 
0.000000 
0.000000 
0.000000 
0.000000 
0.000000 
0.000000 
0.000000 
0.000000 
0.000000 
0.000000 
0.000000 
0.000000 
0.000000 
0.000000 
0.000000 
0.000000 
0.000000 
0.000000 
0.000000 
0.000000 
0.000000 
0.000000 
0.000000 
0.000000 
0.000000 
0.000000 
0.000000 
0.000000 
0.000000 
0.000000 
0.000000 
0.000000 
0.000000 
0.000000 
0.000000 
0.000000 
0.000000 
0.000000 
0.000000 
0.000000 
0.000000 
0.000000 
0.000000 
0.000000 
0.000000 
0.000000 
0.000000 
0.000000 
0.000000 
0.000000 
0.000000 
0.000000 
0.000000 
0.000000 
0.000000 
0.000000 
0.000000 
0.000000 
0.000000 
0.000000 
0.000000 
0.000000 
0.000000 
0.000000 
0.000000 
0.000000 
0.000000 
0.000000 
0.000000 
0.000000 
0.000000 
0.000000 
0.000000 
0.000000 
0.000000 
0.000000 
0.000000 
0.000000 
0.000000 
0.000000 
0.000000 
0.000000 
0.000000 
0.000000 
0.000000 
0.000000 
0.000000 
0.000000 
0.000000 
0.000000 
0.000000 
0.000000 
0.000000 
0.000000 
0.000000 
0.000000 
0.000000 
0.000000 
0.000000 
0.000000 
0.000000 
0.000000 
0.000000 
0.000000 
0.000000 
0.000000 
0.000000 
0.000000 
0.000000 
0.000000 
0.000000 
0.000000 
0.000000 
0.000000 
0.000000 
0.000000 
0.000000 
0.000000 
0.000000 
0.000000 
0.000000 
0.000000 
0.000000 
0.000000 
0.000000 
0.000000 
0.000000 
0.000000 
0.000000 
0.000000 
0.000000 
0.000000 
0.000000 
0.000000 
0.000000 
0.000000 
0.000000 
0.000000 
0.000000 
0.000000 
0.000000 
0.000000 
0.000000 
0.000000 
0.000000 
0.000000 
0.000000 
0.000000 
0.000000 
0.000000 
0.000000 
0.000000 
0.000000 
0.000000 
0.000000 
0.000000 
0.000000 
0.000000 
0.000000 
0.000000 
0.000000 
0.000000 
0.000000 
0.000000 
0.000000 
0.000000 
0.000000 
0.000000 
0.000000 
0.000000 
0.000000 
0.000000 
0.000000 
0.000000 
0.000000 
0.000000 
0.000000 
0.000000 
0.000000 
0.000000 
0.000000 
0.000000 
0.000000 
0.000000 
0.000000 
0.000000 
0.000000 
0.000000 
0.000000 
0.000000 
0.000000 
0.000000 
0.000000 
0.000000 
0.000000 
0.000000 
0.000000 
0.000000 
0.000000 
0.000000 
0.000000 
0.000000 
0.000000 
0.000000 
0.000000 
0.000000 
0.000000 
0.000000 
0.000000 
0.000000 
0.000000 
0.000000 
0.000000 
0.000000 
0.000000 
0.000000 
0.000000 
0.000000 
0.000000 
0.000000 
0.000000 
0.000000 
0.000000 
0.000000 
0.000000 
0.000000 
0.000000 
0.000000 
0.000000 
0.000000 
0.000000 
0.000000 
0.000000 
0.000000 
0.000000 
0.000000 
0.000000 
0.000000 
0.000000 
0.000000 
0.000000 
0.000000 
0.000000 
0.000000 
0.000000 
0.000000 
0.000000 
0.000000 
0.000000 
0.000000 
0.000000 
0.000000 
0.000000 
0.000000 
0.000000 
0.000000 
0.000000 
0.000000 
0.000000 
0.000000 
0.000000 
0.000000 
0.000000 
0.000000 
0.000000 
0.004923 
0.014626 
0.025971 
0.031410 
0.026444 
0.021573 
0.019998 
0.022183 
0.024368 
0.021113 
0.033296 
0.056593 
0.062731 
0.079684 
0.081473 
0.093139 
0.091381 
0.090391 
0.115633 
0.102046 
0.120950 
0.125664 
0.117978 
0.107537 
0.144085 
0.152998 
0.172682 
0.193784 
0.205393 
0.161188 
0.196727 
0.156180 
0.151427 
0.143221 
0.159724 
0.196146 
0.212970 
0.248867 
0.233644 
0.226900 
0.193107 
0.181122 
0.166852 
0.127485 
0.074237 
0.003109 
0.000000 
0.000000 
0.000000 
0.000000 
0.000000 
0.023092 
0.100314 
0.145100 
0.139368 
0.145812 
0.185060 
0.167357 
0.155276 
0.171139 
0.194279 
0.152658 
0.171535 
0.185476 
0.202248 
0.191847 
0.172503 
0.176380 
0.184114 
0.175385 
0.148995 
0.192875 
0.190858 
0.193336 
0.182384 
0.205575 
0.206898 
0.194533 
0.194867 
0.170133 
0.170518 
0.153028 
0.105367 
0.091418 
0.117332 
0.163943 
0.192460 
0.260541 
0.254585 
0.227691 
0.194199 
0.084962 
0.012834 
0.000000 
0.000000 
0.000000 
0.000000 
0.000000 
0.000000 
0.000000 
0.000000 
0.000000 
0.015092 
0.069249 
0.111152 
0.166963 
0.228933 
0.260054 
0.335860 
0.235657 
0.278923 
0.302945 
0.286049 
0.326119 
0.247895 
0.309110 
0.251963 
0.316663 
0.321147 
0.282046 
0.328050 
0.325485 
0.328972 
0.325243 
0.277590 
0.309833 
0.274216 
0.304920 
0.336684 
0.269728 
0.247152 
0.296464 
0.256638 
0.371056 
0.364895 
0.326509 
0.368390 
0.336095 
0.342293 
0.343446 
0.333047 
0.313785 
0.273544 
0.374086 
0.373280 
0.377560 
0.325332 
0.316309 
0.352438 
0.357404 
0.405850 
0.364827 
0.328872 
0.363876 
0.308969 
0.365095 
0.439158 
0.437560 
0.372997 
0.409677 
0.451210 
0.354218 
0.349692 
0.439126 
0.418022 
0.398875 
0.332805 
0.364236 
0.361186 
0.358761 
0.457271 
0.467351 
0.422439 
0.441001 
0.435171 
0.357706 
0.289244 
0.161633 
0.112577 
0.147730 
0.163316 
0.175795 
0.204468 
0.231339 
0.245312 
0.330624 
0.417131 
0.423002 
0.485203 
0.471973 
0.401178 
0.429908 
0.422214 
0.405788 
0.431591 
0.308923 
0.265998 
0.217675 
0.172982 
0.129437 
0.103150 
0.074404 
0.036413 
0.037252 
0.082931 
0.206223 
0.315054 
0.498006 
0.432654 
0.412300 
0.506105 
0.583324 
0.446446 
0.447660 
0.374529 
0.326579 
0.252891 
0.228759 
0.181128 
0.194419 
0.289491 
0.419215 
0.520910 
0.442057 
0.558032 
0.542144 
0.520230 
0.474723 
0.449463 
0.452769 
0.403786 
0.377169 
0.391524 
0.459977 
0.351707 
0.430814 
0.424058 
0.531246 
0.540770 
0.467692 
0.473251 
0.401957 
0.353839 
0.258914 
0.159305 
0.058924 
0.000000 
0.000000 
0.000000 
0.000000 
0.000000 
0.000000 
0.000000 
0.000000 
0.000000 
0.002037 
0.136252 
0.284844 
0.419601 
0.360236 
0.501396 
0.467347 
0.551924 
0.562810 
0.508570 
0.426722 
0.495814 
0.477587 
0.468663 
0.423492 
0.539837 
0.528966 
0.571521 
0.619551 
0.486945 
0.499206 
0.481937 
0.462744 
0.533887 
0.450352 
0.554593 
0.446181 
0.447525 
0.421168 
0.379532 
0.247627 
0.085562 
0.000000 
0.000000 
0.000000 
0.000000 
0.000000 
0.024699 
0.055208 
0.086344 
0.105027 
0.157286 
0.167310 
0.178240 
0.160016 
0.108723 
0.057571 
0.004181 
0.000000 
0.004469 
0.049968 
0.117391 
0.180402 
0.237615 
0.313986 
0.295767 
0.328580 
0.356726 
0.403533 
0.304781 
0.239277 
0.130588 
0.050971 
0.015527 
0.018983 
0.022154 
0.034016 
0.045661 
0.042454 
0.037423 
0.024129 
0.012060 
0.000604 
0.000000 
0.002894 
0.019929 
0.042429 
0.068392 
0.086900 
0.099331 
0.126709 
0.150310 
0.176328 
0.196291 
0.258529 
0.300836 
0.425632 
0.499006 
0.430375 
0.443298 
0.448850 
0.444050 
0.422573 
0.323592 
0.336293 
0.202160 
0.141375 
0.043678 
0.000000 
0.000000 
0.000000 
0.000000 
0.000000 
0.000000 
0.000000 
0.000000 
0.041897 
0.108051 
0.208433 
0.256981 
0.342050 
0.447906 
0.511061 
0.524060 
0.566591 
0.568707 
0.496746 
0.626258 
0.452541 
0.552370 
0.422751 
0.560684 
0.570531 
0.434203 
0.495158 
0.498222 
0.548871 
0.428425 
0.420574 
0.383524 
0.502944 
0.429620 
0.454643 
0.395228 
0.431818 
0.521324 
0.547738 
0.517465 
0.515796 
0.559426 
0.453647 
0.569057 
0.565878 
0.459671 
0.525332 
0.511324 
0.427248 
0.510102 
0.527907 
0.481394 
0.382679 
0.386635 
0.356368 
0.314096 
0.344370 
0.404047 
0.455636 
0.482229 
0.330737 
0.527856 
0.443410 
0.562148 
0.539173 
0.461149 
0.527565 
0.474281 
0.513061 
0.447212 
0.469242 
0.500704 
0.458048 
0.446088 
0.523389 
0.532955 
0.437771 
0.383213 
0.378413 
0.354723 
0.328720 
0.290133 
0.195140 
0.256491 
0.193995 
0.179131 
0.229124 
0.205076 
0.382145 
0.338078 
0.405635 
0.433883 
0.528811 
0.502615 
0.396425 
0.459783 
0.345097 
0.482105 
0.420666 
0.344442 
0.465702 
0.356198 
0.413660 
0.396022 
0.525686 
0.505991 
0.440092 
0.459149 
0.381979 
0.357088 
0.371317 
0.304097 
0.358929 
0.356003 
0.308566 
0.361696 
0.296427 
0.302205 
0.311144 
0.304789 
0.248210 
0.229475 
0.279120 
0.328766 
0.354885 
0.440879 
0.405547 
0.325759 
0.332126 
0.366543 
0.380778 
0.296398 
0.236703 
0.133869 
0.052268 
0.019332 
0.004573 
0.000000 
0.000000 
0.000000 
0.000000 
0.000000 
0.000000 
0.000000 
0.000000 
0.000000 
0.000000 
0.000000 
0.000000 
0.000000 
0.011552 
0.033100 
0.069125 
0.096200 
0.128641 
0.185668 
0.226690 
0.225046 
0.293372 
0.382740 
0.361134 
0.374299 
0.364721 
0.327111 
0.229320 
0.287980 
0.201459 
0.224656 
0.200761 
0.151680 
0.128453 
0.151520 
0.137563 
0.100405 
0.110646 
0.098622 
0.106280 
0.141079 
0.155397 
0.183138 
0.154505 
0.204476 
0.284677 
0.266521 
0.362095 
0.429332 
0.380782 
0.374624 
0.353315 
0.433725 
0.332948 
0.286591 
0.343603 
0.274429 
0.250927 
0.197601 
0.205022 
0.177163 
0.194891 
0.173814 
0.161942 
0.185734 
0.182547 
0.162346 
0.172825 
0.154783 
0.234876 
0.231015 
0.279757 
0.278505 
0.266356 
0.282128 
0.288935 
0.260347 
0.247541 
0.330934 
0.274887 
0.219029 
0.202396 
0.171079 
0.129844 
0.138968 
0.166682 
0.163241 
0.245316 
0.224317 
0.191735 
0.202294 
0.133670 
0.105771 
0.092365 
0.103141 
0.097427 
0.134976 
0.104405 
0.132486 
0.108771 
0.145293 
0.122585 
0.124143 
0.136211 
0.117499 
0.118118 
0.104164 
0.105905 
0.106069 
0.109794 
0.096165 
0.079928 
0.067429 
0.056312 
0.045083 
0.047587 
0.039925 
0.025356 
0.019473 
0.013770 
0.007204 
0.000389 
0.000000 
0.000000 
0.000000 
0.000000 
0.000000 
0.000000 
0.000000 
0.000000 
0.000000 
0.000000 
0.000000 
0.000000 
0.000000 
0.000000 
0.000000 
0.000000 
0.000000 
0.000000 
0.000000 
0.000000 
0.000000 
0.000000 
0.000000 
0.000000 
0.000000 
0.000000 
0.000000 
0.000000 
0.000000 
0.000000 
0.001516 
0.003752 
0.007497 
0.010417 
0.015043 
0.018593 
0.021566 
0.022157 
0.019478 
0.024793 
0.025072 
0.022759 
0.018355 
0.023012 
0.021080 
0.018715 
0.017713 
0.025469 
0.031353 
0.036850 
0.048128 
0.053188 
0.056921 
0.059279 
0.072762 
0.067355 
0.063729 
0.086119 
0.102226 
0.150079 
0.220886 
0.213942 
0.237093 
0.205931 
0.177786 
0.172076 
0.153091 
0.148737 
0.137332 
0.097661 
0.085123 
0.068555 
0.066167 
0.059803 
0.072601 
0.078934 
0.068008 
0.060251 
0.044343 
0.042082 
0.024543 
0.022916 
0.012945 
0.010209 
0.006204 
0.003195 
0.000825 
0.000000 
0.000000 
0.000000 
0.000000 
0.000000 
0.000000 
0.000000 
0.000181 
0.002173 
0.003474 
0.002221 
0.001572 
0.000178 
0.000000 
0.000000 
0.000000 
0.000000 
0.000000 
0.000000 
0.000000 
0.000000 
0.000000 
0.001839 
0.003945 
0.004755 
0.003971 
0.002565 
0.000924 
0.000000 
0.000000 
0.000000 
0.000000 
0.000000 
0.000000 
0.000000 
0.000000 
0.000000 
0.000000 
0.000000 
0.000000 
0.000000 
0.000000 
0.000000 
0.000000 
0.000000 
0.000000 
0.000000 
0.000000 
0.000000 
0.000000 
0.000000 
0.000000 
0.000000 
0.000000 
0.000000 
0.000000 
0.000000 
0.000000 
0.000000 
0.000000 
0.000000 
0.000000 
0.000000 
0.000000 
0.000000 
0.000000 
0.000000 
0.000000 
0.000000 
0.000000 
0.000000 
0.000000 
0.000000 
0.000000 
0.000000 
0.000000 
0.000000 
0.000000 
0.000000 
0.000000 
0.000000 
0.000000 
0.000000 
0.000000 
0.000000 
0.000000 
0.000000 
0.000000 
0.000000 
0.000000 
0.000000 
0.000000 
0.000000 
0.000000 
0.000000 
0.000000 
0.000000 
0.000000 
0.000000 
0.000000 
0.000000 
0.000000 
0.000000 
0.000000 
0.000000 
0.000000 
0.000000 
0.000000 
0.000000 
0.000000 
0.000000 
0.000000 
0.000000 
0.000000 
0.000000 
0.000000 
0.000000 
0.000000 
0.000000 
0.000000 
0.000000 
0.000000 
0.000000 
0.000000 
0.000000 
0.000000 
0.000000 
0.000000 
0.000000 
0.000000 
0.000000 
0.000000 
0.000000 
0.000000 
0.000000 
0.000000 
0.000000 
0.000000 
0.000000 
0.000000 
0.000000 
0.000000 
0.000000 
0.000000 
0.000000 
0.000000 
0.000000 
0.000000 
0.000000 
0.000000 
0.000000 
0.000000 
0.000000 
0.000000 
0.000000 
0.000000 
0.000000 
0.000000 
0.000000 
0.000000 
0.000000 
0.000000 
0.000000 
0.000000 
0.000000 
0.000000 
0.000000 
0.000000 
0.000000 
0.000000 
0.000000 
0.000000 
0.000000 
0.000000 
0.000000 
0.000000 
0.000000 
0.000000 
0.000000 
0.000000 
0.000000 
0.000000 
0.000000 
0.000000 
0.000000 
0.000000 
0.000000 
0.000000 
0.000000 
0.000000 
0.000000 
0.000000 
0.000000 
0.000000 
0.000000 
0.000000 
0.000000 
0.000000 
0.000000 
0.000000 
0.000000 
0.000000 
0.000000 
0.000000 
0.000000 
0.000000 
0.000000 
0.000000 
0.000000 
0.000000 
0.000000 
0.000000 
0.000000 
0.000000 
0.000000 
0.000000 
0.000000 
0.000000 
0.000000 
0.000000 
0.000000 
0.000000 
0.000000 
0.000000 
0.000000 
0.000000 
0.000000 
0.000000 
0.000000 
0.000000 
0.000000 
0.000000 
0.000000 
0.000000 
0.000000 
0.000000 
0.000000 
0.000000 
0.000000 
0.000000 
0.000000 
0.000000 
0.000000 
0.000000 
0.000000 
0.000000 
0.000000 
0.000000 
0.000000 
0.000000 
0.000000 
0.000000 
0.000000 
0.000000 
0.000000 
0.000000 
0.000000 
0.000000 
0.000000 
0.000000 
0.000000 
0.000000 
0.000000 
0.000000 
0.000000 
0.000000 
0.000000 
0.000000 
0.000000 
0.000000 
0.000000 
0.000000 
0.000000 
0.000000 
0.000000 
0.000000 
0.000000 
0.000000 
0.000000 
0.000000 
0.000000 
0.000000 
0.000000 
0.000000 
0.000000 
0.000000 
0.000000 
0.000000 
0.000000 
0.000000 
0.000000 
0.000000 
0.000000 
0.000000 
0.000000 
0.000000 
0.000000 
0.000000 
0.000000 
0.000000 
0.000000 
0.000000 
0.000000 
0.000000 
0.000000 
0.000000 
0.000000 
0.000000 
0.000000 
0.000000 
0.000000 
0.000000 
0.000000 
0.000000 
0.000000 
0.000000 
0.000000 
0.000000 
0.000000 
0.000000 
