0.143982 
0.111218 
0.089346 
0.077130 
0.073333 
0.076718 
0.086047 
0.100084 
0.117592 
0.137333 
0.173907 
0.232675 
0.298543 
0.356416 
0.391200 
0.408622 
0.423834 
0.435882 
0.443811 
0.446667 
0.446667 
0.446667 
0.446667 
0.446667 
0.446667 
0.446667 
0.446667 
0.446667 
0.446667 
0.446667 
0.438713 
0.418369 
0.390908 
0.361605 
0.335733 
0.309640 
0.279807 
0.251715 
0.230842 
0.222667 
0.237944 
0.275881 
0.324632 
0.372353 
0.407200 
0.432368 
0.457009 
0.478212 
0.493068 
0.498667 
0.498667 
0.498667 
0.498667 
0.498667 
0.498667 
0.496902 
0.492007 
0.484581 
0.475224 
0.464533 
0.441530 
0.402809 
0.360337 
0.326078 
0.312000 
0.312000 
0.312000 
0.312000 
0.312000 
0.312000 
0.312000 
0.312000 
0.312000 
0.312000 
0.312000 
0.312000 
0.312000 
0.312000 
0.312000 
0.312000 
0.310253 
0.306086 
0.301114 
0.296947 
0.295200 
0.300969 
0.314724 
0.331142 
0.344898 
0.350667 
0.350667 
0.350667 
0.350667 
0.350667 
0.350667 
0.350667 
0.350667 
0.350667 
0.350667 
0.350667 
0.343389 
0.324398 
0.297951 
0.268310 
0.239733 
0.205388 
0.161991 
0.119127 
0.086379 
0.073333 
0.073333 
0.073333 
0.073333 
0.073333 
0.073333 
0.073333 
0.073333 
0.073333 
0.073333 
0.073333 
0.076889 
0.086731 
0.101621 
0.120323 
0.141600 
0.183656 
0.252920 
0.330489 
0.397461 
0.434933 
0.450407 
0.463559 
0.473747 
0.480330 
0.482667 
0.482667 
0.482667 
0.482667 
0.482667 
0.482667 
0.473906 
0.450923 
0.418668 
0.382088 
0.346133 
0.303492 
0.249997 
0.195316 
0.149116 
0.121067 
0.106021 
0.092923 
0.082574 
0.075777 
0.073333 
0.073333 
0.073333 
0.073333 
0.073333 
0.073333 
0.073333 
0.073333 
0.073333 
0.073333 
0.073333 
0.073333 
0.073333 
0.073333 
0.073333 
0.073333 
0.086379 
0.119127 
0.161991 
0.205388 
0.239733 
0.268310 
0.297951 
0.324398 
0.343389 
0.350667 
0.350667 
0.350667 
0.350667 
0.350667 
0.350667 
0.350667 
0.350667 
0.350667 
0.350667 
0.350667 
0.346980 
0.337388 
0.324093 
0.309296 
0.295200 
0.278691 
0.258141 
0.237978 
0.222633 
0.216533 
0.226462 
0.250138 
0.278396 
0.302071 
0.312000 
0.312000 
0.312000 
0.312000 
0.312000 
0.312000 
0.312000 
0.312000 
0.312000 
0.312000 
0.312000 
0.308801 
0.300772 
0.290262 
0.279621 
0.271200 
0.264193 
0.256925 
0.250441 
0.245784 
0.244000 
0.244000 
0.244000 
0.244000 
0.244000 
0.244000 
0.244000 
0.244000 
0.244000 
0.244000 
0.244000 
0.226251 
0.183925 
0.133408 
0.091083 
0.073333 
0.073333 
0.073333 
0.073333 
0.073333 
0.073333 
0.073333 
0.073333 
0.073333 
0.073333 
0.073333 
0.073333 
0.073333 
0.073333 
0.073333 
0.073333 
0.086379 
0.119127 
0.161991 
0.205388 
0.239733 
0.266174 
0.291543 
0.314786 
0.334846 
0.350667 
0.361731 
0.369748 
0.377008 
0.385796 
0.398400 
0.428033 
0.476606 
0.529457 
0.571920 
0.589333 
0.586405 
0.578329 
0.566170 
0.550995 
0.533867 
0.501947 
0.450532 
0.392891 
0.342290 
0.312000 
0.299423 
0.291216 
0.284524 
0.276493 
0.264267 
0.234634 
0.186060 
0.133210 
0.090746 
0.073333 
0.073333 
0.073333 
0.073333 
0.073333 
0.073333 
0.073333 
0.073333 
0.073333 
0.073333 
0.073333 
0.073333 
0.073333 
0.073333 
0.073333 
0.073333 
0.073333 
0.073333 
0.073333 
0.073333 
0.073333 
0.073333 
0.073333 
0.073333 
0.073333 
0.073333 
0.073333 
0.073333 
0.073333 
0.073333 
0.073333 
0.080611 
0.099602 
0.126049 
0.155690 
0.184267 
0.218612 
0.262009 
0.304873 
0.337621 
0.350667 
0.350667 
0.350667 
0.350667 
0.350667 
0.350667 
0.354965 
0.365216 
0.377451 
0.387701 
0.392000 
0.392000 
0.392000 
0.392000 
0.392000 
0.392000 
0.363157 
0.294379 
0.212288 
0.143509 
0.114667 
0.114667 
0.114667 
0.114667 
0.114667 
0.114667 
0.139488 
0.198677 
0.269323 
0.328512 
0.353333 
0.353333 
0.353333 
0.353333 
0.353333 
0.353333 
0.353333 
0.353333 
0.353333 
0.353333 
0.353333 
0.353333 
0.353333 
0.353333 
0.353333 
0.353333 
0.328512 
0.269323 
0.198677 
0.139488 
0.114667 
0.119870 
0.133563 
0.152867 
0.174905 
0.196800 
0.219449 
0.245428 
0.274376 
0.305931 
0.339733 
0.385138 
0.443078 
0.500555 
0.544572 
0.562133 
0.560843 
0.557271 
0.551863 
0.545069 
0.537333 
0.523773 
0.502031 
0.476350 
0.450970 
0.430133 
0.414941 
0.402281 
0.390071 
0.376226 
0.358667 
0.328157 
0.284487 
0.239112 
0.203487 
0.189067 
0.194241 
0.207927 
0.227374 
0.249827 
0.272533 
0.300906 
0.337730 
0.376315 
0.409969 
0.432000 
0.443439 
0.451320 
0.457962 
0.465683 
0.476800 
0.500112 
0.536051 
0.574388 
0.604892 
0.617333 
0.609419 
0.589356 
0.562663 
0.534860 
0.511467 
0.489821 
0.466184 
0.444464 
0.428567 
0.422400 
0.429859 
0.448381 
0.472188 
0.495498 
0.512533 
0.522473 
0.529780 
0.536597 
0.545067 
0.557333 
0.587737 
0.639458 
0.697896 
0.748454 
0.776533 
0.787801 
0.797357 
0.804744 
0.809510 
0.811200 
0.800329 
0.774404 
0.743462 
0.717538 
0.706667 
0.710696 
0.721100 
0.735357 
0.750943 
0.765333 
0.781138 
0.800097 
0.818379 
0.832157 
0.837600 
0.823567 
0.790103 
0.750163 
0.716700 
0.702667 
0.711153 
0.731390 
0.755543 
0.775780 
0.784267 
0.781780 
0.775013 
0.765011 
0.752814 
0.739467 
0.719851 
0.691310 
0.658577 
0.626385 
0.599467 
0.578947 
0.561335 
0.544436 
0.526055 
0.504000 
0.470214 
0.425257 
0.379860 
0.344753 
0.330667 
0.332871 
0.338347 
0.345387 
0.352284 
0.357333 
0.360549 
0.363246 
0.365669 
0.368061 
0.370667 
0.373137 
0.375312 
0.377719 
0.380883 
0.385333 
0.401313 
0.432112 
0.467829 
0.498559 
0.514400 
0.519131 
0.523044 
0.526004 
0.527879 
0.528533 
0.523228 
0.510357 
0.494484 
0.480177 
0.472000 
0.468593 
0.465661 
0.463365 
0.461868 
0.461333 
0.461880 
0.463487 
0.466099 
0.469666 
0.474133 
0.499317 
0.555239 
0.627156 
0.700324 
0.760000 
0.809769 
0.859965 
0.905970 
0.943165 
0.966933 
0.981827 
0.994906 
1.005312 
1.012185 
1.014667 
1.014667 
1.014667 
1.014667 
1.014667 
1.014667 
1.000624 
0.965435 
0.919507 
0.873248 
0.837067 
0.810865 
0.787137 
0.765176 
0.744277 
0.723733 
0.702768 
0.681781 
0.661838 
0.644001 
0.629333 
0.616195 
0.603273 
0.592120 
0.584289 
0.581333 
0.763763 
1.198788 
1.718012 
2.153037 
2.335467 
2.172810 
1.784158 
1.318487 
0.924776 
0.752000 
0.742380 
0.737028 
0.733260 
0.728390 
0.719733 
0.686145 
0.622602 
0.550598 
0.491632 
0.467200 
0.469504 
0.475531 
0.483952 
0.493440 
0.502667 
0.511134 
0.519902 
0.529983 
0.542390 
0.558133 
0.592567 
0.649010 
0.710423 
0.759766 
0.780000 
0.780000 
0.780000 
0.780000 
0.780000 
0.780000 
0.769850 
0.745645 
0.716755 
0.692550 
0.682400 
0.850048 
1.249824 
1.726976 
2.126752 
2.294400 
2.129754 
1.734521 
1.256758 
0.844521 
0.645867 
0.608183 
0.579283 
0.557866 
0.542628 
0.532267 
0.525346 
0.520510 
0.516573 
0.512353 
0.506667 
0.499595 
0.491591 
0.482031 
0.470287 
0.455733 
0.431145 
0.393540 
0.348656 
0.302229 
0.260000 
0.216127 
0.166776 
0.120695 
0.086632 
0.073333 
0.075136 
0.080105 
0.087587 
0.096926 
0.107467 
0.128657 
0.163391 
0.201183 
0.231548 
0.244000 
0.244000 
0.244000 
0.244000 
0.244000 
0.244000 
0.244000 
0.244000 
0.244000 
0.244000 
0.244000 
0.244385 
0.245496 
0.247269 
0.249636 
0.252533 
0.264749 
0.289337 
0.317631 
0.340963 
0.350667 
0.350667 
0.350667 
0.350667 
0.350667 
0.350667 
0.350667 
0.350667 
0.350667 
0.350667 
0.350667 
0.350667 
0.350667 
0.350667 
0.350667 
0.350667 
0.321824 
0.253045 
0.170955 
0.102176 
0.073333 
0.073333 
0.073333 
0.073333 
0.073333 
0.073333 
0.073333 
0.073333 
0.073333 
0.073333 
0.073333 
0.073333 
0.073333 
0.073333 
0.073333 
0.073333 
0.073333 
0.073333 
0.073333 
0.073333 
0.073333 
0.077812 
0.089499 
0.105774 
0.124015 
0.141600 
0.158149 
0.175683 
0.195183 
0.217628 
0.244000 
0.287165 
0.348648 
0.412414 
0.462431 
0.482667 
0.482667 
0.482667 
0.482667 
0.482667 
0.482667 
0.468467 
0.434607 
0.394193 
0.360333 
0.346133 
0.348352 
0.353643 
0.359957 
0.365248 
0.367467 
0.365719 
0.361553 
0.356580 
0.352414 
0.350667 
0.350667 
0.350667 
0.350667 
0.350667 
0.350667 
0.350667 
0.350667 
0.350667 
0.350667 
0.350667 
0.350667 
0.350667 
0.350667 
0.350667 
0.350667 
0.327593 
0.272570 
0.206897 
0.151874 
0.128800 
0.131901 
0.139981 
0.151203 
0.163732 
0.175733 
0.189953 
0.207773 
0.225310 
0.238680 
0.244000 
0.244000 
0.244000 
0.244000 
0.244000 
0.244000 
0.244000 
0.244000 
0.244000 
0.244000 
0.244000 
0.226251 
0.183925 
0.133408 
0.091083 
0.073333 
0.079596 
0.095940 
0.118699 
0.144208 
0.168800 
0.198356 
0.235703 
0.272591 
0.300773 
0.312000 
0.312000 
0.312000 
0.312000 
0.312000 
0.312000 
0.312000 
0.312000 
0.312000 
0.312000 
0.312000 
0.330914 
0.376017 
0.429850 
0.474953 
0.493867 
0.478974 
0.443460 
0.401073 
0.365559 
0.350667 
0.350667 
0.350667 
0.350667 
0.350667 
0.350667 
0.368416 
0.410741 
0.461259 
0.503584 
0.521333 
0.508288 
0.475540 
0.432675 
0.389278 
0.354933 
0.329062 
0.304830 
0.282440 
0.262096 
0.244000 
0.228703 
0.215663 
0.203446 
0.190614 
0.175733 
0.154598 
0.127892 
0.101514 
0.081361 
0.073333 
0.073333 
0.073333 
0.073333 
0.073333 
0.073333 
0.073333 
0.073333 
0.073333 
0.073333 
0.073333 
0.073333 
0.073333 
0.073333 
0.073333 
0.073333 
0.121783 
0.237318 
0.375215 
0.490750 
0.539200 
0.535817 
0.527748 
0.518118 
0.510050 
0.506667 
0.507723 
0.510710 
0.515356 
0.521388 
0.528533 
0.548658 
0.585641 
0.627227 
0.661165 
0.675200 
0.670763 
0.660181 
0.647552 
0.636971 
0.632533 
0.663373 
0.736913 
0.824687 
0.898227 
0.929067 
0.891900 
0.801259 
0.688427 
0.584690 
0.521333 
0.492353 
0.469581 
0.451060 
0.434831 
0.418933 
0.403306 
0.388983 
0.375646 
0.362979 
0.350667 
0.337064 
0.322329 
0.308849 
0.299010 
0.295200 
0.300332 
0.315224 
0.339124 
0.371278 
0.410933 
0.604009 
1.002013 
1.462572 
1.843314 
2.001867 
1.820713 
1.388730 
0.873137 
0.441154 
0.260000 
0.263328 
0.271264 
0.280736 
0.288672 
0.292000 
0.269259 
0.215029 
0.150304 
0.096075 
0.073333 
0.081361 
0.101514 
0.127892 
0.154598 
0.175733 
0.193319 
0.211560 
0.227834 
0.239522 
0.244000 
0.244000 
0.244000 
0.244000 
0.244000 
0.244000 
0.244000 
0.244000 
0.244000 
0.244000 
0.244000 
0.226251 
0.183925 
0.133408 
0.091083 
0.073333 
0.073333 
0.073333 
0.073333 
0.073333 
0.073333 
0.076262 
0.084338 
0.096496 
0.111672 
0.128800 
0.163234 
0.219677 
0.281089 
0.330432 
0.350667 
0.350667 
0.350667 
0.350667 
0.350667 
0.350667 
0.375488 
0.434677 
0.505323 
0.564512 
0.589333 
0.589333 
0.589333 
0.589333 
0.589333 
0.589333 
0.569099 
0.519756 
0.458343 
0.401900 
0.367467 
0.353219 
0.343804 
0.335967 
0.326450 
0.312000 
0.275657 
0.215027 
0.148703 
0.095274 
0.073333 
0.073333 
0.073333 
0.073333 
0.073333 
0.073333 
0.073333 
0.073333 
0.073333 
0.073333 
0.073333 
0.073333 
0.073333 
0.073333 
0.073333 
0.073333 
0.085785 
0.116150 
0.153943 
0.188677 
0.209867 
0.220407 
0.229746 
0.237228 
0.242198 
0.244000 
0.244000 
0.244000 
0.244000 
0.244000 
0.244000 
0.240450 
0.231985 
0.221882 
0.213417 
0.209867 
0.217529 
0.237868 
0.266909 
0.300677 
0.335200 
0.383118 
0.448829 
0.515994 
0.568275 
0.589333 
0.589333 
0.589333 
0.589333 
0.589333 
0.589333 
0.589333 
0.589333 
0.589333 
0.589333 
0.589333 
0.580470 
0.556707 
0.522282 
0.481434 
0.438400 
0.373096 
0.279143 
0.181334 
0.104466 
0.073333 
0.087683 
0.123849 
0.171506 
0.220331 
0.260000 
0.289801 
0.316918 
0.342867 
0.369167 
0.397333 
0.432977 
0.475157 
0.515570 
0.545908 
0.557867 
0.550074 
0.531490 
0.509310 
0.490726 
0.482933 
0.488528 
0.502009 
0.518427 
0.532830 
0.540267 
0.542015 
0.543004 
0.543759 
0.544805 
0.546667 
0.557960 
0.583054 
0.616100 
0.651254 
0.682667 
0.707687 
0.730214 
0.754231 
0.783721 
0.822667 
0.911039 
1.056693 
1.215442 
1.343096 
1.395467 
1.393858 
1.390022 
1.385444 
1.381609 
1.380000 
1.381664 
1.385632 
1.390368 
1.394336 
1.396000 
1.370750 
1.308261 
1.228424 
1.151129 
1.096267 
1.062449 
1.033877 
1.008827 
0.985576 
0.962400 
0.940327 
0.920382 
0.900832 
0.879948 
0.856000 
0.821851 
0.778103 
0.734629 
0.701303 
0.688000 
0.705389 
0.746854 
0.796346 
0.837811 
0.855200 
0.849883 
0.835781 
0.815671 
0.792330 
0.768533 
0.735751 
0.690982 
0.645298 
0.609770 
0.595467 
0.608031 
0.639591 
0.680949 
0.722907 
0.756267 
0.780536 
0.802244 
0.822724 
0.843310 
0.865333 
0.893042 
0.925583 
0.956643 
0.979908 
0.989067 
0.981745 
0.964286 
0.943447 
0.925988 
0.918667 
0.924056 
0.939529 
0.964041 
0.996546 
1.036000 
1.182616 
1.470660 
1.800170 
2.071182 
2.183733 
2.150565 
2.067129 
1.957531 
1.845875 
1.756267 
1.685664 
1.617108 
1.553827 
1.499048 
1.456000 
1.423810 
1.397594 
1.374567 
1.351942 
1.326933 
1.297062 
1.264158 
1.231895 
1.203951 
1.184000 
1.172166 
1.164189 
1.157170 
1.148206 
1.134400 
1.089968 
1.008841 
0.917690 
0.843186 
0.812000 
0.811524 
0.811274 
0.811100 
0.810858 
0.810400 
0.805902 
0.796065 
0.784530 
0.774939 
0.770933 
0.773266 
0.779469 
0.788344 
0.798698 
0.809333 
0.824295 
0.844966 
0.866155 
0.882674 
0.889333 
0.889333 
0.889333 
0.889333 
0.889333 
0.889333 
0.889291 
0.889162 
0.888949 
0.888650 
0.888267 
0.832084 
0.698725 
0.539697 
0.406509 
0.350667 
0.350667 
0.350667 
0.350667 
0.350667 
0.350667 
0.356929 
0.373273 
0.396032 
0.421541 
0.446133 
0.475690 
0.513036 
0.549925 
0.578106 
0.589333 
0.569099 
0.519756 
0.458343 
0.401900 
0.367467 
0.352584 
0.341899 
0.333109 
0.323910 
0.312000 
0.296756 
0.279290 
0.259898 
0.238880 
0.216533 
0.186977 
0.149630 
0.112742 
0.084560 
0.073333 
0.073333 
0.073333 
0.073333 
0.073333 
0.073333 
0.073333 
0.073333 
0.073333 
0.073333 
0.073333 
0.073333 
0.073333 
0.073333 
0.073333 
0.073333 
0.073333 
0.073333 
0.073333 
0.073333 
0.073333 
0.081361 
0.101514 
0.127892 
0.154598 
0.175733 
0.193319 
0.211560 
0.227834 
0.239522 
0.244000 
0.244000 
0.244000 
0.244000 
0.244000 
0.244000 
0.267074 
0.322097 
0.387770 
0.442793 
0.465867 
0.453886 
0.425316 
0.391217 
0.362647 
0.350667 
0.350667 
0.350667 
0.350667 
0.350667 
0.350667 
0.350667 
0.350667 
0.350667 
0.350667 
0.350667 
0.343389 
0.324398 
0.297951 
0.268310 
0.239733 
0.205388 
0.161991 
0.119127 
0.086379 
0.073333 
0.098155 
0.157344 
0.227989 
0.287179 
0.312000 
0.312000 
0.312000 
0.312000 
0.312000 
0.312000 
0.312000 
0.312000 
0.312000 
0.312000 
0.312000 
0.312000 
0.312000 
0.312000 
0.312000 
0.312000 
0.287179 
0.227989 
0.157344 
0.098155 
0.073333 
0.073333 
0.073333 
0.073333 
0.073333 
0.073333 
0.077812 
0.089499 
0.105774 
0.124015 
0.141600 
0.162735 
0.189441 
0.215820 
0.235972 
0.244000 
0.244000 
0.244000 
0.244000 
0.244000 
0.244000 
