0.072000 
0.072000 
0.072000 
0.072000 
0.072000 
0.072000 
0.072000 
0.072000 
0.072000 
0.072000 
0.085728 
0.118464 
0.157536 
0.190272 
0.204000 
0.204000 
0.204000 
0.204000 
0.204000 
0.204000 
0.204000 
0.204000 
0.204000 
0.204000 
0.204000 
0.200536 
0.191497 
0.178909 
0.164801 
0.151200 
0.134853 
0.114198 
0.093796 
0.078209 
0.072000 
0.072000 
0.072000 
0.072000 
0.072000 
0.072000 
0.072000 
0.072000 
0.072000 
0.072000 
0.072000 
0.072000 
0.072000 
0.072000 
0.072000 
0.072000 
0.072000 
0.072000 
0.072000 
0.072000 
0.072000 
0.072000 
0.072000 
0.072000 
0.072000 
0.072000 
0.078543 
0.095617 
0.119393 
0.146042 
0.171733 
0.202611 
0.241626 
0.280163 
0.309605 
0.321333 
0.321333 
0.321333 
0.321333 
0.321333 
0.321333 
0.327543 
0.343129 
0.363531 
0.384186 
0.400533 
0.414135 
0.428243 
0.440830 
0.449870 
0.453333 
0.427403 
0.365568 
0.291765 
0.229931 
0.204000 
0.204000 
0.204000 
0.204000 
0.204000 
0.204000 
0.190272 
0.157536 
0.118464 
0.085728 
0.072000 
0.072000 
0.072000 
0.072000 
0.072000 
0.072000 
0.072000 
0.072000 
0.072000 
0.072000 
0.072000 
0.072000 
0.072000 
0.072000 
0.072000 
0.072000 
0.072000 
0.072000 
0.072000 
0.072000 
0.072000 
0.072000 
0.072000 
0.072000 
0.072000 
0.072000 
0.072000 
0.072000 
0.072000 
0.072000 
0.072000 
0.093183 
0.145522 
0.212204 
0.276412 
0.321333 
0.349955 
0.375814 
0.397922 
0.415292 
0.426933 
0.435086 
0.442309 
0.448096 
0.451939 
0.453333 
0.453333 
0.453333 
0.453333 
0.453333 
0.453333 
0.441095 
0.409577 
0.366579 
0.319898 
0.277333 
0.231718 
0.177762 
0.126082 
0.087289 
0.072000 
0.072000 
0.072000 
0.072000 
0.072000 
0.072000 
0.072000 
0.072000 
0.072000 
0.072000 
0.072000 
0.072000 
0.072000 
0.072000 
0.072000 
0.072000 
0.072000 
0.072000 
0.072000 
0.072000 
0.072000 
0.072000 
0.072000 
0.072000 
0.072000 
0.072000 
0.072000 
0.072000 
0.072000 
0.072000 
0.072000 
0.072000 
0.072000 
0.072000 
0.072000 
0.072000 
0.072000 
0.072000 
0.072000 
0.072000 
0.072000 
0.072000 
0.072000 
0.072000 
0.072000 
0.072000 
0.072000 
0.072000 
0.072000 
0.072000 
0.072000 
0.072000 
0.072000 
0.072000 
0.072000 
0.072000 
0.072000 
0.072000 
0.072000 
0.072000 
0.072000 
0.072000 
0.072000 
0.072000 
0.072000 
0.072000 
0.072000 
0.072000 
0.072000 
0.072000 
0.072000 
0.083729 
0.113170 
0.151707 
0.190723 
0.221600 
0.247291 
0.273940 
0.297716 
0.314791 
0.321333 
0.321333 
0.321333 
0.321333 
0.321333 
0.321333 
0.321333 
0.321333 
0.321333 
0.321333 
0.321333 
0.318700 
0.311440 
0.300509 
0.286865 
0.271467 
0.240509 
0.189765 
0.134553 
0.090191 
0.072000 
0.072000 
0.072000 
0.072000 
0.072000 
0.072000 
0.072000 
0.072000 
0.072000 
0.072000 
0.072000 
0.073394 
0.077238 
0.083025 
0.090248 
0.098400 
0.114789 
0.141654 
0.170884 
0.194369 
0.204000 
0.204000 
0.204000 
0.204000 
0.204000 
0.204000 
0.204000 
0.204000 
0.204000 
0.204000 
0.204000 
0.197791 
0.182204 
0.161802 
0.141147 
0.124800 
0.111199 
0.097091 
0.084503 
0.075464 
0.072000 
0.072000 
0.072000 
0.072000 
0.072000 
0.072000 
0.074633 
0.081894 
0.092824 
0.106468 
0.121867 
0.152824 
0.203568 
0.258781 
0.303142 
0.321333 
0.321333 
0.321333 
0.321333 
0.321333 
0.321333 
0.321333 
0.321333 
0.321333 
0.321333 
0.321333 
0.321333 
0.321333 
0.321333 
0.321333 
0.321333 
0.303142 
0.258781 
0.203568 
0.152824 
0.121867 
0.106468 
0.092824 
0.081894 
0.074633 
0.072000 
0.081631 
0.105116 
0.134346 
0.161211 
0.177600 
0.185752 
0.192975 
0.198762 
0.202606 
0.204000 
0.204000 
0.204000 
0.204000 
0.204000 
0.204000 
0.202606 
0.198762 
0.192975 
0.185752 
0.177600 
0.161211 
0.134346 
0.105116 
0.081631 
0.072000 
0.072000 
0.072000 
0.072000 
0.072000 
0.072000 
0.072000 
0.072000 
0.072000 
0.072000 
0.072000 
0.090191 
0.134553 
0.189765 
0.240509 
0.271467 
0.286865 
0.300509 
0.311440 
0.318700 
0.321333 
0.321333 
0.321333 
0.321333 
0.321333 
0.321333 
0.321333 
0.321333 
0.321333 
0.321333 
0.321333 
0.314791 
0.297716 
0.273940 
0.247291 
0.221600 
0.190723 
0.151707 
0.113170 
0.083729 
0.072000 
0.081631 
0.105116 
0.134346 
0.161211 
0.177600 
0.185752 
0.192975 
0.198762 
0.202606 
0.204000 
0.204000 
0.204000 
0.204000 
0.204000 
0.204000 
0.202606 
0.198762 
0.192975 
0.185752 
0.177600 
0.161211 
0.134346 
0.105116 
0.081631 
0.072000 
0.072000 
0.072000 
0.072000 
0.072000 
0.072000 
0.072000 
0.072000 
0.072000 
0.072000 
0.072000 
0.072000 
0.072000 
0.072000 
0.072000 
0.072000 
0.073366 
0.077163 
0.082945 
0.090262 
0.098667 
0.115906 
0.144851 
0.177736 
0.206796 
0.224267 
0.232967 
0.240571 
0.246600 
0.250570 
0.252000 
0.248117 
0.238859 
0.227808 
0.218549 
0.214667 
0.221506 
0.240005 
0.267139 
0.299879 
0.335200 
0.386198 
0.459082 
0.540494 
0.617075 
0.675467 
0.721556 
0.766609 
0.805338 
0.832453 
0.842667 
0.834722 
0.815335 
0.791173 
0.768905 
0.755200 
0.749515 
0.745879 
0.742818 
0.738861 
0.732533 
0.713203 
0.677319 
0.634034 
0.592499 
0.561867 
0.539189 
0.517115 
0.498194 
0.484973 
0.480000 
0.480000 
0.480000 
0.480000 
0.480000 
0.480000 
0.481109 
0.483755 
0.486912 
0.489557 
0.490667 
0.481237 
0.458752 
0.431915 
0.409429 
0.400000 
0.400000 
0.400000 
0.400000 
0.400000 
0.400000 
0.400000 
0.400000 
0.400000 
0.400000 
0.400000 
0.438458 
0.536738 
0.669203 
0.810214 
0.934133 
1.058052 
1.199063 
1.331529 
1.429809 
1.468267 
1.360418 
1.101990 
0.790659 
0.524104 
0.400000 
0.381449 
0.366597 
0.355687 
0.348962 
0.346667 
0.346667 
0.346667 
0.346667 
0.346667 
0.346667 
0.331219 
0.294383 
0.250417 
0.213581 
0.198133 
0.224674 
0.287964 
0.363503 
0.426793 
0.453333 
0.453333 
0.453333 
0.453333 
0.453333 
0.453333 
0.453333 
0.453333 
0.453333 
0.453333 
0.453333 
0.449113 
0.437503 
0.420084 
0.398434 
0.374133 
0.326647 
0.249710 
0.166303 
0.099406 
0.072000 
0.072000 
0.072000 
0.072000 
0.072000 
0.072000 
0.072000 
0.072000 
0.072000 
0.072000 
0.072000 
0.072000 
0.072000 
0.072000 
0.072000 
0.072000 
0.072000 
0.072000 
0.072000 
0.072000 
0.072000 
0.072000 
0.072000 
0.072000 
0.072000 
0.072000 
0.072000 
0.072000 
0.072000 
0.072000 
0.072000 
0.072000 
0.072000 
0.072000 
0.072000 
0.072000 
0.072000 
0.072000 
0.072000 
0.072000 
0.072000 
0.093183 
0.145522 
0.212204 
0.276412 
0.321333 
0.349955 
0.375814 
0.397922 
0.415292 
0.426933 
0.435086 
0.442309 
0.448096 
0.451939 
0.453333 
0.453333 
0.453333 
0.453333 
0.453333 
0.453333 
0.441095 
0.409577 
0.366579 
0.319898 
0.277333 
0.231718 
0.177762 
0.126082 
0.087289 
0.072000 
0.072000 
0.072000 
0.072000 
0.072000 
0.072000 
0.072000 
0.072000 
0.072000 
0.072000 
0.072000 
0.072000 
0.072000 
0.072000 
0.072000 
0.072000 
0.072000 
0.072000 
0.072000 
0.072000 
0.072000 
0.072000 
0.072000 
0.072000 
0.072000 
0.072000 
0.072000 
0.072000 
0.072000 
0.072000 
0.072000 
0.078209 
0.093796 
0.114198 
0.134853 
0.151200 
0.164801 
0.178909 
0.191497 
0.200536 
0.204000 
0.204000 
0.204000 
0.204000 
0.204000 
0.204000 
0.204000 
0.204000 
0.204000 
0.204000 
0.204000 
0.190272 
0.157536 
0.118464 
0.085728 
0.072000 
0.072000 
0.072000 
0.072000 
0.072000 
0.072000 
0.090191 
0.134553 
0.189765 
0.240509 
0.271467 
0.286865 
0.300509 
0.311440 
0.318700 
0.321333 
0.321333 
0.321333 
0.321333 
0.321333 
0.321333 
0.321333 
0.321333 
0.321333 
0.321333 
0.321333 
0.314791 
0.297716 
0.273940 
0.247291 
0.221600 
0.190723 
0.151707 
0.113170 
0.083729 
0.072000 
0.072000 
0.072000 
0.072000 
0.072000 
0.072000 
0.078209 
0.093796 
0.114198 
0.134853 
0.151200 
0.164801 
0.178909 
0.191497 
0.200536 
0.204000 
0.204000 
0.204000 
0.204000 
0.204000 
0.204000 
0.204000 
0.204000 
0.204000 
0.204000 
0.204000 
0.190272 
0.157536 
0.118464 
0.085728 
0.072000 
0.072000 
0.072000 
0.072000 
0.072000 
0.072000 
0.072000 
0.072000 
0.072000 
0.072000 
0.072000 
0.072000 
0.072000 
0.072000 
0.072000 
0.072000 
0.083729 
0.113170 
0.151707 
0.190723 
0.221600 
0.247291 
0.273940 
0.297716 
0.314791 
0.321333 
0.321333 
0.321333 
0.321333 
0.321333 
0.321333 
0.321333 
0.321333 
0.321333 
0.321333 
0.321333 
0.318700 
0.311440 
0.300509 
0.286865 
0.271467 
0.240509 
0.189765 
0.134553 
0.090191 
0.072000 
0.072000 
0.072000 
0.072000 
0.072000 
0.072000 
0.085728 
0.118464 
0.157536 
0.190272 
0.204000 
0.204000 
0.204000 
0.204000 
0.204000 
0.204000 
0.204000 
0.204000 
0.204000 
0.204000 
0.204000 
0.200536 
0.191497 
0.178909 
0.164801 
0.151200 
0.134853 
0.114198 
0.093796 
0.078209 
0.072000 
0.072000 
0.072000 
0.072000 
0.072000 
0.072000 
0.072000 
0.072000 
0.072000 
0.072000 
0.072000 
0.074633 
0.081894 
0.092824 
0.106468 
0.121867 
0.152824 
0.203568 
0.258781 
0.303142 
0.321333 
0.321333 
0.321333 
0.321333 
0.321333 
0.321333 
0.321333 
0.321333 
0.321333 
0.321333 
0.321333 
0.321333 
0.321333 
0.321333 
0.321333 
0.321333 
0.303142 
0.258781 
0.203568 
0.152824 
0.121867 
0.106468 
0.092824 
0.081894 
0.074633 
0.072000 
0.072000 
0.072000 
0.072000 
0.072000 
0.072000 
0.072000 
0.072000 
0.072000 
0.072000 
0.072000 
0.072000 
0.072000 
0.072000 
0.072000 
0.072000 
0.072000 
0.072000 
0.072000 
0.072000 
0.072000 
0.072000 
0.072000 
0.072000 
0.072000 
0.072000 
0.073394 
0.077238 
0.083025 
0.090248 
0.098400 
0.114789 
0.141654 
0.170884 
0.194369 
0.204000 
0.204000 
0.204000 
0.204000 
0.204000 
0.204000 
0.204000 
0.204000 
0.204000 
0.204000 
0.204000 
0.221694 
0.263887 
0.314246 
0.356439 
0.374133 
0.368642 
0.355548 
0.339919 
0.326825 
0.321333 
0.321333 
0.321333 
0.321333 
0.321333 
0.321333 
0.321333 
0.321333 
0.321333 
0.321333 
0.321333 
0.309605 
0.280163 
0.241626 
0.202611 
0.171733 
0.146042 
0.119393 
0.095617 
0.078543 
0.072000 
0.072000 
0.072000 
0.072000 
0.072000 
0.072000 
0.072000 
0.072000 
0.072000 
0.072000 
0.072000 
0.072000 
0.072000 
0.072000 
0.072000 
0.072000 
0.073394 
0.077238 
0.083025 
0.090248 
0.098400 
0.114789 
0.141654 
0.170884 
0.194369 
0.204000 
0.204000 
0.204000 
0.204000 
0.204000 
0.204000 
0.204000 
0.204000 
0.204000 
0.204000 
0.204000 
0.195763 
0.176122 
0.152678 
0.133037 
0.124800 
0.137672 
0.169282 
0.209122 
0.246687 
0.271467 
0.286180 
0.299737 
0.310925 
0.318529 
0.321333 
0.321333 
0.321333 
0.321333 
0.321333 
0.321333 
0.321333 
0.321333 
0.321333 
0.321333 
0.321333 
0.314791 
0.297716 
0.273940 
0.247291 
0.221600 
0.190723 
0.151707 
0.113170 
0.083729 
0.072000 
0.072000 
0.072000 
0.072000 
0.072000 
0.072000 
0.072000 
0.072000 
0.072000 
0.072000 
0.072000 
0.072000 
0.072000 
0.072000 
0.072000 
0.072000 
0.072000 
0.072000 
0.072000 
0.072000 
0.072000 
0.072000 
0.072000 
0.072000 
0.072000 
0.072000 
0.072000 
0.072000 
0.072000 
0.072000 
0.072000 
0.072000 
0.072000 
0.072000 
0.072000 
0.072000 
0.072000 
0.072000 
0.072000 
0.072000 
0.072000 
0.081631 
0.105116 
0.134346 
0.161211 
0.177600 
0.185752 
0.192975 
0.198762 
0.202606 
0.204000 
0.204000 
0.204000 
0.204000 
0.204000 
0.204000 
0.202606 
0.198762 
0.192975 
0.185752 
0.177600 
0.161211 
0.134346 
0.105116 
0.081631 
0.072000 
0.072000 
0.072000 
0.072000 
0.072000 
0.072000 
0.072000 
0.072000 
0.072000 
0.072000 
0.072000 
0.072000 
0.072000 
0.072000 
0.072000 
0.072000 
0.072000 
0.072000 
0.072000 
0.072000 
0.072000 
0.092245 
0.140523 
0.198144 
0.246421 
0.266667 
0.266667 
0.266667 
0.266667 
0.266667 
0.266667 
0.267921 
0.271070 
0.275191 
0.279364 
0.282667 
0.284794 
0.286403 
0.288015 
0.290151 
0.293333 
0.302857 
0.321518 
0.346083 
0.373321 
0.400000 
0.432403 
0.473050 
0.513070 
0.543589 
0.555733 
0.547497 
0.527855 
0.504412 
0.484770 
0.476533 
0.503190 
0.567747 
0.647082 
0.718073 
0.757600 
0.772777 
0.785703 
0.795735 
0.802226 
0.804533 
0.799625 
0.787919 
0.773948 
0.762242 
0.757333 
0.760380 
0.769459 
0.784482 
0.805359 
0.832000 
1.463893 
2.928064 
4.665728 
6.118101 
6.726400 
6.070257 
4.505609 
2.638125 
1.073476 
0.417333 
0.451683 
0.540040 
0.660369 
0.790635 
0.908800 
1.034176 
1.181636 
1.322488 
1.428040 
1.469600 
1.361274 
1.102957 
0.794643 
0.536326 
0.428000 
0.428000 
0.428000 
0.428000 
0.428000 
0.428000 
0.437623 
0.460572 
0.487962 
0.510910 
0.520533 
0.519038 
0.514853 
0.508428 
0.500216 
0.490667 
0.467584 
0.427098 
0.382154 
0.345696 
0.330667 
0.353463 
0.407825 
0.472708 
0.527070 
0.549867 
0.537815 
0.507782 
0.468948 
0.430494 
0.401600 
0.381279 
0.362636 
0.345995 
0.331675 
0.320000 
0.309560 
0.299482 
0.290890 
0.284910 
0.282667 
0.282667 
0.282667 
0.282667 
0.282667 
0.282667 
0.284361 
0.289156 
0.296625 
0.306338 
0.317867 
0.344580 
0.392941 
0.452158 
0.511442 
0.560000 
0.599923 
0.638950 
0.674762 
0.705041 
0.727467 
0.742228 
0.752889 
0.762196 
0.772895 
0.787733 
0.813133 
0.849382 
0.890024 
0.928604 
0.958667 
0.980479 
0.999339 
1.016332 
1.032546 
1.049067 
1.066053 
1.082802 
1.099112 
1.114779 
1.129600 
1.145483 
1.162633 
1.178296 
1.189715 
1.194133 
1.158021 
1.069765 
0.959485 
0.857301 
0.793333 
0.762125 
0.737043 
0.716445 
0.698690 
0.682133 
0.664944 
0.647745 
0.632581 
0.621496 
0.616533 
0.615522 
0.614835 
0.614335 
0.613880 
0.613333 
0.612591 
0.611746 
0.610953 
0.610364 
0.610133 
0.610609 
0.611976 
0.614145 
0.617027 
0.620533 
0.633996 
0.660620 
0.691126 
0.716235 
0.726667 
0.726667 
0.726667 
0.726667 
0.726667 
0.726667 
0.726667 
0.726667 
0.726667 
0.726667 
0.726667 
0.720167 
0.704096 
0.683595 
0.663804 
0.649867 
0.640449 
0.631439 
0.623804 
0.618512 
0.616533 
0.620250 
0.630030 
0.643818 
0.659559 
0.675200 
0.695361 
0.721883 
0.748537 
0.769096 
0.777333 
0.776557 
0.774705 
0.772495 
0.770643 
0.769867 
0.779074 
0.801030 
0.827236 
0.849193 
0.858400 
0.826534 
0.750547 
0.659853 
0.583866 
0.552000 
0.552000 
0.552000 
0.552000 
0.552000 
0.552000 
0.549858 
0.543909 
0.534871 
0.523462 
0.510400 
0.483758 
0.439257 
0.389092 
0.345453 
0.320533 
0.310349 
0.302421 
0.296199 
0.291131 
0.286667 
0.283169 
0.280748 
0.278477 
0.275426 
0.270667 
0.246215 
0.196471 
0.139088 
0.091714 
0.072000 
0.072000 
0.072000 
0.072000 
0.072000 
0.072000 
0.072000 
0.072000 
0.072000 
0.072000 
0.072000 
0.072000 
0.072000 
0.072000 
0.072000 
0.072000 
0.072000 
0.072000 
0.072000 
0.072000 
0.072000 
0.072000 
0.072000 
0.072000 
0.072000 
0.072000 
0.085728 
0.118464 
0.157536 
0.190272 
0.204000 
0.204000 
0.204000 
0.204000 
0.204000 
0.204000 
0.204000 
0.204000 
0.204000 
0.204000 
0.204000 
0.201043 
0.193018 
0.181190 
0.166829 
0.151200 
