0.062667 
0.062667 
0.062667 
0.062667 
0.062667 
0.062667 
0.062667 
0.062667 
0.062667 
0.062667 
0.062667 
0.062667 
0.062667 
0.062667 
0.062667 
0.062667 
0.062667 
0.062667 
0.062667 
0.062667 
0.081053 
0.125888 
0.181691 
0.232978 
0.264267 
0.279830 
0.293620 
0.304667 
0.312006 
0.314667 
0.314667 
0.314667 
0.314667 
0.314667 
0.314667 
0.314667 
0.314667 
0.314667 
0.314667 
0.314667 
0.308054 
0.290797 
0.266767 
0.239833 
0.213867 
0.182659 
0.143226 
0.104277 
0.074521 
0.062667 
0.062667 
0.062667 
0.062667 
0.062667 
0.062667 
0.062667 
0.062667 
0.062667 
0.062667 
0.062667 
0.062667 
0.062667 
0.062667 
0.062667 
0.062667 
0.062667 
0.062667 
0.062667 
0.062667 
0.062667 
0.062667 
0.062667 
0.062667 
0.062667 
0.062667 
0.062667 
0.062667 
0.062667 
0.062667 
0.062667 
0.062667 
0.062667 
0.062667 
0.062667 
0.062667 
0.062667 
0.062667 
0.062667 
0.062667 
0.062667 
0.062667 
0.062667 
0.062667 
0.062667 
0.062667 
0.062667 
0.062667 
0.062667 
0.062667 
0.062667 
0.062667 
0.062667 
0.062667 
0.062667 
0.062667 
0.062667 
0.062667 
0.062667 
0.062667 
0.062667 
0.062667 
0.062667 
0.062667 
0.062667 
0.062667 
0.062667 
0.062667 
0.062667 
0.062667 
0.062667 
0.088875 
0.151371 
0.225963 
0.288459 
0.314667 
0.314667 
0.314667 
0.314667 
0.314667 
0.314667 
0.314667 
0.314667 
0.314667 
0.314667 
0.314667 
0.314667 
0.314667 
0.314667 
0.314667 
0.314667 
0.311907 
0.304980 
0.295912 
0.286732 
0.279467 
0.273422 
0.267151 
0.261557 
0.257539 
0.256000 
0.256000 
0.256000 
0.256000 
0.256000 
0.256000 
0.256000 
0.256000 
0.256000 
0.256000 
0.256000 
0.246906 
0.224077 
0.194195 
0.163942 
0.140000 
0.120079 
0.099415 
0.080979 
0.067740 
0.062667 
0.062667 
0.062667 
0.062667 
0.062667 
0.062667 
0.062667 
0.062667 
0.062667 
0.062667 
0.062667 
0.062667 
0.062667 
0.062667 
0.062667 
0.062667 
0.062667 
0.062667 
0.062667 
0.062667 
0.062667 
0.062667 
0.062667 
0.062667 
0.062667 
0.062667 
0.062667 
0.062667 
0.062667 
0.062667 
0.062667 
0.065048 
0.071826 
0.082453 
0.096383 
0.113067 
0.165582 
0.264956 
0.377565 
0.469787 
0.508000 
0.508000 
0.508000 
0.508000 
0.508000 
0.508000 
0.508000 
0.508000 
0.508000 
0.508000 
0.508000 
0.508000 
0.508000 
0.508000 
0.508000 
0.508000 
0.469787 
0.377565 
0.264956 
0.165582 
0.113067 
0.096383 
0.082453 
0.071826 
0.065048 
0.062667 
0.062667 
0.062667 
0.062667 
0.062667 
0.062667 
0.062667 
0.062667 
0.062667 
0.062667 
0.062667 
0.062667 
0.062667 
0.062667 
0.062667 
0.062667 
0.062667 
0.062667 
0.062667 
0.062667 
0.062667 
0.062667 
0.062667 
0.062667 
0.062667 
0.062667 
0.062667 
0.062667 
0.062667 
0.062667 
0.062667 
0.062667 
0.062667 
0.062667 
0.062667 
0.062667 
0.065328 
0.072666 
0.083714 
0.097503 
0.113067 
0.144355 
0.195642 
0.251445 
0.296281 
0.314667 
0.314667 
0.314667 
0.314667 
0.314667 
0.314667 
0.314667 
0.314667 
0.314667 
0.314667 
0.314667 
0.314667 
0.314667 
0.314667 
0.314667 
0.314667 
0.296281 
0.251445 
0.195642 
0.144355 
0.113067 
0.097503 
0.083714 
0.072666 
0.065328 
0.062667 
0.062667 
0.062667 
0.062667 
0.062667 
0.062667 
0.062667 
0.062667 
0.062667 
0.062667 
0.062667 
0.062667 
0.062667 
0.062667 
0.062667 
0.062667 
0.062667 
0.062667 
0.062667 
0.062667 
0.062667 
0.062667 
0.062667 
0.062667 
0.062667 
0.062667 
0.062667 
0.062667 
0.062667 
0.062667 
0.062667 
0.062667 
0.062667 
0.062667 
0.062667 
0.062667 
0.064708 
0.070338 
0.078814 
0.089393 
0.101333 
0.120444 
0.150005 
0.185477 
0.222321 
0.256000 
0.287427 
0.319630 
0.351239 
0.380886 
0.407200 
0.433166 
0.460100 
0.484131 
0.501388 
0.508000 
0.505958 
0.500329 
0.491853 
0.481274 
0.469333 
0.447762 
0.413280 
0.374118 
0.338504 
0.314667 
0.302274 
0.293720 
0.286321 
0.277397 
0.264267 
0.232978 
0.181691 
0.125888 
0.081053 
0.062667 
0.062667 
0.062667 
0.062667 
0.062667 
0.062667 
0.062667 
0.062667 
0.062667 
0.062667 
0.062667 
0.062667 
0.062667 
0.062667 
0.062667 
0.062667 
0.062667 
0.062667 
0.062667 
0.062667 
0.062667 
0.062667 
0.062667 
0.062667 
0.062667 
0.062667 
0.062667 
0.062667 
0.062667 
0.062667 
0.062667 
0.062667 
0.062667 
0.062667 
0.062667 
0.062667 
0.067369 
0.080337 
0.099861 
0.124230 
0.151733 
0.207026 
0.297660 
0.396275 
0.475508 
0.508000 
0.508000 
0.508000 
0.508000 
0.508000 
0.508000 
0.508000 
0.508000 
0.508000 
0.508000 
0.508000 
0.506211 
0.501086 
0.492990 
0.482284 
0.469333 
0.426178 
0.342359 
0.244492 
0.159189 
0.113067 
0.096522 
0.082610 
0.071930 
0.065082 
0.062667 
0.062667 
0.062667 
0.062667 
0.062667 
0.062667 
0.062667 
0.062667 
0.062667 
0.062667 
0.062667 
0.062667 
0.062667 
0.062667 
0.062667 
0.062667 
0.062667 
0.062667 
0.062667 
0.062667 
0.062667 
0.062667 
0.062667 
0.062667 
0.062667 
0.062667 
0.062667 
0.062667 
0.062667 
0.062667 
0.062667 
0.062667 
0.062667 
0.062667 
0.062667 
0.062667 
0.064708 
0.070338 
0.078814 
0.089393 
0.101333 
0.121432 
0.152968 
0.189921 
0.226271 
0.256000 
0.278235 
0.297445 
0.315617 
0.334740 
0.356800 
0.388008 
0.427441 
0.466390 
0.496146 
0.508000 
0.505958 
0.500329 
0.491853 
0.481274 
0.469333 
0.445329 
0.405982 
0.363170 
0.328772 
0.314667 
0.314667 
0.314667 
0.314667 
0.314667 
0.314667 
0.288459 
0.225963 
0.151371 
0.088875 
0.062667 
0.062667 
0.062667 
0.062667 
0.062667 
0.062667 
0.062667 
0.062667 
0.062667 
0.062667 
0.062667 
0.062667 
0.062667 
0.062667 
0.062667 
0.062667 
0.062667 
0.062667 
0.062667 
0.062667 
0.062667 
0.062667 
0.062667 
0.062667 
0.062667 
0.062667 
0.067740 
0.080979 
0.099415 
0.120079 
0.140000 
0.163942 
0.194195 
0.224077 
0.246906 
0.256000 
0.256000 
0.256000 
0.256000 
0.256000 
0.256000 
0.258947 
0.266856 
0.278332 
0.291979 
0.306400 
0.328503 
0.360469 
0.393809 
0.420038 
0.430667 
0.418603 
0.389835 
0.355499 
0.326731 
0.314667 
0.314667 
0.314667 
0.314667 
0.314667 
0.314667 
0.314667 
0.314667 
0.314667 
0.314667 
0.314667 
0.296281 
0.251445 
0.195642 
0.144355 
0.113067 
0.097503 
0.083714 
0.072666 
0.065328 
0.062667 
0.062667 
0.062667 
0.062667 
0.062667 
0.062667 
0.062667 
0.062667 
0.062667 
0.062667 
0.062667 
0.062667 
0.062667 
0.062667 
0.062667 
0.062667 
0.062667 
0.062667 
0.062667 
0.062667 
0.062667 
0.062667 
0.062667 
0.062667 
0.062667 
0.062667 
0.062667 
0.062667 
0.062667 
0.062667 
0.062667 
0.062667 
0.062667 
0.062667 
0.062667 
0.062667 
0.069279 
0.086536 
0.110567 
0.137501 
0.163467 
0.194674 
0.234107 
0.273056 
0.302813 
0.314667 
0.314667 
0.314667 
0.314667 
0.314667 
0.314667 
0.314667 
0.314667 
0.314667 
0.314667 
0.314667 
0.334773 
0.382720 
0.439947 
0.487893 
0.508000 
0.481792 
0.419296 
0.344704 
0.282208 
0.256000 
0.256000 
0.256000 
0.256000 
0.256000 
0.256000 
0.256000 
0.256000 
0.256000 
0.256000 
0.256000 
0.235893 
0.187947 
0.130720 
0.082773 
0.062667 
0.062667 
0.062667 
0.062667 
0.062667 
0.062667 
0.062667 
0.062667 
0.062667 
0.062667 
0.062667 
0.062667 
0.062667 
0.062667 
0.062667 
0.062667 
0.062667 
0.062667 
0.062667 
0.062667 
0.062667 
0.062667 
0.062667 
0.062667 
0.062667 
0.062667 
0.062667 
0.062667 
0.062667 
0.062667 
0.062667 
0.062667 
0.062667 
0.062667 
0.062667 
0.062667 
0.072291 
0.097727 
0.133817 
0.175405 
0.217333 
0.273406 
0.348722 
0.425068 
0.484231 
0.508000 
0.508000 
0.508000 
0.508000 
0.508000 
0.508000 
0.508000 
0.508000 
0.508000 
0.508000 
0.508000 
0.497370 
0.469922 
0.432323 
0.391239 
0.353333 
0.315981 
0.274595 
0.232898 
0.194614 
0.163467 
0.136127 
0.109022 
0.085506 
0.068936 
0.062667 
0.062667 
0.062667 
0.062667 
0.062667 
0.062667 
0.062667 
0.062667 
0.062667 
0.062667 
0.062667 
0.062667 
0.062667 
0.062667 
0.062667 
0.062667 
0.062667 
0.062667 
0.062667 
0.062667 
0.062667 
0.062667 
0.062667 
0.062667 
0.062667 
0.062667 
0.076772 
0.111170 
0.153982 
0.193329 
0.217333 
0.227303 
0.233941 
0.239460 
0.246076 
0.256000 
0.275737 
0.306478 
0.342471 
0.377963 
0.407200 
0.433166 
0.460100 
0.484131 
0.501388 
0.508000 
0.493894 
0.459497 
0.416685 
0.377338 
0.353333 
0.342793 
0.335015 
0.328640 
0.322310 
0.314667 
0.306404 
0.298366 
0.289419 
0.278430 
0.264267 
0.232978 
0.181691 
0.125888 
0.081053 
0.062667 
0.062667 
0.062667 
0.062667 
0.062667 
0.062667 
0.062667 
0.062667 
0.062667 
0.062667 
0.062667 
0.062667 
0.062667 
0.062667 
0.062667 
0.062667 
0.062667 
0.062667 
0.062667 
0.062667 
0.062667 
0.076772 
0.111170 
0.153982 
0.193329 
0.217333 
0.229274 
0.239853 
0.248329 
0.253958 
0.256000 
0.256000 
0.256000 
0.256000 
0.256000 
0.256000 
0.256000 
0.256000 
0.256000 
0.256000 
0.256000 
0.255639 
0.254780 
0.253754 
0.252894 
0.252533 
0.258995 
0.274404 
0.292796 
0.308205 
0.314667 
0.314667 
0.314667 
0.314667 
0.314667 
0.314667 
0.314667 
0.314667 
0.314667 
0.314667 
0.314667 
0.312006 
0.304667 
0.293620 
0.279830 
0.264267 
0.232978 
0.181691 
0.125888 
0.081053 
0.062667 
0.062667 
0.062667 
0.062667 
0.062667 
0.062667 
0.062667 
0.062667 
0.062667 
0.062667 
0.062667 
0.062667 
0.062667 
0.062667 
0.062667 
0.062667 
0.065305 
0.072180 
0.081737 
0.092418 
0.102667 
0.112979 
0.124535 
0.136801 
0.149245 
0.161333 
0.172985 
0.184555 
0.196166 
0.207940 
0.220000 
0.234492 
0.251343 
0.267349 
0.279303 
0.284000 
0.260981 
0.206091 
0.140576 
0.085685 
0.062667 
0.081053 
0.125888 
0.181691 
0.232978 
0.264267 
0.279830 
0.293620 
0.304667 
0.312006 
0.314667 
0.314667 
0.314667 
0.314667 
0.314667 
0.314667 
0.314667 
0.314667 
0.314667 
0.314667 
0.314667 
0.308054 
0.290797 
0.266767 
0.239833 
0.213867 
0.182659 
0.143226 
0.104277 
0.074521 
0.062667 
0.067740 
0.080979 
0.099415 
0.120079 
0.140000 
0.163942 
0.194195 
0.224077 
0.246906 
0.256000 
0.256000 
0.256000 
0.256000 
0.256000 
0.256000 
0.256000 
0.256000 
0.256000 
0.256000 
0.256000 
0.249885 
0.234562 
0.214562 
0.194420 
0.178667 
0.165825 
0.152627 
0.140916 
0.132536 
0.129333 
0.131384 
0.136979 
0.145282 
0.155457 
0.166667 
0.184660 
0.211816 
0.242241 
0.270044 
0.289333 
0.300385 
0.308588 
0.315718 
0.323552 
0.333867 
0.351246 
0.375247 
0.400105 
0.420055 
0.429333 
0.430916 
0.431869 
0.432564 
0.433373 
0.434667 
0.436494 
0.438903 
0.442266 
0.446952 
0.453333 
0.582589 
0.880182 
1.232907 
1.527559 
1.650933 
1.605258 
1.489033 
1.333459 
1.169736 
1.029067 
0.895140 
0.747058 
0.609139 
0.505702 
0.461067 
0.454590 
0.449457 
0.445722 
0.443440 
0.442667 
0.444891 
0.451473 
0.462275 
0.477163 
0.496000 
0.712159 
1.197586 
1.769999 
2.247120 
2.446667 
2.240312 
1.746451 
1.152888 
0.647425 
0.417867 
0.391483 
0.370513 
0.355215 
0.345847 
0.342667 
0.343807 
0.346942 
0.351640 
0.357470 
0.364000 
0.372101 
0.383417 
0.398684 
0.418634 
0.444000 
0.494746 
0.586873 
0.715174 
0.874441 
1.059467 
1.435716 
2.049368 
2.716281 
3.252316 
3.473333 
3.475250 
3.476743 
3.477811 
3.478453 
3.478667 
3.471813 
3.452345 
3.421905 
3.382132 
3.334667 
3.234433 
3.052110 
2.812969 
2.542286 
2.265333 
1.897890 
1.414546 
0.928791 
0.554113 
0.404000 
0.404000 
0.404000 
0.404000 
0.404000 
0.404000 
0.397344 
0.381472 
0.362528 
0.346656 
0.340000 
0.345013 
0.357449 
0.373405 
0.388979 
0.400267 
0.406530 
0.410807 
0.414860 
0.420448 
0.429333 
0.470641 
0.565491 
0.703633 
0.874819 
1.068800 
1.447601 
2.058826 
2.720597 
3.251036 
3.468267 
3.461487 
3.443780 
3.419088 
3.391358 
3.364533 
3.341642 
3.319603 
3.293196 
3.257201 
3.206400 
2.875049 
2.169679 
1.343477 
0.649633 
0.341333 
0.313090 
0.290759 
0.274551 
0.264672 
0.261333 
0.264661 
0.272597 
0.282069 
0.290005 
0.293333 
0.292224 
0.289579 
0.286421 
0.283776 
0.282667 
0.285040 
0.291281 
0.300068 
0.310081 
0.320000 
0.332107 
0.347563 
0.363366 
0.376512 
0.384000 
0.386865 
0.388632 
0.390034 
0.391802 
0.394667 
0.403663 
0.419828 
0.437894 
0.452596 
0.458667 
0.455616 
0.448341 
0.439659 
0.432384 
0.429333 
0.437690 
0.459599 
0.490315 
0.525097 
0.559200 
0.598030 
0.645530 
0.694761 
0.738786 
0.770667 
0.794163 
0.816213 
0.834649 
0.847301 
0.852000 
0.851054 
0.848415 
0.844382 
0.839255 
0.833333 
0.824315 
0.810018 
0.790924 
0.767513 
0.740267 
0.691570 
0.615851 
0.531654 
0.457522 
0.412000 
0.387935 
0.366753 
0.349871 
0.338704 
0.334667 
0.334667 
0.334667 
0.334667 
0.334667 
0.334667 
0.327733 
0.311200 
0.291467 
0.274933 
0.268000 
0.268753 
0.270634 
0.273071 
0.275494 
0.277333 
0.278757 
0.280188 
0.281441 
0.282329 
0.282667 
0.281973 
0.280320 
0.278347 
0.276693 
0.276000 
0.281338 
0.295001 
0.313462 
0.333193 
0.350667 
0.364822 
0.378012 
0.391830 
0.407873 
0.427733 
0.462973 
0.514754 
0.569075 
0.611935 
0.629333 
0.629333 
0.629333 
0.629333 
0.629333 
0.629333 
0.640423 
0.667467 
0.701126 
0.732061 
0.750933 
0.760321 
0.768638 
0.775302 
0.779728 
0.781333 
0.760367 
0.710370 
0.650697 
0.600700 
0.579733 
0.594598 
0.630046 
0.672354 
0.707802 
0.722667 
0.719378 
0.710795 
0.698843 
0.685448 
0.672533 
0.657012 
0.637400 
0.618028 
0.603229 
0.597333 
0.599691 
0.605312 
0.612021 
0.617643 
0.620000 
0.594901 
0.535051 
0.463616 
0.403765 
0.378667 
0.379221 
0.380544 
0.382123 
0.383445 
0.384000 
0.374213 
0.350137 
0.319702 
0.290836 
0.271467 
0.260454 
0.251171 
0.243314 
0.236580 
0.230667 
0.226054 
0.222699 
0.219517 
0.215423 
0.209333 
0.189312 
0.152343 
0.110717 
0.076728 
0.062667 
0.062667 
0.062667 
0.062667 
0.062667 
0.062667 
0.062667 
0.062667 
0.062667 
0.062667 
0.062667 
0.062667 
0.062667 
0.062667 
0.062667 
0.062667 
0.062667 
0.062667 
0.062667 
0.062667 
0.062667 
0.062667 
0.062667 
0.062667 
0.062667 
0.062667 
0.062667 
0.062667 
0.062667 
0.062667 
0.062667 
0.062667 
0.062667 
0.062667 
0.062667 
0.062667 
0.062667 
0.062667 
0.062667 
0.062667 
0.062667 
0.062667 
0.062667 
0.062667 
0.062667 
0.062667 
0.062667 
0.062667 
0.062667 
0.062667 
0.062667 
0.062667 
0.062667 
0.062667 
0.062667 
0.062667 
0.062667 
0.062667 
0.062667 
0.062667 
0.062667 
0.062667 
0.062667 
0.062667 
0.062667 
0.062667 
0.088875 
0.151371 
0.225963 
0.288459 
0.314667 
0.314667 
0.314667 
0.314667 
0.314667 
0.314667 
0.314667 
0.314667 
0.314667 
0.314667 
0.314667 
0.318484 
0.327666 
0.338806 
0.348498 
0.353333 
0.354508 
0.355470 
0.356191 
0.356643 
0.356800 
0.346317 
0.321318 
0.291482 
0.266483 
0.256000 
0.256000 
0.256000 
0.256000 
0.256000 
0.256000 
0.253958 
0.248329 
0.239853 
0.229274 
0.217333 
0.193329 
0.153982 
0.111170 
0.076772 
0.062667 
0.062667 
0.062667 
0.062667 
0.062667 
0.062667 
