0.000000 
0.000000 
0.000000 
0.000000 
0.000000 
0.000000 
0.000000 
0.000000 
0.000000 
0.000000 
0.000000 
0.000000 
0.000000 
0.000000 
0.000000 
0.000000 
0.000000 
0.000000 
0.000000 
0.000000 
0.000000 
0.000000 
0.000000 
0.000000 
0.000000 
0.000000 
0.000000 
0.000000 
0.000000 
0.000000 
0.000000 
0.000000 
0.000000 
0.000000 
0.000000 
0.000000 
0.000000 
0.000000 
0.000000 
0.000000 
0.000000 
0.000000 
0.000000 
0.000000 
0.000000 
0.000000 
0.000000 
0.000000 
0.000000 
0.000000 
0.000000 
0.000000 
0.000000 
0.000000 
0.000000 
0.000000 
0.000000 
0.000000 
0.000000 
0.000000 
0.000000 
0.000000 
0.000000 
0.000000 
0.000000 
0.000000 
0.000000 
0.000000 
0.000000 
0.000000 
0.000000 
0.000000 
0.000000 
0.000000 
0.000000 
0.000000 
0.000000 
0.000000 
0.000000 
0.000000 
0.000000 
0.000000 
0.000000 
0.000000 
0.000000 
0.000000 
0.000000 
0.000000 
0.000000 
0.000000 
0.000000 
0.000000 
0.000000 
0.000000 
0.000000 
0.000000 
0.000000 
0.000000 
0.000000 
0.000000 
0.000000 
0.000000 
0.000000 
0.000000 
0.000000 
0.000000 
0.000000 
0.000000 
0.000000 
0.000000 
0.000000 
0.000000 
0.000000 
0.000000 
0.000000 
0.000000 
0.000000 
0.000000 
0.000000 
0.000000 
0.000000 
0.000000 
0.000000 
0.000000 
0.000000 
0.000000 
0.000000 
0.000000 
0.000000 
0.000000 
0.000000 
0.000000 
0.000000 
0.000000 
0.000000 
0.000000 
0.000000 
0.000000 
0.000000 
0.000000 
0.000000 
0.000000 
0.000000 
0.000000 
0.000000 
0.000000 
0.000000 
0.000000 
0.000000 
0.000000 
0.000000 
0.000000 
0.000000 
0.000000 
0.000000 
0.000000 
0.000000 
0.000000 
0.000000 
0.000000 
0.000000 
0.000000 
0.000000 
0.000000 
0.000000 
0.000000 
0.000000 
0.000000 
0.000000 
0.000000 
0.000000 
0.000000 
0.000000 
0.000000 
0.000000 
0.000000 
0.000000 
0.000000 
0.000000 
0.000000 
0.000000 
0.000000 
0.000000 
0.000000 
0.000000 
0.000000 
0.000000 
0.000000 
0.000000 
0.000000 
0.000000 
0.000000 
0.000000 
0.000000 
0.000000 
0.000000 
0.000000 
0.000000 
0.000000 
0.000000 
0.000000 
0.000000 
0.000000 
0.000000 
0.000000 
0.000000 
0.000000 
0.000000 
0.000000 
0.000000 
0.000000 
0.000000 
0.000000 
0.000000 
0.000000 
0.000000 
0.000000 
0.000000 
0.000000 
0.000000 
0.000000 
0.000000 
0.000000 
0.000000 
0.000000 
0.000000 
0.000000 
0.000000 
0.000000 
0.000000 
0.000000 
0.000000 
0.000000 
0.000000 
0.000000 
0.000000 
0.000000 
0.000000 
0.000000 
0.000000 
0.000000 
0.000000 
0.000000 
0.000000 
0.000000 
0.000000 
0.000000 
0.000000 
0.000000 
0.000000 
0.000000 
0.000000 
0.000000 
0.000000 
0.000000 
0.000000 
0.000000 
0.000000 
0.000000 
0.000000 
0.000000 
0.000000 
0.000000 
0.000000 
0.000000 
0.000000 
0.000000 
0.000000 
0.000000 
0.000000 
0.000000 
0.000000 
0.000000 
0.000000 
0.000000 
0.000000 
0.000000 
0.000000 
0.000000 
0.000000 
0.000000 
0.000000 
0.000000 
0.000000 
0.000000 
0.000000 
0.000000 
0.000000 
0.000000 
0.000000 
0.000000 
0.000000 
0.000000 
0.000000 
0.000000 
0.000000 
0.000000 
0.000000 
0.000000 
0.000000 
0.000000 
0.000000 
0.000000 
0.000000 
0.000000 
0.000000 
0.000000 
0.000000 
0.000000 
0.000000 
0.000000 
0.000000 
0.000000 
0.000000 
0.000000 
0.000000 
0.000000 
0.000000 
0.000000 
0.000000 
0.000000 
0.000000 
0.000000 
0.000000 
0.000000 
0.000000 
0.000000 
0.000000 
0.000000 
0.000000 
0.000000 
0.000000 
0.000000 
0.000000 
0.000000 
0.000000 
0.000000 
0.000000 
0.000000 
0.000000 
0.000000 
0.000000 
0.000000 
0.000000 
0.000000 
0.000000 
0.000000 
0.000000 
0.000000 
0.000000 
0.000000 
0.000000 
0.000000 
0.000000 
0.000000 
0.000000 
0.000000 
0.000000 
0.000000 
0.000000 
0.000000 
0.000000 
0.000000 
0.000000 
0.000000 
0.000000 
0.000000 
0.000000 
0.000000 
0.000000 
0.000000 
0.000000 
0.000000 
0.000000 
0.000000 
0.000000 
0.000000 
0.000000 
0.000000 
0.000000 
0.000000 
0.000000 
0.000000 
0.000000 
0.000000 
0.000000 
0.000000 
0.000000 
0.000000 
0.000000 
0.000000 
0.000000 
0.000000 
0.000000 
0.000000 
0.000000 
0.000000 
0.000000 
0.000000 
0.000000 
0.000000 
0.000000 
0.000000 
0.000000 
0.000000 
0.000000 
0.000000 
0.000000 
0.000000 
0.000000 
0.000000 
0.000000 
0.000000 
0.000000 
0.000000 
0.000000 
0.000000 
0.000000 
0.000000 
0.000000 
0.000000 
0.003441 
0.011219 
0.019766 
0.021216 
0.025420 
0.022427 
0.016933 
0.016800 
0.014388 
0.020992 
0.024113 
0.035611 
0.043020 
0.055958 
0.071026 
0.061062 
0.075573 
0.079095 
0.088015 
0.089460 
0.078320 
0.093731 
0.080193 
0.092361 
0.093629 
0.116784 
0.137491 
0.117845 
0.130299 
0.139375 
0.125153 
0.116673 
0.099989 
0.118183 
0.107477 
0.108110 
0.141380 
0.172794 
0.135584 
0.167741 
0.153480 
0.114811 
0.117668 
0.083522 
0.046826 
0.001697 
0.000000 
0.000000 
0.000000 
0.000000 
0.000000 
0.012507 
0.057060 
0.093396 
0.109656 
0.076969 
0.118279 
0.127384 
0.125460 
0.124317 
0.124860 
0.121724 
0.140559 
0.128666 
0.103173 
0.121900 
0.110602 
0.142336 
0.116171 
0.109980 
0.119007 
0.139966 
0.144377 
0.140334 
0.128982 
0.139983 
0.161365 
0.141070 
0.135648 
0.141773 
0.120902 
0.092208 
0.078467 
0.084700 
0.097584 
0.108466 
0.134864 
0.161700 
0.175722 
0.177180 
0.106786 
0.054373 
0.009532 
0.000000 
0.000000 
0.000000 
0.000000 
0.000000 
0.000000 
0.000000 
0.000000 
0.000000 
0.009910 
0.054117 
0.099026 
0.142671 
0.155544 
0.143873 
0.167187 
0.233465 
0.255574 
0.200037 
0.236701 
0.187356 
0.265483 
0.207498 
0.196214 
0.226945 
0.202965 
0.229516 
0.228495 
0.208369 
0.184232 
0.216891 
0.236749 
0.270598 
0.268290 
0.219958 
0.206493 
0.214814 
0.241547 
0.205698 
0.261928 
0.210135 
0.240253 
0.231223 
0.267802 
0.270798 
0.251811 
0.253181 
0.254960 
0.240100 
0.284102 
0.186806 
0.214041 
0.240210 
0.254000 
0.286434 
0.213471 
0.280657 
0.276964 
0.278664 
0.241532 
0.269864 
0.219318 
0.254901 
0.278582 
0.309034 
0.311749 
0.316241 
0.280911 
0.321716 
0.269813 
0.291461 
0.262626 
0.276191 
0.217095 
0.310850 
0.261577 
0.314907 
0.342521 
0.276643 
0.297375 
0.347867 
0.356565 
0.225445 
0.188133 
0.129904 
0.073526 
0.091563 
0.092452 
0.121664 
0.169525 
0.175080 
0.213689 
0.183696 
0.327803 
0.340853 
0.366501 
0.355600 
0.310778 
0.327638 
0.255135 
0.272054 
0.258189 
0.238572 
0.167208 
0.146758 
0.131266 
0.098258 
0.074870 
0.049085 
0.027431 
0.024186 
0.056981 
0.124490 
0.249833 
0.374311 
0.333596 
0.436864 
0.323619 
0.350761 
0.342122 
0.265851 
0.263284 
0.240433 
0.172697 
0.156909 
0.140679 
0.150225 
0.232947 
0.271028 
0.325137 
0.358329 
0.367804 
0.358312 
0.329395 
0.301643 
0.341011 
0.315849 
0.311279 
0.288854 
0.263451 
0.243710 
0.236200 
0.291480 
0.320174 
0.398306 
0.324608 
0.404271 
0.370070 
0.283787 
0.250791 
0.168762 
0.123468 
0.059096 
0.000000 
0.000000 
0.000000 
0.000000 
0.000000 
0.000000 
0.000000 
0.000000 
0.000000 
0.001379 
0.099651 
0.195929 
0.285965 
0.274357 
0.299506 
0.249889 
0.330517 
0.362185 
0.353804 
0.357098 
0.322293 
0.343122 
0.363449 
0.377669 
0.399485 
0.357198 
0.407044 
0.305547 
0.350459 
0.352841 
0.375860 
0.370189 
0.344223 
0.298110 
0.340716 
0.310730 
0.368886 
0.409736 
0.262704 
0.161533 
0.055676 
0.000000 
0.000000 
0.000000 
0.000000 
0.000000 
0.013963 
0.038023 
0.056792 
0.074260 
0.125759 
0.122513 
0.114240 
0.103687 
0.093706 
0.035185 
0.002594 
0.000000 
0.002640 
0.035318 
0.074513 
0.125908 
0.166362 
0.193076 
0.233072 
0.221353 
0.270471 
0.240062 
0.231401 
0.194653 
0.110894 
0.040186 
0.010553 
0.012188 
0.020375 
0.026397 
0.032524 
0.033722 
0.026076 
0.019993 
0.009684 
0.000558 
0.000000 
0.001427 
0.014663 
0.028092 
0.051335 
0.074005 
0.082628 
0.060660 
0.131142 
0.120575 
0.135268 
0.176401 
0.237636 
0.275331 
0.374023 
0.324212 
0.388141 
0.385028 
0.257761 
0.252095 
0.280198 
0.238600 
0.195758 
0.086735 
0.031902 
0.000000 
0.000000 
0.000000 
0.000000 
0.000000 
0.000000 
0.000000 
0.000000 
0.032405 
0.080184 
0.134813 
0.193643 
0.258069 
0.348353 
0.379766 
0.328121 
0.400012 
0.398719 
0.293810 
0.404128 
0.387681 
0.436017 
0.307552 
0.300702 
0.354568 
0.325931 
0.417769 
0.352377 
0.383146 
0.345547 
0.325971 
0.357856 
0.358367 
0.405422 
0.298631 
0.335563 
0.352356 
0.289083 
0.282277 
0.340456 
0.419715 
0.398682 
0.410710 
0.404652 
0.359991 
0.303084 
0.407114 
0.343152 
0.370720 
0.368983 
0.372199 
0.379801 
0.266179 
0.317953 
0.242280 
0.273213 
0.253316 
0.257980 
0.310331 
0.324489 
0.358452 
0.372794 
0.347327 
0.365228 
0.268865 
0.355385 
0.382443 
0.343997 
0.288878 
0.338874 
0.346813 
0.343728 
0.327211 
0.383095 
0.329404 
0.346994 
0.384352 
0.293107 
0.258678 
0.242776 
0.244180 
0.191339 
0.211174 
0.126949 
0.132024 
0.121881 
0.152544 
0.188738 
0.303303 
0.278999 
0.321233 
0.331794 
0.363644 
0.312036 
0.358980 
0.340168 
0.380461 
0.358120 
0.325057 
0.325138 
0.267960 
0.282162 
0.235354 
0.359274 
0.316810 
0.404054 
0.324082 
0.367980 
0.282870 
0.274083 
0.294639 
0.254933 
0.252062 
0.265652 
0.227259 
0.229239 
0.222150 
0.205611 
0.213129 
0.225198 
0.205485 
0.168948 
0.201076 
0.262270 
0.252115 
0.268661 
0.275408 
0.265803 
0.224555 
0.309802 
0.210296 
0.232896 
0.138283 
0.114767 
0.042973 
0.013415 
0.003140 
0.000000 
0.000000 
0.000000 
0.000000 
0.000000 
0.000000 
0.000000 
0.000000 
0.000000 
0.000000 
0.000000 
0.000000 
0.000000 
0.007274 
0.024671 
0.035101 
0.081560 
0.085773 
0.109743 
0.156470 
0.160292 
0.236074 
0.283643 
0.271865 
0.269722 
0.243924 
0.261585 
0.204863 
0.205354 
0.177935 
0.126733 
0.120651 
0.099311 
0.104093 
0.081798 
0.092263 
0.081705 
0.086670 
0.072929 
0.071363 
0.091124 
0.088664 
0.120576 
0.144603 
0.161825 
0.183809 
0.235388 
0.257849 
0.269422 
0.273032 
0.278689 
0.255304 
0.260837 
0.260322 
0.220986 
0.210588 
0.213762 
0.152506 
0.148748 
0.147219 
0.141799 
0.129918 
0.121178 
0.155300 
0.139533 
0.126133 
0.135070 
0.144338 
0.170233 
0.186443 
0.188533 
0.176566 
0.196154 
0.151448 
0.174449 
0.230837 
0.211833 
0.200086 
0.189723 
0.192952 
0.176643 
0.137718 
0.106882 
0.091433 
0.116849 
0.124208 
0.171010 
0.181791 
0.157205 
0.168640 
0.146336 
0.124947 
0.073128 
0.067737 
0.065189 
0.064984 
0.105168 
0.085026 
0.097420 
0.077369 
0.086937 
0.100708 
0.100998 
0.085040 
0.086201 
0.078699 
0.081481 
0.075589 
0.073072 
0.069738 
0.059153 
0.052757 
0.045013 
0.046299 
0.041514 
0.030393 
0.026888 
0.017146 
0.014108 
0.009330 
0.004970 
0.000294 
0.000000 
0.000000 
0.000000 
0.000000 
0.000000 
0.000000 
0.000000 
0.000000 
0.000000 
0.000000 
0.000000 
0.000000 
0.000000 
0.000000 
0.000000 
0.000000 
0.000000 
0.000000 
0.000000 
0.000000 
0.000000 
0.000000 
0.000000 
0.000000 
0.000000 
0.000000 
0.000000 
0.000000 
0.000000 
0.000000 
0.001363 
0.003405 
0.005078 
0.007934 
0.011812 
0.012240 
0.013728 
0.015964 
0.017580 
0.014283 
0.017220 
0.015885 
0.013192 
0.015465 
0.017114 
0.014349 
0.013947 
0.015189 
0.017373 
0.026634 
0.029374 
0.038994 
0.041717 
0.036222 
0.040723 
0.042285 
0.055553 
0.066580 
0.083772 
0.118408 
0.137422 
0.150070 
0.134599 
0.142517 
0.134747 
0.113897 
0.136508 
0.132808 
0.104160 
0.076242 
0.067203 
0.044745 
0.052858 
0.050331 
0.046657 
0.054511 
0.049211 
0.042515 
0.040447 
0.030076 
0.022464 
0.013170 
0.010237 
0.007115 
0.004658 
0.002896 
0.001543 
0.000239 
0.000000 
0.000000 
0.000000 
0.000000 
0.000000 
0.000000 
0.000905 
0.002447 
0.003426 
0.002758 
0.001805 
0.001080 
0.000183 
0.000000 
0.000000 
0.000000 
0.000000 
0.000000 
0.000000 
0.000000 
0.000473 
0.002031 
0.003393 
0.003328 
0.004081 
0.002805 
0.001559 
0.000000 
0.000000 
0.000000 
0.000000 
0.000000 
0.000000 
0.000000 
0.000000 
0.000000 
0.000000 
0.000000 
0.000000 
0.000000 
0.000000 
0.000000 
0.000000 
0.000000 
0.000000 
0.000000 
0.000000 
0.000000 
0.000000 
0.000000 
0.000000 
0.000000 
0.000000 
0.000000 
0.000000 
0.000000 
0.000000 
0.000000 
0.000000 
0.000000 
0.000000 
0.000000 
0.000000 
0.000000 
0.000000 
0.000000 
0.000000 
0.000000 
0.000000 
0.000000 
0.000000 
0.000000 
0.000000 
0.000000 
0.000000 
0.000000 
0.000000 
0.000000 
0.000000 
0.000000 
0.000000 
0.000000 
0.000000 
0.000000 
0.000000 
0.000000 
0.000000 
0.000000 
0.000000 
0.000000 
0.000000 
0.000000 
0.000000 
0.000000 
0.000000 
0.000000 
0.000000 
0.000000 
0.000000 
0.000000 
0.000000 
0.000000 
0.000000 
0.000000 
0.000000 
0.000000 
0.000000 
0.000000 
0.000000 
0.000000 
0.000000 
0.000000 
0.000000 
0.000000 
0.000000 
0.000000 
0.000000 
0.000000 
0.000000 
0.000000 
0.000000 
0.000000 
0.000000 
0.000000 
0.000000 
0.000000 
0.000000 
0.000000 
0.000000 
0.000000 
0.000000 
0.000000 
0.000000 
0.000000 
0.000000 
0.000000 
0.000000 
0.000000 
0.000000 
0.000000 
0.000000 
0.000000 
0.000000 
0.000000 
0.000000 
0.000000 
0.000000 
0.000000 
0.000000 
0.000000 
0.000000 
0.000000 
0.000000 
0.000000 
0.000000 
0.000000 
0.000000 
0.000000 
0.000000 
0.000000 
0.000000 
0.000000 
0.000000 
0.000000 
0.000000 
0.000000 
0.000000 
0.000000 
0.000000 
0.000000 
0.000000 
0.000000 
0.000000 
0.000000 
0.000000 
0.000000 
0.000000 
0.000000 
0.000000 
0.000000 
0.000000 
0.000000 
0.000000 
0.000000 
0.000000 
0.000000 
0.000000 
0.000000 
0.000000 
0.000000 
0.000000 
0.000000 
0.000000 
0.000000 
0.000000 
0.000000 
0.000000 
0.000000 
0.000000 
0.000000 
0.000000 
0.000000 
0.000000 
0.000000 
0.000000 
0.000000 
0.000000 
0.000000 
0.000000 
0.000000 
0.000000 
0.000000 
0.000000 
0.000000 
0.000000 
0.000000 
0.000000 
0.000000 
0.000000 
0.000000 
0.000000 
0.000000 
0.000000 
0.000000 
0.000000 
0.000000 
0.000000 
0.000000 
0.000000 
0.000000 
0.000000 
0.000000 
0.000000 
0.000000 
0.000000 
0.000000 
0.000000 
0.000000 
0.000000 
0.000000 
0.000000 
0.000000 
0.000000 
0.000000 
0.000000 
0.000000 
0.000000 
0.000000 
0.000000 
0.000000 
0.000000 
0.000000 
0.000000 
0.000000 
0.000000 
0.000000 
0.000000 
0.000000 
0.000000 
0.000000 
0.000000 
0.000000 
0.000000 
0.000000 
0.000000 
0.000000 
0.000000 
0.000000 
0.000000 
0.000000 
0.000000 
0.000000 
0.000000 
0.000000 
0.000000 
0.000000 
0.000000 
0.000000 
0.000000 
0.000000 
0.000000 
0.000000 
0.000000 
0.000000 
0.000000 
0.000000 
0.000000 
0.000000 
0.000000 
0.000000 
0.000000 
0.000000 
0.000000 
0.000000 
0.000000 
0.000000 
0.000000 
0.000000 
0.000000 
0.000000 
0.000000 
0.000000 
0.000000 
0.000000 
0.000000 
0.000000 
0.000000 
0.000000 
0.000000 
0.000000 
0.000000 
0.000000 
0.000000 
0.000000 
0.000000 
0.000000 
0.000000 
0.000000 
0.000000 
