0.000000 
0.000000 
0.000000 
0.000000 
0.000000 
0.000000 
0.000000 
0.000000 
0.000000 
0.000000 
0.000000 
0.000000 
0.000000 
0.000000 
0.000000 
0.000000 
0.000000 
0.000000 
0.000000 
0.000000 
0.000000 
0.000000 
0.000000 
0.000000 
0.000000 
0.000000 
0.000000 
0.000000 
0.000000 
0.000000 
0.000000 
0.000000 
0.000000 
0.000000 
0.000000 
0.000000 
0.000000 
0.000000 
0.000000 
0.000000 
0.000000 
0.000000 
0.000000 
0.000000 
0.000000 
0.000000 
0.000000 
0.000000 
0.000000 
0.000000 
0.000000 
0.000000 
0.000000 
0.000000 
0.000000 
0.000000 
0.000000 
0.000000 
0.000000 
0.000000 
0.000000 
0.000000 
0.000000 
0.000000 
0.000000 
0.000000 
0.000000 
0.000000 
0.000000 
0.000000 
0.000000 
0.000000 
0.000000 
0.000000 
0.000000 
0.000000 
0.000000 
0.000000 
0.000000 
0.000000 
0.000000 
0.000000 
0.000000 
0.000000 
0.000000 
0.000000 
0.000000 
0.000000 
0.000000 
0.000000 
0.000000 
0.000000 
0.000000 
0.000000 
0.000000 
0.000000 
0.000000 
0.000000 
0.000000 
0.000000 
0.000000 
0.000000 
0.000000 
0.000000 
0.000000 
0.000000 
0.000000 
0.000000 
0.000000 
0.000000 
0.000000 
0.000000 
0.000000 
0.000000 
0.000000 
0.000000 
0.000000 
0.000000 
0.000000 
0.000000 
0.000000 
0.000000 
0.000000 
0.000000 
0.000000 
0.000000 
0.000000 
0.000000 
0.000000 
0.000000 
0.000000 
0.000000 
0.000000 
0.000000 
0.000000 
0.000000 
0.000000 
0.000000 
0.000000 
0.000000 
0.000000 
0.000000 
0.000000 
0.000000 
0.000000 
0.000000 
0.000000 
0.000000 
0.000000 
0.000000 
0.000000 
0.000000 
0.000000 
0.000000 
0.000000 
0.000000 
0.000000 
0.000000 
0.000000 
0.000000 
0.000000 
0.000000 
0.000000 
0.000000 
0.000000 
0.000000 
0.000000 
0.000000 
0.000000 
0.000000 
0.000000 
0.000000 
0.000000 
0.000000 
0.000000 
0.000000 
0.000000 
0.000000 
0.000000 
0.000000 
0.000000 
0.000000 
0.000000 
0.000000 
0.000000 
0.000000 
0.000000 
0.000000 
0.000000 
0.000000 
0.000000 
0.000000 
0.000000 
0.000000 
0.000000 
0.000000 
0.000000 
0.000000 
0.000000 
0.000000 
0.000000 
0.000000 
0.000000 
0.000000 
0.000000 
0.000000 
0.000000 
0.000000 
0.000000 
0.000000 
0.000000 
0.000000 
0.000000 
0.000000 
0.000000 
0.000000 
0.000000 
0.000000 
0.000000 
0.000000 
0.000000 
0.000000 
0.000000 
0.000000 
0.000000 
0.000000 
0.000000 
0.000000 
0.000000 
0.000000 
0.000000 
0.000000 
0.000000 
0.000000 
0.000000 
0.000000 
0.000000 
0.000000 
0.000000 
0.000000 
0.000000 
0.000000 
0.000000 
0.000000 
0.000000 
0.000000 
0.000000 
0.000000 
0.000000 
0.000000 
0.000000 
0.000000 
0.000000 
0.000000 
0.000000 
0.000000 
0.000000 
0.000000 
0.000000 
0.000000 
0.000000 
0.000000 
0.000000 
0.000000 
0.000000 
0.000000 
0.000000 
0.000000 
0.000000 
0.000000 
0.000000 
0.000000 
0.000000 
0.000000 
0.000000 
0.000000 
0.000000 
0.000000 
0.000000 
0.000000 
0.000000 
0.000000 
0.000000 
0.000000 
0.000000 
0.000000 
0.000000 
0.000000 
0.000000 
0.000000 
0.000000 
0.000000 
0.000000 
0.000000 
0.000000 
0.000000 
0.000000 
0.000000 
0.000000 
0.000000 
0.000000 
0.000000 
0.000000 
0.000000 
0.000000 
0.000000 
0.000000 
0.000000 
0.000000 
0.000000 
0.000000 
0.000000 
0.000000 
0.000000 
0.000000 
0.000000 
0.000000 
0.000000 
0.000000 
0.000000 
0.000000 
0.000000 
0.000000 
0.000000 
0.000000 
0.000000 
0.000000 
0.000000 
0.000000 
0.000000 
0.000000 
0.000000 
0.000000 
0.000000 
0.000000 
0.000000 
0.000000 
0.000000 
0.000000 
0.000000 
0.000000 
0.000000 
0.000000 
0.000000 
0.000000 
0.000000 
0.000000 
0.000000 
0.000000 
0.000000 
0.000000 
0.000000 
0.000000 
0.000000 
0.000000 
0.000000 
0.000000 
0.000000 
0.000000 
0.000000 
0.000000 
0.000000 
0.000000 
0.000000 
0.000000 
0.000000 
0.000000 
0.000000 
0.000000 
0.000000 
0.000000 
0.000000 
0.000000 
0.000000 
0.000000 
0.000000 
0.000000 
0.000000 
0.000000 
0.000000 
0.000000 
0.000000 
0.000000 
0.000000 
0.000000 
0.000000 
0.000000 
0.000000 
0.000000 
0.000000 
0.000000 
0.000000 
0.000000 
0.000000 
0.000000 
0.000000 
0.000000 
0.000000 
0.000000 
0.000000 
0.000000 
0.000000 
0.000000 
0.000000 
0.000000 
0.000000 
0.000000 
0.000000 
0.000000 
0.000000 
0.000000 
0.000000 
0.000000 
0.000000 
0.000000 
0.000000 
0.000000 
0.000000 
0.000000 
0.000000 
0.000000 
0.003170 
0.011428 
0.015513 
0.022234 
0.018811 
0.016810 
0.015814 
0.017911 
0.015335 
0.018236 
0.024325 
0.034085 
0.033667 
0.054910 
0.063105 
0.063011 
0.061828 
0.078590 
0.087887 
0.092560 
0.092167 
0.087386 
0.100392 
0.091679 
0.101428 
0.101543 
0.137494 
0.117698 
0.128546 
0.146350 
0.151507 
0.135520 
0.129263 
0.112127 
0.120637 
0.141563 
0.144538 
0.169867 
0.155685 
0.176623 
0.150285 
0.126554 
0.102215 
0.080730 
0.045025 
0.001609 
0.000000 
0.000000 
0.000000 
0.000000 
0.000000 
0.014920 
0.072534 
0.090488 
0.071414 
0.118722 
0.125784 
0.125949 
0.129258 
0.110143 
0.116044 
0.136762 
0.119233 
0.117246 
0.124384 
0.127068 
0.100900 
0.137745 
0.140575 
0.147421 
0.118653 
0.124080 
0.145576 
0.140531 
0.140097 
0.149056 
0.136344 
0.126580 
0.161756 
0.137671 
0.139079 
0.108281 
0.098796 
0.069492 
0.099800 
0.107270 
0.112285 
0.157032 
0.203849 
0.148139 
0.126554 
0.056735 
0.008252 
0.000000 
0.000000 
0.000000 
0.000000 
0.000000 
0.000000 
0.000000 
0.000000 
0.000000 
0.011391 
0.055898 
0.093555 
0.115707 
0.140547 
0.156958 
0.197363 
0.188886 
0.233067 
0.214735 
0.178673 
0.228387 
0.184520 
0.200705 
0.214634 
0.230913 
0.199595 
0.223111 
0.261986 
0.190506 
0.224888 
0.227037 
0.234342 
0.217711 
0.175404 
0.238982 
0.230255 
0.209394 
0.220544 
0.226715 
0.211803 
0.265311 
0.204230 
0.233001 
0.231918 
0.213969 
0.229112 
0.215525 
0.246357 
0.219039 
0.264433 
0.244345 
0.272034 
0.244882 
0.243605 
0.255829 
0.238771 
0.268864 
0.221399 
0.268124 
0.214167 
0.241389 
0.265575 
0.286630 
0.296430 
0.337279 
0.313577 
0.250454 
0.296069 
0.310076 
0.280105 
0.273056 
0.267088 
0.267973 
0.268568 
0.271865 
0.280367 
0.281163 
0.305220 
0.335100 
0.346798 
0.343373 
0.293322 
0.200070 
0.206186 
0.118648 
0.076717 
0.083927 
0.113500 
0.110677 
0.155992 
0.137306 
0.199380 
0.217385 
0.273791 
0.378335 
0.304887 
0.443838 
0.321792 
0.285480 
0.278051 
0.273518 
0.248802 
0.222302 
0.198126 
0.143627 
0.127776 
0.099105 
0.072602 
0.050741 
0.032447 
0.025624 
0.076509 
0.154619 
0.253749 
0.327883 
0.322617 
0.358111 
0.354308 
0.356856 
0.277556 
0.272938 
0.276920 
0.224132 
0.185611 
0.125029 
0.126853 
0.124680 
0.224432 
0.317565 
0.332692 
0.431804 
0.355340 
0.377555 
0.306306 
0.314489 
0.281099 
0.335072 
0.314981 
0.273126 
0.247876 
0.282127 
0.320754 
0.322447 
0.349991 
0.334776 
0.366016 
0.370372 
0.354653 
0.282827 
0.232127 
0.187237 
0.126977 
0.049940 
0.000000 
0.000000 
0.000000 
0.000000 
0.000000 
0.000000 
0.000000 
0.000000 
0.000000 
0.001585 
0.089182 
0.202364 
0.277078 
0.255635 
0.346027 
0.345884 
0.277679 
0.371191 
0.342748 
0.325714 
0.406865 
0.399950 
0.373293 
0.432915 
0.374731 
0.333157 
0.366683 
0.409166 
0.384893 
0.388146 
0.428145 
0.415866 
0.383386 
0.365967 
0.385646 
0.318385 
0.288495 
0.303383 
0.270271 
0.160258 
0.054081 
0.000000 
0.000000 
0.000000 
0.000000 
0.000000 
0.016295 
0.041402 
0.052699 
0.085079 
0.101393 
0.094807 
0.106301 
0.102857 
0.072139 
0.031212 
0.003166 
0.000000 
0.002864 
0.039654 
0.077591 
0.128843 
0.165796 
0.211731 
0.204449 
0.240007 
0.279861 
0.240246 
0.269041 
0.178271 
0.105796 
0.038043 
0.014617 
0.015433 
0.016849 
0.023145 
0.029998 
0.029961 
0.024957 
0.019376 
0.007964 
0.000425 
0.000000 
0.001652 
0.014410 
0.027535 
0.050820 
0.061097 
0.080201 
0.088662 
0.113233 
0.106639 
0.154709 
0.184592 
0.247734 
0.316685 
0.300392 
0.409137 
0.328212 
0.334443 
0.342935 
0.311937 
0.269659 
0.236713 
0.174339 
0.099919 
0.026666 
0.000000 
0.000000 
0.000000 
0.000000 
0.000000 
0.000000 
0.000000 
0.000000 
0.032125 
0.075085 
0.116601 
0.155222 
0.284950 
0.393111 
0.344596 
0.401862 
0.427578 
0.367133 
0.334939 
0.390054 
0.391492 
0.348173 
0.326927 
0.352556 
0.362833 
0.331536 
0.353265 
0.403486 
0.359849 
0.322225 
0.406792 
0.339843 
0.345968 
0.406634 
0.323528 
0.331369 
0.327266 
0.351615 
0.410958 
0.369616 
0.365609 
0.351296 
0.418602 
0.428248 
0.352318 
0.310965 
0.361996 
0.397978 
0.370049 
0.435184 
0.293673 
0.347746 
0.307537 
0.286748 
0.271123 
0.270048 
0.226700 
0.257648 
0.326036 
0.260159 
0.331235 
0.420752 
0.378237 
0.346594 
0.334183 
0.339171 
0.403854 
0.258120 
0.428104 
0.311100 
0.358002 
0.266854 
0.320813 
0.336661 
0.334142 
0.354378 
0.297343 
0.293008 
0.273344 
0.232234 
0.239563 
0.230040 
0.178923 
0.166781 
0.140017 
0.146316 
0.166179 
0.235060 
0.268266 
0.348497 
0.404673 
0.316254 
0.297736 
0.283392 
0.322038 
0.345747 
0.328450 
0.379029 
0.320813 
0.317143 
0.238827 
0.306696 
0.364607 
0.289255 
0.331284 
0.395845 
0.306002 
0.296674 
0.267969 
0.261336 
0.287097 
0.253990 
0.257606 
0.219876 
0.231712 
0.228860 
0.227102 
0.215527 
0.184418 
0.211970 
0.245987 
0.235744 
0.190812 
0.281059 
0.249151 
0.258848 
0.262249 
0.258821 
0.230341 
0.328928 
0.234867 
0.221441 
0.176288 
0.097428 
0.043525 
0.011926 
0.002339 
0.000000 
0.000000 
0.000000 
0.000000 
0.000000 
0.000000 
0.000000 
0.000000 
0.000000 
0.000000 
0.000000 
0.000000 
0.000000 
0.007883 
0.021231 
0.047785 
0.067198 
0.093158 
0.149512 
0.155102 
0.216886 
0.250340 
0.306813 
0.260348 
0.240647 
0.248731 
0.238743 
0.173573 
0.179001 
0.146000 
0.141920 
0.125923 
0.100469 
0.100251 
0.071770 
0.091311 
0.078768 
0.069718 
0.081782 
0.080643 
0.086170 
0.094212 
0.125807 
0.125198 
0.161572 
0.200339 
0.253981 
0.268667 
0.262436 
0.310945 
0.247964 
0.249883 
0.246976 
0.260370 
0.248217 
0.243227 
0.209687 
0.147928 
0.150992 
0.140606 
0.115686 
0.136415 
0.125451 
0.163698 
0.138420 
0.148500 
0.131246 
0.139660 
0.172155 
0.176538 
0.148778 
0.202796 
0.219467 
0.206449 
0.172979 
0.190459 
0.253028 
0.187095 
0.190689 
0.208188 
0.174714 
0.152071 
0.100034 
0.111920 
0.101314 
0.126348 
0.149716 
0.163268 
0.205374 
0.147131 
0.137506 
0.119089 
0.074974 
0.063559 
0.066567 
0.076478 
0.095988 
0.086923 
0.110560 
0.105657 
0.104924 
0.088850 
0.079493 
0.081678 
0.083817 
0.081452 
0.077393 
0.077321 
0.069464 
0.069305 
0.058587 
0.063868 
0.041817 
0.041890 
0.038764 
0.036558 
0.024978 
0.021366 
0.012501 
0.009107 
0.004654 
0.000319 
0.000000 
0.000000 
0.000000 
0.000000 
0.000000 
0.000000 
0.000000 
0.000000 
0.000000 
0.000000 
0.000000 
0.000000 
0.000000 
0.000000 
0.000000 
0.000000 
0.000000 
0.000000 
0.000000 
0.000000 
0.000000 
0.000000 
0.000000 
0.000000 
0.000000 
0.000000 
0.000000 
0.000000 
0.000000 
0.000000 
0.001136 
0.003171 
0.005580 
0.008783 
0.008531 
0.011803 
0.015912 
0.013148 
0.017214 
0.012992 
0.018713 
0.015937 
0.018353 
0.014504 
0.015494 
0.013800 
0.015451 
0.014895 
0.022578 
0.029663 
0.031651 
0.036267 
0.039378 
0.044716 
0.039172 
0.039729 
0.043394 
0.065679 
0.071412 
0.121965 
0.149562 
0.142822 
0.140066 
0.138650 
0.132046 
0.103932 
0.100816 
0.126522 
0.076676 
0.070911 
0.058282 
0.057676 
0.051425 
0.054641 
0.056982 
0.040871 
0.048448 
0.038119 
0.033364 
0.028384 
0.017586 
0.014991 
0.009333 
0.007119 
0.004031 
0.002322 
0.000796 
0.000000 
0.000000 
0.000000 
0.000000 
0.000000 
0.000000 
0.000000 
0.000369 
0.001381 
0.002456 
0.002196 
0.001414 
0.000508 
0.000000 
0.000000 
0.000000 
0.000000 
0.000000 
0.000000 
0.000000 
0.000000 
0.000000 
0.001526 
0.003301 
0.003186 
0.003321 
0.002411 
0.000895 
0.000000 
0.000000 
0.000000 
0.000000 
0.000000 
0.000000 
0.000000 
0.000000 
0.000000 
0.000000 
0.000000 
0.000000 
0.000000 
0.000000 
0.000000 
0.000000 
0.000000 
0.000000 
0.000000 
0.000000 
0.000000 
0.000000 
0.000000 
0.000000 
0.000000 
0.000000 
0.000000 
0.000000 
0.000000 
0.000000 
0.000000 
0.000000 
0.000000 
0.000000 
0.000000 
0.000000 
0.000000 
0.000000 
0.000000 
0.000000 
0.000000 
0.000000 
0.000000 
0.000000 
0.000000 
0.000000 
0.000000 
0.000000 
0.000000 
0.000000 
0.000000 
0.000000 
0.000000 
0.000000 
0.000000 
0.000000 
0.000000 
0.000000 
0.000000 
0.000000 
0.000000 
0.000000 
0.000000 
0.000000 
0.000000 
0.000000 
0.000000 
0.000000 
0.000000 
0.000000 
0.000000 
0.000000 
0.000000 
0.000000 
0.000000 
0.000000 
0.000000 
0.000000 
0.000000 
0.000000 
0.000000 
0.000000 
0.000000 
0.000000 
0.000000 
0.000000 
0.000000 
0.000000 
0.000000 
0.000000 
0.000000 
0.000000 
0.000000 
0.000000 
0.000000 
0.000000 
0.000000 
0.000000 
0.000000 
0.000000 
0.000000 
0.000000 
0.000000 
0.000000 
0.000000 
0.000000 
0.000000 
0.000000 
0.000000 
0.000000 
0.000000 
0.000000 
0.000000 
0.000000 
0.000000 
0.000000 
0.000000 
0.000000 
0.000000 
0.000000 
0.000000 
0.000000 
0.000000 
0.000000 
0.000000 
0.000000 
0.000000 
0.000000 
0.000000 
0.000000 
0.000000 
0.000000 
0.000000 
0.000000 
0.000000 
0.000000 
0.000000 
0.000000 
0.000000 
0.000000 
0.000000 
0.000000 
0.000000 
0.000000 
0.000000 
0.000000 
0.000000 
0.000000 
0.000000 
0.000000 
0.000000 
0.000000 
0.000000 
0.000000 
0.000000 
0.000000 
0.000000 
0.000000 
0.000000 
0.000000 
0.000000 
0.000000 
0.000000 
0.000000 
0.000000 
0.000000 
0.000000 
0.000000 
0.000000 
0.000000 
0.000000 
0.000000 
0.000000 
0.000000 
0.000000 
0.000000 
0.000000 
0.000000 
0.000000 
0.000000 
0.000000 
0.000000 
0.000000 
0.000000 
0.000000 
0.000000 
0.000000 
0.000000 
0.000000 
0.000000 
0.000000 
0.000000 
0.000000 
0.000000 
0.000000 
0.000000 
0.000000 
0.000000 
0.000000 
0.000000 
0.000000 
0.000000 
0.000000 
0.000000 
0.000000 
0.000000 
0.000000 
0.000000 
0.000000 
0.000000 
0.000000 
0.000000 
0.000000 
0.000000 
0.000000 
0.000000 
0.000000 
0.000000 
0.000000 
0.000000 
0.000000 
0.000000 
0.000000 
0.000000 
0.000000 
0.000000 
0.000000 
0.000000 
0.000000 
0.000000 
0.000000 
0.000000 
0.000000 
0.000000 
0.000000 
0.000000 
0.000000 
0.000000 
0.000000 
0.000000 
0.000000 
0.000000 
0.000000 
0.000000 
0.000000 
0.000000 
0.000000 
0.000000 
0.000000 
0.000000 
0.000000 
0.000000 
0.000000 
0.000000 
0.000000 
0.000000 
0.000000 
0.000000 
0.000000 
0.000000 
0.000000 
0.000000 
0.000000 
0.000000 
0.000000 
0.000000 
0.000000 
0.000000 
0.000000 
0.000000 
0.000000 
0.000000 
0.000000 
0.000000 
0.000000 
0.000000 
0.000000 
0.000000 
0.000000 
0.000000 
0.000000 
0.000000 
0.000000 
0.000000 
0.000000 
0.000000 
0.000000 
0.000000 
0.000000 
0.000000 
0.000000 
0.000000 
