0.066667 
0.066667 
0.066667 
0.066667 
0.066667 
0.066667 
0.066667 
0.066667 
0.066667 
0.066667 
0.066667 
0.066667 
0.066667 
0.066667 
0.066667 
0.066667 
0.066667 
0.066667 
0.066667 
0.066667 
0.066667 
0.066667 
0.066667 
0.066667 
0.066667 
0.066667 
0.066667 
0.066667 
0.066667 
0.066667 
0.066667 
0.066667 
0.066667 
0.066667 
0.066667 
0.066667 
0.066667 
0.066667 
0.066667 
0.066667 
0.066667 
0.066667 
0.066667 
0.066667 
0.066667 
0.066667 
0.066667 
0.066667 
0.066667 
0.066667 
0.066667 
0.066667 
0.066667 
0.066667 
0.066667 
0.066667 
0.066667 
0.066667 
0.066667 
0.066667 
0.066667 
0.066667 
0.066667 
0.066667 
0.066667 
0.066667 
0.066667 
0.066667 
0.066667 
0.066667 
0.066667 
0.066667 
0.066667 
0.066667 
0.066667 
0.066667 
0.066667 
0.066667 
0.066667 
0.066667 
0.066667 
0.066667 
0.066667 
0.066667 
0.066667 
0.068962 
0.075290 
0.084818 
0.096711 
0.110133 
0.133356 
0.170063 
0.212547 
0.253096 
0.284000 
0.306009 
0.325366 
0.342598 
0.358234 
0.372800 
0.388050 
0.403868 
0.417981 
0.428116 
0.432000 
0.429705 
0.423376 
0.413848 
0.401956 
0.388533 
0.366666 
0.332667 
0.292216 
0.250990 
0.214667 
0.178808 
0.139546 
0.103413 
0.076942 
0.066667 
0.066667 
0.066667 
0.066667 
0.066667 
0.066667 
0.066667 
0.066667 
0.066667 
0.066667 
0.066667 
0.066667 
0.066667 
0.066667 
0.066667 
0.066667 
0.066667 
0.066667 
0.066667 
0.066667 
0.066667 
0.066667 
0.066667 
0.066667 
0.066667 
0.066667 
0.066667 
0.066667 
0.066667 
0.066667 
0.066667 
0.068962 
0.075290 
0.084818 
0.096711 
0.110133 
0.137117 
0.181349 
0.229475 
0.268143 
0.284000 
0.284000 
0.284000 
0.284000 
0.284000 
0.284000 
0.284000 
0.284000 
0.284000 
0.284000 
0.284000 
0.281705 
0.275376 
0.265848 
0.253956 
0.240533 
0.213549 
0.169318 
0.121191 
0.082523 
0.066667 
0.066667 
0.066667 
0.066667 
0.066667 
0.066667 
0.066667 
0.066667 
0.066667 
0.066667 
0.066667 
0.066667 
0.066667 
0.066667 
0.066667 
0.066667 
0.066667 
0.066667 
0.066667 
0.066667 
0.066667 
0.066667 
0.066667 
0.066667 
0.066667 
0.066667 
0.066667 
0.066667 
0.066667 
0.066667 
0.066667 
0.073629 
0.091104 
0.113979 
0.137138 
0.155467 
0.170717 
0.186535 
0.200648 
0.210783 
0.214667 
0.214667 
0.214667 
0.214667 
0.214667 
0.214667 
0.218149 
0.226853 
0.238163 
0.249461 
0.258133 
0.264975 
0.271909 
0.278008 
0.282348 
0.284000 
0.284000 
0.284000 
0.284000 
0.284000 
0.284000 
0.284000 
0.284000 
0.284000 
0.284000 
0.284000 
0.281705 
0.275376 
0.265848 
0.253956 
0.240533 
0.213549 
0.169318 
0.121191 
0.082523 
0.066667 
0.066667 
0.066667 
0.066667 
0.066667 
0.066667 
0.066667 
0.066667 
0.066667 
0.066667 
0.066667 
0.066667 
0.066667 
0.066667 
0.066667 
0.066667 
0.066667 
0.066667 
0.066667 
0.066667 
0.066667 
0.066667 
0.066667 
0.066667 
0.066667 
0.066667 
0.066667 
0.066667 
0.066667 
0.066667 
0.066667 
0.066667 
0.066667 
0.066667 
0.066667 
0.066667 
0.072369 
0.087252 
0.107977 
0.131206 
0.153600 
0.180515 
0.214523 
0.248114 
0.273777 
0.284000 
0.284000 
0.284000 
0.284000 
0.284000 
0.284000 
0.284000 
0.284000 
0.284000 
0.284000 
0.284000 
0.278297 
0.263414 
0.242689 
0.219461 
0.197067 
0.170152 
0.136144 
0.102553 
0.076890 
0.066667 
0.066667 
0.066667 
0.066667 
0.066667 
0.066667 
0.066667 
0.066667 
0.066667 
0.066667 
0.066667 
0.066667 
0.066667 
0.066667 
0.066667 
0.066667 
0.066667 
0.066667 
0.066667 
0.066667 
0.066667 
0.066667 
0.066667 
0.066667 
0.066667 
0.066667 
0.066667 
0.066667 
0.066667 
0.066667 
0.066667 
0.066667 
0.066667 
0.066667 
0.066667 
0.066667 
0.066667 
0.066667 
0.066667 
0.066667 
0.066667 
0.066667 
0.066667 
0.066667 
0.066667 
0.066667 
0.066667 
0.066667 
0.066667 
0.066667 
0.066667 
0.066667 
0.066667 
0.066667 
0.066667 
0.066667 
0.073629 
0.091104 
0.113979 
0.137138 
0.155467 
0.168111 
0.178717 
0.188922 
0.200360 
0.214667 
0.235313 
0.262279 
0.291961 
0.320758 
0.345067 
0.367461 
0.390689 
0.411414 
0.426297 
0.432000 
0.416608 
0.379904 
0.336096 
0.299392 
0.284000 
0.284000 
0.284000 
0.284000 
0.284000 
0.284000 
0.273777 
0.248114 
0.214523 
0.180515 
0.153600 
0.131206 
0.107977 
0.087252 
0.072369 
0.066667 
0.066667 
0.066667 
0.066667 
0.066667 
0.066667 
0.066667 
0.066667 
0.066667 
0.066667 
0.066667 
0.066667 
0.066667 
0.066667 
0.066667 
0.066667 
0.066667 
0.066667 
0.066667 
0.066667 
0.066667 
0.066667 
0.066667 
0.066667 
0.066667 
0.066667 
0.079908 
0.112312 
0.152894 
0.190673 
0.214667 
0.225563 
0.232967 
0.239269 
0.246861 
0.258133 
0.285117 
0.329349 
0.377475 
0.416143 
0.432000 
0.428116 
0.417981 
0.403868 
0.388050 
0.372800 
0.356339 
0.336916 
0.316842 
0.298433 
0.284000 
0.274234 
0.266972 
0.260245 
0.252088 
0.240533 
0.213549 
0.169318 
0.121191 
0.082523 
0.066667 
0.066667 
0.066667 
0.066667 
0.066667 
0.066667 
0.066667 
0.066667 
0.066667 
0.066667 
0.066667 
0.066667 
0.066667 
0.066667 
0.066667 
0.066667 
0.066667 
0.066667 
0.066667 
0.066667 
0.066667 
0.073629 
0.091104 
0.113979 
0.137138 
0.155467 
0.170717 
0.186535 
0.200648 
0.210783 
0.214667 
0.214667 
0.214667 
0.214667 
0.214667 
0.214667 
0.215898 
0.219427 
0.225007 
0.232392 
0.241333 
0.273488 
0.336226 
0.407873 
0.466756 
0.491200 
0.458697 
0.381188 
0.288678 
0.211170 
0.178667 
0.180442 
0.184674 
0.189726 
0.193958 
0.195733 
0.192849 
0.185971 
0.177762 
0.170884 
0.168000 
0.169399 
0.173052 
0.178138 
0.183838 
0.189333 
0.195938 
0.204284 
0.212527 
0.218825 
0.221333 
0.221333 
0.221333 
0.221333 
0.221333 
0.221333 
0.221333 
0.221333 
0.221333 
0.221333 
0.221333 
0.225637 
0.236867 
0.252506 
0.270035 
0.286933 
0.307243 
0.332906 
0.358254 
0.377619 
0.385333 
0.385333 
0.385333 
0.385333 
0.385333 
0.385333 
0.379680 
0.365172 
0.345492 
0.324319 
0.305333 
0.285627 
0.262734 
0.241002 
0.224775 
0.218400 
0.410010 
0.866925 
1.412275 
1.869190 
2.060800 
1.869518 
1.413280 
0.868496 
0.411577 
0.218933 
0.217400 
0.216206 
0.215351 
0.214838 
0.214667 
0.214667 
0.214667 
0.214667 
0.214667 
0.214667 
0.203869 
0.177536 
0.144763 
0.114642 
0.096267 
0.087126 
0.079028 
0.072539 
0.068230 
0.066667 
0.066667 
0.066667 
0.066667 
0.066667 
0.066667 
0.086080 
0.132373 
0.187627 
0.233920 
0.253333 
0.253333 
0.253333 
0.253333 
0.253333 
0.253333 
0.253333 
0.253333 
0.253333 
0.253333 
0.253333 
0.378319 
0.692887 
1.106456 
1.528443 
1.868267 
2.159640 
2.466093 
2.741765 
2.940798 
3.017333 
3.017333 
3.017333 
3.017333 
3.017333 
3.017333 
3.018221 
3.020337 
3.022863 
3.024979 
3.025867 
2.901667 
2.590368 
2.183914 
1.774254 
1.453333 
1.190986 
0.920999 
0.681253 
0.509626 
0.444000 
0.444000 
0.444000 
0.444000 
0.444000 
0.444000 
0.448437 
0.459019 
0.471648 
0.482229 
0.486667 
0.481185 
0.467310 
0.448895 
0.429796 
0.413867 
0.399352 
0.383625 
0.369236 
0.358734 
0.354667 
0.354667 
0.354667 
0.354667 
0.354667 
0.354667 
0.352567 
0.347089 
0.339460 
0.330910 
0.322667 
0.312759 
0.300241 
0.287876 
0.278430 
0.274667 
0.274667 
0.274667 
0.274667 
0.274667 
0.274667 
0.266596 
0.247351 
0.224382 
0.205137 
0.197067 
0.206108 
0.227667 
0.253399 
0.274959 
0.284000 
0.284000 
0.284000 
0.284000 
0.284000 
0.284000 
0.284000 
0.284000 
0.284000 
0.284000 
0.284000 
0.273777 
0.248114 
0.214523 
0.180515 
0.153600 
0.131206 
0.107977 
0.087252 
0.072369 
0.066667 
0.066667 
0.066667 
0.066667 
0.066667 
0.066667 
0.066667 
0.066667 
0.066667 
0.066667 
0.066667 
0.066667 
0.066667 
0.066667 
0.066667 
0.066667 
0.066667 
0.066667 
0.066667 
0.066667 
0.066667 
0.066667 
0.066667 
0.066667 
0.066667 
0.066667 
0.066667 
0.066667 
0.066667 
0.066667 
0.066667 
0.066667 
0.066667 
0.066667 
0.066667 
0.066667 
0.066667 
0.066667 
0.066667 
0.066667 
0.066667 
0.066667 
0.066667 
0.066667 
0.066667 
0.066667 
0.066667 
0.066667 
0.066667 
0.066667 
0.066667 
0.089269 
0.143168 
0.207499 
0.261397 
0.284000 
0.284000 
0.284000 
0.284000 
0.284000 
0.284000 
0.284000 
0.284000 
0.284000 
0.284000 
0.284000 
0.284000 
0.284000 
0.284000 
0.284000 
0.284000 
0.261397 
0.207499 
0.143168 
0.089269 
0.066667 
0.066667 
0.066667 
0.066667 
0.066667 
0.066667 
0.066667 
0.066667 
0.066667 
0.066667 
0.066667 
0.082059 
0.118763 
0.162571 
0.199275 
0.214667 
0.214667 
0.214667 
0.214667 
0.214667 
0.214667 
0.214667 
0.214667 
0.214667 
0.214667 
0.214667 
0.210783 
0.200648 
0.186535 
0.170717 
0.155467 
0.137138 
0.113979 
0.091104 
0.073629 
0.066667 
0.066667 
0.066667 
0.066667 
0.066667 
0.066667 
0.066667 
0.066667 
0.066667 
0.066667 
0.066667 
0.066667 
0.066667 
0.066667 
0.066667 
0.066667 
0.089269 
0.143168 
0.207499 
0.261397 
0.284000 
0.284000 
0.284000 
0.284000 
0.284000 
0.284000 
0.284000 
0.284000 
0.284000 
0.284000 
0.284000 
0.284000 
0.284000 
0.284000 
0.284000 
0.284000 
0.261397 
0.207499 
0.143168 
0.089269 
0.066667 
0.066667 
0.066667 
0.066667 
0.066667 
0.066667 
0.066667 
0.066667 
0.066667 
0.066667 
0.066667 
0.066667 
0.066667 
0.066667 
0.066667 
0.066667 
0.073141 
0.090827 
0.117115 
0.149398 
0.185067 
0.240409 
0.323208 
0.418094 
0.509703 
0.582667 
0.644191 
0.706277 
0.760746 
0.799424 
0.814133 
0.812939 
0.809708 
0.804967 
0.799245 
0.793067 
0.782867 
0.767555 
0.751369 
0.738549 
0.733333 
0.745278 
0.775812 
0.816988 
0.860856 
0.899467 
0.938189 
0.982321 
1.023812 
1.054611 
1.066667 
0.985269 
0.791168 
0.559499 
0.365397 
0.284000 
0.284000 
0.284000 
0.284000 
0.284000 
0.284000 
0.281705 
0.275376 
0.265848 
0.253956 
0.240533 
0.213549 
0.169318 
0.121191 
0.082523 
0.066667 
0.066667 
0.066667 
0.066667 
0.066667 
0.066667 
0.071727 
0.085399 
0.105421 
0.129531 
0.155467 
0.197738 
0.260800 
0.327314 
0.379938 
0.401333 
0.401333 
0.401333 
0.401333 
0.401333 
0.401333 
0.401888 
0.403211 
0.404789 
0.406112 
0.406667 
0.405956 
0.403947 
0.400827 
0.396782 
0.392000 
0.378759 
0.354544 
0.327349 
0.305170 
0.296000 
0.296000 
0.296000 
0.296000 
0.296000 
0.296000 
0.297790 
0.302777 
0.310390 
0.320055 
0.331200 
0.353162 
0.389953 
0.433018 
0.473797 
0.503733 
0.520949 
0.532542 
0.543420 
0.558492 
0.582667 
0.807768 
1.300642 
1.878725 
2.359454 
2.560267 
2.397192 
2.004354 
1.526334 
1.107711 
0.893067 
0.833257 
0.783857 
0.746522 
0.722906 
0.714667 
0.717724 
0.726059 
0.738410 
0.753522 
0.770133 
0.799613 
0.845410 
0.894387 
0.933407 
0.949333 
0.947178 
0.941428 
0.933156 
0.923433 
0.913333 
0.898657 
0.878023 
0.856726 
0.840064 
0.833333 
0.833333 
0.833333 
0.833333 
0.833333 
0.833333 
0.822240 
0.795787 
0.764213 
0.737760 
0.726667 
0.731557 
0.744323 
0.762112 
0.782067 
0.801333 
0.820177 
0.840811 
0.863303 
0.887721 
0.914133 
0.949883 
0.995461 
1.040657 
1.075263 
1.089067 
1.085073 
1.075550 
1.064183 
1.054660 
1.050667 
1.051145 
1.052527 
1.054738 
1.057699 
1.061333 
1.072626 
1.095723 
1.126295 
1.160008 
1.192533 
1.230959 
1.278501 
1.325017 
1.360364 
1.374400 
1.368996 
1.355009 
1.335777 
1.314639 
1.294933 
1.277755 
1.260766 
1.242153 
1.220102 
1.192800 
1.149840 
1.088474 
1.018374 
0.949214 
0.890667 
0.836469 
0.779561 
0.728419 
0.691517 
0.677333 
0.692919 
0.732251 
0.784190 
0.837597 
0.881333 
0.911900 
0.936995 
0.962273 
0.993389 
1.036000 
1.111980 
1.230390 
1.377663 
1.540233 
1.704533 
1.911956 
2.174262 
2.433444 
2.631493 
2.710400 
2.573327 
2.242819 
1.839940 
1.485757 
1.301333 
1.248429 
1.207032 
1.175554 
1.152407 
1.136000 
1.122881 
1.111214 
1.101840 
1.095600 
1.093333 
1.102530 
1.125904 
1.157134 
1.189896 
1.217867 
1.244423 
1.273812 
1.301016 
1.321018 
1.328800 
1.327053 
1.322886 
1.317914 
1.313747 
1.312000 
1.312221 
1.312877 
1.313955 
1.315445 
1.317333 
1.342213 
1.398527 
1.465041 
1.520521 
1.543733 
1.528614 
1.491134 
1.443106 
1.396345 
1.362667 
1.338944 
1.315926 
1.296235 
1.282496 
1.277333 
1.296192 
1.341163 
1.394837 
1.439808 
1.458667 
1.433707 
1.374187 
1.303147 
1.243627 
1.218667 
1.389948 
1.798387 
2.285879 
2.694319 
2.865600 
2.666031 
2.190135 
1.622131 
1.146236 
0.946667 
0.957795 
0.985333 
1.020505 
1.054541 
1.078667 
1.095166 
1.111015 
1.124481 
1.133831 
1.137333 
1.136224 
1.133579 
1.130421 
1.127776 
1.126667 
1.149796 
1.204951 
1.270782 
1.325937 
1.349067 
1.340952 
1.319625 
1.289607 
1.255425 
1.221600 
1.180418 
1.127927 
1.074293 
1.029684 
1.004267 
0.992538 
0.982550 
0.974798 
0.969783 
0.968000 
1.108858 
1.444749 
1.845651 
2.181542 
2.322400 
2.292049 
2.213768 
2.106716 
1.990051 
1.882933 
1.766580 
1.627893 
1.494556 
1.394253 
1.354667 
1.371268 
1.416941 
1.485486 
1.570705 
1.666400 
1.853781 
2.157637 
2.487136 
2.751445 
2.859733 
2.843446 
2.804163 
2.756250 
2.714073 
2.692000 
2.685263 
2.679659 
2.675395 
2.672684 
2.671733 
2.672922 
2.676194 
2.681113 
2.687238 
2.694133 
2.707795 
2.730058 
2.754236 
2.773645 
2.781600 
2.779002 
2.771405 
2.759108 
2.742407 
2.721600 
2.592439 
2.317355 
1.996665 
1.730686 
1.619733 
1.623505 
1.632499 
1.643234 
1.652228 
1.656000 
1.649344 
1.633472 
1.614528 
1.598656 
1.592000 
1.596548 
1.607394 
1.620339 
1.631185 
1.635733 
1.630018 
1.615719 
1.597104 
1.578442 
1.564000 
1.552442 
1.540658 
1.530252 
1.522831 
1.520000 
1.520804 
1.522722 
1.525011 
1.526929 
1.527733 
1.515420 
1.486057 
1.451010 
1.421647 
1.409333 
1.418626 
1.441541 
1.470636 
1.498470 
1.517600 
1.529935 
1.541566 
1.551323 
1.558036 
1.560533 
1.557212 
1.548949 
1.538293 
1.527794 
1.520000 
1.514203 
1.508465 
1.503492 
1.499991 
1.498667 
1.499610 
1.501858 
1.504542 
1.506790 
1.507733 
1.494432 
1.457493 
1.401365 
1.330496 
1.249333 
1.072047 
0.771960 
0.442249 
0.176092 
0.066667 
0.066667 
0.066667 
0.066667 
0.066667 
0.066667 
0.070550 
0.080685 
0.094799 
0.110617 
0.125867 
0.144195 
0.167354 
0.190229 
0.207705 
0.214667 
0.214667 
0.214667 
0.214667 
0.214667 
0.214667 
0.214667 
0.214667 
0.214667 
0.214667 
0.214667 
0.222810 
0.243533 
0.271279 
0.300487 
0.325600 
0.348126 
0.371788 
0.394347 
0.413564 
0.427200 
0.435540 
0.441445 
0.446539 
0.452449 
0.460800 
0.473784 
0.491700 
0.513339 
0.537487 
0.562933 
0.597375 
0.642351 
0.687413 
0.722112 
0.736000 
0.735168 
0.733184 
0.730816 
0.728832 
0.728000 
0.729525 
0.733163 
0.737504 
0.741141 
0.742667 
0.739810 
0.732326 
0.721843 
0.709992 
0.698400 
0.684007 
0.665476 
0.647022 
0.632858 
0.627200 
0.632212 
0.645576 
0.664780 
0.687313 
0.710667 
0.744364 
0.791566 
0.840212 
0.878243 
0.893600 
0.893557 
0.893259 
0.892448 
0.890869 
0.888267 
