0.061333 
0.061333 
0.061333 
0.061333 
0.061333 
0.061333 
0.061333 
0.061333 
0.061333 
0.061333 
0.061333 
0.061333 
0.061333 
0.061333 
0.061333 
0.061333 
0.061333 
0.061333 
0.061333 
0.061333 
0.061333 
0.061333 
0.061333 
0.061333 
0.061333 
0.061333 
0.061333 
0.061333 
0.061333 
0.061333 
0.061333 
0.061333 
0.061333 
0.061333 
0.061333 
0.061333 
0.061333 
0.061333 
0.061333 
0.061333 
0.061333 
0.061333 
0.061333 
0.061333 
0.061333 
0.061333 
0.061333 
0.061333 
0.061333 
0.061333 
0.061333 
0.061333 
0.061333 
0.061333 
0.061333 
0.061333 
0.061333 
0.061333 
0.061333 
0.061333 
0.061333 
0.061333 
0.061333 
0.061333 
0.061333 
0.061333 
0.061333 
0.061333 
0.061333 
0.061333 
0.061333 
0.061333 
0.061333 
0.061333 
0.061333 
0.061333 
0.061333 
0.061333 
0.061333 
0.061333 
0.061333 
0.061333 
0.061333 
0.061333 
0.061333 
0.061333 
0.061333 
0.061333 
0.061333 
0.061333 
0.061333 
0.061333 
0.061333 
0.061333 
0.061333 
0.061333 
0.061333 
0.061333 
0.061333 
0.061333 
0.061333 
0.061333 
0.061333 
0.061333 
0.061333 
0.061333 
0.061333 
0.061333 
0.061333 
0.061333 
0.061333 
0.061333 
0.061333 
0.061333 
0.061333 
0.061333 
0.061333 
0.061333 
0.061333 
0.061333 
0.061333 
0.061333 
0.061333 
0.061333 
0.061333 
0.061333 
0.061333 
0.061333 
0.061333 
0.061333 
0.061333 
0.061333 
0.061333 
0.061333 
0.061333 
0.061333 
0.061333 
0.061333 
0.061333 
0.061333 
0.061333 
0.061333 
0.061333 
0.061333 
0.061333 
0.061333 
0.061333 
0.061333 
0.061333 
0.061333 
0.061333 
0.061333 
0.061333 
0.061333 
0.061333 
0.061333 
0.061333 
0.061333 
0.061333 
0.061333 
0.089067 
0.155200 
0.234133 
0.300267 
0.328000 
0.328000 
0.328000 
0.328000 
0.328000 
0.328000 
0.328000 
0.328000 
0.328000 
0.328000 
0.328000 
0.328000 
0.328000 
0.328000 
0.328000 
0.328000 
0.315456 
0.283968 
0.242752 
0.201024 
0.168000 
0.140523 
0.112021 
0.086592 
0.068331 
0.061333 
0.061333 
0.061333 
0.061333 
0.061333 
0.061333 
0.061333 
0.061333 
0.061333 
0.061333 
0.061333 
0.061333 
0.061333 
0.061333 
0.061333 
0.061333 
0.061333 
0.061333 
0.061333 
0.061333 
0.061333 
0.061333 
0.061333 
0.061333 
0.061333 
0.061333 
0.061333 
0.061333 
0.061333 
0.061333 
0.061333 
0.061333 
0.061333 
0.061333 
0.061333 
0.061333 
0.061333 
0.061333 
0.061333 
0.061333 
0.061333 
0.061333 
0.061333 
0.061333 
0.061333 
0.061333 
0.061333 
0.061333 
0.061333 
0.061333 
0.061333 
0.061333 
0.061333 
0.061333 
0.061333 
0.061333 
0.089067 
0.155200 
0.234133 
0.300267 
0.328000 
0.328000 
0.328000 
0.328000 
0.328000 
0.328000 
0.328000 
0.328000 
0.328000 
0.328000 
0.328000 
0.328000 
0.328000 
0.328000 
0.328000 
0.328000 
0.315456 
0.283968 
0.242752 
0.201024 
0.168000 
0.140523 
0.112021 
0.086592 
0.068331 
0.061333 
0.061333 
0.061333 
0.061333 
0.061333 
0.061333 
0.061333 
0.061333 
0.061333 
0.061333 
0.061333 
0.061333 
0.061333 
0.061333 
0.061333 
0.061333 
0.061333 
0.061333 
0.061333 
0.061333 
0.061333 
0.061333 
0.061333 
0.061333 
0.061333 
0.061333 
0.061333 
0.061333 
0.061333 
0.061333 
0.061333 
0.061333 
0.061333 
0.061333 
0.061333 
0.061333 
0.068331 
0.086592 
0.112021 
0.140523 
0.168000 
0.201024 
0.242752 
0.283968 
0.315456 
0.328000 
0.328000 
0.328000 
0.328000 
0.328000 
0.328000 
0.328000 
0.328000 
0.328000 
0.328000 
0.328000 
0.328000 
0.328000 
0.328000 
0.328000 
0.328000 
0.300267 
0.234133 
0.155200 
0.089067 
0.061333 
0.061333 
0.061333 
0.061333 
0.061333 
0.061333 
0.061333 
0.061333 
0.061333 
0.061333 
0.061333 
0.061333 
0.061333 
0.061333 
0.061333 
0.061333 
0.061333 
0.061333 
0.061333 
0.061333 
0.061333 
0.066908 
0.081533 
0.102065 
0.125358 
0.148267 
0.177082 
0.214462 
0.251807 
0.280519 
0.292000 
0.283680 
0.263840 
0.240160 
0.220320 
0.212000 
0.212000 
0.212000 
0.212000 
0.212000 
0.212000 
0.212000 
0.212000 
0.212000 
0.212000 
0.212000 
0.237149 
0.297847 
0.371971 
0.437396 
0.472000 
0.482513 
0.490691 
0.496945 
0.501689 
0.505333 
0.507877 
0.509514 
0.510944 
0.512872 
0.516000 
0.532323 
0.565762 
0.604905 
0.638344 
0.654667 
0.658312 
0.661274 
0.663480 
0.664858 
0.665333 
0.646475 
0.601504 
0.547829 
0.502859 
0.484000 
0.488992 
0.500896 
0.515104 
0.527008 
0.532000 
0.530059 
0.525429 
0.519904 
0.515275 
0.513333 
0.528040 
0.563267 
0.605674 
0.641920 
0.658667 
0.660992 
0.662849 
0.664211 
0.665048 
0.665333 
0.656408 
0.634451 
0.606690 
0.580353 
0.562667 
0.551858 
0.541888 
0.533589 
0.527793 
0.525333 
0.524949 
0.524744 
0.524598 
0.524390 
0.524000 
0.517565 
0.502974 
0.485734 
0.471351 
0.465333 
0.465333 
0.465333 
0.465333 
0.465333 
0.465333 
0.465801 
0.467164 
0.469360 
0.472325 
0.476000 
0.488216 
0.514451 
0.551111 
0.594604 
0.641333 
0.709934 
0.806981 
0.910794 
0.999694 
1.052000 
1.077461 
1.099443 
1.116696 
1.127965 
1.132000 
1.128047 
1.117729 
1.103361 
1.087258 
1.071733 
1.055791 
1.037647 
1.018435 
0.999286 
0.981333 
0.964196 
0.947094 
0.930561 
0.915129 
0.901333 
0.887595 
0.873344 
0.860629 
0.851499 
0.848000 
0.849225 
0.852420 
0.856870 
0.861858 
0.866667 
0.872446 
0.879748 
0.886961 
0.892471 
0.894667 
0.887733 
0.871200 
0.851467 
0.834933 
0.828000 
0.828000 
0.828000 
0.828000 
0.828000 
0.828000 
0.748267 
0.558133 
0.331200 
0.141067 
0.061333 
0.061333 
0.061333 
0.061333 
0.061333 
0.061333 
0.061333 
0.061333 
0.061333 
0.061333 
0.061333 
0.080789 
0.128235 
0.187285 
0.241557 
0.274667 
0.291136 
0.305728 
0.317419 
0.325184 
0.328000 
0.328000 
0.328000 
0.328000 
0.328000 
0.328000 
0.328000 
0.328000 
0.328000 
0.328000 
0.328000 
0.321003 
0.302741 
0.277312 
0.248811 
0.221333 
0.188309 
0.146581 
0.105365 
0.073877 
0.061333 
0.061333 
0.061333 
0.061333 
0.061333 
0.061333 
0.061333 
0.061333 
0.061333 
0.061333 
0.061333 
0.061333 
0.061333 
0.061333 
0.061333 
0.061333 
0.061333 
0.061333 
0.061333 
0.061333 
0.061333 
0.061333 
0.061333 
0.061333 
0.061333 
0.061333 
0.061333 
0.061333 
0.061333 
0.061333 
0.061333 
0.061333 
0.061333 
0.061333 
0.061333 
0.061333 
0.061333 
0.061333 
0.061333 
0.061333 
0.061333 
0.061333 
0.061333 
0.061333 
0.061333 
0.061333 
0.061333 
0.061333 
0.061333 
0.061333 
0.061333 
0.061333 
0.061333 
0.061333 
0.061333 
0.061333 
0.061333 
0.061333 
0.061333 
0.061333 
0.061333 
0.061333 
0.061333 
0.061333 
0.061333 
0.061333 
0.080789 
0.128235 
0.187285 
0.241557 
0.274667 
0.291136 
0.305728 
0.317419 
0.325184 
0.328000 
0.328000 
0.328000 
0.328000 
0.328000 
0.328000 
0.328000 
0.328000 
0.328000 
0.328000 
0.328000 
0.321003 
0.302741 
0.277312 
0.248811 
0.221333 
0.188309 
0.146581 
0.105365 
0.073877 
0.061333 
0.061333 
0.061333 
0.061333 
0.061333 
0.061333 
0.061333 
0.061333 
0.061333 
0.061333 
0.061333 
0.061333 
0.061333 
0.061333 
0.061333 
0.061333 
0.061333 
0.061333 
0.061333 
0.061333 
0.061333 
0.061333 
0.061333 
0.061333 
0.061333 
0.061333 
0.061333 
0.061333 
0.061333 
0.061333 
0.061333 
0.061333 
0.061333 
0.061333 
0.061333 
0.061333 
0.061333 
0.061333 
0.061333 
0.061333 
0.061333 
0.068331 
0.086592 
0.112021 
0.140523 
0.168000 
0.201024 
0.242752 
0.283968 
0.315456 
0.328000 
0.328000 
0.328000 
0.328000 
0.328000 
0.328000 
0.328000 
0.328000 
0.328000 
0.328000 
0.328000 
0.328000 
0.328000 
0.328000 
0.328000 
0.328000 
0.300267 
0.234133 
0.155200 
0.089067 
0.061333 
0.061333 
0.061333 
0.061333 
0.061333 
0.061333 
0.061333 
0.061333 
0.061333 
0.061333 
0.061333 
0.061333 
0.061333 
0.061333 
0.061333 
0.061333 
0.061333 
0.061333 
0.061333 
0.061333 
0.061333 
0.061333 
0.061333 
0.061333 
0.061333 
0.061333 
0.061333 
0.061333 
0.061333 
0.061333 
0.061333 
0.061333 
0.061333 
0.061333 
0.061333 
0.061333 
0.061333 
0.061333 
0.061333 
0.061333 
0.061333 
0.061333 
0.061333 
0.061333 
0.061333 
0.061333 
0.061333 
0.061333 
0.061333 
0.061333 
0.061333 
0.061333 
0.061333 
0.061333 
0.061333 
0.061333 
0.061333 
0.061333 
0.061333 
0.061333 
0.061333 
0.061333 
0.061333 
0.061333 
0.061333 
0.061333 
0.061333 
0.061333 
0.061333 
0.061333 
0.061333 
0.061333 
0.061333 
0.061333 
0.061333 
0.061333 
0.061333 
0.061333 
0.061333 
0.061333 
0.061333 
0.061333 
0.061333 
0.061333 
0.061333 
0.061333 
0.061333 
0.061333 
0.061333 
0.061333 
0.061333 
0.061333 
0.061333 
0.061333 
0.061333 
0.061333 
0.061333 
0.061333 
0.061333 
0.061333 
0.061333 
0.061333 
0.061333 
0.061333 
0.061333 
0.061333 
0.061333 
0.061333 
0.061333 
0.061333 
0.061333 
0.061333 
0.061333 
0.061333 
0.061333 
0.061333 
0.061333 
0.061333 
0.061333 
0.061333 
0.061333 
0.073877 
0.105365 
0.146581 
0.188309 
0.221333 
0.248811 
0.277312 
0.302741 
0.321003 
0.328000 
0.328000 
0.328000 
0.328000 
0.328000 
0.328000 
0.328000 
0.328000 
0.328000 
0.328000 
0.328000 
0.325184 
0.317419 
0.305728 
0.291136 
0.274667 
0.241557 
0.187285 
0.128235 
0.080789 
0.061333 
0.061333 
0.061333 
0.061333 
0.061333 
0.061333 
0.061333 
0.061333 
0.061333 
0.061333 
0.061333 
0.061333 
0.061333 
0.061333 
0.061333 
0.061333 
0.061333 
0.061333 
0.061333 
0.061333 
0.061333 
0.061333 
0.061333 
0.061333 
0.061333 
0.061333 
0.061333 
0.061333 
0.061333 
0.061333 
0.061333 
0.061333 
0.061333 
0.061333 
0.061333 
0.061333 
0.061333 
0.061333 
0.061333 
0.061333 
0.061333 
0.061333 
0.061333 
0.061333 
0.061333 
0.061333 
0.073877 
0.105365 
0.146581 
0.188309 
0.221333 
0.248811 
0.277312 
0.302741 
0.321003 
0.328000 
0.328000 
0.328000 
0.328000 
0.328000 
0.328000 
0.328000 
0.328000 
0.328000 
0.328000 
0.328000 
0.325184 
0.317419 
0.305728 
0.291136 
0.274667 
0.241557 
0.187285 
0.128235 
0.080789 
0.061333 
0.061333 
0.061333 
0.061333 
0.061333 
0.061333 
0.065040 
0.074321 
0.086415 
0.098562 
0.108000 
0.114120 
0.118925 
0.123577 
0.129237 
0.137067 
0.150911 
0.172089 
0.197972 
0.225930 
0.253333 
0.285803 
0.325268 
0.363565 
0.392531 
0.404000 
0.404000 
0.404000 
0.404000 
0.404000 
0.404000 
0.404000 
0.404000 
0.404000 
0.404000 
0.404000 
0.404000 
0.404000 
0.404000 
0.404000 
0.404000 
0.576723 
0.988602 
1.480198 
1.892077 
2.064800 
1.894018 
1.486769 
1.000698 
0.593449 
0.422667 
0.434652 
0.465023 
0.505401 
0.547408 
0.582667 
0.612232 
0.641788 
0.669893 
0.695111 
0.716000 
0.734888 
0.753542 
0.769686 
0.781042 
0.785333 
0.784871 
0.783573 
0.781573 
0.779004 
0.776000 
0.771351 
0.763732 
0.753104 
0.739428 
0.722667 
0.679526 
0.602266 
0.514176 
0.438547 
0.398667 
0.385392 
0.374333 
0.365911 
0.360548 
0.358667 
0.358667 
0.358667 
0.358667 
0.358667 
0.358667 
0.354229 
0.343648 
0.331019 
0.320437 
0.316000 
0.325143 
0.347695 
0.376343 
0.403771 
0.422667 
0.434906 
0.446462 
0.456166 
0.462846 
0.465333 
0.457291 
0.438112 
0.415221 
0.396043 
0.388000 
0.391744 
0.400672 
0.411328 
0.420256 
0.424000 
0.417067 
0.400533 
0.380800 
0.364267 
0.357333 
0.376434 
0.422028 
0.476552 
0.522441 
0.542133 
0.542801 
0.543323 
0.543698 
0.543924 
0.544000 
0.544000 
0.544000 
0.544000 
0.544000 
0.544000 
0.544462 
0.545813 
0.547999 
0.550968 
0.554667 
0.577612 
0.626478 
0.683444 
0.730691 
0.750400 
0.740998 
0.718579 
0.691821 
0.669402 
0.660000 
0.662690 
0.670204 
0.681706 
0.696361 
0.713333 
0.753214 
0.822495 
0.899196 
0.961335 
0.986933 
0.968625 
0.923198 
0.864898 
0.807972 
0.766667 
0.741173 
0.720414 
0.701735 
0.682482 
0.660000 
0.628343 
0.588979 
0.550377 
0.521006 
0.509333 
0.509518 
0.510057 
0.510931 
0.512119 
0.513600 
0.521010 
0.537126 
0.557645 
0.578260 
0.594667 
0.606616 
0.617206 
0.627154 
0.637180 
0.648000 
0.661766 
0.678026 
0.693589 
0.705266 
0.709867 
0.702352 
0.683270 
0.657811 
0.631168 
0.608533 
0.587230 
0.563761 
0.542092 
0.526183 
0.520000 
0.524060 
0.535188 
0.551806 
0.572336 
0.595200 
0.631517 
0.686698 
0.750601 
0.813082 
0.864000 
0.904053 
0.940879 
0.974745 
1.005919 
1.034667 
1.062967 
1.091057 
1.116598 
1.137248 
1.150667 
1.158636 
1.164868 
1.169916 
1.174331 
1.178667 
1.183475 
1.188463 
1.192913 
1.196109 
1.197333 
1.194596 
1.186850 
1.174793 
1.159121 
1.140533 
1.099290 
1.025091 
0.932794 
0.837256 
0.753333 
0.670456 
0.578629 
0.493575 
0.431014 
0.406667 
0.406667 
0.406667 
0.406667 
0.406667 
0.406667 
0.406768 
0.407065 
0.407552 
0.408222 
0.409067 
0.415314 
0.429637 
0.448197 
0.467153 
0.482667 
0.493844 
0.503359 
0.512727 
0.523458 
0.537067 
0.557362 
0.584742 
0.615601 
0.646333 
0.673333 
0.699744 
0.728112 
0.753941 
0.772736 
0.780000 
0.778867 
0.775696 
0.770824 
0.764590 
0.757333 
0.740474 
0.711024 
0.677710 
0.649260 
0.634400 
0.629603 
0.625619 
0.622594 
0.620673 
0.620000 
0.636876 
0.678648 
0.732037 
0.783759 
0.820533 
0.840335 
0.853696 
0.866170 
0.883309 
0.910667 
1.118056 
1.562968 
2.082480 
2.513666 
2.693600 
2.520183 
2.106652 
1.613082 
1.199550 
1.026133 
1.033604 
1.051874 
1.074729 
1.095953 
1.109333 
1.116529 
1.123006 
1.128258 
1.131780 
1.133067 
1.122143 
1.095293 
1.061398 
1.029339 
1.008000 
0.995091 
0.983138 
0.973239 
0.966493 
0.964000 
0.964000 
0.964000 
0.964000 
0.964000 
0.964000 
0.964000 
0.964000 
0.964000 
0.964000 
0.964000 
0.961753 
0.955637 
0.946592 
0.935555 
0.923467 
0.902337 
0.869741 
0.834964 
0.807288 
0.796000 
0.796000 
0.796000 
0.796000 
0.796000 
0.796000 
0.785600 
0.760800 
0.731200 
0.706400 
0.696000 
0.696277 
0.696939 
0.697728 
0.698389 
0.698667 
0.685466 
0.653986 
0.616414 
0.584934 
0.571733 
0.622291 
0.742852 
0.886748 
1.007309 
1.057867 
1.032851 
0.973199 
0.902001 
0.842349 
0.817333 
0.818581 
0.821557 
0.825109 
0.828085 
0.829333 
0.829088 
0.828385 
0.827270 
0.825793 
0.824000 
0.820029 
0.812330 
0.801416 
0.787802 
0.772000 
0.745671 
0.704548 
0.655256 
0.604420 
0.558667 
0.511901 
0.459682 
0.411113 
0.375295 
0.361333 
0.405818 
0.511895 
0.638505 
0.744582 
0.789067 
0.713382 
0.532905 
0.317495 
0.137018 
0.061333 
0.061333 
0.061333 
0.061333 
0.061333 
0.061333 
0.061333 
0.061333 
0.061333 
0.061333 
0.061333 
0.061333 
0.061333 
0.061333 
0.061333 
0.061333 
0.061333 
0.061333 
0.061333 
0.061333 
0.061333 
0.073877 
0.105365 
0.146581 
0.188309 
0.221333 
0.248811 
0.277312 
0.302741 
0.321003 
0.328000 
0.328000 
0.328000 
0.328000 
0.328000 
0.328000 
0.328000 
0.328000 
0.328000 
0.328000 
0.328000 
0.325184 
0.317419 
0.305728 
0.291136 
0.274667 
0.241557 
0.187285 
0.128235 
0.080789 
0.061333 
0.061333 
0.061333 
0.061333 
0.061333 
0.061333 
0.061333 
0.061333 
0.061333 
0.061333 
0.061333 
0.061333 
0.061333 
0.061333 
0.061333 
0.061333 
