0.000000 
0.000000 
0.000000 
0.000000 
0.000000 
0.000000 
0.000000 
0.000000 
0.000000 
0.000000 
0.000000 
0.000000 
0.000000 
0.000000 
0.000000 
0.000000 
0.000000 
0.000000 
0.000000 
0.000000 
0.000000 
0.000000 
0.000000 
0.000000 
0.000000 
0.000000 
0.000000 
0.000000 
0.000000 
0.000000 
0.000000 
0.000000 
0.000000 
0.000000 
0.000000 
0.000000 
0.000000 
0.000000 
0.000000 
0.000000 
0.000000 
0.000000 
0.000000 
0.000000 
0.000000 
0.000000 
0.000000 
0.000000 
0.000000 
0.000000 
0.000000 
0.000000 
0.000000 
0.000000 
0.000000 
0.000000 
0.000000 
0.000000 
0.000000 
0.000000 
0.000000 
0.000000 
0.000000 
0.000000 
0.000000 
0.000000 
0.000000 
0.000000 
0.000000 
0.000000 
0.000000 
0.000000 
0.000000 
0.000000 
0.000000 
0.000000 
0.000000 
0.000000 
0.000000 
0.000000 
0.000000 
0.000000 
0.000000 
0.000000 
0.000000 
0.000000 
0.000000 
0.000000 
0.000000 
0.000000 
0.000000 
0.000000 
0.000000 
0.000000 
0.000000 
0.000000 
0.000000 
0.000000 
0.000000 
0.000000 
0.000000 
0.000000 
0.000000 
0.000000 
0.000000 
0.000000 
0.000000 
0.000000 
0.000000 
0.000000 
0.000000 
0.000000 
0.000000 
0.000000 
0.000000 
0.000000 
0.000000 
0.000000 
0.000000 
0.000000 
0.000000 
0.000000 
0.000000 
0.000000 
0.000000 
0.000000 
0.000000 
0.000000 
0.000000 
0.000000 
0.000000 
0.000000 
0.000000 
0.000000 
0.000000 
0.000000 
0.000000 
0.000000 
0.000000 
0.000000 
0.000000 
0.000000 
0.000000 
0.000000 
0.000000 
0.000000 
0.000000 
0.000000 
0.000000 
0.000000 
0.000000 
0.000000 
0.000000 
0.000000 
0.000000 
0.000000 
0.000000 
0.000000 
0.000000 
0.000000 
0.000000 
0.000000 
0.000000 
0.000000 
0.000000 
0.000000 
0.000000 
0.000000 
0.000000 
0.000000 
0.000000 
0.000000 
0.000000 
0.000000 
0.000000 
0.000000 
0.000000 
0.000000 
0.000000 
0.000000 
0.000000 
0.000000 
0.000000 
0.000000 
0.000000 
0.000000 
0.000000 
0.000000 
0.000000 
0.000000 
0.000000 
0.000000 
0.000000 
0.000000 
0.000000 
0.000000 
0.000000 
0.000000 
0.000000 
0.000000 
0.000000 
0.000000 
0.000000 
0.000000 
0.000000 
0.000000 
0.000000 
0.000000 
0.000000 
0.000000 
0.000000 
0.000000 
0.000000 
0.000000 
0.000000 
0.000000 
0.000000 
0.000000 
0.000000 
0.000000 
0.000000 
0.000000 
0.000000 
0.000000 
0.000000 
0.000000 
0.000000 
0.000000 
0.000000 
0.000000 
0.000000 
0.000000 
0.000000 
0.000000 
0.000000 
0.000000 
0.000000 
0.000000 
0.000000 
0.000000 
0.000000 
0.000000 
0.000000 
0.000000 
0.000000 
0.000000 
0.000000 
0.000000 
0.000000 
0.000000 
0.000000 
0.000000 
0.000000 
0.000000 
0.000000 
0.000000 
0.000000 
0.000000 
0.000000 
0.000000 
0.000000 
0.000000 
0.000000 
0.000000 
0.000000 
0.000000 
0.000000 
0.000000 
0.000000 
0.000000 
0.000000 
0.000000 
0.000000 
0.000000 
0.000000 
0.000000 
0.000000 
0.000000 
0.000000 
0.000000 
0.000000 
0.000000 
0.000000 
0.000000 
0.000000 
0.000000 
0.000000 
0.000000 
0.000000 
0.000000 
0.000000 
0.000000 
0.000000 
0.000000 
0.000000 
0.000000 
0.000000 
0.000000 
0.000000 
0.000000 
0.000000 
0.000000 
0.000000 
0.000000 
0.000000 
0.000000 
0.000000 
0.000000 
0.000000 
0.000000 
0.000000 
0.000000 
0.000000 
0.000000 
0.000000 
0.000000 
0.000000 
0.000000 
0.000000 
0.000000 
0.000000 
0.000000 
0.000000 
0.000000 
0.000000 
0.000000 
0.000000 
0.000000 
0.000000 
0.000000 
0.000000 
0.000000 
0.000000 
0.000000 
0.000000 
0.000000 
0.000000 
0.000000 
0.000000 
0.000000 
0.000000 
0.000000 
0.000000 
0.000000 
0.000000 
0.000000 
0.000000 
0.000000 
0.000000 
0.000000 
0.000000 
0.000000 
0.000000 
0.000000 
0.000000 
0.000000 
0.000000 
0.000000 
0.000000 
0.000000 
0.000000 
0.000000 
0.000000 
0.000000 
0.000000 
0.000000 
0.000000 
0.000000 
0.000000 
0.000000 
0.000000 
0.000000 
0.000000 
0.000000 
0.000000 
0.000000 
0.000000 
0.000000 
0.000000 
0.000000 
0.000000 
0.000000 
0.000000 
0.000000 
0.000000 
0.000000 
0.000000 
0.000000 
0.000000 
0.000000 
0.000000 
0.000000 
0.000000 
0.000000 
0.000000 
0.000000 
0.000000 
0.000000 
0.000000 
0.000000 
0.000000 
0.000000 
0.000000 
0.000000 
0.000000 
0.000000 
0.000000 
0.000000 
0.000000 
0.000000 
0.000000 
0.000000 
0.000000 
0.000000 
0.000000 
0.000000 
0.000000 
0.000000 
0.000000 
0.000000 
0.000000 
0.004691 
0.015295 
0.026116 
0.029927 
0.027488 
0.023554 
0.025201 
0.020981 
0.020755 
0.027547 
0.034430 
0.047396 
0.068773 
0.065534 
0.093308 
0.081467 
0.106510 
0.095878 
0.095088 
0.121494 
0.117281 
0.111492 
0.141704 
0.113634 
0.168032 
0.130426 
0.168645 
0.182409 
0.203277 
0.210643 
0.192385 
0.141897 
0.157606 
0.201205 
0.171248 
0.183447 
0.222971 
0.225581 
0.247518 
0.248979 
0.209342 
0.164240 
0.156748 
0.115313 
0.067535 
0.002562 
0.000000 
0.000000 
0.000000 
0.000000 
0.000000 
0.022610 
0.081986 
0.123877 
0.126804 
0.157865 
0.169489 
0.162205 
0.156867 
0.182486 
0.155561 
0.196223 
0.154847 
0.187715 
0.171824 
0.181636 
0.144990 
0.193783 
0.172973 
0.207064 
0.180443 
0.183196 
0.176086 
0.175083 
0.210067 
0.191458 
0.208153 
0.202902 
0.200283 
0.189983 
0.180252 
0.130666 
0.135826 
0.095884 
0.121567 
0.154299 
0.214613 
0.240821 
0.238654 
0.192282 
0.173271 
0.082160 
0.011286 
0.000000 
0.000000 
0.000000 
0.000000 
0.000000 
0.000000 
0.000000 
0.000000 
0.000000 
0.012624 
0.073970 
0.127858 
0.175843 
0.215121 
0.248070 
0.236142 
0.292476 
0.266471 
0.305819 
0.333292 
0.258999 
0.322741 
0.312346 
0.300136 
0.266342 
0.285366 
0.277820 
0.297328 
0.257895 
0.289894 
0.269045 
0.289821 
0.239243 
0.305540 
0.306246 
0.315608 
0.330133 
0.299736 
0.332821 
0.285160 
0.361864 
0.314892 
0.255902 
0.321503 
0.339327 
0.338430 
0.335851 
0.341004 
0.370962 
0.362832 
0.353451 
0.351014 
0.372233 
0.327305 
0.448520 
0.361087 
0.246361 
0.314388 
0.325287 
0.386851 
0.466454 
0.414839 
0.350169 
0.339133 
0.391852 
0.382279 
0.360120 
0.397683 
0.414149 
0.415133 
0.395729 
0.373624 
0.397810 
0.361894 
0.377220 
0.369647 
0.360351 
0.457392 
0.452688 
0.456111 
0.459696 
0.414500 
0.375043 
0.224067 
0.149182 
0.091629 
0.124671 
0.154470 
0.153102 
0.218915 
0.194135 
0.281395 
0.314442 
0.441676 
0.504234 
0.522714 
0.367267 
0.461826 
0.470298 
0.399199 
0.356652 
0.371320 
0.318174 
0.241092 
0.214872 
0.193175 
0.143374 
0.095720 
0.074410 
0.044312 
0.038756 
0.098180 
0.192756 
0.316427 
0.488733 
0.461044 
0.467684 
0.534129 
0.426070 
0.406094 
0.432193 
0.267961 
0.336770 
0.238821 
0.197265 
0.181322 
0.233387 
0.298684 
0.399769 
0.444822 
0.500476 
0.529091 
0.424191 
0.496276 
0.460426 
0.468084 
0.410738 
0.432126 
0.371112 
0.385360 
0.398763 
0.378144 
0.405811 
0.446324 
0.531140 
0.565300 
0.509573 
0.477006 
0.403054 
0.354577 
0.254970 
0.180902 
0.056880 
0.000000 
0.000000 
0.000000 
0.000000 
0.000000 
0.000000 
0.000000 
0.000000 
0.000000 
0.001999 
0.141281 
0.320742 
0.301957 
0.428805 
0.408927 
0.366520 
0.462708 
0.408636 
0.583873 
0.511227 
0.466534 
0.483164 
0.512956 
0.404551 
0.583823 
0.477366 
0.478431 
0.489230 
0.508454 
0.558973 
0.505477 
0.547634 
0.526060 
0.522045 
0.563180 
0.542837 
0.502491 
0.527218 
0.385313 
0.235808 
0.093587 
0.000000 
0.000000 
0.000000 
0.000000 
0.000000 
0.021220 
0.056838 
0.082797 
0.110308 
0.144098 
0.139253 
0.152534 
0.142879 
0.105363 
0.042032 
0.003797 
0.000000 
0.003806 
0.053899 
0.120307 
0.196991 
0.256428 
0.276579 
0.288297 
0.311494 
0.321420 
0.316497 
0.357397 
0.287197 
0.158274 
0.049244 
0.016533 
0.019666 
0.026490 
0.032661 
0.042420 
0.036840 
0.038178 
0.026680 
0.011681 
0.000688 
0.000000 
0.001871 
0.017963 
0.037182 
0.063731 
0.091429 
0.114572 
0.122592 
0.127707 
0.183603 
0.204653 
0.252656 
0.351136 
0.361802 
0.424746 
0.444950 
0.544400 
0.559899 
0.439125 
0.403582 
0.357069 
0.319267 
0.271637 
0.138326 
0.042103 
0.000000 
0.000000 
0.000000 
0.000000 
0.000000 
0.000000 
0.000000 
0.000000 
0.045007 
0.111790 
0.152408 
0.256142 
0.358303 
0.538078 
0.551619 
0.540457 
0.552337 
0.602190 
0.560111 
0.603612 
0.588338 
0.578491 
0.575790 
0.437430 
0.509089 
0.484311 
0.356948 
0.442656 
0.534571 
0.521200 
0.530167 
0.459436 
0.442757 
0.470731 
0.429347 
0.473365 
0.517618 
0.553650 
0.527810 
0.532844 
0.584928 
0.562354 
0.596286 
0.451970 
0.587567 
0.528580 
0.547241 
0.514664 
0.508879 
0.528162 
0.536417 
0.469200 
0.401080 
0.346573 
0.376664 
0.289119 
0.316810 
0.375105 
0.449811 
0.534817 
0.453158 
0.482924 
0.515290 
0.501694 
0.623131 
0.523003 
0.590797 
0.494164 
0.453112 
0.445534 
0.458591 
0.498227 
0.424712 
0.482560 
0.526177 
0.469558 
0.422428 
0.465891 
0.375196 
0.351817 
0.306039 
0.270863 
0.235531 
0.238625 
0.174684 
0.198700 
0.229414 
0.296493 
0.371511 
0.513832 
0.404931 
0.531192 
0.481927 
0.405375 
0.484691 
0.523087 
0.392156 
0.482921 
0.475769 
0.398303 
0.412707 
0.416473 
0.336641 
0.470891 
0.500611 
0.555003 
0.483109 
0.507256 
0.445026 
0.370946 
0.345572 
0.360390 
0.361904 
0.341376 
0.370732 
0.338237 
0.335543 
0.287445 
0.311005 
0.303742 
0.259788 
0.275747 
0.306949 
0.369186 
0.440839 
0.313136 
0.351551 
0.339008 
0.403382 
0.403580 
0.370271 
0.367234 
0.199562 
0.137780 
0.056365 
0.017275 
0.003958 
0.000000 
0.000000 
0.000000 
0.000000 
0.000000 
0.000000 
0.000000 
0.000000 
0.000000 
0.000000 
0.000000 
0.000000 
0.000000 
0.012949 
0.032787 
0.059268 
0.107847 
0.125110 
0.172641 
0.201162 
0.287844 
0.342236 
0.392982 
0.327209 
0.387796 
0.380663 
0.337023 
0.282136 
0.228139 
0.229371 
0.170475 
0.207781 
0.139182 
0.143845 
0.121288 
0.131838 
0.110305 
0.088814 
0.109230 
0.113400 
0.101903 
0.130814 
0.157929 
0.200198 
0.244108 
0.282219 
0.307316 
0.405226 
0.378195 
0.370126 
0.385906 
0.357054 
0.378950 
0.331360 
0.372290 
0.324808 
0.315775 
0.249734 
0.219612 
0.199893 
0.195794 
0.171342 
0.175626 
0.213129 
0.181933 
0.176048 
0.216903 
0.198607 
0.222052 
0.228104 
0.212428 
0.273292 
0.270639 
0.290651 
0.280811 
0.296688 
0.276671 
0.288724 
0.301157 
0.234425 
0.237864 
0.212249 
0.132066 
0.150726 
0.136801 
0.186356 
0.193535 
0.259303 
0.295292 
0.257405 
0.222630 
0.163023 
0.120079 
0.092453 
0.092683 
0.087504 
0.135664 
0.142543 
0.127821 
0.123234 
0.121038 
0.119007 
0.127196 
0.109500 
0.110113 
0.118005 
0.120994 
0.099351 
0.106802 
0.078397 
0.095247 
0.075979 
0.064405 
0.068280 
0.048564 
0.046425 
0.032705 
0.030361 
0.019971 
0.014860 
0.006246 
0.000463 
0.000000 
0.000000 
0.000000 
0.000000 
0.000000 
0.000000 
0.000000 
0.000000 
0.000000 
0.000000 
0.000000 
0.000000 
0.000000 
0.000000 
0.000000 
0.000000 
0.000000 
0.000000 
0.000000 
0.000000 
0.000000 
0.000000 
0.000000 
0.000000 
0.000000 
0.000000 
0.000000 
0.000000 
0.000000 
0.000000 
0.001788 
0.004690 
0.007580 
0.010233 
0.016730 
0.015229 
0.017631 
0.021966 
0.027397 
0.023447 
0.017722 
0.022043 
0.020577 
0.022201 
0.022303 
0.021723 
0.020675 
0.023048 
0.027625 
0.037816 
0.052355 
0.042145 
0.047803 
0.073381 
0.051349 
0.059245 
0.064224 
0.092300 
0.100637 
0.147382 
0.180189 
0.218305 
0.183872 
0.197442 
0.160031 
0.163871 
0.167644 
0.148521 
0.132378 
0.112434 
0.091370 
0.085471 
0.083219 
0.067735 
0.065691 
0.062900 
0.063578 
0.058557 
0.049730 
0.036672 
0.028682 
0.017938 
0.011917 
0.009870 
0.005627 
0.003353 
0.000961 
0.000000 
0.000000 
0.000000 
0.000000 
0.000000 
0.000000 
0.000000 
0.000433 
0.002377 
0.004209 
0.002745 
0.001663 
0.000588 
0.000000 
0.000000 
0.000000 
0.000000 
0.000000 
0.000000 
0.000000 
0.000000 
0.000000 
0.002260 
0.003959 
0.004344 
0.004344 
0.003409 
0.001101 
0.000000 
0.000000 
0.000000 
0.000000 
0.000000 
0.000000 
0.000000 
0.000000 
0.000000 
0.000000 
0.000000 
0.000000 
0.000000 
0.000000 
0.000000 
0.000000 
0.000000 
0.000000 
0.000000 
0.000000 
0.000000 
0.000000 
0.000000 
0.000000 
0.000000 
0.000000 
0.000000 
0.000000 
0.000000 
0.000000 
0.000000 
0.000000 
0.000000 
0.000000 
0.000000 
0.000000 
0.000000 
0.000000 
0.000000 
0.000000 
0.000000 
0.000000 
0.000000 
0.000000 
0.000000 
0.000000 
0.000000 
0.000000 
0.000000 
0.000000 
0.000000 
0.000000 
0.000000 
0.000000 
0.000000 
0.000000 
0.000000 
0.000000 
0.000000 
0.000000 
0.000000 
0.000000 
0.000000 
0.000000 
0.000000 
0.000000 
0.000000 
0.000000 
0.000000 
0.000000 
0.000000 
0.000000 
0.000000 
0.000000 
0.000000 
0.000000 
0.000000 
0.000000 
0.000000 
0.000000 
0.000000 
0.000000 
0.000000 
0.000000 
0.000000 
0.000000 
0.000000 
0.000000 
0.000000 
0.000000 
0.000000 
0.000000 
0.000000 
0.000000 
0.000000 
0.000000 
0.000000 
0.000000 
0.000000 
0.000000 
0.000000 
0.000000 
0.000000 
0.000000 
0.000000 
0.000000 
0.000000 
0.000000 
0.000000 
0.000000 
0.000000 
0.000000 
0.000000 
0.000000 
0.000000 
0.000000 
0.000000 
0.000000 
0.000000 
0.000000 
0.000000 
0.000000 
0.000000 
0.000000 
0.000000 
0.000000 
0.000000 
0.000000 
0.000000 
0.000000 
0.000000 
0.000000 
0.000000 
0.000000 
0.000000 
0.000000 
0.000000 
0.000000 
0.000000 
0.000000 
0.000000 
0.000000 
0.000000 
0.000000 
0.000000 
0.000000 
0.000000 
0.000000 
0.000000 
0.000000 
0.000000 
0.000000 
0.000000 
0.000000 
0.000000 
0.000000 
0.000000 
0.000000 
0.000000 
0.000000 
0.000000 
0.000000 
0.000000 
0.000000 
0.000000 
0.000000 
0.000000 
0.000000 
0.000000 
0.000000 
0.000000 
0.000000 
0.000000 
0.000000 
0.000000 
0.000000 
0.000000 
0.000000 
0.000000 
0.000000 
0.000000 
0.000000 
0.000000 
0.000000 
0.000000 
0.000000 
0.000000 
0.000000 
0.000000 
0.000000 
0.000000 
0.000000 
0.000000 
0.000000 
0.000000 
0.000000 
0.000000 
0.000000 
0.000000 
0.000000 
0.000000 
0.000000 
0.000000 
0.000000 
0.000000 
0.000000 
0.000000 
0.000000 
0.000000 
0.000000 
0.000000 
0.000000 
0.000000 
0.000000 
0.000000 
0.000000 
0.000000 
0.000000 
0.000000 
0.000000 
0.000000 
0.000000 
0.000000 
0.000000 
0.000000 
0.000000 
0.000000 
0.000000 
0.000000 
0.000000 
0.000000 
0.000000 
0.000000 
0.000000 
0.000000 
0.000000 
0.000000 
0.000000 
0.000000 
0.000000 
0.000000 
0.000000 
0.000000 
0.000000 
0.000000 
0.000000 
0.000000 
0.000000 
0.000000 
0.000000 
0.000000 
0.000000 
0.000000 
0.000000 
0.000000 
0.000000 
0.000000 
0.000000 
0.000000 
0.000000 
0.000000 
0.000000 
0.000000 
0.000000 
0.000000 
0.000000 
0.000000 
0.000000 
0.000000 
0.000000 
0.000000 
0.000000 
0.000000 
0.000000 
0.000000 
0.000000 
0.000000 
0.000000 
0.000000 
0.000000 
0.000000 
0.000000 
0.000000 
0.000000 
0.000000 
0.000000 
0.000000 
0.000000 
0.000000 
0.000000 
0.000000 
0.000000 
