0.064000 
0.064000 
0.064000 
0.064000 
0.064000 
0.064000 
0.064000 
0.064000 
0.064000 
0.064000 
0.064000 
0.064000 
0.064000 
0.064000 
0.064000 
0.064000 
0.064000 
0.064000 
0.064000 
0.064000 
0.064000 
0.064000 
0.064000 
0.064000 
0.064000 
0.064000 
0.064000 
0.064000 
0.064000 
0.064000 
0.064000 
0.064000 
0.064000 
0.064000 
0.064000 
0.064000 
0.064000 
0.064000 
0.064000 
0.064000 
0.064000 
0.064000 
0.064000 
0.064000 
0.064000 
0.064000 
0.064000 
0.064000 
0.064000 
0.064000 
0.064000 
0.064000 
0.064000 
0.064000 
0.064000 
0.064000 
0.064000 
0.064000 
0.064000 
0.064000 
0.072346 
0.094756 
0.127287 
0.165994 
0.206933 
0.269866 
0.361016 
0.456141 
0.530994 
0.561333 
0.561333 
0.561333 
0.561333 
0.561333 
0.561333 
0.561333 
0.561333 
0.561333 
0.561333 
0.561333 
0.556760 
0.544136 
0.525106 
0.501312 
0.474400 
0.422766 
0.338831 
0.245273 
0.164770 
0.120000 
0.101796 
0.086361 
0.074427 
0.066729 
0.064000 
0.064000 
0.064000 
0.064000 
0.064000 
0.064000 
0.064000 
0.064000 
0.064000 
0.064000 
0.064000 
0.064000 
0.064000 
0.064000 
0.064000 
0.064000 
0.064000 
0.064000 
0.064000 
0.064000 
0.064000 
0.064000 
0.064000 
0.064000 
0.064000 
0.064000 
0.064000 
0.064000 
0.064000 
0.064000 
0.064000 
0.064000 
0.064000 
0.064000 
0.064000 
0.064000 
0.079857 
0.118525 
0.166651 
0.210883 
0.237867 
0.251289 
0.263182 
0.272710 
0.279038 
0.281333 
0.281333 
0.281333 
0.281333 
0.281333 
0.281333 
0.281333 
0.281333 
0.281333 
0.281333 
0.281333 
0.265477 
0.226809 
0.178682 
0.134451 
0.107467 
0.094044 
0.082152 
0.072624 
0.066295 
0.064000 
0.093120 
0.162560 
0.245440 
0.314880 
0.344000 
0.344000 
0.344000 
0.344000 
0.344000 
0.344000 
0.344000 
0.344000 
0.344000 
0.344000 
0.344000 
0.344000 
0.344000 
0.344000 
0.344000 
0.344000 
0.330829 
0.297766 
0.254490 
0.210675 
0.176000 
0.147149 
0.117222 
0.090522 
0.071347 
0.064000 
0.064000 
0.064000 
0.064000 
0.064000 
0.064000 
0.064000 
0.064000 
0.064000 
0.064000 
0.064000 
0.064000 
0.064000 
0.064000 
0.064000 
0.064000 
0.064000 
0.064000 
0.064000 
0.064000 
0.064000 
0.079857 
0.118525 
0.166651 
0.210883 
0.237867 
0.251289 
0.263182 
0.272710 
0.279038 
0.281333 
0.281333 
0.281333 
0.281333 
0.281333 
0.281333 
0.285464 
0.295966 
0.310003 
0.324738 
0.337333 
0.349319 
0.362599 
0.374899 
0.383946 
0.387467 
0.382946 
0.372166 
0.359300 
0.348521 
0.344000 
0.344000 
0.344000 
0.344000 
0.344000 
0.344000 
0.344000 
0.344000 
0.344000 
0.344000 
0.344000 
0.323571 
0.273754 
0.211750 
0.154765 
0.120000 
0.102707 
0.087386 
0.075110 
0.066957 
0.064000 
0.064000 
0.064000 
0.064000 
0.064000 
0.064000 
0.064000 
0.064000 
0.064000 
0.064000 
0.064000 
0.064000 
0.064000 
0.064000 
0.064000 
0.064000 
0.064000 
0.064000 
0.064000 
0.064000 
0.064000 
0.064000 
0.064000 
0.064000 
0.064000 
0.064000 
0.064000 
0.064000 
0.064000 
0.064000 
0.064000 
0.064000 
0.064000 
0.064000 
0.064000 
0.064000 
0.064000 
0.064000 
0.064000 
0.064000 
0.064000 
0.064000 
0.064000 
0.064000 
0.064000 
0.064000 
0.093120 
0.162560 
0.245440 
0.314880 
0.344000 
0.344000 
0.344000 
0.344000 
0.344000 
0.344000 
0.344000 
0.344000 
0.344000 
0.344000 
0.344000 
0.366603 
0.420501 
0.484832 
0.538731 
0.561333 
0.548162 
0.515100 
0.471823 
0.428009 
0.393333 
0.364482 
0.334556 
0.307855 
0.288681 
0.281333 
0.281333 
0.281333 
0.281333 
0.281333 
0.281333 
0.258731 
0.204832 
0.140501 
0.086603 
0.064000 
0.064000 
0.064000 
0.064000 
0.064000 
0.064000 
0.064000 
0.064000 
0.064000 
0.064000 
0.064000 
0.064000 
0.064000 
0.064000 
0.064000 
0.064000 
0.064000 
0.064000 
0.064000 
0.064000 
0.064000 
0.064000 
0.064000 
0.064000 
0.064000 
0.064000 
0.064000 
0.064000 
0.064000 
0.064000 
0.064000 
0.064000 
0.064000 
0.064000 
0.064000 
0.064000 
0.074223 
0.099886 
0.133477 
0.167485 
0.194400 
0.216794 
0.240023 
0.260748 
0.275631 
0.281333 
0.281333 
0.281333 
0.281333 
0.281333 
0.281333 
0.281333 
0.281333 
0.281333 
0.281333 
0.281333 
0.271110 
0.245447 
0.211856 
0.177848 
0.150933 
0.128539 
0.105311 
0.084586 
0.069703 
0.064000 
0.064000 
0.064000 
0.064000 
0.064000 
0.064000 
0.064000 
0.064000 
0.064000 
0.064000 
0.064000 
0.084429 
0.134246 
0.196250 
0.253235 
0.288000 
0.303029 
0.313824 
0.322703 
0.331989 
0.344000 
0.363038 
0.387978 
0.412999 
0.432280 
0.440000 
0.439155 
0.436826 
0.433318 
0.428941 
0.424000 
0.417007 
0.406604 
0.393298 
0.377595 
0.360000 
0.331325 
0.289514 
0.245774 
0.211311 
0.197333 
0.370972 
0.785033 
1.279234 
1.693295 
1.866933 
1.693295 
1.279234 
0.785033 
0.370972 
0.197333 
0.211455 
0.248540 
0.300671 
0.359930 
0.418400 
0.492511 
0.589070 
0.685720 
0.760104 
0.789867 
0.787537 
0.781982 
0.775351 
0.769796 
0.767467 
0.771496 
0.781975 
0.796493 
0.812639 
0.828000 
0.845940 
0.868236 
0.890095 
0.906725 
0.913333 
0.901907 
0.874660 
0.842140 
0.814893 
0.803467 
0.807516 
0.817171 
0.828695 
0.838351 
0.842400 
0.838406 
0.828883 
0.817517 
0.807994 
0.804000 
0.804000 
0.804000 
0.804000 
0.804000 
0.804000 
0.801221 
0.793211 
0.780456 
0.763445 
0.742667 
0.657685 
0.487576 
0.292091 
0.130981 
0.064000 
0.064000 
0.064000 
0.064000 
0.064000 
0.064000 
0.064000 
0.064000 
0.064000 
0.064000 
0.064000 
0.064000 
0.064000 
0.064000 
0.064000 
0.064000 
0.064000 
0.064000 
0.064000 
0.064000 
0.064000 
0.064000 
0.064000 
0.064000 
0.064000 
0.064000 
0.064000 
0.064000 
0.064000 
0.064000 
0.064000 
0.064000 
0.064000 
0.064000 
0.064000 
0.064000 
0.064000 
0.064000 
0.064000 
0.064000 
0.064000 
0.077171 
0.110234 
0.153510 
0.197325 
0.232000 
0.260851 
0.290778 
0.317478 
0.336653 
0.344000 
0.344000 
0.344000 
0.344000 
0.344000 
0.344000 
0.344000 
0.344000 
0.344000 
0.344000 
0.344000 
0.341043 
0.332890 
0.320614 
0.305293 
0.288000 
0.253235 
0.196250 
0.134246 
0.084429 
0.064000 
0.064000 
0.064000 
0.064000 
0.064000 
0.064000 
0.064000 
0.064000 
0.064000 
0.064000 
0.064000 
0.064000 
0.064000 
0.064000 
0.064000 
0.064000 
0.079857 
0.118525 
0.166651 
0.210883 
0.237867 
0.251289 
0.263182 
0.272710 
0.279038 
0.281333 
0.281333 
0.281333 
0.281333 
0.281333 
0.281333 
0.281333 
0.281333 
0.281333 
0.281333 
0.281333 
0.265477 
0.226809 
0.178682 
0.134451 
0.107467 
0.094044 
0.082152 
0.072624 
0.066295 
0.064000 
0.064000 
0.064000 
0.064000 
0.064000 
0.064000 
0.064000 
0.064000 
0.064000 
0.064000 
0.064000 
0.064000 
0.064000 
0.064000 
0.064000 
0.064000 
0.064000 
0.064000 
0.064000 
0.064000 
0.064000 
0.064000 
0.064000 
0.064000 
0.064000 
0.064000 
0.064000 
0.064000 
0.064000 
0.064000 
0.064000 
0.074223 
0.099886 
0.133477 
0.167485 
0.194400 
0.216794 
0.240023 
0.260748 
0.275631 
0.281333 
0.281333 
0.281333 
0.281333 
0.281333 
0.281333 
0.281333 
0.281333 
0.281333 
0.281333 
0.281333 
0.271110 
0.245447 
0.211856 
0.177848 
0.150933 
0.128539 
0.105311 
0.084586 
0.069703 
0.064000 
0.084429 
0.134246 
0.196250 
0.253235 
0.288000 
0.305293 
0.320614 
0.332890 
0.341043 
0.344000 
0.344000 
0.344000 
0.344000 
0.344000 
0.344000 
0.344000 
0.344000 
0.344000 
0.344000 
0.344000 
0.336653 
0.317478 
0.290778 
0.260851 
0.232000 
0.197325 
0.153510 
0.110234 
0.077171 
0.064000 
0.069703 
0.084586 
0.105311 
0.128539 
0.150933 
0.177848 
0.211856 
0.245447 
0.271110 
0.281333 
0.281333 
0.281333 
0.281333 
0.281333 
0.281333 
0.281333 
0.281333 
0.281333 
0.281333 
0.281333 
0.275631 
0.260748 
0.240023 
0.216794 
0.194400 
0.167485 
0.133477 
0.099886 
0.074223 
0.064000 
0.085632 
0.137216 
0.198784 
0.250368 
0.272000 
0.272000 
0.272000 
0.272000 
0.272000 
0.272000 
0.275866 
0.287183 
0.305527 
0.330474 
0.361600 
0.563258 
0.994859 
1.498564 
1.916535 
2.090933 
1.917295 
1.503234 
1.009033 
0.594972 
0.421333 
0.421333 
0.421333 
0.421333 
0.421333 
0.421333 
0.421333 
0.421333 
0.421333 
0.421333 
0.421333 
0.420809 
0.419439 
0.417532 
0.415394 
0.413333 
0.410857 
0.407727 
0.404636 
0.402274 
0.401333 
0.403717 
0.410223 
0.419884 
0.431732 
0.444800 
0.468323 
0.505104 
0.544523 
0.575961 
0.588800 
0.576375 
0.546748 
0.511386 
0.481758 
0.469333 
0.510127 
0.613977 
0.753083 
0.899646 
1.025867 
1.147567 
1.283350 
1.409590 
1.502660 
1.538933 
1.405092 
1.085933 
0.705001 
0.385841 
0.252000 
0.252000 
0.252000 
0.252000 
0.252000 
0.252000 
0.252000 
0.252000 
0.252000 
0.252000 
0.252000 
0.252000 
0.252000 
0.252000 
0.252000 
0.252000 
0.252000 
0.252000 
0.252000 
0.252000 
0.252000 
0.252000 
0.252000 
0.252000 
0.252000 
0.252000 
0.252000 
0.252000 
0.252000 
0.252000 
0.252000 
0.252889 
0.255467 
0.259601 
0.265156 
0.272000 
0.296668 
0.347772 
0.413288 
0.481194 
0.539467 
0.595020 
0.655983 
0.712156 
0.753339 
0.769333 
0.769333 
0.769333 
0.769333 
0.769333 
0.769333 
0.769333 
0.769333 
0.769333 
0.769333 
0.769333 
0.769081 
0.768331 
0.767094 
0.765380 
0.763200 
0.726103 
0.641128 
0.540514 
0.456502 
0.421333 
0.421333 
0.421333 
0.421333 
0.421333 
0.421333 
0.423023 
0.427682 
0.434697 
0.443452 
0.453333 
0.470357 
0.497236 
0.528403 
0.558291 
0.581333 
0.597973 
0.612656 
0.625820 
0.637900 
0.649333 
0.659241 
0.667470 
0.675545 
0.684992 
0.697333 
0.721044 
0.756908 
0.794916 
0.825061 
0.837333 
0.830123 
0.812928 
0.792405 
0.775211 
0.768000 
0.784501 
0.823851 
0.870816 
0.910165 
0.926667 
0.921675 
0.909771 
0.895563 
0.883659 
0.878667 
0.878667 
0.878667 
0.878667 
0.878667 
0.878667 
0.876251 
0.869499 
0.859155 
0.845963 
0.830667 
0.794432 
0.731309 
0.661370 
0.604688 
0.581333 
0.581333 
0.581333 
0.581333 
0.581333 
0.581333 
0.581333 
0.581333 
0.581333 
0.581333 
0.581333 
0.586390 
0.600982 
0.624247 
0.655319 
0.693333 
0.852931 
1.173931 
1.543240 
1.847761 
1.974400 
1.933802 
1.830346 
1.691535 
1.544874 
1.417867 
1.294188 
1.155462 
1.026123 
0.930603 
0.893333 
1.077344 
1.516139 
2.039861 
2.478656 
2.662667 
2.462987 
1.986827 
1.418507 
0.942347 
0.742667 
0.751649 
0.773667 
0.801327 
0.827235 
0.844000 
0.853554 
0.862268 
0.869405 
0.874228 
0.876000 
0.870027 
0.853986 
0.830691 
0.802957 
0.773600 
0.731615 
0.672515 
0.608887 
0.553319 
0.518400 
0.498716 
0.481279 
0.467309 
0.458031 
0.454667 
0.459187 
0.469967 
0.482833 
0.493613 
0.498133 
0.495831 
0.490342 
0.483791 
0.478302 
0.476000 
0.479860 
0.490459 
0.506328 
0.525999 
0.548000 
0.586308 
0.646379 
0.713962 
0.774808 
0.814667 
0.836181 
0.852870 
0.866802 
0.880045 
0.894667 
0.911764 
0.929958 
0.947604 
0.963055 
0.974667 
0.983846 
0.992514 
0.999791 
1.004802 
1.006667 
0.994744 
0.965778 
0.929973 
0.897534 
0.878667 
0.870393 
0.863217 
0.857565 
0.853862 
0.852533 
0.853483 
0.856064 
0.859878 
0.864523 
0.869600 
0.875849 
0.884268 
0.894843 
0.907559 
0.922400 
0.944884 
0.977205 
1.014364 
1.051362 
1.083200 
1.113422 
1.145588 
1.174722 
1.195851 
1.204000 
1.199840 
1.189920 
1.178080 
1.168160 
1.164000 
1.164000 
1.164000 
1.164000 
1.164000 
1.164000 
1.155940 
1.134604 
1.104258 
1.069168 
1.033600 
0.987107 
0.925294 
0.861501 
0.809067 
0.781333 
0.772636 
0.767138 
0.762923 
0.758072 
0.750667 
0.734606 
0.709788 
0.683293 
0.662203 
0.653600 
0.656164 
0.662669 
0.671331 
0.680369 
0.688000 
0.695104 
0.702885 
0.710048 
0.715296 
0.717333 
0.717333 
0.717333 
0.717333 
0.717333 
0.717333 
0.891249 
1.305971 
1.800962 
2.215684 
2.389600 
2.250596 
1.918232 
1.519476 
1.181298 
1.030667 
1.017482 
1.007061 
0.999498 
0.994891 
0.993333 
0.994443 
0.997088 
1.000245 
1.002891 
1.004000 
1.003847 
1.003393 
1.002641 
1.001597 
1.000267 
0.977307 
0.922531 
0.852674 
0.784474 
0.734667 
0.698657 
0.663449 
0.633179 
0.611984 
0.604000 
0.606938 
0.614735 
0.625863 
0.638793 
0.652000 
0.665945 
0.682305 
0.701372 
0.723440 
0.748800 
0.786162 
0.837396 
0.892536 
0.941615 
0.974667 
0.994209 
1.010094 
1.023355 
1.035023 
1.046133 
1.058055 
1.070324 
1.081219 
1.089018 
1.092000 
1.084387 
1.064437 
1.036479 
1.004845 
0.973867 
0.935289 
0.885535 
0.835949 
0.797878 
0.782667 
0.784441 
0.789483 
0.797372 
0.807684 
0.820000 
0.857553 
0.928047 
1.007765 
1.072988 
1.100000 
1.096237 
1.086790 
1.074426 
1.061907 
1.052000 
1.044999 
1.038933 
1.033168 
1.027068 
1.020000 
1.011650 
1.002294 
0.992180 
0.981554 
0.970667 
0.959114 
0.946680 
0.933889 
0.921265 
0.909333 
0.896484 
0.882344 
0.869296 
0.859721 
0.856000 
0.863609 
0.883148 
0.909683 
0.938278 
0.964000 
0.986276 
1.008416 
1.031311 
1.055853 
1.082933 
1.119987 
1.166918 
1.213323 
1.248797 
1.262933 
1.258060 
1.245263 
1.227276 
1.206833 
1.186667 
1.165480 
1.140925 
1.114164 
1.086358 
1.058667 
1.030922 
1.002305 
0.973000 
0.943192 
0.913067 
0.877389 
0.836018 
0.796780 
0.767499 
0.756000 
0.764644 
0.787478 
0.819857 
0.857135 
0.894667 
0.942334 
1.004684 
1.069067 
1.122833 
1.153333 
1.167147 
1.178900 
1.188013 
1.193907 
1.196000 
1.196000 
1.196000 
1.196000 
1.196000 
1.196000 
1.199467 
1.207733 
1.217600 
1.225867 
1.229333 
1.203541 
1.142037 
1.068629 
1.007125 
0.981333 
0.982890 
0.987283 
0.994097 
1.002919 
1.013333 
1.035284 
1.074101 
1.122450 
1.172995 
1.218400 
1.255323 
1.288659 
1.323426 
1.364644 
1.417333 
1.519638 
1.676685 
1.843966 
1.976973 
2.031200 
1.952696 
1.754056 
1.490589 
1.217601 
0.990400 
0.789180 
0.576206 
0.379895 
0.228665 
0.150933 
0.121726 
0.097645 
0.079476 
0.067999 
0.064000 
0.064000 
0.064000 
0.064000 
0.064000 
0.064000 
0.064000 
0.064000 
0.064000 
0.064000 
0.064000 
0.084429 
0.134246 
0.196250 
0.253235 
0.288000 
0.305293 
0.320614 
0.332890 
0.341043 
0.344000 
0.344000 
0.344000 
0.344000 
0.344000 
0.344000 
0.344000 
0.344000 
0.344000 
0.344000 
0.344000 
0.336126 
0.315898 
0.288407 
0.258744 
0.232000 
0.203953 
0.171182 
0.139981 
0.116644 
0.107467 
0.125549 
0.168668 
0.220132 
0.263251 
0.281333 
0.281333 
0.281333 
0.281333 
0.281333 
0.281333 
0.281333 
0.281333 
0.281333 
0.281333 
0.281333 
0.279038 
0.272710 
0.263182 
0.251289 
0.237867 
0.210883 
0.166651 
0.118525 
0.079857 
0.064000 
0.064000 
0.064000 
0.064000 
0.064000 
0.064000 
0.064000 
0.064000 
0.064000 
0.064000 
0.064000 
0.064000 
0.064000 
0.064000 
0.064000 
0.064000 
0.064000 
0.064000 
0.064000 
0.064000 
0.064000 
0.064000 
0.064000 
0.064000 
0.064000 
0.064000 
0.064000 
0.064000 
0.064000 
0.064000 
0.064000 
0.064000 
0.064000 
0.064000 
0.064000 
0.064000 
0.066295 
0.072624 
0.082152 
0.094044 
0.107467 
0.126801 
0.155732 
0.192383 
0.234876 
0.281333 
