0.000000 
0.000000 
0.000000 
0.000000 
0.000000 
0.000000 
0.000000 
0.000000 
0.000000 
0.000000 
0.000000 
0.000000 
0.000000 
0.000000 
0.000000 
0.000000 
0.000000 
0.000000 
0.000000 
0.000000 
0.000000 
0.000000 
0.000000 
0.000000 
0.000000 
0.000000 
0.000000 
0.000000 
0.000000 
0.000000 
0.000000 
0.000000 
0.000000 
0.000000 
0.000000 
0.000000 
0.000000 
0.000000 
0.000000 
0.000000 
0.000000 
0.000000 
0.000000 
0.000000 
0.000000 
0.000000 
0.000000 
0.000000 
0.000000 
0.000000 
0.000000 
0.000000 
0.000000 
0.000000 
0.000000 
0.000000 
0.000000 
0.000000 
0.000000 
0.000000 
0.000000 
0.000000 
0.000000 
0.000000 
0.000000 
0.000000 
0.000000 
0.000000 
0.000000 
0.000000 
0.000000 
0.000000 
0.000000 
0.000000 
0.000000 
0.000000 
0.000000 
0.000000 
0.000000 
0.000000 
0.000000 
0.000000 
0.000000 
0.000000 
0.000000 
0.000000 
0.000000 
0.000000 
0.000000 
0.000000 
0.000000 
0.000000 
0.000000 
0.000000 
0.000000 
0.000000 
0.000000 
0.000000 
0.000000 
0.000000 
0.000000 
0.000000 
0.000000 
0.000000 
0.000000 
0.000000 
0.000000 
0.000000 
0.000000 
0.000000 
0.000000 
0.000000 
0.000000 
0.000000 
0.000000 
0.000000 
0.000000 
0.000000 
0.000000 
0.000000 
0.000000 
0.000000 
0.000000 
0.000000 
0.000000 
0.000000 
0.000000 
0.000000 
0.000000 
0.000000 
0.000000 
0.000000 
0.000000 
0.000000 
0.000000 
0.000000 
0.000000 
0.000000 
0.000000 
0.000000 
0.000000 
0.000000 
0.000000 
0.000000 
0.000000 
0.000000 
0.000000 
0.000000 
0.000000 
0.000000 
0.000000 
0.000000 
0.000000 
0.000000 
0.000000 
0.000000 
0.000000 
0.000000 
0.000000 
0.000000 
0.000000 
0.000000 
0.000000 
0.000000 
0.000000 
0.000000 
0.000000 
0.000000 
0.000000 
0.000000 
0.000000 
0.000000 
0.000000 
0.000000 
0.000000 
0.000000 
0.000000 
0.000000 
0.000000 
0.000000 
0.000000 
0.000000 
0.000000 
0.000000 
0.000000 
0.000000 
0.000000 
0.000000 
0.000000 
0.000000 
0.000000 
0.000000 
0.000000 
0.000000 
0.000000 
0.000000 
0.000000 
0.000000 
0.000000 
0.000000 
0.000000 
0.000000 
0.000000 
0.000000 
0.000000 
0.000000 
0.000000 
0.000000 
0.000000 
0.000000 
0.000000 
0.000000 
0.000000 
0.000000 
0.000000 
0.000000 
0.000000 
0.000000 
0.000000 
0.000000 
0.000000 
0.000000 
0.000000 
0.000000 
0.000000 
0.000000 
0.000000 
0.000000 
0.000000 
0.000000 
0.000000 
0.000000 
0.000000 
0.000000 
0.000000 
0.000000 
0.000000 
0.000000 
0.000000 
0.000000 
0.000000 
0.000000 
0.000000 
0.000000 
0.000000 
0.000000 
0.000000 
0.000000 
0.000000 
0.000000 
0.000000 
0.000000 
0.000000 
0.000000 
0.000000 
0.000000 
0.000000 
0.000000 
0.000000 
0.000000 
0.000000 
0.000000 
0.000000 
0.000000 
0.000000 
0.000000 
0.000000 
0.000000 
0.000000 
0.000000 
0.000000 
0.000000 
0.000000 
0.000000 
0.000000 
0.000000 
0.000000 
0.000000 
0.000000 
0.000000 
0.000000 
0.000000 
0.000000 
0.000000 
0.000000 
0.000000 
0.000000 
0.000000 
0.000000 
0.000000 
0.000000 
0.000000 
0.000000 
0.000000 
0.000000 
0.000000 
0.000000 
0.000000 
0.000000 
0.000000 
0.000000 
0.000000 
0.000000 
0.000000 
0.000000 
0.000000 
0.000000 
0.000000 
0.000000 
0.000000 
0.000000 
0.000000 
0.000000 
0.000000 
0.000000 
0.000000 
0.000000 
0.000000 
0.000000 
0.000000 
0.000000 
0.000000 
0.000000 
0.000000 
0.000000 
0.000000 
0.000000 
0.000000 
0.000000 
0.000000 
0.000000 
0.000000 
0.000000 
0.000000 
0.000000 
0.000000 
0.000000 
0.000000 
0.000000 
0.000000 
0.000000 
0.000000 
0.000000 
0.000000 
0.000000 
0.000000 
0.000000 
0.000000 
0.000000 
0.000000 
0.000000 
0.000000 
0.000000 
0.000000 
0.000000 
0.000000 
0.000000 
0.000000 
0.000000 
0.000000 
0.000000 
0.000000 
0.000000 
0.000000 
0.000000 
0.000000 
0.000000 
0.000000 
0.000000 
0.000000 
0.000000 
0.000000 
0.000000 
0.000000 
0.000000 
0.000000 
0.000000 
0.000000 
0.000000 
0.000000 
0.000000 
0.000000 
0.000000 
0.000000 
0.000000 
0.000000 
0.000000 
0.000000 
0.000000 
0.000000 
0.000000 
0.000000 
0.000000 
0.000000 
0.000000 
0.000000 
0.000000 
0.000000 
0.000000 
0.000000 
0.000000 
0.000000 
0.000000 
0.000000 
0.000000 
0.000000 
0.000000 
0.000000 
0.000000 
0.000000 
0.000000 
0.000000 
0.000000 
0.000000 
0.000000 
0.000000 
0.000000 
0.000000 
0.000000 
0.000000 
0.000000 
0.002216 
0.011473 
0.013912 
0.017861 
0.016200 
0.017145 
0.012301 
0.012751 
0.008800 
0.013808 
0.017614 
0.031658 
0.038705 
0.039717 
0.044896 
0.053570 
0.057955 
0.062000 
0.061725 
0.060489 
0.071999 
0.063854 
0.078794 
0.081138 
0.068068 
0.097733 
0.091893 
0.088643 
0.105110 
0.109763 
0.100576 
0.105724 
0.094425 
0.099179 
0.093712 
0.101894 
0.137142 
0.143750 
0.111602 
0.133913 
0.117891 
0.096994 
0.091044 
0.059877 
0.039132 
0.001515 
0.000000 
0.000000 
0.000000 
0.000000 
0.000000 
0.013061 
0.045718 
0.074711 
0.081113 
0.089413 
0.090730 
0.097097 
0.114062 
0.112210 
0.098101 
0.075966 
0.096226 
0.101791 
0.092635 
0.100668 
0.113380 
0.106140 
0.119198 
0.100515 
0.114424 
0.102023 
0.100411 
0.107204 
0.105868 
0.102830 
0.135990 
0.135715 
0.106682 
0.110763 
0.102544 
0.066522 
0.064619 
0.063484 
0.057103 
0.088669 
0.115753 
0.096443 
0.153944 
0.129287 
0.099393 
0.046964 
0.007035 
0.000000 
0.000000 
0.000000 
0.000000 
0.000000 
0.000000 
0.000000 
0.000000 
0.000000 
0.010269 
0.040257 
0.064350 
0.098523 
0.144902 
0.138799 
0.153986 
0.169034 
0.157129 
0.164572 
0.189570 
0.148311 
0.142070 
0.184883 
0.191972 
0.183541 
0.190786 
0.182830 
0.161930 
0.164536 
0.168808 
0.190879 
0.187281 
0.178052 
0.191795 
0.164081 
0.196956 
0.196000 
0.172247 
0.154655 
0.192514 
0.177226 
0.201282 
0.179238 
0.200864 
0.170132 
0.185037 
0.191259 
0.222389 
0.215665 
0.134634 
0.200245 
0.204220 
0.200989 
0.182049 
0.177775 
0.197920 
0.225092 
0.179077 
0.198492 
0.198453 
0.233418 
0.231118 
0.219629 
0.229427 
0.264618 
0.226815 
0.255824 
0.228067 
0.217589 
0.240072 
0.193224 
0.208233 
0.228099 
0.231065 
0.207841 
0.228044 
0.229162 
0.255884 
0.250239 
0.328416 
0.243716 
0.286301 
0.176306 
0.138165 
0.096810 
0.075043 
0.075716 
0.076751 
0.097775 
0.121140 
0.148823 
0.162251 
0.217888 
0.254549 
0.258901 
0.272486 
0.315357 
0.279966 
0.248065 
0.232495 
0.219811 
0.208919 
0.168053 
0.129399 
0.121043 
0.091158 
0.067610 
0.056447 
0.032637 
0.025107 
0.019994 
0.046838 
0.107723 
0.176652 
0.258018 
0.267143 
0.270775 
0.279304 
0.258786 
0.218215 
0.256230 
0.199077 
0.156384 
0.126197 
0.090477 
0.106328 
0.120758 
0.155655 
0.224657 
0.258430 
0.278573 
0.313758 
0.309991 
0.209014 
0.248450 
0.256241 
0.274784 
0.258809 
0.242765 
0.239689 
0.236448 
0.253187 
0.205007 
0.245607 
0.266674 
0.301963 
0.285762 
0.243585 
0.246562 
0.179892 
0.144111 
0.108536 
0.038834 
0.000000 
0.000000 
0.000000 
0.000000 
0.000000 
0.000000 
0.000000 
0.000000 
0.000000 
0.000897 
0.068827 
0.145194 
0.203608 
0.259178 
0.223524 
0.270214 
0.239957 
0.298307 
0.235320 
0.272410 
0.289447 
0.298905 
0.310346 
0.276487 
0.296001 
0.348429 
0.291892 
0.233605 
0.225991 
0.281625 
0.307480 
0.325506 
0.287124 
0.304029 
0.318114 
0.293873 
0.276991 
0.261286 
0.195994 
0.123011 
0.049475 
0.000000 
0.000000 
0.000000 
0.000000 
0.000000 
0.012758 
0.034152 
0.055795 
0.074557 
0.076007 
0.105128 
0.104680 
0.095058 
0.070766 
0.032676 
0.002666 
0.000000 
0.002447 
0.033501 
0.061400 
0.096141 
0.125410 
0.133209 
0.178326 
0.213891 
0.197861 
0.202426 
0.218957 
0.146895 
0.089463 
0.033115 
0.009182 
0.011786 
0.016140 
0.021173 
0.021942 
0.022944 
0.022125 
0.013513 
0.005340 
0.000350 
0.000000 
0.001028 
0.011553 
0.022434 
0.038010 
0.055339 
0.055939 
0.067153 
0.084598 
0.088726 
0.124053 
0.176417 
0.192059 
0.257157 
0.252827 
0.282904 
0.255692 
0.226097 
0.274313 
0.267405 
0.213563 
0.204821 
0.123437 
0.070045 
0.023485 
0.000000 
0.000000 
0.000000 
0.000000 
0.000000 
0.000000 
0.000000 
0.000000 
0.025046 
0.064279 
0.100209 
0.157715 
0.199468 
0.325045 
0.340970 
0.308756 
0.286456 
0.354345 
0.325130 
0.358068 
0.269028 
0.299377 
0.268946 
0.317830 
0.294853 
0.308037 
0.287737 
0.239996 
0.327964 
0.332965 
0.274926 
0.312463 
0.267491 
0.258320 
0.284799 
0.244205 
0.301831 
0.301899 
0.336325 
0.328422 
0.310094 
0.293739 
0.268831 
0.268974 
0.261804 
0.306011 
0.260076 
0.258897 
0.339811 
0.252284 
0.273153 
0.262294 
0.226446 
0.212366 
0.177280 
0.194100 
0.167579 
0.207233 
0.238587 
0.309065 
0.283454 
0.282872 
0.314895 
0.248367 
0.241156 
0.299104 
0.258294 
0.220833 
0.265985 
0.285167 
0.264497 
0.232417 
0.246417 
0.323178 
0.264796 
0.279830 
0.298260 
0.267519 
0.227405 
0.220182 
0.167258 
0.165713 
0.134291 
0.121225 
0.116858 
0.121888 
0.129346 
0.168375 
0.205339 
0.269179 
0.241482 
0.264380 
0.254740 
0.241154 
0.244477 
0.290971 
0.244062 
0.260055 
0.272419 
0.258677 
0.226246 
0.238108 
0.195703 
0.287594 
0.291096 
0.289662 
0.259268 
0.255082 
0.237232 
0.217422 
0.214717 
0.184197 
0.209811 
0.198871 
0.191359 
0.173342 
0.188139 
0.178587 
0.150395 
0.171851 
0.122671 
0.186121 
0.201595 
0.205977 
0.183078 
0.195820 
0.211250 
0.229306 
0.202229 
0.237044 
0.204072 
0.194253 
0.154068 
0.093315 
0.035117 
0.010990 
0.002721 
0.000000 
0.000000 
0.000000 
0.000000 
0.000000 
0.000000 
0.000000 
0.000000 
0.000000 
0.000000 
0.000000 
0.000000 
0.000000 
0.006020 
0.014423 
0.033924 
0.048415 
0.078236 
0.113696 
0.144641 
0.148858 
0.179462 
0.218818 
0.193329 
0.206620 
0.203047 
0.181282 
0.139306 
0.144648 
0.144988 
0.097398 
0.102159 
0.075504 
0.083011 
0.074937 
0.064863 
0.065095 
0.065529 
0.070589 
0.068213 
0.065321 
0.081503 
0.101618 
0.095626 
0.125151 
0.176288 
0.179650 
0.174657 
0.205566 
0.232382 
0.227339 
0.206654 
0.231309 
0.202581 
0.218980 
0.181246 
0.189810 
0.131319 
0.124926 
0.123268 
0.121584 
0.099142 
0.088973 
0.100659 
0.108310 
0.103418 
0.120843 
0.132067 
0.116271 
0.125108 
0.131848 
0.146137 
0.145639 
0.166414 
0.139390 
0.161402 
0.162188 
0.148623 
0.154716 
0.175955 
0.138709 
0.118146 
0.082552 
0.078460 
0.066487 
0.105029 
0.103771 
0.129767 
0.119461 
0.125780 
0.142183 
0.083727 
0.071989 
0.048006 
0.050990 
0.075979 
0.058185 
0.068768 
0.081587 
0.066204 
0.083687 
0.062579 
0.069660 
0.079142 
0.058229 
0.070011 
0.058020 
0.048338 
0.060469 
0.043175 
0.059529 
0.038753 
0.041586 
0.031864 
0.028475 
0.025595 
0.025953 
0.016258 
0.010684 
0.007852 
0.003848 
0.000221 
0.000000 
0.000000 
0.000000 
0.000000 
0.000000 
0.000000 
0.000000 
0.000000 
0.000000 
0.000000 
0.000000 
0.000000 
0.000000 
0.000000 
0.000000 
0.000000 
0.000000 
0.000000 
0.000000 
0.000000 
0.000000 
0.000000 
0.000000 
0.000000 
0.000000 
0.000000 
0.000000 
0.000000 
0.000000 
0.000000 
0.000908 
0.002631 
0.004939 
0.006193 
0.007610 
0.009101 
0.010887 
0.013785 
0.012050 
0.014852 
0.013674 
0.013380 
0.013086 
0.014082 
0.014092 
0.012874 
0.014451 
0.011982 
0.018078 
0.024961 
0.026307 
0.034262 
0.037454 
0.035548 
0.035025 
0.038503 
0.030547 
0.042275 
0.075366 
0.085235 
0.100702 
0.142930 
0.114806 
0.124688 
0.105324 
0.108711 
0.082745 
0.078440 
0.078476 
0.054407 
0.044951 
0.047664 
0.038769 
0.040581 
0.048745 
0.038646 
0.040453 
0.032413 
0.031351 
0.020392 
0.012711 
0.011743 
0.008937 
0.005607 
0.003880 
0.001819 
0.000477 
0.000000 
0.000000 
0.000000 
0.000000 
0.000000 
0.000000 
0.000000 
0.000079 
0.001325 
0.001738 
0.001516 
0.000746 
0.000150 
0.000000 
0.000000 
0.000000 
0.000000 
0.000000 
0.000000 
0.000000 
0.000000 
0.000000 
0.001007 
0.002073 
0.003055 
0.002282 
0.001397 
0.000451 
0.000000 
0.000000 
0.000000 
0.000000 
0.000000 
0.000000 
0.000000 
0.000000 
0.000000 
0.000000 
0.000000 
0.000000 
0.000000 
0.000000 
0.000000 
0.000000 
0.000000 
0.000000 
0.000000 
0.000000 
0.000000 
0.000000 
0.000000 
0.000000 
0.000000 
0.000000 
0.000000 
0.000000 
0.000000 
0.000000 
0.000000 
0.000000 
0.000000 
0.000000 
0.000000 
0.000000 
0.000000 
0.000000 
0.000000 
0.000000 
0.000000 
0.000000 
0.000000 
0.000000 
0.000000 
0.000000 
0.000000 
0.000000 
0.000000 
0.000000 
0.000000 
0.000000 
0.000000 
0.000000 
0.000000 
0.000000 
0.000000 
0.000000 
0.000000 
0.000000 
0.000000 
0.000000 
0.000000 
0.000000 
0.000000 
0.000000 
0.000000 
0.000000 
0.000000 
0.000000 
0.000000 
0.000000 
0.000000 
0.000000 
0.000000 
0.000000 
0.000000 
0.000000 
0.000000 
0.000000 
0.000000 
0.000000 
0.000000 
0.000000 
0.000000 
0.000000 
0.000000 
0.000000 
0.000000 
0.000000 
0.000000 
0.000000 
0.000000 
0.000000 
0.000000 
0.000000 
0.000000 
0.000000 
0.000000 
0.000000 
0.000000 
0.000000 
0.000000 
0.000000 
0.000000 
0.000000 
0.000000 
0.000000 
0.000000 
0.000000 
0.000000 
0.000000 
0.000000 
0.000000 
0.000000 
0.000000 
0.000000 
0.000000 
0.000000 
0.000000 
0.000000 
0.000000 
0.000000 
0.000000 
0.000000 
0.000000 
0.000000 
0.000000 
0.000000 
0.000000 
0.000000 
0.000000 
0.000000 
0.000000 
0.000000 
0.000000 
0.000000 
0.000000 
0.000000 
0.000000 
0.000000 
0.000000 
0.000000 
0.000000 
0.000000 
0.000000 
0.000000 
0.000000 
0.000000 
0.000000 
0.000000 
0.000000 
0.000000 
0.000000 
0.000000 
0.000000 
0.000000 
0.000000 
0.000000 
0.000000 
0.000000 
0.000000 
0.000000 
0.000000 
0.000000 
0.000000 
0.000000 
0.000000 
0.000000 
0.000000 
0.000000 
0.000000 
0.000000 
0.000000 
0.000000 
0.000000 
0.000000 
0.000000 
0.000000 
0.000000 
0.000000 
0.000000 
0.000000 
0.000000 
0.000000 
0.000000 
0.000000 
0.000000 
0.000000 
0.000000 
0.000000 
0.000000 
0.000000 
0.000000 
0.000000 
0.000000 
0.000000 
0.000000 
0.000000 
0.000000 
0.000000 
0.000000 
0.000000 
0.000000 
0.000000 
0.000000 
0.000000 
0.000000 
0.000000 
0.000000 
0.000000 
0.000000 
0.000000 
0.000000 
0.000000 
0.000000 
0.000000 
0.000000 
0.000000 
0.000000 
0.000000 
0.000000 
0.000000 
0.000000 
0.000000 
0.000000 
0.000000 
0.000000 
0.000000 
0.000000 
0.000000 
0.000000 
0.000000 
0.000000 
0.000000 
0.000000 
0.000000 
0.000000 
0.000000 
0.000000 
0.000000 
0.000000 
0.000000 
0.000000 
0.000000 
0.000000 
0.000000 
0.000000 
0.000000 
0.000000 
0.000000 
0.000000 
0.000000 
0.000000 
0.000000 
0.000000 
0.000000 
0.000000 
0.000000 
0.000000 
0.000000 
0.000000 
0.000000 
0.000000 
0.000000 
0.000000 
0.000000 
0.000000 
0.000000 
0.000000 
0.000000 
0.000000 
0.000000 
0.000000 
0.000000 
0.000000 
0.000000 
0.000000 
0.000000 
0.000000 
0.000000 
0.000000 
0.000000 
0.000000 
0.000000 
0.000000 
0.000000 
0.000000 
0.000000 
0.000000 
0.000000 
0.000000 
