0.000000 
0.000000 
0.000000 
0.000000 
0.000000 
0.000000 
0.000000 
0.000000 
0.000000 
0.000000 
0.000000 
0.000000 
0.000000 
0.000000 
0.000000 
0.000000 
0.000000 
0.000000 
0.000000 
0.000000 
0.000000 
0.000000 
0.000000 
0.000000 
0.000000 
0.000000 
0.000000 
0.000000 
0.000000 
0.000000 
0.000000 
0.000000 
0.000000 
0.000000 
0.000000 
0.000000 
0.000000 
0.000000 
0.000000 
0.000000 
0.000000 
0.000000 
0.000000 
0.000000 
0.000000 
0.000000 
0.000000 
0.000000 
0.000000 
0.000000 
0.000000 
0.000000 
0.000000 
0.000000 
0.000000 
0.000000 
0.000000 
0.000000 
0.000000 
0.000000 
0.000000 
0.000000 
0.000000 
0.000000 
0.000000 
0.000000 
0.000000 
0.000000 
0.000000 
0.000000 
0.000000 
0.000000 
0.000000 
0.000000 
0.000000 
0.000000 
0.000000 
0.000000 
0.000000 
0.000000 
0.000000 
0.000000 
0.000000 
0.000000 
0.000000 
0.000000 
0.000000 
0.000000 
0.000000 
0.000000 
0.000000 
0.000000 
0.000000 
0.000000 
0.000000 
0.000000 
0.000000 
0.000000 
0.000000 
0.000000 
0.000000 
0.000000 
0.000000 
0.000000 
0.000000 
0.000000 
0.000000 
0.000000 
0.000000 
0.000000 
0.000000 
0.000000 
0.000000 
0.000000 
0.000000 
0.000000 
0.000000 
0.000000 
0.000000 
0.000000 
0.000000 
0.000000 
0.000000 
0.000000 
0.000000 
0.000000 
0.000000 
0.000000 
0.000000 
0.000000 
0.000000 
0.000000 
0.000000 
0.000000 
0.000000 
0.000000 
0.000000 
0.000000 
0.000000 
0.000000 
0.000000 
0.000000 
0.000000 
0.000000 
0.000000 
0.000000 
0.000000 
0.000000 
0.000000 
0.000000 
0.000000 
0.000000 
0.000000 
0.000000 
0.000000 
0.000000 
0.000000 
0.000000 
0.000000 
0.000000 
0.000000 
0.000000 
0.000000 
0.000000 
0.000000 
0.000000 
0.000000 
0.000000 
0.000000 
0.000000 
0.000000 
0.000000 
0.000000 
0.000000 
0.000000 
0.000000 
0.000000 
0.000000 
0.000000 
0.000000 
0.000000 
0.000000 
0.000000 
0.000000 
0.000000 
0.000000 
0.000000 
0.000000 
0.000000 
0.000000 
0.000000 
0.000000 
0.000000 
0.000000 
0.000000 
0.000000 
0.000000 
0.000000 
0.000000 
0.000000 
0.000000 
0.000000 
0.000000 
0.000000 
0.000000 
0.000000 
0.000000 
0.000000 
0.000000 
0.000000 
0.000000 
0.000000 
0.000000 
0.000000 
0.000000 
0.000000 
0.000000 
0.000000 
0.000000 
0.000000 
0.000000 
0.000000 
0.000000 
0.000000 
0.000000 
0.000000 
0.000000 
0.000000 
0.000000 
0.000000 
0.000000 
0.000000 
0.000000 
0.000000 
0.000000 
0.000000 
0.000000 
0.000000 
0.000000 
0.000000 
0.000000 
0.000000 
0.000000 
0.000000 
0.000000 
0.000000 
0.000000 
0.000000 
0.000000 
0.000000 
0.000000 
0.000000 
0.000000 
0.000000 
0.000000 
0.000000 
0.000000 
0.000000 
0.000000 
0.000000 
0.000000 
0.000000 
0.000000 
0.000000 
0.000000 
0.000000 
0.000000 
0.000000 
0.000000 
0.000000 
0.000000 
0.000000 
0.000000 
0.000000 
0.000000 
0.000000 
0.000000 
0.000000 
0.000000 
0.000000 
0.000000 
0.000000 
0.000000 
0.000000 
0.000000 
0.000000 
0.000000 
0.000000 
0.000000 
0.000000 
0.000000 
0.000000 
0.000000 
0.000000 
0.000000 
0.000000 
0.000000 
0.000000 
0.000000 
0.000000 
0.000000 
0.000000 
0.000000 
0.000000 
0.000000 
0.000000 
0.000000 
0.000000 
0.000000 
0.000000 
0.000000 
0.000000 
0.000000 
0.000000 
0.000000 
0.000000 
0.000000 
0.000000 
0.000000 
0.000000 
0.000000 
0.000000 
0.000000 
0.000000 
0.000000 
0.000000 
0.000000 
0.000000 
0.000000 
0.000000 
0.000000 
0.000000 
0.000000 
0.000000 
0.000000 
0.000000 
0.000000 
0.000000 
0.000000 
0.000000 
0.000000 
0.000000 
0.000000 
0.000000 
0.000000 
0.000000 
0.000000 
0.000000 
0.000000 
0.000000 
0.000000 
0.000000 
0.000000 
0.000000 
0.000000 
0.000000 
0.000000 
0.000000 
0.000000 
0.000000 
0.000000 
0.000000 
0.000000 
0.000000 
0.000000 
0.000000 
0.000000 
0.000000 
0.000000 
0.000000 
0.000000 
0.000000 
0.000000 
0.000000 
0.000000 
0.000000 
0.000000 
0.000000 
0.000000 
0.000000 
0.000000 
0.000000 
0.000000 
0.000000 
0.000000 
0.000000 
0.000000 
0.000000 
0.000000 
0.000000 
0.000000 
0.000000 
0.000000 
0.000000 
0.000000 
0.000000 
0.000000 
0.000000 
0.000000 
0.000000 
0.000000 
0.000000 
0.000000 
0.000000 
0.000000 
0.000000 
0.000000 
0.000000 
0.000000 
0.000000 
0.000000 
0.000000 
0.000000 
0.000000 
0.000000 
0.000000 
0.000000 
0.000000 
0.000000 
0.000000 
0.000000 
0.004707 
0.019042 
0.026353 
0.030035 
0.034233 
0.034054 
0.029616 
0.023307 
0.020645 
0.028830 
0.044444 
0.047739 
0.081478 
0.093435 
0.097581 
0.105135 
0.106111 
0.109171 
0.128219 
0.136317 
0.123046 
0.127950 
0.164369 
0.155947 
0.152951 
0.159252 
0.188362 
0.208971 
0.203082 
0.179759 
0.223783 
0.186955 
0.145583 
0.187565 
0.205585 
0.212945 
0.219009 
0.274243 
0.259014 
0.244964 
0.228583 
0.194147 
0.160772 
0.155092 
0.084288 
0.003682 
0.000000 
0.000000 
0.000000 
0.000000 
0.000000 
0.022884 
0.092253 
0.135757 
0.172555 
0.173434 
0.178292 
0.178587 
0.191979 
0.223318 
0.226246 
0.232276 
0.220484 
0.224197 
0.192405 
0.188703 
0.212779 
0.185365 
0.224988 
0.227086 
0.223070 
0.197946 
0.219497 
0.181821 
0.243372 
0.230514 
0.234022 
0.259929 
0.221953 
0.246500 
0.210796 
0.190413 
0.131759 
0.119206 
0.114021 
0.182099 
0.202957 
0.290523 
0.330071 
0.263789 
0.208573 
0.101912 
0.013267 
0.000000 
0.000000 
0.000000 
0.000000 
0.000000 
0.000000 
0.000000 
0.000000 
0.000000 
0.016745 
0.095723 
0.157084 
0.197398 
0.236462 
0.262744 
0.331402 
0.355456 
0.377369 
0.355052 
0.242571 
0.342193 
0.339694 
0.324127 
0.296118 
0.293942 
0.338697 
0.337290 
0.374285 
0.323217 
0.377785 
0.420536 
0.373021 
0.415932 
0.375673 
0.365356 
0.322725 
0.372558 
0.377366 
0.353303 
0.321961 
0.336123 
0.357425 
0.382286 
0.359801 
0.352208 
0.437784 
0.340746 
0.352521 
0.382114 
0.352739 
0.396754 
0.401530 
0.320254 
0.363876 
0.358812 
0.391791 
0.380152 
0.426283 
0.410442 
0.479130 
0.444820 
0.390807 
0.480866 
0.529305 
0.417432 
0.416158 
0.436791 
0.455336 
0.498377 
0.503593 
0.375138 
0.400682 
0.448055 
0.391631 
0.397632 
0.419132 
0.414557 
0.410293 
0.465791 
0.415418 
0.578437 
0.557291 
0.415712 
0.300897 
0.160003 
0.111503 
0.150220 
0.153132 
0.186721 
0.203367 
0.229490 
0.389198 
0.386920 
0.408315 
0.676611 
0.472257 
0.536078 
0.529407 
0.429393 
0.417962 
0.454642 
0.390888 
0.402302 
0.288285 
0.211534 
0.216116 
0.135035 
0.125643 
0.069305 
0.043859 
0.038109 
0.102406 
0.222967 
0.477575 
0.496264 
0.590756 
0.636614 
0.615088 
0.412568 
0.457220 
0.456199 
0.425817 
0.344764 
0.285403 
0.235486 
0.216557 
0.194247 
0.320902 
0.505670 
0.575489 
0.532970 
0.568503 
0.521753 
0.520686 
0.592459 
0.466649 
0.451389 
0.475638 
0.449643 
0.447247 
0.459174 
0.471492 
0.560205 
0.584491 
0.515226 
0.644157 
0.470469 
0.529410 
0.430216 
0.341916 
0.289638 
0.205385 
0.088215 
0.000000 
0.000000 
0.000000 
0.000000 
0.000000 
0.000000 
0.000000 
0.000000 
0.000000 
0.002335 
0.151990 
0.285534 
0.426870 
0.394215 
0.457831 
0.606711 
0.517907 
0.565625 
0.576201 
0.668159 
0.564819 
0.457190 
0.608451 
0.518350 
0.545077 
0.580212 
0.532592 
0.507044 
0.697445 
0.665760 
0.601895 
0.564848 
0.586938 
0.660598 
0.503154 
0.539859 
0.580136 
0.447772 
0.370529 
0.191894 
0.101262 
0.000000 
0.000000 
0.000000 
0.000000 
0.000000 
0.025211 
0.061716 
0.091557 
0.128181 
0.169292 
0.189412 
0.181303 
0.158536 
0.136612 
0.052319 
0.004671 
0.000000 
0.004824 
0.064930 
0.133194 
0.235815 
0.256483 
0.358013 
0.345682 
0.381581 
0.398545 
0.394956 
0.327632 
0.263540 
0.167482 
0.066136 
0.022875 
0.021853 
0.033366 
0.042983 
0.049692 
0.047392 
0.039666 
0.031660 
0.012989 
0.001065 
0.000000 
0.002742 
0.024867 
0.053041 
0.079571 
0.086158 
0.124040 
0.146978 
0.157421 
0.177895 
0.222641 
0.300719 
0.323326 
0.443715 
0.442765 
0.497935 
0.601513 
0.519154 
0.447311 
0.548262 
0.395678 
0.398440 
0.249120 
0.155018 
0.050408 
0.000000 
0.000000 
0.000000 
0.000000 
0.000000 
0.000000 
0.000000 
0.000000 
0.044473 
0.136963 
0.193445 
0.305659 
0.393007 
0.479545 
0.638925 
0.701179 
0.570307 
0.649269 
0.557056 
0.651099 
0.532011 
0.559163 
0.685261 
0.580295 
0.618834 
0.611018 
0.577995 
0.485632 
0.594192 
0.590751 
0.518185 
0.566298 
0.542776 
0.575244 
0.554089 
0.556964 
0.510666 
0.657407 
0.470014 
0.638652 
0.636806 
0.636056 
0.705873 
0.692039 
0.605986 
0.699644 
0.662661 
0.565938 
0.542279 
0.579885 
0.611228 
0.611899 
0.496179 
0.476266 
0.400066 
0.424373 
0.346564 
0.428770 
0.582930 
0.532538 
0.596878 
0.510235 
0.634496 
0.620158 
0.581395 
0.554934 
0.533029 
0.520403 
0.584985 
0.579112 
0.549496 
0.483012 
0.552840 
0.456386 
0.543903 
0.563405 
0.590137 
0.459582 
0.484447 
0.365981 
0.397918 
0.276938 
0.306777 
0.193979 
0.254050 
0.221769 
0.240788 
0.359294 
0.403328 
0.528235 
0.495987 
0.522824 
0.585647 
0.533272 
0.564765 
0.492390 
0.560262 
0.541682 
0.446208 
0.493970 
0.431263 
0.451196 
0.450597 
0.407186 
0.531316 
0.535487 
0.482311 
0.442256 
0.518852 
0.455206 
0.503624 
0.428467 
0.455811 
0.407917 
0.406361 
0.419681 
0.362198 
0.350104 
0.317308 
0.302209 
0.390329 
0.312539 
0.428093 
0.354232 
0.392459 
0.525474 
0.403684 
0.455410 
0.393147 
0.452264 
0.392243 
0.345710 
0.299091 
0.158960 
0.078861 
0.020359 
0.004353 
0.000000 
0.000000 
0.000000 
0.000000 
0.000000 
0.000000 
0.000000 
0.000000 
0.000000 
0.000000 
0.000000 
0.000000 
0.000000 
0.013758 
0.034844 
0.069649 
0.100645 
0.162734 
0.166406 
0.270955 
0.310726 
0.463349 
0.297045 
0.490590 
0.371510 
0.370325 
0.391262 
0.262345 
0.319282 
0.255039 
0.251623 
0.186498 
0.160091 
0.157789 
0.153255 
0.120351 
0.128862 
0.139904 
0.115133 
0.121541 
0.148527 
0.167124 
0.154907 
0.180098 
0.263218 
0.339625 
0.332930 
0.399778 
0.442961 
0.379670 
0.424988 
0.402661 
0.433013 
0.364891 
0.395373 
0.401663 
0.331719 
0.307022 
0.217575 
0.252108 
0.224481 
0.189181 
0.233484 
0.207271 
0.205760 
0.223690 
0.226246 
0.266338 
0.221188 
0.233917 
0.295250 
0.278496 
0.324016 
0.239506 
0.308000 
0.318561 
0.252470 
0.291261 
0.312348 
0.250868 
0.285758 
0.161932 
0.162605 
0.143124 
0.139455 
0.211417 
0.230747 
0.237286 
0.268267 
0.287583 
0.272858 
0.161114 
0.123262 
0.098701 
0.116566 
0.102274 
0.126296 
0.129006 
0.162957 
0.139659 
0.153768 
0.153064 
0.132780 
0.156862 
0.134031 
0.152825 
0.136650 
0.126489 
0.096277 
0.105815 
0.108895 
0.082332 
0.080560 
0.071014 
0.065056 
0.050440 
0.039340 
0.030502 
0.020604 
0.015517 
0.006898 
0.000462 
0.000000 
0.000000 
0.000000 
0.000000 
0.000000 
0.000000 
0.000000 
0.000000 
0.000000 
0.000000 
0.000000 
0.000000 
0.000000 
0.000000 
0.000000 
0.000000 
0.000000 
0.000000 
0.000000 
0.000000 
0.000000 
0.000000 
0.000000 
0.000000 
0.000000 
0.000000 
0.000000 
0.000000 
0.000000 
0.000000 
0.001839 
0.005600 
0.008385 
0.013993 
0.017801 
0.019884 
0.021477 
0.023252 
0.024399 
0.026593 
0.029546 
0.020997 
0.026762 
0.023381 
0.027229 
0.022953 
0.021480 
0.023462 
0.030042 
0.034220 
0.065135 
0.066394 
0.073340 
0.075855 
0.076194 
0.067987 
0.072796 
0.104516 
0.123605 
0.177796 
0.192558 
0.241496 
0.215961 
0.221237 
0.230261 
0.214006 
0.190135 
0.146449 
0.136617 
0.142196 
0.105545 
0.079265 
0.087316 
0.080037 
0.097622 
0.071263 
0.062603 
0.067867 
0.073031 
0.036069 
0.030438 
0.025835 
0.020045 
0.012811 
0.006926 
0.003540 
0.001918 
0.000000 
0.000000 
0.000000 
0.000000 
0.000000 
0.000000 
0.000000 
0.001107 
0.003444 
0.003521 
0.003837 
0.002748 
0.000967 
0.000000 
0.000000 
0.000000 
0.000000 
0.000000 
0.000000 
0.000000 
0.000000 
0.000062 
0.003306 
0.005661 
0.005132 
0.005336 
0.004370 
0.001634 
0.000000 
0.000000 
0.000000 
0.000000 
0.000000 
0.000000 
0.000000 
0.000000 
0.000000 
0.000000 
0.000000 
0.000000 
0.000000 
0.000000 
0.000000 
0.000000 
0.000000 
0.000000 
0.000000 
0.000000 
0.000000 
0.000000 
0.000000 
0.000000 
0.000000 
0.000000 
0.000000 
0.000000 
0.000000 
0.000000 
0.000000 
0.000000 
0.000000 
0.000000 
0.000000 
0.000000 
0.000000 
0.000000 
0.000000 
0.000000 
0.000000 
0.000000 
0.000000 
0.000000 
0.000000 
0.000000 
0.000000 
0.000000 
0.000000 
0.000000 
0.000000 
0.000000 
0.000000 
0.000000 
0.000000 
0.000000 
0.000000 
0.000000 
0.000000 
0.000000 
0.000000 
0.000000 
0.000000 
0.000000 
0.000000 
0.000000 
0.000000 
0.000000 
0.000000 
0.000000 
0.000000 
0.000000 
0.000000 
0.000000 
0.000000 
0.000000 
0.000000 
0.000000 
0.000000 
0.000000 
0.000000 
0.000000 
0.000000 
0.000000 
0.000000 
0.000000 
0.000000 
0.000000 
0.000000 
0.000000 
0.000000 
0.000000 
0.000000 
0.000000 
0.000000 
0.000000 
0.000000 
0.000000 
0.000000 
0.000000 
0.000000 
0.000000 
0.000000 
0.000000 
0.000000 
0.000000 
0.000000 
0.000000 
0.000000 
0.000000 
0.000000 
0.000000 
0.000000 
0.000000 
0.000000 
0.000000 
0.000000 
0.000000 
0.000000 
0.000000 
0.000000 
0.000000 
0.000000 
0.000000 
0.000000 
0.000000 
0.000000 
0.000000 
0.000000 
0.000000 
0.000000 
0.000000 
0.000000 
0.000000 
0.000000 
0.000000 
0.000000 
0.000000 
0.000000 
0.000000 
0.000000 
0.000000 
0.000000 
0.000000 
0.000000 
0.000000 
0.000000 
0.000000 
0.000000 
0.000000 
0.000000 
0.000000 
0.000000 
0.000000 
0.000000 
0.000000 
0.000000 
0.000000 
0.000000 
0.000000 
0.000000 
0.000000 
0.000000 
0.000000 
0.000000 
0.000000 
0.000000 
0.000000 
0.000000 
0.000000 
0.000000 
0.000000 
0.000000 
0.000000 
0.000000 
0.000000 
0.000000 
0.000000 
0.000000 
0.000000 
0.000000 
0.000000 
0.000000 
0.000000 
0.000000 
0.000000 
0.000000 
0.000000 
0.000000 
0.000000 
0.000000 
0.000000 
0.000000 
0.000000 
0.000000 
0.000000 
0.000000 
0.000000 
0.000000 
0.000000 
0.000000 
0.000000 
0.000000 
0.000000 
0.000000 
0.000000 
0.000000 
0.000000 
0.000000 
0.000000 
0.000000 
0.000000 
0.000000 
0.000000 
0.000000 
0.000000 
0.000000 
0.000000 
0.000000 
0.000000 
0.000000 
0.000000 
0.000000 
0.000000 
0.000000 
0.000000 
0.000000 
0.000000 
0.000000 
0.000000 
0.000000 
0.000000 
0.000000 
0.000000 
0.000000 
0.000000 
0.000000 
0.000000 
0.000000 
0.000000 
0.000000 
0.000000 
0.000000 
0.000000 
0.000000 
0.000000 
0.000000 
0.000000 
0.000000 
0.000000 
0.000000 
0.000000 
0.000000 
0.000000 
0.000000 
0.000000 
0.000000 
0.000000 
0.000000 
0.000000 
0.000000 
0.000000 
0.000000 
0.000000 
0.000000 
0.000000 
0.000000 
0.000000 
0.000000 
0.000000 
0.000000 
0.000000 
0.000000 
0.000000 
0.000000 
0.000000 
0.000000 
0.000000 
0.000000 
0.000000 
0.000000 
0.000000 
0.000000 
0.000000 
0.000000 
0.000000 
0.000000 
0.000000 
0.000000 
0.000000 
0.000000 
0.000000 
