0.000000 
0.000000 
0.000000 
0.000000 
0.000000 
0.000000 
0.000000 
0.000000 
0.000000 
0.000000 
0.000000 
0.000000 
0.000000 
0.000000 
0.000000 
0.000000 
0.000000 
0.000000 
0.000000 
0.000000 
0.000000 
0.000000 
0.000000 
0.000000 
0.000000 
0.000000 
0.000000 
0.000000 
0.000000 
0.000000 
0.000000 
0.000000 
0.000000 
0.000000 
0.000000 
0.000000 
0.000000 
0.000000 
0.000000 
0.000000 
0.000000 
0.000000 
0.000000 
0.000000 
0.000000 
0.000000 
0.000000 
0.000000 
0.000000 
0.000000 
0.000000 
0.000000 
0.000000 
0.000000 
0.000000 
0.000000 
0.000000 
0.000000 
0.000000 
0.000000 
0.000000 
0.000000 
0.000000 
0.000000 
0.000000 
0.000000 
0.000000 
0.000000 
0.000000 
0.000000 
0.000000 
0.000000 
0.000000 
0.000000 
0.000000 
0.000000 
0.000000 
0.000000 
0.000000 
0.000000 
0.000000 
0.000000 
0.000000 
0.000000 
0.000000 
0.000000 
0.000000 
0.000000 
0.000000 
0.000000 
0.000000 
0.000000 
0.000000 
0.000000 
0.000000 
0.000000 
0.000000 
0.000000 
0.000000 
0.000000 
0.000000 
0.000000 
0.000000 
0.000000 
0.000000 
0.000000 
0.000000 
0.000000 
0.000000 
0.000000 
0.000000 
0.000000 
0.000000 
0.000000 
0.000000 
0.000000 
0.000000 
0.000000 
0.000000 
0.000000 
0.000000 
0.000000 
0.000000 
0.000000 
0.000000 
0.000000 
0.000000 
0.000000 
0.000000 
0.000000 
0.000000 
0.000000 
0.000000 
0.000000 
0.000000 
0.000000 
0.000000 
0.000000 
0.000000 
0.000000 
0.000000 
0.000000 
0.000000 
0.000000 
0.000000 
0.000000 
0.000000 
0.000000 
0.000000 
0.000000 
0.000000 
0.000000 
0.000000 
0.000000 
0.000000 
0.000000 
0.000000 
0.000000 
0.000000 
0.000000 
0.000000 
0.000000 
0.000000 
0.000000 
0.000000 
0.000000 
0.000000 
0.000000 
0.000000 
0.000000 
0.000000 
0.000000 
0.000000 
0.000000 
0.000000 
0.000000 
0.000000 
0.000000 
0.000000 
0.000000 
0.000000 
0.000000 
0.000000 
0.000000 
0.000000 
0.000000 
0.000000 
0.000000 
0.000000 
0.000000 
0.000000 
0.000000 
0.000000 
0.000000 
0.000000 
0.000000 
0.000000 
0.000000 
0.000000 
0.000000 
0.000000 
0.000000 
0.000000 
0.000000 
0.000000 
0.000000 
0.000000 
0.000000 
0.000000 
0.000000 
0.000000 
0.000000 
0.000000 
0.000000 
0.000000 
0.000000 
0.000000 
0.000000 
0.000000 
0.000000 
0.000000 
0.000000 
0.000000 
0.000000 
0.000000 
0.000000 
0.000000 
0.000000 
0.000000 
0.000000 
0.000000 
0.000000 
0.000000 
0.000000 
0.000000 
0.000000 
0.000000 
0.000000 
0.000000 
0.000000 
0.000000 
0.000000 
0.000000 
0.000000 
0.000000 
0.000000 
0.000000 
0.000000 
0.000000 
0.000000 
0.000000 
0.000000 
0.000000 
0.000000 
0.000000 
0.000000 
0.000000 
0.000000 
0.000000 
0.000000 
0.000000 
0.000000 
0.000000 
0.000000 
0.000000 
0.000000 
0.000000 
0.000000 
0.000000 
0.000000 
0.000000 
0.000000 
0.000000 
0.000000 
0.000000 
0.000000 
0.000000 
0.000000 
0.000000 
0.000000 
0.000000 
0.000000 
0.000000 
0.000000 
0.000000 
0.000000 
0.000000 
0.000000 
0.000000 
0.000000 
0.000000 
0.000000 
0.000000 
0.000000 
0.000000 
0.000000 
0.000000 
0.000000 
0.000000 
0.000000 
0.000000 
0.000000 
0.000000 
0.000000 
0.000000 
0.000000 
0.000000 
0.000000 
0.000000 
0.000000 
0.000000 
0.000000 
0.000000 
0.000000 
0.000000 
0.000000 
0.000000 
0.000000 
0.000000 
0.000000 
0.000000 
0.000000 
0.000000 
0.000000 
0.000000 
0.000000 
0.000000 
0.000000 
0.000000 
0.000000 
0.000000 
0.000000 
0.000000 
0.000000 
0.000000 
0.000000 
0.000000 
0.000000 
0.000000 
0.000000 
0.000000 
0.000000 
0.000000 
0.000000 
0.000000 
0.000000 
0.000000 
0.000000 
0.000000 
0.000000 
0.000000 
0.000000 
0.000000 
0.000000 
0.000000 
0.000000 
0.000000 
0.000000 
0.000000 
0.000000 
0.000000 
0.000000 
0.000000 
0.000000 
0.000000 
0.000000 
0.000000 
0.000000 
0.000000 
0.000000 
0.000000 
0.000000 
0.000000 
0.000000 
0.000000 
0.000000 
0.000000 
0.000000 
0.000000 
0.000000 
0.000000 
0.000000 
0.000000 
0.000000 
0.000000 
0.000000 
0.000000 
0.000000 
0.000000 
0.000000 
0.000000 
0.000000 
0.000000 
0.000000 
0.000000 
0.000000 
0.000000 
0.000000 
0.000000 
0.000000 
0.000000 
0.000000 
0.000000 
0.000000 
0.000000 
0.000000 
0.000000 
0.000000 
0.000000 
0.000000 
0.000000 
0.000000 
0.000000 
0.000000 
0.000000 
0.000000 
0.000000 
0.000000 
0.000000 
0.000000 
0.000000 
0.005772 
0.017781 
0.031922 
0.031831 
0.032186 
0.023503 
0.027397 
0.024240 
0.024321 
0.028061 
0.040853 
0.070765 
0.071696 
0.084750 
0.098815 
0.099690 
0.096935 
0.129647 
0.135538 
0.116119 
0.142489 
0.123759 
0.132613 
0.124431 
0.137673 
0.203405 
0.198385 
0.207051 
0.169125 
0.242942 
0.214017 
0.229832 
0.193034 
0.196482 
0.173855 
0.241424 
0.282028 
0.245600 
0.268258 
0.232428 
0.205239 
0.238916 
0.178078 
0.132288 
0.079431 
0.002890 
0.000000 
0.000000 
0.000000 
0.000000 
0.000000 
0.024007 
0.090417 
0.151352 
0.165577 
0.198453 
0.202080 
0.174480 
0.204811 
0.202029 
0.191962 
0.188678 
0.175344 
0.200098 
0.192393 
0.182189 
0.238107 
0.220574 
0.181614 
0.203359 
0.205147 
0.207919 
0.260670 
0.222572 
0.249568 
0.252736 
0.224126 
0.248416 
0.217468 
0.235622 
0.197660 
0.155260 
0.105436 
0.132674 
0.145973 
0.199159 
0.219969 
0.272746 
0.242489 
0.244769 
0.156659 
0.120942 
0.013528 
0.000000 
0.000000 
0.000000 
0.000000 
0.000000 
0.000000 
0.000000 
0.000000 
0.000000 
0.017288 
0.091621 
0.157285 
0.176945 
0.210700 
0.272648 
0.274004 
0.324277 
0.269681 
0.303208 
0.323732 
0.325194 
0.298286 
0.358545 
0.330826 
0.329758 
0.402074 
0.334774 
0.345713 
0.390634 
0.330555 
0.432197 
0.383314 
0.366617 
0.352313 
0.308646 
0.352711 
0.332045 
0.423109 
0.360882 
0.336538 
0.442144 
0.359582 
0.357522 
0.405651 
0.465880 
0.391536 
0.449700 
0.400589 
0.380163 
0.418841 
0.422539 
0.447573 
0.372573 
0.386155 
0.343596 
0.417552 
0.449357 
0.400361 
0.469423 
0.456713 
0.409267 
0.400223 
0.452159 
0.506774 
0.453216 
0.437129 
0.523245 
0.490863 
0.438982 
0.530862 
0.525032 
0.444534 
0.413840 
0.505646 
0.459668 
0.478254 
0.428565 
0.438770 
0.527331 
0.626091 
0.600347 
0.547270 
0.405149 
0.285963 
0.149905 
0.116511 
0.147573 
0.155068 
0.202281 
0.232103 
0.261324 
0.334663 
0.432491 
0.502872 
0.499530 
0.572152 
0.568276 
0.553773 
0.519399 
0.475184 
0.521835 
0.506529 
0.303487 
0.331544 
0.226639 
0.182944 
0.133021 
0.105120 
0.077889 
0.055323 
0.036211 
0.093531 
0.220867 
0.353149 
0.444794 
0.502704 
0.504180 
0.595252 
0.645168 
0.510421 
0.519632 
0.479222 
0.447247 
0.345080 
0.191068 
0.166640 
0.233179 
0.296125 
0.397129 
0.524660 
0.472910 
0.511673 
0.480235 
0.542437 
0.519953 
0.511248 
0.540646 
0.465761 
0.456600 
0.407305 
0.491955 
0.531182 
0.472507 
0.589817 
0.511643 
0.573627 
0.537285 
0.513662 
0.404497 
0.307450 
0.255860 
0.228439 
0.073426 
0.000000 
0.000000 
0.000000 
0.000000 
0.000000 
0.000000 
0.000000 
0.000000 
0.000000 
0.002054 
0.161213 
0.305142 
0.433220 
0.411077 
0.494364 
0.506023 
0.593684 
0.630454 
0.593578 
0.597823 
0.614543 
0.631310 
0.526449 
0.559991 
0.661634 
0.593601 
0.645673 
0.555890 
0.660966 
0.502517 
0.703304 
0.709910 
0.627793 
0.572647 
0.572073 
0.595899 
0.449441 
0.484106 
0.486216 
0.323390 
0.094242 
0.000000 
0.000000 
0.000000 
0.000000 
0.000000 
0.030518 
0.063288 
0.092023 
0.130538 
0.173413 
0.160883 
0.182222 
0.169941 
0.120960 
0.051680 
0.004001 
0.000000 
0.004812 
0.060480 
0.139732 
0.220363 
0.239988 
0.325102 
0.377156 
0.357204 
0.374220 
0.449801 
0.310988 
0.306476 
0.167862 
0.062162 
0.020837 
0.020337 
0.029953 
0.035260 
0.044708 
0.048148 
0.038393 
0.028620 
0.013713 
0.000671 
0.000000 
0.002432 
0.022342 
0.044782 
0.078835 
0.080515 
0.115196 
0.168169 
0.207807 
0.199349 
0.251639 
0.293941 
0.386536 
0.429131 
0.596103 
0.647751 
0.497627 
0.543345 
0.553020 
0.479105 
0.481841 
0.406487 
0.303117 
0.173717 
0.047618 
0.000000 
0.000000 
0.000000 
0.000000 
0.000000 
0.000000 
0.000000 
0.000000 
0.045101 
0.114737 
0.206815 
0.302752 
0.418211 
0.560249 
0.675991 
0.603167 
0.592522 
0.705958 
0.679820 
0.679274 
0.723995 
0.599543 
0.469122 
0.586830 
0.432851 
0.661621 
0.503284 
0.610108 
0.599410 
0.593331 
0.448139 
0.596096 
0.621209 
0.658168 
0.646133 
0.549336 
0.564757 
0.545576 
0.700203 
0.580366 
0.723188 
0.703154 
0.632243 
0.628332 
0.598936 
0.542555 
0.673694 
0.639157 
0.515444 
0.639605 
0.547426 
0.492375 
0.464513 
0.472884 
0.347838 
0.338962 
0.407600 
0.448342 
0.551513 
0.590311 
0.617781 
0.625053 
0.728362 
0.409462 
0.560401 
0.562087 
0.601965 
0.559437 
0.690466 
0.505457 
0.578924 
0.554793 
0.584777 
0.602361 
0.580010 
0.559338 
0.497475 
0.480299 
0.445111 
0.376290 
0.402455 
0.348926 
0.231506 
0.269932 
0.220951 
0.201067 
0.248604 
0.344139 
0.386502 
0.510320 
0.610552 
0.535106 
0.527120 
0.554683 
0.455520 
0.514578 
0.579055 
0.651222 
0.484437 
0.384289 
0.403201 
0.460489 
0.383531 
0.496414 
0.593690 
0.546432 
0.426396 
0.537059 
0.479798 
0.465196 
0.410366 
0.375389 
0.368880 
0.335288 
0.370341 
0.340112 
0.324211 
0.314361 
0.336317 
0.291354 
0.347960 
0.273913 
0.342539 
0.289825 
0.457564 
0.485269 
0.406017 
0.406575 
0.444489 
0.496668 
0.371074 
0.389156 
0.276754 
0.164709 
0.068519 
0.018318 
0.004909 
0.000000 
0.000000 
0.000000 
0.000000 
0.000000 
0.000000 
0.000000 
0.000000 
0.000000 
0.000000 
0.000000 
0.000000 
0.000000 
0.013113 
0.032725 
0.077885 
0.106215 
0.149067 
0.206177 
0.248876 
0.278905 
0.368131 
0.420160 
0.418877 
0.380124 
0.392147 
0.327304 
0.313751 
0.253051 
0.262731 
0.212516 
0.194391 
0.179234 
0.141205 
0.139533 
0.164499 
0.114021 
0.115708 
0.116043 
0.138798 
0.149570 
0.161066 
0.167353 
0.219869 
0.273397 
0.339511 
0.392815 
0.445766 
0.422574 
0.485646 
0.423990 
0.441249 
0.345596 
0.394253 
0.391957 
0.331848 
0.319000 
0.310092 
0.279362 
0.231533 
0.220631 
0.188631 
0.230691 
0.194273 
0.244593 
0.175124 
0.248686 
0.212911 
0.206890 
0.260866 
0.254675 
0.265673 
0.311685 
0.314632 
0.346830 
0.357575 
0.336516 
0.300647 
0.365192 
0.314498 
0.274132 
0.226353 
0.173916 
0.184801 
0.153332 
0.176428 
0.260659 
0.323130 
0.302776 
0.245609 
0.222094 
0.188119 
0.135203 
0.088457 
0.104445 
0.112679 
0.144110 
0.148198 
0.147589 
0.124570 
0.167363 
0.144730 
0.150392 
0.146177 
0.155238 
0.118570 
0.113233 
0.134820 
0.123349 
0.101269 
0.099341 
0.090902 
0.079584 
0.062575 
0.058484 
0.060063 
0.046863 
0.027785 
0.024770 
0.016948 
0.008007 
0.000516 
0.000000 
0.000000 
0.000000 
0.000000 
0.000000 
0.000000 
0.000000 
0.000000 
0.000000 
0.000000 
0.000000 
0.000000 
0.000000 
0.000000 
0.000000 
0.000000 
0.000000 
0.000000 
0.000000 
0.000000 
0.000000 
0.000000 
0.000000 
0.000000 
0.000000 
0.000000 
0.000000 
0.000000 
0.000000 
0.000000 
0.001904 
0.005143 
0.008517 
0.014153 
0.018537 
0.021180 
0.022042 
0.021599 
0.026578 
0.020457 
0.022050 
0.028075 
0.028266 
0.024370 
0.026326 
0.023206 
0.023916 
0.025439 
0.032168 
0.039474 
0.049137 
0.060395 
0.065186 
0.062842 
0.080895 
0.053220 
0.057622 
0.083687 
0.141868 
0.179529 
0.222111 
0.197642 
0.182604 
0.266517 
0.223891 
0.199972 
0.197201 
0.166925 
0.156738 
0.139116 
0.099142 
0.081166 
0.080188 
0.079952 
0.080774 
0.069955 
0.074658 
0.062403 
0.051707 
0.040815 
0.027661 
0.020893 
0.012731 
0.011232 
0.006347 
0.002349 
0.000000 
0.000000 
0.000000 
0.000000 
0.000000 
0.000000 
0.000000 
0.000000 
0.000000 
0.001461 
0.002678 
0.002247 
0.000633 
0.000000 
0.000000 
0.000000 
0.000000 
0.000000 
0.000000 
0.000000 
0.000000 
0.000000 
0.000000 
0.000839 
0.002914 
0.003954 
0.003795 
0.001877 
0.000000 
0.000000 
0.000000 
0.000000 
0.000000 
0.000000 
0.000000 
0.000000 
0.000000 
0.000000 
0.000000 
0.000000 
0.000000 
0.000000 
0.000000 
0.000000 
0.000000 
0.000000 
0.000000 
0.000000 
0.000000 
0.000000 
0.000000 
0.000000 
0.000000 
0.000000 
0.000000 
0.000000 
0.000000 
0.000000 
0.000000 
0.000000 
0.000000 
0.000000 
0.000000 
0.000000 
0.000000 
0.000000 
0.000000 
0.000000 
0.000000 
0.000000 
0.000000 
0.000000 
0.000000 
0.000000 
0.000000 
0.000000 
0.000000 
0.000000 
0.000000 
0.000000 
0.000000 
0.000000 
0.000000 
0.000000 
0.000000 
0.000000 
0.000000 
0.000000 
0.000000 
0.000000 
0.000000 
0.000000 
0.000000 
0.000000 
0.000000 
0.000000 
0.000000 
0.000000 
0.000000 
0.000000 
0.000000 
0.000000 
0.000000 
0.000000 
0.000000 
0.000000 
0.000000 
0.000000 
0.000000 
0.000000 
0.000000 
0.000000 
0.000000 
0.000000 
0.000000 
0.000000 
0.000000 
0.000000 
0.000000 
0.000000 
0.000000 
0.000000 
0.000000 
0.000000 
0.000000 
0.000000 
0.000000 
0.000000 
0.000000 
0.000000 
0.000000 
0.000000 
0.000000 
0.000000 
0.000000 
0.000000 
0.000000 
0.000000 
0.000000 
0.000000 
0.000000 
0.000000 
0.000000 
0.000000 
0.000000 
0.000000 
0.000000 
0.000000 
0.000000 
0.000000 
0.000000 
0.000000 
0.000000 
0.000000 
0.000000 
0.000000 
0.000000 
0.000000 
0.000000 
0.000000 
0.000000 
0.000000 
0.000000 
0.000000 
0.000000 
0.000000 
0.000000 
0.000000 
0.000000 
0.000000 
0.000000 
0.000000 
0.000000 
0.000000 
0.000000 
0.000000 
0.000000 
0.000000 
0.000000 
0.000000 
0.000000 
0.000000 
0.000000 
0.000000 
0.000000 
0.000000 
0.000000 
0.000000 
0.000000 
0.000000 
0.000000 
0.000000 
0.000000 
0.000000 
0.000000 
0.000000 
0.000000 
0.000000 
0.000000 
0.000000 
0.000000 
0.000000 
0.000000 
0.000000 
0.000000 
0.000000 
0.000000 
0.000000 
0.000000 
0.000000 
0.000000 
0.000000 
0.000000 
0.000000 
0.000000 
0.000000 
0.000000 
0.000000 
0.000000 
0.000000 
0.000000 
0.000000 
0.000000 
0.000000 
0.000000 
0.000000 
0.000000 
0.000000 
0.000000 
0.000000 
0.000000 
0.000000 
0.000000 
0.000000 
0.000000 
0.000000 
0.000000 
0.000000 
0.000000 
0.000000 
0.000000 
0.000000 
0.000000 
0.000000 
0.000000 
0.000000 
0.000000 
0.000000 
0.000000 
0.000000 
0.000000 
0.000000 
0.000000 
0.000000 
0.000000 
0.000000 
0.000000 
0.000000 
0.000000 
0.000000 
0.000000 
0.000000 
0.000000 
0.000000 
0.000000 
0.000000 
0.000000 
0.000000 
0.000000 
0.000000 
0.000000 
0.000000 
0.000000 
0.000000 
0.000000 
0.000000 
0.000000 
0.000000 
0.000000 
0.000000 
0.000000 
0.000000 
0.000000 
0.000000 
0.000000 
0.000000 
0.000000 
0.000000 
0.000000 
0.000000 
0.000000 
0.000000 
0.000000 
0.000000 
0.000000 
0.000000 
0.000000 
0.000000 
0.000000 
0.000000 
0.000000 
0.000000 
0.000000 
0.000000 
0.000000 
0.000000 
0.000000 
0.000000 
0.000000 
0.000000 
0.000000 
0.000000 
0.000000 
0.000000 
0.000000 
0.000000 
0.000000 
0.000000 
0.000000 
0.000000 
0.000000 
