0.072000 
0.072000 
0.072000 
0.072000 
0.072000 
0.072000 
0.072000 
0.072000 
0.072000 
0.072000 
0.072000 
0.072000 
0.072000 
0.072000 
0.072000 
0.072000 
0.072000 
0.072000 
0.072000 
0.072000 
0.101675 
0.172437 
0.256896 
0.327659 
0.357333 
0.357333 
0.357333 
0.357333 
0.357333 
0.357333 
0.357333 
0.357333 
0.357333 
0.357333 
0.357333 
0.357333 
0.357333 
0.357333 
0.357333 
0.357333 
0.343911 
0.310219 
0.266118 
0.221469 
0.186133 
0.156733 
0.126236 
0.099027 
0.079487 
0.072000 
0.072000 
0.072000 
0.072000 
0.072000 
0.072000 
0.072000 
0.072000 
0.072000 
0.072000 
0.072000 
0.072000 
0.072000 
0.072000 
0.072000 
0.072000 
0.072000 
0.072000 
0.072000 
0.072000 
0.072000 
0.072000 
0.072000 
0.072000 
0.072000 
0.072000 
0.072000 
0.072000 
0.072000 
0.072000 
0.072000 
0.072000 
0.072000 
0.072000 
0.072000 
0.072000 
0.072000 
0.072000 
0.072000 
0.072000 
0.072000 
0.079487 
0.099027 
0.126236 
0.156733 
0.186133 
0.217263 
0.253500 
0.291292 
0.327087 
0.357333 
0.379653 
0.397012 
0.413879 
0.434720 
0.464000 
0.530129 
0.639845 
0.765110 
0.877885 
0.950133 
0.991621 
1.028893 
1.059073 
1.079289 
1.086667 
1.060124 
0.996372 
0.919225 
0.852496 
0.820000 
0.813157 
0.807602 
0.803468 
0.800889 
0.800000 
0.801664 
0.805632 
0.810368 
0.814336 
0.816000 
0.738624 
0.554112 
0.333888 
0.149376 
0.072000 
0.072000 
0.072000 
0.072000 
0.072000 
0.072000 
0.072000 
0.072000 
0.072000 
0.072000 
0.072000 
0.072000 
0.072000 
0.072000 
0.072000 
0.072000 
0.072000 
0.072000 
0.072000 
0.072000 
0.072000 
0.072000 
0.072000 
0.072000 
0.072000 
0.072000 
0.072000 
0.072000 
0.072000 
0.072000 
0.072000 
0.072000 
0.072000 
0.072000 
0.072000 
0.072000 
0.072000 
0.072000 
0.072000 
0.072000 
0.072000 
0.101675 
0.172437 
0.256896 
0.327659 
0.357333 
0.357333 
0.357333 
0.357333 
0.357333 
0.357333 
0.357333 
0.357333 
0.357333 
0.357333 
0.357333 
0.357333 
0.357333 
0.357333 
0.357333 
0.357333 
0.343911 
0.310219 
0.266118 
0.221469 
0.186133 
0.156733 
0.126236 
0.099027 
0.079487 
0.072000 
0.072000 
0.072000 
0.072000 
0.072000 
0.072000 
0.072000 
0.072000 
0.072000 
0.072000 
0.072000 
0.072000 
0.072000 
0.072000 
0.072000 
0.072000 
0.072000 
0.072000 
0.072000 
0.072000 
0.072000 
0.072000 
0.072000 
0.072000 
0.072000 
0.072000 
0.072000 
0.072000 
0.072000 
0.072000 
0.072000 
0.072000 
0.072000 
0.072000 
0.072000 
0.072000 
0.072000 
0.072000 
0.072000 
0.072000 
0.072000 
0.072000 
0.072000 
0.072000 
0.072000 
0.072000 
0.072000 
0.072000 
0.072000 
0.072000 
0.072000 
0.072000 
0.072000 
0.072000 
0.072000 
0.072000 
0.072000 
0.072000 
0.072000 
0.072000 
0.072000 
0.072000 
0.072000 
0.072000 
0.072000 
0.072000 
0.072000 
0.072000 
0.072000 
0.072000 
0.072000 
0.072000 
0.072000 
0.072000 
0.072000 
0.072000 
0.072000 
0.072000 
0.072000 
0.072000 
0.072000 
0.072000 
0.072000 
0.072000 
0.072000 
0.072000 
0.072000 
0.072000 
0.072000 
0.072000 
0.072000 
0.072000 
0.072000 
0.072000 
0.072000 
0.072000 
0.072000 
0.072000 
0.072000 
0.072000 
0.072000 
0.072000 
0.072000 
0.072000 
0.072000 
0.072000 
0.079487 
0.099027 
0.126236 
0.156733 
0.186133 
0.221469 
0.266118 
0.310219 
0.343911 
0.357333 
0.357333 
0.357333 
0.357333 
0.357333 
0.357333 
0.357333 
0.357333 
0.357333 
0.357333 
0.357333 
0.357333 
0.357333 
0.357333 
0.357333 
0.357333 
0.327659 
0.256896 
0.172437 
0.101675 
0.072000 
0.072000 
0.072000 
0.072000 
0.072000 
0.072000 
0.072000 
0.072000 
0.072000 
0.072000 
0.072000 
0.072000 
0.072000 
0.072000 
0.072000 
0.072000 
0.072000 
0.072000 
0.072000 
0.072000 
0.072000 
0.072000 
0.072000 
0.072000 
0.072000 
0.072000 
0.072000 
0.072000 
0.072000 
0.072000 
0.072000 
0.072000 
0.072000 
0.072000 
0.072000 
0.072000 
0.075013 
0.083322 
0.095831 
0.111444 
0.129067 
0.164494 
0.222565 
0.285749 
0.336515 
0.357333 
0.357333 
0.357333 
0.357333 
0.357333 
0.357333 
0.357333 
0.357333 
0.357333 
0.357333 
0.357333 
0.357333 
0.357333 
0.357333 
0.357333 
0.357333 
0.336515 
0.285749 
0.222565 
0.164494 
0.129067 
0.111444 
0.095831 
0.083322 
0.075013 
0.072000 
0.072000 
0.072000 
0.072000 
0.072000 
0.072000 
0.072000 
0.072000 
0.072000 
0.072000 
0.072000 
0.072000 
0.072000 
0.072000 
0.072000 
0.072000 
0.072000 
0.072000 
0.072000 
0.072000 
0.072000 
0.072000 
0.072000 
0.072000 
0.072000 
0.072000 
0.072000 
0.072000 
0.072000 
0.072000 
0.072000 
0.072000 
0.072000 
0.072000 
0.072000 
0.072000 
0.101675 
0.172437 
0.256896 
0.327659 
0.357333 
0.357333 
0.357333 
0.357333 
0.357333 
0.357333 
0.357333 
0.357333 
0.357333 
0.357333 
0.357333 
0.357333 
0.357333 
0.357333 
0.357333 
0.357333 
0.343911 
0.310219 
0.266118 
0.221469 
0.186133 
0.156733 
0.126236 
0.099027 
0.079487 
0.072000 
0.072000 
0.072000 
0.072000 
0.072000 
0.072000 
0.072000 
0.072000 
0.072000 
0.072000 
0.072000 
0.072000 
0.072000 
0.072000 
0.072000 
0.072000 
0.072000 
0.072000 
0.072000 
0.072000 
0.072000 
0.072000 
0.072000 
0.072000 
0.072000 
0.072000 
0.072000 
0.072000 
0.072000 
0.072000 
0.072000 
0.072000 
0.072000 
0.072000 
0.072000 
0.072000 
0.072000 
0.072000 
0.072000 
0.072000 
0.072000 
0.072000 
0.072000 
0.072000 
0.072000 
0.072000 
0.072000 
0.072000 
0.072000 
0.072000 
0.072000 
0.072000 
0.072000 
0.072000 
0.072000 
0.072000 
0.072000 
0.072000 
0.072000 
0.072000 
0.072000 
0.072000 
0.072000 
0.072000 
0.072000 
0.072000 
0.079487 
0.099027 
0.126236 
0.156733 
0.186133 
0.221469 
0.266118 
0.310219 
0.343911 
0.357333 
0.357333 
0.357333 
0.357333 
0.357333 
0.357333 
0.357333 
0.357333 
0.357333 
0.357333 
0.357333 
0.357333 
0.357333 
0.357333 
0.357333 
0.357333 
0.327659 
0.256896 
0.172437 
0.101675 
0.072000 
0.072000 
0.072000 
0.072000 
0.072000 
0.072000 
0.072000 
0.072000 
0.072000 
0.072000 
0.072000 
0.072000 
0.072000 
0.072000 
0.072000 
0.072000 
0.072000 
0.072000 
0.072000 
0.072000 
0.072000 
0.072000 
0.072000 
0.072000 
0.072000 
0.072000 
0.072000 
0.072000 
0.072000 
0.072000 
0.072000 
0.072000 
0.072000 
0.072000 
0.072000 
0.072000 
0.075013 
0.083322 
0.095831 
0.111444 
0.129067 
0.164494 
0.222565 
0.285749 
0.336515 
0.357333 
0.357333 
0.357333 
0.357333 
0.357333 
0.357333 
0.357333 
0.357333 
0.357333 
0.357333 
0.357333 
0.357333 
0.357333 
0.357333 
0.357333 
0.357333 
0.336515 
0.285749 
0.222565 
0.164494 
0.129067 
0.111444 
0.095831 
0.083322 
0.075013 
0.072000 
0.072000 
0.072000 
0.072000 
0.072000 
0.072000 
0.072000 
0.072000 
0.072000 
0.072000 
0.072000 
0.072000 
0.072000 
0.072000 
0.072000 
0.072000 
0.072000 
0.072000 
0.072000 
0.072000 
0.072000 
0.072000 
0.072000 
0.072000 
0.072000 
0.072000 
0.072000 
0.072000 
0.072000 
0.072000 
0.072000 
0.072000 
0.072000 
0.072000 
0.072000 
0.072000 
0.072000 
0.072000 
0.072000 
0.072000 
0.072000 
0.072000 
0.072000 
0.072000 
0.072000 
0.072000 
0.072000 
0.072000 
0.072000 
0.072000 
0.072000 
0.072000 
0.072000 
0.072000 
0.072000 
0.072000 
0.072000 
0.072000 
0.072000 
0.072000 
0.072000 
0.072000 
0.072000 
0.072000 
0.072000 
0.072000 
0.072000 
0.072000 
0.072000 
0.072000 
0.072000 
0.072000 
0.072000 
0.072000 
0.072000 
0.072000 
0.072000 
0.072000 
0.072000 
0.072000 
0.072000 
0.072000 
0.072000 
0.072000 
0.072000 
0.072000 
0.079487 
0.099027 
0.126236 
0.156733 
0.186133 
0.221469 
0.266118 
0.310219 
0.343911 
0.357333 
0.357333 
0.357333 
0.357333 
0.357333 
0.357333 
0.357333 
0.357333 
0.357333 
0.357333 
0.357333 
0.357333 
0.357333 
0.357333 
0.357333 
0.357333 
0.327659 
0.256896 
0.172437 
0.101675 
0.072000 
0.072000 
0.072000 
0.072000 
0.072000 
0.072000 
0.072000 
0.072000 
0.072000 
0.072000 
0.072000 
0.072000 
0.072000 
0.072000 
0.072000 
0.072000 
0.072000 
0.072000 
0.072000 
0.072000 
0.072000 
0.072000 
0.072000 
0.072000 
0.072000 
0.072000 
0.078379 
0.093589 
0.111744 
0.126955 
0.133333 
0.133333 
0.133333 
0.133333 
0.133333 
0.133333 
0.137078 
0.147126 
0.161703 
0.179031 
0.197333 
0.225342 
0.265817 
0.308020 
0.341216 
0.354667 
0.349675 
0.337771 
0.323563 
0.311659 
0.306667 
0.308299 
0.312855 
0.319821 
0.328685 
0.338933 
0.355731 
0.382908 
0.417953 
0.458354 
0.501600 
0.564568 
0.651336 
0.740194 
0.809430 
0.837333 
0.837333 
0.837333 
0.837333 
0.837333 
0.837333 
0.837333 
0.837333 
0.837333 
0.837333 
0.837333 
0.837333 
0.837333 
0.837333 
0.837333 
0.837333 
0.824068 
0.790369 
0.745383 
0.698256 
0.658133 
0.620809 
0.580130 
0.542328 
0.513630 
0.500267 
0.496952 
0.494281 
0.492308 
0.491086 
0.490667 
0.490667 
0.490667 
0.490667 
0.490667 
0.490667 
0.490667 
0.490667 
0.490667 
0.490667 
0.490667 
0.490667 
0.490667 
0.490667 
0.490667 
0.490667 
0.490667 
0.490667 
0.490667 
0.490667 
0.490667 
0.490667 
0.490667 
0.490667 
0.490667 
0.490667 
0.491449 
0.493654 
0.497068 
0.501477 
0.506667 
0.517559 
0.536691 
0.560269 
0.584503 
0.605600 
0.623001 
0.639278 
0.655334 
0.672073 
0.690400 
0.714644 
0.744371 
0.773335 
0.795293 
0.804000 
0.804000 
0.804000 
0.804000 
0.804000 
0.804000 
0.795922 
0.775200 
0.747105 
0.716904 
0.689867 
0.664097 
0.636069 
0.608606 
0.584530 
0.566667 
0.555053 
0.546486 
0.538926 
0.530333 
0.518667 
0.496747 
0.464554 
0.430787 
0.404147 
0.393333 
0.404981 
0.432757 
0.465909 
0.493685 
0.505333 
0.505333 
0.505333 
0.505333 
0.505333 
0.505333 
0.505333 
0.505333 
0.505333 
0.505333 
0.505333 
0.505333 
0.505333 
0.505333 
0.505333 
0.505333 
0.520032 
0.555083 
0.596917 
0.631968 
0.646667 
0.633355 
0.601611 
0.563723 
0.531979 
0.518667 
0.532089 
0.565781 
0.609882 
0.654531 
0.689867 
0.719267 
0.749764 
0.776973 
0.796513 
0.804000 
0.804000 
0.804000 
0.804000 
0.804000 
0.804000 
0.800366 
0.790464 
0.775791 
0.757848 
0.738133 
0.703220 
0.649036 
0.591109 
0.544965 
0.526133 
0.527575 
0.531014 
0.535119 
0.538558 
0.540000 
0.540000 
0.540000 
0.540000 
0.540000 
0.540000 
0.846869 
1.578635 
2.452032 
3.183797 
3.490667 
3.478464 
3.449365 
3.414635 
3.385536 
3.373333 
3.396213 
3.450773 
3.515893 
3.570453 
3.593333 
3.529769 
3.378191 
3.197276 
3.045698 
2.982133 
2.996749 
3.031601 
3.073199 
3.108051 
3.122667 
3.078230 
2.970584 
2.838223 
2.719641 
2.653333 
2.629903 
2.612649 
2.599111 
2.586827 
2.573333 
2.556520 
2.537999 
2.520899 
2.508346 
2.503467 
2.533391 
2.604749 
2.689918 
2.761276 
2.791200 
2.766739 
2.708410 
2.638790 
2.580461 
2.556000 
2.653455 
2.885847 
3.163219 
3.395612 
3.493067 
3.417366 
3.231523 
2.997423 
2.776953 
2.632000 
2.546535 
2.467921 
2.403133 
2.359146 
2.342933 
2.343987 
2.346991 
2.351708 
2.357901 
2.365333 
2.389239 
2.434715 
2.486318 
2.528606 
2.546133 
2.451172 
2.218305 
1.925559 
1.650960 
1.472533 
1.369930 
1.276139 
1.199196 
1.147138 
1.128000 
1.143985 
1.182569 
1.229694 
1.271301 
1.293333 
1.300389 
1.306284 
1.310785 
1.313657 
1.314667 
1.294411 
1.242850 
1.173789 
1.101037 
1.038400 
0.978037 
0.910708 
0.848120 
0.801981 
0.784000 
0.820476 
0.909641 
1.021101 
1.124463 
1.189333 
1.219996 
1.243275 
1.262582 
1.281330 
1.302933 
1.328191 
1.354867 
1.381821 
1.407912 
1.432000 
1.454008 
1.474830 
1.494782 
1.514178 
1.533333 
1.555013 
1.579029 
1.601273 
1.617633 
1.624000 
1.616018 
1.595041 
1.565522 
1.531913 
1.498667 
1.459992 
1.412007 
1.362025 
1.317362 
1.285333 
1.262119 
1.240417 
1.222322 
1.209930 
1.205333 
1.206132 
1.208285 
1.211424 
1.215185 
1.219200 
1.225573 
1.234955 
1.244803 
1.252577 
1.255733 
1.247857 
1.229075 
1.206658 
1.187876 
1.180000 
1.328041 
1.681060 
2.102406 
2.455426 
2.603467 
2.586899 
2.542584 
2.478606 
2.403050 
2.324000 
2.211314 
2.053746 
1.887721 
1.749664 
1.676000 
1.649720 
1.629043 
1.613239 
1.601580 
1.593333 
1.586774 
1.580940 
1.576254 
1.573133 
1.572000 
1.713218 
2.049969 
2.451898 
2.788649 
2.929867 
2.743055 
2.297581 
1.765886 
1.320412 
1.133600 
1.134682 
1.137261 
1.140339 
1.142918 
1.144000 
1.135625 
1.115652 
1.091814 
1.071842 
1.063467 
1.066406 
1.073852 
1.083748 
1.094039 
1.102667 
1.110601 
1.119239 
1.127162 
1.132954 
1.135200 
1.132649 
1.126564 
1.119302 
1.113218 
1.110667 
1.150048 
1.243957 
1.356043 
1.449952 
1.489333 
1.453280 
1.367307 
1.264693 
1.178720 
1.142667 
1.142667 
1.142667 
1.142667 
1.142667 
1.142667 
1.162166 
1.210680 
1.273230 
1.334841 
1.380533 
1.414467 
1.448037 
1.477120 
1.497593 
1.505333 
1.503979 
1.500630 
1.496358 
1.492236 
1.489333 
1.487785 
1.486732 
1.485761 
1.484455 
1.482400 
1.476315 
1.463760 
1.445580 
1.422623 
1.395733 
1.335181 
1.232108 
1.118671 
1.027027 
0.989333 
1.076915 
1.285764 
1.535036 
1.743885 
1.831467 
1.705197 
1.404092 
1.044708 
0.743603 
0.617333 
0.622923 
0.637516 
0.657847 
0.680652 
0.702667 
0.723403 
0.745389 
0.769888 
0.798160 
0.831467 
0.876840 
0.936317 
1.003668 
1.072661 
1.137067 
1.206162 
1.284108 
1.357000 
1.410932 
1.432000 
1.427951 
1.418295 
1.406771 
1.397116 
1.393067 
1.396006 
1.403017 
1.411383 
1.418394 
1.421333 
1.420842 
1.419391 
1.417011 
1.413737 
1.409600 
1.365777 
1.267865 
1.152532 
1.056444 
1.016267 
1.024698 
1.044802 
1.068798 
1.088902 
1.097333 
1.095785 
1.091729 
1.086046 
1.079620 
1.073333 
1.065521 
1.055458 
1.045434 
1.037740 
1.034667 
1.046337 
1.076995 
1.120112 
1.169156 
1.217600 
1.279161 
1.359487 
1.439939 
1.501878 
1.526667 
1.519095 
1.501041 
1.479492 
1.461438 
1.453867 
1.628670 
2.045508 
2.543025 
2.959863 
3.134667 
2.936074 
2.456926 
1.872168 
1.356745 
1.085600 
1.001045 
0.930567 
0.876872 
0.842669 
0.830667 
0.849692 
0.895059 
0.949207 
0.994575 
1.013600 
1.008471 
0.994438 
0.973529 
0.947773 
0.919200 
0.871001 
0.796682 
0.713742 
0.639681 
0.592000 
0.564118 
0.539076 
0.518801 
0.505222 
0.500267 
0.502652 
0.508339 
0.515127 
0.520815 
0.523200 
0.522995 
0.522458 
0.521702 
0.520845 
0.520000 
0.519271 
0.518558 
0.517678 
0.516442 
0.514667 
0.467280 
0.357330 
0.226807 
0.117700 
0.072000 
0.075013 
0.083322 
0.095831 
0.111444 
0.129067 
0.164494 
0.222565 
0.285749 
0.336515 
0.357333 
0.357333 
0.357333 
0.357333 
0.357333 
0.357333 
0.357333 
0.357333 
0.357333 
0.357333 
0.357333 
0.357333 
0.357333 
0.357333 
0.357333 
0.357333 
0.336515 
0.285749 
0.222565 
0.164494 
0.129067 
0.111444 
0.095831 
0.083322 
0.075013 
0.072000 
0.072000 
0.072000 
0.072000 
0.072000 
0.072000 
0.072000 
0.072000 
0.072000 
0.072000 
0.072000 
0.072000 
0.072000 
0.072000 
0.072000 
0.072000 
0.072000 
0.072000 
0.072000 
0.072000 
0.072000 
