1.518610 
0.874953 
0.448543 
0.212447 
0.139733 
0.203470 
0.376723 
0.632562 
0.944054 
1.284267 
1.869146 
2.765182 
3.721258 
4.486258 
4.809067 
4.823392 
4.832258 
4.838521 
4.845038 
4.854667 
4.871863 
4.895319 
4.919244 
4.937846 
4.945333 
4.893411 
4.750997 
4.538116 
4.274797 
3.981067 
3.425911 
2.538600 
1.579588 
0.809326 
0.488267 
0.479574 
0.472784 
0.467915 
0.464981 
0.464000 
0.464000 
0.464000 
0.464000 
0.464000 
0.464000 
0.459563 
0.448981 
0.436352 
0.425771 
0.421333 
0.423524 
0.429613 
0.438873 
0.450578 
0.464000 
0.493563 
0.543757 
0.598956 
0.643535 
0.661867 
0.658844 
0.651635 
0.643031 
0.635823 
0.632800 
0.634381 
0.638150 
0.642650 
0.646419 
0.648000 
0.588096 
0.445248 
0.274752 
0.131904 
0.072000 
0.072000 
0.072000 
0.072000 
0.072000 
0.072000 
0.072000 
0.072000 
0.072000 
0.072000 
0.072000 
0.072000 
0.072000 
0.072000 
0.072000 
0.072000 
0.072000 
0.072000 
0.072000 
0.072000 
0.072000 
0.100288 
0.167744 
0.248256 
0.315712 
0.344000 
0.344000 
0.344000 
0.344000 
0.344000 
0.344000 
0.344000 
0.344000 
0.344000 
0.344000 
0.344000 
0.344000 
0.344000 
0.344000 
0.344000 
0.344000 
0.331205 
0.299087 
0.257047 
0.214484 
0.180800 
0.152773 
0.123702 
0.097764 
0.079137 
0.072000 
0.072000 
0.072000 
0.072000 
0.072000 
0.072000 
0.072000 
0.072000 
0.072000 
0.072000 
0.072000 
0.072000 
0.072000 
0.072000 
0.072000 
0.072000 
0.072000 
0.072000 
0.072000 
0.072000 
0.072000 
0.072000 
0.072000 
0.072000 
0.072000 
0.072000 
0.072000 
0.072000 
0.072000 
0.072000 
0.072000 
0.072000 
0.072000 
0.072000 
0.072000 
0.072000 
0.072000 
0.072000 
0.072000 
0.072000 
0.072000 
0.084795 
0.116913 
0.158953 
0.201516 
0.235200 
0.263227 
0.292298 
0.318236 
0.336863 
0.344000 
0.344000 
0.344000 
0.344000 
0.344000 
0.344000 
0.344000 
0.344000 
0.344000 
0.344000 
0.344000 
0.341128 
0.333207 
0.321283 
0.306399 
0.289600 
0.255828 
0.200471 
0.140239 
0.091845 
0.072000 
0.072000 
0.072000 
0.072000 
0.072000 
0.072000 
0.072000 
0.072000 
0.072000 
0.072000 
0.072000 
0.072000 
0.072000 
0.072000 
0.072000 
0.072000 
0.072000 
0.072000 
0.072000 
0.072000 
0.072000 
0.072000 
0.072000 
0.072000 
0.072000 
0.072000 
0.072000 
0.072000 
0.072000 
0.072000 
0.072000 
0.072000 
0.072000 
0.072000 
0.072000 
0.072000 
0.072000 
0.072000 
0.072000 
0.072000 
0.072000 
0.072000 
0.072000 
0.072000 
0.072000 
0.072000 
0.072000 
0.072000 
0.072000 
0.072000 
0.072000 
0.072000 
0.072000 
0.072000 
0.072000 
0.072000 
0.074872 
0.082793 
0.094717 
0.109601 
0.126400 
0.160172 
0.215529 
0.275761 
0.324155 
0.344000 
0.344000 
0.344000 
0.344000 
0.344000 
0.344000 
0.344000 
0.344000 
0.344000 
0.344000 
0.344000 
0.344000 
0.344000 
0.344000 
0.344000 
0.344000 
0.324155 
0.275761 
0.215529 
0.160172 
0.126400 
0.109601 
0.094717 
0.082793 
0.074872 
0.072000 
0.072000 
0.072000 
0.072000 
0.072000 
0.072000 
0.072000 
0.072000 
0.072000 
0.072000 
0.072000 
0.072000 
0.072000 
0.072000 
0.072000 
0.072000 
0.072000 
0.072000 
0.072000 
0.072000 
0.072000 
0.072000 
0.072000 
0.072000 
0.072000 
0.072000 
0.072000 
0.072000 
0.072000 
0.072000 
0.072000 
0.072000 
0.072000 
0.072000 
0.072000 
0.072000 
0.100288 
0.167744 
0.248256 
0.315712 
0.344000 
0.344000 
0.344000 
0.344000 
0.344000 
0.344000 
0.344000 
0.344000 
0.344000 
0.344000 
0.344000 
0.344000 
0.344000 
0.344000 
0.344000 
0.344000 
0.331205 
0.299087 
0.257047 
0.214484 
0.180800 
0.152773 
0.123702 
0.097764 
0.079137 
0.072000 
0.072000 
0.072000 
0.072000 
0.072000 
0.072000 
0.072000 
0.072000 
0.072000 
0.072000 
0.072000 
0.072000 
0.072000 
0.072000 
0.072000 
0.072000 
0.072000 
0.072000 
0.072000 
0.072000 
0.072000 
0.072000 
0.072000 
0.072000 
0.072000 
0.072000 
0.072000 
0.072000 
0.072000 
0.072000 
0.072000 
0.072000 
0.072000 
0.072000 
0.072000 
0.072000 
0.072000 
0.072000 
0.072000 
0.072000 
0.072000 
0.072000 
0.072000 
0.072000 
0.072000 
0.072000 
0.074872 
0.082793 
0.094717 
0.109601 
0.126400 
0.160172 
0.215529 
0.275761 
0.324155 
0.344000 
0.344000 
0.344000 
0.344000 
0.344000 
0.344000 
0.344000 
0.344000 
0.344000 
0.344000 
0.344000 
0.344000 
0.344000 
0.344000 
0.344000 
0.344000 
0.324155 
0.275761 
0.215529 
0.160172 
0.126400 
0.109601 
0.094717 
0.082793 
0.074872 
0.072000 
0.072000 
0.072000 
0.072000 
0.072000 
0.072000 
0.072000 
0.072000 
0.072000 
0.072000 
0.072000 
0.072000 
0.072000 
0.072000 
0.072000 
0.072000 
0.072000 
0.072000 
0.072000 
0.072000 
0.072000 
0.103080 
0.178786 
0.272819 
0.358879 
0.410667 
0.432050 
0.446955 
0.459167 
0.472476 
0.490667 
0.522706 
0.567444 
0.613496 
0.649476 
0.664000 
0.664000 
0.664000 
0.664000 
0.664000 
0.664000 
0.668576 
0.680929 
0.698994 
0.720705 
0.744000 
0.774777 
0.816957 
0.865508 
0.915400 
0.961600 
1.010684 
1.066013 
1.117733 
1.155991 
1.170933 
1.169463 
1.165958 
1.161775 
1.158270 
1.156800 
1.157271 
1.158396 
1.159738 
1.160862 
1.161333 
1.142970 
1.093679 
1.022156 
0.937098 
0.847200 
0.709351 
0.509948 
0.301950 
0.138314 
0.072000 
0.072000 
0.072000 
0.072000 
0.072000 
0.072000 
0.072000 
0.072000 
0.072000 
0.072000 
0.072000 
0.072000 
0.072000 
0.072000 
0.072000 
0.072000 
0.072000 
0.072000 
0.072000 
0.072000 
0.072000 
0.072000 
0.072000 
0.072000 
0.072000 
0.072000 
0.072000 
0.072000 
0.072000 
0.072000 
0.072000 
0.072000 
0.072000 
0.072000 
0.072000 
0.072000 
0.072000 
0.072000 
0.072000 
0.072000 
0.072000 
0.072000 
0.072000 
0.072000 
0.072000 
0.072000 
0.072000 
0.072000 
0.072000 
0.072000 
0.072000 
0.072000 
0.072000 
0.072000 
0.072000 
0.072000 
0.072000 
0.072000 
0.072000 
0.072000 
0.072000 
0.079137 
0.097764 
0.123702 
0.152773 
0.180800 
0.214484 
0.257047 
0.299087 
0.331205 
0.344000 
0.344000 
0.344000 
0.344000 
0.344000 
0.344000 
0.344000 
0.344000 
0.344000 
0.344000 
0.344000 
0.344000 
0.344000 
0.344000 
0.344000 
0.344000 
0.315712 
0.248256 
0.167744 
0.100288 
0.072000 
0.072000 
0.072000 
0.072000 
0.072000 
0.072000 
0.072000 
0.072000 
0.072000 
0.072000 
0.072000 
0.072000 
0.072000 
0.072000 
0.072000 
0.072000 
0.072000 
0.072000 
0.072000 
0.072000 
0.072000 
0.072000 
0.072000 
0.072000 
0.072000 
0.072000 
0.072000 
0.072000 
0.072000 
0.072000 
0.072000 
0.072000 
0.072000 
0.072000 
0.072000 
0.072000 
0.072000 
0.072000 
0.072000 
0.072000 
0.072000 
0.072000 
0.072000 
0.072000 
0.072000 
0.072000 
0.072000 
0.072000 
0.072000 
0.072000 
0.072000 
0.091845 
0.140239 
0.200471 
0.255828 
0.289600 
0.306399 
0.321283 
0.333207 
0.341128 
0.344000 
0.344000 
0.344000 
0.344000 
0.344000 
0.344000 
0.344000 
0.344000 
0.344000 
0.344000 
0.344000 
0.336863 
0.318236 
0.292298 
0.263227 
0.235200 
0.201516 
0.158953 
0.116913 
0.084795 
0.072000 
0.072000 
0.072000 
0.072000 
0.072000 
0.072000 
0.072000 
0.072000 
0.072000 
0.072000 
0.072000 
0.072000 
0.072000 
0.072000 
0.072000 
0.072000 
0.072000 
0.072000 
0.072000 
0.072000 
0.072000 
0.072000 
0.072000 
0.072000 
0.072000 
0.072000 
0.072000 
0.072000 
0.072000 
0.072000 
0.072000 
0.072000 
0.072000 
0.072000 
0.072000 
0.072000 
0.072000 
0.072000 
0.072000 
0.072000 
0.072000 
0.072000 
0.072000 
0.072000 
0.072000 
0.072000 
0.072000 
0.072000 
0.072000 
0.072000 
0.072000 
0.072000 
0.072000 
0.072000 
0.072000 
0.072000 
0.072000 
0.072000 
0.072000 
0.072000 
0.072000 
0.072000 
0.072000 
0.072000 
0.072000 
0.072000 
0.072000 
0.072000 
0.072000 
0.072000 
0.072000 
0.072000 
0.072000 
0.072000 
0.072000 
0.072000 
0.074872 
0.082793 
0.094717 
0.109601 
0.126400 
0.160172 
0.215529 
0.275761 
0.324155 
0.344000 
0.344000 
0.344000 
0.344000 
0.344000 
0.344000 
0.344000 
0.344000 
0.344000 
0.344000 
0.344000 
0.344000 
0.344000 
0.344000 
0.344000 
0.344000 
0.324155 
0.275761 
0.215529 
0.160172 
0.126400 
0.109601 
0.094717 
0.082793 
0.074872 
0.072000 
0.072000 
0.072000 
0.072000 
0.072000 
0.072000 
0.072000 
0.072000 
0.072000 
0.072000 
0.072000 
0.072000 
0.072000 
0.072000 
0.072000 
0.072000 
0.072000 
0.072000 
0.072000 
0.072000 
0.072000 
0.072000 
0.072000 
0.072000 
0.072000 
0.072000 
0.072000 
0.072000 
0.072000 
0.072000 
0.072000 
0.072000 
0.072000 
0.072000 
0.072000 
0.072000 
0.072000 
0.072000 
0.072000 
0.072000 
0.072000 
0.072000 
0.072000 
0.072000 
0.072000 
0.072000 
0.072000 
0.072000 
0.072000 
0.072000 
0.072000 
0.072000 
0.072000 
0.072000 
0.072000 
0.072000 
0.072000 
0.072000 
0.072000 
0.072000 
0.072000 
0.072000 
0.072000 
0.072000 
0.072000 
0.072000 
0.072000 
0.072000 
0.072000 
0.072000 
0.072000 
0.072000 
0.072000 
0.072000 
0.072000 
0.072000 
0.072000 
0.072000 
0.072000 
0.072000 
0.072000 
0.072000 
0.072000 
0.072000 
0.072000 
0.072000 
0.072000 
0.072000 
0.072000 
0.072000 
0.072000 
0.072000 
0.072000 
0.072000 
0.072000 
0.072000 
0.104362 
0.185567 
0.291791 
0.399210 
0.484000 
0.554230 
0.626929 
0.691713 
0.738198 
0.756000 
0.756000 
0.756000 
0.756000 
0.756000 
0.756000 
0.790764 
0.881732 
1.008917 
1.152335 
1.292000 
1.463697 
1.683499 
1.901852 
2.069204 
2.136000 
2.124755 
2.096120 
2.057749 
2.017291 
1.982400 
1.948674 
1.910994 
1.875937 
1.850080 
1.840000 
1.842587 
1.850023 
1.861818 
1.877485 
1.896533 
1.950647 
2.057031 
2.193478 
2.337781 
2.467733 
2.602171 
2.755902 
2.900681 
3.008263 
3.050400 
2.922716 
2.618238 
2.254829 
1.950351 
1.822667 
1.822667 
1.822667 
1.822667 
1.822667 
1.822667 
1.822112 
1.820789 
1.819211 
1.817888 
1.817333 
2.130982 
2.896882 
3.852464 
4.735159 
5.282400 
5.565453 
5.818162 
6.021826 
6.157739 
6.207200 
6.180625 
6.110388 
6.010718 
5.895845 
5.780000 
5.663915 
5.533492 
5.380710 
5.197553 
4.976000 
4.559848 
3.919515 
3.236910 
2.693946 
2.472533 
2.742490 
3.386231 
4.154569 
4.798310 
5.068267 
5.043972 
4.986039 
4.916894 
4.858961 
4.834667 
4.915526 
5.120124 
5.391493 
5.672663 
5.906667 
6.119094 
6.348812 
6.558771 
6.711917 
6.771200 
6.245321 
4.991300 
3.494566 
2.240546 
1.714667 
1.725344 
1.750805 
1.781195 
1.806656 
1.817333 
1.813728 
1.805131 
1.794869 
1.786272 
1.782667 
1.784650 
1.789833 
1.797064 
1.805193 
1.813067 
1.821648 
1.831843 
1.842413 
1.852122 
1.859733 
1.866055 
1.872234 
1.877546 
1.881266 
1.882667 
1.881659 
1.879111 
1.875733 
1.872237 
1.869333 
1.866707 
1.863872 
1.861284 
1.859397 
1.858667 
1.863936 
1.877121 
1.894283 
1.911489 
1.924800 
1.935449 
1.946305 
1.955891 
1.962726 
1.965333 
1.851673 
1.578273 
1.246503 
0.957733 
0.813333 
0.777842 
0.748778 
0.726979 
0.713285 
0.708533 
0.718108 
0.741609 
0.771202 
0.799055 
0.817333 
0.828068 
0.837933 
0.846057 
0.851569 
0.853600 
0.851735 
0.846510 
0.838486 
0.828218 
0.816267 
0.787148 
0.735944 
0.679060 
0.632899 
0.613867 
1.040534 
2.060780 
3.284973 
4.323480 
4.786667 
4.826583 
4.856330 
4.877852 
4.893094 
4.904000 
4.913058 
4.921084 
4.927514 
4.931785 
4.933333 
4.926825 
4.907643 
4.876302 
4.833317 
4.779200 
4.295938 
3.229605 
1.976849 
0.934320 
0.498667 
0.508651 
0.532459 
0.560875 
0.584683 
0.594667 
0.588233 
0.572890 
0.554577 
0.539234 
0.532800 
0.540252 
0.558909 
0.583228 
0.607662 
0.626667 
0.639403 
0.649893 
0.659881 
0.671113 
0.685333 
0.709630 
0.744000 
0.779556 
0.807407 
0.818667 
0.818667 
0.818667 
0.818667 
0.818667 
0.818667 
0.824890 
0.840538 
0.861073 
0.881961 
0.898667 
0.912627 
0.927044 
0.940027 
0.949687 
0.954133 
0.955053 
0.955569 
0.955945 
0.956445 
0.957333 
0.961632 
0.970191 
0.980013 
0.988104 
0.991467 
0.990690 
0.988838 
0.986628 
0.984777 
0.984000 
0.984000 
0.984000 
0.984000 
0.984000 
0.984000 
0.957887 
0.893608 
0.812252 
0.734908 
0.682667 
0.650116 
0.619727 
0.594414 
0.577089 
0.570667 
0.571110 
0.572169 
0.573431 
0.574490 
0.574933 
0.554500 
0.505090 
0.444536 
0.390672 
0.361333 
0.350881 
0.342054 
0.335254 
0.330880 
0.329333 
0.329333 
0.329333 
0.329333 
0.329333 
0.329333 
0.321568 
0.303051 
0.280949 
0.262432 
0.254667 
0.270928 
0.310063 
0.357601 
0.399071 
0.420000 
0.425399 
0.429833 
0.433169 
0.435270 
0.436000 
0.436000 
0.436000 
0.436000 
0.436000 
0.436000 
0.451284 
0.487858 
0.531803 
0.569201 
0.586133 
0.588006 
0.589494 
0.590578 
0.591242 
0.591467 
0.588614 
0.581543 
0.572486 
0.563672 
0.557333 
0.553732 
0.551118 
0.548705 
0.545706 
0.541333 
0.529719 
0.509717 
0.487630 
0.469758 
0.462400 
0.497344 
0.580672 
0.680128 
0.763456 
0.798400 
0.793265 
0.780712 
0.765020 
0.750467 
0.741333 
0.736470 
0.732102 
0.728566 
0.726198 
0.725333 
0.728107 
0.734720 
0.742613 
0.749227 
0.752000 
0.749760 
0.743830 
0.735393 
0.725633 
0.715733 
0.702284 
0.684059 
0.665518 
0.651123 
0.645333 
0.645333 
0.645333 
0.645333 
0.645333 
0.645333 
0.644973 
0.644113 
0.643087 
0.642227 
0.641867 
0.756747 
1.056450 
1.473565 
1.940685 
2.390400 
2.929250 
3.608922 
4.279729 
4.791984 
4.996000 
4.983936 
4.955168 
4.920832 
4.892064 
4.880000 
4.889152 
4.910976 
4.937024 
4.958848 
4.968000 
4.458816 
3.244608 
1.795392 
0.581184 
0.072000 
0.072000 
0.072000 
0.072000 
0.072000 
0.072000 
0.074872 
0.082793 
0.094717 
0.109601 
0.126400 
0.160172 
0.215529 
0.275761 
0.324155 
0.344000 
0.344000 
0.344000 
0.344000 
0.344000 
0.344000 
0.344000 
0.344000 
0.344000 
0.344000 
0.344000 
0.344000 
0.344000 
0.344000 
0.344000 
0.344000 
0.324155 
0.275761 
0.215529 
0.160172 
0.126400 
0.109601 
0.094717 
0.082793 
0.074872 
0.072000 
0.072000 
0.072000 
0.072000 
0.072000 
0.072000 
0.072000 
0.072000 
0.072000 
0.072000 
0.072000 
0.072000 
0.072000 
0.072000 
0.072000 
0.072000 
0.072000 
0.072000 
0.072000 
0.072000 
0.072000 
0.072000 
0.072000 
0.072000 
0.072000 
0.072000 
0.072000 
0.072000 
0.072000 
0.072000 
0.072000 
0.072000 
0.072000 
0.072000 
0.072000 
0.072000 
0.072000 
0.072000 
0.072000 
0.072000 
0.072000 
0.072000 
0.072000 
0.072000 
0.072000 
0.072000 
0.072000 
0.072000 
0.072000 
0.072000 
0.072000 
0.091845 
0.140239 
0.200471 
0.255828 
0.289600 
0.306399 
0.321283 
0.333207 
0.341128 
0.344000 
0.344000 
0.344000 
0.344000 
0.344000 
0.344000 
0.344000 
0.344000 
0.344000 
0.344000 
0.344000 
0.336863 
0.318236 
0.292298 
0.263227 
0.235200 
0.201516 
0.158953 
0.116913 
0.084795 
0.072000 
0.072000 
0.072000 
0.072000 
0.072000 
0.072000 
0.072000 
0.072000 
0.072000 
0.072000 
0.072000 
0.072000 
0.072000 
0.072000 
0.072000 
0.072000 
0.072000 
0.072000 
0.072000 
0.072000 
0.072000 
0.072000 
0.072000 
0.072000 
0.072000 
0.072000 
