0.000000 
0.000000 
0.000000 
0.000000 
0.000000 
0.000000 
0.000000 
0.000000 
0.000000 
0.000000 
0.000000 
0.000000 
0.000000 
0.000000 
0.000000 
0.000000 
0.000000 
0.000000 
0.000000 
0.000000 
0.000000 
0.000000 
0.000000 
0.000000 
0.000000 
0.000000 
0.000000 
0.000000 
0.000000 
0.000000 
0.000000 
0.000000 
0.000000 
0.000000 
0.000000 
0.000000 
0.000000 
0.000000 
0.000000 
0.000000 
0.000000 
0.000000 
0.000000 
0.000000 
0.000000 
0.000000 
0.000000 
0.000000 
0.000000 
0.000000 
0.000000 
0.000000 
0.000000 
0.000000 
0.000000 
0.000000 
0.000000 
0.000000 
0.000000 
0.000000 
0.000000 
0.000000 
0.000000 
0.000000 
0.000000 
0.000000 
0.000000 
0.000000 
0.000000 
0.000000 
0.000000 
0.000000 
0.000000 
0.000000 
0.000000 
0.000000 
0.000000 
0.000000 
0.000000 
0.000000 
0.000000 
0.000000 
0.000000 
0.000000 
0.000000 
0.000000 
0.000000 
0.000000 
0.000000 
0.000000 
0.000000 
0.000000 
0.000000 
0.000000 
0.000000 
0.000000 
0.000000 
0.000000 
0.000000 
0.000000 
0.000000 
0.000000 
0.000000 
0.000000 
0.000000 
0.000000 
0.000000 
0.000000 
0.000000 
0.000000 
0.000000 
0.000000 
0.000000 
0.000000 
0.000000 
0.000000 
0.000000 
0.000000 
0.000000 
0.000000 
0.000000 
0.000000 
0.000000 
0.000000 
0.000000 
0.000000 
0.000000 
0.000000 
0.000000 
0.000000 
0.000000 
0.000000 
0.000000 
0.000000 
0.000000 
0.000000 
0.000000 
0.000000 
0.000000 
0.000000 
0.000000 
0.000000 
0.000000 
0.000000 
0.000000 
0.000000 
0.000000 
0.000000 
0.000000 
0.000000 
0.000000 
0.000000 
0.000000 
0.000000 
0.000000 
0.000000 
0.000000 
0.000000 
0.000000 
0.000000 
0.000000 
0.000000 
0.000000 
0.000000 
0.000000 
0.000000 
0.000000 
0.000000 
0.000000 
0.000000 
0.000000 
0.000000 
0.000000 
0.000000 
0.000000 
0.000000 
0.000000 
0.000000 
0.000000 
0.000000 
0.000000 
0.000000 
0.000000 
0.000000 
0.000000 
0.000000 
0.000000 
0.000000 
0.000000 
0.000000 
0.000000 
0.000000 
0.000000 
0.000000 
0.000000 
0.000000 
0.000000 
0.000000 
0.000000 
0.000000 
0.000000 
0.000000 
0.000000 
0.000000 
0.000000 
0.000000 
0.000000 
0.000000 
0.000000 
0.000000 
0.000000 
0.000000 
0.000000 
0.000000 
0.000000 
0.000000 
0.000000 
0.000000 
0.000000 
0.000000 
0.000000 
0.000000 
0.000000 
0.000000 
0.000000 
0.000000 
0.000000 
0.000000 
0.000000 
0.000000 
0.000000 
0.000000 
0.000000 
0.000000 
0.000000 
0.000000 
0.000000 
0.000000 
0.000000 
0.000000 
0.000000 
0.000000 
0.000000 
0.000000 
0.000000 
0.000000 
0.000000 
0.000000 
0.000000 
0.000000 
0.000000 
0.000000 
0.000000 
0.000000 
0.000000 
0.000000 
0.000000 
0.000000 
0.000000 
0.000000 
0.000000 
0.000000 
0.000000 
0.000000 
0.000000 
0.000000 
0.000000 
0.000000 
0.000000 
0.000000 
0.000000 
0.000000 
0.000000 
0.000000 
0.000000 
0.000000 
0.000000 
0.000000 
0.000000 
0.000000 
0.000000 
0.000000 
0.000000 
0.000000 
0.000000 
0.000000 
0.000000 
0.000000 
0.000000 
0.000000 
0.000000 
0.000000 
0.000000 
0.000000 
0.000000 
0.000000 
0.000000 
0.000000 
0.000000 
0.000000 
0.000000 
0.000000 
0.000000 
0.000000 
0.000000 
0.000000 
0.000000 
0.000000 
0.000000 
0.000000 
0.000000 
0.000000 
0.000000 
0.000000 
0.000000 
0.000000 
0.000000 
0.000000 
0.000000 
0.000000 
0.000000 
0.000000 
0.000000 
0.000000 
0.000000 
0.000000 
0.000000 
0.000000 
0.000000 
0.000000 
0.000000 
0.000000 
0.000000 
0.000000 
0.000000 
0.000000 
0.000000 
0.000000 
0.000000 
0.000000 
0.000000 
0.000000 
0.000000 
0.000000 
0.000000 
0.000000 
0.000000 
0.000000 
0.000000 
0.000000 
0.000000 
0.000000 
0.000000 
0.000000 
0.000000 
0.000000 
0.000000 
0.000000 
0.000000 
0.000000 
0.000000 
0.000000 
0.000000 
0.000000 
0.000000 
0.000000 
0.000000 
0.000000 
0.000000 
0.000000 
0.000000 
0.000000 
0.000000 
0.000000 
0.000000 
0.000000 
0.000000 
0.000000 
0.000000 
0.000000 
0.000000 
0.000000 
0.000000 
0.000000 
0.000000 
0.000000 
0.000000 
0.000000 
0.000000 
0.000000 
0.000000 
0.000000 
0.000000 
0.000000 
0.000000 
0.000000 
0.000000 
0.000000 
0.000000 
0.000000 
0.000000 
0.000000 
0.000000 
0.000000 
0.000000 
0.000000 
0.000000 
0.000000 
0.000000 
0.000000 
0.000000 
0.000000 
0.000000 
0.000000 
0.000000 
0.000000 
0.000000 
0.000000 
0.000000 
0.000000 
0.000000 
0.003051 
0.011753 
0.021157 
0.019621 
0.020406 
0.020018 
0.015843 
0.014894 
0.011770 
0.016350 
0.027049 
0.034923 
0.048772 
0.050378 
0.066533 
0.065527 
0.073772 
0.071258 
0.077214 
0.085760 
0.075801 
0.082337 
0.092722 
0.102419 
0.115504 
0.118005 
0.132066 
0.119084 
0.136576 
0.109492 
0.125925 
0.125372 
0.126369 
0.125041 
0.123464 
0.116397 
0.148865 
0.193222 
0.175215 
0.160336 
0.171668 
0.147667 
0.086051 
0.083261 
0.059235 
0.001805 
0.000000 
0.000000 
0.000000 
0.000000 
0.000000 
0.015109 
0.058822 
0.066406 
0.099236 
0.104276 
0.110292 
0.107070 
0.121819 
0.130692 
0.139507 
0.122675 
0.129579 
0.133409 
0.152069 
0.138735 
0.132659 
0.123382 
0.145280 
0.143100 
0.129409 
0.147375 
0.132273 
0.141459 
0.149863 
0.143824 
0.155324 
0.151527 
0.150588 
0.125508 
0.126352 
0.090518 
0.079803 
0.089311 
0.092551 
0.103289 
0.150951 
0.149803 
0.178027 
0.174731 
0.116331 
0.060849 
0.010247 
0.000000 
0.000000 
0.000000 
0.000000 
0.000000 
0.000000 
0.000000 
0.000000 
0.000000 
0.009353 
0.058762 
0.090932 
0.123005 
0.181074 
0.212126 
0.171703 
0.175675 
0.183650 
0.178017 
0.212082 
0.214845 
0.201528 
0.217469 
0.212693 
0.238792 
0.203311 
0.229438 
0.212666 
0.211739 
0.196408 
0.197098 
0.223481 
0.206307 
0.231075 
0.231649 
0.213140 
0.247989 
0.259739 
0.212649 
0.191121 
0.215349 
0.278610 
0.238088 
0.227251 
0.220668 
0.215813 
0.259944 
0.214089 
0.257295 
0.249426 
0.264810 
0.259659 
0.247788 
0.210326 
0.259718 
0.237005 
0.234850 
0.243980 
0.212091 
0.251426 
0.301450 
0.305413 
0.234074 
0.254860 
0.287366 
0.301591 
0.281547 
0.273512 
0.244646 
0.251585 
0.325426 
0.279312 
0.243161 
0.279439 
0.218565 
0.256064 
0.245549 
0.306848 
0.319403 
0.329429 
0.379323 
0.299845 
0.266208 
0.148340 
0.119745 
0.093362 
0.082552 
0.075592 
0.149954 
0.139855 
0.172358 
0.218265 
0.267472 
0.301048 
0.364537 
0.384545 
0.319767 
0.357488 
0.316156 
0.319463 
0.266429 
0.265109 
0.228847 
0.175855 
0.156332 
0.130615 
0.092992 
0.064032 
0.039761 
0.027516 
0.024684 
0.052117 
0.160564 
0.247960 
0.358973 
0.331512 
0.352605 
0.330200 
0.364355 
0.314896 
0.245189 
0.284978 
0.221032 
0.151190 
0.136793 
0.121387 
0.145693 
0.233939 
0.284609 
0.354458 
0.415933 
0.374757 
0.370584 
0.425969 
0.337779 
0.356761 
0.294356 
0.379179 
0.266649 
0.285859 
0.288002 
0.281252 
0.239495 
0.342650 
0.299201 
0.333187 
0.415498 
0.321649 
0.295842 
0.229481 
0.188891 
0.095622 
0.050176 
0.000000 
0.000000 
0.000000 
0.000000 
0.000000 
0.000000 
0.000000 
0.000000 
0.000000 
0.001410 
0.099874 
0.187072 
0.243568 
0.263667 
0.308991 
0.346538 
0.372224 
0.355430 
0.390383 
0.336506 
0.347801 
0.374657 
0.359176 
0.407820 
0.379171 
0.371785 
0.326937 
0.404934 
0.293395 
0.382515 
0.362746 
0.390470 
0.337986 
0.433819 
0.300012 
0.402698 
0.321780 
0.337605 
0.280469 
0.137045 
0.071476 
0.000000 
0.000000 
0.000000 
0.000000 
0.000000 
0.017989 
0.036374 
0.065501 
0.096253 
0.103152 
0.115059 
0.130042 
0.117509 
0.075585 
0.033303 
0.002805 
0.000000 
0.002964 
0.036877 
0.084450 
0.128081 
0.149918 
0.204635 
0.209393 
0.232239 
0.251286 
0.264872 
0.231526 
0.158409 
0.117758 
0.041235 
0.012661 
0.014818 
0.016765 
0.023771 
0.030836 
0.031568 
0.028251 
0.016504 
0.008847 
0.000481 
0.000000 
0.001502 
0.015108 
0.027272 
0.043977 
0.057068 
0.073363 
0.083971 
0.107920 
0.133923 
0.141384 
0.197295 
0.246412 
0.300659 
0.340721 
0.366485 
0.319285 
0.332022 
0.290008 
0.323298 
0.287061 
0.220515 
0.130507 
0.091702 
0.024766 
0.000000 
0.000000 
0.000000 
0.000000 
0.000000 
0.000000 
0.000000 
0.000000 
0.031051 
0.067327 
0.112549 
0.191221 
0.213332 
0.323887 
0.432541 
0.464465 
0.365144 
0.456586 
0.493367 
0.315955 
0.420116 
0.408265 
0.404374 
0.379335 
0.298907 
0.318877 
0.395729 
0.394745 
0.342073 
0.400315 
0.361927 
0.306534 
0.363949 
0.343684 
0.375130 
0.349662 
0.333744 
0.337704 
0.404017 
0.433487 
0.295574 
0.398584 
0.401662 
0.330369 
0.395099 
0.389895 
0.421251 
0.374657 
0.378388 
0.331777 
0.324384 
0.326194 
0.331777 
0.261174 
0.196394 
0.242615 
0.226433 
0.265702 
0.295690 
0.320438 
0.382042 
0.267625 
0.380668 
0.418084 
0.369272 
0.387375 
0.367761 
0.333310 
0.310209 
0.346008 
0.319391 
0.352691 
0.338667 
0.420143 
0.402156 
0.302796 
0.356622 
0.326281 
0.293998 
0.267895 
0.221711 
0.157716 
0.145573 
0.163584 
0.148188 
0.129934 
0.157170 
0.214039 
0.252999 
0.350740 
0.373714 
0.360078 
0.263242 
0.374292 
0.339826 
0.323226 
0.350233 
0.309143 
0.297422 
0.302280 
0.310177 
0.271445 
0.330165 
0.245287 
0.365203 
0.374456 
0.300568 
0.272260 
0.320940 
0.259618 
0.236552 
0.210277 
0.267572 
0.255482 
0.247839 
0.223197 
0.228894 
0.218900 
0.201703 
0.204314 
0.214160 
0.201670 
0.242825 
0.271219 
0.272734 
0.276145 
0.300283 
0.310967 
0.268493 
0.248661 
0.288010 
0.258019 
0.189382 
0.103480 
0.045007 
0.013992 
0.003203 
0.000000 
0.000000 
0.000000 
0.000000 
0.000000 
0.000000 
0.000000 
0.000000 
0.000000 
0.000000 
0.000000 
0.000000 
0.000000 
0.008785 
0.023002 
0.046477 
0.070790 
0.112045 
0.137408 
0.160942 
0.212440 
0.230915 
0.264522 
0.272703 
0.284836 
0.226631 
0.191424 
0.178463 
0.158484 
0.163769 
0.123579 
0.101350 
0.112395 
0.121720 
0.098633 
0.105109 
0.074535 
0.076460 
0.070178 
0.084711 
0.088858 
0.093917 
0.117118 
0.157236 
0.161236 
0.176720 
0.220952 
0.256192 
0.228629 
0.243746 
0.255884 
0.205685 
0.293291 
0.297989 
0.250383 
0.229303 
0.237066 
0.161908 
0.131915 
0.152428 
0.142685 
0.143256 
0.137102 
0.122014 
0.119226 
0.140234 
0.127282 
0.148637 
0.145192 
0.143552 
0.170782 
0.166869 
0.152393 
0.203565 
0.202217 
0.218075 
0.177657 
0.203973 
0.190017 
0.183441 
0.151929 
0.139093 
0.107086 
0.096088 
0.113665 
0.111608 
0.153175 
0.150657 
0.186929 
0.170099 
0.152603 
0.122263 
0.078960 
0.059861 
0.068075 
0.073897 
0.069144 
0.093880 
0.097139 
0.091868 
0.083076 
0.098848 
0.075365 
0.083878 
0.078201 
0.087105 
0.084304 
0.076484 
0.082197 
0.072588 
0.062058 
0.058356 
0.045299 
0.043084 
0.040055 
0.030700 
0.022072 
0.023459 
0.012867 
0.008207 
0.004198 
0.000354 
0.000000 
0.000000 
0.000000 
0.000000 
0.000000 
0.000000 
0.000000 
0.000000 
0.000000 
0.000000 
0.000000 
0.000000 
0.000000 
0.000000 
0.000000 
0.000000 
0.000000 
0.000000 
0.000000 
0.000000 
0.000000 
0.000000 
0.000000 
0.000000 
0.000000 
0.000000 
0.000000 
0.000000 
0.000000 
0.000000 
0.001224 
0.003683 
0.005419 
0.009221 
0.012023 
0.012015 
0.012061 
0.015421 
0.012963 
0.017540 
0.016716 
0.018505 
0.018294 
0.016250 
0.012554 
0.015349 
0.013989 
0.017440 
0.019688 
0.023862 
0.033149 
0.035028 
0.041705 
0.041588 
0.039368 
0.052287 
0.044190 
0.060362 
0.061909 
0.107684 
0.118889 
0.118809 
0.135822 
0.130849 
0.118422 
0.115539 
0.117538 
0.095083 
0.094158 
0.077347 
0.054967 
0.050082 
0.055317 
0.044211 
0.041758 
0.037104 
0.049157 
0.040132 
0.030418 
0.023809 
0.013352 
0.010427 
0.005922 
0.002843 
0.000242 
0.000000 
0.000000 
0.000000 
0.000000 
0.000000 
0.000000 
0.000000 
0.000000 
0.000000 
0.000000 
0.000000 
0.000000 
0.000000 
0.000000 
0.000000 
0.000000 
0.000000 
0.000000 
0.000000 
0.000000 
0.000000 
0.000000 
0.000000 
0.000000 
0.000000 
0.000000 
0.000000 
0.000000 
0.000000 
0.000000 
0.000000 
0.000000 
0.000000 
0.000000 
0.000000 
0.000000 
0.000000 
0.000000 
0.000000 
0.000000 
0.000000 
0.000000 
0.000000 
0.000000 
0.000000 
0.000000 
0.000000 
0.000000 
0.000000 
0.000000 
0.000000 
0.000000 
0.000000 
0.000000 
0.000000 
0.000000 
0.000000 
0.000000 
0.000000 
0.000000 
0.000000 
0.000000 
0.000000 
0.000000 
0.000000 
0.000000 
0.000000 
0.000000 
0.000000 
0.000000 
0.000000 
0.000000 
0.000000 
0.000000 
0.000000 
0.000000 
0.000000 
0.000000 
0.000000 
0.000000 
0.000000 
0.000000 
0.000000 
0.000000 
0.000000 
0.000000 
0.000000 
0.000000 
0.000000 
0.000000 
0.000000 
0.000000 
0.000000 
0.000000 
0.000000 
0.000000 
0.000000 
0.000000 
0.000000 
0.000000 
0.000000 
0.000000 
0.000000 
0.000000 
0.000000 
0.000000 
0.000000 
0.000000 
0.000000 
0.000000 
0.000000 
0.000000 
0.000000 
0.000000 
0.000000 
0.000000 
0.000000 
0.000000 
0.000000 
0.000000 
0.000000 
0.000000 
0.000000 
0.000000 
0.000000 
0.000000 
0.000000 
0.000000 
0.000000 
0.000000 
0.000000 
0.000000 
0.000000 
0.000000 
0.000000 
0.000000 
0.000000 
0.000000 
0.000000 
0.000000 
0.000000 
0.000000 
0.000000 
0.000000 
0.000000 
0.000000 
0.000000 
0.000000 
0.000000 
0.000000 
0.000000 
0.000000 
0.000000 
0.000000 
0.000000 
0.000000 
0.000000 
0.000000 
0.000000 
0.000000 
0.000000 
0.000000 
0.000000 
0.000000 
0.000000 
0.000000 
0.000000 
0.000000 
0.000000 
0.000000 
0.000000 
0.000000 
0.000000 
0.000000 
0.000000 
0.000000 
0.000000 
0.000000 
0.000000 
0.000000 
0.000000 
0.000000 
0.000000 
0.000000 
0.000000 
0.000000 
0.000000 
0.000000 
0.000000 
0.000000 
0.000000 
0.000000 
0.000000 
0.000000 
0.000000 
0.000000 
0.000000 
0.000000 
0.000000 
0.000000 
0.000000 
0.000000 
0.000000 
0.000000 
0.000000 
0.000000 
0.000000 
0.000000 
0.000000 
0.000000 
0.000000 
0.000000 
0.000000 
0.000000 
0.000000 
0.000000 
0.000000 
0.000000 
0.000000 
0.000000 
0.000000 
0.000000 
0.000000 
0.000000 
0.000000 
0.000000 
0.000000 
0.000000 
0.000000 
0.000000 
0.000000 
0.000000 
0.000000 
0.000000 
0.000000 
0.000000 
0.000000 
0.000000 
0.000000 
0.000000 
0.000000 
0.000000 
0.000000 
0.000000 
0.000000 
0.000000 
0.000000 
0.000000 
0.000000 
0.000000 
0.000000 
0.000000 
0.000000 
0.000000 
0.000000 
0.000000 
0.000000 
0.000000 
0.000000 
0.000000 
0.000000 
0.000000 
0.000000 
0.000000 
0.000000 
0.000000 
0.000000 
0.000000 
0.000000 
0.000000 
0.000000 
0.000000 
0.000000 
0.000000 
0.000000 
0.000000 
0.000000 
0.000000 
0.000000 
0.000000 
0.000000 
0.000000 
0.000000 
0.000000 
0.000000 
0.000000 
0.000000 
0.000000 
0.000000 
0.000000 
0.000000 
0.000000 
0.000000 
0.000000 
0.000000 
0.000000 
0.000000 
0.000000 
0.000000 
0.000000 
0.000000 
0.000000 
0.000000 
0.000000 
0.000000 
0.000000 
0.000000 
0.000000 
0.000000 
0.000000 
0.000000 
0.000000 
0.000000 
0.000000 
0.000000 
0.000000 
0.000000 
0.000000 
0.000000 
0.000000 
0.000000 
0.000000 
