0.000000 
0.000000 
0.000000 
0.000000 
0.000000 
0.000000 
0.000000 
0.000000 
0.000000 
0.000000 
0.000000 
0.000000 
0.000000 
0.000000 
0.000000 
0.000000 
0.000000 
0.000000 
0.000000 
0.000000 
0.000000 
0.000000 
0.000000 
0.000000 
0.000000 
0.000000 
0.000000 
0.000000 
0.000000 
0.000000 
0.000000 
0.000000 
0.000000 
0.000000 
0.000000 
0.000000 
0.000000 
0.000000 
0.000000 
0.000000 
0.000000 
0.000000 
0.000000 
0.000000 
0.000000 
0.000000 
0.000000 
0.000000 
0.000000 
0.000000 
0.000000 
0.000000 
0.000000 
0.000000 
0.000000 
0.000000 
0.000000 
0.000000 
0.000000 
0.000000 
0.000000 
0.000000 
0.000000 
0.000000 
0.000000 
0.000000 
0.000000 
0.000000 
0.000000 
0.000000 
0.000000 
0.000000 
0.000000 
0.000000 
0.000000 
0.000000 
0.000000 
0.000000 
0.000000 
0.000000 
0.000000 
0.000000 
0.000000 
0.000000 
0.000000 
0.000000 
0.000000 
0.000000 
0.000000 
0.000000 
0.000000 
0.000000 
0.000000 
0.000000 
0.000000 
0.000000 
0.000000 
0.000000 
0.000000 
0.000000 
0.000000 
0.000000 
0.000000 
0.000000 
0.000000 
0.000000 
0.000000 
0.000000 
0.000000 
0.000000 
0.000000 
0.000000 
0.000000 
0.000000 
0.000000 
0.000000 
0.000000 
0.000000 
0.000000 
0.000000 
0.000000 
0.000000 
0.000000 
0.000000 
0.000000 
0.000000 
0.000000 
0.000000 
0.000000 
0.000000 
0.000000 
0.000000 
0.000000 
0.000000 
0.000000 
0.000000 
0.000000 
0.000000 
0.000000 
0.000000 
0.000000 
0.000000 
0.000000 
0.000000 
0.000000 
0.000000 
0.000000 
0.000000 
0.000000 
0.000000 
0.000000 
0.000000 
0.000000 
0.000000 
0.000000 
0.000000 
0.000000 
0.000000 
0.000000 
0.000000 
0.000000 
0.000000 
0.000000 
0.000000 
0.000000 
0.000000 
0.000000 
0.000000 
0.000000 
0.000000 
0.000000 
0.000000 
0.000000 
0.000000 
0.000000 
0.000000 
0.000000 
0.000000 
0.000000 
0.000000 
0.000000 
0.000000 
0.000000 
0.000000 
0.000000 
0.000000 
0.000000 
0.000000 
0.000000 
0.000000 
0.000000 
0.000000 
0.000000 
0.000000 
0.000000 
0.000000 
0.000000 
0.000000 
0.000000 
0.000000 
0.000000 
0.000000 
0.000000 
0.000000 
0.000000 
0.000000 
0.000000 
0.000000 
0.000000 
0.000000 
0.000000 
0.000000 
0.000000 
0.000000 
0.000000 
0.000000 
0.000000 
0.000000 
0.000000 
0.000000 
0.000000 
0.000000 
0.000000 
0.000000 
0.000000 
0.000000 
0.000000 
0.000000 
0.000000 
0.000000 
0.000000 
0.000000 
0.000000 
0.000000 
0.000000 
0.000000 
0.000000 
0.000000 
0.000000 
0.000000 
0.000000 
0.000000 
0.000000 
0.000000 
0.000000 
0.000000 
0.000000 
0.000000 
0.000000 
0.000000 
0.000000 
0.000000 
0.000000 
0.000000 
0.000000 
0.000000 
0.000000 
0.000000 
0.000000 
0.000000 
0.000000 
0.000000 
0.000000 
0.000000 
0.000000 
0.000000 
0.000000 
0.000000 
0.000000 
0.000000 
0.000000 
0.000000 
0.000000 
0.000000 
0.000000 
0.000000 
0.000000 
0.000000 
0.000000 
0.000000 
0.000000 
0.000000 
0.000000 
0.000000 
0.000000 
0.000000 
0.000000 
0.000000 
0.000000 
0.000000 
0.000000 
0.000000 
0.000000 
0.000000 
0.000000 
0.000000 
0.000000 
0.000000 
0.000000 
0.000000 
0.000000 
0.000000 
0.000000 
0.000000 
0.000000 
0.000000 
0.000000 
0.000000 
0.000000 
0.000000 
0.000000 
0.000000 
0.000000 
0.000000 
0.000000 
0.000000 
0.000000 
0.000000 
0.000000 
0.000000 
0.000000 
0.000000 
0.000000 
0.000000 
0.000000 
0.000000 
0.000000 
0.000000 
0.000000 
0.000000 
0.000000 
0.000000 
0.000000 
0.000000 
0.000000 
0.000000 
0.000000 
0.000000 
0.000000 
0.000000 
0.000000 
0.000000 
0.000000 
0.000000 
0.000000 
0.000000 
0.000000 
0.000000 
0.000000 
0.000000 
0.000000 
0.000000 
0.000000 
0.000000 
0.000000 
0.000000 
0.000000 
0.000000 
0.000000 
0.000000 
0.000000 
0.000000 
0.000000 
0.000000 
0.000000 
0.000000 
0.000000 
0.000000 
0.000000 
0.000000 
0.000000 
0.000000 
0.000000 
0.000000 
0.000000 
0.000000 
0.000000 
0.000000 
0.000000 
0.000000 
0.000000 
0.000000 
0.000000 
0.000000 
0.000000 
0.000000 
0.000000 
0.000000 
0.000000 
0.000000 
0.000000 
0.000000 
0.000000 
0.000000 
0.000000 
0.000000 
0.000000 
0.000000 
0.000000 
0.000000 
0.000000 
0.000000 
0.000000 
0.000000 
0.000000 
0.000000 
0.000000 
0.000000 
0.000000 
0.000000 
0.000000 
0.000000 
0.000000 
0.000000 
0.000000 
0.000000 
0.000000 
0.000000 
0.000000 
0.000000 
0.000000 
0.004987 
0.015932 
0.030362 
0.033000 
0.030040 
0.027684 
0.028069 
0.025572 
0.025404 
0.028939 
0.047685 
0.058182 
0.075482 
0.092612 
0.097645 
0.112940 
0.077567 
0.144061 
0.112977 
0.123858 
0.128216 
0.132767 
0.117892 
0.156294 
0.146468 
0.184810 
0.217795 
0.215099 
0.217783 
0.146455 
0.188049 
0.189950 
0.207670 
0.209534 
0.208795 
0.227416 
0.211782 
0.291304 
0.201054 
0.257734 
0.236262 
0.205501 
0.164738 
0.121121 
0.077248 
0.003310 
0.000000 
0.000000 
0.000000 
0.000000 
0.000000 
0.028536 
0.091007 
0.144303 
0.175477 
0.188246 
0.171247 
0.159599 
0.196823 
0.178531 
0.211366 
0.200534 
0.233864 
0.209992 
0.222484 
0.190230 
0.208936 
0.220834 
0.202340 
0.205880 
0.233724 
0.207630 
0.227845 
0.184004 
0.220595 
0.217186 
0.243675 
0.245348 
0.209784 
0.228218 
0.217006 
0.167144 
0.159678 
0.123229 
0.136740 
0.180277 
0.204458 
0.261161 
0.260150 
0.247752 
0.194533 
0.102087 
0.012309 
0.000000 
0.000000 
0.000000 
0.000000 
0.000000 
0.000000 
0.000000 
0.000000 
0.000000 
0.017510 
0.084575 
0.118545 
0.151521 
0.297733 
0.299429 
0.291939 
0.252271 
0.328487 
0.293834 
0.308522 
0.337382 
0.348296 
0.351087 
0.352038 
0.350920 
0.356174 
0.298182 
0.337693 
0.337700 
0.353470 
0.378810 
0.333829 
0.369575 
0.358993 
0.334587 
0.420107 
0.355729 
0.373438 
0.389075 
0.364705 
0.371652 
0.390358 
0.373541 
0.345419 
0.402159 
0.421495 
0.417409 
0.418060 
0.411138 
0.384817 
0.389149 
0.322549 
0.386948 
0.417190 
0.413743 
0.348771 
0.417015 
0.382299 
0.397325 
0.410654 
0.350585 
0.407062 
0.452848 
0.489461 
0.472912 
0.508182 
0.467133 
0.459649 
0.344378 
0.476736 
0.488775 
0.430759 
0.480271 
0.413788 
0.441684 
0.407024 
0.474383 
0.436880 
0.518302 
0.506724 
0.535584 
0.416849 
0.381315 
0.310603 
0.192215 
0.113530 
0.125103 
0.170279 
0.157186 
0.268021 
0.301304 
0.303041 
0.451866 
0.441131 
0.517857 
0.448054 
0.565211 
0.505787 
0.453270 
0.456088 
0.392714 
0.491903 
0.261435 
0.329675 
0.257226 
0.193447 
0.143013 
0.113430 
0.077463 
0.055747 
0.041049 
0.090800 
0.228275 
0.432126 
0.551604 
0.465027 
0.536482 
0.551813 
0.503373 
0.539458 
0.412476 
0.451711 
0.323069 
0.301773 
0.192793 
0.156107 
0.252069 
0.331103 
0.401605 
0.553632 
0.654949 
0.573428 
0.551157 
0.451128 
0.480282 
0.434547 
0.484497 
0.571125 
0.398532 
0.448491 
0.451250 
0.457214 
0.455317 
0.573566 
0.613318 
0.510954 
0.587105 
0.442049 
0.395063 
0.398712 
0.295144 
0.181948 
0.076263 
0.000000 
0.000000 
0.000000 
0.000000 
0.000000 
0.000000 
0.000000 
0.000000 
0.000000 
0.002131 
0.172290 
0.320624 
0.390517 
0.474702 
0.473970 
0.486754 
0.558738 
0.572250 
0.563165 
0.539920 
0.695088 
0.622438 
0.452492 
0.619102 
0.578964 
0.685804 
0.669802 
0.548603 
0.535232 
0.550063 
0.515175 
0.639711 
0.572422 
0.534823 
0.634665 
0.538028 
0.693966 
0.538181 
0.395222 
0.313822 
0.099845 
0.000000 
0.000000 
0.000000 
0.000000 
0.000000 
0.031026 
0.068175 
0.103712 
0.118341 
0.160631 
0.165409 
0.209052 
0.168800 
0.123368 
0.063524 
0.005247 
0.000000 
0.003875 
0.076554 
0.135097 
0.212467 
0.219374 
0.287400 
0.319864 
0.361054 
0.409783 
0.449814 
0.453370 
0.260772 
0.177857 
0.068069 
0.016181 
0.019438 
0.033745 
0.039179 
0.040074 
0.046288 
0.040663 
0.024828 
0.012561 
0.000710 
0.000000 
0.002717 
0.024557 
0.043460 
0.080184 
0.096686 
0.134329 
0.138057 
0.156587 
0.205816 
0.261317 
0.313406 
0.431001 
0.445630 
0.570617 
0.603035 
0.530166 
0.549139 
0.520696 
0.559096 
0.467322 
0.392319 
0.270079 
0.148144 
0.043961 
0.000000 
0.000000 
0.000000 
0.000000 
0.000000 
0.000000 
0.000000 
0.000000 
0.048059 
0.157507 
0.194610 
0.261990 
0.350147 
0.523231 
0.652594 
0.576200 
0.671038 
0.650412 
0.748170 
0.697082 
0.498969 
0.643473 
0.660689 
0.484960 
0.612129 
0.589569 
0.637428 
0.524313 
0.605820 
0.533076 
0.582953 
0.621097 
0.592407 
0.493267 
0.554411 
0.623685 
0.560806 
0.628767 
0.577139 
0.733452 
0.616730 
0.670265 
0.542363 
0.609468 
0.478064 
0.600229 
0.632981 
0.464700 
0.517899 
0.605794 
0.581766 
0.574150 
0.459579 
0.437746 
0.347120 
0.361094 
0.419448 
0.435929 
0.606865 
0.564062 
0.652111 
0.549861 
0.623959 
0.648851 
0.546097 
0.543667 
0.630093 
0.548290 
0.538473 
0.584350 
0.528335 
0.599429 
0.487617 
0.605945 
0.542779 
0.531456 
0.425673 
0.477043 
0.454425 
0.425702 
0.338897 
0.327478 
0.279293 
0.235992 
0.234141 
0.229212 
0.243566 
0.306770 
0.373361 
0.483725 
0.541277 
0.467862 
0.483101 
0.552554 
0.517796 
0.491082 
0.542357 
0.620388 
0.436258 
0.453367 
0.556531 
0.370706 
0.494607 
0.527462 
0.544077 
0.576176 
0.400573 
0.485959 
0.401574 
0.460779 
0.472835 
0.416568 
0.359305 
0.432037 
0.339845 
0.483902 
0.368416 
0.358991 
0.318245 
0.373441 
0.298098 
0.315976 
0.370362 
0.422583 
0.464164 
0.449852 
0.483668 
0.489220 
0.412351 
0.443126 
0.396225 
0.380590 
0.270052 
0.184178 
0.080402 
0.020429 
0.005218 
0.000000 
0.000000 
0.000000 
0.000000 
0.000000 
0.000000 
0.000000 
0.000000 
0.000000 
0.000000 
0.000000 
0.000000 
0.000000 
0.011110 
0.039125 
0.071709 
0.126751 
0.145592 
0.190601 
0.234115 
0.387365 
0.345019 
0.457582 
0.361594 
0.395436 
0.376318 
0.365862 
0.327690 
0.281392 
0.272838 
0.276762 
0.169691 
0.174729 
0.157965 
0.153440 
0.122944 
0.116191 
0.119428 
0.125762 
0.117515 
0.126325 
0.161798 
0.183019 
0.228922 
0.246556 
0.294436 
0.333307 
0.412495 
0.426589 
0.452231 
0.426031 
0.398503 
0.352965 
0.345753 
0.349596 
0.372533 
0.257120 
0.245416 
0.273985 
0.238010 
0.236540 
0.205964 
0.199315 
0.243648 
0.228537 
0.210124 
0.236591 
0.259405 
0.246262 
0.261597 
0.278759 
0.315821 
0.357407 
0.262731 
0.317277 
0.352547 
0.315793 
0.312241 
0.274690 
0.314409 
0.277856 
0.227265 
0.171072 
0.152224 
0.151692 
0.212502 
0.261977 
0.207280 
0.278520 
0.293015 
0.258930 
0.180349 
0.122892 
0.103039 
0.114754 
0.106994 
0.156904 
0.116907 
0.161251 
0.154789 
0.185724 
0.151995 
0.147542 
0.156450 
0.124747 
0.135317 
0.114012 
0.111804 
0.117055 
0.119912 
0.087201 
0.103124 
0.079114 
0.069627 
0.059815 
0.056581 
0.042386 
0.036326 
0.021456 
0.015956 
0.007715 
0.000599 
0.000000 
0.000000 
0.000000 
0.000000 
0.000000 
0.000000 
0.000000 
0.000000 
0.000000 
0.000000 
0.000000 
0.000000 
0.000000 
0.000000 
0.000000 
0.000000 
0.000000 
0.000000 
0.000000 
0.000000 
0.000000 
0.000000 
0.000000 
0.000000 
0.000000 
0.000000 
0.000000 
0.000000 
0.000000 
0.000000 
0.002079 
0.005214 
0.010509 
0.013822 
0.015383 
0.020937 
0.023263 
0.027154 
0.023996 
0.029042 
0.024167 
0.030548 
0.025294 
0.026271 
0.022274 
0.022774 
0.021531 
0.023930 
0.028345 
0.046690 
0.055342 
0.057760 
0.071275 
0.066120 
0.070900 
0.079048 
0.073193 
0.097909 
0.121968 
0.197082 
0.210637 
0.227415 
0.209387 
0.247269 
0.201488 
0.199879 
0.155592 
0.137690 
0.176394 
0.100000 
0.113351 
0.080855 
0.095349 
0.073540 
0.076667 
0.075931 
0.072708 
0.070587 
0.056123 
0.038922 
0.033026 
0.017283 
0.011614 
0.008422 
0.004272 
0.000620 
0.000000 
0.000000 
0.000000 
0.000000 
0.000000 
0.000000 
0.000000 
0.000000 
0.000000 
0.000000 
0.000710 
0.000188 
0.000000 
0.000000 
0.000000 
0.000000 
0.000000 
0.000000 
0.000000 
0.000000 
0.000000 
0.000000 
0.000000 
0.000000 
0.001609 
0.002213 
0.001950 
0.000323 
0.000000 
0.000000 
0.000000 
0.000000 
0.000000 
0.000000 
0.000000 
0.000000 
0.000000 
0.000000 
0.000000 
0.000000 
0.000000 
0.000000 
0.000000 
0.000000 
0.000000 
0.000000 
0.000000 
0.000000 
0.000000 
0.000000 
0.000000 
0.000000 
0.000000 
0.000000 
0.000000 
0.000000 
0.000000 
0.000000 
0.000000 
0.000000 
0.000000 
0.000000 
0.000000 
0.000000 
0.000000 
0.000000 
0.000000 
0.000000 
0.000000 
0.000000 
0.000000 
0.000000 
0.000000 
0.000000 
0.000000 
0.000000 
0.000000 
0.000000 
0.000000 
0.000000 
0.000000 
0.000000 
0.000000 
0.000000 
0.000000 
0.000000 
0.000000 
0.000000 
0.000000 
0.000000 
0.000000 
0.000000 
0.000000 
0.000000 
0.000000 
0.000000 
0.000000 
0.000000 
0.000000 
0.000000 
0.000000 
0.000000 
0.000000 
0.000000 
0.000000 
0.000000 
0.000000 
0.000000 
0.000000 
0.000000 
0.000000 
0.000000 
0.000000 
0.000000 
0.000000 
0.000000 
0.000000 
0.000000 
0.000000 
0.000000 
0.000000 
0.000000 
0.000000 
0.000000 
0.000000 
0.000000 
0.000000 
0.000000 
0.000000 
0.000000 
0.000000 
0.000000 
0.000000 
0.000000 
0.000000 
0.000000 
0.000000 
0.000000 
0.000000 
0.000000 
0.000000 
0.000000 
0.000000 
0.000000 
0.000000 
0.000000 
0.000000 
0.000000 
0.000000 
0.000000 
0.000000 
0.000000 
0.000000 
0.000000 
0.000000 
0.000000 
0.000000 
0.000000 
0.000000 
0.000000 
0.000000 
0.000000 
0.000000 
0.000000 
0.000000 
0.000000 
0.000000 
0.000000 
0.000000 
0.000000 
0.000000 
0.000000 
0.000000 
0.000000 
0.000000 
0.000000 
0.000000 
0.000000 
0.000000 
0.000000 
0.000000 
0.000000 
0.000000 
0.000000 
0.000000 
0.000000 
0.000000 
0.000000 
0.000000 
0.000000 
0.000000 
0.000000 
0.000000 
0.000000 
0.000000 
0.000000 
0.000000 
0.000000 
0.000000 
0.000000 
0.000000 
0.000000 
0.000000 
0.000000 
0.000000 
0.000000 
0.000000 
0.000000 
0.000000 
0.000000 
0.000000 
0.000000 
0.000000 
0.000000 
0.000000 
0.000000 
0.000000 
0.000000 
0.000000 
0.000000 
0.000000 
0.000000 
0.000000 
0.000000 
0.000000 
0.000000 
0.000000 
0.000000 
0.000000 
0.000000 
0.000000 
0.000000 
0.000000 
0.000000 
0.000000 
0.000000 
0.000000 
0.000000 
0.000000 
0.000000 
0.000000 
0.000000 
0.000000 
0.000000 
0.000000 
0.000000 
0.000000 
0.000000 
0.000000 
0.000000 
0.000000 
0.000000 
0.000000 
0.000000 
0.000000 
0.000000 
0.000000 
0.000000 
0.000000 
0.000000 
0.000000 
0.000000 
0.000000 
0.000000 
0.000000 
0.000000 
0.000000 
0.000000 
0.000000 
0.000000 
0.000000 
0.000000 
0.000000 
0.000000 
0.000000 
0.000000 
0.000000 
0.000000 
0.000000 
0.000000 
0.000000 
0.000000 
0.000000 
0.000000 
0.000000 
0.000000 
0.000000 
0.000000 
0.000000 
0.000000 
0.000000 
0.000000 
0.000000 
0.000000 
0.000000 
0.000000 
0.000000 
0.000000 
0.000000 
0.000000 
0.000000 
0.000000 
0.000000 
0.000000 
0.000000 
0.000000 
0.000000 
0.000000 
0.000000 
0.000000 
0.000000 
0.000000 
0.000000 
0.000000 
0.000000 
0.000000 
0.000000 
0.000000 
0.000000 
0.000000 
0.000000 
