0.050667 
0.050667 
0.050667 
0.050667 
0.050667 
0.050667 
0.050667 
0.050667 
0.050667 
0.050667 
0.050667 
0.050667 
0.050667 
0.050667 
0.050667 
0.050667 
0.050667 
0.050667 
0.050667 
0.050667 
0.050667 
0.050667 
0.050667 
0.050667 
0.050667 
0.050667 
0.050667 
0.050667 
0.050667 
0.050667 
0.050667 
0.050667 
0.050667 
0.050667 
0.050667 
0.050667 
0.050667 
0.050667 
0.050667 
0.050667 
0.050667 
0.050667 
0.050667 
0.050667 
0.050667 
0.050667 
0.050667 
0.050667 
0.050667 
0.050667 
0.050667 
0.050667 
0.050667 
0.050667 
0.050667 
0.060881 
0.085790 
0.116791 
0.145284 
0.162667 
0.171313 
0.178974 
0.185111 
0.189188 
0.190667 
0.190667 
0.190667 
0.190667 
0.190667 
0.190667 
0.189188 
0.185111 
0.178974 
0.171313 
0.162667 
0.145284 
0.116791 
0.085790 
0.060881 
0.050667 
0.050667 
0.050667 
0.050667 
0.050667 
0.050667 
0.063901 
0.097120 
0.140603 
0.184626 
0.219467 
0.248455 
0.278524 
0.305352 
0.324618 
0.332000 
0.332000 
0.332000 
0.332000 
0.332000 
0.332000 
0.332000 
0.332000 
0.332000 
0.332000 
0.332000 
0.329029 
0.320837 
0.308503 
0.293108 
0.275733 
0.240803 
0.183546 
0.121248 
0.071193 
0.050667 
0.050667 
0.050667 
0.050667 
0.050667 
0.050667 
0.050667 
0.050667 
0.050667 
0.050667 
0.050667 
0.050667 
0.050667 
0.050667 
0.050667 
0.050667 
0.050667 
0.050667 
0.050667 
0.050667 
0.050667 
0.050667 
0.050667 
0.050667 
0.050667 
0.050667 
0.065227 
0.099947 
0.141387 
0.176107 
0.190667 
0.190667 
0.190667 
0.190667 
0.190667 
0.190667 
0.190667 
0.190667 
0.190667 
0.190667 
0.190667 
0.186993 
0.177406 
0.164055 
0.149092 
0.134667 
0.117329 
0.095422 
0.073783 
0.057252 
0.050667 
0.050667 
0.050667 
0.050667 
0.050667 
0.050667 
0.050667 
0.050667 
0.050667 
0.050667 
0.050667 
0.050667 
0.050667 
0.050667 
0.050667 
0.050667 
0.050667 
0.050667 
0.050667 
0.050667 
0.050667 
0.050667 
0.050667 
0.050667 
0.050667 
0.050667 
0.050667 
0.050667 
0.050667 
0.050667 
0.050667 
0.050667 
0.050667 
0.050667 
0.050667 
0.050667 
0.063901 
0.097120 
0.140603 
0.184626 
0.219467 
0.248455 
0.278524 
0.305352 
0.324618 
0.332000 
0.332000 
0.332000 
0.332000 
0.332000 
0.332000 
0.332000 
0.332000 
0.332000 
0.332000 
0.332000 
0.328850 
0.320300 
0.307698 
0.292393 
0.275733 
0.247343 
0.204063 
0.158073 
0.121548 
0.106667 
0.115403 
0.136235 
0.161099 
0.181931 
0.190667 
0.190667 
0.190667 
0.190667 
0.190667 
0.190667 
0.190667 
0.190667 
0.190667 
0.190667 
0.190667 
0.180452 
0.155543 
0.124542 
0.096049 
0.078667 
0.070020 
0.062359 
0.056222 
0.052145 
0.050667 
0.050667 
0.050667 
0.050667 
0.050667 
0.050667 
0.050667 
0.050667 
0.050667 
0.050667 
0.050667 
0.050667 
0.050667 
0.050667 
0.050667 
0.050667 
0.050667 
0.050667 
0.050667 
0.050667 
0.050667 
0.050667 
0.050667 
0.050667 
0.050667 
0.050667 
0.068543 
0.113299 
0.171623 
0.230205 
0.275733 
0.309881 
0.342310 
0.371691 
0.396697 
0.416000 
0.432070 
0.447238 
0.459972 
0.468737 
0.472000 
0.472000 
0.472000 
0.472000 
0.472000 
0.472000 
0.465575 
0.448224 
0.422832 
0.392284 
0.359467 
0.306237 
0.227016 
0.143529 
0.077503 
0.050667 
0.050667 
0.050667 
0.050667 
0.050667 
0.050667 
0.050667 
0.050667 
0.050667 
0.050667 
0.050667 
0.050667 
0.050667 
0.050667 
0.050667 
0.050667 
0.050667 
0.050667 
0.050667 
0.050667 
0.050667 
0.050667 
0.050667 
0.050667 
0.050667 
0.050667 
0.050667 
0.050667 
0.050667 
0.050667 
0.050667 
0.050667 
0.050667 
0.050667 
0.050667 
0.050667 
0.063901 
0.097120 
0.140603 
0.184626 
0.219467 
0.246062 
0.271345 
0.294583 
0.315045 
0.332000 
0.345246 
0.356030 
0.365791 
0.375968 
0.388000 
0.405338 
0.427245 
0.448883 
0.465414 
0.472000 
0.469029 
0.460837 
0.448503 
0.433108 
0.415733 
0.385589 
0.337905 
0.282786 
0.230338 
0.190667 
0.161307 
0.134005 
0.110183 
0.091263 
0.078667 
0.070020 
0.062359 
0.056222 
0.052145 
0.050667 
0.050667 
0.050667 
0.050667 
0.050667 
0.050667 
0.050667 
0.050667 
0.050667 
0.050667 
0.050667 
0.050667 
0.050667 
0.050667 
0.050667 
0.050667 
0.050667 
0.050667 
0.050667 
0.050667 
0.050667 
0.050667 
0.050667 
0.050667 
0.050667 
0.050667 
0.050667 
0.050667 
0.050667 
0.050667 
0.050667 
0.050667 
0.050667 
0.050667 
0.050667 
0.050667 
0.053638 
0.061830 
0.074164 
0.089558 
0.106933 
0.141864 
0.199121 
0.261419 
0.311474 
0.332000 
0.332000 
0.332000 
0.332000 
0.332000 
0.332000 
0.332000 
0.332000 
0.332000 
0.332000 
0.332000 
0.338101 
0.352651 
0.370016 
0.384565 
0.390667 
0.376689 
0.343358 
0.303575 
0.270244 
0.256267 
0.265946 
0.289026 
0.316574 
0.339654 
0.349333 
0.349114 
0.348462 
0.347386 
0.345896 
0.344000 
0.312152 
0.239238 
0.152914 
0.080838 
0.050667 
0.050667 
0.050667 
0.050667 
0.050667 
0.050667 
0.050667 
0.050667 
0.050667 
0.050667 
0.050667 
0.052145 
0.056222 
0.062359 
0.070020 
0.078667 
0.096049 
0.124542 
0.155543 
0.180452 
0.190667 
0.190667 
0.190667 
0.190667 
0.190667 
0.190667 
0.190667 
0.190667 
0.190667 
0.190667 
0.190667 
0.183595 
0.166731 
0.146603 
0.129739 
0.122667 
0.125163 
0.131115 
0.138219 
0.144171 
0.146667 
0.138347 
0.118507 
0.094827 
0.074987 
0.066667 
0.067221 
0.068544 
0.070123 
0.071445 
0.072000 
0.069781 
0.064491 
0.058176 
0.052885 
0.050667 
0.050667 
0.050667 
0.050667 
0.050667 
0.050667 
0.254257 
0.739742 
1.319191 
1.804676 
2.008267 
1.834850 
1.421318 
0.927748 
0.514217 
0.340800 
0.341070 
0.341845 
0.343072 
0.344697 
0.346667 
0.351700 
0.361457 
0.374297 
0.388581 
0.402667 
0.420004 
0.441911 
0.463550 
0.480081 
0.486667 
0.473433 
0.440213 
0.396730 
0.352707 
0.317867 
0.292471 
0.269587 
0.248148 
0.227086 
0.205333 
0.180749 
0.154044 
0.128431 
0.107123 
0.093333 
0.085303 
0.078874 
0.073661 
0.069276 
0.065333 
0.061344 
0.057399 
0.053981 
0.051576 
0.050667 
0.050667 
0.050667 
0.050667 
0.050667 
0.050667 
0.050667 
0.050667 
0.050667 
0.050667 
0.050667 
0.050667 
0.050667 
0.050667 
0.050667 
0.050667 
0.050667 
0.050667 
0.050667 
0.050667 
0.050667 
0.064422 
0.099804 
0.147989 
0.200151 
0.247467 
0.297667 
0.356707 
0.413101 
0.455361 
0.472000 
0.472000 
0.472000 
0.472000 
0.472000 
0.472000 
0.472000 
0.472000 
0.472000 
0.472000 
0.472000 
0.463401 
0.440592 
0.408055 
0.370275 
0.331733 
0.278548 
0.205850 
0.131637 
0.073909 
0.050667 
0.050667 
0.050667 
0.050667 
0.050667 
0.050667 
0.050667 
0.050667 
0.050667 
0.050667 
0.050667 
0.050667 
0.050667 
0.050667 
0.050667 
0.050667 
0.050667 
0.050667 
0.050667 
0.050667 
0.050667 
0.050667 
0.050667 
0.050667 
0.050667 
0.050667 
0.050667 
0.050667 
0.050667 
0.050667 
0.050667 
0.050667 
0.050667 
0.050667 
0.050667 
0.050667 
0.050667 
0.050667 
0.050667 
0.050667 
0.050667 
0.050667 
0.050667 
0.050667 
0.050667 
0.050667 
0.050667 
0.050667 
0.050667 
0.050667 
0.050667 
0.053638 
0.061830 
0.074164 
0.089558 
0.106933 
0.141864 
0.199121 
0.261419 
0.311474 
0.332000 
0.332000 
0.332000 
0.332000 
0.332000 
0.332000 
0.332000 
0.332000 
0.332000 
0.332000 
0.332000 
0.332000 
0.332000 
0.332000 
0.332000 
0.332000 
0.311474 
0.261419 
0.199121 
0.141864 
0.106933 
0.089558 
0.074164 
0.061830 
0.053638 
0.050667 
0.050667 
0.050667 
0.050667 
0.050667 
0.050667 
0.050667 
0.050667 
0.050667 
0.050667 
0.050667 
0.050667 
0.050667 
0.050667 
0.050667 
0.050667 
0.050667 
0.050667 
0.050667 
0.050667 
0.050667 
0.065227 
0.099947 
0.141387 
0.176107 
0.190667 
0.190667 
0.190667 
0.190667 
0.190667 
0.190667 
0.190667 
0.190667 
0.190667 
0.190667 
0.190667 
0.186030 
0.174516 
0.159720 
0.145239 
0.134667 
0.127034 
0.119563 
0.113134 
0.108631 
0.106933 
0.130340 
0.186157 
0.252777 
0.308593 
0.332000 
0.332000 
0.332000 
0.332000 
0.332000 
0.332000 
0.332000 
0.332000 
0.332000 
0.332000 
0.332000 
0.333525 
0.337163 
0.341504 
0.345141 
0.346667 
0.326141 
0.276086 
0.213787 
0.156530 
0.121600 
0.104225 
0.088830 
0.076497 
0.068304 
0.065333 
0.065333 
0.065333 
0.065333 
0.065333 
0.065333 
0.064643 
0.062912 
0.060645 
0.058350 
0.056533 
0.055022 
0.053455 
0.052056 
0.051052 
0.050667 
0.050667 
0.050667 
0.050667 
0.050667 
0.050667 
0.052083 
0.056034 
0.062078 
0.069770 
0.078667 
0.090798 
0.109502 
0.136302 
0.172716 
0.220267 
0.480411 
1.037105 
1.715621 
2.341229 
2.739200 
2.959494 
3.158111 
3.319381 
3.427634 
3.467200 
3.465619 
3.461850 
3.457350 
3.453581 
3.452000 
3.452028 
3.452094 
3.452173 
3.452239 
3.452267 
3.251973 
2.762339 
2.150239 
1.582546 
1.226133 
1.039112 
0.874255 
0.740429 
0.646500 
0.601333 
0.584930 
0.571600 
0.561671 
0.555473 
0.553333 
0.554193 
0.556243 
0.558690 
0.560740 
0.561600 
0.546624 
0.510912 
0.468288 
0.432576 
0.417600 
0.419412 
0.424307 
0.431468 
0.440082 
0.449333 
0.463664 
0.484644 
0.507152 
0.526067 
0.536267 
0.540133 
0.543374 
0.545855 
0.547441 
0.548000 
0.548000 
0.548000 
0.548000 
0.548000 
0.548000 
0.523821 
0.464102 
0.388072 
0.314962 
0.264000 
0.230233 
0.198125 
0.171034 
0.152318 
0.145333 
0.145333 
0.145333 
0.145333 
0.145333 
0.145333 
0.145333 
0.145333 
0.145333 
0.145333 
0.145333 
0.151324 
0.165609 
0.182658 
0.196943 
0.202933 
0.196943 
0.182658 
0.165609 
0.151324 
0.145333 
0.165701 
0.214490 
0.273228 
0.323445 
0.346667 
0.349390 
0.350930 
0.352041 
0.353479 
0.356000 
0.362456 
0.374345 
0.390392 
0.409325 
0.429867 
0.457555 
0.494991 
0.536504 
0.576420 
0.609067 
0.637767 
0.666985 
0.692760 
0.711130 
0.718133 
0.696332 
0.642725 
0.575004 
0.510865 
0.468000 
0.444550 
0.425672 
0.409586 
0.394511 
0.378667 
0.359636 
0.338582 
0.319098 
0.304773 
0.299200 
0.305606 
0.320883 
0.339117 
0.354394 
0.360800 
0.359165 
0.354850 
0.348739 
0.341716 
0.334667 
0.325343 
0.312897 
0.300314 
0.290576 
0.286667 
0.286667 
0.286667 
0.286667 
0.286667 
0.286667 
0.286667 
0.286667 
0.286667 
0.286667 
0.286667 
0.286667 
0.286667 
0.286667 
0.286667 
0.286667 
0.289472 
0.297333 
0.309418 
0.324896 
0.342933 
0.378130 
0.438037 
0.511253 
0.586375 
0.652000 
0.703117 
0.747462 
0.792755 
0.846717 
0.917067 
1.058755 
1.279318 
1.515357 
1.703473 
1.780267 
1.718835 
1.566682 
1.372017 
1.183053 
1.048000 
0.954214 
0.863656 
0.786445 
0.732698 
0.712533 
0.717609 
0.729711 
0.744156 
0.756258 
0.761333 
0.750517 
0.724725 
0.693941 
0.668149 
0.657333 
0.660661 
0.668597 
0.678069 
0.686005 
0.689333 
0.686505 
0.679759 
0.671708 
0.664962 
0.662133 
0.663156 
0.665821 
0.669521 
0.673649 
0.677600 
0.681105 
0.684618 
0.688620 
0.693587 
0.700000 
0.709442 
0.723498 
0.742646 
0.767365 
0.798133 
0.853034 
0.947235 
1.076839 
1.237948 
1.426667 
1.817530 
2.458588 
3.156214 
3.716783 
3.946667 
3.946140 
3.944883 
3.943383 
3.942127 
3.941600 
3.952818 
3.984609 
4.034178 
4.098729 
4.175467 
4.398914 
4.813310 
5.280436 
5.662073 
5.820000 
5.635379 
5.195130 
4.669670 
4.229421 
4.044800 
4.048544 
4.057472 
4.068128 
4.077056 
4.080800 
4.056032 
3.987841 
3.885393 
3.757857 
3.614400 
3.373792 
2.998151 
2.561667 
2.138531 
1.802933 
1.532216 
1.268995 
1.035373 
0.853452 
0.745333 
0.684917 
0.633185 
0.592861 
0.566669 
0.557333 
0.561097 
0.570543 
0.582908 
0.595426 
0.605333 
0.612211 
0.618031 
0.623612 
0.629773 
0.637333 
0.647942 
0.661478 
0.676111 
0.690006 
0.701333 
0.709623 
0.716378 
0.722722 
0.729777 
0.738667 
0.753503 
0.774158 
0.795394 
0.811976 
0.818667 
0.818667 
0.818667 
0.818667 
0.818667 
0.818667 
0.836297 
0.885093 
0.958914 
1.051619 
1.157067 
1.370787 
1.724571 
2.116668 
2.445328 
2.608800 
2.648740 
2.677376 
2.698815 
2.717165 
2.736533 
2.755380 
2.771213 
2.786717 
2.804574 
2.827467 
2.869013 
2.930042 
2.994058 
3.044565 
3.065067 
3.048784 
3.007217 
2.951284 
2.891905 
2.840000 
2.800953 
2.767483 
2.731510 
2.684953 
2.619733 
2.423264 
2.060363 
1.639056 
1.267371 
1.053333 
0.960588 
0.882357 
0.821031 
0.779004 
0.758667 
0.750662 
0.744147 
0.739287 
0.736249 
0.735200 
0.736818 
0.741260 
0.747905 
0.756136 
0.765333 
0.777247 
0.794133 
0.816129 
0.843372 
0.876000 
0.944367 
1.056250 
1.177923 
1.275660 
1.315733 
1.258301 
1.121057 
0.956582 
0.817459 
0.756267 
0.752672 
0.750640 
0.749207 
0.747404 
0.744267 
0.734669 
0.717481 
0.697733 
0.680452 
0.670667 
0.667187 
0.664949 
0.663172 
0.661072 
0.657867 
0.650442 
0.638547 
0.625698 
0.615410 
0.611200 
0.627263 
0.666492 
0.715450 
0.760698 
0.788800 
0.803395 
0.816437 
0.826955 
0.833977 
0.836533 
0.831153 
0.818323 
0.803010 
0.790180 
0.784800 
0.788378 
0.796909 
0.807091 
0.815622 
0.819200 
0.816886 
0.810838 
0.802401 
0.792918 
0.783733 
0.772580 
0.758401 
0.744360 
0.733617 
0.729333 
0.760254 
0.838627 
0.942874 
1.051414 
1.142667 
1.221122 
1.301401 
1.377119 
1.441892 
1.489333 
1.520562 
1.544022 
1.564322 
1.586067 
1.613867 
1.658595 
1.718456 
1.779045 
1.825961 
1.844800 
1.842436 
1.835767 
1.825427 
1.812049 
1.796267 
1.755115 
1.680609 
1.595852 
1.523947 
1.488000 
1.479759 
1.474477 
1.470516 
1.466237 
1.460000 
1.451942 
1.442613 
1.430992 
1.416061 
1.396800 
1.342157 
1.243332 
1.132682 
1.042563 
1.005333 
1.033788 
1.101641 
1.182626 
1.250479 
1.278933 
1.255498 
1.197031 
1.121296 
1.046054 
0.989067 
0.945142 
0.901048 
0.862491 
0.835173 
0.824800 
0.824855 
0.824988 
0.825146 
0.825278 
0.825333 
0.805398 
0.755883 
0.692230 
0.629878 
0.584267 
0.551218 
0.518825 
0.490928 
0.471373 
0.464000 
0.464947 
0.467482 
0.471142 
0.475469 
0.480000 
0.485030 
0.491206 
0.498601 
0.507286 
0.517333 
0.528483 
0.541718 
0.558980 
0.582205 
0.613333 
0.769567 
1.090461 
1.461477 
1.768080 
1.895733 
1.750775 
1.403964 
0.987391 
0.633150 
0.473333 
0.456454 
0.443065 
0.433314 
0.427354 
0.425333 
0.427276 
0.432441 
0.439834 
0.448463 
0.457333 
0.466535 
0.477224 
0.490005 
0.505484 
0.524267 
0.560881 
0.618348 
0.680015 
0.729228 
0.749333 
0.749333 
0.749333 
0.749333 
0.749333 
0.749333 
0.741346 
0.722300 
0.699567 
0.680521 
0.672533 
0.672894 
0.673754 
0.674780 
0.675639 
0.676000 
0.671940 
0.660609 
0.643281 
0.621231 
0.595733 
0.536457 
0.433856 
0.320388 
0.228506 
0.190667 
0.190667 
0.190667 
0.190667 
0.190667 
0.190667 
0.180452 
0.155543 
0.124542 
0.096049 
0.078667 
0.070020 
0.062359 
0.056222 
0.052145 
0.050667 
0.050667 
0.050667 
0.050667 
0.050667 
0.050667 
0.050667 
0.050667 
0.050667 
0.050667 
0.050667 
0.050667 
0.050667 
0.050667 
0.050667 
0.050667 
0.050667 
0.050667 
0.050667 
0.050667 
0.050667 
0.050667 
0.050667 
0.050667 
0.050667 
0.050667 
0.050667 
0.050667 
0.050667 
0.050667 
0.050667 
