0.000000 
0.000000 
0.000000 
0.000000 
0.000000 
0.000000 
0.000000 
0.000000 
0.000000 
0.000000 
0.000000 
0.000000 
0.000000 
0.000000 
0.000000 
0.000000 
0.000000 
0.000000 
0.000000 
0.000000 
0.000000 
0.000000 
0.000000 
0.000000 
0.000000 
0.000000 
0.000000 
0.000000 
0.000000 
0.000000 
0.000000 
0.000000 
0.000000 
0.000000 
0.000000 
0.000000 
0.000000 
0.000000 
0.000000 
0.000000 
0.000000 
0.000000 
0.000000 
0.000000 
0.000000 
0.000000 
0.000000 
0.000000 
0.000000 
0.000000 
0.000000 
0.000000 
0.000000 
0.000000 
0.000000 
0.000000 
0.000000 
0.000000 
0.000000 
0.000000 
0.000000 
0.000000 
0.000000 
0.000000 
0.000000 
0.000000 
0.000000 
0.000000 
0.000000 
0.000000 
0.000000 
0.000000 
0.000000 
0.000000 
0.000000 
0.000000 
0.000000 
0.000000 
0.000000 
0.000000 
0.000000 
0.000000 
0.000000 
0.000000 
0.000000 
0.000000 
0.000000 
0.000000 
0.000000 
0.000000 
0.000000 
0.000000 
0.000000 
0.000000 
0.000000 
0.000000 
0.000000 
0.000000 
0.000000 
0.000000 
0.000000 
0.000000 
0.000000 
0.000000 
0.000000 
0.000000 
0.000000 
0.000000 
0.000000 
0.000000 
0.000000 
0.000000 
0.000000 
0.000000 
0.000000 
0.000000 
0.000000 
0.000000 
0.000000 
0.000000 
0.000000 
0.000000 
0.000000 
0.000000 
0.000000 
0.000000 
0.000000 
0.000000 
0.000000 
0.000000 
0.000000 
0.000000 
0.000000 
0.000000 
0.000000 
0.000000 
0.000000 
0.000000 
0.000000 
0.000000 
0.000000 
0.000000 
0.000000 
0.000000 
0.000000 
0.000000 
0.000000 
0.000000 
0.000000 
0.000000 
0.000000 
0.000000 
0.000000 
0.000000 
0.000000 
0.000000 
0.000000 
0.000000 
0.000000 
0.000000 
0.000000 
0.000000 
0.000000 
0.000000 
0.000000 
0.000000 
0.000000 
0.000000 
0.000000 
0.000000 
0.000000 
0.000000 
0.000000 
0.000000 
0.000000 
0.000000 
0.000000 
0.000000 
0.000000 
0.000000 
0.000000 
0.000000 
0.000000 
0.000000 
0.000000 
0.000000 
0.000000 
0.000000 
0.000000 
0.000000 
0.000000 
0.000000 
0.000000 
0.000000 
0.000000 
0.000000 
0.000000 
0.000000 
0.000000 
0.000000 
0.000000 
0.000000 
0.000000 
0.000000 
0.000000 
0.000000 
0.000000 
0.000000 
0.000000 
0.000000 
0.000000 
0.000000 
0.000000 
0.000000 
0.000000 
0.000000 
0.000000 
0.000000 
0.000000 
0.000000 
0.000000 
0.000000 
0.000000 
0.000000 
0.000000 
0.000000 
0.000000 
0.000000 
0.000000 
0.000000 
0.000000 
0.000000 
0.000000 
0.000000 
0.000000 
0.000000 
0.000000 
0.000000 
0.000000 
0.000000 
0.000000 
0.000000 
0.000000 
0.000000 
0.000000 
0.000000 
0.000000 
0.000000 
0.000000 
0.000000 
0.000000 
0.000000 
0.000000 
0.000000 
0.000000 
0.000000 
0.000000 
0.000000 
0.000000 
0.000000 
0.000000 
0.000000 
0.000000 
0.000000 
0.000000 
0.000000 
0.000000 
0.000000 
0.000000 
0.000000 
0.000000 
0.000000 
0.000000 
0.000000 
0.000000 
0.000000 
0.000000 
0.000000 
0.000000 
0.000000 
0.000000 
0.000000 
0.000000 
0.000000 
0.000000 
0.000000 
0.000000 
0.000000 
0.000000 
0.000000 
0.000000 
0.000000 
0.000000 
0.000000 
0.000000 
0.000000 
0.000000 
0.000000 
0.000000 
0.000000 
0.000000 
0.000000 
0.000000 
0.000000 
0.000000 
0.000000 
0.000000 
0.000000 
0.000000 
0.000000 
0.000000 
0.000000 
0.000000 
0.000000 
0.000000 
0.000000 
0.000000 
0.000000 
0.000000 
0.000000 
0.000000 
0.000000 
0.000000 
0.000000 
0.000000 
0.000000 
0.000000 
0.000000 
0.000000 
0.000000 
0.000000 
0.000000 
0.000000 
0.000000 
0.000000 
0.000000 
0.000000 
0.000000 
0.000000 
0.000000 
0.000000 
0.000000 
0.000000 
0.000000 
0.000000 
0.000000 
0.000000 
0.000000 
0.000000 
0.000000 
0.000000 
0.000000 
0.000000 
0.000000 
0.000000 
0.000000 
0.000000 
0.000000 
0.000000 
0.000000 
0.000000 
0.000000 
0.000000 
0.000000 
0.000000 
0.000000 
0.000000 
0.000000 
0.000000 
0.000000 
0.000000 
0.000000 
0.000000 
0.000000 
0.000000 
0.000000 
0.000000 
0.000000 
0.000000 
0.000000 
0.000000 
0.000000 
0.000000 
0.000000 
0.000000 
0.000000 
0.000000 
0.000000 
0.000000 
0.000000 
0.000000 
0.000000 
0.000000 
0.000000 
0.000000 
0.000000 
0.000000 
0.000000 
0.000000 
0.000000 
0.000000 
0.000000 
0.000000 
0.000000 
0.000000 
0.000000 
0.000000 
0.000000 
0.000000 
0.000000 
0.000000 
0.000000 
0.000000 
0.000000 
0.000000 
0.000000 
0.000000 
0.000000 
0.000000 
0.000000 
0.000000 
0.003547 
0.016438 
0.019569 
0.025299 
0.024920 
0.022782 
0.018677 
0.016001 
0.013964 
0.022008 
0.033090 
0.038650 
0.050695 
0.067092 
0.072379 
0.079511 
0.090947 
0.101392 
0.098357 
0.083225 
0.113965 
0.109388 
0.125543 
0.118316 
0.125947 
0.113952 
0.142990 
0.160164 
0.149876 
0.129873 
0.174536 
0.144926 
0.136171 
0.101479 
0.144310 
0.179093 
0.185708 
0.174508 
0.204115 
0.231761 
0.152640 
0.159632 
0.120916 
0.103289 
0.055276 
0.002074 
0.000000 
0.000000 
0.000000 
0.000000 
0.000000 
0.016804 
0.072952 
0.115126 
0.118937 
0.153706 
0.134438 
0.150805 
0.168713 
0.157633 
0.162360 
0.154119 
0.143920 
0.150866 
0.133905 
0.115655 
0.146398 
0.199362 
0.163173 
0.178415 
0.149776 
0.151230 
0.136173 
0.163862 
0.169539 
0.148787 
0.182633 
0.171730 
0.177449 
0.157915 
0.169250 
0.119480 
0.091571 
0.087505 
0.100386 
0.143844 
0.159312 
0.188615 
0.227162 
0.192506 
0.128322 
0.061053 
0.011107 
0.000000 
0.000000 
0.000000 
0.000000 
0.000000 
0.000000 
0.000000 
0.000000 
0.000000 
0.011334 
0.083673 
0.083290 
0.157842 
0.172080 
0.230556 
0.237643 
0.247865 
0.237091 
0.204681 
0.243242 
0.257227 
0.216491 
0.262794 
0.279885 
0.272376 
0.265252 
0.242607 
0.231696 
0.289231 
0.256954 
0.289126 
0.307048 
0.267924 
0.225840 
0.254732 
0.296060 
0.251495 
0.215842 
0.260344 
0.253586 
0.296735 
0.278061 
0.332321 
0.280000 
0.283538 
0.278175 
0.300809 
0.361624 
0.283422 
0.285810 
0.304772 
0.323264 
0.248162 
0.302530 
0.298125 
0.230192 
0.283881 
0.267504 
0.314704 
0.342129 
0.372403 
0.320364 
0.314279 
0.346129 
0.332354 
0.315303 
0.326438 
0.366951 
0.344042 
0.346752 
0.329336 
0.389523 
0.363581 
0.275876 
0.287354 
0.295823 
0.335435 
0.332599 
0.401928 
0.371581 
0.460611 
0.329846 
0.294399 
0.237541 
0.131249 
0.108626 
0.102999 
0.152046 
0.154668 
0.194267 
0.150189 
0.212594 
0.266315 
0.311880 
0.375522 
0.425046 
0.384787 
0.413639 
0.396253 
0.437457 
0.349211 
0.352676 
0.224584 
0.216202 
0.161651 
0.151500 
0.115174 
0.099147 
0.068358 
0.034905 
0.034611 
0.072999 
0.159890 
0.271414 
0.376062 
0.401077 
0.422336 
0.424853 
0.413305 
0.441096 
0.307346 
0.309703 
0.279125 
0.198452 
0.154524 
0.127514 
0.204842 
0.265357 
0.311381 
0.409992 
0.442436 
0.487220 
0.425349 
0.388005 
0.403772 
0.359129 
0.292947 
0.328183 
0.369899 
0.326997 
0.295808 
0.358629 
0.367996 
0.417010 
0.360449 
0.513021 
0.413150 
0.356788 
0.343276 
0.248302 
0.219845 
0.154763 
0.062324 
0.000000 
0.000000 
0.000000 
0.000000 
0.000000 
0.000000 
0.000000 
0.000000 
0.000000 
0.001386 
0.120982 
0.219843 
0.252546 
0.258806 
0.386058 
0.368357 
0.301217 
0.388262 
0.494331 
0.420902 
0.489582 
0.509246 
0.464497 
0.411117 
0.434245 
0.433306 
0.453548 
0.359967 
0.479082 
0.417405 
0.508237 
0.489129 
0.439324 
0.435530 
0.457923 
0.438894 
0.346836 
0.446182 
0.309372 
0.200229 
0.082350 
0.000000 
0.000000 
0.000000 
0.000000 
0.000000 
0.021495 
0.048047 
0.075411 
0.093774 
0.144999 
0.162704 
0.160858 
0.150787 
0.088996 
0.043427 
0.002645 
0.000000 
0.004251 
0.045980 
0.101226 
0.169543 
0.221159 
0.221970 
0.230639 
0.253537 
0.271523 
0.268850 
0.267990 
0.233340 
0.115311 
0.045670 
0.015899 
0.018155 
0.019915 
0.029915 
0.031663 
0.034583 
0.029196 
0.021492 
0.010903 
0.000577 
0.000000 
0.002020 
0.019725 
0.035245 
0.062930 
0.089914 
0.095857 
0.116947 
0.130482 
0.158047 
0.188925 
0.236125 
0.319166 
0.375155 
0.381953 
0.460438 
0.450385 
0.427280 
0.394580 
0.349102 
0.327410 
0.303642 
0.199876 
0.114209 
0.032643 
0.000000 
0.000000 
0.000000 
0.000000 
0.000000 
0.000000 
0.000000 
0.000000 
0.034803 
0.116025 
0.187155 
0.223811 
0.310036 
0.434565 
0.455315 
0.518713 
0.418605 
0.457807 
0.465914 
0.476322 
0.445131 
0.423002 
0.435841 
0.397087 
0.471000 
0.334743 
0.475260 
0.429700 
0.393632 
0.425346 
0.442262 
0.448375 
0.480348 
0.457752 
0.409006 
0.366466 
0.326121 
0.424582 
0.514008 
0.453696 
0.526726 
0.502070 
0.454076 
0.459807 
0.480039 
0.441302 
0.469146 
0.509362 
0.445006 
0.429556 
0.416303 
0.440037 
0.381503 
0.342021 
0.340146 
0.273954 
0.296505 
0.363625 
0.321030 
0.415024 
0.488215 
0.431127 
0.467896 
0.395603 
0.447138 
0.403661 
0.363029 
0.378017 
0.450813 
0.412773 
0.402983 
0.357668 
0.354336 
0.389538 
0.428216 
0.392595 
0.349475 
0.403151 
0.360247 
0.228325 
0.265511 
0.228765 
0.210396 
0.176869 
0.163179 
0.190525 
0.214466 
0.254804 
0.302265 
0.337291 
0.435472 
0.381811 
0.421072 
0.368209 
0.433863 
0.442474 
0.380786 
0.363628 
0.344900 
0.333386 
0.296397 
0.325305 
0.413132 
0.408890 
0.482412 
0.420732 
0.364023 
0.386151 
0.379263 
0.376582 
0.363750 
0.349069 
0.287228 
0.319559 
0.342537 
0.299855 
0.247995 
0.203448 
0.227820 
0.180979 
0.227565 
0.231717 
0.267733 
0.288936 
0.361761 
0.348618 
0.330899 
0.296930 
0.314948 
0.317176 
0.301880 
0.306462 
0.225138 
0.145097 
0.052963 
0.014727 
0.003853 
0.000000 
0.000000 
0.000000 
0.000000 
0.000000 
0.000000 
0.000000 
0.000000 
0.000000 
0.000000 
0.000000 
0.000000 
0.000000 
0.009027 
0.027390 
0.053313 
0.070415 
0.115391 
0.146473 
0.174648 
0.265344 
0.287599 
0.283118 
0.334413 
0.294531 
0.305106 
0.279516 
0.249930 
0.187906 
0.161407 
0.168060 
0.157041 
0.145785 
0.101888 
0.118131 
0.084114 
0.114644 
0.097107 
0.092484 
0.100471 
0.126891 
0.117230 
0.121342 
0.170799 
0.177377 
0.225933 
0.280617 
0.305215 
0.349176 
0.397460 
0.301604 
0.324522 
0.376582 
0.288281 
0.334704 
0.255414 
0.249072 
0.213887 
0.173036 
0.169467 
0.141749 
0.132605 
0.159761 
0.157093 
0.143729 
0.165489 
0.156427 
0.171889 
0.168829 
0.178985 
0.202598 
0.205343 
0.254506 
0.250331 
0.232722 
0.244545 
0.228480 
0.217067 
0.221659 
0.228041 
0.218332 
0.168036 
0.131553 
0.115697 
0.128565 
0.152839 
0.174324 
0.197643 
0.202746 
0.244274 
0.173840 
0.128204 
0.089261 
0.086496 
0.086760 
0.082615 
0.107949 
0.097650 
0.118090 
0.114835 
0.095092 
0.089062 
0.104397 
0.083146 
0.079429 
0.098308 
0.076105 
0.093763 
0.098106 
0.081325 
0.089381 
0.070118 
0.055802 
0.059160 
0.047605 
0.038197 
0.032990 
0.024304 
0.016214 
0.013204 
0.006448 
0.000340 
0.000000 
0.000000 
0.000000 
0.000000 
0.000000 
0.000000 
0.000000 
0.000000 
0.000000 
0.000000 
0.000000 
0.000000 
0.000000 
0.000000 
0.000000 
0.000000 
0.000000 
0.000000 
0.000000 
0.000000 
0.000000 
0.000000 
0.000000 
0.000000 
0.000000 
0.000000 
0.000000 
0.000000 
0.000000 
0.000000 
0.001474 
0.003605 
0.006722 
0.009672 
0.012160 
0.015070 
0.016875 
0.020373 
0.017049 
0.020513 
0.019162 
0.019806 
0.018575 
0.019738 
0.018409 
0.016278 
0.019865 
0.020741 
0.024782 
0.028462 
0.051015 
0.043363 
0.044887 
0.052376 
0.055436 
0.050244 
0.072061 
0.063064 
0.105714 
0.128407 
0.137926 
0.177741 
0.154594 
0.172857 
0.176668 
0.152433 
0.142529 
0.128037 
0.116547 
0.097589 
0.070888 
0.057131 
0.064334 
0.062597 
0.060369 
0.059717 
0.062633 
0.063719 
0.047406 
0.038515 
0.021858 
0.013050 
0.010689 
0.008558 
0.005488 
0.003355 
0.001574 
0.000100 
0.000000 
0.000000 
0.000000 
0.000000 
0.000000 
0.000000 
0.000933 
0.003263 
0.003736 
0.002661 
0.002089 
0.000829 
0.000013 
0.000000 
0.000000 
0.000000 
0.000000 
0.000000 
0.000000 
0.000000 
0.000303 
0.002159 
0.004333 
0.004620 
0.004924 
0.003336 
0.001447 
0.000000 
0.000000 
0.000000 
0.000000 
0.000000 
0.000000 
0.000000 
0.000000 
0.000000 
0.000000 
0.000000 
0.000000 
0.000000 
0.000000 
0.000000 
0.000000 
0.000000 
0.000000 
0.000000 
0.000000 
0.000000 
0.000000 
0.000000 
0.000000 
0.000000 
0.000000 
0.000000 
0.000000 
0.000000 
0.000000 
0.000000 
0.000000 
0.000000 
0.000000 
0.000000 
0.000000 
0.000000 
0.000000 
0.000000 
0.000000 
0.000000 
0.000000 
0.000000 
0.000000 
0.000000 
0.000000 
0.000000 
0.000000 
0.000000 
0.000000 
0.000000 
0.000000 
0.000000 
0.000000 
0.000000 
0.000000 
0.000000 
0.000000 
0.000000 
0.000000 
0.000000 
0.000000 
0.000000 
0.000000 
0.000000 
0.000000 
0.000000 
0.000000 
0.000000 
0.000000 
0.000000 
0.000000 
0.000000 
0.000000 
0.000000 
0.000000 
0.000000 
0.000000 
0.000000 
0.000000 
0.000000 
0.000000 
0.000000 
0.000000 
0.000000 
0.000000 
0.000000 
0.000000 
0.000000 
0.000000 
0.000000 
0.000000 
0.000000 
0.000000 
0.000000 
0.000000 
0.000000 
0.000000 
0.000000 
0.000000 
0.000000 
0.000000 
0.000000 
0.000000 
0.000000 
0.000000 
0.000000 
0.000000 
0.000000 
0.000000 
0.000000 
0.000000 
0.000000 
0.000000 
0.000000 
0.000000 
0.000000 
0.000000 
0.000000 
0.000000 
0.000000 
0.000000 
0.000000 
0.000000 
0.000000 
0.000000 
0.000000 
0.000000 
0.000000 
0.000000 
0.000000 
0.000000 
0.000000 
0.000000 
0.000000 
0.000000 
0.000000 
0.000000 
0.000000 
0.000000 
0.000000 
0.000000 
0.000000 
0.000000 
0.000000 
0.000000 
0.000000 
0.000000 
0.000000 
0.000000 
0.000000 
0.000000 
0.000000 
0.000000 
0.000000 
0.000000 
0.000000 
0.000000 
0.000000 
0.000000 
0.000000 
0.000000 
0.000000 
0.000000 
0.000000 
0.000000 
0.000000 
0.000000 
0.000000 
0.000000 
0.000000 
0.000000 
0.000000 
0.000000 
0.000000 
0.000000 
0.000000 
0.000000 
0.000000 
0.000000 
0.000000 
0.000000 
0.000000 
0.000000 
0.000000 
0.000000 
0.000000 
0.000000 
0.000000 
0.000000 
0.000000 
0.000000 
0.000000 
0.000000 
0.000000 
0.000000 
0.000000 
0.000000 
0.000000 
0.000000 
0.000000 
0.000000 
0.000000 
0.000000 
0.000000 
0.000000 
0.000000 
0.000000 
0.000000 
0.000000 
0.000000 
0.000000 
0.000000 
0.000000 
0.000000 
0.000000 
0.000000 
0.000000 
0.000000 
0.000000 
0.000000 
0.000000 
0.000000 
0.000000 
0.000000 
0.000000 
0.000000 
0.000000 
0.000000 
0.000000 
0.000000 
0.000000 
0.000000 
0.000000 
0.000000 
0.000000 
0.000000 
0.000000 
0.000000 
0.000000 
0.000000 
0.000000 
0.000000 
0.000000 
0.000000 
0.000000 
0.000000 
0.000000 
0.000000 
0.000000 
0.000000 
0.000000 
0.000000 
0.000000 
0.000000 
0.000000 
0.000000 
0.000000 
0.000000 
0.000000 
0.000000 
0.000000 
0.000000 
0.000000 
0.000000 
0.000000 
0.000000 
0.000000 
0.000000 
0.000000 
0.000000 
0.000000 
0.000000 
0.000000 
0.000000 
0.000000 
0.000000 
0.000000 
0.000000 
0.000000 
0.000000 
0.000000 
0.000000 
0.000000 
0.000000 
0.000000 
0.000000 
0.000000 
0.000000 
0.000000 
0.000000 
0.000000 
