0.065333 
0.065333 
0.065333 
0.065333 
0.065333 
0.065333 
0.065333 
0.065333 
0.065333 
0.065333 
0.065333 
0.065333 
0.065333 
0.065333 
0.065333 
0.065333 
0.065333 
0.065333 
0.065333 
0.065333 
0.065333 
0.065333 
0.065333 
0.065333 
0.065333 
0.065333 
0.065333 
0.065333 
0.065333 
0.065333 
0.071731 
0.087790 
0.108810 
0.130091 
0.146933 
0.158073 
0.166860 
0.175518 
0.186269 
0.201333 
0.239592 
0.304848 
0.376707 
0.434778 
0.458667 
0.458667 
0.458667 
0.458667 
0.458667 
0.458667 
0.445450 
0.411517 
0.365446 
0.315815 
0.271200 
0.224672 
0.170477 
0.118960 
0.080464 
0.065333 
0.065333 
0.065333 
0.065333 
0.065333 
0.065333 
0.065333 
0.065333 
0.065333 
0.065333 
0.065333 
0.065333 
0.065333 
0.065333 
0.065333 
0.065333 
0.065333 
0.065333 
0.065333 
0.065333 
0.065333 
0.065333 
0.065333 
0.065333 
0.065333 
0.065333 
0.065333 
0.065333 
0.065333 
0.065333 
0.065333 
0.065333 
0.065333 
0.065333 
0.065333 
0.065333 
0.065333 
0.065333 
0.065333 
0.065333 
0.065333 
0.065333 
0.065333 
0.065333 
0.065333 
0.065333 
0.065333 
0.065333 
0.065333 
0.065333 
0.065333 
0.065333 
0.065333 
0.065333 
0.065333 
0.065333 
0.065333 
0.065333 
0.065333 
0.065333 
0.065333 
0.090278 
0.151666 
0.229328 
0.303096 
0.352800 
0.383617 
0.412348 
0.436257 
0.452608 
0.458667 
0.458667 
0.458667 
0.458667 
0.458667 
0.458667 
0.437598 
0.385169 
0.317540 
0.250874 
0.201333 
0.164411 
0.127836 
0.096122 
0.073783 
0.065333 
0.065333 
0.065333 
0.065333 
0.065333 
0.065333 
0.065333 
0.065333 
0.065333 
0.065333 
0.065333 
0.065333 
0.065333 
0.065333 
0.065333 
0.065333 
0.065333 
0.065333 
0.065333 
0.065333 
0.065333 
0.065333 
0.065333 
0.065333 
0.065333 
0.065333 
0.065333 
0.065333 
0.065333 
0.065333 
0.065333 
0.065333 
0.065333 
0.065333 
0.065333 
0.065333 
0.071731 
0.087790 
0.108810 
0.130091 
0.146933 
0.158669 
0.168649 
0.178201 
0.188654 
0.201333 
0.217197 
0.235958 
0.257081 
0.280029 
0.304267 
0.336135 
0.376402 
0.416176 
0.446562 
0.458667 
0.449150 
0.424678 
0.391364 
0.355322 
0.322667 
0.292051 
0.259351 
0.226519 
0.195507 
0.168267 
0.141751 
0.114247 
0.089708 
0.072086 
0.065333 
0.065333 
0.065333 
0.065333 
0.065333 
0.065333 
0.065333 
0.065333 
0.065333 
0.065333 
0.065333 
0.065333 
0.065333 
0.065333 
0.065333 
0.065333 
0.065333 
0.065333 
0.065333 
0.065333 
0.065333 
0.065333 
0.065333 
0.065333 
0.065333 
0.065333 
0.065333 
0.065333 
0.065333 
0.065333 
0.065333 
0.065333 
0.065333 
0.065333 
0.065333 
0.065333 
0.065333 
0.065333 
0.065333 
0.065333 
0.065333 
0.065333 
0.065333 
0.065333 
0.065333 
0.065333 
0.065333 
0.065333 
0.065333 
0.065333 
0.065333 
0.072086 
0.089708 
0.114247 
0.141751 
0.168267 
0.200135 
0.240402 
0.280176 
0.310562 
0.322667 
0.322667 
0.322667 
0.322667 
0.322667 
0.322667 
0.310562 
0.280176 
0.240402 
0.200135 
0.168267 
0.141751 
0.114247 
0.089708 
0.072086 
0.065333 
0.065333 
0.065333 
0.065333 
0.065333 
0.065333 
0.065333 
0.065333 
0.065333 
0.065333 
0.065333 
0.065333 
0.065333 
0.065333 
0.065333 
0.065333 
0.065333 
0.065333 
0.065333 
0.065333 
0.065333 
0.065333 
0.065333 
0.065333 
0.065333 
0.065333 
0.079477 
0.113205 
0.153461 
0.187189 
0.201333 
0.201333 
0.201333 
0.201333 
0.201333 
0.201333 
0.201333 
0.201333 
0.201333 
0.201333 
0.201333 
0.197765 
0.188451 
0.175482 
0.160947 
0.146933 
0.130091 
0.108810 
0.087790 
0.071731 
0.065333 
0.065333 
0.065333 
0.065333 
0.065333 
0.065333 
0.065333 
0.065333 
0.065333 
0.065333 
0.065333 
0.065333 
0.065333 
0.065333 
0.065333 
0.065333 
0.065333 
0.065333 
0.065333 
0.065333 
0.065333 
0.077438 
0.107824 
0.147598 
0.187865 
0.219733 
0.246249 
0.273753 
0.298292 
0.315914 
0.322667 
0.322667 
0.322667 
0.322667 
0.322667 
0.322667 
0.303892 
0.258107 
0.201123 
0.148751 
0.116800 
0.100907 
0.086826 
0.075544 
0.068051 
0.065333 
0.065333 
0.065333 
0.065333 
0.065333 
0.065333 
0.065333 
0.065333 
0.065333 
0.065333 
0.065333 
0.065333 
0.065333 
0.065333 
0.065333 
0.065333 
0.065333 
0.065333 
0.065333 
0.065333 
0.065333 
0.065333 
0.065333 
0.065333 
0.065333 
0.065333 
0.065333 
0.065333 
0.065333 
0.065333 
0.065333 
0.065333 
0.065333 
0.065333 
0.065333 
0.065333 
0.065333 
0.065333 
0.065333 
0.065333 
0.065333 
0.065333 
0.065333 
0.065333 
0.065333 
0.065333 
0.065333 
0.065333 
0.065333 
0.065333 
0.065333 
0.080976 
0.120497 
0.172782 
0.226721 
0.271200 
0.307395 
0.342941 
0.376416 
0.406398 
0.431467 
0.454426 
0.477161 
0.496870 
0.510750 
0.516000 
0.503936 
0.475168 
0.440832 
0.412064 
0.400000 
0.401054 
0.403567 
0.406566 
0.409079 
0.410133 
0.386338 
0.329596 
0.261871 
0.205129 
0.181333 
0.182262 
0.185025 
0.189590 
0.195926 
0.204000 
0.366271 
0.740308 
1.183743 
1.554208 
1.709333 
1.552224 
1.177579 
0.730421 
0.355776 
0.198667 
0.199651 
0.202472 
0.206935 
0.212843 
0.220000 
0.241830 
0.284294 
0.336003 
0.385568 
0.421600 
0.445707 
0.467080 
0.485707 
0.501574 
0.514667 
0.525683 
0.535380 
0.543836 
0.551127 
0.557333 
0.563144 
0.568791 
0.573666 
0.577161 
0.578667 
0.578947 
0.579170 
0.579333 
0.579433 
0.579467 
0.545493 
0.464480 
0.367787 
0.286773 
0.252800 
0.274210 
0.325265 
0.386202 
0.437257 
0.458667 
0.457380 
0.453720 
0.447983 
0.440466 
0.431467 
0.408990 
0.367138 
0.315351 
0.263069 
0.219733 
0.180818 
0.139669 
0.102539 
0.075676 
0.065333 
0.065333 
0.065333 
0.065333 
0.065333 
0.065333 
0.065333 
0.065333 
0.065333 
0.065333 
0.065333 
0.065333 
0.065333 
0.065333 
0.065333 
0.065333 
0.065333 
0.065333 
0.065333 
0.065333 
0.065333 
0.065333 
0.065333 
0.065333 
0.065333 
0.065333 
0.065333 
0.065333 
0.065333 
0.065333 
0.065333 
0.065333 
0.065333 
0.065333 
0.065333 
0.065333 
0.065333 
0.065333 
0.065333 
0.065333 
0.065333 
0.065333 
0.065333 
0.065333 
0.065333 
0.065333 
0.065333 
0.065333 
0.065333 
0.065333 
0.065333 
0.065333 
0.065333 
0.065333 
0.065333 
0.065333 
0.065333 
0.065333 
0.065333 
0.065333 
0.065333 
0.065333 
0.065333 
0.065333 
0.065333 
0.065333 
0.075923 
0.103514 
0.141836 
0.184621 
0.225600 
0.274150 
0.334989 
0.394860 
0.440505 
0.458667 
0.458667 
0.458667 
0.458667 
0.458667 
0.458667 
0.450706 
0.429579 
0.399419 
0.364359 
0.328533 
0.278868 
0.210808 
0.141261 
0.087133 
0.065333 
0.065333 
0.065333 
0.065333 
0.065333 
0.065333 
0.065333 
0.065333 
0.065333 
0.065333 
0.065333 
0.065333 
0.065333 
0.065333 
0.065333 
0.065333 
0.065333 
0.065333 
0.065333 
0.065333 
0.065333 
0.065333 
0.065333 
0.065333 
0.065333 
0.065333 
0.065333 
0.065333 
0.065333 
0.065333 
0.065333 
0.065333 
0.065333 
0.065333 
0.065333 
0.065333 
0.065333 
0.065333 
0.065333 
0.065333 
0.065333 
0.065333 
0.065333 
0.065333 
0.065333 
0.065333 
0.065333 
0.065333 
0.065333 
0.065333 
0.065333 
0.092096 
0.155915 
0.232085 
0.295904 
0.322667 
0.322667 
0.322667 
0.322667 
0.322667 
0.322667 
0.322972 
0.323699 
0.324567 
0.325295 
0.325600 
0.312676 
0.281858 
0.245075 
0.214257 
0.201333 
0.201333 
0.201333 
0.201333 
0.201333 
0.201333 
0.201333 
0.201333 
0.201333 
0.201333 
0.201333 
0.191411 
0.167214 
0.137098 
0.109419 
0.092533 
0.084134 
0.076692 
0.070730 
0.066769 
0.065333 
0.065333 
0.065333 
0.065333 
0.065333 
0.065333 
0.065333 
0.065333 
0.065333 
0.065333 
0.065333 
0.065333 
0.065333 
0.065333 
0.065333 
0.065333 
0.065333 
0.065333 
0.065333 
0.065333 
0.065333 
0.065333 
0.065333 
0.065333 
0.065333 
0.065333 
0.065333 
0.065333 
0.065333 
0.065333 
0.065333 
0.065333 
0.065333 
0.065333 
0.065333 
0.065333 
0.068520 
0.077068 
0.089464 
0.104191 
0.119733 
0.138285 
0.162175 
0.190097 
0.220741 
0.252800 
0.294901 
0.348542 
0.401720 
0.442429 
0.458667 
0.458667 
0.458667 
0.458667 
0.458667 
0.458667 
0.442903 
0.402906 
0.349617 
0.293979 
0.246933 
0.203021 
0.154856 
0.110487 
0.077963 
0.065333 
0.065333 
0.065333 
0.065333 
0.065333 
0.065333 
0.065333 
0.065333 
0.065333 
0.065333 
0.065333 
0.065333 
0.065333 
0.065333 
0.065333 
0.065333 
0.065333 
0.065333 
0.065333 
0.065333 
0.065333 
0.065333 
0.065333 
0.065333 
0.065333 
0.065333 
0.065333 
0.065333 
0.065333 
0.065333 
0.065333 
0.066769 
0.070730 
0.076692 
0.084134 
0.092533 
0.109419 
0.137098 
0.167214 
0.191411 
0.201333 
0.201333 
0.201333 
0.201333 
0.201333 
0.201333 
0.201333 
0.201333 
0.201333 
0.201333 
0.201333 
0.194936 
0.178877 
0.157857 
0.136576 
0.119733 
0.105720 
0.091184 
0.078215 
0.068902 
0.065333 
0.065333 
0.065333 
0.065333 
0.065333 
0.065333 
0.072086 
0.089708 
0.114247 
0.141751 
0.168267 
0.200135 
0.240402 
0.280176 
0.310562 
0.322667 
0.322667 
0.322667 
0.322667 
0.322667 
0.322667 
0.310562 
0.280176 
0.240402 
0.200135 
0.168267 
0.141751 
0.114247 
0.089708 
0.072086 
0.065333 
0.065333 
0.065333 
0.065333 
0.065333 
0.065333 
0.065333 
0.065333 
0.065333 
0.065333 
0.065333 
0.065333 
0.065333 
0.065333 
0.065333 
0.065333 
0.065333 
0.065333 
0.065333 
0.065333 
0.065333 
0.065333 
0.065333 
0.065333 
0.065333 
0.065333 
0.065333 
0.065333 
0.065333 
0.065333 
0.065333 
0.065333 
0.065333 
0.065333 
0.065333 
0.065333 
0.065333 
0.065333 
0.065333 
0.065333 
0.065333 
0.065333 
0.065333 
0.065333 
0.065333 
0.065333 
0.079477 
0.113205 
0.153461 
0.187189 
0.201333 
0.201333 
0.201333 
0.201333 
0.201333 
0.201333 
0.201333 
0.201333 
0.201333 
0.201333 
0.201333 
0.197765 
0.188451 
0.175482 
0.160947 
0.146933 
0.130091 
0.108810 
0.087790 
0.071731 
0.065333 
0.065333 
0.065333 
0.065333 
0.065333 
0.065333 
0.065333 
0.065333 
0.065333 
0.065333 
0.065333 
0.065333 
0.065333 
0.065333 
0.065333 
0.065333 
0.065333 
0.065333 
0.065333 
0.065333 
0.065333 
0.065333 
0.065333 
0.065333 
0.065333 
0.065333 
0.065333 
0.065333 
0.065333 
0.065333 
0.065333 
0.076002 
0.103153 
0.139503 
0.177769 
0.210667 
0.235711 
0.257779 
0.280632 
0.308030 
0.343733 
0.405929 
0.499048 
0.606216 
0.710558 
0.795200 
0.868615 
0.943655 
1.010013 
1.057386 
1.075467 
1.066423 
1.042105 
1.006737 
0.964539 
0.919733 
0.854575 
0.762072 
0.662575 
0.576434 
0.524000 
0.496418 
0.472291 
0.453154 
0.440545 
0.436000 
0.444016 
0.463195 
0.486233 
0.505825 
0.514667 
0.515439 
0.515853 
0.516147 
0.516561 
0.517333 
0.524587 
0.540951 
0.561422 
0.580995 
0.594667 
0.603789 
0.612449 
0.619748 
0.624787 
0.626667 
0.620977 
0.606611 
0.587623 
0.568068 
0.552000 
0.537735 
0.522479 
0.508621 
0.498554 
0.494667 
0.494667 
0.494667 
0.494667 
0.494667 
0.494667 
0.595200 
0.834933 
1.121067 
1.360800 
1.461333 
1.388949 
1.216341 
1.010325 
0.837717 
0.765333 
0.774912 
0.799467 
0.832726 
0.868417 
0.900267 
0.933032 
0.970905 
1.006769 
1.033506 
1.044000 
1.024733 
0.976173 
0.912179 
0.846612 
0.793333 
0.746932 
0.697767 
0.653349 
0.621189 
0.608800 
0.614138 
0.628408 
0.648996 
0.673287 
0.698667 
0.732161 
0.777352 
0.826462 
0.871715 
0.905333 
0.930896 
0.955398 
0.976185 
0.990604 
0.996000 
0.996000 
0.996000 
0.996000 
0.996000 
0.996000 
0.992672 
0.984736 
0.975264 
0.967328 
0.964000 
1.002540 
1.100963 
1.233476 
1.374286 
1.497600 
1.620137 
1.759096 
1.889399 
1.985970 
2.023733 
1.910054 
1.638974 
1.315426 
1.044346 
0.930667 
0.931166 
0.932356 
0.933777 
0.934967 
0.935467 
0.913197 
0.860092 
0.796708 
0.743603 
0.721333 
0.725318 
0.735847 
0.750784 
0.767992 
0.785333 
0.806177 
0.832629 
0.860659 
0.886237 
0.905333 
0.920029 
0.934086 
0.945995 
0.954247 
0.957333 
0.954366 
0.947290 
0.938844 
0.931767 
0.928800 
0.935789 
0.952454 
0.972346 
0.989011 
0.996000 
0.989529 
0.971468 
0.943841 
0.908677 
0.868000 
0.781196 
0.632967 
0.463313 
0.312235 
0.219733 
0.171753 
0.129471 
0.095740 
0.073410 
0.065333 
0.065333 
0.065333 
0.065333 
0.065333 
0.065333 
0.065333 
0.065333 
0.065333 
0.065333 
0.065333 
0.065333 
0.065333 
0.065333 
0.065333 
0.065333 
0.071731 
0.087790 
0.108810 
0.130091 
0.146933 
0.160947 
0.175482 
0.188451 
0.197765 
0.201333 
0.201333 
0.201333 
0.201333 
0.201333 
0.201333 
0.201333 
0.201333 
0.201333 
0.201333 
0.201333 
0.187189 
0.153461 
0.113205 
0.079477 
0.065333 
0.065333 
0.065333 
0.065333 
0.065333 
0.065333 
0.065333 
0.065333 
0.065333 
0.065333 
0.065333 
0.088213 
0.142773 
0.207893 
0.262453 
0.285333 
0.281811 
0.273412 
0.263388 
0.254989 
0.251467 
0.258195 
0.275514 
0.299121 
0.324717 
0.348000 
0.367651 
0.386580 
0.406831 
0.430445 
0.459467 
0.503134 
0.563443 
0.631572 
0.698699 
0.756000 
0.809695 
0.866227 
0.917111 
0.953864 
0.968000 
0.965090 
0.956967 
0.944539 
0.928714 
0.910400 
0.870534 
0.802186 
0.724464 
0.656477 
0.617333 
0.602019 
0.591237 
0.582673 
0.574010 
0.562933 
0.546091 
0.524810 
0.503790 
0.487731 
0.481333 
0.482588 
0.485737 
0.489858 
0.494031 
0.497333 
0.500081 
0.502931 
0.505474 
0.507300 
0.508000 
0.508000 
0.508000 
0.508000 
0.508000 
0.508000 
0.508000 
0.508000 
0.508000 
0.508000 
0.508000 
0.461963 
0.352181 
0.221152 
0.111371 
0.065333 
0.065333 
0.065333 
0.065333 
0.065333 
0.065333 
0.065333 
0.065333 
0.065333 
0.065333 
0.065333 
0.065333 
0.065333 
0.065333 
0.065333 
0.065333 
0.065333 
0.065333 
0.065333 
0.065333 
0.065333 
0.068902 
0.078215 
0.091184 
0.105720 
0.119733 
0.136576 
0.157857 
0.178877 
0.194936 
0.201333 
0.201333 
0.201333 
0.201333 
0.201333 
0.201333 
0.228096 
0.291915 
0.368085 
0.431904 
0.458667 
0.450273 
0.429135 
0.401313 
0.372870 
0.349867 
0.333640 
0.319955 
0.306517 
0.291030 
0.271200 
0.235219 
0.182343 
0.126870 
0.083101 
0.065333 
0.065333 
0.065333 
0.065333 
0.065333 
0.065333 
0.065333 
0.065333 
0.065333 
0.065333 
0.065333 
0.065333 
0.065333 
0.065333 
0.065333 
0.065333 
0.065333 
0.065333 
0.065333 
0.065333 
0.065333 
0.065333 
0.065333 
0.065333 
0.065333 
0.065333 
0.065333 
0.065333 
0.065333 
0.065333 
0.065333 
0.065333 
0.065333 
0.065333 
0.065333 
0.065333 
0.065333 
0.065333 
0.065333 
0.065333 
0.065333 
0.065333 
0.065333 
0.065333 
0.065333 
0.065333 
0.065333 
0.065333 
0.065333 
0.065333 
0.065333 
0.065333 
0.065333 
0.065333 
0.065333 
0.065333 
0.065333 
0.065333 
0.065333 
0.065333 
0.065333 
0.065333 
0.065333 
0.065333 
0.065333 
0.065333 
0.065333 
0.065333 
0.065333 
0.065333 
0.065333 
0.065333 
0.065333 
0.065333 
0.065333 
0.065333 
0.079477 
0.113205 
0.153461 
0.187189 
0.201333 
0.201333 
0.201333 
0.201333 
0.201333 
0.201333 
0.201333 
0.201333 
0.201333 
0.201333 
0.201333 
0.197765 
0.188451 
0.175482 
0.160947 
0.146933 
0.133137 
0.117949 
0.101498 
0.083916 
0.065333 
