0.000000 
0.000000 
0.000000 
0.000000 
0.000000 
0.000000 
0.000000 
0.000000 
0.000000 
0.000000 
0.000000 
0.000000 
0.000000 
0.000000 
0.000000 
0.000000 
0.000000 
0.000000 
0.000000 
0.000000 
0.000000 
0.000000 
0.000000 
0.000000 
0.000000 
0.000000 
0.000000 
0.000000 
0.000000 
0.000000 
0.000000 
0.000000 
0.000000 
0.000000 
0.000000 
0.000000 
0.000000 
0.000000 
0.000000 
0.000000 
0.000000 
0.000000 
0.000000 
0.000000 
0.000000 
0.000000 
0.000000 
0.000000 
0.000000 
0.000000 
0.000000 
0.000000 
0.000000 
0.000000 
0.000000 
0.000000 
0.000000 
0.000000 
0.000000 
0.000000 
0.000000 
0.000000 
0.000000 
0.000000 
0.000000 
0.000000 
0.000000 
0.000000 
0.000000 
0.000000 
0.000000 
0.000000 
0.000000 
0.000000 
0.000000 
0.000000 
0.000000 
0.000000 
0.000000 
0.000000 
0.000000 
0.000000 
0.000000 
0.000000 
0.000000 
0.000000 
0.000000 
0.000000 
0.000000 
0.000000 
0.000000 
0.000000 
0.000000 
0.000000 
0.000000 
0.000000 
0.000000 
0.000000 
0.000000 
0.000000 
0.000000 
0.000000 
0.000000 
0.000000 
0.000000 
0.000000 
0.000000 
0.000000 
0.000000 
0.000000 
0.000000 
0.000000 
0.000000 
0.000000 
0.000000 
0.000000 
0.000000 
0.000000 
0.000000 
0.000000 
0.000000 
0.000000 
0.000000 
0.000000 
0.000000 
0.000000 
0.000000 
0.000000 
0.000000 
0.000000 
0.000000 
0.000000 
0.000000 
0.000000 
0.000000 
0.000000 
0.000000 
0.000000 
0.000000 
0.000000 
0.000000 
0.000000 
0.000000 
0.000000 
0.000000 
0.000000 
0.000000 
0.000000 
0.000000 
0.000000 
0.000000 
0.000000 
0.000000 
0.000000 
0.000000 
0.000000 
0.000000 
0.000000 
0.000000 
0.000000 
0.000000 
0.000000 
0.000000 
0.000000 
0.000000 
0.000000 
0.000000 
0.000000 
0.000000 
0.000000 
0.000000 
0.000000 
0.000000 
0.000000 
0.000000 
0.000000 
0.000000 
0.000000 
0.000000 
0.000000 
0.000000 
0.000000 
0.000000 
0.000000 
0.000000 
0.000000 
0.000000 
0.000000 
0.000000 
0.000000 
0.000000 
0.000000 
0.000000 
0.000000 
0.000000 
0.000000 
0.000000 
0.000000 
0.000000 
0.000000 
0.000000 
0.000000 
0.000000 
0.000000 
0.000000 
0.000000 
0.000000 
0.000000 
0.000000 
0.000000 
0.000000 
0.000000 
0.000000 
0.000000 
0.000000 
0.000000 
0.000000 
0.000000 
0.000000 
0.000000 
0.000000 
0.000000 
0.000000 
0.000000 
0.000000 
0.000000 
0.000000 
0.000000 
0.000000 
0.000000 
0.000000 
0.000000 
0.000000 
0.000000 
0.000000 
0.000000 
0.000000 
0.000000 
0.000000 
0.000000 
0.000000 
0.000000 
0.000000 
0.000000 
0.000000 
0.000000 
0.000000 
0.000000 
0.000000 
0.000000 
0.000000 
0.000000 
0.000000 
0.000000 
0.000000 
0.000000 
0.000000 
0.000000 
0.000000 
0.000000 
0.000000 
0.000000 
0.000000 
0.000000 
0.000000 
0.000000 
0.000000 
0.000000 
0.000000 
0.000000 
0.000000 
0.000000 
0.000000 
0.000000 
0.000000 
0.000000 
0.000000 
0.000000 
0.000000 
0.000000 
0.000000 
0.000000 
0.000000 
0.000000 
0.000000 
0.000000 
0.000000 
0.000000 
0.000000 
0.000000 
0.000000 
0.000000 
0.000000 
0.000000 
0.000000 
0.000000 
0.000000 
0.000000 
0.000000 
0.000000 
0.000000 
0.000000 
0.000000 
0.000000 
0.000000 
0.000000 
0.000000 
0.000000 
0.000000 
0.000000 
0.000000 
0.000000 
0.000000 
0.000000 
0.000000 
0.000000 
0.000000 
0.000000 
0.000000 
0.000000 
0.000000 
0.000000 
0.000000 
0.000000 
0.000000 
0.000000 
0.000000 
0.000000 
0.000000 
0.000000 
0.000000 
0.000000 
0.000000 
0.000000 
0.000000 
0.000000 
0.000000 
0.000000 
0.000000 
0.000000 
0.000000 
0.000000 
0.000000 
0.000000 
0.000000 
0.000000 
0.000000 
0.000000 
0.000000 
0.000000 
0.000000 
0.000000 
0.000000 
0.000000 
0.000000 
0.000000 
0.000000 
0.000000 
0.000000 
0.000000 
0.000000 
0.000000 
0.000000 
0.000000 
0.000000 
0.000000 
0.000000 
0.000000 
0.000000 
0.000000 
0.000000 
0.000000 
0.000000 
0.000000 
0.000000 
0.000000 
0.000000 
0.000000 
0.000000 
0.000000 
0.000000 
0.000000 
0.000000 
0.000000 
0.000000 
0.000000 
0.000000 
0.000000 
0.000000 
0.000000 
0.000000 
0.000000 
0.000000 
0.000000 
0.000000 
0.000000 
0.000000 
0.000000 
0.000000 
0.000000 
0.000000 
0.000000 
0.000000 
0.000000 
0.000000 
0.000000 
0.000000 
0.000000 
0.000000 
0.000000 
0.000000 
0.000000 
0.000000 
0.000000 
0.000000 
0.000000 
0.000000 
0.000000 
0.000000 
0.000000 
0.000000 
0.003591 
0.016199 
0.022163 
0.021647 
0.025800 
0.023364 
0.019466 
0.021383 
0.016074 
0.019066 
0.032994 
0.041624 
0.053101 
0.061895 
0.072613 
0.102002 
0.090330 
0.083761 
0.090971 
0.098924 
0.098731 
0.099768 
0.105634 
0.140182 
0.118255 
0.125269 
0.134753 
0.152839 
0.148144 
0.175326 
0.146926 
0.149374 
0.147969 
0.153586 
0.144375 
0.164203 
0.170463 
0.192470 
0.211734 
0.180099 
0.195495 
0.144804 
0.127582 
0.090212 
0.065068 
0.002295 
0.000000 
0.000000 
0.000000 
0.000000 
0.000000 
0.016559 
0.064307 
0.112749 
0.112777 
0.121272 
0.139315 
0.141604 
0.164453 
0.152581 
0.164943 
0.172504 
0.169831 
0.154854 
0.153822 
0.172149 
0.136418 
0.164116 
0.151766 
0.169483 
0.136156 
0.163618 
0.166040 
0.192596 
0.154780 
0.154440 
0.166565 
0.170126 
0.173598 
0.116523 
0.146699 
0.114977 
0.102329 
0.095107 
0.132456 
0.137770 
0.179357 
0.213151 
0.217771 
0.211115 
0.149824 
0.080012 
0.009928 
0.000000 
0.000000 
0.000000 
0.000000 
0.000000 
0.000000 
0.000000 
0.000000 
0.000000 
0.011849 
0.058089 
0.117937 
0.161171 
0.198052 
0.266510 
0.194189 
0.240336 
0.233037 
0.244174 
0.246059 
0.298531 
0.159032 
0.268211 
0.252203 
0.237458 
0.260727 
0.257768 
0.300676 
0.243984 
0.287828 
0.228730 
0.241149 
0.297550 
0.267259 
0.279994 
0.324909 
0.276030 
0.249394 
0.245052 
0.288087 
0.243172 
0.256190 
0.274962 
0.270130 
0.291033 
0.313081 
0.271411 
0.291031 
0.254541 
0.295850 
0.263638 
0.317139 
0.314106 
0.302121 
0.320793 
0.310510 
0.228277 
0.318796 
0.309738 
0.331831 
0.289884 
0.301425 
0.277256 
0.340412 
0.349888 
0.370908 
0.336352 
0.338943 
0.360476 
0.334321 
0.430333 
0.316092 
0.278605 
0.341219 
0.345680 
0.321998 
0.308295 
0.309815 
0.374339 
0.375236 
0.439647 
0.398850 
0.303133 
0.182082 
0.132423 
0.081287 
0.102876 
0.138810 
0.183590 
0.151015 
0.212749 
0.283258 
0.313147 
0.354051 
0.315617 
0.437834 
0.437855 
0.379546 
0.390859 
0.356650 
0.367768 
0.295877 
0.280348 
0.235078 
0.164469 
0.155960 
0.118355 
0.073015 
0.050988 
0.039403 
0.033142 
0.064123 
0.176114 
0.265525 
0.369765 
0.439153 
0.442516 
0.433077 
0.357957 
0.372426 
0.412212 
0.305880 
0.274841 
0.213767 
0.145302 
0.147715 
0.168668 
0.203892 
0.363223 
0.448303 
0.456804 
0.487491 
0.441192 
0.428282 
0.399830 
0.465046 
0.397951 
0.342801 
0.394683 
0.331868 
0.316256 
0.311400 
0.363997 
0.417779 
0.486409 
0.378658 
0.442702 
0.366271 
0.404920 
0.264719 
0.226510 
0.153308 
0.056350 
0.000000 
0.000000 
0.000000 
0.000000 
0.000000 
0.000000 
0.000000 
0.000000 
0.000000 
0.001403 
0.120434 
0.219055 
0.307225 
0.363314 
0.365365 
0.411778 
0.358515 
0.363776 
0.480231 
0.412190 
0.478052 
0.430183 
0.412962 
0.400205 
0.488050 
0.397812 
0.461469 
0.381834 
0.492221 
0.456164 
0.441285 
0.452218 
0.436498 
0.446481 
0.426102 
0.389742 
0.380711 
0.399682 
0.292235 
0.181841 
0.082607 
0.000000 
0.000000 
0.000000 
0.000000 
0.000000 
0.018904 
0.045990 
0.065034 
0.107791 
0.102193 
0.128350 
0.153928 
0.123286 
0.107901 
0.054297 
0.003286 
0.000000 
0.003322 
0.050901 
0.097275 
0.149493 
0.201367 
0.215601 
0.259540 
0.276212 
0.365442 
0.337053 
0.293532 
0.214665 
0.095948 
0.049257 
0.015801 
0.016011 
0.020563 
0.027480 
0.036734 
0.034985 
0.034889 
0.020892 
0.009465 
0.000495 
0.000000 
0.002323 
0.016372 
0.040547 
0.062169 
0.082834 
0.107680 
0.096229 
0.134559 
0.182348 
0.175826 
0.219317 
0.265768 
0.330270 
0.355303 
0.457598 
0.458267 
0.499834 
0.322152 
0.372169 
0.360293 
0.265750 
0.222672 
0.102002 
0.030951 
0.000000 
0.000000 
0.000000 
0.000000 
0.000000 
0.000000 
0.000000 
0.000000 
0.034448 
0.083434 
0.151209 
0.225441 
0.342675 
0.453788 
0.450046 
0.435719 
0.516217 
0.481452 
0.516055 
0.431195 
0.406304 
0.441534 
0.345549 
0.396703 
0.382636 
0.427052 
0.362173 
0.480806 
0.398972 
0.471055 
0.363459 
0.474167 
0.407565 
0.346911 
0.376984 
0.413829 
0.402691 
0.444242 
0.376916 
0.447896 
0.439574 
0.604021 
0.422854 
0.350326 
0.433018 
0.487828 
0.495916 
0.489514 
0.396728 
0.382760 
0.414906 
0.492965 
0.308779 
0.301247 
0.328650 
0.280233 
0.298037 
0.353705 
0.355842 
0.416303 
0.456475 
0.508333 
0.480466 
0.468666 
0.470356 
0.401719 
0.367724 
0.415028 
0.426390 
0.473827 
0.440052 
0.418544 
0.413603 
0.427924 
0.437043 
0.390266 
0.400771 
0.394396 
0.329203 
0.253215 
0.228634 
0.274472 
0.232010 
0.185636 
0.210422 
0.187226 
0.178094 
0.202461 
0.306221 
0.356330 
0.435638 
0.356475 
0.448315 
0.370022 
0.391530 
0.391998 
0.352589 
0.399242 
0.314572 
0.372042 
0.276444 
0.377918 
0.352374 
0.373079 
0.434777 
0.421035 
0.449822 
0.392143 
0.306837 
0.257222 
0.321388 
0.248734 
0.289694 
0.252786 
0.288504 
0.291699 
0.315925 
0.294566 
0.288487 
0.245929 
0.196838 
0.235111 
0.267898 
0.257091 
0.305474 
0.351508 
0.309822 
0.297447 
0.267583 
0.272122 
0.341400 
0.266194 
0.245444 
0.116213 
0.057113 
0.015222 
0.002852 
0.000000 
0.000000 
0.000000 
0.000000 
0.000000 
0.000000 
0.000000 
0.000000 
0.000000 
0.000000 
0.000000 
0.000000 
0.000000 
0.011186 
0.029333 
0.049511 
0.091416 
0.118070 
0.155310 
0.158938 
0.245511 
0.240823 
0.307330 
0.314272 
0.349797 
0.319824 
0.239719 
0.267843 
0.185087 
0.197107 
0.162280 
0.146716 
0.152120 
0.123021 
0.111871 
0.108320 
0.094722 
0.100916 
0.092617 
0.088584 
0.093092 
0.097511 
0.130837 
0.149561 
0.171165 
0.243106 
0.318902 
0.354312 
0.352474 
0.344346 
0.330519 
0.395138 
0.315275 
0.303367 
0.297090 
0.287629 
0.226992 
0.197169 
0.180334 
0.176989 
0.161045 
0.141313 
0.188546 
0.177170 
0.159009 
0.139790 
0.183020 
0.183695 
0.171210 
0.199177 
0.203392 
0.187029 
0.217926 
0.164762 
0.243365 
0.236738 
0.263999 
0.246892 
0.274788 
0.269347 
0.229378 
0.166576 
0.105020 
0.124588 
0.146254 
0.168335 
0.171339 
0.191634 
0.210611 
0.191478 
0.162630 
0.139504 
0.086082 
0.095680 
0.091225 
0.092108 
0.107945 
0.117208 
0.107414 
0.114935 
0.110515 
0.095228 
0.111349 
0.115578 
0.108312 
0.088968 
0.109139 
0.103550 
0.084708 
0.082831 
0.065634 
0.079311 
0.064091 
0.052509 
0.045483 
0.037609 
0.027972 
0.029236 
0.015796 
0.010114 
0.005911 
0.000404 
0.000000 
0.000000 
0.000000 
0.000000 
0.000000 
0.000000 
0.000000 
0.000000 
0.000000 
0.000000 
0.000000 
0.000000 
0.000000 
0.000000 
0.000000 
0.000000 
0.000000 
0.000000 
0.000000 
0.000000 
0.000000 
0.000000 
0.000000 
0.000000 
0.000000 
0.000000 
0.000000 
0.000000 
0.000000 
0.000000 
0.001591 
0.004716 
0.007265 
0.009765 
0.013404 
0.013657 
0.016640 
0.017357 
0.020606 
0.018409 
0.022154 
0.021569 
0.022609 
0.016137 
0.019605 
0.019293 
0.016209 
0.018802 
0.026422 
0.031518 
0.048907 
0.046327 
0.056314 
0.046651 
0.051004 
0.057660 
0.048137 
0.075467 
0.114668 
0.126585 
0.160551 
0.161875 
0.139404 
0.153867 
0.132203 
0.148459 
0.152689 
0.143290 
0.117086 
0.087727 
0.067784 
0.061382 
0.065607 
0.052093 
0.052235 
0.050227 
0.049672 
0.052804 
0.036273 
0.025038 
0.018045 
0.009149 
0.006152 
0.002156 
0.000000 
0.000000 
0.000000 
0.000000 
0.000000 
0.000000 
0.000000 
0.000000 
0.000000 
0.000000 
0.000000 
0.000000 
0.000000 
0.000000 
0.000000 
0.000000 
0.000000 
0.000000 
0.000000 
0.000000 
0.000000 
0.000000 
0.000000 
0.000000 
0.000000 
0.000000 
0.000000 
0.000000 
0.000000 
0.000000 
0.000000 
0.000000 
0.000000 
0.000000 
0.000000 
0.000000 
0.000000 
0.000000 
0.000000 
0.000000 
0.000000 
0.000000 
0.000000 
0.000000 
0.000000 
0.000000 
0.000000 
0.000000 
0.000000 
0.000000 
0.000000 
0.000000 
0.000000 
0.000000 
0.000000 
0.000000 
0.000000 
0.000000 
0.000000 
0.000000 
0.000000 
0.000000 
0.000000 
0.000000 
0.000000 
0.000000 
0.000000 
0.000000 
0.000000 
0.000000 
0.000000 
0.000000 
0.000000 
0.000000 
0.000000 
0.000000 
0.000000 
0.000000 
0.000000 
0.000000 
0.000000 
0.000000 
0.000000 
0.000000 
0.000000 
0.000000 
0.000000 
0.000000 
0.000000 
0.000000 
0.000000 
0.000000 
0.000000 
0.000000 
0.000000 
0.000000 
0.000000 
0.000000 
0.000000 
0.000000 
0.000000 
0.000000 
0.000000 
0.000000 
0.000000 
0.000000 
0.000000 
0.000000 
0.000000 
0.000000 
0.000000 
0.000000 
0.000000 
0.000000 
0.000000 
0.000000 
0.000000 
0.000000 
0.000000 
0.000000 
0.000000 
0.000000 
0.000000 
0.000000 
0.000000 
0.000000 
0.000000 
0.000000 
0.000000 
0.000000 
0.000000 
0.000000 
0.000000 
0.000000 
0.000000 
0.000000 
0.000000 
0.000000 
0.000000 
0.000000 
0.000000 
0.000000 
0.000000 
0.000000 
0.000000 
0.000000 
0.000000 
0.000000 
0.000000 
0.000000 
0.000000 
0.000000 
0.000000 
0.000000 
0.000000 
0.000000 
0.000000 
0.000000 
0.000000 
0.000000 
0.000000 
0.000000 
0.000000 
0.000000 
0.000000 
0.000000 
0.000000 
0.000000 
0.000000 
0.000000 
0.000000 
0.000000 
0.000000 
0.000000 
0.000000 
0.000000 
0.000000 
0.000000 
0.000000 
0.000000 
0.000000 
0.000000 
0.000000 
0.000000 
0.000000 
0.000000 
0.000000 
0.000000 
0.000000 
0.000000 
0.000000 
0.000000 
0.000000 
0.000000 
0.000000 
0.000000 
0.000000 
0.000000 
0.000000 
0.000000 
0.000000 
0.000000 
0.000000 
0.000000 
0.000000 
0.000000 
0.000000 
0.000000 
0.000000 
0.000000 
0.000000 
0.000000 
0.000000 
0.000000 
0.000000 
0.000000 
0.000000 
0.000000 
0.000000 
0.000000 
0.000000 
0.000000 
0.000000 
0.000000 
0.000000 
0.000000 
0.000000 
0.000000 
0.000000 
0.000000 
0.000000 
0.000000 
0.000000 
0.000000 
0.000000 
0.000000 
0.000000 
0.000000 
0.000000 
0.000000 
0.000000 
0.000000 
0.000000 
0.000000 
0.000000 
0.000000 
0.000000 
0.000000 
0.000000 
0.000000 
0.000000 
0.000000 
0.000000 
0.000000 
0.000000 
0.000000 
0.000000 
0.000000 
0.000000 
0.000000 
0.000000 
0.000000 
0.000000 
0.000000 
0.000000 
0.000000 
0.000000 
0.000000 
0.000000 
0.000000 
0.000000 
0.000000 
0.000000 
0.000000 
0.000000 
0.000000 
0.000000 
0.000000 
0.000000 
0.000000 
0.000000 
0.000000 
0.000000 
0.000000 
0.000000 
0.000000 
0.000000 
0.000000 
0.000000 
0.000000 
0.000000 
0.000000 
0.000000 
0.000000 
0.000000 
0.000000 
0.000000 
0.000000 
0.000000 
0.000000 
0.000000 
0.000000 
0.000000 
0.000000 
0.000000 
0.000000 
0.000000 
0.000000 
0.000000 
0.000000 
0.000000 
0.000000 
0.000000 
0.000000 
0.000000 
0.000000 
0.000000 
0.000000 
0.000000 
0.000000 
0.000000 
0.000000 
0.000000 
