0.060000 
0.060000 
0.060000 
0.060000 
0.060000 
0.060000 
0.060000 
0.060000 
0.060000 
0.060000 
0.063429 
0.072377 
0.084837 
0.098803 
0.112267 
0.128448 
0.148895 
0.169091 
0.184520 
0.190667 
0.190667 
0.190667 
0.190667 
0.190667 
0.190667 
0.190667 
0.190667 
0.190667 
0.190667 
0.190667 
0.181133 
0.157885 
0.128950 
0.102357 
0.086133 
0.078063 
0.070913 
0.065185 
0.061380 
0.060000 
0.060000 
0.060000 
0.060000 
0.060000 
0.060000 
0.060000 
0.060000 
0.060000 
0.060000 
0.060000 
0.060000 
0.060000 
0.060000 
0.060000 
0.060000 
0.060000 
0.060000 
0.060000 
0.060000 
0.060000 
0.060000 
0.060000 
0.060000 
0.060000 
0.060000 
0.060000 
0.060000 
0.060000 
0.060000 
0.060000 
0.066147 
0.081576 
0.101772 
0.122218 
0.138400 
0.151864 
0.165830 
0.178290 
0.187238 
0.190667 
0.190667 
0.190667 
0.190667 
0.190667 
0.190667 
0.190667 
0.190667 
0.190667 
0.190667 
0.190667 
0.203840 
0.235253 
0.272747 
0.304160 
0.317333 
0.317333 
0.317333 
0.317333 
0.317333 
0.317333 
0.330630 
0.364007 
0.407696 
0.451928 
0.486933 
0.516059 
0.546271 
0.573226 
0.592583 
0.600000 
0.590668 
0.565829 
0.530215 
0.488561 
0.445600 
0.387561 
0.308765 
0.226082 
0.156381 
0.116533 
0.098303 
0.082739 
0.070637 
0.062792 
0.060000 
0.060000 
0.060000 
0.060000 
0.060000 
0.060000 
0.060000 
0.060000 
0.060000 
0.060000 
0.060000 
0.073589 
0.105995 
0.144672 
0.177077 
0.190667 
0.190667 
0.190667 
0.190667 
0.190667 
0.190667 
0.190667 
0.190667 
0.190667 
0.190667 
0.190667 
0.187238 
0.178290 
0.165830 
0.151864 
0.138400 
0.122218 
0.101772 
0.081576 
0.066147 
0.060000 
0.060000 
0.060000 
0.060000 
0.060000 
0.060000 
0.060000 
0.060000 
0.060000 
0.060000 
0.060000 
0.062599 
0.069855 
0.080959 
0.095099 
0.111467 
0.141998 
0.192903 
0.254783 
0.318237 
0.373867 
0.428478 
0.488446 
0.543721 
0.584256 
0.600000 
0.600000 
0.600000 
0.600000 
0.600000 
0.600000 
0.593803 
0.576885 
0.551760 
0.520938 
0.486933 
0.428536 
0.338433 
0.239982 
0.156541 
0.111467 
0.094527 
0.080315 
0.069426 
0.062456 
0.060000 
0.061380 
0.065185 
0.070913 
0.078063 
0.086133 
0.102357 
0.128950 
0.157885 
0.181133 
0.190667 
0.190667 
0.190667 
0.190667 
0.190667 
0.190667 
0.190667 
0.190667 
0.190667 
0.190667 
0.190667 
0.184520 
0.169091 
0.148895 
0.128448 
0.112267 
0.098803 
0.084837 
0.072377 
0.063429 
0.060000 
0.060000 
0.060000 
0.060000 
0.060000 
0.060000 
0.060000 
0.060000 
0.060000 
0.060000 
0.060000 
0.060000 
0.060000 
0.060000 
0.060000 
0.060000 
0.060000 
0.060000 
0.060000 
0.060000 
0.060000 
0.076533 
0.118645 
0.175104 
0.234677 
0.286133 
0.331582 
0.378531 
0.423849 
0.464405 
0.497067 
0.525481 
0.553222 
0.577049 
0.593722 
0.600000 
0.570603 
0.500501 
0.416832 
0.346731 
0.317333 
0.317333 
0.317333 
0.317333 
0.317333 
0.317333 
0.314616 
0.307122 
0.295841 
0.281760 
0.265867 
0.233916 
0.181544 
0.124560 
0.078775 
0.060000 
0.060000 
0.060000 
0.060000 
0.060000 
0.060000 
0.060000 
0.060000 
0.060000 
0.060000 
0.060000 
0.073589 
0.105995 
0.144672 
0.177077 
0.190667 
0.190667 
0.190667 
0.190667 
0.190667 
0.190667 
0.190667 
0.190667 
0.190667 
0.190667 
0.190667 
0.187238 
0.178290 
0.165830 
0.151864 
0.138400 
0.122218 
0.101772 
0.081576 
0.066147 
0.060000 
0.060000 
0.060000 
0.060000 
0.060000 
0.060000 
0.089397 
0.159499 
0.243168 
0.313269 
0.342667 
0.342667 
0.342667 
0.342667 
0.342667 
0.342667 
0.339682 
0.331450 
0.319058 
0.303591 
0.286133 
0.251037 
0.193509 
0.130915 
0.080623 
0.060000 
0.072105 
0.102491 
0.142264 
0.182532 
0.214400 
0.238697 
0.261764 
0.282975 
0.301707 
0.317333 
0.329636 
0.339694 
0.348826 
0.358355 
0.369600 
0.385782 
0.406228 
0.426424 
0.441853 
0.448000 
0.445283 
0.437789 
0.426508 
0.412426 
0.396533 
0.369020 
0.325522 
0.275193 
0.227190 
0.190667 
0.163385 
0.137918 
0.115639 
0.097920 
0.086133 
0.078063 
0.070913 
0.065185 
0.061380 
0.060000 
0.060000 
0.060000 
0.060000 
0.060000 
0.060000 
0.060000 
0.060000 
0.060000 
0.060000 
0.060000 
0.089397 
0.159499 
0.243168 
0.313269 
0.342667 
0.342667 
0.342667 
0.342667 
0.342667 
0.342667 
0.339682 
0.331450 
0.319058 
0.303591 
0.286133 
0.251037 
0.193509 
0.130915 
0.080623 
0.060000 
0.066752 
0.084375 
0.108914 
0.136418 
0.162933 
0.194801 
0.235069 
0.274842 
0.305228 
0.317333 
0.317333 
0.317333 
0.317333 
0.317333 
0.317333 
0.317333 
0.317333 
0.317333 
0.317333 
0.317333 
0.317333 
0.317333 
0.317333 
0.317333 
0.317333 
0.290571 
0.226752 
0.150581 
0.086763 
0.060000 
0.060000 
0.060000 
0.060000 
0.060000 
0.060000 
0.063429 
0.072377 
0.084837 
0.098803 
0.112267 
0.128448 
0.148895 
0.169091 
0.184520 
0.190667 
0.190667 
0.190667 
0.190667 
0.190667 
0.190667 
0.190667 
0.190667 
0.190667 
0.190667 
0.190667 
0.179795 
0.153871 
0.122929 
0.097005 
0.086133 
0.097007 
0.124493 
0.160889 
0.198492 
0.229600 
0.252876 
0.273598 
0.293989 
0.316271 
0.342667 
0.382760 
0.436151 
0.490081 
0.531794 
0.548533 
0.533101 
0.495251 
0.447650 
0.402966 
0.373867 
0.357054 
0.341667 
0.329033 
0.320479 
0.317333 
0.317333 
0.317333 
0.317333 
0.317333 
0.317333 
0.310581 
0.292959 
0.268419 
0.240916 
0.214400 
0.182532 
0.142264 
0.102491 
0.072105 
0.060000 
0.060000 
0.060000 
0.060000 
0.060000 
0.060000 
0.060000 
0.060000 
0.060000 
0.060000 
0.060000 
0.060000 
0.060000 
0.060000 
0.060000 
0.060000 
0.060000 
0.060000 
0.060000 
0.060000 
0.060000 
0.060000 
0.060000 
0.060000 
0.060000 
0.060000 
0.063025 
0.071165 
0.083019 
0.097186 
0.112267 
0.130536 
0.154388 
0.182599 
0.213944 
0.247200 
0.289392 
0.342258 
0.396641 
0.443385 
0.473333 
0.491218 
0.507115 
0.519883 
0.528380 
0.531467 
0.523515 
0.503846 
0.478740 
0.454476 
0.437333 
0.425682 
0.414512 
0.405035 
0.398460 
0.396000 
0.396000 
0.396000 
0.396000 
0.396000 
0.396000 
0.396000 
0.396000 
0.396000 
0.396000 
0.396000 
0.396000 
0.396000 
0.396000 
0.396000 
0.396000 
0.369237 
0.305419 
0.229248 
0.165429 
0.138667 
0.138667 
0.138667 
0.138667 
0.138667 
0.138667 
0.138667 
0.138667 
0.138667 
0.138667 
0.138667 
0.138667 
0.138667 
0.138667 
0.138667 
0.138667 
0.138667 
0.138667 
0.138667 
0.138667 
0.138667 
0.138667 
0.138667 
0.138667 
0.138667 
0.138667 
0.138667 
0.138667 
0.138667 
0.138667 
0.138667 
0.141641 
0.149851 
0.162227 
0.177699 
0.195200 
0.222789 
0.265392 
0.317242 
0.372568 
0.425600 
0.469387 
0.507917 
0.551834 
0.611781 
0.698400 
1.211687 
2.315133 
3.664630 
4.916067 
5.725333 
6.184603 
6.596900 
6.934389 
7.169234 
7.273600 
7.300857 
7.322688 
7.338731 
7.348622 
7.352000 
7.345511 
7.326356 
7.295006 
7.251931 
7.197600 
6.767724 
5.791075 
4.557710 
3.357687 
2.481067 
1.847962 
1.231675 
0.702047 
0.328920 
0.182133 
0.172801 
0.165493 
0.160238 
0.157064 
0.156000 
0.156000 
0.156000 
0.156000 
0.156000 
0.156000 
0.156000 
0.156000 
0.156000 
0.156000 
0.156000 
0.156000 
0.156000 
0.156000 
0.156000 
0.156000 
0.156000 
0.156000 
0.156000 
0.156000 
0.156000 
0.158924 
0.167032 
0.179333 
0.194831 
0.212533 
0.245862 
0.300442 
0.363584 
0.422600 
0.464800 
0.494592 
0.522881 
0.546728 
0.563192 
0.569333 
0.561916 
0.542559 
0.515604 
0.485393 
0.456267 
0.422948 
0.382089 
0.340930 
0.306709 
0.286667 
0.276676 
0.268095 
0.261389 
0.257025 
0.255467 
0.274214 
0.318921 
0.372279 
0.416986 
0.435733 
0.433404 
0.427849 
0.421218 
0.415663 
0.413333 
0.423151 
0.446562 
0.474505 
0.497916 
0.507733 
0.501067 
0.483959 
0.460744 
0.435757 
0.413333 
0.392448 
0.370197 
0.348095 
0.327657 
0.310400 
0.296804 
0.285407 
0.274807 
0.263605 
0.250400 
0.231191 
0.206606 
0.182185 
0.163470 
0.156000 
0.160446 
0.173113 
0.192998 
0.219095 
0.250400 
0.350622 
0.541060 
0.757095 
0.934104 
1.007467 
0.939714 
0.778150 
0.585316 
0.423753 
0.356000 
0.356000 
0.356000 
0.356000 
0.356000 
0.356000 
0.356000 
0.356000 
0.356000 
0.356000 
0.356000 
0.349853 
0.334424 
0.314228 
0.293782 
0.277600 
0.264136 
0.250170 
0.237710 
0.228762 
0.225333 
0.225333 
0.225333 
0.225333 
0.225333 
0.225333 
0.225333 
0.225333 
0.225333 
0.225333 
0.225333 
1.266054 
3.747774 
6.709826 
9.191546 
10.232267 
9.728934 
8.512339 
7.022583 
5.699769 
4.984000 
4.735010 
4.525287 
4.364058 
4.260553 
4.224000 
4.224000 
4.224000 
4.224000 
4.224000 
4.224000 
4.047972 
3.605027 
3.022868 
2.429202 
1.951733 
1.543238 
1.114045 
0.728194 
0.449721 
0.342667 
0.342667 
0.342667 
0.342667 
0.342667 
0.342667 
0.340032 
0.333749 
0.326251 
0.319968 
0.317333 
0.317333 
0.317333 
0.317333 
0.317333 
0.317333 
0.321777 
0.333373 
0.349520 
0.367619 
0.385067 
0.406037 
0.432534 
0.458706 
0.478701 
0.486667 
0.474562 
0.444176 
0.404402 
0.364135 
0.332267 
0.305751 
0.278247 
0.253708 
0.236086 
0.229333 
0.243257 
0.278209 
0.323959 
0.370277 
0.406933 
0.437433 
0.469070 
0.497296 
0.517566 
0.525333 
0.525333 
0.525333 
0.525333 
0.525333 
0.525333 
0.525333 
0.525333 
0.525333 
0.525333 
0.525333 
0.513433 
0.484405 
0.448261 
0.415012 
0.394667 
0.386379 
0.381149 
0.376755 
0.370979 
0.361600 
0.322605 
0.246855 
0.160442 
0.089459 
0.060000 
0.060000 
0.060000 
0.060000 
0.060000 
0.060000 
0.060000 
0.060000 
0.060000 
0.060000 
0.060000 
0.066645 
0.084456 
0.110252 
0.140850 
0.173067 
0.215560 
0.273090 
0.336626 
0.397139 
0.445600 
0.486889 
0.528334 
0.564575 
0.590250 
0.600000 
0.586703 
0.553326 
0.509637 
0.465405 
0.430400 
0.401274 
0.371063 
0.344108 
0.324751 
0.317333 
0.317333 
0.317333 
0.317333 
0.317333 
0.317333 
0.290571 
0.226752 
0.150581 
0.086763 
0.060000 
0.060000 
0.060000 
0.060000 
0.060000 
0.060000 
0.060000 
0.060000 
0.060000 
0.060000 
0.060000 
0.060000 
0.060000 
0.060000 
0.060000 
0.060000 
0.060000 
0.060000 
0.060000 
0.060000 
0.060000 
0.060000 
0.060000 
0.060000 
0.060000 
0.060000 
0.060000 
0.060000 
0.060000 
0.060000 
0.060000 
0.060000 
0.060000 
0.060000 
0.060000 
0.060000 
0.065923 
0.082292 
0.107006 
0.137964 
0.173067 
0.241756 
0.354214 
0.479446 
0.586462 
0.644267 
0.665670 
0.683636 
0.697407 
0.706225 
0.709333 
0.693359 
0.655266 
0.609801 
0.571708 
0.555733 
0.556782 
0.559753 
0.564387 
0.570422 
0.577600 
0.593373 
0.621901 
0.657983 
0.696416 
0.732000 
0.760110 
0.784246 
0.811393 
0.848538 
0.902667 
1.248986 
1.997308 
2.906523 
3.735523 
4.243200 
4.500464 
4.728330 
4.910844 
5.032052 
5.076000 
5.049237 
4.985419 
4.909248 
4.845429 
4.818667 
4.826987 
4.846827 
4.870507 
4.890347 
4.898667 
4.588058 
3.831673 
2.892672 
2.034216 
1.519467 
1.275108 
1.061147 
0.890725 
0.776984 
0.733067 
0.728887 
0.725607 
0.723244 
0.721814 
0.721333 
0.722997 
0.726965 
0.731701 
0.735669 
0.737333 
0.735018 
0.728521 
0.718514 
0.705672 
0.690667 
0.653059 
0.586318 
0.511981 
0.451585 
0.426667 
0.474281 
0.589243 
0.729731 
0.853924 
0.920000 
0.937419 
0.947178 
0.954760 
0.965651 
0.985333 
1.779584 
3.636102 
5.843253 
7.689408 
8.462933 
7.683599 
5.825186 
3.607081 
1.748668 
0.969333 
0.972661 
0.980597 
0.990069 
0.998005 
1.001333 
1.001333 
1.001333 
1.001333 
1.001333 
1.001333 
0.998415 
0.991298 
0.982441 
0.974300 
0.969333 
0.966863 
0.964674 
0.962921 
0.961756 
0.961333 
0.996527 
1.082009 
1.187627 
1.283230 
1.338667 
1.359967 
1.375243 
1.387469 
1.399619 
1.414667 
1.436564 
1.463491 
1.489762 
1.509693 
1.517600 
1.512094 
1.497796 
1.478038 
1.456151 
1.435467 
1.411648 
1.382288 
1.353611 
1.331840 
1.323200 
1.329749 
1.348691 
1.378973 
1.419538 
1.469333 
1.690853 
2.140917 
2.659953 
3.088393 
3.266667 
3.064380 
2.582003 
2.006263 
1.523887 
1.321600 
1.339682 
1.382801 
1.434266 
1.477385 
1.495467 
1.490422 
1.477677 
1.460814 
1.443416 
1.429067 
1.418394 
1.408937 
1.399642 
1.389459 
1.377333 
1.358743 
1.333860 
1.308671 
1.289166 
1.281333 
1.721711 
2.771842 
4.025225 
5.075356 
5.515733 
5.508245 
5.490389 
5.469077 
5.451221 
5.443733 
5.448709 
5.462030 
5.481291 
5.504083 
5.528000 
5.563842 
5.615072 
5.668274 
5.710033 
5.726933 
5.329071 
4.380322 
3.247945 
2.299196 
1.901333 
1.913640 
1.949293 
2.006393 
2.083040 
2.177333 
2.614522 
3.508841 
4.541873 
5.395198 
5.750400 
5.740825 
5.715873 
5.681202 
5.642470 
5.605333 
5.567486 
5.524654 
5.479546 
5.434869 
5.393333 
5.360608 
5.334792 
5.307231 
5.269273 
5.212267 
4.736155 
3.700285 
2.485111 
1.471087 
1.038667 
1.026567 
1.018635 
1.013020 
1.007869 
1.001333 
0.992013 
0.981135 
0.970783 
0.963043 
0.960000 
0.974199 
1.008060 
1.048474 
1.082334 
1.096533 
1.090931 
1.077572 
1.061628 
1.048269 
1.042667 
1.042667 
1.042667 
1.042667 
1.042667 
1.042667 
1.039949 
1.033468 
1.025732 
1.019251 
1.016533 
1.033672 
1.078305 
1.140264 
1.209374 
1.275467 
1.353512 
1.451126 
1.547105 
1.620242 
1.649333 
1.646986 
1.640531 
1.630850 
1.618824 
1.605333 
1.585498 
1.555864 
1.519455 
1.479293 
1.438400 
1.395763 
1.348655 
1.297533 
1.242852 
1.185067 
1.110192 
1.017235 
0.926143 
0.856860 
0.829333 
0.841474 
0.871514 
0.909885 
0.947015 
0.973333 
0.988827 
1.001106 
1.012038 
1.023492 
1.037333 
1.051725 
1.065751 
1.082661 
1.105705 
1.138133 
1.284081 
1.602912 
2.030715 
2.503581 
2.957600 
3.491558 
4.152696 
4.799788 
5.291609 
5.486933 
5.477338 
5.454455 
5.427145 
5.404262 
5.394667 
5.398938 
5.409122 
5.421278 
5.431462 
5.435733 
4.890246 
3.589470 
2.036930 
0.736154 
0.190667 
0.190667 
0.190667 
0.190667 
0.190667 
0.190667 
0.190667 
0.190667 
0.190667 
0.190667 
0.190667 
0.192862 
0.198811 
0.207555 
0.218137 
0.229600 
0.248773 
0.277740 
0.308428 
0.332761 
0.342667 
0.342667 
0.342667 
0.342667 
0.342667 
0.342667 
0.322043 
0.271751 
0.209158 
0.151629 
0.116533 
0.099076 
0.083608 
0.071216 
0.062985 
0.060000 
0.060000 
0.060000 
0.060000 
0.060000 
0.060000 
0.060000 
0.060000 
0.060000 
0.060000 
0.060000 
0.086763 
0.150581 
0.226752 
0.290571 
0.317333 
0.317333 
0.317333 
0.317333 
0.317333 
0.317333 
0.317333 
0.317333 
0.317333 
0.317333 
0.317333 
0.328205 
0.354129 
0.385071 
0.410995 
0.421867 
0.412182 
0.387681 
0.355196 
0.321559 
0.293600 
0.269610 
0.244923 
0.221937 
0.203052 
0.190667 
0.183951 
0.179479 
0.175752 
0.171269 
0.164533 
0.148310 
0.121716 
0.092782 
0.069533 
0.060000 
0.089397 
0.159499 
0.243168 
0.313269 
0.342667 
0.342667 
0.342667 
0.342667 
0.342667 
0.342667 
0.339682 
0.331450 
0.319058 
0.303591 
0.286133 
0.251037 
0.193509 
0.130915 
0.080623 
0.060000 
0.060000 
0.060000 
0.060000 
0.060000 
0.060000 
0.060000 
0.060000 
0.060000 
0.060000 
0.060000 
