0.061333 
0.061333 
0.061333 
0.061333 
0.061333 
0.061333 
0.061333 
0.061333 
0.061333 
0.061333 
0.061333 
0.061333 
0.061333 
0.061333 
0.061333 
0.061333 
0.061333 
0.061333 
0.061333 
0.061333 
0.061333 
0.061333 
0.061333 
0.061333 
0.061333 
0.061333 
0.061333 
0.061333 
0.061333 
0.061333 
0.061333 
0.061333 
0.061333 
0.061333 
0.061333 
0.061333 
0.061333 
0.061333 
0.061333 
0.061333 
0.061333 
0.061333 
0.061333 
0.061333 
0.061333 
0.061333 
0.061333 
0.061333 
0.061333 
0.061333 
0.061333 
0.061333 
0.061333 
0.061333 
0.061333 
0.061333 
0.061333 
0.061333 
0.061333 
0.061333 
0.061333 
0.061333 
0.061333 
0.061333 
0.061333 
0.061333 
0.061333 
0.061333 
0.061333 
0.061333 
0.061333 
0.061333 
0.061333 
0.061333 
0.061333 
0.061333 
0.061333 
0.061333 
0.061333 
0.061333 
0.061333 
0.061333 
0.061333 
0.061333 
0.061333 
0.061333 
0.061333 
0.061333 
0.061333 
0.061333 
0.061333 
0.061333 
0.061333 
0.061333 
0.061333 
0.061333 
0.061333 
0.061333 
0.061333 
0.061333 
0.061333 
0.061333 
0.061333 
0.061333 
0.061333 
0.061333 
0.061333 
0.061333 
0.061333 
0.061333 
0.061333 
0.061333 
0.061333 
0.061333 
0.061333 
0.061333 
0.061333 
0.061333 
0.061333 
0.061333 
0.061333 
0.061333 
0.061333 
0.061333 
0.061333 
0.061333 
0.061333 
0.061333 
0.061333 
0.061333 
0.061333 
0.061333 
0.061333 
0.061333 
0.061333 
0.061333 
0.061333 
0.061333 
0.061333 
0.061333 
0.061333 
0.061333 
0.061333 
0.061333 
0.061333 
0.061333 
0.061333 
0.061333 
0.061333 
0.061333 
0.061333 
0.061333 
0.061333 
0.061333 
0.061333 
0.061333 
0.061333 
0.061333 
0.061333 
0.061333 
0.061333 
0.061333 
0.061333 
0.061333 
0.061333 
0.061333 
0.061333 
0.061333 
0.061333 
0.061333 
0.061333 
0.061333 
0.061333 
0.061333 
0.061333 
0.061333 
0.061333 
0.061333 
0.061333 
0.061333 
0.061333 
0.061333 
0.061333 
0.061333 
0.061333 
0.061333 
0.061333 
0.061333 
0.061333 
0.061333 
0.061333 
0.061333 
0.061333 
0.061333 
0.061333 
0.061333 
0.061333 
0.061333 
0.061333 
0.061333 
0.061333 
0.061333 
0.061333 
0.061333 
0.061333 
0.061333 
0.061333 
0.061333 
0.061333 
0.061333 
0.061333 
0.061333 
0.061333 
0.061333 
0.061333 
0.061333 
0.061333 
0.061333 
0.061333 
0.061333 
0.061333 
0.061333 
0.061333 
0.061333 
0.061333 
0.061333 
0.061333 
0.061333 
0.061333 
0.061333 
0.061333 
0.061333 
0.061333 
0.061333 
0.061333 
0.061333 
0.061333 
0.061333 
0.061333 
0.061333 
0.061333 
0.061333 
0.061333 
0.061333 
0.061333 
0.061333 
0.061333 
0.061333 
0.061333 
0.061333 
0.061333 
0.061333 
0.061333 
0.061333 
0.061333 
0.061333 
0.061333 
0.061333 
0.061333 
0.061333 
0.061333 
0.061333 
0.061333 
0.061333 
0.061333 
0.061333 
0.061333 
0.061333 
0.061333 
0.061333 
0.061333 
0.061333 
0.061333 
0.061333 
0.061333 
0.061333 
0.061333 
0.061333 
0.061333 
0.061333 
0.061333 
0.061333 
0.061333 
0.061333 
0.061333 
0.061333 
0.061333 
0.061333 
0.061333 
0.061333 
0.061333 
0.061333 
0.061333 
0.061333 
0.061333 
0.061333 
0.061333 
0.061333 
0.061333 
0.061333 
0.061333 
0.061333 
0.061333 
0.061333 
0.061333 
0.061333 
0.061333 
0.061333 
0.061333 
0.061333 
0.061333 
0.061333 
0.061333 
0.061333 
0.061333 
0.061333 
0.061333 
0.061333 
0.061333 
0.061333 
0.061333 
0.061333 
0.061333 
0.061333 
0.061333 
0.061333 
0.061333 
0.061333 
0.061333 
0.061333 
0.061333 
0.061333 
0.061333 
0.061333 
0.061333 
0.061333 
0.061333 
0.061333 
0.061333 
0.061333 
0.061333 
0.061333 
0.061333 
0.061333 
0.061333 
0.061333 
0.061333 
0.061333 
0.061333 
0.061333 
0.061333 
0.061333 
0.061333 
0.061333 
0.061333 
0.061333 
0.061333 
0.061333 
0.061333 
0.061333 
0.061333 
0.061333 
0.061333 
0.061333 
0.061333 
0.061333 
0.061333 
0.061333 
0.061333 
0.061333 
0.063433 
0.068911 
0.076540 
0.085090 
0.093333 
0.103241 
0.115759 
0.128124 
0.137570 
0.141333 
0.139669 
0.135701 
0.130965 
0.126997 
0.125333 
1.118825 
3.487919 
6.315548 
8.684642 
9.678133 
8.678818 
6.295836 
3.451631 
1.068649 
0.069333 
0.103335 
0.197001 
0.337827 
0.513306 
0.710933 
1.103748 
1.744673 
2.441032 
3.000145 
3.229333 
3.229077 
3.228307 
3.227026 
3.225234 
3.222933 
2.892492 
2.108211 
1.172990 
0.389731 
0.061333 
0.061333 
0.061333 
0.061333 
0.061333 
0.061333 
0.061333 
0.061333 
0.061333 
0.061333 
0.061333 
0.061333 
0.061333 
0.061333 
0.061333 
0.061333 
0.061333 
0.061333 
0.061333 
0.061333 
0.061333 
0.061333 
0.061333 
0.061333 
0.061333 
0.061333 
0.061333 
0.061333 
0.061333 
0.061333 
0.061333 
0.061333 
0.061333 
0.061333 
0.061333 
0.061333 
0.061333 
0.061333 
0.061333 
0.061333 
0.061333 
0.061333 
0.061333 
0.061333 
0.061333 
0.061333 
0.061333 
0.061333 
0.061333 
0.061333 
0.061333 
0.061333 
0.061333 
0.061333 
0.061333 
0.061333 
0.061333 
0.061333 
0.061333 
0.061333 
0.061333 
0.061333 
0.061333 
0.061333 
0.061333 
0.061333 
0.061333 
0.061333 
0.061333 
0.061333 
0.061333 
0.061333 
0.061333 
0.061333 
0.061333 
0.061333 
0.061333 
0.061333 
0.061333 
0.061333 
0.061333 
0.061333 
0.061333 
0.061333 
0.061333 
0.061333 
0.061333 
0.061333 
0.061333 
0.061333 
0.061333 
0.061333 
0.061333 
0.061333 
0.061333 
0.061333 
0.061333 
0.061333 
0.061333 
0.061333 
0.061333 
0.061333 
0.061333 
0.061333 
0.061333 
0.061333 
0.061333 
0.061333 
0.061333 
0.061333 
0.061333 
0.061333 
0.061333 
0.061333 
0.061333 
0.061333 
0.061333 
0.061333 
0.061333 
0.061333 
0.061333 
0.061333 
0.061333 
0.061333 
0.061333 
0.061333 
0.061333 
0.061333 
0.061333 
0.061333 
0.061333 
0.061333 
0.061333 
0.061333 
0.061333 
0.061333 
0.061333 
0.061333 
0.061333 
0.061333 
0.061333 
0.061333 
0.061333 
0.061333 
0.061333 
0.061333 
0.061333 
0.061333 
0.061333 
0.061333 
0.061333 
0.061333 
0.061333 
0.061333 
0.061333 
0.061333 
0.061333 
0.061333 
0.061333 
0.061333 
0.061333 
0.061333 
0.061333 
0.061333 
0.061333 
0.061333 
0.061333 
0.061333 
0.061333 
0.061333 
0.061333 
0.061333 
0.061333 
0.061333 
0.061333 
0.061333 
0.061333 
0.061333 
0.061333 
0.061333 
0.061333 
0.061333 
0.061333 
0.061333 
0.061333 
0.061333 
0.061333 
0.061333 
0.061333 
0.061333 
0.061333 
0.061333 
0.061333 
0.061333 
0.061333 
0.061333 
0.061333 
0.061333 
0.061333 
0.061333 
0.061333 
0.061333 
0.061333 
0.061333 
0.061333 
0.061333 
0.061333 
0.061333 
0.061333 
0.061333 
0.061333 
0.061333 
0.061333 
0.061333 
0.061333 
0.061333 
0.061333 
0.061333 
0.061333 
0.061333 
0.061333 
0.061333 
0.061333 
0.061333 
0.061333 
0.061333 
0.645148 
2.037321 
3.698946 
5.091119 
5.674933 
5.514884 
5.133229 
4.677705 
4.296049 
4.136000 
4.136000 
4.136000 
4.136000 
4.136000 
4.136000 
4.136000 
4.136000 
4.136000 
4.136000 
4.136000 
3.946397 
3.470456 
2.847476 
2.216758 
1.717600 
1.302280 
0.871482 
0.487118 
0.211098 
0.105333 
0.105333 
0.105333 
0.105333 
0.105333 
0.105333 
0.105333 
0.105333 
0.105333 
0.105333 
0.105333 
0.399411 
1.116547 
2.009098 
2.829419 
3.329867 
3.578801 
3.799359 
3.976063 
4.093436 
4.136000 
4.136000 
4.136000 
4.136000 
4.136000 
4.136000 
4.136000 
4.136000 
4.136000 
4.136000 
4.136000 
3.841923 
3.124786 
2.232236 
1.411914 
0.911467 
0.663090 
0.443646 
0.267777 
0.150126 
0.105333 
0.102640 
0.101080 
0.099987 
0.098694 
0.096533 
0.091070 
0.082115 
0.072372 
0.064544 
0.061333 
0.061333 
0.061333 
0.061333 
0.061333 
0.061333 
0.061333 
0.061333 
0.061333 
0.061333 
0.061333 
0.061333 
0.061333 
0.061333 
0.061333 
0.061333 
0.061500 
0.061897 
0.062370 
0.062767 
0.062933 
0.062767 
0.062370 
0.061897 
0.061500 
0.061333 
0.062501 
0.065347 
0.068890 
0.072147 
0.074133 
0.075121 
0.075997 
0.076698 
0.077164 
0.077333 
0.077333 
0.077333 
0.077333 
0.077333 
0.077333 
0.076166 
0.073319 
0.069776 
0.066520 
0.064533 
0.063545 
0.062670 
0.061968 
0.061502 
0.061333 
0.061333 
0.061333 
0.061333 
0.061333 
0.061333 
0.061333 
0.061333 
0.061333 
0.061333 
0.061333 
0.061333 
0.061333 
0.061333 
0.061333 
0.061333 
0.061333 
0.061333 
0.061333 
0.061333 
0.061333 
0.061333 
0.061333 
0.061333 
0.061333 
0.061333 
0.061333 
0.061333 
0.061333 
0.061333 
0.061333 
0.061333 
0.061333 
0.061333 
0.061333 
0.061333 
0.061333 
0.061333 
0.061333 
0.061333 
0.061333 
0.061333 
0.061333 
0.061333 
0.061333 
0.061333 
0.061333 
0.061333 
0.061333 
0.061333 
0.061333 
0.061333 
0.061333 
0.061333 
0.061333 
0.061333 
0.061333 
0.061333 
0.061333 
0.061333 
0.061333 
0.061333 
0.061333 
0.061333 
0.061333 
0.061333 
0.061333 
0.061333 
0.061333 
0.061333 
0.061333 
0.061333 
0.061333 
0.061333 
0.061333 
0.061333 
0.061333 
0.061333 
0.061333 
0.061333 
0.061333 
0.061333 
0.061333 
0.061333 
0.061333 
0.061333 
0.061333 
0.061333 
0.061333 
0.061333 
0.061333 
0.061333 
0.061333 
0.061333 
0.061333 
0.061333 
0.061333 
0.061333 
0.061333 
0.061333 
0.061333 
0.061333 
0.061333 
0.061333 
0.061333 
0.061333 
0.061333 
0.061333 
0.061333 
0.061333 
0.061333 
0.061333 
0.061333 
0.061333 
0.061333 
0.061333 
0.061333 
0.061333 
0.061333 
0.061333 
0.061333 
0.061333 
0.061333 
0.061333 
0.061333 
0.061333 
0.061333 
0.061333 
0.061333 
0.061333 
0.061333 
0.061333 
0.061333 
0.061333 
0.061333 
0.061333 
0.061333 
0.061333 
0.061333 
0.061333 
0.061333 
0.061333 
0.061333 
0.061333 
0.061333 
0.061333 
0.061333 
0.061333 
0.061333 
0.061333 
0.061333 
0.061333 
0.061333 
0.061333 
0.061333 
0.061333 
0.061333 
0.061333 
0.061333 
0.061333 
0.061333 
0.061333 
0.061333 
0.061333 
0.061333 
0.061333 
0.061333 
0.061333 
0.061333 
0.061333 
0.061333 
0.061333 
0.061333 
0.061333 
0.061333 
0.061333 
0.061333 
0.061333 
0.061333 
0.061333 
0.061333 
0.061333 
0.061333 
0.061333 
0.061333 
0.061333 
0.061333 
0.061333 
0.061333 
0.061333 
0.061333 
0.061333 
0.061333 
0.061333 
0.061333 
0.061333 
0.061333 
0.061333 
0.061333 
0.061333 
0.061333 
0.061333 
0.061333 
0.061333 
0.061333 
0.061333 
0.061333 
0.061333 
0.061333 
0.061333 
0.061333 
0.061333 
0.061333 
0.061333 
0.061333 
0.061333 
0.061333 
0.061333 
0.061333 
0.061333 
0.061333 
0.061333 
0.061333 
0.061333 
0.061333 
0.061333 
0.061333 
0.061333 
0.061333 
0.061333 
0.061333 
0.061333 
0.061333 
0.061333 
0.061333 
0.061333 
0.061333 
0.061333 
0.061333 
0.061333 
0.061333 
0.061333 
0.061333 
0.061333 
0.061333 
0.061333 
0.061333 
0.061333 
0.061333 
0.061333 
0.061333 
0.061333 
0.061333 
0.061333 
0.061333 
0.061333 
0.061333 
0.061333 
0.061333 
0.061333 
0.061333 
0.061333 
0.061333 
0.061333 
0.061333 
0.061333 
0.061333 
0.061333 
0.061333 
0.061333 
0.061333 
0.061333 
0.061333 
0.061333 
0.061333 
0.061333 
0.061333 
0.061333 
0.061333 
0.061333 
0.061333 
0.061333 
0.061333 
0.061333 
0.061333 
0.061333 
0.061333 
0.061333 
0.061333 
0.061333 
0.061333 
0.061333 
0.061333 
0.061333 
0.061333 
0.061333 
0.061333 
0.061333 
0.061333 
0.061333 
0.061333 
0.061333 
0.061333 
0.061333 
0.061333 
0.061333 
0.061333 
0.061333 
0.061333 
0.061333 
0.061333 
0.061333 
0.061333 
0.061333 
0.061333 
0.061333 
0.061333 
0.061333 
0.061333 
0.061333 
0.061333 
0.061333 
0.061333 
0.061333 
0.061333 
0.061333 
0.061333 
0.061333 
0.061333 
0.061333 
0.061333 
0.061333 
0.061333 
0.061333 
0.061333 
0.061333 
0.061333 
0.061333 
0.061333 
0.061333 
0.061333 
0.061333 
0.061333 
0.061333 
0.061333 
0.061333 
0.061333 
0.061333 
0.061333 
0.061333 
0.061333 
0.068115 
0.084984 
0.106730 
0.128139 
0.144000 
0.155756 
0.167378 
0.177441 
0.184523 
0.187200 
0.181875 
0.169178 
0.154022 
0.141325 
0.136000 
0.136000 
0.136000 
0.136000 
0.136000 
0.136000 
0.139210 
0.147039 
0.156782 
0.165737 
0.171200 
0.173519 
0.175129 
0.176460 
0.177940 
0.180000 
0.183814 
0.189304 
0.195020 
0.199513 
0.201333 
0.199873 
0.196100 
0.190923 
0.185253 
0.180000 
0.174193 
0.167200 
0.160444 
0.155348 
0.153333 
0.268153 
0.567509 
0.983749 
1.449219 
1.896267 
2.409334 
3.039836 
3.670578 
4.184364 
4.464000 
4.579534 
4.676445 
4.750682 
4.798195 
4.814933 
4.796378 
4.744759 
4.666153 
4.566630 
4.452267 
4.260094 
3.950809 
3.565984 
3.147190 
2.736000 
2.244385 
1.641180 
1.053249 
0.607456 
0.430667 
0.437440 
0.454444 
0.476701 
0.499234 
0.517067 
0.528349 
0.536629 
0.545027 
0.556666 
0.574667 
0.691188 
0.960134 
1.327246 
1.738266 
2.138933 
2.627743 
3.247580 
3.860773 
4.329648 
4.516533 
4.512207 
4.501890 
4.489577 
4.479260 
4.474933 
4.476431 
4.480002 
4.484265 
4.487836 
4.489333 
4.388063 
4.122952 
3.752050 
3.333405 
2.925067 
2.421242 
1.774900 
1.132230 
0.639423 
0.442667 
0.442667 
0.442667 
0.442667 
0.442667 
0.442667 
0.444427 
0.449015 
0.455389 
0.462508 
0.469333 
0.477434 
0.487596 
0.497601 
0.505230 
0.508267 
0.505904 
0.499558 
0.490339 
0.479361 
0.467733 
0.449783 
0.423726 
0.396510 
0.375086 
0.366400 
0.368994 
0.376700 
0.389402 
0.406985 
0.429333 
0.744467 
1.474512 
2.370509 
3.183502 
3.664533 
3.886576 
4.080460 
4.234017 
4.335076 
4.371467 
4.363202 
4.343494 
4.319972 
4.300265 
4.292000 
4.293109 
4.295755 
4.298912 
4.301557 
4.302667 
4.011562 
3.302206 
2.420535 
1.612487 
1.124000 
0.886499 
0.676958 
0.509634 
0.398785 
0.358667 
0.362042 
0.370712 
0.382495 
0.395207 
0.406667 
0.417998 
0.430668 
0.443005 
0.453340 
0.460000 
0.464117 
0.467765 
0.470688 
0.472629 
0.473333 
0.473333 
0.473333 
0.473333 
0.473333 
0.473333 
0.473333 
0.473333 
0.473333 
0.473333 
0.473333 
0.473333 
0.473333 
0.473333 
0.473333 
0.473333 
0.704513 
1.277113 
2.009723 
2.720933 
3.229333 
3.582510 
3.923572 
4.214392 
4.416843 
4.492800 
4.489860 
4.482850 
4.474483 
4.467473 
4.464533 
4.471078 
4.486686 
4.505314 
4.520922 
4.527467 
4.286270 
3.711108 
3.024625 
2.449463 
2.208267 
2.452847 
3.036077 
3.732190 
4.315420 
4.560000 
4.559613 
4.558488 
4.556676 
4.554230 
4.551200 
4.538371 
4.511301 
4.477205 
4.443300 
4.416800 
4.400361 
4.388667 
4.376979 
4.360559 
4.334667 
3.888042 
2.869591 
1.664826 
0.659259 
0.238400 
0.240636 
0.246558 
0.254990 
0.264752 
0.274667 
0.285766 
0.299283 
0.314344 
0.330074 
0.345600 
0.363716 
0.385031 
0.405395 
0.420657 
0.426667 
0.388672 
0.298069 
0.189931 
0.099328 
0.061333 
0.061333 
0.061333 
0.061333 
0.061333 
0.061333 
0.061333 
0.061333 
0.061333 
0.061333 
0.061333 
0.061333 
0.061333 
0.061333 
0.061333 
0.061333 
0.061333 
0.061333 
0.061333 
0.061333 
0.061333 
0.061333 
0.061333 
0.061333 
0.061333 
0.061333 
0.061333 
0.061333 
0.061333 
0.061333 
0.061333 
0.061333 
0.061333 
0.061333 
0.061333 
0.061333 
0.061333 
0.061333 
0.061333 
0.061333 
0.061333 
0.061333 
0.061333 
0.061333 
0.061333 
0.061333 
