0.000000 
0.000000 
0.000000 
0.000000 
0.000000 
0.000000 
0.000000 
0.000000 
0.000000 
0.000000 
0.000000 
0.000000 
0.000000 
0.000000 
0.000000 
0.000000 
0.000000 
0.000000 
0.000000 
0.000000 
0.000000 
0.000000 
0.000000 
0.000000 
0.000000 
0.000000 
0.000000 
0.000000 
0.000000 
0.000000 
0.000000 
0.000000 
0.000000 
0.000000 
0.000000 
0.000000 
0.000000 
0.000000 
0.000000 
0.000000 
0.000000 
0.000000 
0.000000 
0.000000 
0.000000 
0.000000 
0.000000 
0.000000 
0.000000 
0.000000 
0.000000 
0.000000 
0.000000 
0.000000 
0.000000 
0.000000 
0.000000 
0.000000 
0.000000 
0.000000 
0.000000 
0.000000 
0.000000 
0.000000 
0.000000 
0.000000 
0.000000 
0.000000 
0.000000 
0.000000 
0.000000 
0.000000 
0.000000 
0.000000 
0.000000 
0.000000 
0.000000 
0.000000 
0.000000 
0.000000 
0.000000 
0.000000 
0.000000 
0.000000 
0.000000 
0.000000 
0.000000 
0.000000 
0.000000 
0.000000 
0.000000 
0.000000 
0.000000 
0.000000 
0.000000 
0.000000 
0.000000 
0.000000 
0.000000 
0.000000 
0.000000 
0.000000 
0.000000 
0.000000 
0.000000 
0.000000 
0.000000 
0.000000 
0.000000 
0.000000 
0.000000 
0.000000 
0.000000 
0.000000 
0.000000 
0.000000 
0.000000 
0.000000 
0.000000 
0.000000 
0.000000 
0.000000 
0.000000 
0.000000 
0.000000 
0.000000 
0.000000 
0.000000 
0.000000 
0.000000 
0.000000 
0.000000 
0.000000 
0.000000 
0.000000 
0.000000 
0.000000 
0.000000 
0.000000 
0.000000 
0.000000 
0.000000 
0.000000 
0.000000 
0.000000 
0.000000 
0.000000 
0.000000 
0.000000 
0.000000 
0.000000 
0.000000 
0.000000 
0.000000 
0.000000 
0.000000 
0.000000 
0.000000 
0.000000 
0.000000 
0.000000 
0.000000 
0.000000 
0.000000 
0.000000 
0.000000 
0.000000 
0.000000 
0.000000 
0.000000 
0.000000 
0.000000 
0.000000 
0.000000 
0.000000 
0.000000 
0.000000 
0.000000 
0.000000 
0.000000 
0.000000 
0.000000 
0.000000 
0.000000 
0.000000 
0.000000 
0.000000 
0.000000 
0.000000 
0.000000 
0.000000 
0.000000 
0.000000 
0.000000 
0.000000 
0.000000 
0.000000 
0.000000 
0.000000 
0.000000 
0.000000 
0.000000 
0.000000 
0.000000 
0.000000 
0.000000 
0.000000 
0.000000 
0.000000 
0.000000 
0.000000 
0.000000 
0.000000 
0.000000 
0.000000 
0.000000 
0.000000 
0.000000 
0.000000 
0.000000 
0.000000 
0.000000 
0.000000 
0.000000 
0.000000 
0.000000 
0.000000 
0.000000 
0.000000 
0.000000 
0.000000 
0.000000 
0.000000 
0.000000 
0.000000 
0.000000 
0.000000 
0.000000 
0.000000 
0.000000 
0.000000 
0.000000 
0.000000 
0.000000 
0.000000 
0.000000 
0.000000 
0.000000 
0.000000 
0.000000 
0.000000 
0.000000 
0.000000 
0.000000 
0.000000 
0.000000 
0.000000 
0.000000 
0.000000 
0.000000 
0.000000 
0.000000 
0.000000 
0.000000 
0.000000 
0.000000 
0.000000 
0.000000 
0.000000 
0.000000 
0.000000 
0.000000 
0.000000 
0.000000 
0.000000 
0.000000 
0.000000 
0.000000 
0.000000 
0.000000 
0.000000 
0.000000 
0.000000 
0.000000 
0.000000 
0.000000 
0.000000 
0.000000 
0.000000 
0.000000 
0.000000 
0.000000 
0.000000 
0.000000 
0.000000 
0.000000 
0.000000 
0.000000 
0.000000 
0.000000 
0.000000 
0.000000 
0.000000 
0.000000 
0.000000 
0.000000 
0.000000 
0.000000 
0.000000 
0.000000 
0.000000 
0.000000 
0.000000 
0.000000 
0.000000 
0.000000 
0.000000 
0.000000 
0.000000 
0.000000 
0.000000 
0.000000 
0.000000 
0.000000 
0.000000 
0.000000 
0.000000 
0.000000 
0.000000 
0.000000 
0.000000 
0.000000 
0.000000 
0.000000 
0.000000 
0.000000 
0.000000 
0.000000 
0.000000 
0.000000 
0.000000 
0.000000 
0.000000 
0.000000 
0.000000 
0.000000 
0.000000 
0.000000 
0.000000 
0.000000 
0.000000 
0.000000 
0.000000 
0.000000 
0.000000 
0.000000 
0.000000 
0.000000 
0.000000 
0.000000 
0.000000 
0.000000 
0.000000 
0.000000 
0.000000 
0.000000 
0.000000 
0.000000 
0.000000 
0.000000 
0.000000 
0.000000 
0.000000 
0.000000 
0.000000 
0.000000 
0.000000 
0.000000 
0.000000 
0.000000 
0.000000 
0.000000 
0.000000 
0.000000 
0.000000 
0.000000 
0.000000 
0.000000 
0.000000 
0.000000 
0.000000 
0.000000 
0.000000 
0.000000 
0.000000 
0.000000 
0.000000 
0.000000 
0.000000 
0.000000 
0.000000 
0.000000 
0.000000 
0.000000 
0.000000 
0.000000 
0.000000 
0.000000 
0.000000 
0.000000 
0.000000 
0.000000 
0.000000 
0.000000 
0.000000 
0.000000 
0.000000 
0.000000 
0.000000 
0.000000 
0.000000 
0.005495 
0.018853 
0.026840 
0.033494 
0.033228 
0.030319 
0.029058 
0.020759 
0.022523 
0.031444 
0.038234 
0.062873 
0.075393 
0.085601 
0.099254 
0.107430 
0.121548 
0.142484 
0.142004 
0.130476 
0.132597 
0.130190 
0.163100 
0.155261 
0.141568 
0.176475 
0.181005 
0.187099 
0.191395 
0.211486 
0.185351 
0.210567 
0.178451 
0.229819 
0.189704 
0.227475 
0.208718 
0.275031 
0.195774 
0.277265 
0.255358 
0.224678 
0.169666 
0.136345 
0.085798 
0.003284 
0.000000 
0.000000 
0.000000 
0.000000 
0.000000 
0.027791 
0.085907 
0.167363 
0.154769 
0.175985 
0.193063 
0.152300 
0.205905 
0.214979 
0.196169 
0.187131 
0.197064 
0.202167 
0.195920 
0.202563 
0.175598 
0.200690 
0.202015 
0.187203 
0.234921 
0.223047 
0.183306 
0.213335 
0.224077 
0.225945 
0.187372 
0.187018 
0.256173 
0.206613 
0.205032 
0.147380 
0.142442 
0.103152 
0.127177 
0.207881 
0.241982 
0.286399 
0.263930 
0.250815 
0.188318 
0.099516 
0.013191 
0.000000 
0.000000 
0.000000 
0.000000 
0.000000 
0.000000 
0.000000 
0.000000 
0.000000 
0.013478 
0.093006 
0.131903 
0.204509 
0.253042 
0.334056 
0.333470 
0.347711 
0.286874 
0.380238 
0.335171 
0.334840 
0.362298 
0.364067 
0.392645 
0.392448 
0.293691 
0.399629 
0.348826 
0.376708 
0.447066 
0.303470 
0.361680 
0.317480 
0.320108 
0.333910 
0.384383 
0.344061 
0.412277 
0.295376 
0.375625 
0.409896 
0.360803 
0.383532 
0.384051 
0.373688 
0.420994 
0.420229 
0.430610 
0.471232 
0.361403 
0.392329 
0.425348 
0.425989 
0.357494 
0.397362 
0.458856 
0.379592 
0.402048 
0.369012 
0.453060 
0.469672 
0.414682 
0.462467 
0.548417 
0.423526 
0.399225 
0.350437 
0.552743 
0.365854 
0.427527 
0.416361 
0.406186 
0.460747 
0.401276 
0.360962 
0.457221 
0.425230 
0.399792 
0.577386 
0.541791 
0.687315 
0.504326 
0.334910 
0.243635 
0.175279 
0.136229 
0.122015 
0.151421 
0.169255 
0.239487 
0.216829 
0.334486 
0.438645 
0.477324 
0.528641 
0.575971 
0.669200 
0.550477 
0.576520 
0.591182 
0.503295 
0.345026 
0.335374 
0.341836 
0.246897 
0.204953 
0.141570 
0.129425 
0.076526 
0.054117 
0.032793 
0.095857 
0.199783 
0.414884 
0.568885 
0.600798 
0.634089 
0.491931 
0.577929 
0.456049 
0.447650 
0.463495 
0.336317 
0.274886 
0.203418 
0.172668 
0.217584 
0.320875 
0.464529 
0.533103 
0.614532 
0.552561 
0.526480 
0.560825 
0.559913 
0.577727 
0.464117 
0.538414 
0.389831 
0.382139 
0.459093 
0.435684 
0.510348 
0.488504 
0.499879 
0.674140 
0.501077 
0.499492 
0.464794 
0.377230 
0.276285 
0.202975 
0.076880 
0.000000 
0.000000 
0.000000 
0.000000 
0.000000 
0.000000 
0.000000 
0.000000 
0.000000 
0.001595 
0.173293 
0.338893 
0.381894 
0.443627 
0.478170 
0.541677 
0.521306 
0.637667 
0.553009 
0.563441 
0.605534 
0.596338 
0.549401 
0.560807 
0.633248 
0.612290 
0.595711 
0.633986 
0.576728 
0.641733 
0.614803 
0.536347 
0.593255 
0.573876 
0.554782 
0.571324 
0.511412 
0.528992 
0.401899 
0.327015 
0.093537 
0.000000 
0.000000 
0.000000 
0.000000 
0.000000 
0.022068 
0.056998 
0.111658 
0.141328 
0.161769 
0.154856 
0.208579 
0.173928 
0.115828 
0.065435 
0.004632 
0.000000 
0.004285 
0.056410 
0.142147 
0.218424 
0.289173 
0.292321 
0.381066 
0.426010 
0.372695 
0.412545 
0.392214 
0.279943 
0.162464 
0.060348 
0.022035 
0.020532 
0.026705 
0.036436 
0.046214 
0.052465 
0.035320 
0.029335 
0.015237 
0.000791 
0.000000 
0.002528 
0.021621 
0.045315 
0.077527 
0.099547 
0.119142 
0.156116 
0.148505 
0.204130 
0.267837 
0.268288 
0.411966 
0.446194 
0.582121 
0.574197 
0.565388 
0.558911 
0.468012 
0.559140 
0.419135 
0.370867 
0.283485 
0.152865 
0.045840 
0.000000 
0.000000 
0.000000 
0.000000 
0.000000 
0.000000 
0.000000 
0.000000 
0.044829 
0.138133 
0.234722 
0.318021 
0.439351 
0.506541 
0.549291 
0.664171 
0.634227 
0.686926 
0.619542 
0.638295 
0.547201 
0.593071 
0.585969 
0.551594 
0.646945 
0.533818 
0.574293 
0.499543 
0.502030 
0.588773 
0.627028 
0.586374 
0.597117 
0.573507 
0.614857 
0.448888 
0.526388 
0.544003 
0.573269 
0.578787 
0.591747 
0.596754 
0.606553 
0.612472 
0.595797 
0.653549 
0.550106 
0.642979 
0.583617 
0.664222 
0.462800 
0.592082 
0.451863 
0.433923 
0.336331 
0.395657 
0.373087 
0.467394 
0.497061 
0.561354 
0.550709 
0.677198 
0.448825 
0.529933 
0.608705 
0.536603 
0.564775 
0.450074 
0.559379 
0.473594 
0.555549 
0.512723 
0.613840 
0.637074 
0.555156 
0.567679 
0.552863 
0.578537 
0.415265 
0.450812 
0.346629 
0.321895 
0.257245 
0.236442 
0.232117 
0.207517 
0.244692 
0.341438 
0.434081 
0.546431 
0.492846 
0.523583 
0.577181 
0.500381 
0.504764 
0.522835 
0.553547 
0.552529 
0.542835 
0.416618 
0.411280 
0.495229 
0.434227 
0.462638 
0.627223 
0.533415 
0.568763 
0.496202 
0.469500 
0.485533 
0.409918 
0.489714 
0.389404 
0.349142 
0.387328 
0.392189 
0.353936 
0.389991 
0.339956 
0.327059 
0.304303 
0.318211 
0.317400 
0.403829 
0.389642 
0.494429 
0.457211 
0.396938 
0.454939 
0.337729 
0.496316 
0.356066 
0.285563 
0.155926 
0.061323 
0.022723 
0.004746 
0.000000 
0.000000 
0.000000 
0.000000 
0.000000 
0.000000 
0.000000 
0.000000 
0.000000 
0.000000 
0.000000 
0.000000 
0.000000 
0.012119 
0.036719 
0.075027 
0.108531 
0.183710 
0.212576 
0.258232 
0.342044 
0.426926 
0.419457 
0.399503 
0.459272 
0.388356 
0.357523 
0.304827 
0.262909 
0.266239 
0.232815 
0.190698 
0.183654 
0.162302 
0.142219 
0.114674 
0.109996 
0.126635 
0.128730 
0.123115 
0.154692 
0.141607 
0.169678 
0.197209 
0.303849 
0.362263 
0.355663 
0.440512 
0.415978 
0.463058 
0.494997 
0.423423 
0.481199 
0.373131 
0.391863 
0.373575 
0.331265 
0.313279 
0.240269 
0.266643 
0.254063 
0.234119 
0.242058 
0.219790 
0.218287 
0.179906 
0.224918 
0.248347 
0.187439 
0.242092 
0.304941 
0.325752 
0.265279 
0.273646 
0.339487 
0.329143 
0.370399 
0.360618 
0.298452 
0.292453 
0.234142 
0.207451 
0.162928 
0.137750 
0.200347 
0.189664 
0.257368 
0.243348 
0.230671 
0.282491 
0.263989 
0.138686 
0.100730 
0.117220 
0.121372 
0.122688 
0.115067 
0.121355 
0.154217 
0.163154 
0.135630 
0.138144 
0.151735 
0.139674 
0.152468 
0.147157 
0.118807 
0.113618 
0.120703 
0.096977 
0.111632 
0.083029 
0.060517 
0.073509 
0.058268 
0.047679 
0.045431 
0.032209 
0.021206 
0.015018 
0.008901 
0.000444 
0.000000 
0.000000 
0.000000 
0.000000 
0.000000 
0.000000 
0.000000 
0.000000 
0.000000 
0.000000 
0.000000 
0.000000 
0.000000 
0.000000 
0.000000 
0.000000 
0.000000 
0.000000 
0.000000 
0.000000 
0.000000 
0.000000 
0.000000 
0.000000 
0.000000 
0.000000 
0.000000 
0.000000 
0.000000 
0.000000 
0.002000 
0.005035 
0.008434 
0.012788 
0.015355 
0.023506 
0.020829 
0.025286 
0.024087 
0.029380 
0.029777 
0.024156 
0.028467 
0.028423 
0.023450 
0.025732 
0.024784 
0.024584 
0.033033 
0.043044 
0.063720 
0.062368 
0.065145 
0.074022 
0.053873 
0.066915 
0.085887 
0.120802 
0.121172 
0.175075 
0.188154 
0.193402 
0.182961 
0.201665 
0.208658 
0.199608 
0.163156 
0.181491 
0.161391 
0.110511 
0.091706 
0.083539 
0.077342 
0.075904 
0.095844 
0.066588 
0.074112 
0.068835 
0.057669 
0.045539 
0.033826 
0.028448 
0.020039 
0.012705 
0.009315 
0.005537 
0.003160 
0.001461 
0.000000 
0.000000 
0.000000 
0.000000 
0.000000 
0.000000 
0.002677 
0.005074 
0.004536 
0.005902 
0.003461 
0.002393 
0.001385 
0.000416 
0.000000 
0.000000 
0.000000 
0.000000 
0.000000 
0.000000 
0.001364 
0.004985 
0.006732 
0.007121 
0.007745 
0.005397 
0.003329 
0.001019 
0.000000 
0.000000 
0.000000 
0.000000 
0.000000 
0.000000 
0.000000 
0.000000 
0.000000 
0.000000 
0.000000 
0.000000 
0.000000 
0.000000 
0.000000 
0.000000 
0.000000 
0.000000 
0.000000 
0.000000 
0.000000 
0.000000 
0.000000 
0.000000 
0.000000 
0.000000 
0.000000 
0.000000 
0.000000 
0.000000 
0.000000 
0.000000 
0.000000 
0.000000 
0.000000 
0.000000 
0.000000 
0.000000 
0.000000 
0.000000 
0.000000 
0.000000 
0.000000 
0.000000 
0.000000 
0.000000 
0.000000 
0.000000 
0.000000 
0.000000 
0.000000 
0.000000 
0.000000 
0.000000 
0.000000 
0.000000 
0.000000 
0.000000 
0.000000 
0.000000 
0.000000 
0.000000 
0.000000 
0.000000 
0.000000 
0.000000 
0.000000 
0.000000 
0.000000 
0.000000 
0.000000 
0.000000 
0.000000 
0.000000 
0.000000 
0.000000 
0.000000 
0.000000 
0.000000 
0.000000 
0.000000 
0.000000 
0.000000 
0.000000 
0.000000 
0.000000 
0.000000 
0.000000 
0.000000 
0.000000 
0.000000 
0.000000 
0.000000 
0.000000 
0.000000 
0.000000 
0.000000 
0.000000 
0.000000 
0.000000 
0.000000 
0.000000 
0.000000 
0.000000 
0.000000 
0.000000 
0.000000 
0.000000 
0.000000 
0.000000 
0.000000 
0.000000 
0.000000 
0.000000 
0.000000 
0.000000 
0.000000 
0.000000 
0.000000 
0.000000 
0.000000 
0.000000 
0.000000 
0.000000 
0.000000 
0.000000 
0.000000 
0.000000 
0.000000 
0.000000 
0.000000 
0.000000 
0.000000 
0.000000 
0.000000 
0.000000 
0.000000 
0.000000 
0.000000 
0.000000 
0.000000 
0.000000 
0.000000 
0.000000 
0.000000 
0.000000 
0.000000 
0.000000 
0.000000 
0.000000 
0.000000 
0.000000 
0.000000 
0.000000 
0.000000 
0.000000 
0.000000 
0.000000 
0.000000 
0.000000 
0.000000 
0.000000 
0.000000 
0.000000 
0.000000 
0.000000 
0.000000 
0.000000 
0.000000 
0.000000 
0.000000 
0.000000 
0.000000 
0.000000 
0.000000 
0.000000 
0.000000 
0.000000 
0.000000 
0.000000 
0.000000 
0.000000 
0.000000 
0.000000 
0.000000 
0.000000 
0.000000 
0.000000 
0.000000 
0.000000 
0.000000 
0.000000 
0.000000 
0.000000 
0.000000 
0.000000 
0.000000 
0.000000 
0.000000 
0.000000 
0.000000 
0.000000 
0.000000 
0.000000 
0.000000 
0.000000 
0.000000 
0.000000 
0.000000 
0.000000 
0.000000 
0.000000 
0.000000 
0.000000 
0.000000 
0.000000 
0.000000 
0.000000 
0.000000 
0.000000 
0.000000 
0.000000 
0.000000 
0.000000 
0.000000 
0.000000 
0.000000 
0.000000 
0.000000 
0.000000 
0.000000 
0.000000 
0.000000 
0.000000 
0.000000 
0.000000 
0.000000 
0.000000 
0.000000 
0.000000 
0.000000 
0.000000 
0.000000 
0.000000 
0.000000 
0.000000 
0.000000 
0.000000 
0.000000 
0.000000 
0.000000 
0.000000 
0.000000 
0.000000 
0.000000 
0.000000 
0.000000 
0.000000 
0.000000 
0.000000 
0.000000 
0.000000 
0.000000 
0.000000 
0.000000 
0.000000 
0.000000 
0.000000 
0.000000 
0.000000 
0.000000 
0.000000 
0.000000 
0.000000 
0.000000 
0.000000 
0.000000 
0.000000 
0.000000 
0.000000 
0.000000 
0.000000 
0.000000 
0.000000 
0.000000 
0.000000 
0.000000 
0.000000 
0.000000 
0.000000 
0.000000 
