0.066667 
0.066667 
0.066667 
0.066667 
0.066667 
0.066667 
0.066667 
0.066667 
0.066667 
0.066667 
0.066667 
0.066667 
0.066667 
0.066667 
0.066667 
0.066667 
0.066667 
0.066667 
0.066667 
0.066667 
0.082134 
0.119853 
0.166799 
0.209945 
0.236267 
0.249360 
0.260960 
0.270255 
0.276428 
0.278667 
0.278667 
0.278667 
0.278667 
0.278667 
0.278667 
0.278667 
0.278667 
0.278667 
0.278667 
0.278667 
0.273104 
0.258586 
0.238370 
0.215711 
0.193867 
0.167613 
0.134439 
0.101672 
0.076639 
0.066667 
0.075663 
0.098604 
0.129421 
0.162043 
0.190400 
0.214003 
0.236903 
0.259842 
0.283560 
0.308800 
0.339402 
0.374996 
0.410009 
0.438868 
0.456000 
0.463193 
0.467406 
0.470822 
0.475626 
0.484000 
0.592111 
0.834170 
1.119427 
1.357132 
1.456533 
1.423129 
1.336226 
1.215784 
1.081766 
0.954133 
0.804758 
0.618891 
0.436566 
0.297813 
0.242667 
0.242667 
0.242667 
0.242667 
0.242667 
0.242667 
0.233182 
0.210564 
0.183569 
0.160951 
0.151467 
0.164695 
0.196241 
0.233892 
0.265438 
0.278667 
0.278667 
0.278667 
0.278667 
0.278667 
0.278667 
0.278667 
0.278667 
0.278667 
0.278667 
0.278667 
0.278667 
0.278667 
0.278667 
0.278667 
0.278667 
0.256619 
0.204043 
0.141291 
0.088715 
0.066667 
0.066667 
0.066667 
0.066667 
0.066667 
0.066667 
0.066667 
0.066667 
0.066667 
0.066667 
0.066667 
0.066667 
0.066667 
0.066667 
0.066667 
0.066667 
0.066667 
0.066667 
0.066667 
0.066667 
0.066667 
0.066667 
0.066667 
0.066667 
0.066667 
0.066667 
0.066667 
0.066667 
0.066667 
0.066667 
0.066667 
0.066667 
0.066667 
0.066667 
0.066667 
0.066667 
0.066667 
0.066667 
0.066667 
0.066667 
0.066667 
0.066667 
0.066667 
0.066667 
0.066667 
0.066667 
0.066667 
0.066667 
0.066667 
0.066667 
0.066667 
0.066667 
0.066667 
0.066667 
0.066667 
0.066667 
0.074946 
0.095728 
0.122930 
0.150471 
0.172267 
0.190402 
0.209213 
0.225996 
0.238048 
0.242667 
0.242667 
0.242667 
0.242667 
0.242667 
0.242667 
0.242667 
0.242667 
0.242667 
0.242667 
0.242667 
0.246411 
0.255339 
0.265995 
0.274923 
0.278667 
0.278667 
0.278667 
0.278667 
0.278667 
0.278667 
0.278667 
0.278667 
0.278667 
0.278667 
0.278667 
0.278667 
0.278667 
0.278667 
0.278667 
0.278667 
0.268694 
0.243661 
0.210895 
0.177721 
0.151467 
0.129622 
0.106964 
0.086747 
0.072230 
0.066667 
0.066667 
0.066667 
0.066667 
0.066667 
0.066667 
0.066667 
0.066667 
0.066667 
0.066667 
0.066667 
0.066667 
0.066667 
0.066667 
0.066667 
0.066667 
0.066667 
0.066667 
0.066667 
0.066667 
0.066667 
0.066667 
0.066667 
0.066667 
0.066667 
0.066667 
0.066667 
0.066667 
0.066667 
0.066667 
0.066667 
0.066667 
0.066667 
0.066667 
0.066667 
0.066667 
0.066667 
0.066667 
0.066667 
0.066667 
0.066667 
0.088715 
0.141291 
0.204043 
0.256619 
0.278667 
0.278667 
0.278667 
0.278667 
0.278667 
0.278667 
0.278667 
0.278667 
0.278667 
0.278667 
0.278667 
0.278667 
0.278667 
0.278667 
0.278667 
0.278667 
0.268694 
0.243661 
0.210895 
0.177721 
0.151467 
0.129622 
0.106964 
0.086747 
0.072230 
0.066667 
0.066667 
0.066667 
0.066667 
0.066667 
0.066667 
0.084971 
0.128619 
0.180715 
0.224363 
0.242667 
0.242667 
0.242667 
0.242667 
0.242667 
0.242667 
0.242667 
0.242667 
0.242667 
0.242667 
0.242667 
0.238048 
0.225996 
0.209213 
0.190402 
0.172267 
0.150471 
0.122930 
0.095728 
0.074946 
0.066667 
0.066667 
0.066667 
0.066667 
0.066667 
0.066667 
0.066667 
0.066667 
0.066667 
0.066667 
0.066667 
0.082134 
0.119853 
0.166799 
0.209945 
0.236267 
0.249360 
0.260960 
0.270255 
0.276428 
0.278667 
0.278667 
0.278667 
0.278667 
0.278667 
0.278667 
0.278667 
0.278667 
0.278667 
0.278667 
0.278667 
0.273104 
0.258586 
0.238370 
0.215711 
0.193867 
0.167613 
0.134439 
0.101672 
0.076639 
0.066667 
0.066667 
0.066667 
0.066667 
0.066667 
0.066667 
0.066667 
0.066667 
0.066667 
0.066667 
0.066667 
0.066667 
0.066667 
0.066667 
0.066667 
0.066667 
0.066667 
0.066667 
0.066667 
0.066667 
0.066667 
0.066667 
0.066667 
0.066667 
0.066667 
0.066667 
0.074946 
0.095728 
0.122930 
0.150471 
0.172267 
0.190402 
0.209213 
0.225996 
0.238048 
0.242667 
0.242667 
0.242667 
0.242667 
0.242667 
0.242667 
0.242667 
0.242667 
0.242667 
0.242667 
0.242667 
0.242001 
0.240414 
0.238519 
0.236932 
0.236267 
0.240676 
0.251191 
0.263742 
0.274257 
0.278667 
0.278667 
0.278667 
0.278667 
0.278667 
0.278667 
0.278667 
0.278667 
0.278667 
0.278667 
0.278667 
0.273104 
0.258586 
0.238370 
0.215711 
0.193867 
0.167613 
0.134439 
0.101672 
0.076639 
0.066667 
0.092838 
0.156956 
0.237429 
0.312664 
0.361067 
0.385030 
0.403248 
0.418576 
0.433874 
0.452000 
0.472330 
0.493094 
0.515426 
0.540461 
0.569333 
0.612159 
0.669688 
0.729004 
0.777191 
0.801333 
0.807411 
0.811042 
0.813768 
0.817129 
0.822667 
0.835829 
0.857958 
0.884439 
0.910658 
0.932000 
0.950601 
0.969847 
0.986991 
0.999290 
1.004000 
0.990395 
0.955196 
0.906826 
0.853709 
0.804267 
0.749084 
0.682277 
0.617568 
0.568679 
0.549333 
0.551786 
0.557823 
0.565461 
0.572714 
0.577600 
0.580018 
0.581620 
0.583053 
0.584964 
0.588000 
0.601521 
0.628572 
0.660330 
0.687969 
0.702667 
0.707602 
0.711728 
0.714880 
0.716893 
0.717600 
0.706067 
0.676451 
0.636229 
0.592876 
0.553867 
0.513111 
0.465591 
0.420396 
0.386614 
0.373333 
0.373333 
0.373333 
0.373333 
0.373333 
0.373333 
0.373333 
0.373333 
0.373333 
0.373333 
0.373333 
0.376661 
0.384597 
0.394069 
0.402005 
0.405333 
0.397845 
0.379989 
0.358677 
0.340821 
0.333333 
0.338343 
0.352960 
0.376566 
0.408541 
0.448267 
0.604134 
0.941160 
1.393666 
1.895973 
2.382400 
2.901704 
3.503811 
4.124800 
4.700748 
5.167733 
5.574848 
5.979929 
6.332173 
6.580776 
6.674933 
6.539748 
6.195670 
5.734919 
5.249712 
4.832267 
4.430491 
3.982649 
3.566495 
3.259783 
3.140267 
3.144676 
3.155191 
3.167742 
3.178257 
3.182667 
2.902053 
2.232505 
1.432464 
0.760371 
0.474667 
0.469792 
0.467038 
0.465121 
0.462759 
0.458667 
0.449546 
0.434373 
0.415281 
0.394402 
0.373867 
0.349142 
0.318604 
0.288747 
0.266070 
0.257067 
0.257788 
0.259507 
0.261559 
0.263279 
0.264000 
0.264000 
0.264000 
0.264000 
0.264000 
0.264000 
0.264000 
0.264000 
0.264000 
0.264000 
0.264000 
0.264000 
0.264000 
0.264000 
0.264000 
0.264000 
0.263310 
0.261578 
0.259311 
0.257016 
0.255200 
0.253689 
0.252121 
0.250723 
0.249718 
0.249333 
0.250554 
0.253463 
0.256937 
0.259846 
0.261067 
0.258709 
0.253088 
0.246379 
0.240757 
0.238400 
0.247380 
0.270130 
0.300363 
0.331793 
0.358133 
0.382339 
0.408676 
0.432831 
0.450489 
0.457333 
0.454837 
0.448885 
0.441781 
0.435829 
0.433333 
0.453052 
0.500073 
0.556194 
0.603215 
0.622933 
0.621297 
0.616786 
0.610000 
0.601538 
0.592000 
0.574964 
0.547850 
0.517013 
0.488811 
0.469600 
0.459409 
0.452447 
0.446340 
0.438716 
0.427200 
0.394866 
0.338372 
0.275725 
0.224932 
0.204000 
0.219503 
0.259566 
0.314517 
0.374686 
0.430400 
0.491938 
0.565995 
0.637522 
0.691473 
0.712800 
0.648237 
0.494278 
0.310522 
0.156563 
0.092000 
0.092693 
0.094347 
0.096320 
0.097973 
0.098667 
0.098362 
0.097634 
0.096766 
0.096038 
0.095733 
0.096074 
0.097055 
0.098612 
0.100681 
0.103200 
0.108215 
0.118052 
0.133060 
0.153593 
0.180000 
0.343268 
0.706385 
1.167708 
1.625594 
1.978400 
2.215712 
2.412980 
2.597351 
2.795974 
3.036000 
3.352322 
3.735700 
4.147076 
4.547394 
4.897600 
5.237084 
5.595234 
5.917989 
6.151287 
6.241067 
6.188281 
6.045087 
5.834234 
5.578467 
5.300533 
4.900761 
4.327226 
3.674296 
3.036343 
2.507733 
2.041822 
1.567705 
1.143372 
0.826808 
0.676000 
0.636527 
0.610698 
0.591591 
0.572287 
0.545867 
0.503101 
0.447810 
0.392648 
0.350271 
0.333333 
0.333333 
0.333333 
0.333333 
0.333333 
0.333333 
0.333333 
0.333333 
0.333333 
0.333333 
0.333333 
0.333333 
0.333333 
0.333333 
0.333333 
0.333333 
0.333333 
0.333333 
0.333333 
0.333333 
0.333333 
0.333333 
0.333333 
0.333333 
0.333333 
0.333333 
0.333333 
0.333333 
0.333333 
0.333333 
0.333333 
0.333333 
0.333333 
0.333333 
0.333333 
0.333333 
0.401874 
0.578805 
0.821093 
1.085703 
1.329600 
1.596543 
1.916110 
2.223991 
2.455880 
2.547467 
2.339245 
1.842716 
1.250084 
0.753555 
0.545333 
0.550242 
0.561948 
0.575919 
0.587625 
0.592533 
0.588657 
0.578173 
0.562800 
0.544259 
0.524267 
0.491406 
0.442179 
0.390181 
0.349012 
0.332267 
0.333875 
0.337711 
0.342289 
0.346125 
0.347733 
0.332924 
0.297609 
0.255458 
0.220143 
0.205333 
0.205333 
0.205333 
0.205333 
0.205333 
0.205333 
0.256335 
0.377954 
0.523113 
0.644732 
0.695733 
0.675570 
0.623885 
0.553881 
0.478762 
0.411733 
0.342791 
0.263109 
0.187659 
0.131410 
0.109333 
0.111136 
0.116105 
0.123587 
0.132926 
0.143467 
0.164657 
0.199391 
0.237183 
0.267548 
0.280000 
0.280000 
0.280000 
0.280000 
0.280000 
0.280000 
0.280000 
0.280000 
0.280000 
0.280000 
0.280000 
0.302048 
0.354624 
0.417376 
0.469952 
0.492000 
0.492000 
0.492000 
0.492000 
0.492000 
0.492000 
0.500295 
0.521227 
0.548865 
0.577277 
0.600533 
0.621044 
0.642909 
0.662732 
0.677117 
0.682667 
0.671666 
0.643893 
0.607194 
0.569414 
0.538400 
0.515250 
0.494553 
0.474392 
0.452847 
0.428000 
0.392328 
0.346509 
0.300926 
0.265962 
0.252000 
0.252000 
0.252000 
0.252000 
0.252000 
0.252000 
0.252000 
0.252000 
0.252000 
0.252000 
0.252000 
0.252000 
0.252000 
0.252000 
0.252000 
0.252000 
0.252000 
0.252000 
0.252000 
0.252000 
0.252000 
0.252000 
0.252000 
0.252000 
0.252000 
0.252000 
0.252000 
0.252000 
0.252000 
0.252000 
0.252000 
0.252000 
0.252000 
0.252000 
0.252000 
0.252000 
0.252000 
0.252000 
0.252000 
0.252000 
0.252000 
0.252000 
0.252000 
0.252000 
0.252000 
0.252000 
0.407418 
0.778029 
1.220371 
1.590982 
1.746400 
1.604710 
1.266835 
0.863565 
0.525690 
0.384000 
0.385402 
0.389378 
0.395587 
0.403686 
0.413333 
0.441978 
0.495379 
0.555657 
0.604934 
0.625333 
0.609274 
0.568922 
0.516012 
0.462282 
0.419467 
0.383418 
0.345824 
0.312174 
0.287959 
0.278667 
0.278667 
0.278667 
0.278667 
0.278667 
0.278667 
0.268694 
0.243661 
0.210895 
0.177721 
0.151467 
0.129622 
0.106964 
0.086747 
0.072230 
0.066667 
0.148081 
0.360551 
0.656422 
0.988035 
1.307733 
1.688649 
2.167518 
2.642089 
3.010111 
3.169333 
3.188153 
3.203039 
3.213848 
3.220438 
3.222667 
3.191490 
3.105594 
2.976434 
2.815463 
2.634133 
2.273286 
1.684233 
1.044138 
0.530162 
0.319467 
0.322979 
0.332629 
0.347082 
0.365006 
0.385067 
0.420681 
0.476859 
0.539656 
0.595129 
0.629333 
0.645325 
0.656950 
0.666445 
0.676049 
0.688000 
0.702440 
0.718067 
0.734955 
0.753175 
0.772800 
0.799054 
0.832228 
0.864995 
0.890028 
0.900000 
0.900000 
0.900000 
0.900000 
0.900000 
0.900000 
0.896081 
0.885855 
0.871615 
0.855654 
0.840267 
0.825646 
0.810024 
0.792752 
0.773182 
0.750667 
0.715790 
0.667626 
0.618261 
0.579779 
0.564267 
0.581777 
0.626526 
0.686839 
0.751044 
0.807467 
0.863889 
0.928094 
0.988407 
1.033156 
1.050667 
1.038233 
1.007178 
0.966874 
0.926691 
0.896000 
0.876164 
0.860262 
0.845238 
0.828036 
0.805600 
0.766152 
0.709197 
0.648606 
0.598250 
0.572000 
0.563587 
0.557183 
0.552319 
0.548525 
0.545333 
0.542832 
0.541060 
0.539472 
0.537523 
0.534667 
0.527440 
0.515257 
0.501887 
0.491100 
0.486667 
0.652346 
1.047426 
1.518974 
1.914054 
2.079733 
2.052958 
1.984687 
1.893003 
1.795991 
1.711733 
1.642427 
1.576001 
1.509135 
1.438508 
1.360800 
1.256287 
1.126162 
0.998479 
0.901296 
0.862667 
0.895012 
0.984523 
1.119916 
1.289903 
1.483200 
1.886519 
2.557926 
3.293167 
3.887988 
4.138133 
4.146908 
4.153770 
4.158698 
4.161671 
4.162667 
4.157791 
4.143420 
4.119940 
4.087738 
4.047200 
3.691991 
2.907079 
1.979797 
1.197481 
0.847467 
0.812886 
0.785502 
0.765595 
0.753446 
0.749333 
0.750210 
0.752602 
0.756157 
0.760519 
0.765333 
0.773720 
0.786720 
0.800860 
0.812666 
0.818667 
0.820144 
0.820985 
0.821620 
0.822481 
0.824000 
0.833040 
0.851716 
0.873340 
0.891220 
0.898667 
0.891903 
0.874856 
0.852391 
0.829372 
0.810667 
0.794374 
0.777109 
0.761511 
0.750217 
0.745867 
0.753244 
0.773738 
0.804890 
0.844241 
0.889333 
0.966528 
1.090756 
1.242414 
1.401896 
1.549600 
1.708285 
1.891054 
2.063814 
2.192471 
2.242933 
2.148832 
1.920425 
1.638563 
1.384094 
1.237867 
1.181186 
1.138237 
1.104189 
1.074209 
1.043467 
1.007818 
0.970148 
0.936170 
0.911594 
0.902133 
0.905239 
0.912646 
0.921487 
0.928894 
0.932000 
0.915520 
0.875820 
0.827505 
0.785185 
0.763467 
0.757454 
0.752562 
0.748863 
0.746429 
0.745333 
0.745030 
0.744864 
0.744744 
0.744575 
0.744267 
0.741342 
0.734961 
0.727481 
0.721264 
0.718667 
0.720300 
0.724846 
0.731776 
0.740559 
0.750667 
0.770331 
0.803092 
0.841381 
0.877629 
0.904267 
0.923946 
0.942950 
0.959155 
0.970435 
0.974667 
0.961909 
0.931488 
0.895179 
0.864757 
0.852000 
0.863932 
0.893513 
0.931421 
0.968335 
0.994933 
1.011798 
1.026227 
1.038970 
1.050777 
1.062400 
1.073352 
1.083210 
1.092819 
1.103023 
1.114667 
1.131080 
1.151931 
1.172576 
1.188370 
1.194667 
1.192849 
1.187848 
1.180343 
1.171011 
1.160533 
1.140016 
1.106744 
1.070665 
1.041724 
1.029867 
1.046228 
1.086086 
1.135604 
1.180943 
1.208267 
1.221446 
1.233058 
1.242319 
1.248450 
1.250667 
1.238187 
1.208427 
1.172907 
1.143147 
1.130667 
1.167718 
1.256073 
1.361527 
1.449882 
1.486933 
1.486890 
1.486761 
1.486546 
1.486248 
1.485867 
1.475914 
1.452068 
1.422079 
1.393695 
1.374667 
1.365455 
1.359553 
1.354256 
1.346862 
1.334667 
1.198728 
0.896134 
0.538230 
0.236359 
0.101867 
0.089445 
0.079620 
0.072486 
0.068137 
0.066667 
0.066667 
0.066667 
0.066667 
0.066667 
0.066667 
0.066667 
0.066667 
0.066667 
0.066667 
0.066667 
0.066667 
0.066667 
0.066667 
0.066667 
0.066667 
0.066667 
0.066667 
0.066667 
0.066667 
0.066667 
0.066667 
0.066667 
0.066667 
0.066667 
0.066667 
0.066667 
0.066667 
0.066667 
0.066667 
0.066667 
0.066667 
0.066667 
0.066667 
0.066667 
0.066667 
0.066667 
0.066667 
0.066667 
0.066667 
0.066667 
0.082134 
0.119853 
0.166799 
0.209945 
0.236267 
0.249360 
0.260960 
0.270255 
0.276428 
0.278667 
0.278667 
0.278667 
0.278667 
0.278667 
0.278667 
0.278667 
0.278667 
0.278667 
0.278667 
0.278667 
0.273104 
0.258586 
0.238370 
0.215711 
0.193867 
0.167613 
0.134439 
0.101672 
0.076639 
0.066667 
0.066667 
0.066667 
0.066667 
0.066667 
0.066667 
0.079508 
0.110822 
0.149795 
0.185615 
0.207467 
0.218336 
0.227967 
0.235683 
0.240808 
0.242667 
0.242667 
0.242667 
0.242667 
0.242667 
0.242667 
0.240808 
0.235683 
0.227967 
0.218336 
0.207467 
0.185615 
0.149795 
0.110822 
0.079508 
0.066667 
0.066667 
0.066667 
0.066667 
0.066667 
0.066667 
0.066667 
0.066667 
0.066667 
0.066667 
0.066667 
