0.000000 
0.000000 
0.000000 
0.000000 
0.000000 
0.000000 
0.000000 
0.000000 
0.000000 
0.000000 
0.000000 
0.000000 
0.000000 
0.000000 
0.000000 
0.000000 
0.000000 
0.000000 
0.000000 
0.000000 
0.000000 
0.000000 
0.000000 
0.000000 
0.000000 
0.000000 
0.000000 
0.000000 
0.000000 
0.000000 
0.000000 
0.000000 
0.000000 
0.000000 
0.000000 
0.000000 
0.000000 
0.000000 
0.000000 
0.000000 
0.000000 
0.000000 
0.000000 
0.000000 
0.000000 
0.000000 
0.000000 
0.000000 
0.000000 
0.000000 
0.000000 
0.000000 
0.000000 
0.000000 
0.000000 
0.000000 
0.000000 
0.000000 
0.000000 
0.000000 
0.000000 
0.000000 
0.000000 
0.000000 
0.000000 
0.000000 
0.000000 
0.000000 
0.000000 
0.000000 
0.000000 
0.000000 
0.000000 
0.000000 
0.000000 
0.000000 
0.000000 
0.000000 
0.000000 
0.000000 
0.000000 
0.000000 
0.000000 
0.000000 
0.000000 
0.000000 
0.000000 
0.000000 
0.000000 
0.000000 
0.000000 
0.000000 
0.000000 
0.000000 
0.000000 
0.000000 
0.000000 
0.000000 
0.000000 
0.000000 
0.000000 
0.000000 
0.000000 
0.000000 
0.000000 
0.000000 
0.000000 
0.000000 
0.000000 
0.000000 
0.000000 
0.000000 
0.000000 
0.000000 
0.000000 
0.000000 
0.000000 
0.000000 
0.000000 
0.000000 
0.000000 
0.000000 
0.000000 
0.000000 
0.000000 
0.000000 
0.000000 
0.000000 
0.000000 
0.000000 
0.000000 
0.000000 
0.000000 
0.000000 
0.000000 
0.000000 
0.000000 
0.000000 
0.000000 
0.000000 
0.000000 
0.000000 
0.000000 
0.000000 
0.000000 
0.000000 
0.000000 
0.000000 
0.000000 
0.000000 
0.000000 
0.000000 
0.000000 
0.000000 
0.000000 
0.000000 
0.000000 
0.000000 
0.000000 
0.000000 
0.000000 
0.000000 
0.000000 
0.000000 
0.000000 
0.000000 
0.000000 
0.000000 
0.000000 
0.000000 
0.000000 
0.000000 
0.000000 
0.000000 
0.000000 
0.000000 
0.000000 
0.000000 
0.000000 
0.000000 
0.000000 
0.000000 
0.000000 
0.000000 
0.000000 
0.000000 
0.000000 
0.000000 
0.000000 
0.000000 
0.000000 
0.000000 
0.000000 
0.000000 
0.000000 
0.000000 
0.000000 
0.000000 
0.000000 
0.000000 
0.000000 
0.000000 
0.000000 
0.000000 
0.000000 
0.000000 
0.000000 
0.000000 
0.000000 
0.000000 
0.000000 
0.000000 
0.000000 
0.000000 
0.000000 
0.000000 
0.000000 
0.000000 
0.000000 
0.000000 
0.000000 
0.000000 
0.000000 
0.000000 
0.000000 
0.000000 
0.000000 
0.000000 
0.000000 
0.000000 
0.000000 
0.000000 
0.000000 
0.000000 
0.000000 
0.000000 
0.000000 
0.000000 
0.000000 
0.000000 
0.000000 
0.000000 
0.000000 
0.000000 
0.000000 
0.000000 
0.000000 
0.000000 
0.000000 
0.000000 
0.000000 
0.000000 
0.000000 
0.000000 
0.000000 
0.000000 
0.000000 
0.000000 
0.000000 
0.000000 
0.000000 
0.000000 
0.000000 
0.000000 
0.000000 
0.000000 
0.000000 
0.000000 
0.000000 
0.000000 
0.000000 
0.000000 
0.000000 
0.000000 
0.000000 
0.000000 
0.000000 
0.000000 
0.000000 
0.000000 
0.000000 
0.000000 
0.000000 
0.000000 
0.000000 
0.000000 
0.000000 
0.000000 
0.000000 
0.000000 
0.000000 
0.000000 
0.000000 
0.000000 
0.000000 
0.000000 
0.000000 
0.000000 
0.000000 
0.000000 
0.000000 
0.000000 
0.000000 
0.000000 
0.000000 
0.000000 
0.000000 
0.000000 
0.000000 
0.000000 
0.000000 
0.000000 
0.000000 
0.000000 
0.000000 
0.000000 
0.000000 
0.000000 
0.000000 
0.000000 
0.000000 
0.000000 
0.000000 
0.000000 
0.000000 
0.000000 
0.000000 
0.000000 
0.000000 
0.000000 
0.000000 
0.000000 
0.000000 
0.000000 
0.000000 
0.000000 
0.000000 
0.000000 
0.000000 
0.000000 
0.000000 
0.000000 
0.000000 
0.000000 
0.000000 
0.000000 
0.000000 
0.000000 
0.000000 
0.000000 
0.000000 
0.000000 
0.000000 
0.000000 
0.000000 
0.000000 
0.000000 
0.000000 
0.000000 
0.000000 
0.000000 
0.000000 
0.000000 
0.000000 
0.000000 
0.000000 
0.000000 
0.000000 
0.000000 
0.000000 
0.000000 
0.000000 
0.000000 
0.000000 
0.000000 
0.000000 
0.000000 
0.000000 
0.000000 
0.000000 
0.000000 
0.000000 
0.000000 
0.000000 
0.000000 
0.000000 
0.000000 
0.000000 
0.000000 
0.000000 
0.000000 
0.000000 
0.000000 
0.000000 
0.000000 
0.000000 
0.000000 
0.000000 
0.000000 
0.000000 
0.000000 
0.000000 
0.000000 
0.000000 
0.000000 
0.000000 
0.000000 
0.000000 
0.000000 
0.000000 
0.000000 
0.000000 
0.000000 
0.000000 
0.000000 
0.000000 
0.000000 
0.000000 
0.000000 
0.000000 
0.000000 
0.003671 
0.015190 
0.020956 
0.025566 
0.026098 
0.024660 
0.024520 
0.020963 
0.015669 
0.019283 
0.030652 
0.040341 
0.060213 
0.059091 
0.072209 
0.092554 
0.084021 
0.093817 
0.094570 
0.113024 
0.112092 
0.109815 
0.102191 
0.105405 
0.117649 
0.143412 
0.141625 
0.152372 
0.157841 
0.135827 
0.165867 
0.138640 
0.150994 
0.155495 
0.139476 
0.147583 
0.180189 
0.210359 
0.208435 
0.182974 
0.174923 
0.164928 
0.117518 
0.093244 
0.065207 
0.002148 
0.000000 
0.000000 
0.000000 
0.000000 
0.000000 
0.018179 
0.084169 
0.102948 
0.132472 
0.113975 
0.141173 
0.149767 
0.156899 
0.157660 
0.162040 
0.157750 
0.171621 
0.149695 
0.147608 
0.125336 
0.171107 
0.161903 
0.186616 
0.162384 
0.153432 
0.154801 
0.179946 
0.168180 
0.134507 
0.133920 
0.206144 
0.161644 
0.154090 
0.174042 
0.123558 
0.138526 
0.107702 
0.094110 
0.092829 
0.137438 
0.169653 
0.217911 
0.186349 
0.217189 
0.127402 
0.072879 
0.009377 
0.000000 
0.000000 
0.000000 
0.000000 
0.000000 
0.000000 
0.000000 
0.000000 
0.000000 
0.013125 
0.071017 
0.094199 
0.151165 
0.201529 
0.246975 
0.207111 
0.215642 
0.235323 
0.270282 
0.239623 
0.216112 
0.260109 
0.259692 
0.211562 
0.250438 
0.281470 
0.241015 
0.222824 
0.267287 
0.269721 
0.215798 
0.223977 
0.260396 
0.256412 
0.264263 
0.227727 
0.271012 
0.295914 
0.265074 
0.282976 
0.280555 
0.281664 
0.262147 
0.264804 
0.319717 
0.267889 
0.251224 
0.276894 
0.326031 
0.259387 
0.295719 
0.317148 
0.381062 
0.318162 
0.282696 
0.319185 
0.289664 
0.264657 
0.321824 
0.357534 
0.331500 
0.308671 
0.398611 
0.365577 
0.382770 
0.336339 
0.402681 
0.308314 
0.359086 
0.309856 
0.334309 
0.357254 
0.279979 
0.311571 
0.284056 
0.321962 
0.302847 
0.344708 
0.358871 
0.392286 
0.399729 
0.364323 
0.291226 
0.203172 
0.121803 
0.085259 
0.104888 
0.102584 
0.137245 
0.177714 
0.199203 
0.279717 
0.274358 
0.374404 
0.434091 
0.396005 
0.382732 
0.370881 
0.375280 
0.358019 
0.383416 
0.305699 
0.293503 
0.230031 
0.171847 
0.154850 
0.115728 
0.069354 
0.061155 
0.038644 
0.027587 
0.074955 
0.184500 
0.253611 
0.368821 
0.466896 
0.337109 
0.335831 
0.421991 
0.319574 
0.313205 
0.333979 
0.285279 
0.245334 
0.181270 
0.152423 
0.164892 
0.235580 
0.385032 
0.379836 
0.509896 
0.452316 
0.435426 
0.393437 
0.330999 
0.359617 
0.389863 
0.390319 
0.353201 
0.330420 
0.333734 
0.384573 
0.459736 
0.438276 
0.390624 
0.433203 
0.401508 
0.369197 
0.342112 
0.229626 
0.240890 
0.161411 
0.064672 
0.000000 
0.000000 
0.000000 
0.000000 
0.000000 
0.000000 
0.000000 
0.000000 
0.000000 
0.001678 
0.107330 
0.227986 
0.273447 
0.287306 
0.361390 
0.401546 
0.453913 
0.325816 
0.407795 
0.470896 
0.496641 
0.402258 
0.369440 
0.422167 
0.459580 
0.398344 
0.458858 
0.553962 
0.473580 
0.372579 
0.415731 
0.458162 
0.435118 
0.412888 
0.383850 
0.393391 
0.359329 
0.321442 
0.318259 
0.219052 
0.072968 
0.000000 
0.000000 
0.000000 
0.000000 
0.000000 
0.019041 
0.045626 
0.069182 
0.096929 
0.123480 
0.133766 
0.124308 
0.133781 
0.076802 
0.040589 
0.003106 
0.000000 
0.003457 
0.040607 
0.103733 
0.137036 
0.199443 
0.208840 
0.244731 
0.320521 
0.286927 
0.331833 
0.328659 
0.245873 
0.114795 
0.052120 
0.012706 
0.016010 
0.021206 
0.033911 
0.035686 
0.035772 
0.032727 
0.023507 
0.010096 
0.000579 
0.000000 
0.001803 
0.014662 
0.028749 
0.049093 
0.081179 
0.104726 
0.110497 
0.137642 
0.139594 
0.175937 
0.219331 
0.233802 
0.369262 
0.409590 
0.419570 
0.404728 
0.340994 
0.355384 
0.367497 
0.316100 
0.292719 
0.198716 
0.105878 
0.029939 
0.000000 
0.000000 
0.000000 
0.000000 
0.000000 
0.000000 
0.000000 
0.000000 
0.036000 
0.087685 
0.147241 
0.244536 
0.364543 
0.310242 
0.526400 
0.464254 
0.413943 
0.469042 
0.463964 
0.466536 
0.457175 
0.461972 
0.507798 
0.474062 
0.430595 
0.367173 
0.458959 
0.390901 
0.459968 
0.380950 
0.402751 
0.332184 
0.483726 
0.410864 
0.360195 
0.418630 
0.386537 
0.472374 
0.464029 
0.414820 
0.445613 
0.522876 
0.372095 
0.447553 
0.444286 
0.527190 
0.495600 
0.467181 
0.475689 
0.418322 
0.426776 
0.413278 
0.287943 
0.380276 
0.277339 
0.301948 
0.300770 
0.337683 
0.440658 
0.471969 
0.466895 
0.502619 
0.395080 
0.439790 
0.417406 
0.292752 
0.449858 
0.401462 
0.397997 
0.445160 
0.434220 
0.498841 
0.433621 
0.495014 
0.405075 
0.345773 
0.414189 
0.422401 
0.306637 
0.277579 
0.216651 
0.214006 
0.226005 
0.182326 
0.159837 
0.183006 
0.220945 
0.231702 
0.364431 
0.387581 
0.375261 
0.430469 
0.407956 
0.349301 
0.341065 
0.358980 
0.325919 
0.456641 
0.408225 
0.310022 
0.359204 
0.314996 
0.309723 
0.401325 
0.426544 
0.436816 
0.406474 
0.299517 
0.402472 
0.370827 
0.350576 
0.307747 
0.306202 
0.286171 
0.277490 
0.287623 
0.306898 
0.241747 
0.309991 
0.220667 
0.202352 
0.249973 
0.272284 
0.291691 
0.273788 
0.317257 
0.359588 
0.362849 
0.362031 
0.256361 
0.294798 
0.275639 
0.219615 
0.128454 
0.052851 
0.015795 
0.003318 
0.000000 
0.000000 
0.000000 
0.000000 
0.000000 
0.000000 
0.000000 
0.000000 
0.000000 
0.000000 
0.000000 
0.000000 
0.000000 
0.009494 
0.023991 
0.055800 
0.075556 
0.111652 
0.171637 
0.177017 
0.226907 
0.264044 
0.316717 
0.336023 
0.338705 
0.266353 
0.256447 
0.239800 
0.204033 
0.225290 
0.154496 
0.146264 
0.116312 
0.121300 
0.116347 
0.100422 
0.091296 
0.098600 
0.086535 
0.087400 
0.103680 
0.108901 
0.150615 
0.164628 
0.175705 
0.238671 
0.268935 
0.378576 
0.350993 
0.377106 
0.286638 
0.354653 
0.320846 
0.301922 
0.288909 
0.281747 
0.236314 
0.180628 
0.183792 
0.204227 
0.143429 
0.156267 
0.167047 
0.138029 
0.168572 
0.193072 
0.180692 
0.167605 
0.177183 
0.149965 
0.169170 
0.238081 
0.222592 
0.233224 
0.235537 
0.256767 
0.223628 
0.243094 
0.279095 
0.238507 
0.190961 
0.153181 
0.137123 
0.109161 
0.116791 
0.155697 
0.169669 
0.175970 
0.202533 
0.200146 
0.202882 
0.133013 
0.103552 
0.076851 
0.082130 
0.086252 
0.087992 
0.107075 
0.097499 
0.099262 
0.116123 
0.087844 
0.113891 
0.100697 
0.098294 
0.104451 
0.111268 
0.091749 
0.093063 
0.079723 
0.058393 
0.065203 
0.051034 
0.053468 
0.046030 
0.042998 
0.026444 
0.020078 
0.016213 
0.013255 
0.005781 
0.000436 
0.000000 
0.000000 
0.000000 
0.000000 
0.000000 
0.000000 
0.000000 
0.000000 
0.000000 
0.000000 
0.000000 
0.000000 
0.000000 
0.000000 
0.000000 
0.000000 
0.000000 
0.000000 
0.000000 
0.000000 
0.000000 
0.000000 
0.000000 
0.000000 
0.000000 
0.000000 
0.000000 
0.000000 
0.000000 
0.000000 
0.001557 
0.004390 
0.006898 
0.010495 
0.013707 
0.014642 
0.016929 
0.015924 
0.021502 
0.018179 
0.022624 
0.019215 
0.020038 
0.019241 
0.019084 
0.018246 
0.019565 
0.017800 
0.023371 
0.038842 
0.034032 
0.039388 
0.052417 
0.056885 
0.048249 
0.057466 
0.056652 
0.082266 
0.112105 
0.133794 
0.166644 
0.174021 
0.168054 
0.181109 
0.156270 
0.132955 
0.124868 
0.122842 
0.108410 
0.110346 
0.073351 
0.057243 
0.056408 
0.057114 
0.054160 
0.048792 
0.054982 
0.051840 
0.042282 
0.035625 
0.022181 
0.017054 
0.009561 
0.005953 
0.003694 
0.001279 
0.000000 
0.000000 
0.000000 
0.000000 
0.000000 
0.000000 
0.000000 
0.000000 
0.000000 
0.000410 
0.001116 
0.000718 
0.000000 
0.000000 
0.000000 
0.000000 
0.000000 
0.000000 
0.000000 
0.000000 
0.000000 
0.000000 
0.000000 
0.000000 
0.001940 
0.002383 
0.001621 
0.001044 
0.000000 
0.000000 
0.000000 
0.000000 
0.000000 
0.000000 
0.000000 
0.000000 
0.000000 
0.000000 
0.000000 
0.000000 
0.000000 
0.000000 
0.000000 
0.000000 
0.000000 
0.000000 
0.000000 
0.000000 
0.000000 
0.000000 
0.000000 
0.000000 
0.000000 
0.000000 
0.000000 
0.000000 
0.000000 
0.000000 
0.000000 
0.000000 
0.000000 
0.000000 
0.000000 
0.000000 
0.000000 
0.000000 
0.000000 
0.000000 
0.000000 
0.000000 
0.000000 
0.000000 
0.000000 
0.000000 
0.000000 
0.000000 
0.000000 
0.000000 
0.000000 
0.000000 
0.000000 
0.000000 
0.000000 
0.000000 
0.000000 
0.000000 
0.000000 
0.000000 
0.000000 
0.000000 
0.000000 
0.000000 
0.000000 
0.000000 
0.000000 
0.000000 
0.000000 
0.000000 
0.000000 
0.000000 
0.000000 
0.000000 
0.000000 
0.000000 
0.000000 
0.000000 
0.000000 
0.000000 
0.000000 
0.000000 
0.000000 
0.000000 
0.000000 
0.000000 
0.000000 
0.000000 
0.000000 
0.000000 
0.000000 
0.000000 
0.000000 
0.000000 
0.000000 
0.000000 
0.000000 
0.000000 
0.000000 
0.000000 
0.000000 
0.000000 
0.000000 
0.000000 
0.000000 
0.000000 
0.000000 
0.000000 
0.000000 
0.000000 
0.000000 
0.000000 
0.000000 
0.000000 
0.000000 
0.000000 
0.000000 
0.000000 
0.000000 
0.000000 
0.000000 
0.000000 
0.000000 
0.000000 
0.000000 
0.000000 
0.000000 
0.000000 
0.000000 
0.000000 
0.000000 
0.000000 
0.000000 
0.000000 
0.000000 
0.000000 
0.000000 
0.000000 
0.000000 
0.000000 
0.000000 
0.000000 
0.000000 
0.000000 
0.000000 
0.000000 
0.000000 
0.000000 
0.000000 
0.000000 
0.000000 
0.000000 
0.000000 
0.000000 
0.000000 
0.000000 
0.000000 
0.000000 
0.000000 
0.000000 
0.000000 
0.000000 
0.000000 
0.000000 
0.000000 
0.000000 
0.000000 
0.000000 
0.000000 
0.000000 
0.000000 
0.000000 
0.000000 
0.000000 
0.000000 
0.000000 
0.000000 
0.000000 
0.000000 
0.000000 
0.000000 
0.000000 
0.000000 
0.000000 
0.000000 
0.000000 
0.000000 
0.000000 
0.000000 
0.000000 
0.000000 
0.000000 
0.000000 
0.000000 
0.000000 
0.000000 
0.000000 
0.000000 
0.000000 
0.000000 
0.000000 
0.000000 
0.000000 
0.000000 
0.000000 
0.000000 
0.000000 
0.000000 
0.000000 
0.000000 
0.000000 
0.000000 
0.000000 
0.000000 
0.000000 
0.000000 
0.000000 
0.000000 
0.000000 
0.000000 
0.000000 
0.000000 
0.000000 
0.000000 
0.000000 
0.000000 
0.000000 
0.000000 
0.000000 
0.000000 
0.000000 
0.000000 
0.000000 
0.000000 
0.000000 
0.000000 
0.000000 
0.000000 
0.000000 
0.000000 
0.000000 
0.000000 
0.000000 
0.000000 
0.000000 
0.000000 
0.000000 
0.000000 
0.000000 
0.000000 
0.000000 
0.000000 
0.000000 
0.000000 
0.000000 
0.000000 
0.000000 
0.000000 
0.000000 
0.000000 
0.000000 
0.000000 
0.000000 
0.000000 
0.000000 
0.000000 
0.000000 
0.000000 
0.000000 
0.000000 
0.000000 
0.000000 
0.000000 
0.000000 
0.000000 
0.000000 
0.000000 
0.000000 
0.000000 
0.000000 
0.000000 
0.000000 
0.000000 
0.000000 
0.000000 
0.000000 
0.000000 
0.000000 
0.000000 
0.000000 
0.000000 
0.000000 
0.000000 
