0.000000 
0.000000 
0.000000 
0.000000 
0.000000 
0.000000 
0.000000 
0.000000 
0.000000 
0.000000 
0.000000 
0.000000 
0.000000 
0.000000 
0.000000 
0.000000 
0.000000 
0.000000 
0.000000 
0.000000 
0.000000 
0.000000 
0.000000 
0.000000 
0.000000 
0.000000 
0.000000 
0.000000 
0.000000 
0.000000 
0.000000 
0.000000 
0.000000 
0.000000 
0.000000 
0.000000 
0.000000 
0.000000 
0.000000 
0.000000 
0.000000 
0.000000 
0.000000 
0.000000 
0.000000 
0.000000 
0.000000 
0.000000 
0.000000 
0.000000 
0.000000 
0.000000 
0.000000 
0.000000 
0.000000 
0.000000 
0.000000 
0.000000 
0.000000 
0.000000 
0.000000 
0.000000 
0.000000 
0.000000 
0.000000 
0.000000 
0.000000 
0.000000 
0.000000 
0.000000 
0.000000 
0.000000 
0.000000 
0.000000 
0.000000 
0.000000 
0.000000 
0.000000 
0.000000 
0.000000 
0.000000 
0.000000 
0.000000 
0.000000 
0.000000 
0.000000 
0.000000 
0.000000 
0.000000 
0.000000 
0.000000 
0.000000 
0.000000 
0.000000 
0.000000 
0.000000 
0.000000 
0.000000 
0.000000 
0.000000 
0.000000 
0.000000 
0.000000 
0.000000 
0.000000 
0.000000 
0.000000 
0.000000 
0.000000 
0.000000 
0.000000 
0.000000 
0.000000 
0.000000 
0.000000 
0.000000 
0.000000 
0.000000 
0.000000 
0.000000 
0.000000 
0.000000 
0.000000 
0.000000 
0.000000 
0.000000 
0.000000 
0.000000 
0.000000 
0.000000 
0.000000 
0.000000 
0.000000 
0.000000 
0.000000 
0.000000 
0.000000 
0.000000 
0.000000 
0.000000 
0.000000 
0.000000 
0.000000 
0.000000 
0.000000 
0.000000 
0.000000 
0.000000 
0.000000 
0.000000 
0.000000 
0.000000 
0.000000 
0.000000 
0.000000 
0.000000 
0.000000 
0.000000 
0.000000 
0.000000 
0.000000 
0.000000 
0.000000 
0.000000 
0.000000 
0.000000 
0.000000 
0.000000 
0.000000 
0.000000 
0.000000 
0.000000 
0.000000 
0.000000 
0.000000 
0.000000 
0.000000 
0.000000 
0.000000 
0.000000 
0.000000 
0.000000 
0.000000 
0.000000 
0.000000 
0.000000 
0.000000 
0.000000 
0.000000 
0.000000 
0.000000 
0.000000 
0.000000 
0.000000 
0.000000 
0.000000 
0.000000 
0.000000 
0.000000 
0.000000 
0.000000 
0.000000 
0.000000 
0.000000 
0.000000 
0.000000 
0.000000 
0.000000 
0.000000 
0.000000 
0.000000 
0.000000 
0.000000 
0.000000 
0.000000 
0.000000 
0.000000 
0.000000 
0.000000 
0.000000 
0.000000 
0.000000 
0.000000 
0.000000 
0.000000 
0.000000 
0.000000 
0.000000 
0.000000 
0.000000 
0.000000 
0.000000 
0.000000 
0.000000 
0.000000 
0.000000 
0.000000 
0.000000 
0.000000 
0.000000 
0.000000 
0.000000 
0.000000 
0.000000 
0.000000 
0.000000 
0.000000 
0.000000 
0.000000 
0.000000 
0.000000 
0.000000 
0.000000 
0.000000 
0.000000 
0.000000 
0.000000 
0.000000 
0.000000 
0.000000 
0.000000 
0.000000 
0.000000 
0.000000 
0.000000 
0.000000 
0.000000 
0.000000 
0.000000 
0.000000 
0.000000 
0.000000 
0.000000 
0.000000 
0.000000 
0.000000 
0.000000 
0.000000 
0.000000 
0.000000 
0.000000 
0.000000 
0.000000 
0.000000 
0.000000 
0.000000 
0.000000 
0.000000 
0.000000 
0.000000 
0.000000 
0.000000 
0.000000 
0.000000 
0.000000 
0.000000 
0.000000 
0.000000 
0.000000 
0.000000 
0.000000 
0.000000 
0.000000 
0.000000 
0.000000 
0.000000 
0.000000 
0.000000 
0.000000 
0.000000 
0.000000 
0.000000 
0.000000 
0.000000 
0.000000 
0.000000 
0.000000 
0.000000 
0.000000 
0.000000 
0.000000 
0.000000 
0.000000 
0.000000 
0.000000 
0.000000 
0.000000 
0.000000 
0.000000 
0.000000 
0.000000 
0.000000 
0.000000 
0.000000 
0.000000 
0.000000 
0.000000 
0.000000 
0.000000 
0.000000 
0.000000 
0.000000 
0.000000 
0.000000 
0.000000 
0.000000 
0.000000 
0.000000 
0.000000 
0.000000 
0.000000 
0.000000 
0.000000 
0.000000 
0.000000 
0.000000 
0.000000 
0.000000 
0.000000 
0.000000 
0.000000 
0.000000 
0.000000 
0.000000 
0.000000 
0.000000 
0.000000 
0.000000 
0.000000 
0.000000 
0.000000 
0.000000 
0.000000 
0.000000 
0.000000 
0.000000 
0.000000 
0.000000 
0.000000 
0.000000 
0.000000 
0.000000 
0.000000 
0.000000 
0.000000 
0.000000 
0.000000 
0.000000 
0.000000 
0.000000 
0.000000 
0.000000 
0.000000 
0.000000 
0.000000 
0.000000 
0.000000 
0.000000 
0.000000 
0.000000 
0.000000 
0.000000 
0.000000 
0.000000 
0.000000 
0.000000 
0.000000 
0.000000 
0.000000 
0.000000 
0.000000 
0.000000 
0.000000 
0.000000 
0.000000 
0.000000 
0.000000 
0.000000 
0.000000 
0.000000 
0.000000 
0.004267 
0.015515 
0.026453 
0.026453 
0.029359 
0.021820 
0.022574 
0.020050 
0.018503 
0.025683 
0.033925 
0.050143 
0.062071 
0.077297 
0.062858 
0.084306 
0.112544 
0.114236 
0.107180 
0.119645 
0.115782 
0.128548 
0.095681 
0.097976 
0.128726 
0.161971 
0.190228 
0.153487 
0.197787 
0.153226 
0.184189 
0.185103 
0.175893 
0.207743 
0.166115 
0.180906 
0.189756 
0.212615 
0.199839 
0.219572 
0.187343 
0.172268 
0.168054 
0.123669 
0.061706 
0.002811 
0.000000 
0.000000 
0.000000 
0.000000 
0.000000 
0.018896 
0.081177 
0.132626 
0.143622 
0.139667 
0.161496 
0.145072 
0.223153 
0.181905 
0.145985 
0.197088 
0.189097 
0.168705 
0.162000 
0.156430 
0.182065 
0.188330 
0.181735 
0.175478 
0.194232 
0.166895 
0.208889 
0.201831 
0.213026 
0.133608 
0.219476 
0.230351 
0.224324 
0.167106 
0.155754 
0.142474 
0.115623 
0.106317 
0.131539 
0.183258 
0.183949 
0.234199 
0.275257 
0.246954 
0.165957 
0.098028 
0.011165 
0.000000 
0.000000 
0.000000 
0.000000 
0.000000 
0.000000 
0.000000 
0.000000 
0.000000 
0.015391 
0.073888 
0.136178 
0.186866 
0.263217 
0.257075 
0.196921 
0.275613 
0.287184 
0.218474 
0.334313 
0.251786 
0.225878 
0.331183 
0.300954 
0.350683 
0.287964 
0.300702 
0.270472 
0.274397 
0.335671 
0.313126 
0.310898 
0.298096 
0.356839 
0.308712 
0.296395 
0.358968 
0.279305 
0.330707 
0.328753 
0.350355 
0.387197 
0.261472 
0.314801 
0.259498 
0.317692 
0.352297 
0.324163 
0.345384 
0.326592 
0.301841 
0.332585 
0.361394 
0.350957 
0.320228 
0.335726 
0.354560 
0.311098 
0.361839 
0.382078 
0.353863 
0.431562 
0.336931 
0.407721 
0.350136 
0.427812 
0.382078 
0.384337 
0.423909 
0.430818 
0.324353 
0.356799 
0.351573 
0.397346 
0.359368 
0.413773 
0.354646 
0.359080 
0.347164 
0.469460 
0.532989 
0.448448 
0.306121 
0.247068 
0.156366 
0.112059 
0.114235 
0.139563 
0.169901 
0.187597 
0.243515 
0.273826 
0.365994 
0.529853 
0.474708 
0.488042 
0.468214 
0.496133 
0.433220 
0.415462 
0.436375 
0.366059 
0.263161 
0.264764 
0.247110 
0.150353 
0.129713 
0.085594 
0.062937 
0.041172 
0.037019 
0.081230 
0.183776 
0.319280 
0.530221 
0.507433 
0.405315 
0.562231 
0.528853 
0.369763 
0.411252 
0.357652 
0.289762 
0.285277 
0.186255 
0.181472 
0.203329 
0.274795 
0.485024 
0.447376 
0.512550 
0.577067 
0.499261 
0.428204 
0.482469 
0.456790 
0.409418 
0.385610 
0.416477 
0.419052 
0.401984 
0.484925 
0.405849 
0.522163 
0.513562 
0.578384 
0.483550 
0.495228 
0.413614 
0.335446 
0.216076 
0.151018 
0.063185 
0.000000 
0.000000 
0.000000 
0.000000 
0.000000 
0.000000 
0.000000 
0.000000 
0.000000 
0.001948 
0.120621 
0.303998 
0.353999 
0.366706 
0.462511 
0.381738 
0.507994 
0.543921 
0.525924 
0.525583 
0.590857 
0.403235 
0.499119 
0.471001 
0.454766 
0.508872 
0.587365 
0.503279 
0.466333 
0.496231 
0.429706 
0.486248 
0.573214 
0.617463 
0.509957 
0.452742 
0.489447 
0.398662 
0.359771 
0.266475 
0.092336 
0.000000 
0.000000 
0.000000 
0.000000 
0.000000 
0.023082 
0.046444 
0.088693 
0.113127 
0.140460 
0.154270 
0.156950 
0.146555 
0.108921 
0.063177 
0.003802 
0.000000 
0.004186 
0.051366 
0.114110 
0.174737 
0.203557 
0.277608 
0.343135 
0.333850 
0.356087 
0.444977 
0.379575 
0.205496 
0.153340 
0.054523 
0.018826 
0.018875 
0.027812 
0.032047 
0.038175 
0.037567 
0.036085 
0.028843 
0.013034 
0.000580 
0.000000 
0.002478 
0.019675 
0.043799 
0.071213 
0.103584 
0.093330 
0.110153 
0.150670 
0.174599 
0.192679 
0.281804 
0.261605 
0.375091 
0.493307 
0.477881 
0.448501 
0.507810 
0.377505 
0.472824 
0.377664 
0.286252 
0.243630 
0.145311 
0.046146 
0.000000 
0.000000 
0.000000 
0.000000 
0.000000 
0.000000 
0.000000 
0.000000 
0.046275 
0.099535 
0.158576 
0.223833 
0.369480 
0.390714 
0.490420 
0.489345 
0.467547 
0.615417 
0.538717 
0.598727 
0.613932 
0.563814 
0.514140 
0.467496 
0.557318 
0.508826 
0.470501 
0.440176 
0.540961 
0.482463 
0.570174 
0.540442 
0.569865 
0.488204 
0.576681 
0.554005 
0.418384 
0.641219 
0.525208 
0.539251 
0.647798 
0.662335 
0.457668 
0.498555 
0.479620 
0.535326 
0.600109 
0.450255 
0.547016 
0.490322 
0.389544 
0.538892 
0.384458 
0.279808 
0.315754 
0.334965 
0.346395 
0.381698 
0.513806 
0.517549 
0.570452 
0.513142 
0.443520 
0.522022 
0.455064 
0.550713 
0.515313 
0.398982 
0.460251 
0.496469 
0.452640 
0.523947 
0.452442 
0.451813 
0.465201 
0.484677 
0.451232 
0.496554 
0.395562 
0.348427 
0.315134 
0.345377 
0.261828 
0.239752 
0.200537 
0.183969 
0.243630 
0.222465 
0.415792 
0.457770 
0.468873 
0.523011 
0.445423 
0.434186 
0.467254 
0.406372 
0.499298 
0.389981 
0.341073 
0.420295 
0.348397 
0.404948 
0.411943 
0.459428 
0.506308 
0.479494 
0.451371 
0.487675 
0.421026 
0.368871 
0.359493 
0.352026 
0.354795 
0.305234 
0.339021 
0.359197 
0.325855 
0.316504 
0.266314 
0.273336 
0.253157 
0.306710 
0.308779 
0.384377 
0.325217 
0.449599 
0.400448 
0.445567 
0.390348 
0.378256 
0.292212 
0.324567 
0.276362 
0.125183 
0.069487 
0.017623 
0.004160 
0.000000 
0.000000 
0.000000 
0.000000 
0.000000 
0.000000 
0.000000 
0.000000 
0.000000 
0.000000 
0.000000 
0.000000 
0.000000 
0.010828 
0.025464 
0.059349 
0.108989 
0.107632 
0.177258 
0.223008 
0.320027 
0.326471 
0.342982 
0.389880 
0.387579 
0.331738 
0.300232 
0.243938 
0.262785 
0.225540 
0.210047 
0.158249 
0.175747 
0.147427 
0.108336 
0.126736 
0.114634 
0.103110 
0.099235 
0.123715 
0.115403 
0.139597 
0.149690 
0.185069 
0.215569 
0.283756 
0.263362 
0.290102 
0.336244 
0.391514 
0.398119 
0.297321 
0.364439 
0.416079 
0.341703 
0.299824 
0.324119 
0.227207 
0.191951 
0.222423 
0.219077 
0.193642 
0.187080 
0.149506 
0.178220 
0.164526 
0.168880 
0.193817 
0.226741 
0.229144 
0.250516 
0.240990 
0.278389 
0.332997 
0.366022 
0.288759 
0.304499 
0.294365 
0.317662 
0.295096 
0.204476 
0.161471 
0.142005 
0.130866 
0.119226 
0.173073 
0.183621 
0.254890 
0.214716 
0.213082 
0.205720 
0.150044 
0.102666 
0.092394 
0.108198 
0.098835 
0.129688 
0.151580 
0.119089 
0.134889 
0.102885 
0.118635 
0.117518 
0.114040 
0.123057 
0.107879 
0.096436 
0.113485 
0.087543 
0.088923 
0.092004 
0.074109 
0.062525 
0.064362 
0.050326 
0.044059 
0.036661 
0.027772 
0.020659 
0.013352 
0.005400 
0.000380 
0.000000 
0.000000 
0.000000 
0.000000 
0.000000 
0.000000 
0.000000 
0.000000 
0.000000 
0.000000 
0.000000 
0.000000 
0.000000 
0.000000 
0.000000 
0.000000 
0.000000 
0.000000 
0.000000 
0.000000 
0.000000 
0.000000 
0.000000 
0.000000 
0.000000 
0.000000 
0.000000 
0.000000 
0.000000 
0.000000 
0.002008 
0.004602 
0.007337 
0.011222 
0.016780 
0.017559 
0.019734 
0.022510 
0.019207 
0.024060 
0.025740 
0.024867 
0.020797 
0.022987 
0.023919 
0.018662 
0.018708 
0.023540 
0.029644 
0.043100 
0.039541 
0.047115 
0.064617 
0.046397 
0.062812 
0.052087 
0.077496 
0.090801 
0.111766 
0.142431 
0.196122 
0.191179 
0.237492 
0.219503 
0.202280 
0.181383 
0.200227 
0.154114 
0.130974 
0.125818 
0.080525 
0.077931 
0.057663 
0.054048 
0.071815 
0.065141 
0.058130 
0.063107 
0.057893 
0.035855 
0.024575 
0.019529 
0.009686 
0.006482 
0.002273 
0.000000 
0.000000 
0.000000 
0.000000 
0.000000 
0.000000 
0.000000 
0.000000 
0.000000 
0.000000 
0.000000 
0.000000 
0.000000 
0.000000 
0.000000 
0.000000 
0.000000 
0.000000 
0.000000 
0.000000 
0.000000 
0.000000 
0.000000 
0.000000 
0.000000 
0.000624 
0.001511 
0.000886 
0.000000 
0.000000 
0.000000 
0.000000 
0.000000 
0.000000 
0.000000 
0.000000 
0.000000 
0.000000 
0.000000 
0.000000 
0.000000 
0.000000 
0.000000 
0.000000 
0.000000 
0.000000 
0.000000 
0.000000 
0.000000 
0.000000 
0.000000 
0.000000 
0.000000 
0.000000 
0.000000 
0.000000 
0.000000 
0.000000 
0.000000 
0.000000 
0.000000 
0.000000 
0.000000 
0.000000 
0.000000 
0.000000 
0.000000 
0.000000 
0.000000 
0.000000 
0.000000 
0.000000 
0.000000 
0.000000 
0.000000 
0.000000 
0.000000 
0.000000 
0.000000 
0.000000 
0.000000 
0.000000 
0.000000 
0.000000 
0.000000 
0.000000 
0.000000 
0.000000 
0.000000 
0.000000 
0.000000 
0.000000 
0.000000 
0.000000 
0.000000 
0.000000 
0.000000 
0.000000 
0.000000 
0.000000 
0.000000 
0.000000 
0.000000 
0.000000 
0.000000 
0.000000 
0.000000 
0.000000 
0.000000 
0.000000 
0.000000 
0.000000 
0.000000 
0.000000 
0.000000 
0.000000 
0.000000 
0.000000 
0.000000 
0.000000 
0.000000 
0.000000 
0.000000 
0.000000 
0.000000 
0.000000 
0.000000 
0.000000 
0.000000 
0.000000 
0.000000 
0.000000 
0.000000 
0.000000 
0.000000 
0.000000 
0.000000 
0.000000 
0.000000 
0.000000 
0.000000 
0.000000 
0.000000 
0.000000 
0.000000 
0.000000 
0.000000 
0.000000 
0.000000 
0.000000 
0.000000 
0.000000 
0.000000 
0.000000 
0.000000 
0.000000 
0.000000 
0.000000 
0.000000 
0.000000 
0.000000 
0.000000 
0.000000 
0.000000 
0.000000 
0.000000 
0.000000 
0.000000 
0.000000 
0.000000 
0.000000 
0.000000 
0.000000 
0.000000 
0.000000 
0.000000 
0.000000 
0.000000 
0.000000 
0.000000 
0.000000 
0.000000 
0.000000 
0.000000 
0.000000 
0.000000 
0.000000 
0.000000 
0.000000 
0.000000 
0.000000 
0.000000 
0.000000 
0.000000 
0.000000 
0.000000 
0.000000 
0.000000 
0.000000 
0.000000 
0.000000 
0.000000 
0.000000 
0.000000 
0.000000 
0.000000 
0.000000 
0.000000 
0.000000 
0.000000 
0.000000 
0.000000 
0.000000 
0.000000 
0.000000 
0.000000 
0.000000 
0.000000 
0.000000 
0.000000 
0.000000 
0.000000 
0.000000 
0.000000 
0.000000 
0.000000 
0.000000 
0.000000 
0.000000 
0.000000 
0.000000 
0.000000 
0.000000 
0.000000 
0.000000 
0.000000 
0.000000 
0.000000 
0.000000 
0.000000 
0.000000 
0.000000 
0.000000 
0.000000 
0.000000 
0.000000 
0.000000 
0.000000 
0.000000 
0.000000 
0.000000 
0.000000 
0.000000 
0.000000 
0.000000 
0.000000 
0.000000 
0.000000 
0.000000 
0.000000 
0.000000 
0.000000 
0.000000 
0.000000 
0.000000 
0.000000 
0.000000 
0.000000 
0.000000 
0.000000 
0.000000 
0.000000 
0.000000 
0.000000 
0.000000 
0.000000 
0.000000 
0.000000 
0.000000 
0.000000 
0.000000 
0.000000 
0.000000 
0.000000 
0.000000 
0.000000 
0.000000 
0.000000 
0.000000 
0.000000 
0.000000 
0.000000 
0.000000 
0.000000 
0.000000 
0.000000 
0.000000 
0.000000 
0.000000 
0.000000 
0.000000 
0.000000 
0.000000 
0.000000 
0.000000 
0.000000 
0.000000 
0.000000 
0.000000 
0.000000 
0.000000 
0.000000 
0.000000 
0.000000 
0.000000 
0.000000 
0.000000 
0.000000 
0.000000 
0.000000 
0.000000 
0.000000 
