0.075966 
0.073007 
0.072261 
0.073509 
0.076533 
0.081116 
0.087039 
0.094084 
0.102032 
0.110667 
0.121479 
0.134978 
0.149471 
0.163265 
0.174667 
0.184859 
0.195219 
0.204351 
0.210855 
0.213333 
0.208341 
0.196437 
0.182229 
0.170325 
0.165333 
0.178161 
0.211240 
0.256465 
0.305731 
0.350933 
0.398717 
0.454618 
0.508867 
0.551695 
0.573333 
0.580535 
0.586449 
0.590895 
0.593694 
0.594667 
0.592646 
0.587326 
0.579816 
0.571226 
0.562667 
0.551556 
0.536882 
0.522110 
0.510705 
0.506133 
0.508608 
0.515179 
0.524566 
0.535489 
0.546667 
0.562227 
0.583598 
0.605457 
0.622477 
0.629333 
0.586624 
0.484779 
0.363221 
0.261376 
0.218667 
0.218667 
0.218667 
0.218667 
0.218667 
0.218667 
0.241139 
0.295470 
0.362032 
0.421196 
0.453333 
0.463447 
0.470563 
0.476088 
0.481431 
0.488000 
0.497334 
0.508527 
0.519320 
0.527453 
0.530667 
0.519170 
0.490512 
0.453443 
0.416711 
0.389067 
0.367995 
0.346937 
0.328575 
0.315591 
0.310667 
0.342535 
0.418880 
0.510810 
0.589436 
0.625867 
0.630560 
0.633700 
0.635987 
0.638121 
0.640800 
0.644614 
0.649101 
0.653388 
0.656601 
0.657867 
0.651987 
0.637967 
0.621233 
0.607213 
0.601333 
0.612236 
0.639161 
0.673435 
0.706384 
0.729333 
0.744518 
0.758949 
0.771122 
0.779529 
0.782667 
0.780448 
0.775157 
0.768843 
0.763552 
0.761333 
0.782002 
0.834327 
0.903784 
0.975849 
1.036000 
1.090881 
1.150381 
1.204841 
1.244600 
1.260000 
1.246579 
1.212909 
1.168883 
1.124394 
1.089333 
1.065376 
1.045440 
1.026283 
1.004662 
0.977333 
0.930423 
0.863773 
0.794711 
0.740566 
0.718667 
0.723895 
0.737124 
0.754673 
0.772859 
0.788000 
0.799772 
0.810686 
0.821314 
0.832228 
0.844000 
0.859141 
0.877327 
0.894876 
0.908105 
0.913333 
0.825835 
0.617184 
0.368149 
0.159499 
0.072000 
0.072000 
0.072000 
0.072000 
0.072000 
0.072000 
0.073549 
0.077820 
0.084250 
0.092275 
0.101333 
0.119543 
0.149393 
0.181871 
0.207966 
0.218667 
0.218667 
0.218667 
0.218667 
0.218667 
0.218667 
0.218667 
0.218667 
0.218667 
0.218667 
0.218667 
0.211767 
0.194449 
0.171780 
0.148830 
0.130667 
0.115554 
0.099878 
0.085892 
0.075849 
0.072000 
0.072000 
0.072000 
0.072000 
0.072000 
0.072000 
0.072000 
0.072000 
0.072000 
0.072000 
0.072000 
0.072000 
0.072000 
0.072000 
0.072000 
0.072000 
0.072000 
0.072000 
0.072000 
0.072000 
0.072000 
0.072000 
0.072000 
0.072000 
0.072000 
0.072000 
0.073549 
0.077820 
0.084250 
0.092275 
0.101333 
0.119543 
0.149393 
0.181871 
0.207966 
0.218667 
0.218667 
0.218667 
0.218667 
0.218667 
0.218667 
0.218667 
0.218667 
0.218667 
0.218667 
0.218667 
0.211767 
0.194449 
0.171780 
0.148830 
0.130667 
0.115554 
0.099878 
0.085892 
0.075849 
0.072000 
0.072000 
0.072000 
0.072000 
0.072000 
0.072000 
0.072000 
0.072000 
0.072000 
0.072000 
0.072000 
0.072000 
0.072000 
0.072000 
0.072000 
0.072000 
0.072000 
0.072000 
0.072000 
0.072000 
0.072000 
0.072000 
0.072000 
0.072000 
0.072000 
0.072000 
0.072000 
0.072000 
0.072000 
0.072000 
0.072000 
0.072000 
0.072000 
0.072000 
0.072000 
0.072000 
0.072000 
0.072000 
0.072000 
0.072000 
0.072000 
0.078899 
0.096218 
0.118886 
0.141837 
0.160000 
0.175113 
0.190788 
0.204774 
0.214818 
0.218667 
0.218667 
0.218667 
0.218667 
0.218667 
0.218667 
0.218667 
0.218667 
0.218667 
0.218667 
0.218667 
0.203413 
0.167040 
0.123627 
0.087253 
0.072000 
0.072000 
0.072000 
0.072000 
0.072000 
0.072000 
0.072000 
0.072000 
0.072000 
0.072000 
0.072000 
0.072000 
0.072000 
0.072000 
0.072000 
0.072000 
0.072000 
0.072000 
0.072000 
0.072000 
0.072000 
0.072000 
0.072000 
0.072000 
0.072000 
0.072000 
0.072000 
0.072000 
0.072000 
0.072000 
0.072000 
0.072000 
0.072000 
0.072000 
0.072000 
0.072000 
0.078899 
0.096218 
0.118886 
0.141837 
0.160000 
0.175113 
0.190788 
0.204774 
0.214818 
0.218667 
0.218667 
0.218667 
0.218667 
0.218667 
0.218667 
0.218667 
0.218667 
0.218667 
0.218667 
0.218667 
0.203413 
0.167040 
0.123627 
0.087253 
0.072000 
0.072000 
0.072000 
0.072000 
0.072000 
0.072000 
0.072000 
0.072000 
0.072000 
0.072000 
0.072000 
0.072000 
0.072000 
0.072000 
0.072000 
0.072000 
0.072000 
0.072000 
0.072000 
0.072000 
0.072000 
0.072000 
0.072000 
0.072000 
0.072000 
0.072000 
0.072000 
0.072000 
0.072000 
0.072000 
0.072000 
0.072000 
0.072000 
0.072000 
0.072000 
0.072000 
0.072000 
0.072000 
0.072000 
0.072000 
0.072000 
0.072000 
0.072000 
0.072000 
0.072000 
0.072000 
0.072000 
0.072000 
0.072000 
0.072000 
0.072000 
0.107989 
0.194421 
0.298992 
0.389397 
0.433333 
0.441232 
0.446174 
0.449835 
0.453886 
0.460000 
0.472141 
0.489952 
0.508626 
0.523355 
0.529333 
0.527891 
0.524452 
0.520348 
0.516909 
0.515467 
0.519166 
0.529305 
0.544448 
0.563159 
0.584000 
0.623228 
0.685785 
0.753261 
0.807247 
0.829333 
0.819212 
0.794105 
0.761899 
0.730480 
0.707733 
0.692883 
0.679783 
0.668269 
0.658174 
0.649333 
0.640713 
0.632116 
0.624628 
0.619338 
0.617333 
0.620384 
0.627659 
0.636341 
0.643616 
0.646667 
0.586901 
0.444384 
0.274283 
0.131765 
0.072000 
0.082701 
0.108796 
0.141274 
0.171123 
0.189333 
0.198391 
0.206417 
0.212847 
0.217118 
0.218667 
0.218667 
0.218667 
0.218667 
0.218667 
0.218667 
0.217118 
0.212847 
0.206417 
0.198391 
0.189333 
0.171123 
0.141274 
0.108796 
0.082701 
0.072000 
0.072000 
0.072000 
0.072000 
0.072000 
0.072000 
0.072000 
0.072000 
0.072000 
0.072000 
0.072000 
0.072000 
0.072000 
0.072000 
0.072000 
0.072000 
0.072000 
0.072000 
0.072000 
0.072000 
0.072000 
0.072000 
0.072000 
0.072000 
0.072000 
0.072000 
0.072000 
0.072000 
0.072000 
0.072000 
0.072000 
0.072000 
0.072000 
0.072000 
0.072000 
0.072000 
0.072000 
0.072000 
0.072000 
0.072000 
0.072000 
0.072000 
0.072000 
0.072000 
0.072000 
0.072000 
0.072000 
0.072000 
0.072000 
0.072000 
0.072000 
0.072000 
0.072000 
0.072000 
0.072000 
0.072000 
0.072000 
0.072000 
0.072000 
0.072000 
0.072000 
0.072000 
0.072000 
0.072000 
0.072000 
0.072000 
0.072000 
0.072000 
0.072000 
0.072000 
0.072000 
0.072000 
0.072000 
0.072000 
0.072000 
0.072000 
0.072000 
0.072000 
0.072000 
0.072000 
0.072000 
0.087253 
0.123627 
0.167040 
0.203413 
0.218667 
0.218667 
0.218667 
0.218667 
0.218667 
0.218667 
0.218667 
0.218667 
0.218667 
0.218667 
0.218667 
0.214818 
0.204774 
0.190788 
0.175113 
0.160000 
0.141837 
0.118886 
0.096218 
0.078899 
0.072000 
0.072000 
0.072000 
0.072000 
0.072000 
0.072000 
0.072000 
0.072000 
0.072000 
0.072000 
0.072000 
0.072000 
0.072000 
0.072000 
0.072000 
0.072000 
0.072000 
0.072000 
0.072000 
0.072000 
0.072000 
0.072000 
0.072000 
0.072000 
0.072000 
0.072000 
0.072000 
0.072000 
0.072000 
0.072000 
0.072000 
0.072000 
0.072000 
0.072000 
0.072000 
0.072000 
0.072000 
0.072000 
0.072000 
0.072000 
0.072000 
0.075849 
0.085892 
0.099878 
0.115554 
0.130667 
0.148830 
0.171780 
0.194449 
0.211767 
0.218667 
0.218667 
0.218667 
0.218667 
0.218667 
0.218667 
0.218667 
0.218667 
0.218667 
0.218667 
0.218667 
0.207966 
0.181871 
0.149393 
0.119543 
0.101333 
0.092275 
0.084250 
0.077820 
0.073549 
0.072000 
0.072000 
0.072000 
0.072000 
0.072000 
0.072000 
0.072000 
0.072000 
0.072000 
0.072000 
0.072000 
0.072000 
0.072000 
0.072000 
0.072000 
0.072000 
0.072000 
0.072000 
0.072000 
0.072000 
0.072000 
0.072000 
0.072000 
0.072000 
0.072000 
0.072000 
0.072000 
0.072000 
0.072000 
0.072000 
0.072000 
0.072000 
0.072000 
0.072000 
0.072000 
0.072000 
0.072000 
0.072000 
0.072000 
0.072000 
0.072000 
0.072000 
0.072000 
0.072000 
0.072000 
0.072000 
0.072000 
0.072000 
0.072000 
0.072000 
0.072000 
0.072000 
0.072000 
0.072000 
0.072000 
0.072000 
0.072000 
0.072000 
0.072000 
0.072000 
0.072000 
0.072000 
0.072000 
0.072000 
0.072000 
0.072000 
0.089701 
0.132942 
0.186934 
0.236883 
0.268000 
0.284280 
0.298848 
0.310610 
0.318470 
0.321333 
0.321333 
0.321333 
0.321333 
0.321333 
0.321333 
0.321333 
0.321333 
0.321333 
0.321333 
0.321333 
0.321333 
0.321333 
0.321333 
0.321333 
0.321333 
0.325709 
0.338302 
0.358306 
0.384918 
0.417333 
0.504895 
0.678129 
0.908009 
1.165508 
1.421600 
1.741957 
2.151090 
2.558231 
2.872612 
3.003467 
3.010191 
3.013934 
3.016555 
3.019912 
3.025867 
3.047767 
3.088606 
3.134708 
3.172398 
3.188000 
3.160079 
3.083086 
2.967173 
2.822493 
2.659200 
2.330921 
1.792814 
1.207327 
0.736906 
0.544000 
0.544000 
0.544000 
0.544000 
0.544000 
0.544000 
0.522923 
0.472661 
0.412672 
0.362411 
0.341333 
0.341333 
0.341333 
0.341333 
0.341333 
0.341333 
0.341333 
0.341333 
0.341333 
0.341333 
0.341333 
0.348233 
0.365551 
0.388220 
0.411170 
0.429333 
0.444446 
0.460122 
0.474108 
0.484151 
0.488000 
0.488000 
0.488000 
0.488000 
0.488000 
0.488000 
0.488000 
0.488000 
0.488000 
0.488000 
0.488000 
0.475323 
0.444742 
0.407433 
0.374572 
0.357333 
0.352020 
0.347596 
0.344228 
0.342085 
0.341333 
0.341333 
0.341333 
0.341333 
0.341333 
0.341333 
0.343940 
0.350157 
0.357577 
0.363793 
0.366400 
0.349094 
0.307827 
0.258573 
0.217306 
0.200000 
0.202952 
0.211127 
0.223507 
0.239071 
0.256800 
0.292960 
0.352991 
0.419635 
0.475636 
0.503733 
0.510099 
0.513676 
0.516363 
0.520060 
0.526667 
0.575607 
0.679735 
0.801100 
0.901750 
0.943733 
0.937495 
0.922309 
0.903468 
0.886268 
0.876000 
0.871168 
0.866929 
0.863560 
0.861336 
0.860533 
0.869741 
0.891697 
0.917903 
0.939859 
0.949067 
0.948926 
0.948507 
0.947810 
0.946841 
0.945600 
0.901428 
0.798084 
0.675199 
0.572405 
0.529333 
0.529333 
0.529333 
0.529333 
0.529333 
0.529333 
0.529333 
0.529333 
0.529333 
0.529333 
0.529333 
0.792245 
1.419189 
2.167477 
2.794421 
3.057333 
3.057333 
3.057333 
3.057333 
3.057333 
3.057333 
3.057333 
3.057333 
3.057333 
3.057333 
3.057333 
3.057333 
3.057333 
3.057333 
3.057333 
3.057333 
2.792992 
2.162263 
1.408583 
0.775394 
0.506133 
0.500589 
0.496262 
0.493159 
0.491291 
0.490667 
0.505038 
0.540266 
0.584522 
0.625977 
0.652800 
0.665813 
0.675209 
0.683219 
0.692072 
0.704000 
0.720710 
0.741720 
0.765974 
0.792419 
0.820000 
0.849244 
0.881310 
0.916086 
0.953464 
0.993333 
1.045831 
1.111614 
1.176347 
1.225698 
1.245333 
1.228068 
1.184578 
1.127321 
1.068753 
1.021333 
0.982863 
0.944647 
0.909400 
0.879835 
0.858667 
0.842838 
0.828326 
0.816395 
0.808309 
0.805333 
0.812465 
0.831732 
0.859939 
0.893893 
0.930400 
0.989787 
1.078301 
1.171628 
1.245455 
1.275467 
1.250801 
1.190985 
1.117289 
1.050981 
1.013333 
0.997955 
0.984753 
0.974440 
0.967729 
0.965333 
1.057741 
1.278097 
1.541103 
1.761459 
1.853867 
1.840183 
1.804111 
1.753121 
1.694683 
1.636267 
1.561421 
1.463192 
1.363292 
1.283435 
1.245333 
1.237710 
1.233380 
1.230195 
1.226006 
1.218667 
1.193637 
1.145214 
1.084507 
1.022622 
0.970667 
0.924493 
0.876411 
0.832216 
0.797703 
0.778667 
0.771265 
0.766633 
0.763035 
0.758736 
0.752000 
0.735445 
0.708309 
0.678784 
0.655061 
0.645333 
0.652460 
0.670755 
0.695594 
0.722350 
0.746400 
0.771476 
0.800679 
0.828439 
0.849181 
0.857333 
0.847405 
0.823388 
0.793935 
0.767699 
0.753333 
0.748119 
0.743708 
0.740303 
0.738110 
0.737333 
0.908323 
1.338462 
1.903507 
2.479212 
2.941333 
3.330501 
3.734111 
4.098072 
4.368288 
4.490667 
4.518461 
4.540735 
4.557112 
4.567215 
4.570667 
4.466482 
4.195500 
3.820077 
3.402569 
3.005333 
2.541371 
1.964747 
1.399410 
0.969311 
0.798400 
0.808689 
0.833225 
0.862509 
0.887044 
0.897333 
0.884798 
0.854906 
0.819228 
0.789335 
0.776800 
0.778745 
0.783563 
0.789729 
0.795717 
0.800000 
0.802980 
0.805859 
0.808315 
0.810025 
0.810667 
0.810183 
0.808789 
0.806571 
0.803612 
0.800000 
0.788063 
0.764189 
0.734551 
0.705319 
0.682667 
0.664464 
0.646083 
0.629950 
0.618492 
0.614133 
0.827750 
1.348360 
1.995602 
2.589113 
2.948533 
3.121222 
3.270539 
3.390126 
3.473622 
3.514667 
3.530986 
3.544306 
3.554266 
3.560507 
3.562667 
3.561557 
3.558912 
3.555755 
3.553109 
3.552000 
3.570304 
3.613952 
3.666048 
3.709696 
3.728000 
3.657918 
3.473850 
3.215064 
2.920825 
2.630400 
2.262488 
1.783269 
1.303233 
0.932869 
0.782667 
0.779700 
0.777387 
0.775730 
0.774733 
0.774400 
0.784966 
0.810163 
0.840237 
0.865434 
0.876000 
0.869732 
0.854786 
0.836947 
0.822001 
0.815733 
0.818458 
0.825816 
0.836585 
0.849542 
0.863467 
0.886071 
0.919729 
0.955204 
0.983262 
0.994667 
0.994367 
0.993490 
0.992070 
0.990140 
0.987733 
0.972514 
0.940031 
0.902143 
0.870713 
0.857600 
0.859791 
0.865015 
0.871251 
0.876476 
0.878667 
0.878667 
0.878667 
0.878667 
0.878667 
0.878667 
0.878667 
0.878667 
0.878667 
0.878667 
0.878667 
0.881425 
0.888819 
0.899528 
0.912228 
0.925600 
0.945849 
0.974951 
1.005235 
1.029030 
1.038667 
1.036721 
1.031977 
1.026071 
1.020644 
1.017333 
1.015977 
1.015098 
1.014365 
1.013443 
1.012000 
1.009170 
1.004471 
0.998148 
0.990443 
0.981600 
0.965200 
0.939588 
0.912148 
0.890268 
0.881333 
0.893813 
0.923573 
0.959093 
0.988853 
1.001333 
0.999276 
0.993774 
0.985835 
0.976464 
0.966667 
0.952155 
0.931541 
0.910183 
0.893439 
0.886667 
0.896096 
0.918581 
0.945419 
0.967904 
0.977333 
0.969929 
0.952271 
0.931196 
0.913538 
0.906133 
0.909101 
0.916177 
0.924623 
0.931699 
0.934667 
0.925023 
0.901448 
0.871975 
0.844637 
0.827467 
0.818311 
0.810086 
0.803424 
0.798962 
0.797333 
0.797333 
0.797333 
0.797333 
0.797333 
0.797333 
0.805653 
0.825493 
0.849173 
0.869013 
0.877333 
0.854592 
0.800363 
0.735637 
0.681408 
0.658667 
0.663693 
0.677371 
0.697603 
0.722290 
0.749333 
0.796622 
0.869586 
0.947440 
1.009395 
1.034667 
1.034667 
1.034667 
1.034667 
1.034667 
1.034667 
1.028504 
1.011911 
0.987733 
0.958815 
0.928000 
0.881134 
0.813285 
0.741137 
0.681370 
0.650667 
0.640825 
0.632701 
0.626565 
0.622686 
0.621333 
0.763550 
1.102682 
1.507452 
1.846583 
1.988800 
1.863555 
1.564127 
1.204975 
0.900557 
0.765333 
0.754022 
0.745088 
0.738610 
0.734666 
0.733333 
0.738880 
0.752107 
0.767893 
0.781120 
0.786667 
0.780676 
0.766391 
0.749342 
0.735057 
0.729067 
0.733254 
0.743241 
0.755159 
0.765146 
0.769333 
0.763787 
0.750560 
0.734773 
0.721547 
0.716000 
0.724975 
0.747191 
0.775586 
0.803099 
0.822667 
0.836133 
0.849096 
0.860127 
0.867793 
0.870667 
0.861431 
0.839409 
0.813124 
0.791102 
0.781867 
0.788311 
0.804741 
0.826802 
0.850140 
0.870400 
0.890216 
0.912496 
0.933294 
0.948666 
0.954667 
0.862869 
0.643968 
0.382699 
0.163797 
0.072000 
0.072000 
0.072000 
0.072000 
0.072000 
0.072000 
0.072000 
0.072000 
0.072000 
0.072000 
0.072000 
0.072000 
0.072000 
0.072000 
0.072000 
0.072000 
0.072000 
0.072000 
0.072000 
0.072000 
0.072000 
0.072000 
0.072000 
0.072000 
0.072000 
0.072000 
