0.000000 
0.000000 
0.000000 
0.000000 
0.000000 
0.000000 
0.000000 
0.000000 
0.000000 
0.000000 
0.000000 
0.000000 
0.000000 
0.000000 
0.000000 
0.000000 
0.000000 
0.000000 
0.000000 
0.000000 
0.000000 
0.000000 
0.000000 
0.000000 
0.000000 
0.000000 
0.000000 
0.000000 
0.000000 
0.000000 
0.000000 
0.000000 
0.000000 
0.000000 
0.000000 
0.000000 
0.000000 
0.000000 
0.000000 
0.000000 
0.000000 
0.000000 
0.000000 
0.000000 
0.000000 
0.000000 
0.000000 
0.000000 
0.000000 
0.000000 
0.000000 
0.000000 
0.000000 
0.000000 
0.000000 
0.000000 
0.000000 
0.000000 
0.000000 
0.000000 
0.000000 
0.000000 
0.000000 
0.000000 
0.000000 
0.000000 
0.000000 
0.000000 
0.000000 
0.000000 
0.000000 
0.000000 
0.000000 
0.000000 
0.000000 
0.000000 
0.000000 
0.000000 
0.000000 
0.000000 
0.000000 
0.000000 
0.000000 
0.000000 
0.000000 
0.000000 
0.000000 
0.000000 
0.000000 
0.000000 
0.000000 
0.000000 
0.000000 
0.000000 
0.000000 
0.000000 
0.000000 
0.000000 
0.000000 
0.000000 
0.000000 
0.000000 
0.000000 
0.000000 
0.000000 
0.000000 
0.000000 
0.000000 
0.000000 
0.000000 
0.000000 
0.000000 
0.000000 
0.000000 
0.000000 
0.000000 
0.000000 
0.000000 
0.000000 
0.000000 
0.000000 
0.000000 
0.000000 
0.000000 
0.000000 
0.000000 
0.000000 
0.000000 
0.000000 
0.000000 
0.000000 
0.000000 
0.000000 
0.000000 
0.000000 
0.000000 
0.000000 
0.000000 
0.000000 
0.000000 
0.000000 
0.000000 
0.000000 
0.000000 
0.000000 
0.000000 
0.000000 
0.000000 
0.000000 
0.000000 
0.000000 
0.000000 
0.000000 
0.000000 
0.000000 
0.000000 
0.000000 
0.000000 
0.000000 
0.000000 
0.000000 
0.000000 
0.000000 
0.000000 
0.000000 
0.000000 
0.000000 
0.000000 
0.000000 
0.000000 
0.000000 
0.000000 
0.000000 
0.000000 
0.000000 
0.000000 
0.000000 
0.000000 
0.000000 
0.000000 
0.000000 
0.000000 
0.000000 
0.000000 
0.000000 
0.000000 
0.000000 
0.000000 
0.000000 
0.000000 
0.000000 
0.000000 
0.000000 
0.000000 
0.000000 
0.000000 
0.000000 
0.000000 
0.000000 
0.000000 
0.000000 
0.000000 
0.000000 
0.000000 
0.000000 
0.000000 
0.000000 
0.000000 
0.000000 
0.000000 
0.000000 
0.000000 
0.000000 
0.000000 
0.000000 
0.000000 
0.000000 
0.000000 
0.000000 
0.000000 
0.000000 
0.000000 
0.000000 
0.000000 
0.000000 
0.000000 
0.000000 
0.000000 
0.000000 
0.000000 
0.000000 
0.000000 
0.000000 
0.000000 
0.000000 
0.000000 
0.000000 
0.000000 
0.000000 
0.000000 
0.000000 
0.000000 
0.000000 
0.000000 
0.000000 
0.000000 
0.000000 
0.000000 
0.000000 
0.000000 
0.000000 
0.000000 
0.000000 
0.000000 
0.000000 
0.000000 
0.000000 
0.000000 
0.000000 
0.000000 
0.000000 
0.000000 
0.000000 
0.000000 
0.000000 
0.000000 
0.000000 
0.000000 
0.000000 
0.000000 
0.000000 
0.000000 
0.000000 
0.000000 
0.000000 
0.000000 
0.000000 
0.000000 
0.000000 
0.000000 
0.000000 
0.000000 
0.000000 
0.000000 
0.000000 
0.000000 
0.000000 
0.000000 
0.000000 
0.000000 
0.000000 
0.000000 
0.000000 
0.000000 
0.000000 
0.000000 
0.000000 
0.000000 
0.000000 
0.000000 
0.000000 
0.000000 
0.000000 
0.000000 
0.000000 
0.000000 
0.000000 
0.000000 
0.000000 
0.000000 
0.000000 
0.000000 
0.000000 
0.000000 
0.000000 
0.000000 
0.000000 
0.000000 
0.000000 
0.000000 
0.000000 
0.000000 
0.000000 
0.000000 
0.000000 
0.000000 
0.000000 
0.000000 
0.000000 
0.000000 
0.000000 
0.000000 
0.000000 
0.000000 
0.000000 
0.000000 
0.000000 
0.000000 
0.000000 
0.000000 
0.000000 
0.000000 
0.000000 
0.000000 
0.000000 
0.000000 
0.000000 
0.000000 
0.000000 
0.000000 
0.000000 
0.000000 
0.000000 
0.000000 
0.000000 
0.000000 
0.000000 
0.000000 
0.000000 
0.000000 
0.000000 
0.000000 
0.000000 
0.000000 
0.000000 
0.000000 
0.000000 
0.000000 
0.000000 
0.000000 
0.000000 
0.000000 
0.000000 
0.000000 
0.000000 
0.000000 
0.000000 
0.000000 
0.000000 
0.000000 
0.000000 
0.000000 
0.000000 
0.000000 
0.000000 
0.000000 
0.000000 
0.000000 
0.000000 
0.000000 
0.000000 
0.000000 
0.000000 
0.000000 
0.000000 
0.000000 
0.000000 
0.000000 
0.000000 
0.000000 
0.000000 
0.000000 
0.000000 
0.000000 
0.000000 
0.000000 
0.000000 
0.000000 
0.000000 
0.000000 
0.000000 
0.000000 
0.000000 
0.000000 
0.000000 
0.000000 
0.000000 
0.000000 
0.000000 
0.000000 
0.000000 
0.002991 
0.008756 
0.015991 
0.016687 
0.017081 
0.015885 
0.015429 
0.012687 
0.010627 
0.015543 
0.021039 
0.028881 
0.032888 
0.040708 
0.044102 
0.049880 
0.053997 
0.048207 
0.063149 
0.057773 
0.061691 
0.079178 
0.077997 
0.072398 
0.085325 
0.099416 
0.091563 
0.086418 
0.098058 
0.087069 
0.128022 
0.110511 
0.087190 
0.101643 
0.091169 
0.109030 
0.133114 
0.135001 
0.157671 
0.132446 
0.092207 
0.104424 
0.078244 
0.077021 
0.035131 
0.001529 
0.000000 
0.000000 
0.000000 
0.000000 
0.000000 
0.012030 
0.058454 
0.064366 
0.076609 
0.108491 
0.109608 
0.115425 
0.114100 
0.094549 
0.097301 
0.091189 
0.111981 
0.105685 
0.119261 
0.110410 
0.113591 
0.104553 
0.091816 
0.104374 
0.130703 
0.095371 
0.110996 
0.120424 
0.119452 
0.106881 
0.124130 
0.127438 
0.145379 
0.119996 
0.099763 
0.067645 
0.067658 
0.070791 
0.072189 
0.092912 
0.095560 
0.126540 
0.145926 
0.122816 
0.087185 
0.043434 
0.006148 
0.000000 
0.000000 
0.000000 
0.000000 
0.000000 
0.000000 
0.000000 
0.000000 
0.000000 
0.008780 
0.041868 
0.068192 
0.106860 
0.136126 
0.159410 
0.148430 
0.153087 
0.130510 
0.148249 
0.151930 
0.134484 
0.166501 
0.149963 
0.161004 
0.168373 
0.190756 
0.180648 
0.169217 
0.197969 
0.185119 
0.170623 
0.169370 
0.193977 
0.158085 
0.161553 
0.205048 
0.156719 
0.169833 
0.200565 
0.202726 
0.190833 
0.167300 
0.201248 
0.174006 
0.173738 
0.235753 
0.203977 
0.243443 
0.186725 
0.194902 
0.221283 
0.195335 
0.187572 
0.214244 
0.196490 
0.225845 
0.216152 
0.184462 
0.209758 
0.239952 
0.249353 
0.260096 
0.241359 
0.198671 
0.240083 
0.232113 
0.228250 
0.230958 
0.280047 
0.201656 
0.227375 
0.232989 
0.206050 
0.211159 
0.216087 
0.210256 
0.214428 
0.246839 
0.259717 
0.238051 
0.335215 
0.251700 
0.167828 
0.150925 
0.097870 
0.059464 
0.068296 
0.074468 
0.105913 
0.096484 
0.130408 
0.165918 
0.213307 
0.218333 
0.269223 
0.301585 
0.290814 
0.280282 
0.258445 
0.252532 
0.245819 
0.199360 
0.182718 
0.136753 
0.099056 
0.104936 
0.077182 
0.046163 
0.039115 
0.022649 
0.022190 
0.060576 
0.112922 
0.187926 
0.243898 
0.238436 
0.284907 
0.269428 
0.308922 
0.262064 
0.260675 
0.204517 
0.196792 
0.143971 
0.089930 
0.095863 
0.112280 
0.176581 
0.204218 
0.307938 
0.287121 
0.285219 
0.214574 
0.277317 
0.232490 
0.253349 
0.247021 
0.242543 
0.193619 
0.243337 
0.233606 
0.238823 
0.317735 
0.315460 
0.295539 
0.311241 
0.255310 
0.258332 
0.225912 
0.174706 
0.147672 
0.110453 
0.045075 
0.000000 
0.000000 
0.000000 
0.000000 
0.000000 
0.000000 
0.000000 
0.000000 
0.000000 
0.001099 
0.083275 
0.157557 
0.193754 
0.227232 
0.265627 
0.310415 
0.290252 
0.252713 
0.336833 
0.252986 
0.234728 
0.342890 
0.276997 
0.303970 
0.290180 
0.329914 
0.283951 
0.338791 
0.298661 
0.315334 
0.297172 
0.313521 
0.302458 
0.313782 
0.285963 
0.268427 
0.303649 
0.252821 
0.208579 
0.135858 
0.049903 
0.000000 
0.000000 
0.000000 
0.000000 
0.000000 
0.016490 
0.036518 
0.058782 
0.068933 
0.079675 
0.090788 
0.091126 
0.101640 
0.062565 
0.031907 
0.002270 
0.000000 
0.002162 
0.031300 
0.071944 
0.102242 
0.139812 
0.137335 
0.170608 
0.200527 
0.208906 
0.205966 
0.218337 
0.125217 
0.065721 
0.032354 
0.010153 
0.011474 
0.015156 
0.020684 
0.023036 
0.021031 
0.018555 
0.016762 
0.007224 
0.000337 
0.000000 
0.001197 
0.010167 
0.020883 
0.037370 
0.057111 
0.077959 
0.088498 
0.078937 
0.082507 
0.120094 
0.139976 
0.187503 
0.237372 
0.339498 
0.242403 
0.331549 
0.310838 
0.258954 
0.236833 
0.226966 
0.183572 
0.140483 
0.087406 
0.022077 
0.000000 
0.000000 
0.000000 
0.000000 
0.000000 
0.000000 
0.000000 
0.000000 
0.021204 
0.058471 
0.100280 
0.141340 
0.207612 
0.243741 
0.340471 
0.335204 
0.387880 
0.278503 
0.309874 
0.336692 
0.289553 
0.248390 
0.258227 
0.250615 
0.306785 
0.278268 
0.254320 
0.284882 
0.295720 
0.278616 
0.290638 
0.228601 
0.283517 
0.251178 
0.286848 
0.296242 
0.254395 
0.311865 
0.251258 
0.294367 
0.306071 
0.339038 
0.268544 
0.351520 
0.317082 
0.264902 
0.299800 
0.265734 
0.286522 
0.273158 
0.288778 
0.228742 
0.226502 
0.229991 
0.177231 
0.181229 
0.182578 
0.225571 
0.275221 
0.261329 
0.266028 
0.271011 
0.212895 
0.290162 
0.306480 
0.311980 
0.310256 
0.299220 
0.277383 
0.291042 
0.279525 
0.281667 
0.276551 
0.316281 
0.252897 
0.286528 
0.281698 
0.210873 
0.189827 
0.180368 
0.140748 
0.189962 
0.134837 
0.131641 
0.126902 
0.106687 
0.140038 
0.149605 
0.204894 
0.236660 
0.310304 
0.226574 
0.263805 
0.268543 
0.266101 
0.324944 
0.242436 
0.230874 
0.268882 
0.238583 
0.218808 
0.227870 
0.220822 
0.269725 
0.274524 
0.284298 
0.304765 
0.289851 
0.262443 
0.202916 
0.199524 
0.198360 
0.197191 
0.199032 
0.212564 
0.186091 
0.186564 
0.159817 
0.152207 
0.178494 
0.174996 
0.175334 
0.191700 
0.200929 
0.216678 
0.267209 
0.245099 
0.241769 
0.224558 
0.190228 
0.219871 
0.183594 
0.148261 
0.078417 
0.035146 
0.009526 
0.002098 
0.000000 
0.000000 
0.000000 
0.000000 
0.000000 
0.000000 
0.000000 
0.000000 
0.000000 
0.000000 
0.000000 
0.000000 
0.000000 
0.006749 
0.014918 
0.035941 
0.047095 
0.085573 
0.100754 
0.126375 
0.158100 
0.166490 
0.215155 
0.211315 
0.227220 
0.215158 
0.189473 
0.140116 
0.142210 
0.147267 
0.127534 
0.087310 
0.072723 
0.083581 
0.070125 
0.067249 
0.057603 
0.060240 
0.056662 
0.064832 
0.063747 
0.072517 
0.121788 
0.098658 
0.107935 
0.137726 
0.183751 
0.219236 
0.207804 
0.218393 
0.236428 
0.209585 
0.189939 
0.225083 
0.174180 
0.204248 
0.158965 
0.146126 
0.111039 
0.132403 
0.105330 
0.090706 
0.106504 
0.114368 
0.096787 
0.114361 
0.095712 
0.111846 
0.117469 
0.134850 
0.147013 
0.147018 
0.153229 
0.175200 
0.166645 
0.149190 
0.174202 
0.162331 
0.177074 
0.132769 
0.145232 
0.127094 
0.097952 
0.069139 
0.080021 
0.113404 
0.112928 
0.116049 
0.125869 
0.133042 
0.122159 
0.089291 
0.057556 
0.050560 
0.060584 
0.062364 
0.068307 
0.084692 
0.075195 
0.071988 
0.062004 
0.080331 
0.065446 
0.079919 
0.063326 
0.070894 
0.069718 
0.057577 
0.046240 
0.062077 
0.060015 
0.047317 
0.033746 
0.042377 
0.025147 
0.025873 
0.020447 
0.014059 
0.011122 
0.007749 
0.003852 
0.000265 
0.000000 
0.000000 
0.000000 
0.000000 
0.000000 
0.000000 
0.000000 
0.000000 
0.000000 
0.000000 
0.000000 
0.000000 
0.000000 
0.000000 
0.000000 
0.000000 
0.000000 
0.000000 
0.000000 
0.000000 
0.000000 
0.000000 
0.000000 
0.000000 
0.000000 
0.000000 
0.000000 
0.000000 
0.000000 
0.000000 
0.001073 
0.002743 
0.004972 
0.006390 
0.009521 
0.010952 
0.009853 
0.012476 
0.013164 
0.011966 
0.015673 
0.015696 
0.016114 
0.013787 
0.013837 
0.009691 
0.011969 
0.014219 
0.019354 
0.022849 
0.026518 
0.030202 
0.027906 
0.037239 
0.034693 
0.035202 
0.044234 
0.053646 
0.068782 
0.076993 
0.109466 
0.093422 
0.106385 
0.119055 
0.102429 
0.110525 
0.100229 
0.102685 
0.063978 
0.060995 
0.042314 
0.042576 
0.038186 
0.039789 
0.035809 
0.037977 
0.039393 
0.033305 
0.030673 
0.018329 
0.013461 
0.007670 
0.005405 
0.003399 
0.000707 
0.000000 
0.000000 
0.000000 
0.000000 
0.000000 
0.000000 
0.000000 
0.000000 
0.000000 
0.000000 
0.000000 
0.000000 
0.000000 
0.000000 
0.000000 
0.000000 
0.000000 
0.000000 
0.000000 
0.000000 
0.000000 
0.000000 
0.000000 
0.000000 
0.000000 
0.000000 
0.000004 
0.000000 
0.000000 
0.000000 
0.000000 
0.000000 
0.000000 
0.000000 
0.000000 
0.000000 
0.000000 
0.000000 
0.000000 
0.000000 
0.000000 
0.000000 
0.000000 
0.000000 
0.000000 
0.000000 
0.000000 
0.000000 
0.000000 
0.000000 
0.000000 
0.000000 
0.000000 
0.000000 
0.000000 
0.000000 
0.000000 
0.000000 
0.000000 
0.000000 
0.000000 
0.000000 
0.000000 
0.000000 
0.000000 
0.000000 
0.000000 
0.000000 
0.000000 
0.000000 
0.000000 
0.000000 
0.000000 
0.000000 
0.000000 
0.000000 
0.000000 
0.000000 
0.000000 
0.000000 
0.000000 
0.000000 
0.000000 
0.000000 
0.000000 
0.000000 
0.000000 
0.000000 
0.000000 
0.000000 
0.000000 
0.000000 
0.000000 
0.000000 
0.000000 
0.000000 
0.000000 
0.000000 
0.000000 
0.000000 
0.000000 
0.000000 
0.000000 
0.000000 
0.000000 
0.000000 
0.000000 
0.000000 
0.000000 
0.000000 
0.000000 
0.000000 
0.000000 
0.000000 
0.000000 
0.000000 
0.000000 
0.000000 
0.000000 
0.000000 
0.000000 
0.000000 
0.000000 
0.000000 
0.000000 
0.000000 
0.000000 
0.000000 
0.000000 
0.000000 
0.000000 
0.000000 
0.000000 
0.000000 
0.000000 
0.000000 
0.000000 
0.000000 
0.000000 
0.000000 
0.000000 
0.000000 
0.000000 
0.000000 
0.000000 
0.000000 
0.000000 
0.000000 
0.000000 
0.000000 
0.000000 
0.000000 
0.000000 
0.000000 
0.000000 
0.000000 
0.000000 
0.000000 
0.000000 
0.000000 
0.000000 
0.000000 
0.000000 
0.000000 
0.000000 
0.000000 
0.000000 
0.000000 
0.000000 
0.000000 
0.000000 
0.000000 
0.000000 
0.000000 
0.000000 
0.000000 
0.000000 
0.000000 
0.000000 
0.000000 
0.000000 
0.000000 
0.000000 
0.000000 
0.000000 
0.000000 
0.000000 
0.000000 
0.000000 
0.000000 
0.000000 
0.000000 
0.000000 
0.000000 
0.000000 
0.000000 
0.000000 
0.000000 
0.000000 
0.000000 
0.000000 
0.000000 
0.000000 
0.000000 
0.000000 
0.000000 
0.000000 
0.000000 
0.000000 
0.000000 
0.000000 
0.000000 
0.000000 
0.000000 
0.000000 
0.000000 
0.000000 
0.000000 
0.000000 
0.000000 
0.000000 
0.000000 
0.000000 
0.000000 
0.000000 
0.000000 
0.000000 
0.000000 
0.000000 
0.000000 
0.000000 
0.000000 
0.000000 
0.000000 
0.000000 
0.000000 
0.000000 
0.000000 
0.000000 
0.000000 
0.000000 
0.000000 
0.000000 
0.000000 
0.000000 
0.000000 
0.000000 
0.000000 
0.000000 
0.000000 
0.000000 
0.000000 
0.000000 
0.000000 
0.000000 
0.000000 
0.000000 
0.000000 
0.000000 
0.000000 
0.000000 
0.000000 
0.000000 
0.000000 
0.000000 
0.000000 
0.000000 
0.000000 
0.000000 
0.000000 
0.000000 
0.000000 
0.000000 
0.000000 
0.000000 
0.000000 
0.000000 
0.000000 
0.000000 
0.000000 
0.000000 
0.000000 
0.000000 
0.000000 
0.000000 
0.000000 
0.000000 
0.000000 
0.000000 
0.000000 
0.000000 
0.000000 
0.000000 
0.000000 
0.000000 
0.000000 
0.000000 
0.000000 
0.000000 
0.000000 
0.000000 
0.000000 
0.000000 
0.000000 
0.000000 
0.000000 
0.000000 
0.000000 
0.000000 
0.000000 
0.000000 
0.000000 
0.000000 
0.000000 
0.000000 
0.000000 
0.000000 
0.000000 
0.000000 
0.000000 
0.000000 
0.000000 
