0.068000 
0.068000 
0.068000 
0.068000 
0.068000 
0.068000 
0.068000 
0.068000 
0.068000 
0.068000 
0.068000 
0.068000 
0.068000 
0.068000 
0.068000 
0.068000 
0.068000 
0.068000 
0.068000 
0.068000 
0.068000 
0.068000 
0.068000 
0.068000 
0.068000 
0.094347 
0.157173 
0.232160 
0.294987 
0.321333 
0.321333 
0.321333 
0.321333 
0.321333 
0.321333 
0.321333 
0.321333 
0.321333 
0.321333 
0.321333 
0.321333 
0.321333 
0.321333 
0.321333 
0.321333 
0.309417 
0.279503 
0.240348 
0.200706 
0.169333 
0.143230 
0.116154 
0.091996 
0.074647 
0.068000 
0.068000 
0.068000 
0.068000 
0.068000 
0.068000 
0.068000 
0.068000 
0.068000 
0.068000 
0.068000 
0.073948 
0.089470 
0.111085 
0.135311 
0.158667 
0.186737 
0.222206 
0.257239 
0.284004 
0.294667 
0.294667 
0.294667 
0.294667 
0.294667 
0.294667 
0.294667 
0.294667 
0.294667 
0.294667 
0.294667 
0.288719 
0.273197 
0.251582 
0.227356 
0.204000 
0.175930 
0.140461 
0.105427 
0.078662 
0.068000 
0.094347 
0.157173 
0.232160 
0.294987 
0.321333 
0.321333 
0.321333 
0.321333 
0.321333 
0.321333 
0.321333 
0.321333 
0.321333 
0.321333 
0.321333 
0.321333 
0.321333 
0.321333 
0.321333 
0.321333 
0.309417 
0.279503 
0.240348 
0.200706 
0.169333 
0.143230 
0.116154 
0.091996 
0.074647 
0.068000 
0.068000 
0.068000 
0.068000 
0.068000 
0.068000 
0.068000 
0.068000 
0.068000 
0.068000 
0.068000 
0.068000 
0.068000 
0.068000 
0.068000 
0.068000 
0.068000 
0.068000 
0.068000 
0.068000 
0.068000 
0.068000 
0.068000 
0.068000 
0.068000 
0.068000 
0.091573 
0.147787 
0.214880 
0.271093 
0.294667 
0.294667 
0.294667 
0.294667 
0.294667 
0.294667 
0.301314 
0.318662 
0.342820 
0.369897 
0.396000 
0.427373 
0.467014 
0.506170 
0.536083 
0.548000 
0.524427 
0.468213 
0.401120 
0.344907 
0.321333 
0.321333 
0.321333 
0.321333 
0.321333 
0.321333 
0.321333 
0.321333 
0.321333 
0.321333 
0.321333 
0.294987 
0.232160 
0.157173 
0.094347 
0.068000 
0.068000 
0.068000 
0.068000 
0.068000 
0.068000 
0.068000 
0.068000 
0.068000 
0.068000 
0.068000 
0.068000 
0.068000 
0.068000 
0.068000 
0.068000 
0.068000 
0.068000 
0.068000 
0.068000 
0.068000 
0.068000 
0.068000 
0.068000 
0.068000 
0.068000 
0.068000 
0.068000 
0.068000 
0.068000 
0.068000 
0.068000 
0.068000 
0.068000 
0.068000 
0.068000 
0.068000 
0.068000 
0.068000 
0.068000 
0.068000 
0.068000 
0.068000 
0.068000 
0.068000 
0.068000 
0.073231 
0.087319 
0.107858 
0.132443 
0.158667 
0.194214 
0.243312 
0.298369 
0.351796 
0.396000 
0.435528 
0.476189 
0.512286 
0.538122 
0.548000 
0.548000 
0.548000 
0.548000 
0.548000 
0.548000 
0.542052 
0.526530 
0.504915 
0.480689 
0.457333 
0.434926 
0.410785 
0.384247 
0.354650 
0.321333 
0.272332 
0.206674 
0.140183 
0.088683 
0.068000 
0.068000 
0.068000 
0.068000 
0.068000 
0.068000 
0.068000 
0.068000 
0.068000 
0.068000 
0.068000 
0.068000 
0.068000 
0.068000 
0.068000 
0.068000 
0.068000 
0.068000 
0.068000 
0.068000 
0.068000 
0.068000 
0.068000 
0.068000 
0.068000 
0.068000 
0.068000 
0.068000 
0.068000 
0.068000 
0.068000 
0.070394 
0.076994 
0.086931 
0.099334 
0.113333 
0.141476 
0.187607 
0.237801 
0.278129 
0.294667 
0.294667 
0.294667 
0.294667 
0.294667 
0.294667 
0.321013 
0.383840 
0.458827 
0.521653 
0.548000 
0.545606 
0.539006 
0.529069 
0.516666 
0.502667 
0.474524 
0.428393 
0.378199 
0.337871 
0.321333 
0.321333 
0.321333 
0.321333 
0.321333 
0.321333 
0.309417 
0.279503 
0.240348 
0.200706 
0.169333 
0.143230 
0.116154 
0.091996 
0.074647 
0.068000 
0.068000 
0.068000 
0.068000 
0.068000 
0.068000 
0.068000 
0.068000 
0.068000 
0.068000 
0.068000 
0.068000 
0.068000 
0.068000 
0.068000 
0.068000 
0.068000 
0.068000 
0.068000 
0.068000 
0.068000 
0.091573 
0.147787 
0.214880 
0.271093 
0.294667 
0.294667 
0.294667 
0.294667 
0.294667 
0.294667 
0.294667 
0.294667 
0.294667 
0.294667 
0.294667 
0.294667 
0.294667 
0.294667 
0.294667 
0.294667 
0.271093 
0.214880 
0.147787 
0.091573 
0.068000 
0.074647 
0.091996 
0.116154 
0.143230 
0.169333 
0.200706 
0.240348 
0.279503 
0.309417 
0.321333 
0.321333 
0.321333 
0.321333 
0.321333 
0.321333 
0.321333 
0.321333 
0.321333 
0.321333 
0.321333 
0.321333 
0.321333 
0.321333 
0.321333 
0.321333 
0.294987 
0.232160 
0.157173 
0.094347 
0.068000 
0.068000 
0.068000 
0.068000 
0.068000 
0.068000 
0.068000 
0.068000 
0.068000 
0.068000 
0.068000 
0.068000 
0.068000 
0.068000 
0.068000 
0.068000 
0.068000 
0.068000 
0.068000 
0.068000 
0.068000 
0.073948 
0.089470 
0.111085 
0.135311 
0.158667 
0.186737 
0.222206 
0.257239 
0.284004 
0.294667 
0.294667 
0.294667 
0.294667 
0.294667 
0.294667 
0.294667 
0.294667 
0.294667 
0.294667 
0.294667 
0.285237 
0.262752 
0.235915 
0.213429 
0.204000 
0.216203 
0.245301 
0.280032 
0.309131 
0.321333 
0.321333 
0.321333 
0.321333 
0.321333 
0.321333 
0.321333 
0.321333 
0.321333 
0.321333 
0.321333 
0.328883 
0.347661 
0.371865 
0.395690 
0.413333 
0.426400 
0.439314 
0.450494 
0.458360 
0.461333 
0.461333 
0.461333 
0.461333 
0.461333 
0.461333 
0.479083 
0.521408 
0.571925 
0.614251 
0.632000 
0.573344 
0.433472 
0.266528 
0.126656 
0.068000 
0.068000 
0.068000 
0.068000 
0.068000 
0.068000 
0.068000 
0.068000 
0.068000 
0.068000 
0.068000 
0.068000 
0.068000 
0.068000 
0.068000 
0.068000 
0.068000 
0.068000 
0.068000 
0.068000 
0.068000 
0.068000 
0.068000 
0.068000 
0.068000 
0.068000 
0.068000 
0.068000 
0.068000 
0.068000 
0.068000 
0.068000 
0.068000 
0.068000 
0.068000 
0.068000 
0.068000 
0.068000 
0.068000 
0.068000 
0.068000 
0.068000 
0.068000 
0.068000 
0.068000 
0.068000 
0.109750 
0.210424 
0.333156 
0.441081 
0.497333 
0.514204 
0.528220 
0.538866 
0.545631 
0.548000 
0.548000 
0.548000 
0.548000 
0.548000 
0.548000 
0.548000 
0.548000 
0.548000 
0.548000 
0.548000 
0.520535 
0.452486 
0.365370 
0.280702 
0.220000 
0.177602 
0.136582 
0.101562 
0.077161 
0.068000 
0.068000 
0.068000 
0.068000 
0.068000 
0.068000 
0.068000 
0.068000 
0.068000 
0.068000 
0.068000 
0.068000 
0.068000 
0.068000 
0.068000 
0.068000 
0.068000 
0.068000 
0.068000 
0.068000 
0.068000 
0.068000 
0.068000 
0.068000 
0.068000 
0.068000 
0.068000 
0.068000 
0.068000 
0.068000 
0.068000 
0.068000 
0.068000 
0.068000 
0.068000 
0.068000 
0.068000 
0.068000 
0.068000 
0.068000 
0.068000 
0.068000 
0.068000 
0.068000 
0.068000 
0.068000 
0.068000 
0.068000 
0.068000 
0.068000 
0.068000 
0.068000 
0.068000 
0.068000 
0.068000 
0.068000 
0.086483 
0.131556 
0.187654 
0.239213 
0.270667 
0.286313 
0.300175 
0.311281 
0.318658 
0.321333 
0.321333 
0.321333 
0.321333 
0.321333 
0.321333 
0.337259 
0.376363 
0.425638 
0.472075 
0.502667 
0.520778 
0.537455 
0.551210 
0.560555 
0.564000 
0.551243 
0.520821 
0.484512 
0.454091 
0.441333 
0.445771 
0.456352 
0.468981 
0.479563 
0.484000 
0.468543 
0.430803 
0.383724 
0.340252 
0.313333 
0.299449 
0.287060 
0.277080 
0.270422 
0.268000 
0.268000 
0.268000 
0.268000 
0.268000 
0.268000 
0.267537 
0.266184 
0.263996 
0.261028 
0.257333 
0.235058 
0.187780 
0.132707 
0.087044 
0.068000 
0.068000 
0.068000 
0.068000 
0.068000 
0.068000 
0.079917 
0.109830 
0.148986 
0.188627 
0.220000 
0.246103 
0.273180 
0.297338 
0.314686 
0.321333 
0.321333 
0.321333 
0.321333 
0.321333 
0.321333 
0.321333 
0.321333 
0.321333 
0.321333 
0.321333 
0.318658 
0.311281 
0.300175 
0.286313 
0.270667 
0.239213 
0.187654 
0.131556 
0.086483 
0.068000 
0.079667 
0.108869 
0.146903 
0.185070 
0.214667 
0.234958 
0.252273 
0.268509 
0.285564 
0.305333 
0.324844 
0.343194 
0.365388 
0.396432 
0.441333 
1.314145 
3.318098 
5.691966 
7.674520 
8.504533 
7.667662 
5.671390 
3.287234 
1.286710 
0.441333 
0.433229 
0.428711 
0.425578 
0.421630 
0.414667 
0.391303 
0.348903 
0.301384 
0.262666 
0.246667 
0.262752 
0.301109 
0.346891 
0.385248 
0.401333 
0.401333 
0.401333 
0.401333 
0.401333 
0.401333 
0.401982 
0.403920 
0.407134 
0.411610 
0.417333 
0.607418 
1.051719 
1.580337 
2.023375 
2.210933 
2.213804 
2.216043 
2.217647 
2.218611 
2.218933 
2.052922 
1.657047 
1.184553 
0.788678 
0.622667 
0.630790 
0.653116 
0.686581 
0.728119 
0.774667 
0.835594 
0.922681 
1.036477 
1.177534 
1.346400 
1.701332 
2.283128 
2.916151 
3.424765 
3.633333 
3.633333 
3.633333 
3.633333 
3.633333 
3.633333 
3.622048 
3.589344 
3.536949 
3.466592 
3.380000 
2.975307 
2.146400 
1.188640 
0.397387 
0.068000 
0.078662 
0.105427 
0.140461 
0.175930 
0.204000 
0.227356 
0.251582 
0.273197 
0.288719 
0.294667 
0.294667 
0.294667 
0.294667 
0.294667 
0.294667 
0.294667 
0.294667 
0.294667 
0.294667 
0.294667 
0.284004 
0.257239 
0.222206 
0.186737 
0.158667 
0.135311 
0.111085 
0.089470 
0.073948 
0.068000 
0.068000 
0.068000 
0.068000 
0.068000 
0.068000 
0.094347 
0.157173 
0.232160 
0.294987 
0.321333 
0.321333 
0.321333 
0.321333 
0.321333 
0.321333 
0.321333 
0.321333 
0.321333 
0.321333 
0.321333 
0.321333 
0.321333 
0.321333 
0.321333 
0.321333 
0.309417 
0.279503 
0.240348 
0.200706 
0.169333 
0.143230 
0.116154 
0.091996 
0.074647 
0.068000 
0.068000 
0.068000 
0.068000 
0.068000 
0.068000 
0.068000 
0.068000 
0.068000 
0.068000 
0.068000 
0.068000 
0.068000 
0.068000 
0.068000 
0.068000 
0.068000 
0.068000 
0.068000 
0.068000 
0.068000 
0.068000 
0.068000 
0.068000 
0.068000 
0.068000 
0.068000 
0.068000 
0.068000 
0.068000 
0.068000 
0.068000 
0.068000 
0.068000 
0.068000 
0.068000 
0.068000 
0.068000 
0.068000 
0.068000 
0.068000 
0.068000 
0.068000 
0.068000 
0.068000 
0.068000 
0.068000 
0.068000 
0.068000 
0.068000 
0.068000 
0.068000 
0.068000 
0.068000 
0.068000 
0.068000 
0.091573 
0.147787 
0.214880 
0.271093 
0.294667 
0.294667 
0.294667 
0.294667 
0.294667 
0.294667 
0.301314 
0.318662 
0.342820 
0.369897 
0.396000 
0.427373 
0.467014 
0.506170 
0.536083 
0.548000 
0.524427 
0.468213 
0.401120 
0.344907 
0.321333 
0.321333 
0.321333 
0.321333 
0.321333 
0.321333 
0.321333 
0.321333 
0.321333 
0.321333 
0.321333 
0.294987 
0.232160 
0.157173 
0.094347 
0.068000 
0.068000 
0.068000 
0.068000 
0.068000 
0.068000 
0.068000 
0.068000 
0.068000 
0.068000 
0.068000 
0.068000 
0.068000 
0.068000 
0.068000 
0.068000 
0.068000 
0.068000 
0.068000 
0.068000 
0.068000 
0.068000 
0.068000 
0.068000 
0.068000 
0.068000 
0.068000 
0.068000 
0.068000 
0.068000 
0.068000 
0.068000 
0.068000 
0.068000 
0.068000 
0.068000 
0.430151 
1.301759 
2.360558 
3.284283 
3.750667 
3.871216 
3.970258 
4.044758 
4.091684 
4.108000 
3.903140 
3.405355 
2.789841 
2.231791 
1.906400 
1.762718 
1.637973 
1.539630 
1.475151 
1.452000 
1.468779 
1.508789 
1.556544 
1.596555 
1.613333 
1.592145 
1.541619 
1.481314 
1.430788 
1.409600 
1.412682 
1.421022 
1.433261 
1.448040 
1.464000 
1.490388 
1.530033 
1.571951 
1.605157 
1.618667 
1.613397 
1.600832 
1.585835 
1.573269 
1.568000 
1.601659 
1.689051 
1.809800 
1.943531 
2.069867 
2.215228 
2.394326 
2.569223 
2.701983 
2.754667 
2.627093 
2.322880 
1.959787 
1.655573 
1.528000 
1.534346 
1.550068 
1.570190 
1.589737 
1.603733 
1.613486 
1.622915 
1.630960 
1.636564 
1.638667 
1.638667 
1.638667 
1.638667 
1.638667 
1.638667 
1.640331 
1.644299 
1.649035 
1.653003 
1.654667 
1.643296 
1.616181 
1.583819 
1.556704 
1.545333 
1.567674 
1.621314 
1.686185 
1.742214 
1.769333 
1.774820 
1.779266 
1.782569 
1.784625 
1.785333 
1.781861 
1.772784 
1.760110 
1.745846 
1.732000 
1.715104 
1.693565 
1.672208 
1.655856 
1.649333 
1.662368 
1.693451 
1.730549 
1.761632 
1.774667 
1.756363 
1.712715 
1.660619 
1.616971 
1.598667 
1.602952 
1.614510 
1.631392 
1.651650 
1.673333 
1.708052 
1.759392 
1.813372 
1.856013 
1.873333 
1.844765 
1.774188 
1.684295 
1.597780 
1.537333 
1.497941 
1.461310 
1.430214 
1.407430 
1.395733 
1.390890 
1.386900 
1.383893 
1.381994 
1.381333 
1.589123 
2.095840 
2.726501 
3.306126 
3.659733 
3.835626 
3.991468 
4.116325 
4.199258 
4.229333 
4.228007 
4.224074 
4.217604 
4.208667 
4.197333 
4.080144 
3.805650 
3.451938 
3.097093 
2.819200 
2.592110 
2.359180 
2.152754 
2.005179 
1.948800 
1.974869 
2.037035 
2.111232 
2.173397 
2.199467 
2.194807 
2.183697 
2.170436 
2.159326 
2.154667 
2.168469 
2.204352 
2.254027 
2.309205 
2.361600 
2.422536 
2.498084 
2.572070 
2.628322 
2.650667 
2.614438 
2.525766 
2.414676 
2.311191 
2.245333 
2.214431 
2.192268 
2.173556 
2.153008 
2.125333 
2.085494 
2.034855 
1.977735 
1.918455 
1.861333 
1.799363 
1.729638 
1.662632 
1.608818 
1.578667 
1.566320 
1.557714 
1.551015 
1.544388 
1.536000 
1.525771 
1.514824 
1.503124 
1.490638 
1.477333 
1.459951 
1.438352 
1.417177 
1.401068 
1.394667 
1.520243 
1.819695 
2.177105 
2.476557 
2.602133 
2.576788 
2.512807 
2.428271 
2.341264 
2.269867 
2.206623 
2.139059 
2.077730 
2.033192 
2.016000 
2.017621 
2.021662 
2.026892 
2.032082 
2.036000 
2.039003 
2.042010 
2.044636 
2.046495 
2.047200 
1.985161 
1.837220 
1.660646 
1.512706 
1.450667 
1.476097 
1.537624 
1.613103 
1.680388 
1.717333 
1.730872 
1.742341 
1.751199 
1.756910 
1.758933 
1.749615 
1.727394 
1.700873 
1.678652 
1.669333 
1.672107 
1.678720 
1.686613 
1.693227 
1.696000 
1.687680 
1.667840 
1.644160 
1.624320 
1.616000 
1.627513 
1.655553 
1.690370 
1.722214 
1.741333 
1.749108 
1.754421 
1.758780 
1.763693 
1.770667 
1.784154 
1.804013 
1.824862 
1.841318 
1.848000 
1.844117 
1.834859 
1.823808 
1.814549 
1.810667 
1.824205 
1.856615 
1.895590 
1.928821 
1.944000 
1.945867 
1.947354 
1.948441 
1.949107 
1.949333 
1.942841 
1.927297 
1.908599 
1.892645 
1.885333 
1.884559 
1.884133 
1.883827 
1.883414 
1.882667 
1.880212 
1.875106 
1.867759 
1.858587 
1.848000 
1.826023 
1.789749 
1.750197 
1.718386 
1.705333 
1.738613 
1.817973 
1.912693 
1.992053 
2.025333 
1.999346 
1.935852 
1.856552 
1.783145 
1.737333 
1.713264 
1.691706 
1.674289 
1.662644 
1.658400 
1.660202 
1.664788 
1.670925 
1.677384 
1.682933 
1.687073 
1.690627 
1.694351 
1.699002 
1.705333 
1.721344 
1.748788 
1.779054 
1.803528 
1.813600 
1.812602 
1.810221 
1.807379 
1.804998 
1.804000 
1.807883 
1.817141 
1.828192 
1.837451 
1.841333 
1.837618 
1.827946 
1.814532 
1.799590 
1.785333 
1.768580 
1.747686 
1.727169 
1.711545 
1.705333 
2.540023 
4.530438 
6.906095 
8.896510 
9.731200 
8.876620 
6.835546 
4.391975 
2.329905 
1.433333 
1.391897 
1.366678 
1.348844 
1.329562 
1.300000 
1.244055 
1.164541 
1.080999 
1.012972 
0.980000 
0.971789 
0.965122 
0.960161 
0.957067 
0.956000 
0.964875 
0.986037 
1.011296 
1.032459 
1.041333 
1.033568 
1.015051 
0.992949 
0.974432 
0.966667 
0.966667 
0.966667 
0.966667 
0.966667 
0.966667 
0.990261 
1.054304 
1.148683 
1.263285 
1.388000 
