0.048000 
0.048000 
0.048000 
0.048000 
0.048000 
0.048000 
0.048000 
0.048000 
0.048000 
0.048000 
0.048000 
0.048000 
0.048000 
0.048000 
0.048000 
0.048000 
0.048000 
0.048000 
0.048000 
0.048000 
0.048000 
0.048000 
0.048000 
0.048000 
0.048000 
0.048000 
0.048000 
0.048000 
0.048000 
0.048000 
0.048000 
0.048000 
0.048000 
0.048000 
0.048000 
0.048000 
0.048000 
0.048000 
0.048000 
0.048000 
0.054333 
0.070859 
0.093873 
0.119666 
0.144533 
0.174420 
0.212184 
0.249484 
0.277981 
0.289333 
0.289333 
0.289333 
0.289333 
0.289333 
0.289333 
0.289333 
0.289333 
0.289333 
0.289333 
0.289333 
0.289333 
0.289333 
0.289333 
0.289333 
0.289333 
0.264235 
0.204384 
0.132949 
0.073099 
0.048000 
0.048000 
0.048000 
0.048000 
0.048000 
0.048000 
0.048000 
0.048000 
0.048000 
0.048000 
0.048000 
0.048000 
0.048000 
0.048000 
0.048000 
0.048000 
0.048000 
0.048000 
0.048000 
0.048000 
0.048000 
0.048000 
0.048000 
0.048000 
0.048000 
0.048000 
0.048000 
0.048000 
0.048000 
0.048000 
0.048000 
0.048000 
0.048000 
0.048000 
0.048000 
0.048000 
0.050548 
0.057576 
0.068156 
0.081362 
0.096267 
0.126231 
0.175347 
0.228788 
0.271726 
0.289333 
0.289333 
0.289333 
0.289333 
0.289333 
0.289333 
0.289333 
0.289333 
0.289333 
0.289333 
0.289333 
0.289333 
0.289333 
0.289333 
0.289333 
0.289333 
0.271726 
0.228788 
0.175347 
0.126231 
0.096267 
0.081362 
0.068156 
0.057576 
0.050548 
0.048000 
0.048000 
0.048000 
0.048000 
0.048000 
0.048000 
0.048000 
0.048000 
0.048000 
0.048000 
0.048000 
0.048000 
0.048000 
0.048000 
0.048000 
0.048000 
0.048000 
0.048000 
0.048000 
0.048000 
0.048000 
0.048000 
0.048000 
0.048000 
0.048000 
0.048000 
0.048000 
0.048000 
0.048000 
0.048000 
0.048000 
0.048000 
0.048000 
0.048000 
0.048000 
0.048000 
0.048000 
0.048000 
0.048000 
0.048000 
0.048000 
0.048000 
0.048000 
0.048000 
0.048000 
0.048000 
0.048000 
0.048000 
0.048000 
0.048000 
0.048000 
0.054333 
0.070859 
0.093873 
0.119666 
0.144533 
0.174420 
0.212184 
0.249484 
0.277981 
0.289333 
0.289333 
0.289333 
0.289333 
0.289333 
0.289333 
0.289333 
0.289333 
0.289333 
0.289333 
0.289333 
0.289333 
0.289333 
0.289333 
0.289333 
0.289333 
0.264235 
0.204384 
0.132949 
0.073099 
0.048000 
0.048000 
0.048000 
0.048000 
0.048000 
0.048000 
0.048000 
0.048000 
0.048000 
0.048000 
0.048000 
0.048000 
0.048000 
0.048000 
0.048000 
0.048000 
0.048000 
0.048000 
0.048000 
0.048000 
0.048000 
0.048000 
0.048000 
0.048000 
0.048000 
0.048000 
0.048000 
0.048000 
0.048000 
0.048000 
0.048000 
0.048000 
0.048000 
0.048000 
0.048000 
0.048000 
0.048000 
0.048000 
0.048000 
0.048000 
0.048000 
0.048000 
0.048000 
0.048000 
0.048000 
0.048000 
0.048000 
0.048000 
0.048000 
0.048000 
0.048000 
0.054333 
0.070859 
0.093873 
0.119666 
0.144533 
0.174420 
0.212184 
0.249484 
0.277981 
0.289333 
0.289333 
0.289333 
0.289333 
0.289333 
0.289333 
0.289333 
0.289333 
0.289333 
0.289333 
0.289333 
0.289333 
0.289333 
0.289333 
0.289333 
0.289333 
0.264235 
0.204384 
0.132949 
0.073099 
0.048000 
0.048000 
0.048000 
0.048000 
0.048000 
0.048000 
0.048000 
0.048000 
0.048000 
0.048000 
0.048000 
0.048000 
0.048000 
0.048000 
0.048000 
0.048000 
0.048000 
0.048000 
0.048000 
0.048000 
0.048000 
0.048000 
0.048000 
0.048000 
0.048000 
0.048000 
0.048000 
0.048000 
0.048000 
0.048000 
0.048000 
0.048000 
0.048000 
0.048000 
0.048000 
0.048000 
0.048000 
0.048000 
0.048000 
0.048000 
0.048000 
0.065608 
0.108546 
0.161987 
0.211103 
0.241067 
0.255971 
0.269177 
0.279757 
0.286785 
0.289333 
0.289333 
0.289333 
0.289333 
0.289333 
0.289333 
0.289333 
0.289333 
0.289333 
0.289333 
0.289333 
0.283001 
0.266474 
0.243461 
0.217667 
0.192800 
0.162913 
0.125149 
0.087849 
0.059352 
0.048000 
0.048000 
0.048000 
0.048000 
0.048000 
0.048000 
0.048000 
0.048000 
0.048000 
0.048000 
0.048000 
0.048000 
0.048000 
0.048000 
0.048000 
0.048000 
0.048000 
0.048000 
0.048000 
0.048000 
0.048000 
0.048000 
0.048000 
0.048000 
0.048000 
0.048000 
0.048000 
0.048000 
0.048000 
0.048000 
0.048000 
0.048000 
0.048000 
0.048000 
0.048000 
0.048000 
0.048000 
0.048000 
0.048000 
0.048000 
0.048000 
0.048000 
0.048000 
0.048000 
0.048000 
0.048000 
0.048000 
0.048000 
0.048000 
0.048000 
0.048000 
0.538784 
1.715393 
3.134209 
4.351617 
4.924000 
5.012817 
5.078817 
5.127315 
5.163626 
5.193067 
5.218703 
5.240386 
5.258612 
5.273874 
5.286667 
5.298607 
5.310126 
5.319942 
5.326772 
5.329333 
4.837205 
3.663669 
2.262997 
1.089461 
0.597333 
0.665668 
0.828621 
1.023113 
1.186065 
1.254400 
1.165958 
0.955059 
0.703341 
0.492442 
0.404000 
0.535533 
0.878588 
1.355851 
1.890004 
2.403733 
3.017913 
3.791601 
4.554760 
5.137350 
5.369333 
5.365451 
5.356192 
5.345141 
5.335883 
5.332000 
5.335051 
5.342325 
5.351008 
5.358283 
5.361333 
5.156746 
4.668467 
4.084722 
3.593735 
3.383733 
3.377627 
3.372853 
3.369425 
3.367359 
3.366667 
3.579326 
4.086436 
4.691697 
5.198807 
5.411467 
5.405862 
5.391315 
5.371224 
5.348986 
5.328000 
5.310887 
5.295200 
5.276736 
5.251292 
5.214667 
4.958959 
4.384642 
3.650072 
2.913606 
2.333600 
1.854997 
1.363022 
0.926456 
0.614077 
0.494667 
0.499143 
0.511297 
0.529212 
0.550974 
0.574667 
0.611668 
0.666479 
0.726870 
0.780609 
0.815467 
0.836252 
0.854955 
0.870119 
0.880287 
0.884000 
0.882059 
0.877429 
0.871904 
0.867275 
0.865333 
0.865333 
0.865333 
0.865333 
0.865333 
0.865333 
0.862703 
0.855511 
0.844808 
0.831644 
0.817067 
0.790370 
0.748305 
0.703108 
0.667017 
0.652267 
0.659172 
0.675639 
0.695294 
0.711761 
0.718667 
0.713952 
0.702709 
0.689291 
0.678048 
0.673333 
1.026362 
1.886702 
2.956234 
3.936840 
4.530400 
4.819920 
5.075506 
5.279692 
5.415012 
5.464000 
5.459008 
5.447104 
5.432896 
5.420992 
5.416000 
5.585728 
5.990464 
6.473536 
6.878272 
7.048000 
6.509927 
5.206539 
3.604081 
2.168797 
1.366933 
1.055617 
0.790099 
0.583814 
0.450192 
0.402667 
0.455565 
0.601437 
0.821046 
1.095157 
1.404533 
2.026492 
3.045992 
4.155258 
5.046519 
5.412000 
5.412000 
5.412000 
5.412000 
5.412000 
5.412000 
5.412000 
5.412000 
5.412000 
5.412000 
5.412000 
5.361545 
5.222064 
5.011384 
4.747332 
4.447733 
3.831705 
2.811644 
1.695305 
0.790439 
0.404800 
0.383613 
0.366990 
0.355014 
0.347767 
0.345333 
0.345333 
0.345333 
0.345333 
0.345333 
0.345333 
0.348384 
0.355659 
0.364341 
0.371616 
0.374667 
0.371616 
0.364341 
0.355659 
0.348384 
0.345333 
0.802522 
1.912570 
3.283196 
4.522122 
5.237067 
5.543555 
5.808469 
6.016565 
6.152601 
6.201333 
6.200991 
6.199966 
6.198258 
6.195869 
6.192800 
5.551559 
4.027376 
2.209333 
0.686514 
0.048000 
0.048000 
0.048000 
0.048000 
0.048000 
0.048000 
0.048000 
0.048000 
0.048000 
0.048000 
0.048000 
0.048000 
0.048000 
0.048000 
0.048000 
0.048000 
0.658549 
2.114475 
3.852192 
5.308117 
5.918667 
5.517532 
4.560979 
3.419287 
2.462735 
2.061600 
2.316166 
2.941011 
3.727853 
4.468410 
4.954400 
5.239823 
5.502103 
5.718099 
5.864668 
5.918667 
5.318157 
3.886172 
2.177028 
0.745043 
0.144533 
0.159593 
0.195503 
0.238364 
0.274274 
0.289333 
0.289333 
0.289333 
0.289333 
0.289333 
0.289333 
0.289333 
0.289333 
0.289333 
0.289333 
0.289333 
0.289333 
0.289333 
0.289333 
0.289333 
0.289333 
0.264235 
0.204384 
0.132949 
0.073099 
0.048000 
0.048000 
0.048000 
0.048000 
0.048000 
0.048000 
0.048000 
0.048000 
0.048000 
0.048000 
0.048000 
0.048000 
0.048000 
0.048000 
0.048000 
0.048000 
0.048000 
0.048000 
0.048000 
0.048000 
0.048000 
0.048000 
0.048000 
0.048000 
0.048000 
0.048000 
0.048000 
0.048000 
0.048000 
0.048000 
0.048000 
0.048000 
0.048000 
0.048000 
0.048000 
0.048000 
0.048000 
0.048000 
0.048000 
0.048000 
0.048000 
0.048000 
0.048000 
0.048000 
0.048000 
0.048000 
0.048000 
0.048000 
0.048000 
0.048000 
0.048000 
0.048000 
0.048000 
0.048000 
0.048000 
0.048000 
0.048000 
0.048000 
0.048000 
0.048000 
0.048000 
0.650946 
2.091078 
3.815337 
5.270664 
5.904000 
5.938351 
5.965330 
5.984787 
5.996572 
6.000533 
5.667963 
4.855613 
3.841520 
2.903725 
2.320267 
2.015944 
1.743781 
1.524153 
1.377434 
1.324000 
1.330656 
1.346528 
1.365472 
1.381344 
1.388000 
1.313664 
1.130645 
0.898927 
0.678495 
0.529333 
0.436054 
0.348881 
0.276214 
0.226454 
0.208000 
0.376212 
0.781757 
1.275996 
1.710290 
1.936000 
1.990721 
2.021938 
2.045847 
2.078647 
2.136533 
2.514205 
3.317305 
4.278449 
5.130253 
5.605333 
5.791695 
5.950350 
6.073424 
6.153044 
6.181333 
6.107682 
5.914299 
5.642542 
5.333768 
5.029333 
4.718119 
4.364722 
3.974080 
3.551127 
3.100800 
2.504809 
1.752257 
1.009167 
0.441562 
0.215467 
0.216003 
0.217523 
0.219895 
0.222987 
0.226667 
0.237502 
0.257656 
0.280393 
0.298975 
0.306667 
0.301675 
0.289771 
0.275563 
0.263659 
0.258667 
0.267069 
0.288385 
0.316780 
0.346419 
0.371467 
0.394823 
0.420427 
0.444008 
0.461290 
0.468000 
0.468000 
0.468000 
0.468000 
0.468000 
0.468000 
0.468000 
0.468000 
0.468000 
0.468000 
0.468000 
0.823069 
1.685560 
2.751396 
3.716501 
4.276800 
4.521188 
4.732969 
4.899675 
5.008841 
5.048000 
5.048000 
5.048000 
5.048000 
5.048000 
5.048000 
5.059204 
5.085922 
5.117811 
5.144529 
5.155733 
4.805373 
3.951661 
2.890648 
1.918389 
1.330933 
1.045688 
0.794083 
0.593208 
0.460150 
0.412000 
0.417131 
0.429365 
0.443968 
0.456203 
0.461333 
0.453906 
0.436108 
0.414664 
0.396297 
0.387733 
0.386435 
0.385396 
0.384632 
0.384161 
0.384000 
0.384000 
0.384000 
0.384000 
0.384000 
0.384000 
0.384000 
0.384000 
0.384000 
0.384000 
0.384000 
0.384000 
0.384000 
0.384000 
0.384000 
0.384000 
0.383013 
0.380358 
0.376488 
0.371862 
0.366933 
0.359176 
0.347804 
0.335884 
0.326482 
0.322667 
0.331236 
0.351671 
0.376062 
0.396497 
0.405067 
0.393030 
0.364329 
0.330071 
0.301370 
0.289333 
0.289333 
0.289333 
0.289333 
0.289333 
0.289333 
0.289333 
0.289333 
0.289333 
0.289333 
0.289333 
0.289333 
0.289333 
0.289333 
0.289333 
0.289333 
0.271726 
0.228788 
0.175347 
0.126231 
0.096267 
0.081362 
0.068156 
0.057576 
0.050548 
0.048000 
0.071794 
0.128663 
0.196835 
0.254537 
0.280000 
0.281569 
0.282418 
0.283016 
0.283831 
0.285333 
0.292674 
0.308195 
0.328152 
0.348802 
0.366400 
0.382987 
0.401103 
0.417752 
0.429939 
0.434667 
0.434667 
0.434667 
0.434667 
0.434667 
0.434667 
0.432157 
0.425505 
0.416027 
0.405042 
0.393867 
0.381361 
0.366128 
0.349094 
0.331187 
0.313333 
0.292138 
0.266928 
0.242717 
0.224514 
0.217333 
0.220172 
0.227077 
0.235628 
0.243409 
0.248000 
0.249715 
0.250784 
0.251661 
0.252803 
0.254667 
0.258607 
0.265812 
0.276487 
0.290837 
0.309067 
0.365118 
0.481874 
0.642951 
0.831965 
1.032533 
1.257203 
1.531167 
1.857009 
2.237314 
2.674667 
3.392651 
4.429794 
5.511091 
6.361539 
6.706133 
6.705469 
6.703553 
6.700503 
6.696436 
6.691467 
6.680296 
6.657915 
6.624879 
6.581745 
6.529067 
6.425103 
6.237554 
5.981132 
5.670554 
5.320533 
4.700324 
3.748974 
2.735889 
1.930473 
1.602133 
1.611202 
1.632828 
1.658639 
1.680265 
1.689333 
1.676021 
1.644277 
1.606389 
1.574645 
1.561333 
1.603867 
1.705574 
1.827615 
1.931148 
1.977333 
1.980776 
1.982654 
1.983983 
1.985781 
1.989067 
2.008225 
2.047593 
2.093115 
2.130736 
2.146400 
2.102110 
1.991226 
1.846727 
1.701592 
1.588800 
1.497862 
1.404840 
1.322540 
1.263769 
1.241333 
1.408565 
1.807349 
2.283317 
2.682101 
2.849333 
2.682219 
2.281388 
1.797607 
1.381644 
1.184267 
1.149629 
1.121736 
1.101136 
1.088375 
1.084000 
1.088965 
1.103107 
1.125301 
1.154419 
1.189333 
1.256106 
1.378315 
1.551112 
1.769645 
2.029067 
2.628692 
3.656179 
4.789186 
5.705373 
6.082400 
6.044392 
5.951523 
5.835525 
5.728129 
5.661067 
5.632367 
5.613920 
5.598250 
5.577879 
5.545333 
5.470667 
5.333842 
5.142244 
4.903258 
4.624267 
4.040553 
3.077005 
2.025420 
1.177597 
0.825333 
0.818827 
0.813753 
0.810118 
0.807931 
0.807200 
0.815841 
0.836782 
0.862548 
0.885668 
0.898667 
0.903049 
0.905917 
0.908193 
0.910802 
0.914667 
0.919745 
0.926062 
0.934639 
0.946500 
0.962667 
1.147110 
1.559953 
2.046439 
2.451818 
2.621333 
2.442567 
2.013566 
1.495283 
1.048666 
0.834667 
0.794278 
0.761656 
0.737495 
0.722489 
0.717333 
0.956412 
1.556936 
2.343842 
3.142062 
3.776533 
4.307739 
4.859975 
5.353887 
5.710124 
5.849333 
5.852565 
5.854361 
5.855607 
5.857192 
5.860000 
5.869866 
5.888020 
5.908440 
5.925107 
5.932000 
5.344162 
3.938919 
2.253675 
0.825833 
0.192800 
0.141584 
0.101154 
0.071852 
0.054020 
0.048000 
0.048000 
0.048000 
0.048000 
0.048000 
0.048000 
0.048000 
0.048000 
0.048000 
0.048000 
0.048000 
0.048000 
0.048000 
0.048000 
0.048000 
0.048000 
0.048000 
0.048000 
0.048000 
0.048000 
0.048000 
0.048000 
0.048000 
0.048000 
0.048000 
0.048000 
0.048000 
0.048000 
0.048000 
0.048000 
0.048000 
0.048000 
0.048000 
0.048000 
0.048000 
0.048000 
0.048000 
0.048000 
0.048000 
0.048000 
0.048000 
0.048000 
0.048000 
0.048000 
0.048000 
0.048000 
0.048000 
0.048000 
0.048000 
0.048000 
0.048000 
0.048000 
0.048000 
0.048000 
0.048000 
0.048000 
0.048000 
0.048000 
0.048000 
0.048000 
0.048000 
0.282402 
0.841361 
1.508506 
2.067465 
2.301867 
2.125677 
1.705532 
1.204068 
0.783923 
0.607733 
0.966487 
1.842502 
2.935406 
3.944829 
4.570400 
4.892388 
5.178380 
5.408977 
5.564783 
5.626400 
5.632499 
5.635849 
5.638204 
5.641315 
5.646933 
5.672755 
5.723547 
5.781668 
5.829477 
5.849333 
5.460151 
4.532102 
3.424431 
2.496382 
2.107200 
2.113281 
2.131191 
2.160435 
2.200515 
2.250933 
2.686429 
3.644770 
4.770003 
5.706175 
6.097333 
6.068787 
5.997093 
5.903165 
5.807918 
5.732267 
5.681430 
5.640547 
5.600417 
5.551835 
5.485600 
5.386164 
5.243513 
5.056739 
4.824937 
4.547200 
3.959467 
2.993251 
1.941008 
1.095195 
0.748267 
0.752533 
0.763348 
0.777737 
0.792724 
0.805333 
0.817000 
0.829738 
0.841443 
0.850010 
0.853333 
0.843765 
0.820949 
0.793717 
0.770901 
0.761333 
0.763063 
0.767804 
0.774879 
0.783614 
0.793333 
0.804439 
0.819210 
0.839788 
0.868316 
0.906933 
1.421884 
2.588229 
3.971339 
5.136583 
5.649333 
5.683523 
5.706208 
5.722438 
5.737263 
5.755733 
5.781613 
5.811544 
5.839895 
5.861035 
5.869333 
5.867778 
5.863130 
5.855421 
5.844678 
5.830933 
5.332520 
4.164132 
2.770338 
1.595704 
1.084800 
1.060849 
1.046832 
1.036950 
1.025406 
1.006400 
0.960549 
0.886887 
0.807244 
0.743449 
0.717333 
0.720331 
0.728459 
0.740422 
0.754923 
0.770667 
0.796542 
0.835467 
0.877188 
0.911450 
0.928000 
0.931929 
0.935114 
0.937482 
0.938958 
0.939467 
0.926876 
0.896851 
0.861015 
0.830991 
0.818400 
0.831471 
0.868333 
0.925459 
0.999324 
1.086400 
