0.068000 
0.068000 
0.068000 
0.068000 
0.068000 
0.068000 
0.068000 
0.068000 
0.068000 
0.068000 
0.068000 
0.068000 
0.068000 
0.068000 
0.068000 
0.068000 
0.068000 
0.068000 
0.068000 
0.068000 
0.068000 
0.068000 
0.068000 
0.068000 
0.068000 
0.068000 
0.068000 
0.068000 
0.068000 
0.068000 
0.068000 
0.068000 
0.068000 
0.068000 
0.068000 
0.068000 
0.068000 
0.068000 
0.068000 
0.068000 
0.068000 
0.068000 
0.068000 
0.068000 
0.068000 
0.068000 
0.068000 
0.068000 
0.068000 
0.068000 
0.069985 
0.075460 
0.083702 
0.093989 
0.105600 
0.128942 
0.167204 
0.208835 
0.242284 
0.256000 
0.256000 
0.256000 
0.256000 
0.256000 
0.256000 
0.256000 
0.256000 
0.256000 
0.256000 
0.256000 
0.254015 
0.248540 
0.240298 
0.230011 
0.218400 
0.195058 
0.156796 
0.115165 
0.081716 
0.068000 
0.068000 
0.068000 
0.068000 
0.068000 
0.068000 
0.068000 
0.068000 
0.068000 
0.068000 
0.068000 
0.068000 
0.068000 
0.068000 
0.068000 
0.068000 
0.068000 
0.068000 
0.068000 
0.068000 
0.068000 
0.068000 
0.068000 
0.068000 
0.068000 
0.068000 
0.068000 
0.068000 
0.068000 
0.068000 
0.068000 
0.068000 
0.068000 
0.068000 
0.068000 
0.068000 
0.068000 
0.068000 
0.068000 
0.068000 
0.068000 
0.068000 
0.068000 
0.068000 
0.068000 
0.068000 
0.068000 
0.068000 
0.068000 
0.068000 
0.068000 
0.068000 
0.068000 
0.068000 
0.068000 
0.068000 
0.068000 
0.068000 
0.068000 
0.068000 
0.068000 
0.068000 
0.068000 
0.068000 
0.068000 
0.068000 
0.068000 
0.068000 
0.068000 
0.068000 
0.068000 
0.072933 
0.085807 
0.103735 
0.123828 
0.143200 
0.166482 
0.195900 
0.224957 
0.247156 
0.256000 
0.256000 
0.256000 
0.256000 
0.256000 
0.256000 
0.256000 
0.256000 
0.256000 
0.256000 
0.256000 
0.251067 
0.238193 
0.220265 
0.200172 
0.180800 
0.157518 
0.128100 
0.099043 
0.076844 
0.068000 
0.068000 
0.068000 
0.068000 
0.068000 
0.068000 
0.068000 
0.068000 
0.068000 
0.068000 
0.068000 
0.068000 
0.068000 
0.068000 
0.068000 
0.068000 
0.068000 
0.068000 
0.068000 
0.068000 
0.068000 
0.068000 
0.068000 
0.068000 
0.068000 
0.068000 
0.068000 
0.068000 
0.068000 
0.068000 
0.068000 
0.068000 
0.068000 
0.068000 
0.068000 
0.068000 
0.068000 
0.068000 
0.068000 
0.068000 
0.068000 
0.068000 
0.068000 
0.068000 
0.068000 
0.068000 
0.068000 
0.068000 
0.068000 
0.068000 
0.068000 
0.068000 
0.068000 
0.068000 
0.068000 
0.068000 
0.068000 
0.068000 
0.068000 
0.068000 
0.068000 
0.072043 
0.083841 
0.102898 
0.128716 
0.160800 
0.329799 
0.688615 
1.120132 
1.507233 
1.732800 
1.829240 
1.907921 
1.970168 
2.017308 
2.050667 
2.076763 
2.100079 
2.118879 
2.131431 
2.136000 
1.951418 
1.507055 
0.966982 
0.495273 
0.256000 
0.192695 
0.140602 
0.101361 
0.076614 
0.068000 
0.068000 
0.068000 
0.068000 
0.068000 
0.068000 
0.068000 
0.068000 
0.068000 
0.068000 
0.068000 
0.068000 
0.068000 
0.068000 
0.068000 
0.068000 
0.068000 
0.068000 
0.068000 
0.068000 
0.068000 
0.068000 
0.068000 
0.068000 
0.068000 
0.068000 
0.068000 
0.068000 
0.068000 
0.068000 
0.068000 
0.068000 
0.068000 
0.068000 
0.068000 
0.068000 
0.068000 
0.068000 
0.068000 
0.068000 
0.068000 
0.068000 
0.068000 
0.068000 
0.068000 
0.068000 
0.068000 
0.068000 
0.068000 
0.068000 
0.068000 
0.068000 
0.068000 
0.068000 
0.068000 
0.068000 
0.068000 
0.068000 
0.068000 
0.068000 
0.068000 
0.087552 
0.134176 
0.189824 
0.236448 
0.256000 
0.256000 
0.256000 
0.256000 
0.256000 
0.256000 
0.256000 
0.256000 
0.256000 
0.256000 
0.256000 
0.256000 
0.256000 
0.256000 
0.256000 
0.256000 
0.236448 
0.189824 
0.134176 
0.087552 
0.068000 
0.068000 
0.068000 
0.068000 
0.068000 
0.068000 
0.068000 
0.068000 
0.068000 
0.068000 
0.068000 
0.068000 
0.068000 
0.068000 
0.068000 
0.068000 
0.068000 
0.068000 
0.068000 
0.068000 
0.068000 
0.068000 
0.068000 
0.068000 
0.068000 
0.068000 
0.068000 
0.068000 
0.068000 
0.068000 
0.068000 
0.068000 
0.068000 
0.068000 
0.068000 
0.068000 
0.068000 
0.068000 
0.068000 
0.068000 
0.068000 
0.068000 
0.068000 
0.068000 
0.068000 
0.068000 
0.068000 
0.068000 
0.068000 
0.068000 
0.068000 
0.069985 
0.075460 
0.083702 
0.093989 
0.105600 
0.128942 
0.167204 
0.208835 
0.242284 
0.256000 
0.256000 
0.256000 
0.256000 
0.256000 
0.256000 
0.442985 
0.889060 
1.421910 
1.869218 
2.058667 
2.061442 
2.063606 
2.065156 
2.066089 
2.066400 
1.858566 
1.362963 
0.771437 
0.275834 
0.068000 
0.068000 
0.068000 
0.068000 
0.068000 
0.068000 
0.068000 
0.068000 
0.068000 
0.068000 
0.068000 
0.068000 
0.068000 
0.068000 
0.068000 
0.068000 
0.068000 
0.068000 
0.068000 
0.068000 
0.068000 
0.068000 
0.068000 
0.068000 
0.068000 
0.068000 
0.068000 
0.068000 
0.068000 
0.068000 
0.068000 
0.068000 
0.068000 
0.068000 
0.068000 
0.068000 
0.068000 
0.068000 
0.068000 
0.068000 
0.068000 
0.068000 
0.068000 
0.068000 
0.068000 
0.068000 
0.076844 
0.099043 
0.128100 
0.157518 
0.180800 
0.200172 
0.220265 
0.238193 
0.251067 
0.256000 
0.256000 
0.256000 
0.256000 
0.256000 
0.256000 
0.256000 
0.256000 
0.256000 
0.256000 
0.256000 
0.247156 
0.224957 
0.195900 
0.166482 
0.143200 
0.123828 
0.103735 
0.085807 
0.072933 
0.068000 
0.068000 
0.068000 
0.068000 
0.068000 
0.068000 
0.068000 
0.068000 
0.068000 
0.068000 
0.068000 
0.068000 
0.068000 
0.068000 
0.068000 
0.068000 
0.068000 
0.068000 
0.068000 
0.068000 
0.068000 
0.253536 
0.695968 
1.224032 
1.666464 
1.852000 
1.852000 
1.852000 
1.852000 
1.852000 
1.852000 
1.853985 
1.859460 
1.867702 
1.877989 
1.889600 
1.904159 
1.924854 
1.953310 
1.991151 
2.040000 
2.198064 
2.511038 
2.901780 
3.293148 
3.608000 
3.877278 
4.156591 
4.405798 
4.584759 
4.653333 
4.651769 
4.647135 
4.639524 
4.629027 
4.615733 
4.507787 
4.251332 
3.903464 
3.521277 
3.161867 
2.801363 
2.399389 
1.988280 
1.600372 
1.268000 
0.955152 
0.634046 
0.349364 
0.145788 
0.068000 
0.068000 
0.068000 
0.068000 
0.068000 
0.068000 
0.068878 
0.071082 
0.073967 
0.076888 
0.079200 
0.081123 
0.083119 
0.084899 
0.086177 
0.086667 
0.086667 
0.086667 
0.086667 
0.086667 
0.086667 
0.245079 
0.622833 
1.073700 
1.451454 
1.609867 
1.459774 
1.101860 
0.674673 
0.316759 
0.166667 
0.186219 
0.232843 
0.288491 
0.335115 
0.354667 
0.354667 
0.354667 
0.354667 
0.354667 
0.354667 
0.354667 
0.354667 
0.354667 
0.354667 
0.354667 
0.354667 
0.354667 
0.354667 
0.354667 
0.354667 
0.335115 
0.288491 
0.232843 
0.186219 
0.166667 
0.166667 
0.166667 
0.166667 
0.166667 
0.166667 
0.166667 
0.166667 
0.166667 
0.166667 
0.166667 
0.165502 
0.162724 
0.159409 
0.156631 
0.155467 
0.164186 
0.186658 
0.217358 
0.250758 
0.281333 
0.314349 
0.353569 
0.391215 
0.419507 
0.430667 
0.430667 
0.430667 
0.430667 
0.430667 
0.430667 
0.430667 
0.430667 
0.430667 
0.430667 
0.430667 
0.430667 
0.430667 
0.430667 
0.430667 
0.430667 
0.418492 
0.389459 
0.354807 
0.325775 
0.313600 
0.329242 
0.366541 
0.411059 
0.448358 
0.464000 
0.464000 
0.464000 
0.464000 
0.464000 
0.464000 
0.444406 
0.396898 
0.338387 
0.285784 
0.256000 
0.245863 
0.239369 
0.234184 
0.227973 
0.218400 
0.195058 
0.156796 
0.115165 
0.081716 
0.068000 
0.068000 
0.068000 
0.068000 
0.068000 
0.068000 
0.068000 
0.068000 
0.068000 
0.068000 
0.068000 
0.068000 
0.068000 
0.068000 
0.068000 
0.068000 
0.068000 
0.068000 
0.068000 
0.068000 
0.068000 
0.068000 
0.068000 
0.068000 
0.068000 
0.068000 
0.068000 
0.068000 
0.068000 
0.068000 
0.068000 
0.068000 
0.068000 
0.068000 
0.068000 
0.068000 
0.068000 
0.068000 
0.068000 
0.068000 
0.068000 
0.068000 
0.068000 
0.068000 
0.068000 
0.068000 
0.068000 
0.068000 
0.068000 
0.068000 
0.068000 
0.068000 
0.068000 
0.068000 
0.068000 
0.068000 
0.068000 
0.068000 
0.068000 
0.068000 
0.068000 
0.087552 
0.134176 
0.189824 
0.236448 
0.256000 
0.256000 
0.256000 
0.256000 
0.256000 
0.256000 
0.256000 
0.256000 
0.256000 
0.256000 
0.256000 
0.256000 
0.256000 
0.256000 
0.256000 
0.256000 
0.236448 
0.189824 
0.134176 
0.087552 
0.068000 
0.068000 
0.068000 
0.068000 
0.068000 
0.068000 
0.068000 
0.068000 
0.068000 
0.068000 
0.068000 
0.068000 
0.068000 
0.068000 
0.068000 
0.068000 
0.068000 
0.068000 
0.068000 
0.068000 
0.068000 
0.068000 
0.068000 
0.068000 
0.068000 
0.068000 
0.068000 
0.068000 
0.068000 
0.068000 
0.068000 
0.068000 
0.068000 
0.068000 
0.068000 
0.068000 
0.068000 
0.068000 
0.068000 
0.068000 
0.068000 
0.068000 
0.068000 
0.068000 
0.068000 
0.068000 
0.068000 
0.068000 
0.068000 
0.068000 
0.068000 
0.068000 
0.068000 
0.068000 
0.068000 
0.068000 
0.068000 
0.068000 
0.068000 
0.068000 
0.068000 
0.068000 
0.068000 
0.068000 
0.068000 
0.068000 
0.068000 
0.068000 
0.068000 
0.068000 
0.068000 
0.068000 
0.068000 
0.068000 
0.068000 
0.068000 
0.068000 
0.068000 
0.068000 
0.068000 
0.068000 
0.068000 
0.068000 
0.068000 
0.068000 
0.068000 
0.068000 
0.068000 
0.068000 
0.068000 
0.068000 
0.068000 
0.068000 
0.068000 
0.068000 
0.068000 
0.068000 
0.068000 
0.068000 
0.068000 
0.068000 
0.068000 
0.068000 
0.068000 
0.068000 
0.068000 
0.068000 
0.068000 
0.068000 
0.068000 
0.068000 
0.068000 
0.068000 
0.068000 
0.068000 
0.068000 
0.068000 
0.068000 
0.068000 
0.068000 
0.068000 
0.068000 
0.068000 
0.068000 
0.068000 
0.068000 
0.068000 
0.068000 
0.068000 
0.068000 
0.068000 
0.081716 
0.115165 
0.156796 
0.195058 
0.218400 
0.230011 
0.240298 
0.248540 
0.254015 
0.256000 
0.256000 
0.256000 
0.256000 
0.256000 
0.256000 
0.256000 
0.256000 
0.256000 
0.256000 
0.256000 
0.242284 
0.208835 
0.167204 
0.128942 
0.105600 
0.093989 
0.083702 
0.075460 
0.069985 
0.068000 
0.068000 
0.068000 
0.068000 
0.068000 
0.068000 
0.068000 
0.068000 
0.068000 
0.068000 
0.068000 
0.068000 
0.068000 
0.068000 
0.068000 
0.068000 
0.068000 
0.068000 
0.068000 
0.068000 
0.068000 
0.068000 
0.068000 
0.068000 
0.068000 
0.068000 
0.068000 
0.068000 
0.068000 
0.068000 
0.068000 
0.068000 
0.068000 
0.068000 
0.068000 
0.068000 
0.068000 
0.068000 
0.068000 
0.068000 
0.068000 
0.068000 
0.068000 
0.068000 
0.068000 
0.068000 
0.068000 
0.068000 
0.068000 
0.068000 
0.068000 
0.068000 
0.068000 
0.068000 
0.068000 
0.068000 
0.068000 
0.068000 
0.068000 
0.068000 
0.068000 
0.087552 
0.134176 
0.189824 
0.236448 
0.256000 
0.256000 
0.256000 
0.256000 
0.256000 
0.256000 
0.256000 
0.256000 
0.256000 
0.256000 
0.256000 
0.256000 
0.256000 
0.256000 
0.256000 
0.256000 
0.236448 
0.189824 
0.134176 
0.087552 
0.068000 
0.068000 
0.068000 
0.068000 
0.068000 
0.068000 
0.068000 
0.068000 
0.068000 
0.068000 
0.068000 
0.068000 
0.068000 
0.068000 
0.068000 
0.068000 
0.082846 
0.119686 
0.166969 
0.213146 
0.246667 
0.270620 
0.293981 
0.314031 
0.328055 
0.333333 
0.332224 
0.329579 
0.326421 
0.323776 
0.322667 
0.324469 
0.328768 
0.333899 
0.338197 
0.340000 
0.332678 
0.315219 
0.294381 
0.276922 
0.269600 
0.270094 
0.271553 
0.273937 
0.277210 
0.281333 
0.313813 
0.386895 
0.477658 
0.563179 
0.620533 
0.652820 
0.679469 
0.702054 
0.722150 
0.741333 
0.758774 
0.773754 
0.788014 
0.803293 
0.821333 
0.848000 
0.882667 
0.917333 
0.944000 
0.954667 
0.943738 
0.915864 
0.878414 
0.838759 
0.804267 
0.772223 
0.737711 
0.704793 
0.677535 
0.660000 
0.650407 
0.643396 
0.637660 
0.631897 
0.624800 
0.614450 
0.601626 
0.589070 
0.579525 
0.575733 
0.587825 
0.616659 
0.651074 
0.679908 
0.692000 
0.692000 
0.692000 
0.692000 
0.692000 
0.692000 
0.692000 
0.692000 
0.692000 
0.692000 
0.692000 
0.690893 
0.687761 
0.682890 
0.676563 
0.669067 
0.650793 
0.617654 
0.578212 
0.541029 
0.514667 
0.496428 
0.479108 
0.464508 
0.454427 
0.450667 
0.458548 
0.478792 
0.506295 
0.535954 
0.562667 
0.588791 
0.617753 
0.646053 
0.670191 
0.686667 
0.697895 
0.708072 
0.716368 
0.721954 
0.724000 
0.723536 
0.722182 
0.719992 
0.717024 
0.713333 
0.691532 
0.645379 
0.591647 
0.547107 
0.528533 
0.666423 
0.995238 
1.387695 
1.716510 
1.854400 
1.702310 
1.339635 
0.906765 
0.544090 
0.392000 
0.402304 
0.427745 
0.460113 
0.491201 
0.512800 
0.527022 
0.540518 
0.551890 
0.559739 
0.562667 
0.559288 
0.550770 
0.539541 
0.528031 
0.518667 
0.512186 
0.506902 
0.501605 
0.495085 
0.486133 
0.464725 
0.428961 
0.389821 
0.358285 
0.345333 
0.345807 
0.347181 
0.349384 
0.352347 
0.356000 
0.370153 
0.399482 
0.436214 
0.472578 
0.500800 
0.522287 
0.542824 
0.561203 
0.576219 
0.586667 
0.593265 
0.598150 
0.602243 
0.606464 
0.611733 
0.619686 
0.629830 
0.639890 
0.647594 
0.650667 
0.635607 
0.599697 
0.556836 
0.520926 
0.505867 
0.514500 
0.535766 
0.562716 
0.588399 
0.605867 
0.614676 
0.620568 
0.625869 
0.632904 
0.644000 
0.693665 
0.791993 
0.904689 
0.997456 
1.036000 
1.001222 
0.918291 
0.819309 
0.736378 
0.701600 
0.710170 
0.730605 
0.754995 
0.775430 
0.784000 
0.771104 
0.740352 
0.703648 
0.672896 
0.660000 
0.685515 
0.746357 
0.818976 
0.879819 
0.905333 
0.901451 
0.892192 
0.881141 
0.871883 
0.868000 
0.869896 
0.875182 
0.883254 
0.893505 
0.905333 
0.930428 
0.973081 
1.021586 
1.064238 
1.089333 
1.099522 
1.106495 
1.112107 
1.118213 
1.126667 
1.141710 
1.162767 
1.184461 
1.201420 
1.208267 
1.205666 
1.198748 
1.188837 
1.177257 
1.165333 
1.152351 
1.136744 
1.118563 
1.097854 
1.074667 
1.039631 
0.991385 
0.941990 
0.903508 
0.888000 
0.891883 
0.901141 
0.912192 
0.921451 
0.925333 
0.917728 
0.898943 
0.875028 
0.852031 
0.836000 
0.825377 
0.815276 
0.806753 
0.800864 
0.798667 
0.800998 
0.807443 
0.817175 
0.829369 
0.843200 
0.871757 
0.919068 
0.970714 
1.012275 
1.029333 
1.024896 
1.014315 
1.001685 
0.991104 
0.986667 
1.798615 
3.734801 
6.045732 
7.981918 
8.793867 
7.988661 
6.064254 
3.757464 
1.805107 
0.944000 
0.880698 
0.830798 
0.794683 
0.772734 
0.765333 
0.767968 
0.774251 
0.781749 
0.788032 
0.790667 
0.756903 
0.675276 
0.575276 
0.486398 
0.438133 
0.421125 
0.406778 
0.395737 
0.388641 
0.386133 
0.391603 
0.406244 
0.427404 
0.452429 
0.478667 
0.514843 
0.564738 
0.618277 
0.665389 
0.696000 
0.714074 
0.729848 
0.742666 
0.751869 
0.756800 
0.758847 
0.760139 
0.761128 
0.762264 
0.764000 
0.767053 
0.771442 
0.776572 
0.781846 
0.786667 
0.791699 
0.797341 
0.802601 
0.806485 
0.808000 
0.807508 
0.806043 
0.803624 
0.800270 
0.796000 
0.717266 
0.536344 
0.321989 
0.142956 
0.068000 
0.074086 
0.090770 
0.115691 
0.146488 
0.180800 
0.245452 
0.348599 
0.459873 
0.548907 
0.585333 
0.585333 
0.585333 
0.585333 
0.585333 
0.585333 
0.593515 
0.613024 
0.636309 
0.655819 
0.664000 
0.661615 
0.654242 
0.641555 
0.623228 
0.598933 
