0.000000 
0.000000 
0.000000 
0.000000 
0.000000 
0.000000 
0.000000 
0.000000 
0.000000 
0.000000 
0.000000 
0.000000 
0.000000 
0.000000 
0.000000 
0.000000 
0.000000 
0.000000 
0.000000 
0.000000 
0.000000 
0.000000 
0.000000 
0.000000 
0.000000 
0.000000 
0.000000 
0.000000 
0.000000 
0.000000 
0.000000 
0.000000 
0.000000 
0.000000 
0.000000 
0.000000 
0.000000 
0.000000 
0.000000 
0.000000 
0.000000 
0.000000 
0.000000 
0.000000 
0.000000 
0.000000 
0.000000 
0.000000 
0.000000 
0.000000 
0.000000 
0.000000 
0.000000 
0.000000 
0.000000 
0.000000 
0.000000 
0.000000 
0.000000 
0.000000 
0.000000 
0.000000 
0.000000 
0.000000 
0.000000 
0.000000 
0.000000 
0.000000 
0.000000 
0.000000 
0.000000 
0.000000 
0.000000 
0.000000 
0.000000 
0.000000 
0.000000 
0.000000 
0.000000 
0.000000 
0.000000 
0.000000 
0.000000 
0.000000 
0.000000 
0.000000 
0.000000 
0.000000 
0.000000 
0.000000 
0.000000 
0.000000 
0.000000 
0.000000 
0.000000 
0.000000 
0.000000 
0.000000 
0.000000 
0.000000 
0.000000 
0.000000 
0.000000 
0.000000 
0.000000 
0.000000 
0.000000 
0.000000 
0.000000 
0.000000 
0.000000 
0.000000 
0.000000 
0.000000 
0.000000 
0.000000 
0.000000 
0.000000 
0.000000 
0.000000 
0.000000 
0.000000 
0.000000 
0.000000 
0.000000 
0.000000 
0.000000 
0.000000 
0.000000 
0.000000 
0.000000 
0.000000 
0.000000 
0.000000 
0.000000 
0.000000 
0.000000 
0.000000 
0.000000 
0.000000 
0.000000 
0.000000 
0.000000 
0.000000 
0.000000 
0.000000 
0.000000 
0.000000 
0.000000 
0.000000 
0.000000 
0.000000 
0.000000 
0.000000 
0.000000 
0.000000 
0.000000 
0.000000 
0.000000 
0.000000 
0.000000 
0.000000 
0.000000 
0.000000 
0.000000 
0.000000 
0.000000 
0.000000 
0.000000 
0.000000 
0.000000 
0.000000 
0.000000 
0.000000 
0.000000 
0.000000 
0.000000 
0.000000 
0.000000 
0.000000 
0.000000 
0.000000 
0.000000 
0.000000 
0.000000 
0.000000 
0.000000 
0.000000 
0.000000 
0.000000 
0.000000 
0.000000 
0.000000 
0.000000 
0.000000 
0.000000 
0.000000 
0.000000 
0.000000 
0.000000 
0.000000 
0.000000 
0.000000 
0.000000 
0.000000 
0.000000 
0.000000 
0.000000 
0.000000 
0.000000 
0.000000 
0.000000 
0.000000 
0.000000 
0.000000 
0.000000 
0.000000 
0.000000 
0.000000 
0.000000 
0.000000 
0.000000 
0.000000 
0.000000 
0.000000 
0.000000 
0.000000 
0.000000 
0.000000 
0.000000 
0.000000 
0.000000 
0.000000 
0.000000 
0.000000 
0.000000 
0.000000 
0.000000 
0.000000 
0.000000 
0.000000 
0.000000 
0.000000 
0.000000 
0.000000 
0.000000 
0.000000 
0.000000 
0.000000 
0.000000 
0.000000 
0.000000 
0.000000 
0.000000 
0.000000 
0.000000 
0.000000 
0.000000 
0.000000 
0.000000 
0.000000 
0.000000 
0.000000 
0.000000 
0.000000 
0.000000 
0.000000 
0.000000 
0.000000 
0.000000 
0.000000 
0.000000 
0.000000 
0.000000 
0.000000 
0.000000 
0.000000 
0.000000 
0.000000 
0.000000 
0.000000 
0.000000 
0.000000 
0.000000 
0.000000 
0.000000 
0.000000 
0.000000 
0.000000 
0.000000 
0.000000 
0.000000 
0.000000 
0.000000 
0.000000 
0.000000 
0.000000 
0.000000 
0.000000 
0.000000 
0.000000 
0.000000 
0.000000 
0.000000 
0.000000 
0.000000 
0.000000 
0.000000 
0.000000 
0.000000 
0.000000 
0.000000 
0.000000 
0.000000 
0.000000 
0.000000 
0.000000 
0.000000 
0.000000 
0.000000 
0.000000 
0.000000 
0.000000 
0.000000 
0.000000 
0.000000 
0.000000 
0.000000 
0.000000 
0.000000 
0.000000 
0.000000 
0.000000 
0.000000 
0.000000 
0.000000 
0.000000 
0.000000 
0.000000 
0.000000 
0.000000 
0.000000 
0.000000 
0.000000 
0.000000 
0.000000 
0.000000 
0.000000 
0.000000 
0.000000 
0.000000 
0.000000 
0.000000 
0.000000 
0.000000 
0.000000 
0.000000 
0.000000 
0.000000 
0.000000 
0.000000 
0.000000 
0.000000 
0.000000 
0.000000 
0.000000 
0.000000 
0.000000 
0.000000 
0.000000 
0.000000 
0.000000 
0.000000 
0.000000 
0.000000 
0.000000 
0.000000 
0.000000 
0.000000 
0.000000 
0.000000 
0.000000 
0.000000 
0.000000 
0.000000 
0.000000 
0.000000 
0.000000 
0.000000 
0.000000 
0.000000 
0.000000 
0.000000 
0.000000 
0.000000 
0.000000 
0.000000 
0.000000 
0.000000 
0.000000 
0.000000 
0.000000 
0.000000 
0.000000 
0.000000 
0.000000 
0.000000 
0.000000 
0.000000 
0.000000 
0.000000 
0.000000 
0.000000 
0.000000 
0.000000 
0.000000 
0.000000 
0.000000 
0.000000 
0.000000 
0.000000 
0.002127 
0.006936 
0.010716 
0.012191 
0.013216 
0.011676 
0.009837 
0.010801 
0.008351 
0.011166 
0.014515 
0.024409 
0.023662 
0.038047 
0.036739 
0.045817 
0.043457 
0.047712 
0.052018 
0.053835 
0.043508 
0.052911 
0.062585 
0.052828 
0.051041 
0.062758 
0.075863 
0.075569 
0.073098 
0.072988 
0.072643 
0.067472 
0.078797 
0.070050 
0.080259 
0.085326 
0.086860 
0.100202 
0.097229 
0.098241 
0.102886 
0.066755 
0.060228 
0.055492 
0.028686 
0.001047 
0.000000 
0.000000 
0.000000 
0.000000 
0.000000 
0.009927 
0.032219 
0.044451 
0.064536 
0.079142 
0.069965 
0.072986 
0.082109 
0.080843 
0.082486 
0.086879 
0.085239 
0.074808 
0.075197 
0.074597 
0.082149 
0.083161 
0.084295 
0.070426 
0.089987 
0.069308 
0.080103 
0.075082 
0.096915 
0.099322 
0.099572 
0.097974 
0.084441 
0.097611 
0.077914 
0.060087 
0.054431 
0.044669 
0.052421 
0.082856 
0.082322 
0.084927 
0.100891 
0.091814 
0.074264 
0.038205 
0.005340 
0.000000 
0.000000 
0.000000 
0.000000 
0.000000 
0.000000 
0.000000 
0.000000 
0.000000 
0.006119 
0.029158 
0.059406 
0.091164 
0.090194 
0.107075 
0.124439 
0.127881 
0.127101 
0.128587 
0.127999 
0.145583 
0.132002 
0.138961 
0.142112 
0.128233 
0.103115 
0.155397 
0.128186 
0.128286 
0.134792 
0.129992 
0.127389 
0.140862 
0.160361 
0.157036 
0.145661 
0.143822 
0.155558 
0.095052 
0.148245 
0.146757 
0.160986 
0.160957 
0.152817 
0.143373 
0.163885 
0.180598 
0.154354 
0.154266 
0.174038 
0.157793 
0.139747 
0.125771 
0.165185 
0.167394 
0.161795 
0.169295 
0.158220 
0.148921 
0.142224 
0.158844 
0.137145 
0.190768 
0.202563 
0.168703 
0.168574 
0.139531 
0.173555 
0.219069 
0.184752 
0.166439 
0.159380 
0.195838 
0.173064 
0.175726 
0.189668 
0.182011 
0.169410 
0.199338 
0.174434 
0.209345 
0.194256 
0.144927 
0.122208 
0.071283 
0.052509 
0.054380 
0.070124 
0.075300 
0.092811 
0.120248 
0.112437 
0.194448 
0.171259 
0.213001 
0.207027 
0.170763 
0.232595 
0.190638 
0.198019 
0.183933 
0.148739 
0.159783 
0.124338 
0.127956 
0.085393 
0.062490 
0.047072 
0.030346 
0.018581 
0.016276 
0.030998 
0.099101 
0.146038 
0.211469 
0.216450 
0.255675 
0.184270 
0.205750 
0.185602 
0.204469 
0.162602 
0.146505 
0.093643 
0.081747 
0.087824 
0.095308 
0.119103 
0.160245 
0.194197 
0.261450 
0.260783 
0.228864 
0.211869 
0.226831 
0.216676 
0.231141 
0.170455 
0.183035 
0.172180 
0.178019 
0.155509 
0.141994 
0.222605 
0.270738 
0.202861 
0.236443 
0.227266 
0.168594 
0.154404 
0.107302 
0.084162 
0.031202 
0.000000 
0.000000 
0.000000 
0.000000 
0.000000 
0.000000 
0.000000 
0.000000 
0.000000 
0.000770 
0.068284 
0.103529 
0.152890 
0.149539 
0.172955 
0.187209 
0.233653 
0.178118 
0.196414 
0.220293 
0.208111 
0.218461 
0.218937 
0.260225 
0.209146 
0.218055 
0.222086 
0.243018 
0.241408 
0.218477 
0.192743 
0.226816 
0.258522 
0.198360 
0.221387 
0.209948 
0.257446 
0.192813 
0.165301 
0.124564 
0.038011 
0.000000 
0.000000 
0.000000 
0.000000 
0.000000 
0.009516 
0.024864 
0.043815 
0.051783 
0.068517 
0.083390 
0.071768 
0.067988 
0.050224 
0.019880 
0.001505 
0.000000 
0.001583 
0.026188 
0.051192 
0.082458 
0.099153 
0.119788 
0.155307 
0.140136 
0.177289 
0.168562 
0.128955 
0.104595 
0.067372 
0.025941 
0.008639 
0.006643 
0.011740 
0.012341 
0.013497 
0.017585 
0.017038 
0.011617 
0.005554 
0.000273 
0.000000 
0.001117 
0.008624 
0.018841 
0.025424 
0.044620 
0.049741 
0.058431 
0.066286 
0.087869 
0.088166 
0.099696 
0.108051 
0.163611 
0.241393 
0.220942 
0.223951 
0.192428 
0.221653 
0.165348 
0.166474 
0.160117 
0.092489 
0.058113 
0.018928 
0.000000 
0.000000 
0.000000 
0.000000 
0.000000 
0.000000 
0.000000 
0.000000 
0.019202 
0.051207 
0.084571 
0.115913 
0.145729 
0.215007 
0.225890 
0.224865 
0.279505 
0.218793 
0.283540 
0.237314 
0.246659 
0.230945 
0.217384 
0.203853 
0.241169 
0.239637 
0.214195 
0.260672 
0.180420 
0.233496 
0.265613 
0.214776 
0.217499 
0.191697 
0.215493 
0.163621 
0.208656 
0.225676 
0.206313 
0.244686 
0.247421 
0.230680 
0.256836 
0.227190 
0.254265 
0.236642 
0.229211 
0.231248 
0.249126 
0.166767 
0.207789 
0.185942 
0.167601 
0.148861 
0.149673 
0.142394 
0.185601 
0.199892 
0.196321 
0.214149 
0.227674 
0.202111 
0.203303 
0.221989 
0.211062 
0.204189 
0.255735 
0.244297 
0.223019 
0.193203 
0.253516 
0.229070 
0.228359 
0.212361 
0.218071 
0.224999 
0.237153 
0.232444 
0.176620 
0.147873 
0.165241 
0.135710 
0.107065 
0.105576 
0.098991 
0.080224 
0.105889 
0.117423 
0.158874 
0.199211 
0.200593 
0.192162 
0.181520 
0.222668 
0.222330 
0.243769 
0.216394 
0.226403 
0.204211 
0.163848 
0.178489 
0.196402 
0.208455 
0.202145 
0.218649 
0.225541 
0.197898 
0.213643 
0.143213 
0.164446 
0.193751 
0.153694 
0.150815 
0.155048 
0.136167 
0.130290 
0.167773 
0.138820 
0.112821 
0.118383 
0.127582 
0.124196 
0.149457 
0.156358 
0.162763 
0.183309 
0.155643 
0.191423 
0.163930 
0.149857 
0.183738 
0.138168 
0.113402 
0.071296 
0.025736 
0.005522 
0.001690 
0.000000 
0.000000 
0.000000 
0.000000 
0.000000 
0.000000 
0.000000 
0.000000 
0.000000 
0.000000 
0.000000 
0.000000 
0.000000 
0.004172 
0.011919 
0.028872 
0.039942 
0.074420 
0.090028 
0.079510 
0.119280 
0.125608 
0.156983 
0.127020 
0.160955 
0.164688 
0.172402 
0.140706 
0.111396 
0.098669 
0.097738 
0.064234 
0.075127 
0.061054 
0.064085 
0.053262 
0.044518 
0.039080 
0.043439 
0.046473 
0.051747 
0.062701 
0.067904 
0.084268 
0.086799 
0.120819 
0.143805 
0.178014 
0.202259 
0.196013 
0.158093 
0.184606 
0.163571 
0.182181 
0.179084 
0.135422 
0.118016 
0.082718 
0.100366 
0.078460 
0.094048 
0.077722 
0.092996 
0.094145 
0.082435 
0.085218 
0.083038 
0.082521 
0.083016 
0.095726 
0.109673 
0.110752 
0.140845 
0.128138 
0.135626 
0.116598 
0.133162 
0.145349 
0.132935 
0.128430 
0.100765 
0.092328 
0.059538 
0.052022 
0.077218 
0.083412 
0.105794 
0.097642 
0.102931 
0.111673 
0.087661 
0.069793 
0.047404 
0.035972 
0.052279 
0.050088 
0.055253 
0.054873 
0.066354 
0.070146 
0.060798 
0.055001 
0.054334 
0.044974 
0.052339 
0.049413 
0.043838 
0.042166 
0.055230 
0.043070 
0.036682 
0.035163 
0.028676 
0.025052 
0.025134 
0.020172 
0.014660 
0.010652 
0.007763 
0.006151 
0.002800 
0.000204 
0.000000 
0.000000 
0.000000 
0.000000 
0.000000 
0.000000 
0.000000 
0.000000 
0.000000 
0.000000 
0.000000 
0.000000 
0.000000 
0.000000 
0.000000 
0.000000 
0.000000 
0.000000 
0.000000 
0.000000 
0.000000 
0.000000 
0.000000 
0.000000 
0.000000 
0.000000 
0.000000 
0.000000 
0.000000 
0.000000 
0.000816 
0.002250 
0.003509 
0.005383 
0.006999 
0.007570 
0.008747 
0.009562 
0.011378 
0.010857 
0.012126 
0.009710 
0.010019 
0.010137 
0.010858 
0.008661 
0.010064 
0.010450 
0.013456 
0.014131 
0.020715 
0.023269 
0.024087 
0.028953 
0.029325 
0.029920 
0.029378 
0.046859 
0.051827 
0.071442 
0.085961 
0.094480 
0.075152 
0.085057 
0.092401 
0.072070 
0.080866 
0.078209 
0.059661 
0.055343 
0.041276 
0.034469 
0.027937 
0.037341 
0.024728 
0.033047 
0.035756 
0.025970 
0.021941 
0.018094 
0.011819 
0.008889 
0.005982 
0.003536 
0.002312 
0.001424 
0.000181 
0.000000 
0.000000 
0.000000 
0.000000 
0.000000 
0.000000 
0.000000 
0.000000 
0.000665 
0.000989 
0.000897 
0.000433 
0.000000 
0.000000 
0.000000 
0.000000 
0.000000 
0.000000 
0.000000 
0.000000 
0.000000 
0.000000 
0.000599 
0.001279 
0.002016 
0.001510 
0.001010 
0.000175 
0.000000 
0.000000 
0.000000 
0.000000 
0.000000 
0.000000 
0.000000 
0.000000 
0.000000 
0.000000 
0.000000 
0.000000 
0.000000 
0.000000 
0.000000 
0.000000 
0.000000 
0.000000 
0.000000 
0.000000 
0.000000 
0.000000 
0.000000 
0.000000 
0.000000 
0.000000 
0.000000 
0.000000 
0.000000 
0.000000 
0.000000 
0.000000 
0.000000 
0.000000 
0.000000 
0.000000 
0.000000 
0.000000 
0.000000 
0.000000 
0.000000 
0.000000 
0.000000 
0.000000 
0.000000 
0.000000 
0.000000 
0.000000 
0.000000 
0.000000 
0.000000 
0.000000 
0.000000 
0.000000 
0.000000 
0.000000 
0.000000 
0.000000 
0.000000 
0.000000 
0.000000 
0.000000 
0.000000 
0.000000 
0.000000 
0.000000 
0.000000 
0.000000 
0.000000 
0.000000 
0.000000 
0.000000 
0.000000 
0.000000 
0.000000 
0.000000 
0.000000 
0.000000 
0.000000 
0.000000 
0.000000 
0.000000 
0.000000 
0.000000 
0.000000 
0.000000 
0.000000 
0.000000 
0.000000 
0.000000 
0.000000 
0.000000 
0.000000 
0.000000 
0.000000 
0.000000 
0.000000 
0.000000 
0.000000 
0.000000 
0.000000 
0.000000 
0.000000 
0.000000 
0.000000 
0.000000 
0.000000 
0.000000 
0.000000 
0.000000 
0.000000 
0.000000 
0.000000 
0.000000 
0.000000 
0.000000 
0.000000 
0.000000 
0.000000 
0.000000 
0.000000 
0.000000 
0.000000 
0.000000 
0.000000 
0.000000 
0.000000 
0.000000 
0.000000 
0.000000 
0.000000 
0.000000 
0.000000 
0.000000 
0.000000 
0.000000 
0.000000 
0.000000 
0.000000 
0.000000 
0.000000 
0.000000 
0.000000 
0.000000 
0.000000 
0.000000 
0.000000 
0.000000 
0.000000 
0.000000 
0.000000 
0.000000 
0.000000 
0.000000 
0.000000 
0.000000 
0.000000 
0.000000 
0.000000 
0.000000 
0.000000 
0.000000 
0.000000 
0.000000 
0.000000 
0.000000 
0.000000 
0.000000 
0.000000 
0.000000 
0.000000 
0.000000 
0.000000 
0.000000 
0.000000 
0.000000 
0.000000 
0.000000 
0.000000 
0.000000 
0.000000 
0.000000 
0.000000 
0.000000 
0.000000 
0.000000 
0.000000 
0.000000 
0.000000 
0.000000 
0.000000 
0.000000 
0.000000 
0.000000 
0.000000 
0.000000 
0.000000 
0.000000 
0.000000 
0.000000 
0.000000 
0.000000 
0.000000 
0.000000 
0.000000 
0.000000 
0.000000 
0.000000 
0.000000 
0.000000 
0.000000 
0.000000 
0.000000 
0.000000 
0.000000 
0.000000 
0.000000 
0.000000 
0.000000 
0.000000 
0.000000 
0.000000 
0.000000 
0.000000 
0.000000 
0.000000 
0.000000 
0.000000 
0.000000 
0.000000 
0.000000 
0.000000 
0.000000 
0.000000 
0.000000 
0.000000 
0.000000 
0.000000 
0.000000 
0.000000 
0.000000 
0.000000 
0.000000 
0.000000 
0.000000 
0.000000 
0.000000 
0.000000 
0.000000 
0.000000 
0.000000 
0.000000 
0.000000 
0.000000 
0.000000 
0.000000 
0.000000 
0.000000 
0.000000 
0.000000 
0.000000 
0.000000 
0.000000 
0.000000 
0.000000 
0.000000 
0.000000 
0.000000 
0.000000 
0.000000 
0.000000 
0.000000 
0.000000 
0.000000 
0.000000 
0.000000 
0.000000 
0.000000 
0.000000 
0.000000 
0.000000 
0.000000 
0.000000 
0.000000 
0.000000 
0.000000 
0.000000 
0.000000 
0.000000 
0.000000 
0.000000 
0.000000 
