0.069333 
0.069333 
0.069333 
0.069333 
0.069333 
0.069333 
0.069333 
0.069333 
0.069333 
0.069333 
0.069333 
0.069333 
0.069333 
0.069333 
0.069333 
0.069333 
0.069333 
0.069333 
0.069333 
0.069333 
0.069333 
0.069333 
0.069333 
0.069333 
0.069333 
0.069333 
0.069333 
0.069333 
0.069333 
0.069333 
0.069333 
0.069333 
0.069333 
0.069333 
0.069333 
0.069333 
0.069333 
0.069333 
0.069333 
0.069333 
0.069333 
0.069333 
0.069333 
0.069333 
0.069333 
0.069333 
0.069333 
0.069333 
0.069333 
0.069333 
0.069333 
0.069333 
0.069333 
0.069333 
0.069333 
0.069333 
0.069333 
0.069333 
0.069333 
0.069333 
0.069333 
0.069333 
0.069333 
0.069333 
0.069333 
0.069333 
0.069333 
0.069333 
0.069333 
0.069333 
0.069333 
0.069333 
0.069333 
0.069333 
0.069333 
0.069333 
0.069333 
0.069333 
0.069333 
0.069333 
0.069333 
0.069333 
0.069333 
0.069333 
0.069333 
0.069333 
0.069333 
0.069333 
0.069333 
0.069333 
0.069333 
0.069333 
0.069333 
0.069333 
0.069333 
0.069333 
0.069333 
0.069333 
0.069333 
0.069333 
0.069333 
0.069333 
0.069333 
0.069333 
0.069333 
0.069333 
0.069333 
0.069333 
0.069333 
0.069333 
0.069333 
0.069333 
0.069333 
0.069333 
0.069333 
0.069333 
0.069333 
0.069333 
0.069333 
0.069333 
0.069333 
0.069333 
0.069333 
0.069333 
0.069333 
0.069333 
0.069333 
0.069333 
0.069333 
0.069333 
0.069333 
0.069333 
0.069333 
0.069333 
0.069333 
0.069333 
0.069333 
0.069333 
0.069333 
0.069333 
0.069333 
0.069333 
0.069333 
0.069333 
0.069333 
0.069333 
0.069333 
0.069333 
0.069333 
0.069333 
0.069333 
0.069333 
0.069333 
0.069333 
0.069333 
0.069333 
0.069333 
0.069333 
0.069333 
0.069333 
0.069333 
0.069333 
0.069333 
0.069333 
0.069333 
0.069333 
0.069333 
0.069333 
0.069333 
0.069333 
0.069333 
0.069333 
0.069333 
0.069333 
0.069333 
0.069333 
0.069333 
0.069333 
0.069333 
0.069333 
0.069333 
0.069333 
0.069333 
0.069333 
0.069333 
0.069333 
0.069333 
0.069333 
0.069333 
0.069333 
0.069333 
0.069333 
0.069333 
0.069333 
0.069333 
0.069333 
0.069333 
0.069333 
0.069333 
0.069333 
0.069333 
0.069333 
0.069333 
0.069333 
0.069333 
0.069333 
0.069333 
0.069333 
0.069333 
0.069333 
0.069333 
0.069333 
0.069333 
0.069333 
0.069333 
0.069333 
0.069333 
0.069333 
0.069333 
0.069333 
0.069333 
0.069333 
0.069333 
0.069333 
0.069333 
0.069333 
0.069333 
0.069333 
0.069333 
0.069333 
0.069333 
0.069333 
0.069333 
0.069333 
0.069333 
0.069333 
0.069333 
0.069333 
0.069333 
0.069333 
0.069333 
0.069333 
0.069333 
0.069333 
0.069333 
0.069333 
0.069333 
0.069333 
0.069333 
0.069333 
0.069333 
0.069333 
0.069333 
0.069333 
0.069333 
0.069333 
0.069333 
0.069333 
0.069333 
0.069333 
0.069333 
0.069333 
0.069333 
0.069333 
0.069333 
0.069333 
0.069333 
0.069333 
0.069333 
0.069333 
0.069333 
0.069333 
0.069333 
0.069333 
0.069333 
0.069333 
0.069333 
0.069333 
0.069333 
0.069333 
0.069333 
0.069333 
0.069333 
0.069333 
0.069333 
0.069333 
0.069333 
0.069333 
0.069333 
0.069333 
0.069333 
0.069333 
0.069333 
0.069333 
0.069333 
0.069333 
0.069333 
0.069333 
0.069333 
0.069333 
0.069333 
0.069333 
0.069333 
0.069333 
0.069333 
0.069333 
0.069333 
0.069333 
0.069333 
0.069333 
0.069333 
0.069333 
0.069333 
0.069333 
0.069333 
0.069333 
0.069333 
0.069333 
0.069333 
0.069333 
0.069333 
0.069333 
0.069333 
0.069333 
0.069333 
0.069333 
0.069333 
0.069333 
0.069333 
0.069333 
0.069333 
0.069333 
0.069333 
0.069333 
0.069333 
0.069333 
0.069333 
0.069333 
0.069333 
0.069333 
0.069333 
0.069333 
0.069333 
0.069333 
0.069333 
0.069333 
0.069333 
0.069333 
0.069333 
0.069333 
0.069333 
0.069333 
0.069333 
0.069333 
0.069333 
0.069333 
0.069333 
0.069333 
0.069333 
0.069333 
0.069333 
0.069333 
0.069333 
0.069333 
0.069333 
0.069333 
0.069333 
0.069333 
0.069333 
0.069333 
0.069333 
0.069333 
0.069333 
0.069333 
0.069333 
0.069333 
0.069333 
0.069333 
0.069333 
0.069333 
0.069333 
0.069333 
0.069333 
0.069333 
0.069333 
0.069333 
0.069333 
0.069333 
0.069333 
0.069333 
0.069333 
0.069333 
0.069333 
0.069333 
0.069333 
0.069333 
0.069333 
0.069333 
0.069333 
0.069333 
0.069333 
0.069333 
0.069333 
0.069333 
0.069333 
0.069333 
0.069333 
0.069333 
0.069333 
0.069333 
0.069333 
0.069333 
0.069333 
0.069333 
0.069333 
0.069333 
0.069333 
0.069333 
0.069333 
0.069333 
0.069333 
0.069333 
0.069333 
0.069333 
0.069333 
0.069333 
0.069333 
0.069333 
0.069333 
0.069333 
0.069333 
0.069333 
0.069333 
0.069333 
0.069333 
0.069333 
0.069333 
0.069333 
0.069333 
0.069333 
0.069333 
0.069333 
0.069333 
0.069333 
0.069333 
0.069333 
0.069333 
0.069333 
0.069333 
0.069333 
0.069333 
0.069333 
0.069333 
0.069333 
0.069333 
0.108354 
0.201404 
0.312463 
0.405513 
0.444533 
0.439425 
0.426306 
0.408488 
0.389282 
0.372000 
0.355221 
0.336724 
0.318616 
0.303005 
0.292000 
0.284107 
0.276853 
0.270880 
0.266827 
0.265333 
0.265333 
0.265333 
0.265333 
0.265333 
0.265333 
0.265333 
0.265333 
0.265333 
0.265333 
0.265333 
0.262825 
0.256527 
0.248284 
0.239938 
0.233333 
0.227838 
0.222138 
0.217052 
0.213399 
0.212000 
0.221913 
0.246433 
0.277729 
0.307972 
0.329333 
0.343376 
0.356347 
0.367444 
0.375863 
0.380800 
0.383561 
0.385912 
0.387735 
0.388914 
0.389333 
0.386560 
0.379947 
0.372053 
0.365440 
0.362667 
0.362667 
0.362667 
0.362667 
0.362667 
0.362667 
0.644487 
1.331732 
2.187081 
2.973211 
3.452800 
3.691358 
3.902723 
4.072063 
4.184544 
4.225333 
4.225108 
4.224435 
4.223314 
4.221746 
4.219733 
4.032490 
3.565912 
2.956022 
2.338843 
1.850400 
1.443995 
1.022584 
0.646668 
0.376751 
0.273333 
0.459082 
0.927306 
1.544468 
2.177033 
2.691467 
3.140117 
3.615814 
4.045746 
4.357101 
4.477067 
4.368796 
4.110611 
3.802455 
3.544271 
3.436000 
3.436000 
3.436000 
3.436000 
3.436000 
3.436000 
3.287206 
2.913342 
2.423180 
1.925497 
1.529067 
1.195508 
0.847749 
0.536529 
0.312589 
0.226667 
0.233001 
0.248903 
0.269717 
0.290790 
0.307467 
0.317990 
0.325679 
0.333492 
0.344390 
0.361333 
0.523514 
0.898638 
1.382432 
1.870621 
2.258933 
2.575657 
2.895368 
3.183224 
3.404382 
3.524000 
3.577409 
3.621998 
3.656016 
3.677712 
3.685333 
3.685333 
3.685333 
3.685333 
3.685333 
3.685333 
3.619550 
3.462682 
3.275452 
3.118583 
3.052800 
3.115200 
3.264000 
3.441600 
3.590400 
3.652800 
3.647725 
3.635622 
3.621178 
3.609075 
3.604000 
3.604000 
3.604000 
3.604000 
3.604000 
3.604000 
3.521229 
3.305083 
3.003817 
2.665682 
2.338933 
1.951772 
1.466658 
0.983231 
0.601132 
0.420000 
0.381374 
0.355988 
0.337275 
0.318669 
0.293600 
0.255887 
0.209368 
0.162505 
0.123762 
0.101600 
0.091172 
0.082286 
0.075387 
0.070921 
0.069333 
0.069333 
0.069333 
0.069333 
0.069333 
0.069333 
0.071460 
0.077634 
0.087545 
0.100881 
0.117333 
0.164222 
0.263092 
0.404971 
0.580887 
0.781867 
1.179734 
1.824048 
2.522443 
3.082549 
3.312000 
3.312000 
3.312000 
3.312000 
3.312000 
3.312000 
3.312000 
3.312000 
3.312000 
3.312000 
3.312000 
3.278602 
3.186505 
3.047854 
2.874793 
2.679467 
2.286790 
1.643124 
0.942783 
0.380081 
0.149333 
0.149333 
0.149333 
0.149333 
0.149333 
0.149333 
0.149333 
0.149333 
0.149333 
0.149333 
0.149333 
0.149333 
0.149333 
0.149333 
0.149333 
0.149333 
0.149333 
0.149333 
0.149333 
0.149333 
0.149333 
0.149333 
0.149333 
0.149333 
0.149333 
0.149333 
0.149333 
0.149333 
0.149333 
0.149333 
0.149333 
0.149333 
0.149333 
0.149333 
0.149333 
0.149333 
0.148489 
0.146159 
0.142652 
0.138274 
0.133333 
0.123401 
0.107119 
0.089404 
0.075170 
0.069333 
0.069333 
0.069333 
0.069333 
0.069333 
0.069333 
0.069333 
0.069333 
0.069333 
0.069333 
0.069333 
0.069333 
0.069333 
0.069333 
0.069333 
0.069333 
0.142080 
0.332501 
0.598870 
0.899456 
1.192533 
1.549944 
2.005439 
2.460148 
2.815202 
2.971733 
2.993839 
3.011391 
3.024185 
3.032012 
3.034667 
3.034667 
3.034667 
3.034667 
3.034667 
3.034667 
3.034667 
3.034667 
3.034667 
3.034667 
3.034667 
3.034667 
3.034667 
3.034667 
3.034667 
3.034667 
2.726272 
1.990869 
1.113131 
0.377728 
0.069333 
0.069333 
0.069333 
0.069333 
0.069333 
0.069333 
0.069333 
0.069333 
0.069333 
0.069333 
0.069333 
0.069333 
0.069333 
0.069333 
0.069333 
0.069333 
0.069333 
0.069333 
0.069333 
0.069333 
0.069333 
0.069333 
0.069333 
0.069333 
0.069333 
0.069333 
0.069333 
0.069333 
0.069333 
0.069333 
0.069333 
0.069333 
0.069333 
0.069333 
0.069333 
0.069333 
0.069333 
0.069333 
0.069333 
0.069333 
0.069333 
0.069333 
0.069333 
0.069333 
0.069333 
0.069333 
0.069333 
0.069333 
0.069333 
0.069333 
0.069333 
0.069333 
0.069333 
0.069333 
0.069333 
0.069333 
0.069333 
0.069333 
0.069333 
0.069333 
0.069333 
0.069333 
0.069333 
0.069333 
0.069333 
0.069333 
0.069333 
0.069333 
0.069333 
0.069333 
0.069333 
0.069333 
0.069333 
0.069333 
0.069333 
0.069333 
0.069333 
0.069333 
0.069333 
0.069333 
0.069333 
0.069333 
0.069333 
0.069333 
0.069333 
0.069333 
0.069333 
0.069333 
0.069333 
0.069333 
0.069333 
0.069333 
0.069333 
0.069333 
0.069333 
0.069333 
0.069333 
0.069333 
0.069333 
0.069333 
0.069333 
0.069333 
0.069333 
0.069333 
0.069333 
0.069333 
0.069333 
0.069333 
0.069333 
0.069333 
0.069333 
0.069333 
0.069333 
0.069333 
0.069333 
0.069333 
0.069333 
0.069333 
0.069333 
0.069333 
0.069333 
0.069333 
0.069333 
0.069333 
0.069333 
0.069333 
0.069333 
0.069333 
0.069333 
0.069333 
0.069333 
0.069333 
0.069333 
0.069333 
0.069333 
0.069333 
0.069333 
0.069333 
0.069333 
0.069333 
0.069333 
0.069333 
0.069333 
0.069333 
0.069333 
0.069333 
0.069333 
0.069333 
0.069333 
0.069333 
0.069333 
0.069333 
0.069333 
0.069333 
0.069333 
0.069333 
0.069333 
0.069333 
0.069333 
0.069333 
0.069333 
0.069333 
0.069333 
0.069333 
0.069333 
0.069333 
0.316060 
0.917013 
1.663349 
2.346226 
2.756800 
2.953661 
3.126914 
3.264990 
3.356319 
3.389333 
3.389333 
3.389333 
3.389333 
3.389333 
3.389333 
3.389333 
3.389333 
3.389333 
3.389333 
3.389333 
3.158585 
2.595884 
1.895543 
1.251877 
0.859200 
0.663874 
0.490813 
0.352161 
0.260064 
0.226667 
0.239493 
0.270533 
0.308627 
0.342614 
0.361333 
0.367447 
0.371689 
0.375007 
0.378350 
0.382667 
0.389271 
0.397617 
0.405860 
0.412158 
0.414667 
0.414667 
0.414667 
0.414667 
0.414667 
0.414667 
0.428090 
0.460098 
0.498302 
0.530310 
0.543733 
0.534748 
0.513321 
0.487746 
0.466319 
0.457333 
0.463989 
0.479861 
0.498805 
0.514677 
0.521333 
0.518170 
0.509711 
0.497500 
0.483081 
0.468000 
0.445625 
0.413813 
0.380843 
0.354990 
0.344533 
0.830255 
1.988514 
3.370953 
4.529212 
5.014933 
4.856964 
4.480269 
4.030665 
3.653969 
3.496000 
3.496150 
3.496599 
3.497346 
3.498391 
3.499733 
3.703057 
4.185752 
4.761370 
5.243468 
5.445600 
4.950948 
3.771394 
2.363539 
1.183985 
0.689333 
1.021579 
1.813856 
2.759477 
3.551755 
3.884000 
3.882785 
3.879288 
3.873732 
3.866340 
3.857333 
3.821980 
3.751761 
3.671219 
3.604895 
3.577333 
3.588565 
3.615349 
3.647317 
3.674101 
3.685333 
3.381376 
2.656555 
1.791445 
1.066624 
0.762667 
0.763415 
0.765553 
0.768916 
0.773342 
0.778667 
0.796333 
0.830188 
0.868676 
0.900243 
0.913333 
0.912224 
0.909579 
0.906421 
0.903776 
0.902667 
0.902667 
0.902667 
0.902667 
0.902667 
0.902667 
0.904885 
0.910176 
0.916491 
0.921781 
0.924000 
0.921781 
0.916491 
0.910176 
0.904885 
0.902667 
0.906516 
0.916989 
0.932470 
0.951345 
0.972000 
0.999118 
1.036808 
1.082591 
1.133992 
1.188533 
1.245786 
1.309232 
1.382266 
1.468280 
1.570667 
1.735353 
1.972175 
2.230386 
2.459243 
2.608000 
2.697392 
2.777813 
2.843004 
2.886708 
2.902667 
2.902667 
2.902667 
2.902667 
2.902667 
2.902667 
2.865840 
2.777894 
2.672628 
2.583841 
2.545333 
2.543433 
2.541943 
2.540868 
2.540218 
2.540000 
2.545933 
2.561778 
2.584602 
2.611476 
2.639467 
2.667044 
2.698093 
2.737807 
2.791378 
2.864000 
3.247709 
4.041406 
4.960582 
5.720727 
6.037333 
6.031061 
6.015317 
5.994709 
5.973845 
5.957333 
5.943595 
5.929344 
5.916629 
5.907499 
5.904000 
5.905664 
5.909632 
5.914368 
5.918336 
5.920000 
5.639834 
4.948825 
4.071206 
3.231209 
2.653067 
2.279236 
1.926443 
1.630326 
1.426521 
1.350667 
1.480764 
1.790995 
2.161271 
2.471503 
2.601600 
2.431927 
2.027324 
1.544410 
1.139806 
0.970133 
1.137033 
1.535023 
2.010044 
2.408034 
2.574933 
2.377111 
1.905382 
1.342351 
0.870622 
0.672800 
0.686347 
0.719541 
0.761216 
0.800202 
0.825333 
0.839537 
0.852468 
0.863042 
0.870180 
0.872800 
0.835288 
0.745458 
0.637371 
0.545087 
0.502667 
0.497076 
0.492618 
0.489354 
0.487349 
0.486667 
0.900032 
1.885749 
3.062251 
4.047968 
4.461333 
4.452480 
4.429866 
4.399413 
4.367040 
4.338667 
4.317895 
4.300778 
4.281914 
4.255900 
4.217333 
3.906121 
3.219925 
2.389974 
1.647500 
1.223733 
1.046097 
0.893421 
0.774042 
0.696300 
0.668533 
0.670549 
0.675466 
0.681589 
0.687221 
0.690667 
0.692393 
0.693925 
0.695154 
0.695970 
0.696267 
0.691053 
0.678620 
0.663780 
0.651347 
0.646133 
0.650236 
0.661609 
0.678850 
0.700559 
0.725333 
0.778312 
0.867279 
0.964796 
1.043426 
1.075733 
1.071407 
1.061090 
1.048777 
1.038460 
1.034133 
1.181065 
1.531439 
1.949628 
2.300002 
2.446933 
2.303316 
1.960017 
1.548366 
1.199695 
1.045333 
1.033160 
1.023555 
1.016596 
1.012362 
1.010933 
1.028735 
1.072169 
1.126274 
1.176093 
1.206667 
1.222098 
1.235808 
1.246816 
1.254140 
1.256800 
1.240276 
1.195410 
1.129259 
1.048881 
0.961333 
0.811747 
0.583428 
0.340703 
0.147897 
0.069333 
0.069333 
0.069333 
0.069333 
0.069333 
0.069333 
0.069333 
0.069333 
0.069333 
0.069333 
0.069333 
0.069333 
0.069333 
0.069333 
0.069333 
0.069333 
0.069333 
0.069333 
0.069333 
0.069333 
0.069333 
0.069333 
0.069333 
0.069333 
0.069333 
0.069333 
0.069333 
0.069333 
0.069333 
0.069333 
0.069333 
0.069333 
0.069333 
0.069333 
0.069333 
0.069333 
0.069333 
0.069333 
0.069333 
0.069333 
0.069333 
0.069333 
0.069333 
0.069333 
0.069333 
0.069333 
0.069333 
0.069333 
0.069333 
0.069333 
0.069333 
0.069333 
0.069333 
0.069333 
0.069333 
0.069333 
0.069333 
0.069333 
0.069333 
0.069333 
0.069333 
0.069333 
0.069333 
0.069333 
0.069333 
0.069333 
0.069333 
0.069333 
0.069333 
0.069333 
0.069333 
0.069333 
0.069333 
0.069333 
0.069333 
0.069333 
0.069333 
0.069333 
0.069333 
0.069333 
0.069333 
0.069333 
0.069333 
0.069333 
0.069333 
0.069333 
0.069333 
0.069333 
0.069333 
0.069333 
0.069333 
0.069333 
0.069333 
0.069333 
0.069333 
0.069333 
0.069333 
0.069333 
0.069333 
0.069333 
0.069333 
0.069333 
0.069333 
0.069333 
0.069333 
0.069333 
0.069333 
0.069333 
0.069333 
0.069333 
0.069333 
0.069333 
0.069333 
0.069333 
0.069333 
0.069333 
0.069333 
0.069333 
0.069333 
0.069333 
0.069333 
0.069333 
0.069333 
0.069333 
0.069333 
0.069333 
