0.076000 
0.076000 
0.076000 
0.076000 
0.076000 
0.076000 
0.076000 
0.076000 
0.076000 
0.076000 
0.076000 
0.076000 
0.076000 
0.076000 
0.076000 
0.076000 
0.076000 
0.076000 
0.076000 
0.076000 
0.076000 
0.076000 
0.076000 
0.076000 
0.076000 
0.078746 
0.086317 
0.097715 
0.111942 
0.128000 
0.160282 
0.213197 
0.270771 
0.317030 
0.336000 
0.336000 
0.336000 
0.336000 
0.336000 
0.336000 
0.336000 
0.336000 
0.336000 
0.336000 
0.336000 
0.336000 
0.336000 
0.336000 
0.336000 
0.336000 
0.317030 
0.270771 
0.213197 
0.160282 
0.128000 
0.111942 
0.097715 
0.086317 
0.078746 
0.076000 
0.076000 
0.076000 
0.076000 
0.076000 
0.076000 
0.076000 
0.076000 
0.076000 
0.076000 
0.076000 
0.076000 
0.076000 
0.076000 
0.076000 
0.076000 
0.076000 
0.076000 
0.076000 
0.076000 
0.076000 
0.076000 
0.076000 
0.076000 
0.076000 
0.076000 
0.076000 
0.076000 
0.076000 
0.076000 
0.076000 
0.076000 
0.076000 
0.076000 
0.076000 
0.076000 
0.078746 
0.086317 
0.097715 
0.111942 
0.128000 
0.160282 
0.213197 
0.270771 
0.317030 
0.336000 
0.336000 
0.336000 
0.336000 
0.336000 
0.336000 
0.336000 
0.336000 
0.336000 
0.336000 
0.336000 
0.336000 
0.336000 
0.336000 
0.336000 
0.336000 
0.317030 
0.270771 
0.213197 
0.160282 
0.128000 
0.111942 
0.097715 
0.086317 
0.078746 
0.076000 
0.076000 
0.076000 
0.076000 
0.076000 
0.076000 
0.076000 
0.076000 
0.076000 
0.076000 
0.076000 
0.076000 
0.076000 
0.076000 
0.076000 
0.076000 
0.076000 
0.076000 
0.076000 
0.076000 
0.076000 
0.076000 
0.076000 
0.076000 
0.076000 
0.076000 
0.076000 
0.076000 
0.076000 
0.076000 
0.076000 
0.076000 
0.076000 
0.076000 
0.076000 
0.076000 
0.076000 
0.076000 
0.076000 
0.076000 
0.076000 
0.076000 
0.076000 
0.076000 
0.076000 
0.076000 
0.076000 
0.076000 
0.076000 
0.076000 
0.076000 
0.078746 
0.086317 
0.097715 
0.111942 
0.128000 
0.160282 
0.213197 
0.270771 
0.317030 
0.336000 
0.336000 
0.336000 
0.336000 
0.336000 
0.336000 
0.336000 
0.336000 
0.336000 
0.336000 
0.336000 
0.336000 
0.336000 
0.336000 
0.336000 
0.336000 
0.317030 
0.270771 
0.213197 
0.160282 
0.128000 
0.111942 
0.097715 
0.086317 
0.078746 
0.076000 
0.076000 
0.076000 
0.076000 
0.076000 
0.076000 
0.076000 
0.076000 
0.076000 
0.076000 
0.076000 
0.076000 
0.076000 
0.076000 
0.076000 
0.076000 
0.076000 
0.076000 
0.076000 
0.076000 
0.076000 
0.076000 
0.076000 
0.076000 
0.076000 
0.076000 
0.076000 
0.076000 
0.076000 
0.076000 
0.076000 
0.076000 
0.076000 
0.076000 
0.076000 
0.076000 
0.076000 
0.076000 
0.076000 
0.076000 
0.076000 
0.076000 
0.076000 
0.076000 
0.076000 
0.076000 
0.076000 
0.076000 
0.076000 
0.076000 
0.076000 
0.076000 
0.076000 
0.076000 
0.076000 
0.076000 
0.076000 
0.076000 
0.076000 
0.076000 
0.076000 
0.076000 
0.076000 
0.076000 
0.076000 
0.076000 
0.076000 
0.076000 
0.076000 
0.076000 
0.076000 
0.076000 
0.076000 
0.076000 
0.076000 
0.076000 
0.076000 
0.076000 
0.076000 
0.076000 
0.076000 
0.076000 
0.076000 
0.076000 
0.076000 
0.076000 
0.076000 
0.076000 
0.076000 
0.076000 
0.076000 
0.076000 
0.076000 
0.076000 
0.076000 
0.076000 
0.076000 
0.076000 
0.076000 
0.076000 
0.076000 
0.088230 
0.118931 
0.159117 
0.199802 
0.232000 
0.258790 
0.286579 
0.311373 
0.329178 
0.336000 
0.336000 
0.336000 
0.336000 
0.336000 
0.336000 
0.336000 
0.336000 
0.336000 
0.336000 
0.336000 
0.333254 
0.325683 
0.314285 
0.300058 
0.284000 
0.251718 
0.198803 
0.141229 
0.094970 
0.076000 
0.076000 
0.076000 
0.076000 
0.076000 
0.076000 
0.076000 
0.076000 
0.076000 
0.076000 
0.076000 
0.076000 
0.076000 
0.076000 
0.076000 
0.076000 
0.076000 
0.076000 
0.076000 
0.076000 
0.076000 
0.076000 
0.076000 
0.076000 
0.076000 
0.076000 
0.076000 
0.076000 
0.076000 
0.076000 
0.076000 
0.076000 
0.076000 
0.076000 
0.076000 
0.076000 
0.076000 
0.076000 
0.076000 
0.076000 
0.076000 
0.103040 
0.167520 
0.244480 
0.308960 
0.336000 
0.336000 
0.336000 
0.336000 
0.336000 
0.336000 
0.336000 
0.336000 
0.336000 
0.336000 
0.336000 
0.336000 
0.336000 
0.336000 
0.336000 
0.336000 
0.323770 
0.293069 
0.252883 
0.212198 
0.180000 
0.153210 
0.125421 
0.100627 
0.082822 
0.076000 
0.076000 
0.076000 
0.076000 
0.076000 
0.076000 
0.076000 
0.076000 
0.076000 
0.076000 
0.076000 
0.076000 
0.076000 
0.076000 
0.076000 
0.076000 
0.076000 
0.076000 
0.076000 
0.076000 
0.076000 
0.076000 
0.076000 
0.076000 
0.076000 
0.076000 
0.076000 
0.076000 
0.076000 
0.076000 
0.076000 
0.076000 
0.076000 
0.076000 
0.076000 
0.076000 
0.076000 
0.076000 
0.076000 
0.076000 
0.076000 
0.076000 
0.076000 
0.076000 
0.076000 
0.076000 
0.076000 
0.076000 
0.076000 
0.076000 
0.076000 
0.076000 
0.076000 
0.076000 
0.076000 
0.076000 
0.076000 
0.076000 
0.076000 
0.076000 
0.076000 
0.076000 
0.076000 
0.076000 
0.076000 
0.076000 
0.084320 
0.104160 
0.127840 
0.147680 
0.156000 
0.156000 
0.156000 
0.156000 
0.156000 
0.156000 
0.162613 
0.179040 
0.200160 
0.220853 
0.236000 
0.245227 
0.252480 
0.259120 
0.266507 
0.276000 
0.288546 
0.303957 
0.321895 
0.342023 
0.364000 
0.395392 
0.437292 
0.479656 
0.512440 
0.525600 
0.521492 
0.511131 
0.497464 
0.483438 
0.472000 
0.461976 
0.451323 
0.441682 
0.434694 
0.432000 
0.539938 
0.797329 
1.104538 
1.361929 
1.469867 
1.414731 
1.275384 
1.090910 
0.900398 
0.742933 
0.601693 
0.449868 
0.311571 
0.210911 
0.172000 
0.172000 
0.172000 
0.172000 
0.172000 
0.172000 
0.162016 
0.138208 
0.109792 
0.085984 
0.076000 
0.076000 
0.076000 
0.076000 
0.076000 
0.076000 
0.076000 
0.076000 
0.076000 
0.076000 
0.076000 
0.076000 
0.076000 
0.076000 
0.076000 
0.076000 
0.076000 
0.076000 
0.076000 
0.076000 
0.076000 
0.076000 
0.076000 
0.076000 
0.076000 
0.076000 
0.076000 
0.076000 
0.076000 
0.076000 
0.076000 
0.076000 
0.076000 
0.076000 
0.076000 
0.076000 
0.076000 
0.076000 
0.076000 
0.076000 
0.076000 
0.076000 
0.076000 
0.076000 
0.076000 
0.076000 
0.076000 
0.076000 
0.076000 
0.076000 
0.076000 
0.076000 
0.076000 
0.076000 
0.076000 
0.076000 
0.076000 
0.076000 
0.076000 
0.076000 
0.076000 
0.076000 
0.076000 
0.076000 
0.076000 
0.076000 
0.076000 
0.076000 
0.076000 
0.076000 
0.076000 
0.076000 
0.076000 
0.076000 
0.076000 
0.076000 
0.076000 
0.076000 
0.076000 
0.076000 
0.076000 
0.076000 
0.076000 
0.076000 
0.076000 
0.076000 
0.076000 
0.076000 
0.076000 
0.076000 
0.076000 
0.076000 
0.076000 
0.076000 
0.076000 
0.076000 
0.076000 
0.076000 
0.076000 
0.076000 
0.076000 
0.076000 
0.076000 
0.076000 
0.076000 
0.076000 
0.076000 
0.076000 
0.076000 
0.076000 
0.076000 
0.076000 
0.076000 
0.076000 
0.076000 
0.076000 
0.076000 
0.076000 
0.076000 
0.076000 
0.076000 
0.076000 
0.076000 
0.076000 
0.076000 
0.076000 
0.076000 
0.076000 
0.076000 
0.076000 
0.076000 
0.076000 
0.076000 
0.076000 
0.076000 
0.076000 
0.082822 
0.100627 
0.125421 
0.153210 
0.180000 
0.212198 
0.252883 
0.293069 
0.323770 
0.336000 
0.336000 
0.336000 
0.336000 
0.336000 
0.336000 
0.336000 
0.336000 
0.336000 
0.336000 
0.336000 
0.336000 
0.336000 
0.336000 
0.336000 
0.336000 
0.308960 
0.244480 
0.167520 
0.103040 
0.076000 
0.076000 
0.076000 
0.076000 
0.076000 
0.076000 
0.076000 
0.076000 
0.076000 
0.076000 
0.076000 
0.093333 
0.134667 
0.184000 
0.225333 
0.242667 
0.242667 
0.242667 
0.242667 
0.242667 
0.242667 
0.226997 
0.189632 
0.145035 
0.107669 
0.092000 
0.092000 
0.092000 
0.092000 
0.092000 
0.092000 
0.092000 
0.092000 
0.092000 
0.092000 
0.092000 
0.269133 
0.691526 
1.195674 
1.618067 
1.795200 
1.621811 
1.208346 
0.714854 
0.301389 
0.128000 
0.149632 
0.201216 
0.262784 
0.314368 
0.336000 
0.336000 
0.336000 
0.336000 
0.336000 
0.336000 
0.336000 
0.336000 
0.336000 
0.336000 
0.336000 
0.336000 
0.336000 
0.336000 
0.336000 
0.336000 
0.317030 
0.270771 
0.213197 
0.160282 
0.128000 
0.111942 
0.097715 
0.086317 
0.078746 
0.076000 
0.076000 
0.076000 
0.076000 
0.076000 
0.076000 
0.076000 
0.076000 
0.076000 
0.076000 
0.076000 
0.076000 
0.076000 
0.076000 
0.076000 
0.076000 
0.076000 
0.076000 
0.076000 
0.076000 
0.076000 
0.076169 
0.076635 
0.077336 
0.078212 
0.079200 
0.081187 
0.084443 
0.087986 
0.090833 
0.092000 
0.092000 
0.092000 
0.092000 
0.092000 
0.092000 
0.092000 
0.092000 
0.092000 
0.092000 
0.092000 
0.092000 
0.092000 
0.092000 
0.092000 
0.092000 
0.092000 
0.092000 
0.092000 
0.092000 
0.092000 
0.092000 
0.092000 
0.092000 
0.092000 
0.092000 
0.092688 
0.094705 
0.097977 
0.102433 
0.108000 
0.143735 
0.220847 
0.312492 
0.391824 
0.432000 
0.442784 
0.451652 
0.458328 
0.462536 
0.464000 
0.459516 
0.448469 
0.434464 
0.421106 
0.412000 
0.407385 
0.404290 
0.401501 
0.397808 
0.392000 
0.371343 
0.330784 
0.280634 
0.231202 
0.192800 
0.161804 
0.130481 
0.102977 
0.083435 
0.076000 
0.076000 
0.076000 
0.076000 
0.076000 
0.076000 
0.081790 
0.097146 
0.119046 
0.144471 
0.170400 
0.206146 
0.254982 
0.304826 
0.343593 
0.359200 
0.329747 
0.259514 
0.175686 
0.105453 
0.076000 
0.076000 
0.076000 
0.076000 
0.076000 
0.076000 
0.076000 
0.076000 
0.076000 
0.076000 
0.076000 
0.076000 
0.076000 
0.076000 
0.076000 
0.076000 
0.076000 
0.076000 
0.076000 
0.076000 
0.076000 
0.086363 
0.112209 
0.145673 
0.178892 
0.204000 
0.220785 
0.235117 
0.248257 
0.261464 
0.276000 
0.294872 
0.317284 
0.338794 
0.354958 
0.361333 
0.352459 
0.331296 
0.306037 
0.284875 
0.276000 
0.280964 
0.292973 
0.307699 
0.320817 
0.328000 
0.330607 
0.332813 
0.334515 
0.335612 
0.336000 
0.336000 
0.336000 
0.336000 
0.336000 
0.336000 
0.336000 
0.336000 
0.336000 
0.336000 
0.336000 
0.336000 
0.336000 
0.336000 
0.336000 
0.336000 
0.317030 
0.270771 
0.213197 
0.160282 
0.128000 
0.111942 
0.097715 
0.086317 
0.078746 
0.076000 
0.076000 
0.076000 
0.076000 
0.076000 
0.076000 
0.076000 
0.076000 
0.076000 
0.076000 
0.076000 
0.076000 
0.076000 
0.076000 
0.076000 
0.076000 
0.076000 
0.076000 
0.076000 
0.076000 
0.076000 
0.076000 
0.076000 
0.076000 
0.076000 
0.076000 
0.076000 
0.076000 
0.076000 
0.076000 
0.076000 
0.076000 
0.076000 
0.076000 
0.076000 
0.076000 
0.077381 
0.081168 
0.086825 
0.093814 
0.101600 
0.113912 
0.132597 
0.154300 
0.175664 
0.193333 
0.209122 
0.225509 
0.240135 
0.250640 
0.254667 
0.236085 
0.191776 
0.138891 
0.094581 
0.076000 
0.076000 
0.076000 
0.076000 
0.076000 
0.076000 
0.076988 
0.079656 
0.083564 
0.088271 
0.093333 
0.099025 
0.106217 
0.115362 
0.126916 
0.141333 
0.168411 
0.212966 
0.267983 
0.326444 
0.381333 
0.436399 
0.496387 
0.555775 
0.609042 
0.650667 
0.684392 
0.716047 
0.743240 
0.763577 
0.774667 
0.779959 
0.784380 
0.787756 
0.789910 
0.790667 
0.782285 
0.760723 
0.731351 
0.699541 
0.670667 
0.639989 
0.603881 
0.569379 
0.543517 
0.533333 
0.533333 
0.533333 
0.533333 
0.533333 
0.533333 
0.534831 
0.538402 
0.542665 
0.546236 
0.547733 
0.540273 
0.522483 
0.501250 
0.483460 
0.476000 
0.476888 
0.479303 
0.482875 
0.487231 
0.492000 
0.500188 
0.512747 
0.526226 
0.537172 
0.542133 
0.542879 
0.543474 
0.543909 
0.544176 
0.544267 
0.532452 
0.504279 
0.470654 
0.442481 
0.430667 
0.450807 
0.500260 
0.562576 
0.621306 
0.660000 
0.679364 
0.693365 
0.705444 
0.719042 
0.737600 
0.770515 
0.817499 
0.867466 
0.909329 
0.932000 
0.940777 
0.948140 
0.953782 
0.957394 
0.958667 
0.941736 
0.899876 
0.846481 
0.794946 
0.758667 
0.734174 
0.710746 
0.690897 
0.677144 
0.672000 
0.677882 
0.693647 
0.716471 
0.743529 
0.772000 
0.815031 
0.876809 
0.941073 
0.991558 
1.012000 
1.012000 
1.012000 
1.012000 
1.012000 
1.012000 
1.012000 
1.012000 
1.012000 
1.012000 
1.012000 
1.012000 
1.012000 
1.012000 
1.012000 
1.012000 
1.010661 
1.007130 
1.002135 
0.996405 
0.990667 
0.983126 
0.973097 
0.962971 
0.955141 
0.952000 
0.958656 
0.974528 
0.993472 
1.009344 
1.016000 
1.014108 
1.008832 
1.000768 
0.990514 
0.978667 
0.951289 
0.904000 
0.851733 
0.809422 
0.792000 
0.963142 
1.371251 
1.858349 
2.266458 
2.437600 
2.265764 
1.856002 
1.366931 
0.957169 
0.785333 
0.787236 
0.792076 
0.798551 
0.805360 
0.811200 
0.816790 
0.823004 
0.828769 
0.833014 
0.834667 
0.834667 
0.834667 
0.834667 
0.834667 
0.834667 
0.834667 
0.834667 
0.834667 
0.834667 
0.834667 
0.819518 
0.781222 
0.730500 
0.678074 
0.634667 
0.595614 
0.553571 
0.515241 
0.487327 
0.476533 
0.493118 
0.532666 
0.579868 
0.619415 
0.636000 
0.631424 
0.620512 
0.607488 
0.596576 
0.592000 
0.781641 
1.233860 
1.773606 
2.225826 
2.415467 
2.256231 
1.875220 
1.417481 
1.028059 
0.852000 
0.832884 
0.817711 
0.806655 
0.799893 
0.797600 
0.846965 
0.964683 
1.105184 
1.222901 
1.272267 
1.241220 
1.163766 
1.063436 
0.963759 
0.888267 
0.832766 
0.779728 
0.732682 
0.695152 
0.670667 
0.655069 
0.641939 
0.631408 
0.623607 
0.618667 
0.615366 
0.612510 
0.610263 
0.608794 
0.608267 
0.610352 
0.615771 
0.623267 
0.631584 
0.639467 
0.646802 
0.654505 
0.662860 
0.672152 
0.682667 
0.696120 
0.712762 
0.730677 
0.747950 
0.762667 
0.776405 
0.790656 
0.803371 
0.812501 
0.816000 
0.815137 
0.812772 
0.809238 
0.804870 
0.800000 
0.790804 
0.776119 
0.760271 
0.747589 
0.742400 
0.786108 
0.890334 
1.014733 
1.118959 
1.162667 
1.162667 
1.162667 
1.162667 
1.162667 
1.162667 
1.172429 
1.195708 
1.223492 
1.246771 
1.256533 
1.250735 
1.235193 
1.212682 
1.185981 
1.157867 
1.119565 
1.066923 
1.009644 
0.957435 
0.920000 
0.893133 
0.867842 
0.846650 
0.832083 
0.826667 
0.829440 
0.836053 
0.843947 
0.850560 
0.853333 
0.772491 
0.579712 
0.349621 
0.156843 
0.076000 
0.076000 
0.076000 
0.076000 
0.076000 
0.076000 
0.076000 
0.076000 
0.076000 
0.076000 
0.076000 
0.076000 
0.076000 
0.076000 
0.076000 
0.076000 
0.076000 
0.076000 
0.076000 
0.076000 
0.076000 
0.076000 
0.076000 
0.076000 
0.076000 
0.076000 
0.076000 
0.076000 
0.076000 
0.076000 
0.076000 
0.094970 
0.141229 
0.198803 
0.251718 
0.284000 
0.300058 
0.314285 
0.325683 
0.333254 
0.336000 
0.336000 
0.336000 
0.336000 
0.336000 
0.336000 
0.336000 
0.336000 
0.336000 
0.336000 
0.336000 
0.329178 
0.311373 
0.286579 
0.258790 
0.232000 
0.199802 
0.159117 
0.118931 
0.088230 
0.076000 
0.076000 
0.076000 
0.076000 
0.076000 
0.076000 
0.076000 
0.076000 
0.076000 
0.076000 
0.076000 
0.076000 
0.076000 
0.076000 
0.076000 
0.076000 
0.076000 
0.076000 
0.076000 
0.076000 
0.076000 
0.076000 
0.076000 
0.076000 
0.076000 
0.076000 
0.076000 
0.076000 
0.076000 
0.076000 
0.076000 
0.076000 
0.076000 
0.076000 
0.076000 
0.076000 
