0.054382 
0.057276 
0.061935 
0.068221 
0.076000 
0.085136 
0.095493 
0.106935 
0.119327 
0.132533 
0.146996 
0.163031 
0.180316 
0.198524 
0.217333 
0.237961 
0.260736 
0.283996 
0.306082 
0.325333 
0.343881 
0.363119 
0.380284 
0.392610 
0.397333 
0.387022 
0.361876 
0.330579 
0.301815 
0.284267 
0.276972 
0.272106 
0.268060 
0.263228 
0.256000 
0.241798 
0.219826 
0.194156 
0.168857 
0.148000 
0.129453 
0.110214 
0.093050 
0.080723 
0.076000 
0.076000 
0.076000 
0.076000 
0.076000 
0.076000 
0.076000 
0.076000 
0.076000 
0.076000 
0.076000 
0.101792 
0.163296 
0.236704 
0.298208 
0.324000 
0.324000 
0.324000 
0.324000 
0.324000 
0.324000 
0.324000 
0.324000 
0.324000 
0.324000 
0.324000 
0.324000 
0.324000 
0.324000 
0.324000 
0.324000 
0.308525 
0.271622 
0.227578 
0.190675 
0.175200 
0.178582 
0.187137 
0.198482 
0.210231 
0.220000 
0.228854 
0.238421 
0.247160 
0.253533 
0.256000 
0.256000 
0.256000 
0.256000 
0.256000 
0.256000 
0.267759 
0.295799 
0.329267 
0.357308 
0.369067 
0.358788 
0.333601 
0.301980 
0.272399 
0.253333 
0.243573 
0.235793 
0.229293 
0.223373 
0.217333 
0.211787 
0.207165 
0.202489 
0.196782 
0.189067 
0.171519 
0.142755 
0.111458 
0.086312 
0.076000 
0.076000 
0.076000 
0.076000 
0.076000 
0.076000 
0.076000 
0.076000 
0.076000 
0.076000 
0.076000 
0.076000 
0.076000 
0.076000 
0.076000 
0.076000 
0.078619 
0.085841 
0.096713 
0.110284 
0.125600 
0.156392 
0.206865 
0.261782 
0.305906 
0.324000 
0.324000 
0.324000 
0.324000 
0.324000 
0.324000 
0.324000 
0.324000 
0.324000 
0.324000 
0.324000 
0.324000 
0.324000 
0.324000 
0.324000 
0.324000 
0.303366 
0.254163 
0.195437 
0.146234 
0.125600 
0.133750 
0.153825 
0.179266 
0.203511 
0.220000 
0.230416 
0.240178 
0.248332 
0.253924 
0.256000 
0.256000 
0.256000 
0.256000 
0.256000 
0.256000 
0.256000 
0.256000 
0.256000 
0.256000 
0.256000 
0.255882 
0.255538 
0.254987 
0.254246 
0.253333 
0.248954 
0.239946 
0.229529 
0.220918 
0.217333 
0.217333 
0.217333 
0.217333 
0.217333 
0.217333 
0.213625 
0.203946 
0.190469 
0.175363 
0.160800 
0.143297 
0.121181 
0.099337 
0.082648 
0.076000 
0.094094 
0.138218 
0.193135 
0.243608 
0.274400 
0.289716 
0.303287 
0.314159 
0.321381 
0.324000 
0.324000 
0.324000 
0.324000 
0.324000 
0.324000 
0.324000 
0.324000 
0.324000 
0.324000 
0.324000 
0.313683 
0.289082 
0.259718 
0.235117 
0.224800 
0.228045 
0.235782 
0.245018 
0.252755 
0.256000 
0.256000 
0.256000 
0.256000 
0.256000 
0.256000 
0.256000 
0.256000 
0.256000 
0.256000 
0.256000 
0.270699 
0.305749 
0.347584 
0.382635 
0.397333 
0.378613 
0.333973 
0.280693 
0.236053 
0.217333 
0.217333 
0.217333 
0.217333 
0.217333 
0.217333 
0.213625 
0.203946 
0.190469 
0.175363 
0.160800 
0.143297 
0.121181 
0.099337 
0.082648 
0.076000 
0.076000 
0.076000 
0.076000 
0.076000 
0.076000 
0.076000 
0.076000 
0.076000 
0.076000 
0.076000 
0.078619 
0.085841 
0.096713 
0.110284 
0.125600 
0.156392 
0.206865 
0.261782 
0.305906 
0.324000 
0.324000 
0.324000 
0.324000 
0.324000 
0.324000 
0.324000 
0.324000 
0.324000 
0.324000 
0.324000 
0.324000 
0.324000 
0.324000 
0.324000 
0.324000 
0.303366 
0.254163 
0.195437 
0.146234 
0.125600 
0.129610 
0.139966 
0.154157 
0.169672 
0.184000 
0.199743 
0.218631 
0.236847 
0.250576 
0.256000 
0.256000 
0.256000 
0.256000 
0.256000 
0.256000 
0.256000 
0.256000 
0.256000 
0.256000 
0.256000 
0.247533 
0.226278 
0.198458 
0.170291 
0.148000 
0.129453 
0.110214 
0.093050 
0.080723 
0.076000 
0.076000 
0.076000 
0.076000 
0.076000 
0.076000 
0.076000 
0.076000 
0.076000 
0.076000 
0.076000 
0.101792 
0.163296 
0.236704 
0.298208 
0.324000 
0.324000 
0.324000 
0.324000 
0.324000 
0.324000 
0.324000 
0.324000 
0.324000 
0.324000 
0.324000 
0.324000 
0.324000 
0.324000 
0.324000 
0.324000 
0.309997 
0.276038 
0.234201 
0.196562 
0.175200 
0.166484 
0.159003 
0.153159 
0.149357 
0.148000 
0.159232 
0.186016 
0.217984 
0.244768 
0.256000 
0.256000 
0.256000 
0.256000 
0.256000 
0.256000 
0.256000 
0.256000 
0.256000 
0.256000 
0.256000 
0.251277 
0.238950 
0.221786 
0.202547 
0.184000 
0.161709 
0.133542 
0.105722 
0.084467 
0.076000 
0.076000 
0.076000 
0.076000 
0.076000 
0.076000 
0.076000 
0.076000 
0.076000 
0.076000 
0.076000 
0.076000 
0.076000 
0.076000 
0.076000 
0.076000 
0.076000 
0.076000 
0.076000 
0.076000 
0.076000 
0.076000 
0.076000 
0.076000 
0.076000 
0.076000 
0.090407 
0.127156 
0.176542 
0.228858 
0.274400 
0.319165 
0.369630 
0.416806 
0.451703 
0.465333 
0.465333 
0.465333 
0.465333 
0.465333 
0.465333 
0.465333 
0.465333 
0.465333 
0.465333 
0.465333 
0.462727 
0.455606 
0.445015 
0.431998 
0.417600 
0.391360 
0.350104 
0.305808 
0.270448 
0.256000 
0.256000 
0.256000 
0.256000 
0.256000 
0.256000 
0.256000 
0.256000 
0.256000 
0.256000 
0.256000 
0.247533 
0.226278 
0.198458 
0.170291 
0.148000 
0.129453 
0.110214 
0.093050 
0.080723 
0.076000 
0.076000 
0.076000 
0.076000 
0.076000 
0.076000 
0.076000 
0.076000 
0.076000 
0.076000 
0.076000 
0.076000 
0.076000 
0.076000 
0.076000 
0.076000 
0.076000 
0.076000 
0.076000 
0.076000 
0.076000 
0.076000 
0.076000 
0.076000 
0.076000 
0.076000 
0.076000 
0.076000 
0.076000 
0.076000 
0.076000 
0.076000 
0.076000 
0.076000 
0.076000 
0.076000 
0.076000 
0.076000 
0.076000 
0.076000 
0.076000 
0.077363 
0.081221 
0.087223 
0.095022 
0.104267 
0.125822 
0.164769 
0.212084 
0.258747 
0.295733 
0.326614 
0.358110 
0.385926 
0.405766 
0.413333 
0.413333 
0.413333 
0.413333 
0.413333 
0.413333 
0.407784 
0.393293 
0.373097 
0.350432 
0.328533 
0.305842 
0.279843 
0.252336 
0.225122 
0.200000 
0.173744 
0.145082 
0.118748 
0.099476 
0.092000 
0.094040 
0.100104 
0.110109 
0.123968 
0.141600 
0.407506 
1.026181 
1.787531 
2.481458 
2.897867 
3.097247 
3.272444 
3.411898 
3.504048 
3.537333 
3.537333 
3.537333 
3.537333 
3.537333 
3.537333 
3.537333 
3.537333 
3.537333 
3.537333 
3.537333 
3.522579 
3.487396 
3.445404 
3.410221 
3.395467 
3.398462 
3.405604 
3.414129 
3.421271 
3.424267 
3.423268 
3.420887 
3.418046 
3.415665 
3.414667 
3.414667 
3.414667 
3.414667 
3.414667 
3.414667 
3.406652 
3.387539 
3.364727 
3.345615 
3.337600 
3.349636 
3.378338 
3.412595 
3.441297 
3.453333 
3.453333 
3.453333 
3.453333 
3.453333 
3.453333 
3.453333 
3.453333 
3.453333 
3.453333 
3.453333 
3.222081 
2.655822 
1.945803 
1.283269 
0.859467 
0.623946 
0.410391 
0.236250 
0.118970 
0.076000 
0.076000 
0.076000 
0.076000 
0.076000 
0.076000 
0.076000 
0.076000 
0.076000 
0.076000 
0.076000 
0.090699 
0.125749 
0.167584 
0.202635 
0.217333 
0.217333 
0.217333 
0.217333 
0.217333 
0.217333 
0.217333 
0.217333 
0.217333 
0.217333 
0.217333 
0.213481 
0.203514 
0.189820 
0.174786 
0.160800 
0.145205 
0.126336 
0.108064 
0.094261 
0.088800 
0.100766 
0.130779 
0.170009 
0.209625 
0.240800 
0.266483 
0.293006 
0.316606 
0.333525 
0.340000 
0.340000 
0.340000 
0.340000 
0.340000 
0.340000 
0.354976 
0.390688 
0.433312 
0.469024 
0.484000 
0.483400 
0.481656 
0.478853 
0.475073 
0.470400 
0.446508 
0.396898 
0.339393 
0.291819 
0.272000 
0.272000 
0.272000 
0.272000 
0.272000 
0.272000 
0.258867 
0.226842 
0.186982 
0.150349 
0.128000 
0.116883 
0.107034 
0.099142 
0.093901 
0.092000 
0.172477 
0.389110 
0.704706 
1.082067 
1.484000 
2.116508 
3.043702 
4.015549 
4.782015 
5.093067 
4.920823 
4.509326 
4.016432 
3.599994 
3.417867 
3.408263 
3.402621 
3.398635 
3.393997 
3.386400 
3.368339 
3.339511 
3.308407 
3.283517 
3.273333 
3.275552 
3.280843 
3.287157 
3.292448 
3.294667 
3.293557 
3.290912 
3.287755 
3.285109 
3.284000 
3.284140 
3.284505 
3.285014 
3.285584 
3.286133 
3.286595 
3.287033 
3.287560 
3.288289 
3.289333 
3.296063 
3.312003 
3.334497 
3.360892 
3.388533 
3.424378 
3.472043 
3.523866 
3.572184 
3.609333 
3.639132 
3.668237 
3.693242 
3.710743 
3.717333 
3.633435 
3.414482 
3.109584 
2.767853 
2.438400 
2.055851 
1.582350 
1.108283 
0.724038 
0.520000 
0.441904 
0.376870 
0.327364 
0.295852 
0.284800 
0.288532 
0.298193 
0.311481 
0.326095 
0.339733 
0.355036 
0.373618 
0.391642 
0.405271 
0.410667 
0.410667 
0.410667 
0.410667 
0.410667 
0.410667 
0.396719 
0.363171 
0.322463 
0.287037 
0.269333 
0.265762 
0.263742 
0.262228 
0.260173 
0.256533 
0.234698 
0.189543 
0.137253 
0.094011 
0.076000 
0.076000 
0.076000 
0.076000 
0.076000 
0.076000 
0.076000 
0.076000 
0.076000 
0.076000 
0.076000 
0.076000 
0.076000 
0.076000 
0.076000 
0.076000 
0.076000 
0.076000 
0.076000 
0.076000 
0.076000 
0.076000 
0.076000 
0.076000 
0.076000 
0.076000 
0.089133 
0.121158 
0.161018 
0.197651 
0.220000 
0.231117 
0.240966 
0.248858 
0.254099 
0.256000 
0.256000 
0.256000 
0.256000 
0.256000 
0.256000 
0.256000 
0.256000 
0.256000 
0.256000 
0.256000 
0.242867 
0.210842 
0.170982 
0.134349 
0.112000 
0.100883 
0.091034 
0.083142 
0.077901 
0.076000 
0.076000 
0.076000 
0.076000 
0.076000 
0.076000 
0.076000 
0.076000 
0.076000 
0.076000 
0.076000 
0.094094 
0.138218 
0.193135 
0.243608 
0.274400 
0.289716 
0.303287 
0.314159 
0.321381 
0.324000 
0.324000 
0.324000 
0.324000 
0.324000 
0.324000 
0.324000 
0.324000 
0.324000 
0.324000 
0.324000 
0.317492 
0.300509 
0.276860 
0.250354 
0.224800 
0.194088 
0.155281 
0.116950 
0.087666 
0.076000 
0.076000 
0.076000 
0.076000 
0.076000 
0.076000 
0.076000 
0.076000 
0.076000 
0.076000 
0.076000 
0.076000 
0.076000 
0.076000 
0.076000 
0.076000 
0.091967 
0.131100 
0.180250 
0.226267 
0.256000 
0.270722 
0.281777 
0.291125 
0.300724 
0.312533 
0.330036 
0.352152 
0.373996 
0.390685 
0.397333 
0.397333 
0.397333 
0.397333 
0.397333 
0.397333 
0.383058 
0.347307 
0.300693 
0.253831 
0.217333 
0.189244 
0.161875 
0.137245 
0.117370 
0.104267 
0.095538 
0.087804 
0.081608 
0.077492 
0.076000 
0.101792 
0.163296 
0.236704 
0.298208 
0.324000 
0.324000 
0.324000 
0.324000 
0.324000 
0.324000 
0.324000 
0.324000 
0.324000 
0.324000 
0.324000 
0.324000 
0.324000 
0.324000 
0.324000 
0.324000 
0.308525 
0.271622 
0.227578 
0.190675 
0.175200 
0.175373 
0.175889 
0.176745 
0.177939 
0.179467 
0.212043 
0.298682 
0.427833 
0.587945 
0.767467 
1.101149 
1.633571 
2.217926 
2.707405 
2.955200 
3.026159 
3.083022 
3.125819 
3.154580 
3.169333 
3.175401 
3.179079 
3.181855 
3.185221 
3.190667 
3.205119 
3.229486 
3.256226 
3.277800 
3.286667 
3.062554 
2.528130 
1.890270 
1.355846 
1.131733 
1.380527 
1.979298 
2.706633 
3.341116 
3.661333 
3.743932 
3.811785 
3.862818 
3.894959 
3.906133 
3.905214 
3.902598 
3.898494 
3.893113 
3.886667 
3.866628 
3.828708 
3.785474 
3.749494 
3.733333 
3.731459 
3.729972 
3.728888 
3.728225 
3.728000 
3.730570 
3.737417 
3.747246 
3.758760 
3.770667 
3.784480 
3.801792 
3.821425 
3.842198 
3.862933 
3.887699 
3.917365 
3.945955 
3.967493 
3.976000 
3.976000 
3.976000 
3.976000 
3.976000 
3.976000 
3.976000 
3.976000 
3.976000 
3.976000 
3.976000 
3.983460 
4.001250 
4.022483 
4.040273 
4.047733 
4.025405 
3.962690 
3.865992 
3.741716 
3.596267 
3.226982 
2.568944 
1.835175 
1.238697 
0.992533 
0.999746 
1.018770 
1.045680 
1.076554 
1.107467 
1.148086 
1.202106 
1.256643 
1.298814 
1.315733 
1.280124 
1.195209 
1.093858 
1.008943 
0.973333 
0.987838 
1.022426 
1.063708 
1.098295 
1.112800 
1.098434 
1.064177 
1.023290 
0.989033 
0.974667 
0.982773 
1.003998 
1.033704 
1.067251 
1.100000 
1.132999 
1.170023 
1.210520 
1.253940 
1.299733 
1.359052 
1.432831 
1.505191 
1.560251 
1.582133 
1.531220 
1.406323 
1.249201 
1.101618 
1.005333 
0.956647 
0.919810 
0.888518 
0.856461 
0.817333 
0.759924 
0.687762 
0.616652 
0.562397 
0.540800 
0.547337 
0.564807 
0.589994 
0.619686 
0.650667 
0.685488 
0.728492 
0.779152 
0.836941 
0.901333 
0.982045 
1.083120 
1.195518 
1.310202 
1.418133 
1.535009 
1.666868 
1.790182 
1.881424 
1.917067 
1.823508 
1.600005 
1.332322 
1.106222 
1.007467 
1.001590 
0.996970 
0.993635 
0.991614 
0.990933 
0.991202 
0.991996 
0.993296 
0.995081 
0.997333 
1.016253 
1.058967 
1.111848 
1.161269 
1.193600 
1.212545 
1.229890 
1.244136 
1.253784 
1.257333 
1.239765 
1.197270 
1.145158 
1.098742 
1.073333 
1.065702 
1.061071 
1.057428 
1.052764 
1.045067 
1.018330 
0.968865 
0.913142 
0.867630 
0.848800 
0.857786 
0.880621 
0.911124 
0.943111 
0.970400 
0.996275 
1.024889 
1.051366 
1.070829 
1.078400 
1.078150 
1.077555 
1.076845 
1.076250 
1.076000 
1.080817 
1.093288 
1.110444 
1.129316 
1.146933 
1.166714 
1.190744 
1.214057 
1.231687 
1.238667 
1.215463 
1.159531 
1.091387 
1.031549 
1.000533 
0.993145 
0.988997 
0.985824 
0.981358 
0.973333 
0.873252 
0.649869 
0.386793 
0.167633 
0.076000 
0.076000 
0.076000 
0.076000 
0.076000 
0.076000 
0.111539 
0.201018 
0.318727 
0.438958 
0.536000 
0.615616 
0.695800 
0.769189 
0.828420 
0.866133 
0.889634 
0.910243 
0.926623 
0.937432 
0.941333 
0.927605 
0.894869 
0.855797 
0.823061 
0.809333 
0.819650 
0.844252 
0.873615 
0.898217 
0.908533 
0.908399 
0.908003 
0.907353 
0.906460 
0.905333 
0.894001 
0.868771 
0.839074 
0.814340 
0.804000 
0.811742 
0.830225 
0.852329 
0.870938 
0.878933 
0.879169 
0.879293 
0.879379 
0.879501 
0.879733 
0.882879 
0.890085 
0.898946 
0.907053 
0.912000 
0.914473 
0.916662 
0.918415 
0.919578 
0.920000 
0.919335 
0.917366 
0.914129 
0.909661 
0.904000 
0.838535 
0.689181 
0.507759 
0.346091 
0.256000 
0.223835 
0.199618 
0.180684 
0.164367 
0.148000 
0.129453 
0.110214 
0.093050 
0.080723 
0.076000 
0.076000 
0.076000 
0.076000 
0.076000 
0.076000 
0.094094 
0.138218 
0.193135 
0.243608 
0.274400 
0.289716 
0.303287 
0.314159 
0.321381 
0.324000 
0.324000 
0.324000 
0.324000 
0.324000 
0.324000 
0.324000 
0.324000 
0.324000 
0.324000 
0.324000 
0.317492 
0.300509 
0.276860 
0.250354 
0.224800 
0.194088 
0.155281 
0.116950 
0.087666 
0.076000 
0.076000 
0.076000 
0.076000 
0.076000 
0.076000 
0.076000 
0.076000 
0.076000 
0.076000 
0.076000 
0.088132 
0.118156 
0.156515 
0.193649 
0.220000 
0.235437 
0.247552 
0.258375 
0.269937 
0.284267 
0.306515 
0.335867 
0.365401 
0.388197 
0.397333 
0.397333 
0.397333 
0.397333 
0.397333 
0.397333 
0.382357 
0.346645 
0.304021 
0.268309 
0.253333 
0.255163 
0.259943 
0.266609 
0.274093 
0.281333 
0.290099 
0.301221 
0.312227 
0.320645 
0.324000 
0.324000 
0.324000 
0.324000 
0.324000 
0.324000 
0.324000 
0.324000 
0.324000 
0.324000 
0.324000 
0.321381 
0.314159 
0.303287 
0.289716 
0.274400 
0.243608 
0.193135 
0.138218 
0.094094 
0.076000 
0.076000 
0.076000 
0.076000 
0.076000 
0.076000 
0.076000 
0.076000 
0.076000 
0.076000 
0.076000 
0.080032 
0.090976 
0.107104 
0.126688 
0.148000 
