0.000000 
0.000000 
0.000000 
0.000000 
0.000000 
0.000000 
0.000000 
0.000000 
0.000000 
0.000000 
0.000000 
0.000000 
0.000000 
0.000000 
0.000000 
0.000000 
0.000000 
0.000000 
0.000000 
0.000000 
0.000000 
0.000000 
0.000000 
0.000000 
0.000000 
0.000000 
0.000000 
0.000000 
0.000000 
0.000000 
0.000000 
0.000000 
0.000000 
0.000000 
0.000000 
0.000000 
0.000000 
0.000000 
0.000000 
0.000000 
0.000000 
0.000000 
0.000000 
0.000000 
0.000000 
0.000000 
0.000000 
0.000000 
0.000000 
0.000000 
0.000000 
0.000000 
0.000000 
0.000000 
0.000000 
0.000000 
0.000000 
0.000000 
0.000000 
0.000000 
0.000000 
0.000000 
0.000000 
0.000000 
0.000000 
0.000000 
0.000000 
0.000000 
0.000000 
0.000000 
0.000000 
0.000000 
0.000000 
0.000000 
0.000000 
0.000000 
0.000000 
0.000000 
0.000000 
0.000000 
0.000000 
0.000000 
0.000000 
0.000000 
0.000000 
0.000000 
0.000000 
0.000000 
0.000000 
0.000000 
0.000000 
0.000000 
0.000000 
0.000000 
0.000000 
0.000000 
0.000000 
0.000000 
0.000000 
0.000000 
0.000000 
0.000000 
0.000000 
0.000000 
0.000000 
0.000000 
0.000000 
0.000000 
0.000000 
0.000000 
0.000000 
0.000000 
0.000000 
0.000000 
0.000000 
0.000000 
0.000000 
0.000000 
0.000000 
0.000000 
0.000000 
0.000000 
0.000000 
0.000000 
0.000000 
0.000000 
0.000000 
0.000000 
0.000000 
0.000000 
0.000000 
0.000000 
0.000000 
0.000000 
0.000000 
0.000000 
0.000000 
0.000000 
0.000000 
0.000000 
0.000000 
0.000000 
0.000000 
0.000000 
0.000000 
0.000000 
0.000000 
0.000000 
0.000000 
0.000000 
0.000000 
0.000000 
0.000000 
0.000000 
0.000000 
0.000000 
0.000000 
0.000000 
0.000000 
0.000000 
0.000000 
0.000000 
0.000000 
0.000000 
0.000000 
0.000000 
0.000000 
0.000000 
0.000000 
0.000000 
0.000000 
0.000000 
0.000000 
0.000000 
0.000000 
0.000000 
0.000000 
0.000000 
0.000000 
0.000000 
0.000000 
0.000000 
0.000000 
0.000000 
0.000000 
0.000000 
0.000000 
0.000000 
0.000000 
0.000000 
0.000000 
0.000000 
0.000000 
0.000000 
0.000000 
0.000000 
0.000000 
0.000000 
0.000000 
0.000000 
0.000000 
0.000000 
0.000000 
0.000000 
0.000000 
0.000000 
0.000000 
0.000000 
0.000000 
0.000000 
0.000000 
0.000000 
0.000000 
0.000000 
0.000000 
0.000000 
0.000000 
0.000000 
0.000000 
0.000000 
0.000000 
0.000000 
0.000000 
0.000000 
0.000000 
0.000000 
0.000000 
0.000000 
0.000000 
0.000000 
0.000000 
0.000000 
0.000000 
0.000000 
0.000000 
0.000000 
0.000000 
0.000000 
0.000000 
0.000000 
0.000000 
0.000000 
0.000000 
0.000000 
0.000000 
0.000000 
0.000000 
0.000000 
0.000000 
0.000000 
0.000000 
0.000000 
0.000000 
0.000000 
0.000000 
0.000000 
0.000000 
0.000000 
0.000000 
0.000000 
0.000000 
0.000000 
0.000000 
0.000000 
0.000000 
0.000000 
0.000000 
0.000000 
0.000000 
0.000000 
0.000000 
0.000000 
0.000000 
0.000000 
0.000000 
0.000000 
0.000000 
0.000000 
0.000000 
0.000000 
0.000000 
0.000000 
0.000000 
0.000000 
0.000000 
0.000000 
0.000000 
0.000000 
0.000000 
0.000000 
0.000000 
0.000000 
0.000000 
0.000000 
0.000000 
0.000000 
0.000000 
0.000000 
0.000000 
0.000000 
0.000000 
0.000000 
0.000000 
0.000000 
0.000000 
0.000000 
0.000000 
0.000000 
0.000000 
0.000000 
0.000000 
0.000000 
0.000000 
0.000000 
0.000000 
0.000000 
0.000000 
0.000000 
0.000000 
0.000000 
0.000000 
0.000000 
0.000000 
0.000000 
0.000000 
0.000000 
0.000000 
0.000000 
0.000000 
0.000000 
0.000000 
0.000000 
0.000000 
0.000000 
0.000000 
0.000000 
0.000000 
0.000000 
0.000000 
0.000000 
0.000000 
0.000000 
0.000000 
0.000000 
0.000000 
0.000000 
0.000000 
0.000000 
0.000000 
0.000000 
0.000000 
0.000000 
0.000000 
0.000000 
0.000000 
0.000000 
0.000000 
0.000000 
0.000000 
0.000000 
0.000000 
0.000000 
0.000000 
0.000000 
0.000000 
0.000000 
0.000000 
0.000000 
0.000000 
0.000000 
0.000000 
0.000000 
0.000000 
0.000000 
0.000000 
0.000000 
0.000000 
0.000000 
0.000000 
0.000000 
0.000000 
0.000000 
0.000000 
0.000000 
0.000000 
0.000000 
0.000000 
0.000000 
0.000000 
0.000000 
0.000000 
0.000000 
0.000000 
0.000000 
0.000000 
0.000000 
0.000000 
0.000000 
0.000000 
0.000000 
0.000000 
0.000000 
0.000000 
0.000000 
0.000000 
0.000000 
0.000000 
0.000000 
0.000000 
0.000000 
0.000000 
0.000000 
0.000000 
0.000000 
0.000000 
0.000000 
0.000000 
0.000000 
0.000000 
0.000000 
0.000000 
0.003450 
0.012938 
0.024622 
0.024494 
0.023191 
0.018947 
0.019895 
0.018576 
0.016896 
0.021819 
0.029723 
0.039106 
0.056975 
0.060695 
0.061209 
0.068140 
0.061874 
0.074748 
0.100798 
0.096106 
0.098168 
0.110899 
0.117453 
0.121732 
0.130036 
0.125197 
0.142610 
0.119483 
0.184119 
0.117472 
0.160667 
0.140778 
0.149437 
0.147794 
0.126644 
0.169894 
0.184925 
0.145438 
0.234154 
0.192288 
0.159402 
0.146315 
0.116712 
0.098245 
0.050796 
0.001996 
0.000000 
0.000000 
0.000000 
0.000000 
0.000000 
0.021263 
0.084193 
0.104084 
0.103045 
0.137200 
0.155692 
0.159771 
0.134048 
0.131455 
0.161168 
0.136386 
0.172083 
0.170522 
0.144316 
0.152122 
0.145911 
0.157720 
0.152250 
0.164167 
0.164015 
0.157723 
0.180492 
0.177216 
0.162379 
0.152569 
0.159244 
0.171910 
0.173384 
0.153197 
0.134943 
0.109272 
0.103236 
0.093954 
0.116477 
0.141372 
0.157464 
0.201742 
0.214656 
0.160731 
0.120246 
0.083893 
0.010653 
0.000000 
0.000000 
0.000000 
0.000000 
0.000000 
0.000000 
0.000000 
0.000000 
0.000000 
0.012255 
0.067006 
0.119938 
0.174671 
0.202405 
0.207992 
0.237256 
0.258916 
0.272442 
0.264627 
0.253831 
0.283763 
0.255167 
0.247912 
0.229910 
0.239312 
0.250275 
0.277039 
0.288402 
0.282401 
0.226543 
0.276742 
0.249156 
0.250790 
0.293926 
0.240240 
0.267305 
0.305613 
0.265196 
0.280982 
0.267554 
0.265974 
0.363084 
0.260786 
0.303337 
0.273613 
0.286287 
0.305061 
0.330227 
0.323616 
0.264054 
0.237919 
0.297058 
0.283057 
0.305558 
0.282646 
0.299357 
0.252781 
0.296764 
0.300215 
0.312527 
0.353812 
0.334594 
0.321991 
0.316853 
0.309968 
0.349381 
0.345327 
0.373884 
0.336400 
0.376855 
0.298734 
0.366322 
0.316639 
0.285123 
0.315906 
0.392761 
0.342664 
0.387115 
0.330314 
0.395509 
0.389765 
0.417571 
0.298969 
0.204161 
0.136665 
0.098747 
0.106288 
0.129223 
0.154196 
0.130526 
0.208818 
0.250474 
0.239351 
0.313735 
0.357088 
0.375852 
0.434446 
0.389105 
0.419147 
0.342680 
0.376844 
0.315774 
0.234429 
0.201063 
0.165115 
0.152205 
0.121178 
0.080212 
0.047740 
0.032214 
0.029283 
0.074248 
0.177857 
0.268954 
0.349811 
0.403772 
0.351159 
0.384246 
0.397605 
0.374768 
0.334508 
0.370645 
0.292616 
0.227246 
0.141922 
0.136837 
0.170701 
0.250434 
0.373301 
0.423808 
0.502819 
0.430454 
0.329919 
0.418669 
0.411394 
0.410814 
0.389990 
0.325455 
0.353083 
0.327749 
0.389745 
0.321930 
0.373262 
0.395909 
0.415223 
0.427747 
0.420697 
0.407497 
0.372961 
0.327858 
0.234632 
0.149259 
0.057248 
0.000000 
0.000000 
0.000000 
0.000000 
0.000000 
0.000000 
0.000000 
0.000000 
0.000000 
0.001525 
0.116248 
0.230140 
0.273832 
0.310303 
0.419869 
0.423906 
0.445498 
0.403740 
0.445752 
0.464171 
0.384764 
0.422554 
0.462283 
0.427334 
0.448726 
0.539383 
0.518739 
0.461980 
0.477534 
0.462047 
0.465132 
0.452769 
0.395856 
0.383247 
0.480115 
0.412205 
0.435662 
0.417059 
0.322355 
0.262162 
0.076824 
0.000000 
0.000000 
0.000000 
0.000000 
0.000000 
0.018552 
0.040228 
0.069959 
0.076178 
0.123304 
0.133666 
0.176165 
0.121618 
0.075454 
0.044667 
0.003541 
0.000000 
0.003709 
0.040517 
0.100955 
0.147437 
0.240429 
0.213548 
0.253782 
0.310023 
0.318868 
0.287634 
0.323547 
0.215699 
0.125801 
0.037031 
0.013088 
0.021662 
0.016828 
0.026377 
0.036707 
0.033373 
0.029334 
0.020704 
0.010966 
0.000584 
0.000000 
0.001927 
0.017647 
0.034104 
0.063305 
0.077075 
0.077730 
0.107387 
0.145017 
0.160764 
0.173249 
0.240333 
0.304377 
0.351361 
0.460807 
0.442696 
0.448073 
0.429449 
0.347318 
0.355070 
0.314843 
0.290116 
0.209340 
0.106431 
0.030331 
0.000000 
0.000000 
0.000000 
0.000000 
0.000000 
0.000000 
0.000000 
0.000000 
0.036437 
0.090702 
0.160851 
0.243461 
0.308876 
0.379212 
0.541190 
0.485675 
0.500416 
0.454321 
0.506746 
0.600890 
0.397487 
0.443738 
0.427459 
0.401966 
0.341134 
0.427470 
0.464212 
0.455126 
0.462975 
0.417785 
0.400930 
0.407986 
0.386975 
0.419660 
0.421683 
0.434123 
0.462446 
0.398406 
0.564223 
0.448307 
0.466865 
0.496735 
0.474943 
0.483370 
0.431952 
0.484876 
0.462006 
0.444188 
0.457791 
0.442426 
0.379989 
0.430704 
0.362555 
0.314728 
0.336683 
0.267604 
0.310135 
0.280448 
0.425001 
0.458735 
0.488481 
0.445132 
0.419817 
0.432606 
0.381719 
0.391889 
0.404810 
0.492141 
0.432548 
0.427933 
0.460996 
0.343061 
0.375987 
0.330212 
0.421124 
0.362023 
0.496868 
0.376681 
0.354410 
0.273598 
0.249552 
0.283637 
0.257294 
0.237972 
0.158246 
0.169835 
0.206999 
0.286626 
0.323652 
0.298568 
0.316991 
0.425613 
0.452644 
0.372372 
0.477801 
0.423176 
0.382375 
0.400169 
0.361358 
0.321978 
0.334145 
0.336736 
0.360669 
0.423505 
0.378359 
0.388925 
0.424619 
0.300858 
0.319365 
0.338290 
0.355816 
0.252839 
0.305221 
0.298697 
0.244612 
0.295364 
0.227840 
0.244961 
0.276987 
0.253289 
0.270931 
0.235326 
0.266069 
0.297108 
0.336297 
0.326143 
0.320016 
0.362717 
0.293139 
0.352409 
0.242952 
0.308303 
0.209998 
0.126697 
0.058825 
0.013401 
0.003495 
0.000000 
0.000000 
0.000000 
0.000000 
0.000000 
0.000000 
0.000000 
0.000000 
0.000000 
0.000000 
0.000000 
0.000000 
0.000000 
0.010267 
0.025231 
0.052975 
0.073488 
0.100671 
0.140268 
0.157941 
0.245245 
0.285897 
0.321882 
0.346152 
0.335008 
0.305651 
0.234070 
0.263587 
0.191579 
0.222205 
0.168063 
0.129233 
0.141298 
0.115427 
0.129791 
0.096148 
0.077454 
0.076552 
0.098151 
0.090333 
0.110582 
0.107884 
0.132614 
0.162885 
0.174590 
0.236144 
0.246857 
0.326965 
0.317435 
0.367326 
0.304653 
0.310344 
0.281585 
0.289352 
0.263116 
0.270058 
0.281557 
0.233544 
0.213434 
0.172324 
0.167625 
0.139291 
0.152291 
0.173746 
0.163198 
0.158002 
0.159647 
0.168754 
0.167693 
0.204971 
0.228267 
0.205142 
0.200685 
0.242719 
0.233540 
0.267177 
0.245521 
0.236087 
0.246041 
0.213741 
0.232351 
0.170823 
0.138587 
0.109644 
0.117394 
0.118779 
0.144508 
0.205070 
0.207405 
0.182233 
0.192536 
0.124082 
0.097863 
0.084209 
0.075207 
0.095463 
0.103332 
0.103308 
0.110519 
0.118810 
0.099343 
0.106625 
0.096781 
0.107124 
0.114284 
0.093915 
0.112768 
0.094888 
0.094811 
0.080682 
0.062344 
0.074141 
0.061483 
0.044086 
0.047865 
0.040810 
0.031767 
0.024049 
0.014886 
0.013169 
0.006842 
0.000427 
0.000000 
0.000000 
0.000000 
0.000000 
0.000000 
0.000000 
0.000000 
0.000000 
0.000000 
0.000000 
0.000000 
0.000000 
0.000000 
0.000000 
0.000000 
0.000000 
0.000000 
0.000000 
0.000000 
0.000000 
0.000000 
0.000000 
0.000000 
0.000000 
0.000000 
0.000000 
0.000000 
0.000000 
0.000000 
0.000000 
0.001842 
0.003306 
0.007326 
0.009670 
0.010866 
0.013758 
0.017494 
0.017760 
0.020471 
0.015203 
0.020440 
0.018932 
0.020784 
0.012514 
0.013702 
0.018234 
0.017254 
0.018974 
0.026180 
0.039345 
0.041282 
0.043114 
0.047029 
0.050758 
0.056839 
0.059365 
0.051491 
0.070602 
0.107884 
0.143017 
0.135741 
0.167327 
0.145578 
0.172366 
0.152508 
0.146536 
0.138142 
0.123651 
0.125536 
0.076104 
0.073859 
0.051983 
0.063625 
0.057307 
0.054624 
0.050542 
0.044221 
0.053057 
0.045149 
0.030207 
0.017241 
0.009503 
0.006173 
0.002137 
0.000000 
0.000000 
0.000000 
0.000000 
0.000000 
0.000000 
0.000000 
0.000000 
0.000000 
0.000000 
0.000000 
0.000000 
0.000000 
0.000000 
0.000000 
0.000000 
0.000000 
0.000000 
0.000000 
0.000000 
0.000000 
0.000000 
0.000000 
0.000000 
0.000000 
0.000000 
0.000000 
0.000000 
0.000000 
0.000000 
0.000000 
0.000000 
0.000000 
0.000000 
0.000000 
0.000000 
0.000000 
0.000000 
0.000000 
0.000000 
0.000000 
0.000000 
0.000000 
0.000000 
0.000000 
0.000000 
0.000000 
0.000000 
0.000000 
0.000000 
0.000000 
0.000000 
0.000000 
0.000000 
0.000000 
0.000000 
0.000000 
0.000000 
0.000000 
0.000000 
0.000000 
0.000000 
0.000000 
0.000000 
0.000000 
0.000000 
0.000000 
0.000000 
0.000000 
0.000000 
0.000000 
0.000000 
0.000000 
0.000000 
0.000000 
0.000000 
0.000000 
0.000000 
0.000000 
0.000000 
0.000000 
0.000000 
0.000000 
0.000000 
0.000000 
0.000000 
0.000000 
0.000000 
0.000000 
0.000000 
0.000000 
0.000000 
0.000000 
0.000000 
0.000000 
0.000000 
0.000000 
0.000000 
0.000000 
0.000000 
0.000000 
0.000000 
0.000000 
0.000000 
0.000000 
0.000000 
0.000000 
0.000000 
0.000000 
0.000000 
0.000000 
0.000000 
0.000000 
0.000000 
0.000000 
0.000000 
0.000000 
0.000000 
0.000000 
0.000000 
0.000000 
0.000000 
0.000000 
0.000000 
0.000000 
0.000000 
0.000000 
0.000000 
0.000000 
0.000000 
0.000000 
0.000000 
0.000000 
0.000000 
0.000000 
0.000000 
0.000000 
0.000000 
0.000000 
0.000000 
0.000000 
0.000000 
0.000000 
0.000000 
0.000000 
0.000000 
0.000000 
0.000000 
0.000000 
0.000000 
0.000000 
0.000000 
0.000000 
0.000000 
0.000000 
0.000000 
0.000000 
0.000000 
0.000000 
0.000000 
0.000000 
0.000000 
0.000000 
0.000000 
0.000000 
0.000000 
0.000000 
0.000000 
0.000000 
0.000000 
0.000000 
0.000000 
0.000000 
0.000000 
0.000000 
0.000000 
0.000000 
0.000000 
0.000000 
0.000000 
0.000000 
0.000000 
0.000000 
0.000000 
0.000000 
0.000000 
0.000000 
0.000000 
0.000000 
0.000000 
0.000000 
0.000000 
0.000000 
0.000000 
0.000000 
0.000000 
0.000000 
0.000000 
0.000000 
0.000000 
0.000000 
0.000000 
0.000000 
0.000000 
0.000000 
0.000000 
0.000000 
0.000000 
0.000000 
0.000000 
0.000000 
0.000000 
0.000000 
0.000000 
0.000000 
0.000000 
0.000000 
0.000000 
0.000000 
0.000000 
0.000000 
0.000000 
0.000000 
0.000000 
0.000000 
0.000000 
0.000000 
0.000000 
0.000000 
0.000000 
0.000000 
0.000000 
0.000000 
0.000000 
0.000000 
0.000000 
0.000000 
0.000000 
0.000000 
0.000000 
0.000000 
0.000000 
0.000000 
0.000000 
0.000000 
0.000000 
0.000000 
0.000000 
0.000000 
0.000000 
0.000000 
0.000000 
0.000000 
0.000000 
0.000000 
0.000000 
0.000000 
0.000000 
0.000000 
0.000000 
0.000000 
0.000000 
0.000000 
0.000000 
0.000000 
0.000000 
0.000000 
0.000000 
0.000000 
0.000000 
0.000000 
0.000000 
0.000000 
0.000000 
0.000000 
0.000000 
0.000000 
0.000000 
0.000000 
0.000000 
0.000000 
0.000000 
0.000000 
0.000000 
0.000000 
0.000000 
0.000000 
0.000000 
0.000000 
0.000000 
0.000000 
0.000000 
0.000000 
0.000000 
0.000000 
0.000000 
0.000000 
0.000000 
0.000000 
0.000000 
0.000000 
0.000000 
0.000000 
0.000000 
0.000000 
0.000000 
0.000000 
0.000000 
0.000000 
0.000000 
0.000000 
0.000000 
0.000000 
0.000000 
0.000000 
0.000000 
0.000000 
0.000000 
0.000000 
0.000000 
0.000000 
0.000000 
0.000000 
