0.061333 
0.061333 
0.061333 
0.061333 
0.061333 
0.061333 
0.061333 
0.061333 
0.061333 
0.061333 
0.061333 
0.061333 
0.061333 
0.061333 
0.061333 
0.073564 
0.104265 
0.144450 
0.185135 
0.217333 
0.244124 
0.271913 
0.296706 
0.314511 
0.321333 
0.321333 
0.321333 
0.321333 
0.321333 
0.321333 
0.321333 
0.321333 
0.321333 
0.321333 
0.321333 
0.344629 
0.400181 
0.466485 
0.522037 
0.545333 
0.526493 
0.480493 
0.423113 
0.370133 
0.337333 
0.322611 
0.311898 
0.303025 
0.293826 
0.282133 
0.264071 
0.240757 
0.217514 
0.199666 
0.192533 
0.195945 
0.204079 
0.213788 
0.221922 
0.225333 
0.225333 
0.225333 
0.225333 
0.225333 
0.225333 
0.223601 
0.218826 
0.211636 
0.202662 
0.192533 
0.172171 
0.138794 
0.102478 
0.073299 
0.061333 
0.061333 
0.061333 
0.061333 
0.061333 
0.061333 
0.061333 
0.061333 
0.061333 
0.061333 
0.061333 
0.061333 
0.061333 
0.061333 
0.061333 
0.061333 
0.088373 
0.152853 
0.229813 
0.294293 
0.321333 
0.321333 
0.321333 
0.321333 
0.321333 
0.321333 
0.321333 
0.321333 
0.321333 
0.321333 
0.321333 
0.321333 
0.321333 
0.321333 
0.321333 
0.321333 
0.305109 
0.266421 
0.220245 
0.181557 
0.165333 
0.169209 
0.179425 
0.193863 
0.210405 
0.226933 
0.248537 
0.277181 
0.306064 
0.328382 
0.337333 
0.337333 
0.337333 
0.337333 
0.337333 
0.337333 
0.314370 
0.259612 
0.194255 
0.139497 
0.116533 
0.117013 
0.118388 
0.120564 
0.123444 
0.126933 
0.139575 
0.164279 
0.192502 
0.215702 
0.225333 
0.225333 
0.225333 
0.225333 
0.225333 
0.225333 
0.225333 
0.225333 
0.225333 
0.225333 
0.225333 
0.213368 
0.184189 
0.147873 
0.114496 
0.094133 
0.084005 
0.075031 
0.067841 
0.063065 
0.061333 
0.061333 
0.061333 
0.061333 
0.061333 
0.061333 
0.061333 
0.061333 
0.061333 
0.061333 
0.061333 
0.061333 
0.061333 
0.061333 
0.061333 
0.061333 
0.061333 
0.061333 
0.061333 
0.061333 
0.061333 
0.067361 
0.083832 
0.108330 
0.138436 
0.171733 
0.229482 
0.319019 
0.417042 
0.500247 
0.545333 
0.562427 
0.576784 
0.587793 
0.594847 
0.597333 
0.584350 
0.551760 
0.509102 
0.465913 
0.431733 
0.406722 
0.384077 
0.362899 
0.342285 
0.321333 
0.296808 
0.269302 
0.243659 
0.224722 
0.217333 
0.218165 
0.220149 
0.222517 
0.224501 
0.225333 
0.225333 
0.225333 
0.225333 
0.225333 
0.225333 
0.225333 
0.225333 
0.225333 
0.225333 
0.225333 
0.221030 
0.209799 
0.194160 
0.176632 
0.159733 
0.139424 
0.113761 
0.088413 
0.069048 
0.061333 
0.061333 
0.061333 
0.061333 
0.061333 
0.061333 
0.061333 
0.061333 
0.061333 
0.061333 
0.061333 
0.061333 
0.061333 
0.061333 
0.061333 
0.061333 
0.061333 
0.061333 
0.061333 
0.061333 
0.061333 
0.088373 
0.152853 
0.229813 
0.294293 
0.321333 
0.321333 
0.321333 
0.321333 
0.321333 
0.321333 
0.321333 
0.321333 
0.321333 
0.321333 
0.321333 
0.321333 
0.321333 
0.321333 
0.321333 
0.321333 
0.308238 
0.275808 
0.234325 
0.194072 
0.165333 
0.145413 
0.126191 
0.109809 
0.098409 
0.094133 
0.107778 
0.140316 
0.179151 
0.211689 
0.225333 
0.225333 
0.225333 
0.225333 
0.225333 
0.225333 
0.228639 
0.237459 
0.250146 
0.265053 
0.280533 
0.303002 
0.334575 
0.367153 
0.392639 
0.402933 
0.398744 
0.387743 
0.372275 
0.354690 
0.337333 
0.319557 
0.299340 
0.276971 
0.252739 
0.226933 
0.192753 
0.149565 
0.106906 
0.074316 
0.061333 
0.061333 
0.061333 
0.061333 
0.061333 
0.061333 
0.080303 
0.126562 
0.184137 
0.237052 
0.269333 
0.285391 
0.299618 
0.311017 
0.318588 
0.321333 
0.321333 
0.321333 
0.321333 
0.321333 
0.321333 
0.321333 
0.321333 
0.321333 
0.321333 
0.321333 
0.327573 
0.342453 
0.360213 
0.375093 
0.381333 
0.365109 
0.326421 
0.280245 
0.241557 
0.225333 
0.225333 
0.225333 
0.225333 
0.225333 
0.225333 
0.221030 
0.209799 
0.194160 
0.176632 
0.159733 
0.139424 
0.113761 
0.088413 
0.069048 
0.061333 
0.061333 
0.061333 
0.061333 
0.061333 
0.061333 
0.061333 
0.061333 
0.061333 
0.061333 
0.061333 
0.061333 
0.061333 
0.061333 
0.061333 
0.061333 
0.061333 
0.061333 
0.061333 
0.061333 
0.061333 
0.061333 
0.061333 
0.061333 
0.061333 
0.061333 
0.061333 
0.061333 
0.061333 
0.061333 
0.061333 
0.061333 
0.061333 
0.061333 
0.061333 
0.061333 
0.063881 
0.071055 
0.082156 
0.096482 
0.113333 
0.147525 
0.207189 
0.281597 
0.360021 
0.431733 
0.507471 
0.594395 
0.676409 
0.737420 
0.761333 
0.761333 
0.761333 
0.761333 
0.761333 
0.761333 
0.751516 
0.725257 
0.687347 
0.642576 
0.595733 
0.533094 
0.447993 
0.355811 
0.271931 
0.211733 
0.168425 
0.127668 
0.093524 
0.070058 
0.061333 
0.061333 
0.061333 
0.061333 
0.061333 
0.061333 
0.087258 
0.154095 
0.245436 
0.344873 
0.436000 
0.524609 
0.621891 
0.719535 
0.809230 
0.882667 
0.947706 
1.012361 
1.068550 
1.108190 
1.123200 
1.113826 
1.091473 
1.064794 
1.042441 
1.033067 
1.043078 
1.066953 
1.095447 
1.119322 
1.129333 
1.118286 
1.091498 
1.058500 
1.028824 
1.012000 
1.005160 
0.999292 
0.994710 
0.991730 
0.990667 
1.003676 
1.040575 
1.098170 
1.173265 
1.262667 
1.526733 
2.018336 
2.573052 
3.026459 
3.214133 
3.118238 
2.874522 
2.548940 
2.207448 
1.916000 
1.653662 
1.376129 
1.114297 
0.899066 
0.761333 
0.686163 
0.631267 
0.586516 
0.541781 
0.486933 
0.410500 
0.318628 
0.227612 
0.153748 
0.113333 
0.096240 
0.081883 
0.070873 
0.063820 
0.061333 
0.061333 
0.061333 
0.061333 
0.061333 
0.061333 
0.061333 
0.061333 
0.061333 
0.061333 
0.061333 
0.061333 
0.061333 
0.061333 
0.061333 
0.061333 
0.061333 
0.061333 
0.061333 
0.061333 
0.061333 
0.061333 
0.061333 
0.061333 
0.061333 
0.061333 
0.061333 
0.061333 
0.061333 
0.061333 
0.061333 
0.061333 
0.061333 
0.061333 
0.061333 
0.061333 
0.061333 
0.061333 
0.061333 
0.061333 
0.061333 
0.061333 
0.061333 
0.061333 
0.061333 
0.061333 
0.073402 
0.105859 
0.153082 
0.209447 
0.269333 
0.362777 
0.499164 
0.641896 
0.754374 
0.800000 
0.800000 
0.800000 
0.800000 
0.800000 
0.800000 
0.794259 
0.780570 
0.764230 
0.750541 
0.744800 
0.749755 
0.762674 
0.780634 
0.800717 
0.820000 
0.842972 
0.871850 
0.900309 
0.922023 
0.930667 
0.930667 
0.930667 
0.930667 
0.930667 
0.930667 
0.930667 
0.930667 
0.930667 
0.930667 
0.930667 
0.930667 
0.930667 
0.930667 
0.930667 
0.930667 
0.930667 
0.930667 
0.930667 
0.930667 
0.930667 
0.930667 
0.930667 
0.930667 
0.930667 
0.930667 
0.840256 
0.624661 
0.367339 
0.151744 
0.061333 
0.073299 
0.102478 
0.138794 
0.172171 
0.192533 
0.202662 
0.211636 
0.218826 
0.223601 
0.225333 
0.225333 
0.225333 
0.225333 
0.225333 
0.225333 
0.243326 
0.286830 
0.340139 
0.387543 
0.413333 
0.420965 
0.425650 
0.429320 
0.433904 
0.441333 
0.463635 
0.503082 
0.546979 
0.582629 
0.597333 
0.568629 
0.500181 
0.418485 
0.350037 
0.321333 
0.321333 
0.321333 
0.321333 
0.321333 
0.321333 
0.321333 
0.321333 
0.321333 
0.321333 
0.321333 
0.294293 
0.229813 
0.152853 
0.088373 
0.061333 
0.061333 
0.061333 
0.061333 
0.061333 
0.061333 
0.061333 
0.061333 
0.061333 
0.061333 
0.061333 
0.061333 
0.061333 
0.061333 
0.061333 
0.061333 
0.061333 
0.061333 
0.061333 
0.061333 
0.061333 
0.065637 
0.076867 
0.092506 
0.110035 
0.126933 
0.147243 
0.172906 
0.198254 
0.217619 
0.225333 
0.225333 
0.225333 
0.225333 
0.225333 
0.225333 
0.236293 
0.264836 
0.304460 
0.348660 
0.390933 
0.440861 
0.503314 
0.564723 
0.611519 
0.630133 
0.628550 
0.624071 
0.617104 
0.608055 
0.597333 
0.569886 
0.519866 
0.461490 
0.408974 
0.376533 
0.362097 
0.352213 
0.344028 
0.334686 
0.321333 
0.298665 
0.266660 
0.230388 
0.194922 
0.165333 
0.138543 
0.110754 
0.085961 
0.068156 
0.061333 
0.061333 
0.061333 
0.061333 
0.061333 
0.061333 
0.069048 
0.088413 
0.113761 
0.139424 
0.159733 
0.176632 
0.194160 
0.209799 
0.221030 
0.225333 
0.225333 
0.225333 
0.225333 
0.225333 
0.225333 
0.225333 
0.225333 
0.225333 
0.225333 
0.225333 
0.208277 
0.167605 
0.119061 
0.078389 
0.061333 
0.061333 
0.061333 
0.061333 
0.061333 
0.061333 
0.061333 
0.061333 
0.061333 
0.061333 
0.061333 
0.061333 
0.061333 
0.061333 
0.061333 
0.061333 
0.061333 
0.061333 
0.061333 
0.061333 
0.061333 
0.088373 
0.152853 
0.229813 
0.294293 
0.321333 
0.321333 
0.321333 
0.321333 
0.321333 
0.321333 
0.334316 
0.366906 
0.409565 
0.452753 
0.486933 
0.515372 
0.544871 
0.571191 
0.590091 
0.597333 
0.587854 
0.562655 
0.526596 
0.484536 
0.441333 
0.383595 
0.305712 
0.224217 
0.155646 
0.116533 
0.098714 
0.083515 
0.071705 
0.064055 
0.061333 
0.061333 
0.061333 
0.061333 
0.061333 
0.061333 
0.061333 
0.061333 
0.061333 
0.061333 
0.061333 
0.061333 
0.061333 
0.061333 
0.061333 
0.061333 
0.073299 
0.102478 
0.138794 
0.172171 
0.192533 
0.202662 
0.211636 
0.218826 
0.223601 
0.225333 
0.225333 
0.225333 
0.225333 
0.225333 
0.225333 
0.223601 
0.218826 
0.211636 
0.202662 
0.192533 
0.172171 
0.138794 
0.102478 
0.073299 
0.061333 
0.061333 
0.061333 
0.061333 
0.061333 
0.061333 
0.080303 
0.126562 
0.184137 
0.237052 
0.269333 
0.285391 
0.299618 
0.311017 
0.318588 
0.321333 
0.321333 
0.321333 
0.321333 
0.321333 
0.321333 
0.330284 
0.352603 
0.381485 
0.410130 
0.431733 
0.448262 
0.464804 
0.479242 
0.489457 
0.493333 
0.482250 
0.453844 
0.415380 
0.374121 
0.337333 
0.303786 
0.268626 
0.233679 
0.200772 
0.171733 
0.143294 
0.113795 
0.087476 
0.068576 
0.061333 
0.061333 
0.061333 
0.061333 
0.061333 
0.061333 
0.061333 
0.061333 
0.061333 
0.061333 
0.061333 
0.061333 
0.061333 
0.061333 
0.061333 
0.061333 
0.061333 
0.061333 
0.061333 
0.061333 
0.061333 
0.061333 
0.061333 
0.061333 
0.061333 
0.061333 
0.061333 
0.061333 
0.061333 
0.061333 
0.061333 
0.061333 
0.061333 
0.061333 
0.061333 
0.061333 
0.061333 
0.061333 
0.061333 
0.061333 
0.061333 
0.061333 
0.061333 
0.061333 
0.061333 
0.061333 
0.061333 
0.061333 
0.061333 
0.061333 
0.061333 
0.081470 
0.130576 
0.191694 
0.247865 
0.282133 
0.299179 
0.314282 
0.326382 
0.334419 
0.337333 
0.337333 
0.337333 
0.337333 
0.337333 
0.337333 
0.308629 
0.240181 
0.158485 
0.090037 
0.061333 
0.061333 
0.061333 
0.061333 
0.061333 
0.061333 
0.080303 
0.126562 
0.184137 
0.237052 
0.269333 
0.285391 
0.299618 
0.311017 
0.318588 
0.321333 
0.321333 
0.321333 
0.321333 
0.321333 
0.321333 
0.321333 
0.321333 
0.321333 
0.321333 
0.321333 
0.314511 
0.296706 
0.271913 
0.244124 
0.217333 
0.185135 
0.144450 
0.104265 
0.073564 
0.061333 
0.101269 
0.196501 
0.310165 
0.405397 
0.445333 
0.443420 
0.438857 
0.433410 
0.428847 
0.426933 
0.434054 
0.453031 
0.480287 
0.512247 
0.545333 
0.588112 
0.645036 
0.706356 
0.762327 
0.803200 
0.833486 
0.862213 
0.886410 
0.903107 
0.909333 
0.907392 
0.902763 
0.897237 
0.892608 
0.890667 
0.893911 
0.903045 
0.917171 
0.935389 
0.956800 
1.013045 
1.114326 
1.227591 
1.319789 
1.357867 
1.353182 
1.340281 
1.320897 
1.296759 
1.269600 
1.223262 
1.150548 
1.066630 
0.986679 
0.925867 
0.878226 
0.831412 
0.791032 
0.762692 
0.752000 
0.759559 
0.780364 
0.811602 
0.850462 
0.894133 
0.957864 
1.053066 
1.171176 
1.303631 
1.441867 
1.627815 
1.871269 
2.115456 
2.303602 
2.378933 
2.343284 
2.249030 
2.115215 
1.960880 
1.805067 
1.595950 
1.314507 
1.028981 
0.807620 
0.718667 
0.738355 
0.786084 
0.844848 
0.897644 
0.927467 
0.939457 
0.949729 
0.957739 
0.962944 
0.964800 
0.956092 
0.935326 
0.910541 
0.889775 
0.881067 
0.881981 
0.884418 
0.887917 
0.892020 
0.896267 
0.902371 
0.910905 
0.919693 
0.926561 
0.929333 
0.918485 
0.891710 
0.857666 
0.825010 
0.802400 
0.787611 
0.773605 
0.761820 
0.753695 
0.750667 
0.770755 
0.819796 
0.880952 
0.937388 
0.972267 
0.990172 
1.006135 
1.018984 
1.027551 
1.030667 
1.007612 
0.949768 
0.874119 
0.797647 
0.737333 
0.690876 
0.646126 
0.605298 
0.570607 
0.544267 
0.522844 
0.502745 
0.485944 
0.474415 
0.470133 
0.472005 
0.477423 
0.486091 
0.497715 
0.512000 
0.570698 
0.690596 
0.833944 
0.962995 
1.040000 
1.076779 
1.108949 
1.134464 
1.151275 
1.157333 
1.155115 
1.149824 
1.143509 
1.138219 
1.136000 
1.138587 
1.145895 
1.157243 
1.171949 
1.189333 
1.233925 
1.314821 
1.408196 
1.490220 
1.537067 
1.554805 
1.567220 
1.577060 
1.587070 
1.600000 
1.618070 
1.639749 
1.662153 
1.682398 
1.697600 
1.707170 
1.713923 
1.720077 
1.727851 
1.739467 
1.773757 
1.834882 
1.903049 
1.958463 
1.981333 
1.979328 
1.973985 
1.966311 
1.957313 
1.948000 
1.934610 
1.915891 
1.896614 
1.881549 
1.875467 
1.890498 
1.926342 
1.969124 
2.004969 
2.020000 
2.006692 
1.971915 
1.923392 
1.868847 
1.816000 
1.764427 
1.708053 
1.646134 
1.577920 
1.502667 
1.399306 
1.266024 
1.130957 
1.022237 
0.968000 
0.951732 
0.938419 
0.928439 
0.922173 
0.920000 
0.927904 
0.947765 
0.973808 
1.000256 
1.021333 
1.035858 
1.047922 
1.059657 
1.073194 
1.090667 
1.112953 
1.140715 
1.175761 
1.219898 
1.274933 
1.381999 
1.558504 
1.770677 
1.984745 
2.166933 
2.337375 
2.519671 
2.685252 
2.805552 
2.852000 
2.779755 
2.607477 
2.401856 
2.229579 
2.157333 
2.184900 
2.250637 
2.329097 
2.394833 
2.422400 
2.369124 
2.242082 
2.090451 
1.963409 
1.910133 
1.944829 
2.033197 
2.151657 
2.276629 
2.384533 
2.489055 
2.605958 
2.714788 
2.795088 
2.826400 
2.693747 
2.375651 
1.991909 
1.662316 
1.506667 
1.481807 
1.463542 
1.450107 
1.439736 
1.430667 
1.422854 
1.416757 
1.411367 
1.405673 
1.398667 
1.388508 
1.375658 
1.362554 
1.351633 
1.345333 
1.342329 
1.339760 
1.337760 
1.336462 
1.336000 
1.343971 
1.364146 
1.390924 
1.418698 
1.441867 
1.460116 
1.477263 
1.493899 
1.510614 
1.528000 
1.545158 
1.561707 
1.579010 
1.598430 
1.621333 
1.657309 
1.706801 
1.757451 
1.796903 
1.812800 
1.784567 
1.717244 
1.636890 
1.569566 
1.541333 
1.601321 
1.744367 
1.915100 
2.058146 
2.118133 
2.088142 
2.014687 
1.922547 
1.836503 
1.781333 
1.750513 
1.722534 
1.699698 
1.684308 
1.678667 
1.678667 
1.678667 
1.678667 
1.678667 
1.678667 
1.671114 
1.650729 
1.620920 
1.585096 
1.546667 
1.487347 
1.400676 
1.307797 
1.229857 
1.188000 
1.175242 
1.167949 
1.162288 
1.154427 
1.140533 
1.016657 
0.747560 
0.432482 
0.170660 
0.061333 
0.065637 
0.076867 
0.092506 
0.110035 
0.126933 
0.147243 
0.172906 
0.198254 
0.217619 
0.225333 
0.225333 
0.225333 
0.225333 
0.225333 
0.225333 
0.225333 
0.225333 
0.225333 
0.225333 
0.225333 
0.211689 
0.179151 
0.140316 
0.107778 
0.094133 
0.104086 
0.129304 
0.162826 
0.197689 
0.226933 
0.253848 
0.283156 
0.310047 
0.329710 
0.337333 
0.337333 
0.337333 
0.337333 
0.337333 
0.337333 
0.317196 
0.268090 
0.206973 
0.150801 
0.116533 
0.099488 
0.084385 
0.072285 
0.064248 
0.061333 
0.061333 
0.061333 
0.061333 
0.061333 
0.061333 
