0.027232 
0.035840 
0.045952 
0.056896 
0.068000 
0.078592 
0.088000 
0.095552 
0.100576 
0.102400 
0.101734 
0.100147 
0.098253 
0.096666 
0.096000 
0.099328 
0.107264 
0.116736 
0.124672 
0.128000 
0.126142 
0.121711 
0.116422 
0.111991 
0.110133 
0.120784 
0.147898 
0.184220 
0.222495 
0.255467 
0.281502 
0.305456 
0.329806 
0.357028 
0.389600 
0.438728 
0.504706 
0.573641 
0.631636 
0.664800 
0.678123 
0.687318 
0.694572 
0.702070 
0.712000 
0.727919 
0.748709 
0.769540 
0.785580 
0.792000 
0.792000 
0.792000 
0.792000 
0.792000 
0.792000 
0.754821 
0.664752 
0.553992 
0.454741 
0.399200 
0.377521 
0.359019 
0.344637 
0.335316 
0.332000 
0.343151 
0.371970 
0.411508 
0.454812 
0.494933 
0.534744 
0.579060 
0.623843 
0.665058 
0.698667 
0.727109 
0.754216 
0.778035 
0.796613 
0.808000 
0.814788 
0.820650 
0.825251 
0.828257 
0.829333 
0.826631 
0.818825 
0.806372 
0.789723 
0.769333 
0.682245 
0.506546 
0.304257 
0.137401 
0.068000 
0.068000 
0.068000 
0.068000 
0.068000 
0.068000 
0.068000 
0.068000 
0.068000 
0.068000 
0.068000 
0.068000 
0.068000 
0.068000 
0.068000 
0.068000 
0.068000 
0.068000 
0.068000 
0.068000 
0.068000 
0.086094 
0.130218 
0.185135 
0.235608 
0.266400 
0.281716 
0.295287 
0.306159 
0.313381 
0.316000 
0.316000 
0.316000 
0.316000 
0.316000 
0.316000 
0.316000 
0.316000 
0.316000 
0.316000 
0.316000 
0.314788 
0.311436 
0.306370 
0.300016 
0.292800 
0.277791 
0.252853 
0.225607 
0.203672 
0.194667 
0.194667 
0.194667 
0.194667 
0.194667 
0.194667 
0.194667 
0.194667 
0.194667 
0.194667 
0.194667 
0.181493 
0.150080 
0.112587 
0.081173 
0.068000 
0.068000 
0.068000 
0.068000 
0.068000 
0.068000 
0.068000 
0.068000 
0.068000 
0.068000 
0.068000 
0.068000 
0.068000 
0.068000 
0.068000 
0.068000 
0.068000 
0.068000 
0.068000 
0.068000 
0.068000 
0.074508 
0.091491 
0.115140 
0.141646 
0.167200 
0.197912 
0.236719 
0.275050 
0.304334 
0.316000 
0.316000 
0.316000 
0.316000 
0.316000 
0.316000 
0.317338 
0.321026 
0.326579 
0.333510 
0.341333 
0.357060 
0.382839 
0.410889 
0.433425 
0.442667 
0.416875 
0.355371 
0.281963 
0.220459 
0.194667 
0.194667 
0.194667 
0.194667 
0.194667 
0.194667 
0.188708 
0.173751 
0.154174 
0.134353 
0.118667 
0.105615 
0.092077 
0.079998 
0.071324 
0.068000 
0.068000 
0.068000 
0.068000 
0.068000 
0.068000 
0.068000 
0.068000 
0.068000 
0.068000 
0.068000 
0.068000 
0.068000 
0.068000 
0.068000 
0.068000 
0.068000 
0.068000 
0.068000 
0.068000 
0.068000 
0.068000 
0.068000 
0.068000 
0.068000 
0.068000 
0.068000 
0.068000 
0.068000 
0.068000 
0.068000 
0.068000 
0.068000 
0.068000 
0.068000 
0.068000 
0.068000 
0.068000 
0.068000 
0.068000 
0.068000 
0.068000 
0.068000 
0.068000 
0.068000 
0.068000 
0.068000 
0.068000 
0.068000 
0.068000 
0.068000 
0.086094 
0.130218 
0.185135 
0.235608 
0.266400 
0.281716 
0.295287 
0.306159 
0.313381 
0.316000 
0.316000 
0.316000 
0.316000 
0.316000 
0.316000 
0.316000 
0.316000 
0.316000 
0.316000 
0.316000 
0.310167 
0.295547 
0.276457 
0.257213 
0.242133 
0.229799 
0.217103 
0.205827 
0.197754 
0.194667 
0.194667 
0.194667 
0.194667 
0.194667 
0.194667 
0.194667 
0.194667 
0.194667 
0.194667 
0.194667 
0.188708 
0.173751 
0.154174 
0.134353 
0.118667 
0.105615 
0.092077 
0.079998 
0.071324 
0.068000 
0.068000 
0.068000 
0.068000 
0.068000 
0.068000 
0.068000 
0.068000 
0.068000 
0.068000 
0.068000 
0.068000 
0.068000 
0.068000 
0.068000 
0.068000 
0.068000 
0.068000 
0.068000 
0.068000 
0.068000 
0.093792 
0.155296 
0.228704 
0.290208 
0.316000 
0.316000 
0.316000 
0.316000 
0.316000 
0.316000 
0.316000 
0.316000 
0.316000 
0.316000 
0.316000 
0.329173 
0.360587 
0.398080 
0.429493 
0.442667 
0.431001 
0.401717 
0.363386 
0.324579 
0.293867 
0.270459 
0.248246 
0.227816 
0.209760 
0.194667 
0.182757 
0.173010 
0.164151 
0.154905 
0.144000 
0.128314 
0.108493 
0.088915 
0.073958 
0.068000 
0.068000 
0.068000 
0.068000 
0.068000 
0.068000 
0.068000 
0.068000 
0.068000 
0.068000 
0.068000 
0.068000 
0.068000 
0.068000 
0.068000 
0.068000 
0.068000 
0.068000 
0.068000 
0.068000 
0.068000 
0.068000 
0.068000 
0.068000 
0.068000 
0.068000 
0.068000 
0.068000 
0.068000 
0.068000 
0.068000 
0.068000 
0.068000 
0.068000 
0.068000 
0.068000 
0.068000 
0.068000 
0.068000 
0.068000 
0.068000 
0.068000 
0.068000 
0.068000 
0.068000 
0.068000 
0.099053 
0.174161 
0.266249 
0.348243 
0.393067 
0.409242 
0.422920 
0.433470 
0.440262 
0.442667 
0.442667 
0.442667 
0.442667 
0.442667 
0.442667 
0.437397 
0.424832 
0.409835 
0.397269 
0.392000 
0.413993 
0.466436 
0.529030 
0.581474 
0.603467 
0.585218 
0.541702 
0.489764 
0.446249 
0.428000 
0.428499 
0.429690 
0.431110 
0.432301 
0.432800 
0.424936 
0.405719 
0.381715 
0.359487 
0.345600 
0.339434 
0.335175 
0.331599 
0.327482 
0.321600 
0.309632 
0.291467 
0.272192 
0.256896 
0.250667 
0.251582 
0.254181 
0.258242 
0.263544 
0.269867 
0.287000 
0.318790 
0.356092 
0.389765 
0.410667 
0.420027 
0.426428 
0.431747 
0.437867 
0.446667 
0.464583 
0.491762 
0.520650 
0.543692 
0.553333 
0.553715 
0.554013 
0.554227 
0.554357 
0.554400 
0.548742 
0.535251 
0.519149 
0.505658 
0.500000 
0.500782 
0.502987 
0.506400 
0.510809 
0.516000 
0.526035 
0.543459 
0.565785 
0.590528 
0.615200 
0.645912 
0.684719 
0.723050 
0.752334 
0.764000 
0.745696 
0.702048 
0.649952 
0.606304 
0.588000 
0.589338 
0.593026 
0.598579 
0.605510 
0.613333 
0.629060 
0.654839 
0.682889 
0.705425 
0.714667 
0.660587 
0.531627 
0.377707 
0.248747 
0.194667 
0.194667 
0.194667 
0.194667 
0.194667 
0.194667 
0.188708 
0.173751 
0.154174 
0.134353 
0.118667 
0.105615 
0.092077 
0.079998 
0.071324 
0.068000 
0.068000 
0.068000 
0.068000 
0.068000 
0.068000 
0.068000 
0.068000 
0.068000 
0.068000 
0.068000 
0.068000 
0.068000 
0.068000 
0.068000 
0.068000 
0.068000 
0.068000 
0.068000 
0.068000 
0.068000 
0.068000 
0.068000 
0.068000 
0.068000 
0.068000 
0.070619 
0.077841 
0.088713 
0.102284 
0.117600 
0.148392 
0.198865 
0.253782 
0.297906 
0.316000 
0.316000 
0.316000 
0.316000 
0.316000 
0.316000 
0.316000 
0.316000 
0.316000 
0.316000 
0.316000 
0.316000 
0.316000 
0.316000 
0.316000 
0.316000 
0.297906 
0.253782 
0.198865 
0.148392 
0.117600 
0.102284 
0.088713 
0.077841 
0.070619 
0.068000 
0.077242 
0.099778 
0.127827 
0.153606 
0.169333 
0.175785 
0.179975 
0.183472 
0.187846 
0.194667 
0.214572 
0.249646 
0.288635 
0.320283 
0.333333 
0.331996 
0.328307 
0.322754 
0.315823 
0.308000 
0.294055 
0.271841 
0.246465 
0.223037 
0.206667 
0.195544 
0.185130 
0.176437 
0.170478 
0.168267 
0.177141 
0.198304 
0.223563 
0.244725 
0.253600 
0.252602 
0.250221 
0.247379 
0.244998 
0.244000 
0.244000 
0.244000 
0.244000 
0.244000 
0.244000 
0.250508 
0.267491 
0.291140 
0.317646 
0.343200 
0.373912 
0.412719 
0.451050 
0.480334 
0.492000 
0.492000 
0.492000 
0.492000 
0.492000 
0.492000 
0.492000 
0.492000 
0.492000 
0.492000 
0.492000 
0.492000 
0.492000 
0.492000 
0.492000 
0.492000 
0.466208 
0.404704 
0.331296 
0.269792 
0.244000 
0.244000 
0.244000 
0.244000 
0.244000 
0.244000 
0.244000 
0.244000 
0.244000 
0.244000 
0.244000 
0.244000 
0.244000 
0.244000 
0.244000 
0.244000 
0.244000 
0.244000 
0.244000 
0.244000 
0.244000 
0.246554 
0.253219 
0.262501 
0.272904 
0.282933 
0.294987 
0.310218 
0.325262 
0.336755 
0.341333 
0.341333 
0.341333 
0.341333 
0.341333 
0.341333 
0.345577 
0.355695 
0.367772 
0.377890 
0.382133 
0.375755 
0.359392 
0.337205 
0.313354 
0.292000 
0.269897 
0.244261 
0.219943 
0.201794 
0.194667 
0.194667 
0.194667 
0.194667 
0.194667 
0.194667 
0.207285 
0.237376 
0.273291 
0.303381 
0.316000 
0.316000 
0.316000 
0.316000 
0.316000 
0.316000 
0.316000 
0.316000 
0.316000 
0.316000 
0.316000 
0.316000 
0.316000 
0.316000 
0.316000 
0.316000 
0.304334 
0.275050 
0.236719 
0.197912 
0.167200 
0.141646 
0.115140 
0.091491 
0.074508 
0.068000 
0.068000 
0.068000 
0.068000 
0.068000 
0.068000 
0.068000 
0.068000 
0.068000 
0.068000 
0.068000 
0.068000 
0.068000 
0.068000 
0.068000 
0.068000 
0.073958 
0.088915 
0.108493 
0.128314 
0.144000 
0.157052 
0.170590 
0.182669 
0.191343 
0.194667 
0.194667 
0.194667 
0.194667 
0.194667 
0.194667 
0.194667 
0.194667 
0.194667 
0.194667 
0.194667 
0.181493 
0.150080 
0.112587 
0.081173 
0.068000 
0.074508 
0.091491 
0.115140 
0.141646 
0.167200 
0.197912 
0.236719 
0.275050 
0.304334 
0.316000 
0.316000 
0.316000 
0.316000 
0.316000 
0.316000 
0.316000 
0.316000 
0.316000 
0.316000 
0.316000 
0.316000 
0.316000 
0.316000 
0.316000 
0.316000 
0.290208 
0.228704 
0.155296 
0.093792 
0.068000 
0.068000 
0.068000 
0.068000 
0.068000 
0.068000 
0.068000 
0.068000 
0.068000 
0.068000 
0.068000 
0.068000 
0.068000 
0.068000 
0.068000 
0.068000 
0.068000 
0.068000 
0.068000 
0.068000 
0.068000 
0.068000 
0.068000 
0.068000 
0.068000 
0.068000 
0.068000 
0.068000 
0.068000 
0.068000 
0.068000 
0.068000 
0.068000 
0.068000 
0.068000 
0.068000 
0.068000 
0.068000 
0.068000 
0.068000 
0.068000 
0.068000 
0.068000 
0.068000 
0.068000 
0.068000 
0.068000 
0.068000 
0.068000 
0.068000 
0.068000 
0.068000 
0.068000 
0.068000 
0.068000 
0.068000 
0.068000 
0.068000 
0.068000 
0.068000 
0.068000 
0.093792 
0.155296 
0.228704 
0.290208 
0.316000 
0.316000 
0.316000 
0.316000 
0.316000 
0.316000 
0.316000 
0.316000 
0.316000 
0.316000 
0.316000 
0.321269 
0.333835 
0.348832 
0.361397 
0.366667 
0.361783 
0.349103 
0.331585 
0.312187 
0.293867 
0.272801 
0.246856 
0.221524 
0.202296 
0.194667 
0.194667 
0.194667 
0.194667 
0.194667 
0.194667 
0.185425 
0.162889 
0.134839 
0.109060 
0.093333 
0.085510 
0.078579 
0.073026 
0.069338 
0.068000 
0.068000 
0.068000 
0.068000 
0.068000 
0.068000 
0.068000 
0.068000 
0.068000 
0.068000 
0.068000 
0.068000 
0.068000 
0.068000 
0.068000 
0.068000 
0.068000 
0.068000 
0.068000 
0.068000 
0.068000 
0.086094 
0.130218 
0.185135 
0.235608 
0.266400 
0.281716 
0.295287 
0.306159 
0.313381 
0.316000 
0.316000 
0.316000 
0.316000 
0.316000 
0.316000 
0.316000 
0.316000 
0.316000 
0.316000 
0.316000 
0.316222 
0.316751 
0.317382 
0.317911 
0.318133 
0.305293 
0.274673 
0.238127 
0.207507 
0.194667 
0.194667 
0.194667 
0.194667 
0.194667 
0.194667 
0.193329 
0.189641 
0.184087 
0.177156 
0.169333 
0.153606 
0.127827 
0.099778 
0.077242 
0.068000 
0.068000 
0.068000 
0.068000 
0.068000 
0.068000 
0.068000 
0.068000 
0.068000 
0.068000 
0.068000 
0.068000 
0.068000 
0.068000 
0.068000 
0.068000 
0.068000 
0.068000 
0.068000 
0.068000 
0.068000 
0.068000 
0.068000 
0.068000 
0.068000 
0.068000 
0.068000 
0.068000 
0.068000 
0.068000 
0.068000 
0.068000 
0.068000 
0.068000 
0.068000 
0.068000 
0.093792 
0.155296 
0.228704 
0.290208 
0.316000 
0.316000 
0.316000 
0.316000 
0.316000 
0.316000 
0.316000 
0.316000 
0.316000 
0.316000 
0.316000 
0.316000 
0.316000 
0.316000 
0.316000 
0.316000 
0.304334 
0.275050 
0.236719 
0.197912 
0.167200 
0.141646 
0.115140 
0.091491 
0.074508 
0.068000 
0.068000 
0.068000 
0.068000 
0.068000 
0.068000 
0.068000 
0.068000 
0.068000 
0.068000 
0.068000 
0.081173 
0.112587 
0.150080 
0.181493 
0.194667 
0.194667 
0.194667 
0.194667 
0.194667 
0.194667 
0.194667 
0.194667 
0.194667 
0.194667 
0.194667 
0.191343 
0.182669 
0.170590 
0.157052 
0.144000 
0.128314 
0.108493 
0.088915 
0.073958 
0.068000 
0.070619 
0.077841 
0.088713 
0.102284 
0.117600 
0.148392 
0.198865 
0.253782 
0.297906 
0.316000 
0.316000 
0.316000 
0.316000 
0.316000 
0.316000 
0.316000 
0.316000 
0.316000 
0.316000 
0.316000 
0.323790 
0.342965 
0.367231 
0.390296 
0.405867 
0.415558 
0.424603 
0.432135 
0.437289 
0.439200 
0.433847 
0.421084 
0.405850 
0.393086 
0.387733 
0.389918 
0.395951 
0.405051 
0.416439 
0.429333 
0.455706 
0.499234 
0.546697 
0.584870 
0.600533 
0.581897 
0.537455 
0.484412 
0.439970 
0.421333 
0.423996 
0.430345 
0.437922 
0.444271 
0.446933 
0.446912 
0.446848 
0.446741 
0.446591 
0.446400 
0.432148 
0.398469 
0.358343 
0.324749 
0.310667 
0.312120 
0.316307 
0.322967 
0.331840 
0.342667 
0.386163 
0.472942 
0.572585 
0.654677 
0.688800 
0.686358 
0.679841 
0.670465 
0.659447 
0.648000 
0.631367 
0.607982 
0.583846 
0.564962 
0.557333 
0.560661 
0.568597 
0.578069 
0.586005 
0.589333 
0.577266 
0.547040 
0.507622 
0.467975 
0.437067 
0.413217 
0.389938 
0.368985 
0.352110 
0.341067 
0.334161 
0.328463 
0.323871 
0.320284 
0.317600 
0.315373 
0.313340 
0.311674 
0.310547 
0.310133 
0.310468 
0.311393 
0.312791 
0.314544 
0.316533 
0.319311 
0.323460 
0.328914 
0.335606 
0.343467 
0.358897 
0.383511 
0.410063 
0.431308 
0.440000 
0.439479 
0.438011 
0.435736 
0.432797 
0.429333 
0.422136 
0.409488 
0.393772 
0.377371 
0.362667 
0.347651 
0.330735 
0.314925 
0.303233 
0.298667 
0.327841 
0.400794 
0.495665 
0.590598 
0.663733 
0.721810 
0.780832 
0.832843 
0.869884 
0.884000 
0.883577 
0.882357 
0.880416 
0.877828 
0.874667 
0.866284 
0.849520 
0.826679 
0.800070 
0.772000 
0.731096 
0.674095 
0.615466 
0.569678 
0.551200 
0.557539 
0.572798 
0.591341 
0.607531 
0.615733 
0.617517 
0.618545 
0.619322 
0.620350 
0.622133 
0.628253 
0.640280 
0.655700 
0.672000 
0.686667 
0.700337 
0.714685 
0.728759 
0.741604 
0.752267 
0.761905 
0.771507 
0.779863 
0.785764 
0.788000 
0.788000 
0.788000 
0.788000 
0.788000 
0.788000 
0.790944 
0.798677 
0.809551 
0.821919 
0.834133 
0.847848 
0.864488 
0.882056 
0.898559 
0.912000 
0.923022 
0.933332 
0.942531 
0.950220 
0.956000 
0.959776 
0.962336 
0.964607 
0.967519 
0.972000 
0.986799 
1.014029 
1.044660 
1.069660 
1.080000 
1.074794 
1.061503 
1.043615 
1.024618 
1.008000 
0.994062 
0.980479 
0.966798 
0.952567 
0.937333 
0.921298 
0.904663 
0.886980 
0.867797 
0.846667 
0.821134 
0.791015 
0.759261 
0.728828 
0.702667 
0.681281 
0.662318 
0.644448 
0.626341 
0.606667 
0.581365 
0.551255 
0.522330 
0.500581 
0.492000 
0.497479 
0.511723 
0.531440 
0.553340 
0.574133 
0.593945 
0.615185 
0.637985 
0.662480 
0.688800 
0.719846 
0.755934 
0.793326 
0.828283 
0.857067 
0.882699 
0.908463 
0.931011 
0.946995 
0.953067 
0.952309 
0.950165 
0.946827 
0.942485 
0.937333 
0.922586 
0.895362 
0.864713 
0.839686 
0.829333 
0.834167 
0.846235 
0.861885 
0.877469 
0.889333 
0.897084 
0.903427 
0.909360 
0.915884 
0.924000 
0.934557 
0.947350 
0.961798 
0.977320 
0.993333 
1.013544 
1.038505 
1.062907 
1.081442 
1.088800 
1.082283 
1.066741 
1.048192 
1.032651 
1.026133 
1.031625 
1.044719 
1.060348 
1.073442 
1.078933 
1.073974 
1.061059 
1.043130 
1.023130 
1.004000 
0.985401 
0.965130 
0.943331 
0.920150 
0.895733 
