0.076000 
0.076000 
0.076000 
0.076000 
0.076000 
0.076000 
0.076000 
0.076000 
0.076000 
0.076000 
0.076000 
0.076000 
0.076000 
0.076000 
0.076000 
0.078492 
0.085364 
0.095711 
0.108625 
0.123200 
0.152502 
0.200532 
0.252792 
0.294781 
0.312000 
0.312000 
0.312000 
0.312000 
0.312000 
0.312000 
0.312000 
0.312000 
0.312000 
0.312000 
0.312000 
0.312000 
0.312000 
0.312000 
0.312000 
0.312000 
0.294781 
0.252792 
0.200532 
0.152502 
0.123200 
0.108625 
0.095711 
0.085364 
0.078492 
0.076000 
0.076000 
0.076000 
0.076000 
0.076000 
0.076000 
0.076000 
0.076000 
0.076000 
0.076000 
0.076000 
0.076000 
0.076000 
0.076000 
0.076000 
0.076000 
0.076000 
0.076000 
0.076000 
0.076000 
0.076000 
0.076000 
0.076000 
0.076000 
0.076000 
0.076000 
0.076000 
0.076000 
0.076000 
0.076000 
0.076000 
0.076000 
0.076000 
0.076000 
0.076000 
0.076000 
0.076000 
0.076000 
0.076000 
0.076000 
0.076000 
0.076000 
0.076000 
0.076000 
0.076000 
0.076000 
0.076000 
0.076000 
0.076000 
0.076000 
0.076000 
0.092686 
0.134793 
0.190398 
0.247575 
0.294400 
0.335734 
0.379816 
0.419792 
0.448805 
0.460000 
0.460000 
0.460000 
0.460000 
0.460000 
0.460000 
0.460000 
0.460000 
0.460000 
0.460000 
0.460000 
0.447078 
0.413907 
0.368876 
0.320377 
0.276800 
0.231392 
0.178528 
0.128288 
0.090752 
0.076000 
0.076000 
0.076000 
0.076000 
0.076000 
0.076000 
0.076000 
0.076000 
0.076000 
0.076000 
0.076000 
0.076000 
0.076000 
0.076000 
0.076000 
0.076000 
0.076000 
0.076000 
0.076000 
0.076000 
0.076000 
0.076000 
0.076000 
0.076000 
0.076000 
0.076000 
0.076000 
0.076000 
0.076000 
0.076000 
0.076000 
0.076000 
0.076000 
0.076000 
0.076000 
0.076000 
0.076000 
0.076000 
0.076000 
0.076000 
0.076000 
0.076000 
0.076000 
0.076000 
0.076000 
0.076000 
0.098861 
0.154022 
0.221353 
0.280723 
0.312000 
0.320296 
0.325447 
0.329411 
0.334143 
0.341600 
0.359976 
0.390097 
0.422870 
0.449202 
0.460000 
0.460000 
0.460000 
0.460000 
0.460000 
0.460000 
0.450385 
0.425491 
0.391245 
0.353573 
0.318400 
0.281764 
0.239502 
0.197237 
0.160595 
0.135200 
0.117589 
0.101476 
0.088248 
0.079293 
0.076000 
0.076000 
0.076000 
0.076000 
0.076000 
0.076000 
0.076000 
0.076000 
0.076000 
0.076000 
0.076000 
0.076000 
0.076000 
0.076000 
0.076000 
0.076000 
0.076000 
0.076000 
0.076000 
0.076000 
0.076000 
0.076000 
0.076000 
0.076000 
0.076000 
0.076000 
0.076000 
0.076000 
0.076000 
0.076000 
0.076000 
0.076000 
0.076000 
0.076000 
0.076000 
0.076000 
0.076000 
0.076000 
0.076000 
0.076000 
0.076000 
0.079884 
0.090019 
0.104132 
0.119950 
0.135200 
0.153528 
0.176687 
0.199562 
0.217038 
0.224000 
0.224000 
0.224000 
0.224000 
0.224000 
0.224000 
0.224000 
0.224000 
0.224000 
0.224000 
0.224000 
0.213202 
0.186870 
0.154097 
0.123976 
0.105600 
0.096460 
0.088361 
0.081873 
0.077563 
0.076000 
0.076000 
0.076000 
0.076000 
0.076000 
0.076000 
0.076000 
0.076000 
0.076000 
0.076000 
0.076000 
0.076000 
0.076000 
0.076000 
0.076000 
0.076000 
0.076000 
0.076000 
0.076000 
0.076000 
0.076000 
0.076000 
0.076000 
0.076000 
0.076000 
0.076000 
0.076000 
0.076000 
0.076000 
0.076000 
0.076000 
0.094063 
0.139406 
0.198757 
0.258845 
0.306400 
0.345967 
0.387009 
0.423628 
0.449924 
0.460000 
0.460000 
0.460000 
0.460000 
0.460000 
0.460000 
0.460000 
0.460000 
0.460000 
0.460000 
0.460000 
0.445841 
0.409716 
0.361151 
0.309670 
0.264800 
0.220596 
0.170702 
0.124031 
0.089493 
0.076000 
0.076000 
0.076000 
0.076000 
0.076000 
0.076000 
0.076000 
0.076000 
0.076000 
0.076000 
0.076000 
0.076000 
0.076000 
0.076000 
0.076000 
0.076000 
0.076000 
0.076000 
0.076000 
0.076000 
0.076000 
0.076000 
0.076000 
0.076000 
0.076000 
0.076000 
0.076000 
0.076000 
0.076000 
0.076000 
0.076000 
0.076000 
0.076000 
0.076000 
0.076000 
0.076000 
0.076000 
0.076000 
0.076000 
0.076000 
0.076000 
0.077350 
0.081235 
0.087405 
0.095610 
0.105600 
0.141842 
0.213655 
0.298066 
0.372105 
0.412800 
0.428183 
0.441198 
0.451241 
0.457710 
0.460000 
0.460000 
0.460000 
0.460000 
0.460000 
0.460000 
0.454366 
0.439546 
0.418663 
0.394840 
0.371200 
0.345536 
0.315073 
0.282083 
0.248835 
0.217600 
0.184012 
0.146538 
0.111697 
0.086011 
0.076000 
0.076000 
0.076000 
0.076000 
0.076000 
0.076000 
0.076000 
0.076000 
0.076000 
0.076000 
0.076000 
0.076000 
0.076000 
0.076000 
0.076000 
0.076000 
0.084875 
0.106037 
0.131296 
0.152459 
0.161333 
0.160779 
0.159456 
0.157877 
0.156555 
0.156000 
0.158688 
0.165984 
0.176736 
0.189792 
0.204000 
0.228192 
0.265056 
0.304224 
0.335328 
0.348000 
0.344672 
0.336736 
0.327264 
0.319328 
0.316000 
0.316000 
0.316000 
0.316000 
0.316000 
0.316000 
0.322656 
0.338528 
0.357472 
0.373344 
0.380000 
0.375008 
0.363104 
0.348896 
0.336992 
0.332000 
0.332000 
0.332000 
0.332000 
0.332000 
0.332000 
0.353123 
0.406111 
0.475390 
0.545388 
0.600533 
0.640474 
0.676364 
0.709883 
0.742712 
0.776533 
0.816244 
0.860724 
0.902629 
0.934614 
0.949333 
0.952660 
0.955332 
0.957300 
0.958517 
0.958933 
0.957092 
0.951990 
0.944263 
0.934543 
0.923467 
0.899965 
0.860618 
0.817529 
0.782799 
0.768533 
0.778462 
0.802138 
0.830396 
0.854071 
0.864000 
0.860117 
0.850859 
0.839808 
0.830549 
0.826667 
0.828066 
0.831718 
0.836804 
0.842505 
0.848000 
0.854605 
0.862950 
0.871194 
0.877491 
0.880000 
0.876672 
0.868736 
0.859264 
0.851328 
0.848000 
0.850330 
0.855885 
0.862515 
0.868070 
0.870400 
0.869734 
0.868147 
0.866253 
0.864666 
0.864000 
1.058733 
1.531741 
2.116236 
2.645430 
2.952533 
3.077982 
3.177210 
3.255927 
3.319843 
3.374667 
3.417139 
3.447018 
3.474540 
3.509944 
3.563467 
3.741735 
4.071399 
4.442728 
4.745994 
4.871467 
4.643499 
4.099883 
3.451051 
2.907435 
2.679467 
2.686622 
2.703684 
2.724049 
2.741111 
2.748267 
2.571734 
2.145164 
1.623100 
1.160087 
0.910667 
0.827140 
0.759019 
0.706660 
0.670423 
0.650667 
0.641273 
0.634883 
0.629990 
0.625086 
0.618667 
0.608759 
0.596241 
0.583876 
0.574430 
0.570667 
0.570667 
0.570667 
0.570667 
0.570667 
0.570667 
0.570667 
0.570667 
0.570667 
0.570667 
0.570667 
0.737376 
1.155852 
1.703613 
2.258178 
2.697067 
3.062240 
3.441023 
3.778979 
4.021672 
4.114667 
4.114667 
4.114667 
4.114667 
4.114667 
4.114667 
4.114667 
4.114667 
4.114667 
4.114667 
4.114667 
4.114667 
4.114667 
4.114667 
4.114667 
4.114667 
4.119019 
4.130827 
4.148219 
4.169323 
4.192267 
4.224924 
4.271598 
4.325063 
4.378095 
4.423467 
4.466150 
4.511342 
4.552151 
4.581690 
4.593067 
4.583249 
4.559838 
4.531895 
4.508484 
4.498667 
4.498667 
4.498667 
4.498667 
4.498667 
4.498667 
4.479178 
4.430504 
4.367334 
4.304359 
4.256267 
4.227142 
4.206134 
4.185529 
4.157611 
4.114667 
3.903987 
3.463095 
2.919622 
2.401202 
2.035467 
1.806355 
1.609245 
1.438931 
1.290207 
1.157867 
1.034061 
0.917884 
0.814544 
0.729247 
0.667200 
0.619847 
0.577091 
0.541823 
0.516940 
0.505333 
0.501662 
0.498697 
0.496500 
0.495136 
0.494667 
0.496192 
0.499829 
0.504171 
0.507808 
0.509333 
0.506097 
0.497704 
0.486129 
0.473347 
0.461333 
0.450113 
0.438279 
0.425654 
0.412064 
0.397333 
0.377519 
0.352482 
0.327753 
0.308860 
0.301333 
0.306568 
0.320588 
0.340871 
0.364894 
0.390133 
0.421883 
0.463822 
0.511007 
0.558492 
0.601333 
0.634145 
0.660323 
0.688096 
0.725690 
0.781333 
1.099452 
1.760557 
2.527003 
3.161143 
3.425333 
3.418511 
3.402242 
3.382825 
3.366556 
3.359733 
3.373628 
3.406761 
3.446306 
3.479439 
3.493333 
3.472632 
3.414802 
3.326256 
3.213407 
3.082667 
2.797688 
2.308222 
1.749833 
1.258082 
0.968533 
0.836924 
0.728369 
0.642500 
0.578944 
0.537333 
0.510691 
0.490578 
0.474426 
0.459667 
0.443733 
0.424850 
0.404694 
0.385872 
0.370993 
0.362667 
0.358743 
0.355432 
0.352884 
0.351246 
0.350667 
0.350845 
0.351360 
0.352187 
0.353298 
0.354667 
0.361166 
0.374512 
0.389941 
0.402691 
0.408000 
0.408000 
0.408000 
0.408000 
0.408000 
0.408000 
0.410400 
0.416693 
0.425519 
0.435519 
0.445333 
0.454302 
0.463560 
0.474440 
0.488276 
0.506400 
0.550341 
0.626990 
0.715721 
0.795911 
0.846933 
0.873658 
0.895407 
0.913233 
0.928191 
0.941333 
0.954298 
0.967010 
0.977961 
0.985638 
0.988533 
0.985808 
0.977989 
0.965613 
0.949216 
0.929333 
0.861661 
0.729312 
0.573945 
0.437221 
0.360800 
0.333278 
0.313318 
0.297679 
0.283120 
0.266400 
0.244499 
0.219578 
0.196166 
0.178797 
0.172000 
0.172000 
0.172000 
0.172000 
0.172000 
0.172000 
0.181818 
0.205229 
0.233171 
0.256582 
0.266400 
0.256582 
0.233171 
0.205229 
0.181818 
0.172000 
0.176640 
0.189696 
0.209873 
0.235873 
0.266400 
0.345932 
0.488790 
0.648441 
0.778355 
0.832000 
0.753376 
0.565888 
0.342112 
0.154624 
0.076000 
0.076000 
0.076000 
0.076000 
0.076000 
0.076000 
0.076000 
0.076000 
0.076000 
0.076000 
0.076000 
0.088922 
0.122093 
0.167124 
0.215623 
0.259200 
0.304608 
0.357472 
0.407712 
0.445248 
0.460000 
0.460000 
0.460000 
0.460000 
0.460000 
0.460000 
0.460000 
0.460000 
0.460000 
0.460000 
0.460000 
0.450429 
0.425368 
0.390292 
0.350677 
0.312000 
0.264171 
0.202732 
0.141608 
0.094723 
0.076000 
0.076000 
0.076000 
0.076000 
0.076000 
0.076000 
0.115614 
0.210385 
0.324201 
0.420954 
0.464533 
0.468452 
0.470852 
0.472574 
0.474455 
0.477333 
0.481666 
0.487224 
0.493814 
0.501248 
0.509333 
0.520916 
0.536464 
0.552220 
0.564429 
0.569333 
0.560764 
0.540329 
0.515938 
0.495503 
0.486933 
0.510844 
0.567881 
0.636003 
0.693168 
0.717333 
0.717570 
0.717691 
0.717775 
0.717897 
0.718133 
0.743852 
0.804720 
0.877262 
0.938003 
0.963467 
0.914767 
0.798637 
0.660030 
0.543900 
0.495200 
0.504954 
0.530041 
0.564198 
0.601161 
0.634667 
0.660538 
0.682999 
0.708391 
0.743055 
0.793333 
1.135818 
1.865455 
2.716117 
3.421674 
3.716000 
3.370684 
2.543893 
1.549360 
0.700818 
0.312000 
0.262472 
0.223005 
0.194142 
0.176426 
0.170400 
0.497143 
1.276612 
2.207669 
2.989178 
3.320000 
3.323796 
3.325780 
3.327146 
3.329088 
3.332800 
3.389050 
3.515963 
3.665764 
3.790679 
3.842933 
3.823044 
3.767831 
3.683976 
3.578160 
3.457067 
3.237138 
2.878955 
2.455403 
2.039367 
1.703733 
1.421997 
1.139687 
0.887738 
0.697086 
0.598667 
0.561901 
0.534119 
0.513120 
0.496703 
0.482667 
0.468983 
0.455993 
0.445044 
0.437486 
0.434667 
0.446561 
0.476866 
0.517518 
0.560451 
0.597600 
0.633723 
0.674209 
0.711940 
0.739799 
0.750667 
0.747893 
0.741280 
0.733387 
0.726773 
0.724000 
0.725664 
0.729632 
0.734368 
0.738336 
0.740000 
0.739295 
0.737276 
0.734090 
0.729883 
0.724800 
0.707071 
0.672707 
0.633527 
0.601352 
0.588000 
0.588000 
0.588000 
0.588000 
0.588000 
0.588000 
0.588000 
0.588000 
0.588000 
0.588000 
0.588000 
0.588000 
0.588000 
0.588000 
0.588000 
0.588000 
0.590869 
0.598656 
0.610128 
0.624053 
0.639200 
0.659427 
0.687588 
0.720942 
0.756749 
0.792267 
0.834816 
0.886446 
0.936507 
0.974352 
0.989333 
0.985357 
0.974555 
0.958622 
0.939251 
0.918133 
0.881929 
0.826581 
0.767708 
0.720930 
0.701867 
0.782237 
0.978189 
1.221982 
1.445877 
1.582133 
1.649500 
1.709119 
1.756842 
1.788519 
1.800000 
1.786256 
1.749807 
1.697830 
1.637503 
1.576000 
1.496651 
1.391702 
1.281708 
1.187223 
1.128800 
1.101587 
1.083280 
1.068260 
1.050906 
1.025600 
0.976039 
0.901599 
0.820181 
0.749682 
0.708000 
0.687708 
0.670131 
0.656301 
0.647247 
0.644000 
0.654995 
0.682894 
0.720069 
0.758891 
0.791733 
0.822412 
0.856076 
0.887095 
0.909835 
0.918667 
0.918667 
0.918667 
0.918667 
0.918667 
0.918667 
0.912510 
0.897828 
0.880305 
0.865623 
0.859467 
1.014662 
1.384745 
1.826455 
2.196538 
2.351733 
2.164760 
1.717341 
1.179728 
0.722175 
0.514933 
0.491896 
0.473601 
0.460264 
0.452102 
0.449333 
0.453563 
0.465947 
0.486030 
0.513355 
0.547467 
0.771968 
1.253298 
1.815258 
2.281648 
2.476267 
2.328725 
1.976896 
1.556971 
1.205141 
1.057600 
1.079431 
1.133994 
1.204894 
1.275739 
1.330133 
1.373074 
1.416605 
1.454907 
1.482156 
1.492533 
1.489008 
1.479911 
1.467455 
1.453858 
1.441333 
1.430560 
1.420016 
1.408619 
1.395286 
1.378933 
1.354103 
1.319559 
1.280550 
1.242325 
1.210133 
1.180572 
1.149742 
1.122146 
1.102287 
1.094667 
1.097995 
1.105931 
1.115403 
1.123339 
1.126667 
1.120011 
1.104139 
1.085195 
1.069323 
1.062667 
1.067560 
1.080354 
1.098221 
1.118335 
1.137867 
1.161725 
1.192155 
1.222336 
1.245447 
1.254667 
1.246347 
1.226507 
1.202827 
1.182987 
1.174667 
1.176969 
1.182458 
1.189009 
1.194498 
1.196800 
1.193555 
1.185818 
1.176582 
1.168845 
1.165600 
1.177914 
1.207277 
1.242323 
1.271686 
1.284000 
1.275125 
1.253963 
1.228704 
1.207541 
1.198667 
1.199526 
1.201577 
1.204023 
1.206074 
1.206933 
1.200384 
1.183031 
1.158311 
1.129666 
1.100533 
1.060668 
1.006429 
0.951162 
0.908215 
0.890933 
0.892729 
0.897493 
0.904292 
0.912195 
0.920267 
0.931445 
0.946754 
0.962394 
0.974565 
0.979467 
0.969954 
0.947270 
0.920196 
0.897513 
0.888000 
0.895211 
0.912405 
0.932928 
0.950123 
0.957333 
0.950642 
0.934061 
0.912824 
0.892170 
0.877333 
0.866934 
0.856861 
0.848254 
0.842254 
0.840000 
0.844134 
0.854108 
0.866283 
0.877016 
0.882667 
0.884120 
0.884964 
0.885615 
0.886488 
0.888000 
0.895097 
0.909488 
0.926731 
0.942382 
0.952000 
0.956301 
0.959398 
0.961946 
0.964595 
0.968000 
0.973333 
0.980267 
0.987200 
0.992533 
0.994667 
0.987057 
0.967358 
0.940264 
0.910469 
0.882667 
0.851481 
0.813618 
0.776894 
0.749126 
0.738133 
0.766406 
0.839878 
0.941535 
1.054359 
1.161333 
1.266781 
1.383110 
1.505435 
1.628872 
1.748533 
1.882604 
2.034347 
2.176495 
2.281779 
2.322933 
2.206471 
1.924383 
1.577619 
1.267131 
1.093867 
1.032531 
0.986764 
0.950917 
0.919345 
0.886400 
0.847531 
0.806200 
0.768784 
0.741659 
0.731200 
0.745638 
0.781597 
0.828044 
0.873944 
0.908267 
0.928352 
0.942526 
0.956230 
0.974907 
1.004000 
1.192127 
1.588509 
2.049495 
2.431432 
2.590667 
2.438522 
2.075714 
1.642686 
1.279878 
1.127733 
1.186417 
1.326355 
1.493378 
1.633316 
1.692000 
1.691438 
1.689758 
1.686974 
1.683095 
1.678133 
1.507992 
1.110223 
0.637311 
0.241742 
0.076000 
0.076000 
0.076000 
0.076000 
0.076000 
0.076000 
0.100544 
0.159072 
0.228928 
0.287456 
0.312000 
0.312000 
0.312000 
0.312000 
0.312000 
0.312000 
0.312000 
0.312000 
0.312000 
0.312000 
0.312000 
0.312000 
0.312000 
0.312000 
0.312000 
0.312000 
0.300899 
0.273032 
0.236556 
0.199626 
0.170400 
0.146083 
0.120859 
0.098354 
0.082193 
0.076000 
0.076000 
0.076000 
0.076000 
0.076000 
0.076000 
0.076000 
0.076000 
0.076000 
0.076000 
0.076000 
0.076000 
0.076000 
0.076000 
0.076000 
0.076000 
0.076000 
0.076000 
0.076000 
0.076000 
0.076000 
